#Depth	DEN	GR	RT	RI	RXO	SP
56.000	-9999.000	-9999.000	-9999.000	-9999.000	-9999.000	0.000
56.125	-9999.000	-9999.000	-9999.000	-9999.000	-9999.000	0.000
56.250	-9999.000	-9999.000	-9999.000	-9999.000	-9999.000	0.000
56.375	-9999.000	-9999.000	-9999.000	-9999.000	-9999.000	30.032
56.500	-9999.000	-9999.000	-9999.000	-9999.000	-9999.000	60.353
56.625	-9999.000	-9999.000	-9999.000	-9999.000	-9999.000	60.724
56.750	-9999.000	-9999.000	-9999.000	-9999.000	-9999.000	60.942
56.875	-9999.000	-9999.000	-9999.000	-9999.000	-9999.000	61.081
57.000	-9999.000	-9999.000	-9999.000	-9999.000	-9999.000	61.096
57.125	-9999.000	-9999.000	-9999.000	-9999.000	-9999.000	61.023
57.250	-9999.000	-9999.000	-9999.000	-9999.000	-9999.000	60.928
57.375	-9999.000	-9999.000	-9999.000	-9999.000	-9999.000	60.751
57.500	-9999.000	-9999.000	-9999.000	-9999.000	-9999.000	60.506
57.625	-9999.000	15.285	1.021	0.099	0.176	60.321
57.750	-9999.000	15.285	1.021	0.099	0.176	60.225
57.875	-9999.000	59.605	4.081	0.392	0.710	60.177
58.000	-9999.000	57.238	4.048	0.386	0.727	60.249
58.125	0.000	58.046	3.954	0.374	0.745	60.351
58.250	0.000	60.792	3.758	0.359	0.758	60.374
58.375	1.088	61.974	3.465	0.346	0.757	60.400
58.500	2.176	60.207	3.086	0.335	0.748	60.536
58.625	2.176	57.170	2.662	0.327	0.739	60.724
58.750	2.181	54.732	2.272	0.320	0.738	61.030
58.875	2.192	52.406	1.943	0.312	0.744	61.426
59.000	2.199	49.769	1.660	0.306	0.757	61.734
59.125	2.190	48.486	1.409	0.307	0.767	61.926
59.250	2.163	50.528	1.222	0.318	0.770	62.016
59.375	2.135	53.894	1.125	0.335	0.765	61.960
59.500	2.113	56.574	1.099	0.349	0.756	61.674
59.625	2.096	57.846	1.091	0.354	0.748	61.297
59.750	2.086	57.494	1.032	0.344	0.747	60.794
59.875	2.092	57.234	0.917	0.323	0.752	60.116
60.000	2.122	56.720	0.793	0.299	0.755	59.320
60.125	2.174	54.452	0.723	0.279	0.761	58.526
60.250	2.243	50.726	0.733	0.267	0.773	57.760
60.375	2.309	49.485	0.759	0.256	0.792	56.955
60.500	2.361	51.853	0.737	0.241	0.812	56.177
60.625	2.404	55.857	0.621	0.217	0.829	55.322
60.750	2.467	60.386	0.394	0.184	0.842	54.101
60.875	2.559	64.561	0.166	0.152	0.854	52.392
61.000	2.661	65.902	0.033	0.130	0.892	50.043
61.125	2.701	64.193	0.017	0.127	1.012	46.820
61.250	2.591	64.095	0.127	0.166	1.395	42.634
61.375	2.425	69.515	0.371	0.273	2.128	37.970
61.500	2.294	79.294	0.797	0.497	3.198	32.925
61.625	2.240	90.240	1.441	0.890	4.475	27.582
61.750	2.257	98.486	2.296	1.516	5.500	22.275
61.875	2.287	103.547	3.190	2.314	5.906	17.300
62.000	2.312	107.143	3.943	3.202	5.973	12.811
62.125	2.331	111.113	4.426	4.081	6.047	8.997
62.250	2.351	113.887	4.713	4.902	6.601	6.020
62.375	2.366	113.764	5.083	5.708	7.853	3.494
62.500	2.359	111.270	5.617	6.512	9.822	1.184
62.625	2.317	108.213	6.236	7.254	12.216	-0.964
62.750	2.257	105.873	6.753	7.784	13.793	-2.982
62.875	2.217	103.030	7.018	8.042	13.415	-5.011
63.000	2.205	99.439	6.993	8.041	11.485	-6.958
63.125	2.209	96.888	6.801	7.881	9.607	-8.752
63.250	2.215	96.733	6.656	7.703	8.746	-10.538
63.375	2.215	97.339	6.662	7.614	8.442	-12.399
63.500	2.202	96.641	6.804	7.637	8.444	-14.238
63.625	2.181	92.884	7.026	7.741	8.650	-16.016
63.750	2.164	86.686	7.259	7.867	9.225	-17.833
63.875	2.162	80.897	7.466	7.972	9.752	-19.534
64.000	2.170	75.971	7.678	8.085	9.960	-21.130
64.125	2.177	71.556	8.015	8.330	9.972	-22.790
64.250	2.191	69.617	8.771	9.010	10.090	-24.448
64.375	2.236	70.536	10.119	10.308	10.850	-25.882
64.500	2.327	71.282	12.095	12.266	13.845	-27.151
64.625	2.438	69.615	14.411	14.622	19.947	-28.296
64.750	2.460	67.084	16.293	16.649	27.380	-29.233
64.875	2.358	65.904	16.938	17.562	34.224	-30.112
65.000	2.220	65.895	15.903	16.915	35.066	-30.981
65.125	2.129	66.184	13.629	14.960	23.723	-31.677
65.250	2.102	66.006	11.344	12.621	14.276	-32.126
65.375	2.098	65.214	9.752	10.732	11.331	-32.507
65.500	2.094	64.035	8.856	9.479	10.425	-32.742
65.625	2.087	63.718	8.470	8.794	10.131	-32.794
65.750	2.081	65.766	8.409	8.554	10.127	-32.764
65.875	2.081	67.628	8.451	8.510	10.344	-32.706
66.000	2.082	67.151	8.508	8.544	10.490	-32.547
66.125	2.082	65.565	8.543	8.588	10.525	-32.349
66.250	2.078	65.624	8.546	8.603	10.626	-32.265
66.375	2.068	66.603	8.525	8.580	10.757	-32.205
66.500	2.055	66.928	8.486	8.520	10.851	-32.159
66.625	2.046	66.133	8.436	8.432	10.870	-32.208
66.750	2.044	65.474	8.385	8.328	10.806	-32.378
66.875	2.040	66.276	8.341	8.224	10.681	-32.541
67.000	2.028	68.512	8.306	8.126	10.468	-32.727
67.125	2.007	70.282	8.278	8.034	10.223	-33.002
67.250	1.977	70.392	8.253	7.944	9.855	-33.218
67.375	1.950	70.354	8.224	7.856	9.436	-33.340
67.500	1.948	70.389	8.196	7.771	9.046	-33.476
67.625	1.984	70.250	8.178	7.697	8.857	-33.618
67.750	2.042	69.354	8.185	7.647	9.164	-33.600
67.875	2.084	68.747	8.221	7.623	9.565	-33.554
68.000	2.095	68.677	8.285	7.626	9.817	-33.513
68.125	2.075	68.623	8.374	7.651	10.053	-33.362
68.250	2.023	68.592	8.472	7.683	10.417	-33.095
68.375	1.950	68.514	8.551	7.699	10.800	-32.834
68.500	1.870	68.228	8.590	7.681	11.101	-32.504
68.625	1.810	67.152	8.585	7.625	11.160	-32.025
68.750	1.816	65.751	8.543	7.544	10.865	-31.505
68.875	1.882	65.231	8.502	7.470	10.320	-30.960
69.000	1.975	66.847	8.485	7.427	10.020	-30.328
69.125	2.053	69.991	8.502	7.426	10.097	-29.639
69.250	2.088	73.803	8.552	7.470	10.327	-28.998
69.375	2.101	77.396	8.626	7.538	10.539	-28.317
69.500	2.116	79.871	8.720	7.617	10.695	-27.554
69.625	2.154	80.183	8.835	7.697	10.787	-26.819
69.750	2.209	79.574	8.966	7.762	10.875	-26.143
69.875	2.244	79.959	9.092	7.804	10.938	-25.424
70.000	2.244	80.270	9.184	7.814	10.933	-24.692
70.125	2.222	79.025	9.206	7.774	10.819	-24.054
70.250	2.194	78.368	9.098	7.649	10.586	-23.453
70.375	2.171	80.871	8.849	7.424	10.270	-22.839
70.500	2.174	85.718	8.463	7.096	9.910	-22.304
70.625	2.215	90.824	8.006	6.700	9.496	-21.905
70.750	2.284	96.355	7.668	6.347	8.912	-21.590
70.875	2.351	100.919	7.705	6.208	8.435	-21.399
71.000	2.401	102.286	8.371	6.478	8.515	-21.423
71.125	2.430	100.838	9.822	7.324	9.762	-21.551
71.250	2.425	97.474	12.035	8.886	14.278	-21.869
71.375	2.370	91.617	14.381	10.811	23.060	-22.537
71.500	2.258	82.885	16.154	12.617	34.211	-23.471
71.625	2.124	74.974	16.675	13.691	45.196	-24.499
71.750	2.035	72.795	15.432	13.342	47.339	-25.670
71.875	2.009	72.982	13.261	11.977	35.820	-26.883
72.000	2.025	73.005	11.073	10.290	20.897	-27.972
72.125	2.054	72.861	9.498	8.863	12.950	-28.992
72.250	2.080	73.701	8.780	7.996	11.365	-29.895
72.375	2.102	74.114	8.579	7.550	11.138	-30.502
72.500	2.117	72.088	8.646	7.388	11.186	-30.890
72.625	2.119	67.941	8.791	7.381	11.109	-31.097
72.750	2.103	63.879	8.897	7.430	11.031	-31.082
72.875	2.081	61.676	8.952	7.480	10.942	-31.003
73.000	2.061	61.683	8.976	7.523	10.833	-30.896
73.125	2.057	63.155	8.986	7.562	10.736	-30.725
73.250	2.084	64.950	8.980	7.584	10.646	-30.560
73.375	2.130	67.355	8.949	7.576	10.661	-30.450
73.500	2.170	69.818	8.889	7.528	10.761	-30.418
73.625	2.188	71.017	8.813	7.443	10.929	-30.542
73.750	2.186	71.658	8.755	7.344	11.110	-30.749
73.875	2.175	73.120	8.748	7.266	11.219	-30.981
74.000	2.161	75.736	8.803	7.228	11.305	-31.273
74.125	2.149	78.026	8.907	7.233	11.396	-31.616
74.250	2.141	78.350	9.018	7.272	11.485	-31.880
74.375	2.128	76.562	9.088	7.312	11.483	-31.998
74.500	2.113	74.117	9.097	7.331	11.415	-31.996
74.625	2.100	72.934	9.045	7.315	11.264	-31.891
74.750	2.094	72.058	8.948	7.257	11.056	-31.665
74.875	2.091	70.293	8.837	7.171	10.809	-31.348
75.000	2.089	68.678	8.733	7.074	10.612	-31.062
75.125	2.089	68.418	8.656	6.984	10.487	-30.804
75.250	2.092	68.791	8.628	6.918	10.422	-30.516
75.375	2.100	67.849	8.641	6.876	10.395	-30.374
75.500	2.110	65.769	8.678	6.854	10.365	-30.278
75.625	2.116	64.957	8.711	6.842	10.223	-30.176
75.750	2.116	67.449	8.700	6.829	10.092	-30.185
75.875	2.110	70.218	8.635	6.805	10.073	-30.160
76.000	2.101	70.801	8.526	6.763	10.237	-30.026
76.125	2.095	71.036	8.399	6.703	10.597	-29.840
76.250	2.089	72.664	8.294	6.634	11.045	-29.634
76.375	2.065	72.935	8.231	6.573	11.421	-29.428
76.500	2.025	71.368	8.217	6.533	11.594	-29.240
76.625	1.990	69.777	8.245	6.528	11.248	-29.089
76.750	1.985	69.308	8.308	6.568	10.583	-29.004
76.875	2.004	68.783	8.390	6.647	10.330	-28.989
77.000	2.033	67.438	8.478	6.755	10.614	-29.037
77.125	2.062	66.405	8.552	6.874	11.197	-29.163
77.250	2.081	66.952	8.586	6.973	11.595	-29.359
77.375	2.087	67.847	8.571	7.028	11.707	-29.565
77.500	2.088	68.162	8.514	7.029	11.578	-29.712
77.625	2.094	68.466	8.434	6.978	11.308	-29.785
77.750	2.109	70.054	8.356	6.896	11.026	-29.668
77.875	2.119	70.797	8.292	6.816	10.934	-29.370
78.000	2.119	69.630	8.230	6.757	11.002	-28.889
78.125	2.114	68.514	8.151	6.720	10.977	-28.149
78.250	2.113	67.973	8.036	6.691	10.809	-27.003
78.375	2.119	68.900	7.896	6.648	10.651	-25.491
78.500	2.125	71.222	7.759	6.587	10.491	-23.727
78.625	2.127	73.578	7.672	6.529	10.268	-21.631
78.750	2.140	74.223	7.704	6.528	10.127	-19.270
78.875	2.191	75.096	7.829	6.594	10.157	-16.806
79.000	2.278	79.761	7.966	6.682	10.426	-14.333
79.125	2.354	88.259	7.995	6.709	10.850	-11.999
79.250	2.363	97.560	7.750	6.545	11.111	-9.996
79.375	2.341	103.804	7.236	6.165	10.129	-8.414
79.500	2.320	108.234	6.539	5.613	7.463	-7.202
79.625	2.297	114.767	5.831	5.008	5.794	-6.403
79.750	2.255	121.934	5.357	4.532	5.411	-6.129
79.875	2.215	125.054	5.260	4.303	5.393	-6.262
80.000	2.199	121.092	5.632	4.407	5.475	-6.725
80.125	2.216	112.196	6.482	4.877	5.759	-7.471
80.250	2.264	103.606	7.721	5.709	6.542	-8.466
80.375	2.317	96.969	8.991	6.678	7.727	-9.552
80.500	2.348	90.292	9.942	7.541	9.001	-10.689
80.625	2.346	83.409	10.282	8.042	9.881	-11.853
80.750	2.329	82.003	9.858	7.947	9.356	-12.984
80.875	2.315	86.810	9.107	7.488	8.357	-14.111
81.000	2.299	92.337	8.455	6.970	7.577	-15.326
81.125	2.271	92.893	8.184	6.647	7.536	-16.614
81.250	2.222	86.803	8.388	6.666	8.427	-17.934
81.375	2.158	79.760	8.818	6.926	9.780	-19.211
81.500	2.075	74.942	9.267	7.309	11.146	-20.465
81.625	1.972	72.068	9.581	7.690	11.863	-21.686
81.750	1.872	69.977	9.692	7.964	11.614	-22.797
81.875	1.808	68.577	9.712	8.142	11.296	-23.660
82.000	1.789	67.689	9.749	8.270	11.055	-24.139
82.125	1.797	66.223	9.875	8.403	11.025	-24.200
82.250	1.813	64.143	10.093	8.564	11.308	-23.794
82.375	1.828	62.138	10.293	8.702	11.599	-23.022
82.500	1.841	61.205	10.346	8.729	11.601	-21.948
82.625	1.859	61.533	10.124	8.542	11.233	-20.587
82.750	1.910	61.688	9.490	8.021	10.464	-18.849
82.875	2.011	63.069	8.562	7.246	9.353	-17.041
83.000	2.147	68.380	7.529	6.354	7.935	-15.283
83.125	2.276	78.772	6.672	5.545	6.502	-13.623
83.250	2.348	90.652	6.414	5.101	5.697	-12.311
83.375	2.385	97.745	6.912	5.149	5.727	-11.398
83.500	2.409	98.367	8.218	5.774	6.828	-10.857
83.625	2.419	92.953	10.178	6.967	9.202	-10.760
83.750	2.393	84.610	12.342	8.571	12.560	-11.302
83.875	2.333	77.803	13.998	10.096	15.820	-12.241
84.000	2.259	74.445	14.597	11.066	17.020	-13.376
84.125	2.199	74.726	13.946	11.142	14.391	-14.508
84.250	2.173	76.587	12.382	10.313	11.074	-15.445
84.375	2.172	77.002	10.809	9.235	9.794	-16.135
84.500	2.188	75.835	9.636	8.285	9.519	-16.559
84.625	2.207	75.449	8.908	7.593	9.499	-16.663
84.750	2.210	78.477	8.502	7.143	9.261	-16.321
84.875	2.189	82.335	8.220	6.811	8.766	-15.738
85.000	2.141	85.724	8.016	6.553	8.033	-15.123
85.125	2.076	88.549	7.901	6.369	7.278	-14.551
85.250	2.029	88.773	7.890	6.277	7.022	-14.085
85.375	2.023	86.546	7.929	6.244	7.365	-13.736
85.500	2.058	84.413	7.989	6.246	7.738	-13.451
85.625	2.117	84.329	8.086	6.284	7.918	-13.318
85.750	2.177	87.223	8.307	6.413	7.879	-13.647
85.875	2.218	91.609	8.698	6.672	8.006	-14.322
86.000	2.235	93.491	9.253	7.068	8.903	-15.179
86.125	2.227	88.793	9.877	7.554	10.658	-16.278
86.250	2.197	79.011	10.374	8.008	12.757	-17.570
86.375	2.164	71.343	10.604	8.300	13.871	-18.893
86.500	2.139	68.850	10.534	8.365	13.216	-20.317
86.625	2.122	69.777	10.252	8.223	11.881	-21.808
86.750	2.107	71.340	9.930	7.964	11.318	-22.980
86.875	2.096	72.204	9.707	7.721	11.189	-23.810
87.000	2.094	72.219	9.610	7.546	11.138	-24.351
87.125	2.096	72.080	9.599	7.439	11.096	-24.530
87.250	2.096	72.694	9.602	7.374	11.041	-24.344
87.375	2.093	73.573	9.564	7.316	10.896	-24.017
87.500	2.089	73.767	9.457	7.248	10.623	-23.512
87.625	2.087	73.284	9.271	7.160	10.248	-22.772
87.750	2.086	74.560	9.014	7.042	9.763	-21.948
87.875	2.088	78.050	8.736	6.904	9.216	-21.115
88.000	2.089	81.639	8.489	6.769	8.805	-20.245
88.125	2.086	82.902	8.319	6.670	8.522	-19.379
88.250	2.080	82.272	8.267	6.645	8.318	-18.658
88.375	2.080	83.210	8.302	6.684	8.444	-17.944
88.500	2.082	85.781	8.386	6.764	8.752	-17.258
88.625	2.084	87.468	8.476	6.853	9.233	-16.583
88.750	2.100	88.238	8.538	6.918	9.438	-15.800
88.875	2.138	89.363	8.571	6.951	9.034	-14.987
89.000	2.186	89.835	8.570	6.944	8.423	-14.124
89.125	2.216	88.169	8.520	6.887	8.046	-13.196
89.250	2.207	86.235	8.362	6.743	7.997	-12.212
89.375	2.180	86.469	8.084	6.507	7.858	-11.285
89.500	2.160	89.026	7.723	6.196	7.341	-10.455
89.625	2.160	94.416	7.393	5.875	6.708	-9.888
89.750	2.182	100.958	7.340	5.696	6.323	-9.758
89.875	2.209	104.588	7.697	5.779	6.265	-9.869
90.000	2.224	103.875	8.472	6.180	6.779	-10.356
90.125	2.222	100.776	9.501	6.849	8.331	-11.353
90.250	2.217	96.909	10.414	7.602	10.665	-12.732
90.375	2.220	92.510	10.856	8.154	13.148	-14.300
90.500	2.223	87.822	10.651	8.304	14.608	-16.029
90.625	2.221	83.689	9.887	8.004	12.209	-17.688
90.750	2.219	79.871	8.924	7.414	8.736	-19.139
90.875	2.220	76.487	8.186	6.871	7.683	-20.428
91.000	2.218	74.668	7.827	6.537	7.613	-21.393
91.125	2.208	75.065	7.817	6.451	7.868	-21.912
91.250	2.179	76.104	8.035	6.576	8.294	-22.070
91.375	2.132	76.021	8.283	6.769	8.862	-21.994
91.500	2.078	74.988	8.468	6.945	9.466	-21.593
91.625	2.038	74.112	8.552	7.054	9.897	-21.008
91.750	2.044	73.438	8.516	7.066	9.922	-20.297
91.875	2.084	73.820	8.395	6.998	9.573	-19.412
92.000	2.131	76.197	8.209	6.858	9.194	-18.477
92.125	2.153	78.650	7.978	6.657	8.903	-17.590
92.250	2.132	78.473	7.706	6.397	8.592	-16.667
92.375	2.096	77.982	7.407	6.101	8.430	-15.750
92.500	2.075	80.058	7.115	5.799	8.275	-14.980
92.625	2.086	84.626	6.914	5.550	8.080	-14.319
92.750	2.129	88.979	7.006	5.486	7.558	-13.838
92.875	2.181	91.716	7.516	5.706	6.987	-13.742
93.000	2.239	92.753	8.492	6.284	6.998	-13.998
93.125	2.303	92.438	9.816	7.202	8.557	-14.539
93.250	2.336	90.438	11.129	8.296	11.736	-15.521
93.375	2.294	85.716	11.975	9.210	15.439	-16.855
93.500	2.197	78.494	12.053	9.639	18.599	-18.381
93.625	2.115	72.655	11.336	9.421	18.319	-20.081
93.750	2.086	72.687	10.131	8.638	14.318	-21.840
93.875	2.079	76.010	9.029	7.759	12.075	-23.389
94.000	2.071	78.643	8.304	7.052	11.480	-24.763
94.125	2.060	78.124	7.991	6.617	11.355	-25.964
94.250	2.057	76.364	7.997	6.461	11.189	-26.770
94.375	2.061	75.270	8.107	6.448	11.015	-27.280
94.500	2.067	72.818	8.218	6.500	10.901	-27.588
94.625	2.067	68.681	8.292	6.564	10.880	-27.704
94.750	2.065	66.105	8.332	6.622	10.898	-27.711
94.875	2.068	66.261	8.359	6.671	10.971	-27.652
95.000	2.066	66.519	8.372	6.707	11.020	-27.487
95.125	2.050	65.991	8.358	6.719	11.010	-27.234
95.250	2.030	65.558	8.294	6.685	10.976	-26.906
95.375	2.027	65.243	8.183	6.602	10.918	-26.514
95.500	2.035	65.981	8.039	6.475	10.838	-26.039
95.625	2.046	68.532	7.896	6.329	10.816	-25.561
95.750	2.062	71.788	7.816	6.209	10.869	-25.078
95.875	2.077	72.551	7.834	6.152	10.797	-24.618
96.000	2.090	71.176	7.956	6.176	10.656	-24.283
96.125	2.096	70.020	8.158	6.277	10.684	-24.042
96.250	2.077	70.128	8.385	6.429	11.070	-23.917
96.375	2.057	69.402	8.578	6.585	11.603	-23.910
96.500	2.037	67.289	8.721	6.720	11.833	-24.010
96.625	2.015	65.878	8.832	6.834	11.788	-24.164
96.750	2.000	66.175	8.954	6.947	11.658	-24.289
96.875	2.009	66.472	9.102	7.077	11.501	-24.387
97.000	2.043	66.285	9.252	7.215	11.341	-24.393
97.125	2.093	66.846	9.351	7.331	11.183	-24.280
97.250	2.136	69.300	9.326	7.368	10.961	-24.167
97.375	2.164	72.605	9.185	7.315	10.688	-23.975
97.500	2.179	75.717	8.972	7.188	10.412	-23.787
97.625	2.189	77.308	8.755	7.028	10.215	-23.602
97.750	2.193	77.905	8.604	6.890	10.116	-23.407
97.875	2.190	77.179	8.529	6.799	10.164	-23.337
98.000	2.178	74.908	8.510	6.756	10.321	-23.303
98.125	2.157	72.219	8.512	6.743	10.466	-23.346
98.250	2.131	69.565	8.504	6.741	10.607	-23.367
98.375	2.109	67.255	8.484	6.738	10.763	-23.413
98.500	2.096	65.261	8.463	6.738	10.955	-23.473
98.625	2.093	64.986	8.453	6.747	11.134	-23.523
98.750	2.098	67.063	8.454	6.770	11.315	-23.589
98.875	2.105	68.919	8.452	6.803	11.410	-23.584
99.000	2.112	70.295	8.435	6.836	11.434	-23.616
99.125	2.113	71.049	8.397	6.858	11.445	-23.627
99.250	2.110	69.854	8.346	6.858	11.437	-23.671
99.375	2.108	66.893	8.302	6.842	11.404	-23.740
99.500	2.108	64.533	8.281	6.820	11.335	-23.735
99.625	2.107	65.285	8.291	6.807	11.217	-23.712
99.750	2.101	67.918	8.337	6.817	11.133	-23.645
99.875	2.091	68.371	8.390	6.839	11.147	-23.474
100.000	2.081	66.517	8.409	6.848	11.175	-23.166
100.125	2.079	63.620	8.341	6.809	11.113	-22.723
100.250	2.085	62.222	8.130	6.669	10.912	-22.131
100.375	2.105	64.213	7.826	6.445	10.522	-21.442
100.500	2.144	69.344	7.521	6.187	9.864	-20.789
100.625	2.200	76.033	7.340	5.982	9.033	-20.288
100.750	2.248	81.620	7.426	5.950	8.483	-20.024
100.875	2.261	85.996	7.755	6.114	8.722	-20.096
101.000	2.230	87.598	8.259	6.458	9.767	-20.415
101.125	2.177	84.485	8.817	6.916	11.042	-20.917
101.250	2.138	78.518	9.270	7.379	11.880	-21.593
101.375	2.122	74.135	9.539	7.743	11.962	-22.320
101.500	2.111	72.102	9.624	7.966	11.801	-23.071
101.625	2.093	70.610	9.588	8.063	11.740	-23.651
101.750	2.071	69.409	9.525	8.087	11.809	-24.039
101.875	2.053	68.652	9.498	8.102	11.899	-24.127
102.000	2.037	67.267	9.508	8.122	11.879	-23.996
102.125	2.020	65.450	9.527	8.138	11.681	-23.737
102.250	2.019	65.092	9.522	8.129	11.291	-23.378
102.375	2.050	65.354	9.489	8.094	10.757	-22.989
102.500	2.107	65.163	9.440	8.043	10.153	-22.554
102.625	2.165	65.625	9.394	7.992	9.684	-22.107
102.750	2.198	66.969	9.367	7.958	9.449	-21.596
102.875	2.217	68.932	9.365	7.943	9.275	-21.158
103.000	2.233	71.580	9.388	7.947	9.076	-20.747
103.125	2.246	74.400	9.446	7.975	8.963	-20.441
103.250	2.250	75.371	9.571	8.048	9.031	-20.149
103.375	2.252	75.013	9.788	8.189	9.301	-19.922
103.500	2.252	74.884	10.117	8.424	9.828	-19.763
103.625	2.247	74.303	10.544	8.762	10.511	-19.714
103.750	2.226	72.643	10.996	9.177	10.951	-19.772
103.875	2.192	71.286	11.348	9.569	11.188	-19.882
104.000	2.158	70.401	11.499	9.844	11.307	-20.019
104.125	2.138	69.828	11.399	9.931	11.348	-20.129
104.250	2.136	68.772	11.057	9.786	11.477	-20.299
104.375	2.144	67.957	10.627	9.513	11.600	-20.392
104.500	2.154	67.783	10.221	9.201	11.661	-20.453
104.625	2.159	68.854	9.906	8.919	11.678	-20.392
104.750	2.144	70.238	9.696	8.699	11.656	-20.229
104.875	2.110	71.226	9.527	8.515	11.556	-19.961
105.000	2.074	71.985	9.352	8.337	11.351	-19.598
105.125	2.063	73.735	9.154	8.149	11.118	-19.220
105.250	2.094	77.843	8.974	7.974	10.831	-18.849
105.375	2.148	81.235	8.885	7.864	10.577	-18.658
105.500	2.194	80.657	8.938	7.863	10.345	-18.564
105.625	2.216	76.377	9.143	7.986	10.095	-18.634
105.750	2.221	72.770	9.454	8.218	10.191	-18.806
105.875	2.218	72.289	9.751	8.473	11.028	-19.031
106.000	2.211	73.105	9.939	8.678	11.998	-19.397
106.125	2.206	75.019	9.968	8.774	12.498	-19.818
106.250	2.207	78.447	9.829	8.725	12.713	-20.334
106.375	2.199	80.626	9.615	8.582	12.748	-20.743
106.500	2.170	79.167	9.394	8.395	12.272	-21.092
106.625	2.120	74.801	9.208	8.206	11.669	-21.344
106.750	2.060	72.484	9.069	8.042	11.336	-21.611
106.875	2.005	72.005	8.955	7.896	11.226	-21.887
107.000	1.973	71.570	8.865	7.773	11.210	-22.136
107.125	1.974	70.957	8.817	7.688	11.267	-22.363
107.250	2.002	70.831	8.851	7.679	11.241	-22.571
107.375	2.035	70.611	8.969	7.749	11.179	-22.806
107.500	2.065	69.750	9.154	7.892	11.248	-23.018
107.625	2.090	69.027	9.363	8.078	11.515	-23.248
107.750	2.109	69.395	9.532	8.258	11.466	-23.370
107.875	2.120	70.752	9.618	8.385	11.239	-23.477
108.000	2.127	72.656	9.606	8.430	11.056	-23.579
108.125	2.129	73.362	9.505	8.386	10.944	-23.663
108.250	2.126	71.156	9.337	8.251	10.951	-23.686
108.375	2.120	69.323	9.146	8.068	10.987	-23.657
108.500	2.118	70.321	8.962	7.864	11.036	-23.610
108.625	2.124	73.392	8.809	7.669	11.026	-23.505
108.750	2.130	75.868	8.718	7.514	10.913	-23.527
108.875	2.130	76.467	8.692	7.413	10.795	-23.550
109.000	2.129	75.368	8.732	7.377	10.767	-23.537
109.125	2.135	73.058	8.825	7.402	10.717	-23.480
109.250	2.143	71.978	8.952	7.481	10.639	-23.352
109.375	2.149	72.634	9.072	7.576	10.698	-23.236
109.500	2.151	73.285	9.148	7.651	10.871	-23.088
109.625	2.152	72.878	9.148	7.671	11.012	-22.967
109.750	2.151	72.322	9.047	7.600	10.948	-22.754
109.875	2.150	74.071	8.880	7.458	10.686	-22.595
110.000	2.151	78.089	8.688	7.273	10.293	-22.487
110.125	2.158	82.198	8.515	7.088	9.933	-22.479
110.250	2.166	83.546	8.410	6.957	9.731	-22.522
110.375	2.166	83.262	8.373	6.893	9.701	-22.613
110.500	2.154	83.528	8.392	6.892	9.630	-22.751
110.625	2.136	83.715	8.441	6.931	9.738	-22.931
110.750	2.126	81.672	8.495	6.986	9.809	-23.140
110.875	2.124	79.110	8.539	7.037	9.858	-23.206
111.000	2.125	77.626	8.579	7.085	9.907	-23.189
111.125	2.121	77.184	8.631	7.139	10.050	-23.022
111.250	2.104	75.994	8.716	7.211	10.199	-22.682
111.375	2.083	74.511	8.824	7.295	10.313	-22.156
111.500	2.065	74.574	8.925	7.375	10.405	-21.387
111.625	2.060	76.060	8.964	7.415	10.388	-20.349
111.750	2.089	76.693	8.857	7.354	10.261	-19.009
111.875	2.157	77.340	8.587	7.168	10.161	-17.480
112.000	2.251	79.014	8.184	6.858	9.918	-15.800
112.125	2.337	81.963	7.755	6.482	9.313	-13.971
112.250	2.371	85.829	7.506	6.180	8.296	-12.065
112.375	2.357	91.522	7.540	6.063	7.407	-10.251
112.500	2.325	98.103	7.830	6.151	7.446	-8.647
112.625	2.299	100.993	8.214	6.365	8.747	-7.312
112.750	2.284	98.067	8.391	6.529	10.574	-6.291
112.875	2.273	95.086	8.187	6.483	11.621	-5.548
113.000	2.274	96.643	7.608	6.178	10.087	-5.061
113.125	2.294	102.682	6.866	5.712	6.774	-4.816
113.250	2.319	107.735	6.316	5.306	5.630	-4.822
113.375	2.330	109.546	6.112	5.108	5.753	-4.889
113.500	2.324	108.615	6.212	5.136	6.399	-4.993
113.625	2.315	106.683	6.456	5.318	7.046	-5.054
113.750	2.315	105.284	6.621	5.513	7.380	-5.028
113.875	2.320	104.511	6.589	5.586	6.889	-4.996
114.000	2.323	105.510	6.362	5.495	6.295	-4.849
114.125	2.322	107.619	6.029	5.277	5.869	-4.663
114.250	2.322	109.262	5.712	5.013	5.446	-4.462
114.375	2.326	109.808	5.487	4.787	5.224	-4.184
114.500	2.332	110.108	5.369	4.629	5.146	-3.897
114.625	2.333	111.036	5.339	4.537	5.090	-3.589
114.750	2.329	113.589	5.368	4.500	5.028	-3.333
114.875	2.331	118.341	5.414	4.491	4.971	-3.079
115.000	2.343	122.615	5.460	4.499	4.930	-2.863
115.125	2.360	123.036	5.497	4.518	4.951	-2.753
115.250	2.372	120.415	5.523	4.547	4.994	-2.663
115.375	2.378	118.378	5.544	4.579	5.037	-2.646
115.500	2.378	118.322	5.572	4.616	5.091	-2.693
115.625	2.368	119.847	5.624	4.667	5.118	-2.747
115.750	2.346	119.664	5.721	4.749	5.166	-2.840
115.875	2.324	116.290	5.851	4.861	5.345	-2.975
116.000	2.312	112.440	5.984	4.982	5.672	-3.116
116.125	2.312	111.092	6.070	5.076	6.087	-3.241
116.250	2.319	110.683	6.036	5.080	6.331	-3.352
116.375	2.326	109.908	5.875	4.980	6.218	-3.485
116.500	2.332	110.618	5.616	4.787	5.707	-3.604
116.625	2.338	112.957	5.327	4.545	5.100	-3.772
116.750	2.345	114.485	5.102	4.323	4.770	-3.986
116.875	2.350	114.737	4.984	4.166	4.606	-4.160
117.000	2.353	114.181	4.972	4.088	4.602	-4.393
117.125	2.355	114.117	5.038	4.078	4.680	-4.578
117.250	2.362	117.089	5.134	4.114	4.777	-4.788
117.375	2.370	121.406	5.215	4.155	4.801	-5.008
117.500	2.375	122.533	5.258	4.179	4.791	-5.159
117.625	2.376	118.900	5.260	4.176	4.772	-5.341
117.750	2.374	115.743	5.232	4.144	4.747	-5.489
117.875	2.367	115.182	5.203	4.100	4.725	-5.667
118.000	2.354	114.539	5.192	4.060	4.712	-5.878
118.125	2.336	114.068	5.219	4.043	4.715	-6.103
118.250	2.312	115.604	5.336	4.088	4.762	-6.392
118.375	2.285	117.248	5.602	4.233	4.905	-6.735
118.500	2.265	115.064	6.109	4.540	5.195	-7.207
118.625	2.268	107.500	6.944	5.077	5.687	-7.788
118.750	2.309	98.466	8.168	5.928	6.479	-8.437
118.875	2.359	90.557	9.572	6.989	7.486	-9.180
119.000	2.385	84.718	10.874	8.091	8.544	-10.005
119.125	2.371	81.455	11.734	8.977	9.351	-10.901
119.250	2.320	80.861	11.756	9.280	9.340	-11.829
119.375	2.256	81.857	11.078	8.986	8.522	-12.659
119.500	2.200	82.391	10.002	8.259	8.140	-13.310
119.625	2.174	82.650	8.920	7.395	8.137	-13.788
119.750	2.181	83.606	8.177	6.689	8.163	-14.099
119.875	2.198	84.910	7.787	6.225	8.050	-14.294
120.000	2.212	84.624	7.667	5.988	7.852	-14.334
120.125	2.218	82.517	7.698	5.917	7.717	-14.282
120.250	2.213	82.995	7.772	5.952	7.705	-14.133
120.375	2.201	87.082	7.826	6.022	7.743	-13.928
120.500	2.184	90.438	7.850	6.100	7.784	-13.806
120.625	2.163	89.220	7.860	6.177	7.791	-13.672
120.750	2.140	87.143	7.878	6.256	7.839	-13.536
120.875	2.119	87.619	7.919	6.340	8.068	-13.370
121.000	2.102	88.452	7.984	6.432	8.368	-13.116
121.125	2.093	87.990	8.064	6.529	8.651	-12.817
121.250	2.100	86.485	8.147	6.631	8.738	-12.387
121.375	2.122	85.189	8.214	6.732	8.666	-11.859
121.500	2.153	83.603	8.240	6.817	8.527	-11.221
121.625	2.191	82.131	8.195	6.857	8.600	-10.449
121.750	2.229	82.728	8.038	6.815	8.838	-9.616
121.875	2.259	84.411	7.801	6.698	8.942	-8.795
122.000	2.267	86.348	7.531	6.536	8.691	-8.057
122.125	2.252	87.195	7.294	6.378	8.017	-7.440
122.250	2.224	85.578	7.162	6.281	7.388	-7.010
122.375	2.202	82.925	7.133	6.260	7.568	-6.732
122.500	2.193	80.312	7.182	6.300	7.919	-6.573
122.625	2.197	77.708	7.280	6.379	7.873	-6.512
122.750	2.207	75.612	7.418	6.476	7.748	-6.515
122.875	2.223	75.083	7.600	6.587	7.699	-6.461
123.000	2.248	74.569	7.838	6.724	7.828	-6.319
123.125	2.292	72.495	8.114	6.891	8.099	-6.097
123.250	2.360	69.993	8.367	7.063	8.569	-5.734
123.375	2.428	68.499	8.570	7.211	9.075	-5.392
123.500	2.464	67.527	8.810	7.369	9.509	-5.028
123.625	2.469	66.839	9.361	7.656	9.812	-4.675
123.750	2.489	66.960	10.650	8.372	10.489	-4.390
123.875	2.544	66.076	12.930	9.738	11.871	-4.117
124.000	2.609	63.553	16.341	11.953	15.405	-3.926
124.125	2.651	59.961	20.467	15.058	20.929	-3.784
124.250	2.663	56.161	24.847	18.850	26.799	-3.676
124.375	2.662	53.493	28.616	22.573	30.073	-3.564
124.500	2.654	52.552	31.060	25.506	32.150	-3.476
124.625	2.638	52.922	31.841	27.112	32.972	-3.381
124.750	2.615	53.039	31.031	27.157	31.034	-3.322
124.875	2.589	52.429	29.547	26.346	27.890	-3.336
125.000	2.565	51.093	27.907	25.142	26.432	-3.349
125.125	2.549	50.107	26.429	23.877	25.807	-3.381
125.250	2.547	51.808	25.411	22.857	24.521	-3.452
125.375	2.558	54.193	24.932	22.241	22.852	-3.485
125.500	2.575	55.719	25.012	22.105	22.078	-3.546
125.625	2.593	56.516	25.549	22.423	22.255	-3.656
125.750	2.596	57.392	26.302	23.074	22.953	-3.711
125.875	2.578	57.057	26.883	23.737	23.328	-3.836
126.000	2.544	54.668	27.024	24.153	23.685	-3.975
126.125	2.511	52.072	26.623	24.154	24.107	-4.041
126.250	2.499	50.960	25.764	23.704	23.572	-4.123
126.375	2.514	51.122	24.822	23.068	22.268	-4.187
126.500	2.543	52.631	24.026	22.444	20.960	-4.228
126.625	2.566	54.806	23.477	21.954	20.036	-4.248
126.750	2.570	56.716	23.164	21.635	19.842	-4.230
126.875	2.569	57.965	22.909	21.378	19.622	-4.138
127.000	2.575	58.696	22.573	21.073	18.704	-3.983
127.125	2.586	58.526	22.066	20.634	17.049	-3.809
127.250	2.601	57.156	21.365	20.017	15.190	-3.580
127.375	2.613	55.749	20.610	19.325	13.551	-3.305
127.500	2.619	55.501	19.958	18.690	12.471	-2.994
127.625	2.616	56.855	19.554	18.251	12.312	-2.679
127.750	2.607	57.594	19.545	18.165	12.820	-2.325
127.875	2.594	56.452	19.866	18.410	13.608	-1.974
128.000	2.580	54.555	20.436	18.937	14.455	-1.665
128.125	2.569	54.326	21.120	19.643	15.349	-1.392
128.250	2.562	54.801	21.726	20.362	16.105	-1.187
128.375	2.563	52.859	22.122	20.927	16.594	-1.041
128.500	2.571	50.182	22.248	21.245	17.021	-0.940
128.625	2.583	48.815	22.112	21.288	17.263	-0.854
128.750	2.586	49.395	21.753	21.060	16.722	-0.851
128.875	2.578	50.980	21.298	20.682	15.944	-0.912
129.000	2.567	52.700	20.826	20.232	15.412	-1.015
129.125	2.560	53.321	20.404	19.786	15.015	-1.141
129.250	2.554	52.241	20.112	19.433	14.650	-1.276
129.375	2.541	51.977	19.971	19.218	14.472	-1.447
129.500	2.525	53.027	19.998	19.173	14.817	-1.654
129.625	2.511	54.704	20.197	19.313	15.841	-1.886
129.750	2.500	56.277	20.588	19.665	17.236	-2.171
129.875	2.487	56.449	21.117	20.177	18.535	-2.414
130.000	2.470	54.747	21.744	20.812	19.629	-2.643
130.125	2.451	53.089	22.414	21.517	20.474	-2.863
130.250	2.427	52.415	23.063	22.231	21.080	-2.992
130.375	2.406	51.514	23.656	22.903	21.921	-3.149
130.500	2.391	51.373	24.186	23.517	22.742	-3.242
130.625	2.387	53.068	24.657	24.074	22.863	-3.320
130.750	2.407	55.316	25.036	24.549	22.235	-3.403
130.875	2.450	56.313	25.281	24.908	21.408	-3.409
131.000	2.501	57.076	25.335	25.095	20.879	-3.406
131.125	2.535	59.121	25.165	25.061	20.918	-3.387
131.250	2.540	61.213	24.769	24.768	20.911	-3.351
131.375	2.525	61.983	24.281	24.326	20.204	-3.314
131.500	2.495	61.144	23.815	23.841	19.526	-3.264
131.625	2.459	59.831	23.462	23.417	19.780	-3.223
131.750	2.423	59.116	23.293	23.153	20.693	-3.203
131.875	2.393	58.914	23.265	23.048	21.704	-3.210
132.000	2.366	59.009	23.316	23.058	22.822	-3.273
132.125	2.334	58.792	23.365	23.102	23.763	-3.394
132.250	2.300	58.542	23.329	23.084	23.524	-3.566
132.375	2.272	59.094	23.191	22.967	23.183	-3.766
132.500	2.261	59.883	22.977	22.763	22.659	-3.998
132.625	2.273	59.454	22.749	22.524	21.751	-4.254
132.750	2.308	57.801	22.579	22.324	20.701	-4.454
132.875	2.343	56.589	22.471	22.182	20.687	-4.642
133.000	2.357	57.098	22.373	22.064	21.246	-4.807
133.125	2.352	59.600	22.213	21.906	22.412	-4.864
133.250	2.347	61.922	21.922	21.629	22.973	-4.909
133.375	2.352	62.222	21.548	21.252	22.287	-4.883
133.500	2.362	61.740	21.174	20.842	20.523	-4.834
133.625	2.367	62.629	20.890	20.485	19.390	-4.779
133.750	2.370	62.550	20.771	20.272	19.340	-4.655
133.875	2.379	59.703	20.777	20.197	19.711	-4.553
134.000	2.393	56.381	20.848	20.219	20.050	-4.405
134.125	2.406	56.335	20.910	20.274	19.754	-4.248
134.250	2.404	59.134	20.891	20.283	18.915	-4.124
134.375	2.383	60.272	20.770	20.198	18.596	-3.958
134.500	2.353	58.732	20.541	19.995	18.813	-3.792
134.625	2.330	57.071	20.211	19.669	19.013	-3.632
134.750	2.326	56.657	19.801	19.230	18.897	-3.491
134.875	2.340	56.606	19.371	18.746	18.521	-3.412
135.000	2.370	57.029	18.980	18.279	17.642	-3.365
135.125	2.405	57.726	18.685	17.890	16.721	-3.363
135.250	2.422	56.927	18.525	17.633	16.130	-3.424
135.375	2.403	55.449	18.450	17.471	15.941	-3.558
135.500	2.349	54.733	18.402	17.361	16.047	-3.702
135.625	2.292	54.293	18.336	17.258	16.309	-3.864
135.750	2.277	51.798	18.226	17.132	16.036	-4.047
135.875	2.303	48.297	18.089	16.987	15.360	-4.202
136.000	2.345	45.925	17.938	16.830	14.775	-4.376
136.125	2.372	46.068	17.760	16.652	14.460	-4.553
136.250	2.379	49.178	17.510	16.413	14.389	-4.695
136.375	2.389	51.836	17.180	16.095	14.249	-4.803
136.500	2.409	52.287	16.790	15.707	13.899	-4.944
136.625	2.428	51.615	16.387	15.286	13.480	-5.048
136.750	2.430	51.414	16.035	14.891	13.270	-5.144
136.875	2.423	50.413	15.738	14.548	13.233	-5.273
137.000	2.424	48.758	15.459	14.239	13.425	-5.353
137.125	2.440	48.944	15.143	13.922	13.522	-5.426
137.250	2.462	51.825	14.753	13.553	13.186	-5.464
137.375	2.483	55.118	14.331	13.148	12.382	-5.472
137.500	2.501	58.579	13.933	12.744	11.615	-5.461
137.625	2.511	61.995	13.605	12.378	11.388	-5.420
137.750	2.503	62.646	13.374	12.080	11.650	-5.421
137.875	2.478	61.583	13.209	11.836	11.984	-5.374
138.000	2.445	61.641	13.097	11.638	12.005	-5.341
138.125	2.413	62.988	13.046	11.490	11.528	-5.353
138.250	2.386	62.887	13.101	11.429	10.788	-5.380
138.375	2.374	60.904	13.277	11.473	10.660	-5.533
138.500	2.380	59.160	13.587	11.648	11.091	-5.713
138.625	2.400	61.069	14.021	11.961	11.788	-5.988
138.750	2.422	68.481	14.559	12.409	12.895	-6.267
138.875	2.436	76.758	15.142	12.928	14.493	-6.564
139.000	2.439	81.807	15.730	13.473	16.277	-6.885
139.125	2.430	83.095	16.265	13.992	17.441	-7.196
139.250	2.413	83.972	16.572	14.357	17.781	-7.484
139.375	2.392	86.100	16.462	14.408	17.097	-7.706
139.500	2.369	88.250	15.745	13.966	16.319	-7.881
139.625	2.349	88.379	14.354	12.923	15.708	-7.977
139.750	2.340	88.205	12.390	11.302	14.555	-8.055
139.875	2.335	91.821	10.336	9.508	12.059	-8.078
140.000	2.325	98.887	8.557	7.868	8.780	-8.137
140.125	2.304	106.030	7.273	6.597	6.273	-8.166
140.250	2.276	108.813	6.600	5.828	5.506	-8.194
140.375	2.249	107.737	6.332	5.431	5.321	-8.173
140.500	2.228	105.521	6.324	5.309	5.356	-8.119
140.625	2.211	103.762	6.437	5.358	5.493	-8.026
140.750	2.192	102.588	6.557	5.480	5.669	-7.904
140.875	2.173	101.617	6.615	5.583	5.811	-7.822
141.000	2.165	100.527	6.596	5.630	5.850	-7.689
141.125	2.182	98.884	6.504	5.607	5.735	-7.562
141.250	2.214	97.560	6.351	5.509	5.506	-7.413
141.375	2.238	98.818	6.173	5.368	5.292	-7.315
141.500	2.246	101.488	5.993	5.204	5.129	-7.208
141.625	2.241	101.971	5.827	5.034	5.036	-7.166
141.750	2.233	98.554	5.693	4.874	4.983	-7.130
141.875	2.219	94.550	5.579	4.734	4.928	-7.028
142.000	2.193	92.981	5.485	4.626	4.867	-6.958
142.125	2.157	93.971	5.412	4.560	4.812	-6.879
142.250	2.127	94.205	5.380	4.546	4.770	-6.798
142.375	2.116	93.298	5.397	4.578	4.758	-6.750
142.500	2.124	94.405	5.540	4.644	4.777	-6.776
142.625	2.145	99.002	5.694	4.732	4.827	-6.842
142.750	2.171	104.029	5.832	4.825	4.903	-6.927
142.875	2.197	106.242	5.939	4.907	4.962	-7.089
143.000	2.226	105.919	6.007	4.969	4.974	-7.237
143.125	2.258	105.967	6.038	5.005	4.968	-7.397
143.250	2.292	108.956	6.033	5.012	4.979	-7.576
143.375	2.318	112.777	6.008	4.998	5.002	-7.635
143.500	2.331	114.788	5.975	4.970	5.023	-7.599
143.625	2.336	114.894	5.951	4.940	5.035	-7.501
143.750	2.341	114.696	5.961	4.924	5.038	-7.390
143.875	2.344	114.932	6.012	4.932	5.053	-7.260
144.000	2.342	114.898	6.098	4.966	5.079	-7.112
144.125	2.333	113.225	6.199	5.018	5.151	-6.909
144.250	2.318	110.751	6.273	5.068	5.260	-6.705
144.375	2.295	111.329	6.297	5.093	5.322	-6.512
144.500	2.261	115.838	6.263	5.079	5.253	-6.352
144.625	2.231	120.172	6.185	5.026	5.073	-6.207
144.750	2.224	120.055	6.094	4.948	4.863	-6.056
144.875	2.234	117.714	6.026	4.876	4.689	-5.942
145.000	2.248	114.419	5.999	4.829	4.604	-5.836
145.125	2.262	109.579	6.013	4.816	4.646	-5.823
145.250	2.285	103.152	6.055	4.833	4.776	-5.840
145.375	2.312	98.075	6.099	4.860	4.935	-5.908
145.500	2.336	96.500	6.128	4.880	5.087	-6.041
145.625	2.355	97.234	6.134	4.881	5.180	-6.152
145.750	2.362	97.896	6.107	4.856	5.177	-6.291
145.875	2.353	97.998	6.056	4.809	5.131	-6.372
146.000	2.333	98.250	5.989	4.750	5.061	-6.453
146.125	2.316	99.302	5.921	4.691	4.988	-6.470
146.250	2.310	102.982	5.875	4.650	4.932	-6.502
146.375	2.309	107.802	5.860	4.633	4.917	-6.519
146.500	2.308	109.513	5.875	4.639	4.933	-6.531
146.625	2.309	106.282	5.912	4.661	4.971	-6.537
146.750	2.312	101.257	5.952	4.688	5.014	-6.534
146.875	2.316	98.228	5.980	4.707	5.051	-6.592
147.000	2.322	98.250	5.990	4.711	5.060	-6.599
147.125	2.328	100.586	5.983	4.700	5.025	-6.653
147.250	2.332	101.690	5.964	4.678	4.987	-6.699
147.375	2.330	101.204	5.949	4.657	4.955	-6.714
147.500	2.326	101.591	5.946	4.645	4.957	-6.720
147.625	2.327	102.135	5.955	4.647	4.994	-6.714
147.750	2.329	100.490	5.971	4.661	5.050	-6.718
147.875	2.324	98.792	5.985	4.680	5.064	-6.699
148.000	2.309	99.016	5.993	4.697	5.060	-6.656
148.125	2.294	100.850	5.993	4.705	5.024	-6.598
148.250	2.293	102.897	5.984	4.702	5.006	-6.526
148.375	2.303	103.287	5.961	4.686	5.009	-6.479
148.500	2.314	100.523	5.916	4.656	5.052	-6.445
148.625	2.314	97.974	5.845	4.609	5.107	-6.415
148.750	2.302	100.458	5.749	4.545	5.118	-6.375
148.875	2.291	104.135	5.647	4.472	5.069	-6.387
149.000	2.282	105.022	5.558	4.402	4.969	-6.482
149.125	2.273	104.795	5.500	4.350	4.906	-6.659
149.250	2.273	104.986	5.492	4.335	4.847	-6.879
149.375	2.287	103.803	5.522	4.355	4.821	-7.138
149.500	2.306	101.284	5.573	4.400	4.827	-7.393
149.625	2.313	98.878	5.622	4.454	4.903	-7.648
149.750	2.298	98.677	5.642	4.491	4.992	-7.959
149.875	2.286	100.521	5.624	4.497	5.025	-8.163
150.000	2.288	102.457	5.573	4.471	4.992	-8.313
150.125	2.303	103.292	5.504	4.423	4.865	-8.398
150.250	2.317	103.514	5.434	4.368	4.789	-8.340
150.375	2.326	105.108	5.370	4.317	4.746	-8.252
150.500	2.328	106.578	5.308	4.269	4.720	-8.122
150.625	2.326	106.820	5.235	4.218	4.703	-7.977
150.750	2.322	106.418	5.140	4.157	4.659	-7.762
150.875	2.324	106.274	5.031	4.087	4.582	-7.480
151.000	2.334	106.727	4.930	4.017	4.496	-7.207
151.125	2.348	107.210	4.870	3.967	4.428	-6.934
151.250	2.362	105.642	4.909	3.975	4.432	-6.711
151.375	2.374	101.687	5.061	4.062	4.554	-6.561
151.500	2.384	98.303	5.319	4.238	4.812	-6.457
151.625	2.388	98.665	5.638	4.485	5.205	-6.390
151.750	2.374	100.575	5.930	4.754	5.789	-6.427
151.875	2.346	101.205	6.111	4.976	6.316	-6.567
152.000	2.314	101.743	6.141	5.100	6.476	-6.740
152.125	2.290	103.808	6.037	5.113	6.299	-6.946
152.250	2.284	105.965	5.876	5.042	6.077	-7.179
152.375	2.291	105.654	5.778	4.978	5.896	-7.382
152.500	2.300	103.572	5.811	4.985	5.663	-7.535
152.625	2.305	100.863	5.976	5.093	5.347	-7.672
152.750	2.309	99.302	6.185	5.265	5.387	-7.700
152.875	2.314	98.971	6.280	5.384	5.550	-7.660
153.000	2.321	98.735	6.144	5.346	5.638	-7.593
153.125	2.327	98.457	5.744	5.094	5.525	-7.404
153.250	2.324	97.747	5.152	4.642	4.905	-7.210
153.375	2.315	95.603	4.583	4.149	4.177	-7.016
153.500	2.311	94.140	4.180	3.735	3.737	-6.818
153.625	2.317	95.368	4.003	3.468	3.759	-6.671
153.750	2.331	97.046	4.045	3.378	4.100	-6.563
153.875	2.343	96.076	4.190	3.401	4.479	-6.491
154.000	2.354	93.280	4.400	3.497	4.771	-6.465
154.125	2.373	89.937	4.652	3.643	4.854	-6.494
154.250	2.399	88.256	5.035	3.867	4.610	-6.549
154.375	2.425	89.619	5.610	4.206	4.691	-6.604
154.500	2.443	92.464	6.342	4.697	5.272	-6.627
154.625	2.444	93.099	7.182	5.336	6.305	-6.610
154.750	2.407	90.693	8.078	6.071	7.569	-6.541
154.875	2.343	89.060	8.866	6.776	8.640	-6.479
155.000	2.280	89.500	9.449	7.351	8.965	-6.425
155.125	2.238	91.125	9.818	7.749	8.438	-6.360
155.250	2.220	91.185	10.059	7.987	8.681	-6.271
155.375	2.215	88.533	10.327	8.192	9.424	-6.213
155.500	2.222	84.673	10.684	8.437	10.227	-6.219
155.625	2.238	82.589	11.111	8.744	11.191	-6.287
155.750	2.257	82.977	11.527	9.077	11.925	-6.410
155.875	2.277	83.726	11.854	9.368	12.302	-6.577
156.000	2.296	84.384	12.070	9.584	11.536	-6.720
156.125	2.310	85.694	12.202	9.733	10.762	-6.854
156.250	2.313	88.245	12.307	9.849	10.357	-6.985
156.375	2.309	90.855	12.434	9.977	10.681	-7.068
156.500	2.307	91.927	12.587	10.132	11.712	-7.127
156.625	2.313	91.150	12.732	10.302	12.574	-7.104
156.750	2.319	89.621	12.789	10.442	12.970	-7.077
156.875	2.317	87.508	12.717	10.513	12.805	-6.967
157.000	2.307	84.314	12.522	10.506	12.418	-6.848
157.125	2.295	81.967	12.261	10.450	11.932	-6.757
157.250	2.284	82.974	12.063	10.432	11.446	-6.657
157.375	2.277	84.716	12.032	10.543	10.689	-6.522
157.500	2.277	84.953	12.196	10.830	10.397	-6.358
157.625	2.279	85.210	12.474	11.256	10.661	-6.195
157.750	2.282	86.302	12.608	11.629	10.935	-5.986
157.875	2.283	86.507	12.321	11.669	11.385	-5.856
158.000	2.279	85.741	11.437	11.147	11.394	-5.685
158.125	2.265	84.845	9.983	10.004	10.610	-5.542
158.250	2.247	84.057	8.226	8.412	8.895	-5.411
158.375	2.240	85.884	6.624	6.842	6.865	-5.350
158.500	2.250	91.027	5.423	5.563	5.173	-5.357
158.625	2.268	96.004	4.694	4.683	4.182	-5.432
158.750	2.276	98.016	4.443	4.244	3.845	-5.553
158.875	2.276	99.841	4.505	4.117	3.770	-5.707
159.000	2.276	103.625	4.825	4.257	3.875	-5.792
159.125	2.281	106.450	5.372	4.637	4.153	-5.975
159.250	2.291	105.441	6.119	5.260	4.731	-6.219
159.375	2.301	103.900	6.934	6.014	5.737	-6.479
159.500	2.303	102.119	7.697	6.791	7.188	-6.734
159.625	2.282	98.146	8.317	7.474	8.868	-7.025
159.750	2.236	92.110	8.800	7.974	10.216	-7.233
159.875	2.194	87.569	9.347	8.398	10.669	-7.480
160.000	2.174	84.965	10.196	8.935	10.455	-7.654
160.125	2.175	80.621	11.530	9.788	11.531	-7.794
160.250	2.187	74.765	13.440	11.147	14.896	-7.945
160.375	2.208	73.033	15.644	12.886	18.697	-8.063
160.500	2.236	76.448	17.849	14.811	21.260	-8.162
160.625	2.262	81.064	19.772	16.658	20.753	-8.191
160.750	2.271	81.822	21.247	18.151	18.140	-8.241
160.875	2.270	78.468	22.593	19.415	17.034	-8.249
161.000	2.275	73.728	24.245	20.790	17.729	-8.247
161.125	2.282	70.258	26.555	22.644	19.612	-8.246
161.250	2.268	68.383	29.730	25.290	21.834	-8.165
161.375	2.237	66.391	33.356	28.490	25.587	-8.157
161.500	2.211	64.705	36.902	31.841	31.165	-8.122
161.625	2.201	65.151	39.737	34.783	36.414	-8.142
161.750	2.202	66.632	41.151	36.633	36.968	-8.170
161.875	2.204	67.209	41.313	37.412	35.584	-8.218
162.000	2.203	67.619	40.628	37.391	34.231	-8.322
162.125	2.199	68.814	39.695	37.064	33.244	-8.490
162.250	2.194	70.861	39.128	37.020	33.019	-8.693
162.375	2.191	72.825	39.085	37.486	33.253	-8.847
162.500	2.191	72.954	39.503	38.443	34.140	-9.047
162.625	2.193	71.350	40.218	39.732	35.182	-9.210
162.750	2.198	70.542	40.919	41.041	35.515	-9.396
162.875	2.210	71.552	41.144	41.892	35.201	-9.512
163.000	2.226	72.603	40.372	41.740	34.174	-9.587
163.125	2.244	72.483	38.114	40.028	32.106	-9.595
163.250	2.260	73.372	33.857	36.089	29.092	-9.558
163.375	2.276	76.777	28.248	30.488	24.715	-9.479
163.500	2.294	80.688	22.112	24.047	19.689	-9.363
163.625	2.309	82.683	16.442	17.879	14.735	-9.210
163.750	2.314	84.662	12.337	13.220	11.032	-9.045
163.875	2.310	88.853	9.975	10.254	8.573	-8.911
164.000	2.300	91.449	9.383	8.924	7.782	-8.791
164.125	2.287	87.380	10.485	9.118	9.572	-8.752
164.250	2.273	77.301	13.325	10.995	15.401	-8.757
164.375	2.260	68.930	17.112	14.057	23.183	-8.856
164.500	2.254	65.829	20.947	17.688	31.337	-8.969
164.625	2.259	67.348	23.722	20.928	35.813	-9.106
164.750	2.270	71.138	24.143	22.361	29.682	-9.286
164.875	2.280	73.757	22.693	21.867	23.031	-9.467
165.000	2.284	75.190	20.560	20.271	19.006	-9.683
165.125	2.278	77.241	18.953	18.722	17.463	-9.900
165.250	2.264	81.240	18.495	17.960	17.504	-10.106
165.375	2.250	84.783	18.763	17.822	17.576	-10.306
165.500	2.241	84.980	19.357	18.044	17.404	-10.501
165.625	2.239	82.863	19.961	18.373	17.215	-10.742
165.750	2.246	81.821	20.353	18.609	17.137	-10.954
165.875	2.255	82.080	20.532	18.704	17.061	-11.148
166.000	2.263	81.663	20.558	18.691	16.850	-11.351
166.125	2.269	80.474	20.484	18.610	16.569	-11.468
166.250	2.274	79.791	20.300	18.451	16.333	-11.569
166.375	2.282	79.452	19.985	18.184	16.132	-11.615
166.500	2.291	80.320	19.506	17.768	15.853	-11.629
166.625	2.301	82.461	18.850	17.183	15.461	-11.639
166.750	2.308	83.256	18.021	16.427	14.954	-11.595
166.875	2.310	82.109	17.123	15.594	14.318	-11.594
167.000	2.308	81.698	16.251	14.768	13.573	-11.569
167.125	2.302	83.885	15.504	14.035	12.781	-11.523
167.250	2.294	85.905	15.011	13.505	12.119	-11.537
167.375	2.288	86.716	14.788	13.202	11.694	-11.572
167.500	2.288	87.408	14.834	13.137	11.596	-11.594
167.625	2.294	86.717	15.102	13.290	11.773	-11.615
167.750	2.299	84.168	15.512	13.624	12.208	-11.670
167.875	2.299	82.554	15.928	14.024	12.775	-11.691
168.000	2.297	82.616	16.259	14.403	13.324	-11.726
168.125	2.292	83.111	16.449	14.688	13.707	-11.786
168.250	2.286	83.469	16.477	14.822	13.854	-11.822
168.375	2.284	84.932	16.425	14.846	13.849	-11.908
168.500	2.284	86.789	16.371	14.820	13.704	-12.030
168.625	2.284	87.492	16.378	14.807	13.509	-12.152
168.750	2.282	86.092	16.474	14.853	13.423	-12.289
168.875	2.279	84.545	16.587	14.925	13.591	-12.473
169.000	2.275	84.670	16.617	14.949	13.838	-12.660
169.125	2.271	86.026	16.466	14.837	14.006	-12.823
169.250	2.271	87.121	16.050	14.495	13.885	-13.004
169.375	2.278	87.412	15.478	13.984	13.423	-13.153
169.500	2.291	87.277	14.903	13.422	12.702	-13.284
169.625	2.304	86.451	14.511	12.965	11.897	-13.422
169.750	2.307	85.611	14.508	12.807	11.306	-13.513
169.875	2.297	85.757	14.868	12.970	11.204	-13.559
170.000	2.281	86.319	15.497	13.419	11.668	-13.582
170.125	2.268	86.777	16.234	14.051	12.613	-13.617
170.250	2.265	85.526	16.870	14.711	13.729	-13.649
170.375	2.269	83.024	17.301	15.262	14.338	-13.654
170.500	2.279	83.344	17.528	15.662	14.457	-13.663
170.625	2.289	87.016	17.641	15.948	14.315	-13.635
170.750	2.296	89.305	17.781	16.216	14.162	-13.577
170.875	2.300	88.466	18.042	16.560	14.384	-13.617
171.000	2.302	87.073	18.438	17.007	14.752	-13.670
171.125	2.299	85.967	18.919	17.530	15.085	-13.715
171.250	2.289	82.855	19.362	18.034	15.319	-13.782
171.375	2.271	80.527	19.620	18.390	15.512	-13.852
171.500	2.248	80.871	19.559	18.468	15.646	-13.963
171.625	2.226	82.163	19.085	18.166	15.636	-14.142
171.750	2.215	83.341	18.170	17.409	15.190	-14.374
171.875	2.215	85.597	17.097	16.419	14.531	-14.572
172.000	2.224	88.510	16.191	15.464	13.595	-14.757
172.125	2.235	90.790	15.801	14.845	12.510	-14.990
172.250	2.236	91.640	16.401	14.948	11.964	-15.250
172.375	2.229	91.783	18.119	15.843	12.772	-15.540
172.500	2.215	91.552	20.852	17.564	15.220	-15.866
172.625	2.203	90.443	24.368	20.038	18.302	-16.125
172.750	2.210	87.833	28.622	23.139	21.404	-16.432
172.875	2.238	85.122	32.274	26.497	23.321	-16.711
173.000	2.273	82.793	35.931	29.941	23.182	-16.968
173.125	2.297	80.214	39.762	33.489	22.669	-17.273
173.250	2.302	75.349	44.248	37.480	24.693	-17.471
173.375	2.298	70.214	49.613	42.172	29.390	-17.636
173.500	2.281	68.027	55.849	47.657	35.533	-17.751
173.625	2.250	68.456	62.629	53.745	41.861	-17.816
173.750	2.217	69.331	69.249	59.901	46.646	-17.871
173.875	2.203	68.739	75.000	65.437	50.094	-17.908
174.000	2.209	68.445	79.480	69.911	52.369	-17.967
174.125	2.226	70.036	82.623	73.177	53.213	-18.005
174.250	2.242	72.124	84.389	75.143	52.360	-18.048
174.375	2.253	73.237	85.013	76.060	50.285	-18.134
174.500	2.261	73.045	84.277	75.802	47.421	-18.205
174.625	2.270	71.306	81.873	74.128	43.541	-18.341
174.750	2.281	68.835	77.498	70.703	40.770	-18.507
174.875	2.293	68.615	72.105	66.229	37.122	-18.640
175.000	2.303	71.069	66.754	61.555	33.378	-18.796
175.125	2.310	74.285	62.474	57.598	29.531	-18.957
175.250	2.302	75.226	60.222	55.314	26.632	-19.174
175.375	2.282	74.414	59.763	54.680	25.322	-19.424
175.500	2.257	74.198	60.743	55.493	24.782	-19.675
175.625	2.238	74.405	62.608	57.327	24.756	-19.940
175.750	2.229	74.368	64.676	59.618	25.471	-20.120
175.875	2.231	73.875	66.268	61.652	27.268	-20.343
176.000	2.244	73.146	67.026	62.994	30.794	-20.543
176.125	2.262	72.082	66.896	63.476	35.381	-20.660
176.250	2.275	70.988	66.094	63.178	39.300	-20.773
176.375	2.277	71.200	65.218	62.646	39.525	-20.752
176.500	2.270	72.243	64.646	62.268	35.120	-20.694
176.625	2.261	72.978	64.514	62.245	29.577	-20.624
176.750	2.257	73.210	64.587	62.449	28.074	-20.546
176.875	2.261	73.444	64.273	62.345	30.726	-20.474
177.000	2.270	73.958	63.102	61.434	37.819	-20.361
177.125	2.276	74.919	60.916	59.452	47.429	-20.288
177.250	2.276	75.419	58.029	56.515	55.037	-20.209
177.375	2.277	74.825	55.430	53.517	55.904	-20.151
177.500	2.286	74.675	54.032	51.315	49.284	-20.166
177.625	2.297	74.960	54.654	50.717	40.296	-20.166
177.750	2.296	73.878	58.520	52.910	34.551	-20.192
177.875	2.282	71.696	66.130	58.174	32.274	-20.267
178.000	2.258	69.593	78.050	66.939	34.937	-20.341
178.125	2.232	68.959	94.416	79.295	43.701	-20.398
178.250	2.208	69.806	114.596	95.038	60.679	-20.459
178.375	2.186	69.322	135.708	112.118	82.712	-20.520
178.500	2.171	66.607	153.371	128.813	102.431	-20.554
178.625	2.163	63.451	167.842	143.785	111.483	-20.532
178.750	2.162	63.861	177.925	156.076	99.433	-20.518
178.875	2.164	65.929	183.982	165.681	77.558	-20.404
179.000	2.170	67.051	184.430	171.044	57.946	-20.262
179.125	2.189	67.638	176.201	169.001	49.008	-20.148
179.250	2.218	68.770	154.428	153.889	48.217	-19.923
179.375	2.249	69.993	122.765	127.359	48.049	-19.708
179.500	2.285	70.706	88.295	94.712	46.757	-19.424
179.625	2.330	72.222	58.995	64.061	41.974	-19.159
179.750	2.378	77.116	40.245	42.855	32.206	-18.903
179.875	2.408	85.154	29.608	30.254	21.347	-18.637
180.000	2.411	93.672	25.161	24.246	13.998	-18.472
180.125	2.389	98.412	25.568	23.051	11.221	-18.323
180.250	2.345	97.559	30.981	26.618	13.609	-18.280
180.375	2.299	95.010	40.493	34.425	19.700	-18.311
180.500	2.264	90.938	53.415	46.361	28.246	-18.410
180.625	2.245	85.077	67.974	61.129	38.367	-18.603
180.750	2.241	80.250	80.698	75.366	43.512	-18.747
180.875	2.244	77.371	88.685	85.154	42.728	-18.973
181.000	2.254	74.595	90.976	88.556	40.336	-19.176
181.125	2.265	71.511	89.372	86.793	37.625	-19.324
181.250	2.263	71.433	87.537	83.525	35.018	-19.517
181.375	2.247	73.570	87.334	81.748	35.089	-19.659
181.500	2.227	75.038	88.400	81.682	38.441	-19.820
181.625	2.212	75.993	89.372	82.364	42.343	-19.965
181.750	2.204	76.462	88.364	82.583	43.875	-20.129
181.875	2.198	76.144	87.594	82.038	43.983	-20.328
182.000	2.196	74.844	87.216	81.227	43.778	-20.503
182.125	2.196	73.965	88.502	81.062	43.945	-20.746
182.250	2.199	76.096	92.151	82.572	45.426	-20.935
182.375	2.203	79.175	96.796	85.493	49.775	-21.115
182.500	2.207	79.988	100.888	89.040	56.086	-21.277
182.625	2.213	77.137	104.027	92.048	63.169	-21.362
182.750	2.217	73.428	104.766	93.035	66.178	-21.527
182.875	2.218	72.799	103.382	91.934	64.724	-21.588
183.000	2.219	74.810	100.996	89.509	59.684	-21.649
183.125	2.223	77.407	99.384	87.249	54.227	-21.649
183.250	2.228	77.856	100.873	87.302	50.748	-21.550
183.375	2.231	76.117	105.984	90.542	48.752	-21.478
183.500	2.235	73.243	114.377	97.042	49.818	-21.338
183.625	2.245	70.537	124.541	105.786	55.659	-21.246
183.750	2.254	69.437	133.306	114.343	60.438	-21.078
183.875	2.255	69.730	137.496	119.715	67.074	-20.911
184.000	2.251	70.878	134.990	119.694	74.492	-20.775
184.125	2.246	72.170	125.643	113.564	78.941	-20.624
184.250	2.247	72.704	111.547	102.338	76.739	-20.564
184.375	2.252	72.881	97.334	89.948	68.399	-20.508
184.500	2.257	72.669	85.473	78.818	59.422	-20.502
184.625	2.259	73.735	76.963	70.256	55.442	-20.557
184.750	2.253	77.578	72.159	64.961	56.104	-20.618
184.875	2.245	81.826	69.814	62.010	58.356	-20.752
185.000	2.236	82.885	69.301	60.897	58.706	-20.872
185.125	2.231	79.699	70.116	61.198	57.253	-21.033
185.250	2.232	74.958	71.900	62.656	58.066	-21.236
185.375	2.232	72.299	74.019	64.667	62.052	-21.390
185.500	2.231	72.538	76.061	66.839	68.872	-21.585
185.625	2.233	73.966	77.753	68.875	75.268	-21.661
185.750	2.240	73.949	79.057	70.679	74.373	-21.730
185.875	2.244	73.455	80.293	72.479	70.563	-21.741
186.000	2.244	73.546	81.539	74.381	68.620	-21.674
186.125	2.243	74.353	82.347	76.061	71.427	-21.631
186.250	2.250	73.999	81.134	76.159	78.177	-21.466
186.375	2.265	73.010	76.682	73.374	81.068	-21.304
186.500	2.287	72.210	68.422	66.859	74.454	-21.051
186.625	2.312	73.015	57.210	57.038	60.743	-20.795
186.750	2.354	75.977	45.522	45.997	46.367	-20.517
186.875	2.409	80.907	35.933	36.522	32.877	-20.206
187.000	2.448	87.195	29.345	29.744	22.494	-19.986
187.125	2.439	91.940	25.537	25.625	17.474	-19.739
187.250	2.392	91.933	24.024	23.789	17.828	-19.604
187.375	2.363	89.651	23.732	23.224	19.512	-19.543
187.500	2.361	88.129	24.253	23.538	20.444	-19.537
187.625	2.368	87.961	25.375	24.515	18.596	-19.629
187.750	2.358	87.659	27.067	26.115	18.700	-19.839
187.875	2.337	87.728	29.109	28.120	21.465	-20.200
188.000	2.320	89.183	31.265	30.323	25.474	-20.633
188.125	2.315	90.948	33.202	32.395	28.962	-21.088
188.250	2.315	90.801	34.515	33.843	30.502	-21.580
188.375	2.314	89.490	35.291	34.568	30.463	-22.070
188.500	2.312	87.540	35.933	34.807	29.463	-22.633
188.625	2.312	85.236	37.113	35.147	28.770	-23.224
188.750	2.314	83.782	39.773	36.514	29.568	-23.799
188.875	2.315	83.862	44.041	39.265	33.347	-24.338
189.000	2.311	82.663	49.740	43.437	40.294	-24.771
189.125	2.300	78.679	56.295	48.691	49.757	-25.232
189.250	2.278	75.556	62.714	54.312	58.704	-25.601
189.375	2.255	75.051	68.071	59.340	64.086	-25.931
189.500	2.238	76.128	71.929	63.213	62.382	-26.205
189.625	2.231	78.098	74.420	65.856	58.746	-26.404
189.750	2.233	80.229	76.114	67.629	60.536	-26.604
189.875	2.237	79.667	77.818	69.289	62.409	-26.703
190.000	2.242	77.225	79.695	71.103	63.836	-26.807
190.125	2.247	76.260	81.354	72.849	64.547	-26.855
190.250	2.255	78.881	81.726	73.625	66.601	-26.875
190.375	2.265	81.602	80.283	72.796	68.977	-26.974
190.500	2.276	81.122	77.126	70.224	70.552	-27.078
190.625	2.289	78.092	73.269	66.576	69.027	-27.234
190.750	2.299	74.273	71.000	63.659	59.972	-27.354
190.875	2.299	71.101	72.284	63.442	50.311	-27.512
191.000	2.284	68.991	78.411	67.422	50.806	-27.751
191.125	2.255	67.345	89.644	76.350	67.689	-28.021
191.250	2.219	66.104	105.155	90.314	101.354	-28.361
191.375	2.193	65.368	120.987	106.044	139.423	-28.656
191.500	2.188	65.810	133.082	119.848	170.271	-28.882
191.625	2.200	67.618	137.709	127.831	169.107	-29.089
191.750	2.216	69.832	131.915	126.134	128.845	-29.271
191.875	2.227	71.533	119.894	117.322	108.060	-29.465
192.000	2.234	71.269	106.393	105.233	105.379	-29.549
192.125	2.243	69.659	95.649	94.132	106.402	-29.547
192.250	2.250	69.163	91.233	88.071	99.920	-29.555
192.375	2.249	69.231	93.388	88.051	85.685	-29.474
192.500	2.242	68.596	102.488	94.742	88.907	-29.462
192.625	2.233	67.487	118.418	108.169	115.824	-29.394
192.750	2.228	68.012	141.137	128.315	142.836	-29.239
192.875	2.226	68.203	167.608	152.230	163.905	-29.114
193.000	2.227	65.985	195.183	177.452	179.664	-28.970
193.125	2.227	63.883	220.838	201.304	191.052	-28.924
193.250	2.226	65.374	240.498	220.537	201.009	-28.889
193.375	2.226	67.328	252.096	233.530	211.418	-28.900
193.500	2.230	66.886	254.283	237.720	209.722	-28.924
193.625	2.236	65.381	243.586	230.316	186.134	-28.937
193.750	2.244	65.262	219.570	208.499	150.834	-29.103
193.875	2.252	64.545	189.869	178.330	118.515	-29.245
194.000	2.262	63.859	157.299	146.702	91.885	-29.405
194.125	2.274	65.995	127.894	119.973	74.341	-29.596
194.250	2.276	70.024	109.202	102.283	70.012	-29.704
194.375	2.265	71.135	97.285	91.245	71.596	-29.837
194.500	2.250	68.482	89.425	84.547	76.892	-29.997
194.625	2.245	66.370	83.479	80.027	84.408	-30.176
194.750	2.259	67.158	78.248	76.267	80.986	-30.356
194.875	2.280	68.636	73.433	72.729	66.057	-30.508
195.000	2.298	70.544	69.437	69.713	55.676	-30.725
195.125	2.307	74.130	66.628	67.622	53.397	-30.902
195.250	2.299	79.313	64.973	66.574	51.276	-31.045
195.375	2.281	82.081	63.352	65.611	49.549	-31.204
195.500	2.264	81.796	60.670	63.568	48.323	-31.267
195.625	2.258	80.771	56.313	59.564	47.726	-31.366
195.750	2.267	80.423	50.783	53.725	48.203	-31.386
195.875	2.282	79.392	46.087	48.138	48.270	-31.338
196.000	2.289	76.987	43.898	44.652	47.323	-31.259
196.125	2.282	74.823	45.153	44.436	52.641	-31.128
196.250	2.268	74.037	50.335	48.282	65.528	-31.129
196.375	2.266	71.714	57.895	54.838	85.447	-31.161
196.500	2.276	67.520	66.574	62.833	101.804	-31.230
196.625	2.287	64.814	75.251	70.907	95.586	-31.335
196.750	2.284	66.570	83.519	78.117	78.335	-31.453
196.875	2.270	69.427	92.623	85.333	75.763	-31.695
197.000	2.254	70.312	104.811	94.613	85.895	-31.947
197.125	2.245	69.798	122.520	108.314	103.739	-32.251
197.250	2.241	69.087	148.109	128.969	129.735	-32.590
197.375	2.236	68.397	178.398	155.243	158.190	-32.852
197.500	2.224	68.077	211.767	185.163	192.913	-33.156
197.625	2.210	68.759	244.931	215.519	236.571	-33.447
197.750	2.199	68.255	269.065	241.347	271.707	-33.671
197.875	2.193	65.859	292.881	259.824	286.070	-33.862
198.000	2.194	63.377	306.352	269.822	287.875	-33.984
198.125	2.199	62.879	310.102	272.149	288.441	-34.021
198.250	2.202	64.138	305.810	268.294	282.959	-33.899
198.375	2.202	64.299	297.444	261.351	268.184	-33.682
198.500	2.202	63.452	286.195	252.201	247.117	-33.388
198.625	2.204	62.803	272.400	241.005	222.864	-32.892
198.750	2.212	62.483	256.255	227.741	201.835	-32.350
198.875	2.221	61.598	239.554	213.781	186.566	-31.714
199.000	2.228	61.095	224.256	200.751	171.417	-30.990
199.125	2.235	61.694	212.116	190.276	163.011	-30.316
199.250	2.242	61.984	204.567	183.877	165.616	-29.603
199.375	2.240	61.723	200.315	180.653	171.605	-28.964
199.500	2.222	62.395	197.943	179.450	173.960	-28.334
199.625	2.195	64.613	195.701	178.709	170.636	-27.765
199.750	2.174	66.101	191.441	176.459	166.126	-27.327
199.875	2.164	66.303	184.224	171.670	158.704	-26.883
200.000	2.162	66.194	173.613	163.796	150.113	-26.503
200.125	2.164	66.181	159.705	152.724	144.254	-26.135
200.250	2.175	66.813	143.263	138.731	139.878	-25.766
200.375	2.198	68.662	126.793	123.914	132.105	-25.449
200.500	2.231	71.091	112.268	110.119	121.119	-25.040
200.625	2.264	72.055	100.972	98.842	101.850	-24.652
200.750	2.290	70.244	94.085	91.595	84.423	-24.237
200.875	2.319	68.750	90.821	87.993	78.740	-23.770
201.000	2.355	69.103	90.203	87.361	78.465	-23.340
201.125	2.395	70.789	90.140	87.873	73.763	-22.851
201.250	2.436	71.510	86.758	85.756	65.939	-22.324
201.375	2.484	70.616	77.550	78.017	61.921	-21.744
201.500	2.532	68.353	62.188	63.711	64.677	-21.173
201.625	2.552	65.559	43.835	45.502	68.469	-20.611
201.750	2.512	64.580	28.423	29.502	47.760	-19.943
201.875	2.450	64.592	18.141	18.642	21.476	-19.311
202.000	2.411	62.865	12.304	12.388	9.689	-18.675
202.125	2.406	59.738	9.440	9.194	6.395	-18.018
202.250	2.409	58.930	8.433	7.900	5.779	-17.491
202.375	2.405	59.752	8.141	7.392	5.794	-16.968
202.500	2.411	58.617	8.114	7.261	5.990	-16.504
202.625	2.435	55.592	8.078	7.235	6.184	-16.046
202.750	2.454	55.759	7.876	7.124	6.061	-15.649
202.875	2.441	59.094	7.560	6.905	5.622	-15.439
203.000	2.402	64.098	7.247	6.652	5.262	-15.324
203.125	2.362	70.080	7.061	6.468	5.126	-15.387
203.250	2.340	76.199	7.099	6.458	5.225	-15.599
203.375	2.341	82.771	7.278	6.618	5.462	-15.945
203.500	2.363	91.010	7.572	6.916	5.874	-16.521
203.625	2.403	100.943	7.926	7.294	6.425	-17.310
203.750	2.448	108.832	8.155	7.668	6.869	-18.358
203.875	2.477	112.100	8.617	7.965	7.215	-19.479
204.000	2.479	110.466	8.943	8.135	7.460	-20.601
204.125	2.456	105.037	9.107	8.152	7.597	-21.710
204.250	2.417	97.622	9.095	7.997	7.548	-22.719
204.375	2.380	92.446	8.974	7.732	7.342	-23.593
204.500	2.355	92.650	8.804	7.412	7.085	-24.303
204.625	2.350	97.218	8.657	7.108	6.957	-24.817
204.750	2.354	99.804	8.659	6.922	6.947	-25.174
204.875	2.354	97.538	8.928	6.937	7.081	-25.497
205.000	2.352	93.909	9.620	7.258	7.607	-25.848
205.125	2.366	91.321	10.901	8.004	8.854	-26.178
205.250	2.420	88.141	13.061	9.414	11.193	-26.366
205.375	2.498	85.989	16.031	11.507	14.645	-26.474
205.500	2.573	86.598	19.657	14.272	18.806	-26.427
205.625	2.617	87.589	23.500	17.477	22.364	-26.257
205.750	2.621	84.984	26.562	20.449	23.892	-25.925
205.875	2.613	80.711	27.912	22.305	24.467	-25.302
206.000	2.608	77.579	26.904	22.319	24.498	-24.469
206.125	2.608	75.783	23.563	20.255	24.072	-23.468
206.250	2.586	75.223	18.733	16.583	22.656	-22.407
206.375	2.524	75.551	14.105	12.782	18.674	-21.368
206.500	2.443	75.307	10.555	9.665	12.386	-20.370
206.625	2.390	72.523	8.320	7.515	7.611	-19.537
206.750	2.393	67.326	7.324	6.359	6.378	-18.829
206.875	2.416	62.968	6.980	5.797	6.010	-18.298
207.000	2.428	61.795	6.971	5.610	5.857	-17.941
207.125	2.414	63.108	7.063	5.620	5.701	-17.700
207.250	2.383	66.356	7.107	5.690	5.524	-17.667
207.375	2.345	71.655	7.079	5.741	5.473	-17.740
207.500	2.308	78.033	7.019	5.766	5.595	-17.877
207.625	2.291	82.776	6.979	5.787	5.729	-18.018
207.750	2.310	86.271	7.001	5.830	5.658	-18.132
207.875	2.348	91.222	7.083	5.905	5.664	-18.249
208.000	2.382	96.926	7.213	6.009	5.790	-18.362
208.125	2.398	99.937	7.370	6.134	6.033	-18.433
208.250	2.401	99.259	7.526	6.261	6.363	-18.420
208.375	2.398	98.042	7.649	6.371	6.650	-18.307
208.500	2.395	96.051	7.719	6.449	6.818	-18.172
208.625	2.398	92.136	7.720	6.482	6.925	-17.963
208.750	2.408	88.729	7.633	6.448	6.961	-17.641
208.875	2.418	89.048	7.471	6.350	6.889	-17.273
209.000	2.418	91.065	7.251	6.192	6.678	-16.795
209.125	2.405	90.141	7.000	5.988	6.371	-16.315
209.250	2.388	84.108	6.762	5.765	5.921	-15.842
209.375	2.382	76.008	6.567	5.554	5.497	-15.399
209.500	2.390	68.288	6.424	5.371	5.227	-15.007
209.625	2.401	62.257	6.315	5.213	5.072	-14.606
209.750	2.404	59.351	6.204	5.062	5.037	-14.288
209.875	2.404	59.711	6.067	4.899	5.005	-14.075
210.000	2.402	62.682	5.910	4.722	4.992	-13.948
210.125	2.397	65.898	5.782	4.555	4.970	-13.928
210.250	2.386	68.696	5.828	4.477	4.972	-14.037
210.375	2.371	72.390	6.189	4.580	5.181	-14.243
210.500	2.353	76.662	7.026	4.978	5.893	-14.563
210.625	2.338	80.506	8.497	5.800	7.457	-15.033
210.750	2.326	83.981	10.846	7.300	10.289	-15.558
210.875	2.307	86.936	13.945	9.498	14.114	-16.086
211.000	2.282	86.687	17.635	12.400	18.739	-16.609
211.125	2.261	84.211	21.595	15.856	23.627	-17.035
211.250	2.251	83.227	25.254	19.493	28.032	-17.406
211.375	2.244	83.060	28.086	22.721	32.317	-17.718
211.500	2.234	81.020	29.703	25.060	34.626	-17.903
211.625	2.227	77.354	29.929	26.193	34.243	-18.030
211.750	2.237	76.192	28.674	25.847	33.420	-18.079
211.875	2.261	77.918	26.533	24.454	30.905	-18.033
212.000	2.283	80.991	23.974	22.395	26.271	-17.978
212.125	2.294	84.189	21.453	20.108	22.491	-17.920
212.250	2.300	86.165	19.427	18.067	18.974	-17.828
212.375	2.309	87.475	18.012	16.507	16.620	-17.743
212.500	2.321	89.435	17.170	15.470	15.316	-17.680
212.625	2.335	92.173	16.735	14.864	14.241	-17.657
212.750	2.351	92.837	16.504	14.546	14.297	-17.697
212.875	2.360	90.641	16.328	14.336	14.749	-17.795
213.000	2.354	86.539	16.325	14.253	14.631	-17.947
213.125	2.331	83.384	16.841	14.507	13.281	-18.158
213.250	2.292	83.318	18.739	15.699	12.338	-18.480
213.375	2.243	83.119	22.732	18.322	13.123	-18.823
213.500	2.191	80.330	29.256	22.949	16.211	-19.121
213.625	2.147	75.888	38.368	29.928	20.770	-19.385
213.750	2.130	73.434	49.858	39.181	26.323	-19.614
213.875	2.142	72.150	59.998	48.872	29.885	-19.794
214.000	2.182	70.698	67.460	56.928	28.643	-19.900
214.125	2.234	70.857	70.341	61.409	25.909	-19.873
214.250	2.270	73.446	67.605	60.929	26.547	-19.667
214.375	2.270	75.772	61.881	57.313	28.811	-19.397
214.500	2.249	77.100	55.095	52.073	30.760	-19.131
214.625	2.230	78.373	48.439	46.338	29.656	-18.872
214.750	2.222	78.540	42.687	40.930	25.860	-18.632
214.875	2.217	77.020	38.079	36.323	22.455	-18.436
215.000	2.214	76.676	34.787	32.812	20.595	-18.207
215.125	2.218	78.936	32.800	30.502	19.068	-18.042
215.250	2.226	80.275	32.028	29.419	17.471	-17.915
215.375	2.229	78.895	31.850	29.033	16.642	-17.767
215.500	2.225	76.991	31.871	28.976	16.708	-17.665
215.625	2.219	76.936	31.898	28.996	16.834	-17.499
215.750	2.216	78.097	32.238	29.209	17.411	-17.363
215.875	2.213	78.695	33.621	30.156	19.025	-17.215
216.000	2.209	78.249	36.963	32.661	22.966	-17.113
216.125	2.202	76.970	43.112	37.609	30.816	-17.120
216.250	2.197	75.242	53.067	46.167	45.669	-17.125
216.375	2.198	73.160	65.789	57.573	67.264	-17.239
216.500	2.203	70.372	79.775	70.518	91.001	-17.386
216.625	2.209	67.776	92.773	82.882	110.607	-17.615
216.750	2.208	67.874	101.644	91.683	120.562	-17.903
216.875	2.203	69.647	105.954	96.329	114.762	-18.146
217.000	2.196	70.536	106.895	97.698	107.407	-18.448
217.125	2.188	69.217	106.522	97.528	104.355	-18.707
217.250	2.181	67.069	106.316	97.261	102.486	-18.994
217.375	2.174	65.931	106.416	97.306	100.664	-19.305
217.500	2.170	66.227	106.376	97.421	101.163	-19.575
217.625	2.172	67.695	105.642	97.183	104.813	-19.836
217.750	2.177	69.453	103.494	95.990	108.539	-20.021
217.875	2.179	71.459	99.892	93.680	107.291	-20.230
218.000	2.175	73.471	94.917	90.203	100.771	-20.416
218.125	2.167	72.930	88.881	85.694	93.210	-20.532
218.250	2.160	69.716	82.303	80.432	81.469	-20.651
218.375	2.155	67.583	76.037	75.137	69.187	-20.621
218.500	2.154	67.721	70.808	70.483	58.353	-20.521
218.625	2.157	67.586	67.188	67.099	52.123	-20.319
218.750	2.164	65.883	65.678	65.643	53.572	-20.036
218.875	2.170	65.767	65.622	65.684	58.502	-19.778
219.000	2.172	67.557	66.314	66.630	64.996	-19.434
219.125	2.173	69.468	66.919	67.662	71.549	-19.153
219.250	2.179	70.096	66.567	67.823	73.521	-18.860
219.375	2.186	70.931	65.206	66.880	70.531	-18.664
219.500	2.189	72.860	63.221	65.084	64.399	-18.616
219.625	2.189	74.360	61.283	63.043	59.805	-18.640
219.750	2.190	74.025	60.193	61.567	58.755	-18.854
219.875	2.193	72.960	60.154	61.014	59.742	-19.080
220.000	2.199	72.322	61.137	61.454	62.055	-19.402
220.125	2.214	72.264	62.963	62.783	65.189	-19.745
220.250	2.240	71.128	65.460	64.897	67.681	-20.097
220.375	2.257	69.408	68.265	67.448	68.815	-20.526
220.500	2.251	67.275	71.130	70.207	69.530	-20.891
220.625	2.216	64.922	73.795	72.906	68.353	-21.301
220.750	2.161	63.405	75.953	75.204	67.434	-21.635
220.875	2.110	63.261	77.609	77.028	65.185	-21.918
221.000	2.084	64.143	78.848	78.415	61.568	-22.191
221.125	2.088	65.098	79.765	79.433	60.311	-22.406
221.250	2.110	65.897	80.308	79.997	67.759	-22.678
221.375	2.132	66.100	80.417	80.021	79.423	-22.882
221.500	2.151	64.336	80.037	79.385	89.131	-23.100
221.625	2.169	61.210	79.363	78.212	92.943	-23.285
221.750	2.172	58.752	79.053	77.077	87.339	-23.392
221.875	2.159	57.816	79.783	76.740	77.104	-23.523
222.000	2.137	58.149	81.956	77.681	71.930	-23.553
222.125	2.116	59.578	85.551	79.985	74.766	-23.614
222.250	2.102	61.939	90.148	83.356	84.452	-23.563
222.375	2.102	65.210	94.736	86.857	91.228	-23.489
222.500	2.115	68.509	98.654	89.855	90.107	-23.398
222.625	2.134	70.422	101.604	92.038	83.618	-23.248
222.750	2.159	69.863	103.648	93.403	79.157	-23.186
222.875	2.183	67.885	105.375	94.439	78.474	-23.059
223.000	2.200	65.609	107.104	95.439	81.348	-22.983
223.125	2.213	64.396	108.926	96.513	84.785	-22.858
223.250	2.225	66.432	110.680	97.569	86.868	-22.798
223.375	2.233	69.730	112.104	98.410	88.225	-22.797
223.500	2.229	71.538	112.928	98.816	90.061	-22.763
223.625	2.212	70.766	112.920	98.581	92.137	-22.821
223.750	2.187	67.987	111.864	97.488	87.899	-22.816
223.875	2.160	65.217	110.162	95.831	79.322	-22.903
224.000	2.134	62.961	108.262	93.970	70.572	-23.036
224.125	2.110	61.265	106.577	92.276	65.378	-23.163
224.250	2.093	61.387	105.273	90.966	62.844	-23.331
224.375	2.088	64.045	103.990	89.784	61.987	-23.401
224.500	2.096	67.322	102.290	88.372	65.554	-23.494
224.625	2.113	67.919	99.892	86.443	72.367	-23.523
224.750	2.133	65.456	96.917	83.991	76.971	-23.541
224.875	2.151	63.485	94.159	81.622	74.726	-23.505
225.000	2.175	62.528	92.273	79.941	70.121	-23.349
225.125	2.210	61.653	91.392	79.241	67.454	-23.205
225.250	2.262	61.337	90.592	79.027	68.948	-22.853
225.375	2.328	62.169	88.217	77.892	72.159	-22.485
225.500	2.394	62.738	83.114	74.691	73.414	-22.053
225.625	2.429	62.840	75.197	69.045	70.955	-21.551
225.750	2.403	62.818	65.705	61.585	60.844	-21.066
225.875	2.355	63.924	56.965	54.247	44.208	-20.529
226.000	2.320	66.975	50.276	48.326	33.515	-20.056
226.125	2.304	70.751	45.976	44.387	32.157	-19.507
226.250	2.295	72.172	43.668	42.339	34.061	-19.026
226.375	2.288	70.563	41.737	40.811	36.528	-18.536
226.500	2.291	68.821	38.895	38.555	40.411	-18.033
226.625	2.313	68.737	34.270	34.547	42.113	-17.535
226.750	2.347	69.895	27.733	28.362	41.890	-16.887
226.875	2.358	69.721	20.838	21.542	38.611	-16.272
227.000	2.328	67.316	14.902	15.527	28.815	-15.620
227.125	2.280	63.800	10.632	11.095	14.879	-15.008
227.250	2.243	59.329	8.224	8.450	8.651	-14.474
227.375	2.218	54.921	6.925	6.901	6.199	-13.992
227.500	2.203	53.662	6.321	6.089	5.541	-13.629
227.625	2.205	58.519	6.141	5.774	5.387	-13.361
227.750	2.233	65.800	6.275	5.856	5.398	-13.388
227.875	2.263	71.359	6.611	6.189	5.631	-13.553
228.000	2.283	75.949	7.111	6.719	6.077	-13.892
228.125	2.292	80.973	7.708	7.378	6.980	-14.423
228.250	2.292	85.247	8.277	8.049	8.207	-15.025
228.375	2.285	87.441	8.693	8.589	9.295	-15.723
228.500	2.273	87.912	8.888	8.901	9.627	-16.420
228.625	2.260	87.583	8.879	8.963	9.006	-17.157
228.750	2.253	88.882	8.747	8.815	8.740	-17.752
228.875	2.254	92.698	8.619	8.597	8.696	-18.259
229.000	2.260	97.536	8.540	8.384	8.705	-18.683
229.125	2.264	101.841	8.507	8.213	8.612	-18.957
229.250	2.259	105.539	8.482	8.097	8.490	-19.196
229.375	2.248	110.342	8.421	8.025	8.464	-19.330
229.500	2.226	115.870	8.341	8.000	8.584	-19.450
229.625	2.192	119.452	8.318	8.024	8.816	-19.531
229.750	2.181	117.170	8.386	8.094	9.060	-19.675
229.875	2.199	110.890	8.569	8.197	9.268	-19.894
230.000	2.222	104.416	8.894	8.358	9.496	-20.132
230.125	2.235	100.939	9.541	8.651	9.753	-20.496
230.250	2.193	100.888	10.502	9.265	10.260	-20.927
230.375	2.153	102.349	12.019	10.325	11.268	-21.457
230.500	2.144	102.295	14.159	11.951	13.653	-22.078
230.625	2.162	98.468	16.846	14.176	17.677	-22.705
230.750	2.186	92.047	19.837	16.928	22.531	-23.363
230.875	2.207	87.420	22.671	19.789	26.597	-23.968
231.000	2.225	85.114	24.999	22.366	28.783	-24.515
231.125	2.235	83.839	26.629	24.329	29.499	-24.945
231.250	2.232	83.402	27.527	25.469	30.055	-25.220
231.375	2.226	82.973	28.075	26.104	30.965	-25.442
231.500	2.222	81.731	28.511	26.491	32.461	-25.505
231.625	2.223	79.377	28.964	26.806	33.804	-25.525
231.750	2.226	76.770	29.488	27.146	35.204	-25.412
231.875	2.223	74.659	30.111	27.565	37.163	-25.189
232.000	2.213	73.918	30.922	28.145	38.531	-24.953
232.125	2.193	74.936	32.064	29.013	37.319	-24.670
232.250	2.163	76.196	33.778	30.397	34.859	-24.449
232.375	2.146	76.547	36.036	32.300	35.204	-24.188
232.500	2.158	75.393	38.730	34.664	38.083	-23.964
232.625	2.192	72.525	41.615	37.304	43.018	-23.767
232.750	2.229	69.350	44.288	39.890	45.010	-23.556
232.875	2.254	67.737	46.470	42.117	45.613	-23.422
233.000	2.247	68.139	48.080	43.854	46.386	-23.260
233.125	2.204	69.360	49.223	45.146	48.468	-23.138
233.250	2.156	69.291	50.086	46.135	51.212	-23.015
233.375	2.135	68.083	50.852	47.016	53.893	-22.830
233.500	2.139	66.881	51.503	47.802	55.961	-22.632
233.625	2.154	67.557	51.927	48.408	57.220	-22.351
233.750	2.175	70.667	51.931	48.653	57.648	-22.118
233.875	2.199	73.258	51.515	48.509	56.961	-21.875
234.000	2.219	73.596	50.686	47.969	55.326	-21.646
234.125	2.231	72.095	49.469	47.045	53.266	-21.435
234.250	2.237	70.813	48.243	45.689	51.540	-21.159
234.375	2.239	70.282	46.853	43.988	50.841	-20.978
234.500	2.238	70.521	45.512	42.048	49.778	-20.782
234.625	2.237	71.895	44.857	40.069	47.533	-20.630
234.750	2.244	72.721	42.980	38.346	44.117	-20.433
234.875	2.257	72.667	41.536	37.005	41.418	-20.206
235.000	2.274	73.220	40.479	36.054	41.213	-19.965
235.125	2.287	75.208	39.697	35.417	43.332	-19.604
235.250	2.291	77.242	39.127	35.039	44.652	-19.264
235.375	2.288	77.100	38.773	34.870	42.436	-18.848
235.500	2.279	75.831	38.759	34.984	39.320	-18.417
235.625	2.269	75.620	39.217	35.489	38.598	-17.975
235.750	2.260	76.482	40.217	36.502	40.956	-17.528
235.875	2.254	77.448	41.361	37.753	44.346	-17.105
236.000	2.255	78.339	42.074	38.778	47.134	-16.692
236.125	2.261	79.232	41.684	38.947	47.969	-16.418
236.250	2.268	79.119	39.464	37.464	46.929	-16.095
236.375	2.274	78.246	35.889	34.570	44.477	-15.759
236.500	2.284	78.611	31.768	30.908	38.403	-15.433
236.625	2.302	81.662	28.091	27.395	29.693	-15.045
236.750	2.327	87.710	25.787	24.961	24.001	-14.688
236.875	2.350	93.588	24.733	23.660	22.466	-14.270
237.000	2.362	94.887	24.507	23.232	24.106	-13.870
237.125	2.349	89.835	24.471	23.177	26.563	-13.440
237.250	2.316	82.469	23.896	22.840	26.405	-13.095
237.375	2.291	78.152	22.586	21.878	24.604	-12.854
237.500	2.287	78.582	20.755	20.343	22.086	-12.622
237.625	2.300	82.886	18.883	18.604	19.130	-12.494
237.750	2.317	88.970	17.548	17.207	17.036	-12.358
237.875	2.331	94.640	16.849	16.363	16.882	-12.280
238.000	2.343	99.344	16.647	16.033	17.535	-12.161
238.125	2.358	103.278	16.686	16.034	18.203	-11.963
238.250	2.365	103.542	16.674	16.121	18.587	-11.722
238.375	2.356	99.940	16.462	16.082	18.621	-11.377
238.500	2.335	96.589	16.077	15.875	17.878	-11.069
238.625	2.316	95.999	15.677	15.596	16.431	-10.706
238.750	2.303	95.170	15.525	15.467	16.060	-10.370
238.875	2.290	90.393	15.734	15.634	16.301	-10.040
239.000	2.280	83.751	16.300	16.134	17.154	-9.724
239.125	2.274	78.682	17.080	16.883	18.281	-9.503
239.250	2.274	77.075	17.745	17.616	19.395	-9.291
239.375	2.277	77.967	17.946	17.961	20.071	-9.155
239.500	2.282	78.735	17.444	17.621	19.957	-8.997
239.625	2.294	78.303	16.211	16.482	18.965	-8.862
239.750	2.320	78.212	14.454	14.677	17.143	-8.704
239.875	2.359	80.277	12.728	12.788	14.485	-8.530
240.000	2.399	84.744	11.435	11.235	11.538	-8.438
240.125	2.417	89.726	10.817	10.273	9.685	-8.337
240.250	2.403	92.199	11.046	10.088	9.937	-8.345
240.375	2.381	91.048	11.914	10.528	11.492	-8.377
240.500	2.367	86.733	13.298	11.514	13.759	-8.459
240.625	2.361	81.406	15.085	12.962	16.149	-8.588
240.750	2.354	78.223	17.244	14.849	17.956	-8.791
240.875	2.340	77.569	19.677	17.057	20.176	-9.088
241.000	2.323	76.706	22.304	19.523	23.947	-9.349
241.125	2.301	74.270	24.919	22.093	28.469	-9.656
241.250	2.277	71.948	27.060	24.384	32.631	-9.904
241.375	2.260	70.695	28.384	26.004	36.019	-10.147
241.500	2.256	70.454	28.730	26.689	35.776	-10.316
241.625	2.260	70.403	28.259	26.470	32.301	-10.425
241.750	2.263	69.517	27.416	25.680	29.239	-10.512
241.875	2.260	67.899	26.742	24.897	28.081	-10.498
242.000	2.253	67.184	26.416	24.368	27.927	-10.535
242.125	2.244	68.586	26.368	24.116	28.119	-10.529
242.250	2.238	69.483	26.342	23.982	27.804	-10.539
242.375	2.237	69.143	26.079	23.717	27.005	-10.538
242.500	2.240	68.054	25.493	23.199	26.024	-10.554
242.625	2.247	67.132	24.648	22.439	24.831	-10.632
242.750	2.256	67.072	23.730	21.560	23.046	-10.687
242.875	2.265	67.534	22.966	20.764	20.924	-10.803
243.000	2.279	69.258	22.514	20.196	19.027	-10.860
243.125	2.307	71.560	22.514	19.989	17.526	-10.931
243.250	2.334	71.730	23.201	20.366	16.736	-10.956
243.375	2.330	70.170	24.550	21.339	17.572	-10.959
243.500	2.295	69.666	26.478	22.893	20.542	-10.994
243.625	2.266	70.737	28.677	24.826	25.462	-10.974
243.750	2.269	70.650	30.414	26.579	30.816	-10.970
243.875	2.296	69.367	30.948	27.441	33.803	-10.858
244.000	2.340	68.993	29.765	26.839	33.873	-10.738
244.125	2.393	69.219	26.842	24.591	30.914	-10.590
244.250	2.436	66.899	22.757	21.073	26.167	-10.437
244.375	2.449	63.387	18.781	17.479	21.139	-10.284
244.500	2.432	61.851	15.616	14.496	16.592	-10.109
244.625	2.408	63.000	13.498	12.388	13.327	-9.961
244.750	2.395	65.083	12.418	11.208	12.750	-9.730
244.875	2.393	66.732	11.898	10.589	13.077	-9.567
245.000	2.401	68.447	11.658	10.310	13.495	-9.363
245.125	2.412	70.557	11.495	10.185	12.298	-9.161
245.250	2.415	72.873	11.296	10.081	10.088	-8.957
245.375	2.412	73.706	11.066	9.946	8.702	-8.719
245.500	2.413	72.499	10.846	9.804	8.114	-8.481
245.625	2.417	71.291	10.671	9.689	8.019	-8.197
245.750	2.401	72.923	10.535	9.625	8.083	-8.008
245.875	2.361	75.166	10.401	9.587	8.388	-7.788
246.000	2.317	75.879	10.275	9.552	8.650	-7.619
246.125	2.295	75.998	10.169	9.505	8.778	-7.465
246.250	2.308	77.437	10.133	9.446	8.830	-7.312
246.375	2.343	79.497	10.109	9.392	8.914	-7.196
246.500	2.390	80.100	10.100	9.362	9.131	-7.048
246.625	2.434	78.420	10.244	9.380	9.548	-6.946
246.750	2.459	73.931	10.508	9.483	10.704	-6.790
246.875	2.465	68.979	10.870	9.681	12.327	-6.708
247.000	2.459	66.227	11.332	9.984	13.986	-6.639
247.125	2.452	66.324	11.877	10.380	15.123	-6.622
247.250	2.452	66.796	12.463	10.847	14.886	-6.662
247.375	2.458	65.869	13.028	11.327	14.742	-6.738
247.500	2.465	65.960	13.532	11.778	15.817	-6.869
247.625	2.467	68.378	13.949	12.167	17.697	-7.056
247.750	2.468	69.770	14.261	12.465	19.817	-7.303
247.875	2.471	68.659	14.494	12.685	21.198	-7.547
248.000	2.478	67.756	14.663	12.840	20.933	-7.814
248.125	2.483	68.427	14.779	12.944	18.528	-8.051
248.250	2.469	70.054	14.854	13.014	16.684	-8.241
248.375	2.433	72.129	14.913	13.075	15.797	-8.386
248.500	2.388	73.523	14.969	13.141	15.789	-8.508
248.625	2.361	72.161	15.032	13.220	16.396	-8.600
248.750	2.378	69.780	15.096	13.312	16.966	-8.652
248.875	2.425	70.107	15.148	13.404	17.421	-8.710
249.000	2.479	72.365	15.179	13.480	17.287	-8.745
249.125	2.509	72.926	15.185	13.533	15.769	-8.771
249.250	2.489	69.867	15.173	13.560	14.322	-8.726
249.375	2.443	66.168	15.156	13.575	14.089	-8.701
249.500	2.395	64.753	15.139	13.587	15.047	-8.693
249.625	2.362	66.415	15.125	13.602	16.518	-8.673
249.750	2.354	68.325	15.107	13.619	17.446	-8.640
249.875	2.361	69.494	15.071	13.622	17.390	-8.600
250.000	2.374	71.623	14.998	13.593	16.775	-8.560
250.125	2.390	74.564	14.873	13.516	15.934	-8.545
250.250	2.407	76.090	14.680	13.374	15.249	-8.630
250.375	2.425	75.798	14.445	13.188	14.618	-8.728
250.500	2.437	75.022	14.201	12.983	14.043	-8.821
250.625	2.436	74.691	13.983	12.789	13.579	-8.911
250.750	2.427	75.072	13.829	12.644	13.155	-9.079
250.875	2.418	75.121	13.737	12.553	13.069	-9.222
251.000	2.416	75.261	13.689	12.511	13.081	-9.384
251.125	2.419	75.712	13.657	12.498	13.013	-9.491
251.250	2.415	75.608	13.606	12.485	12.717	-9.615
251.375	2.397	74.556	13.520	12.448	12.156	-9.698
251.500	2.370	73.744	13.399	12.375	11.445	-9.801
251.625	2.353	73.738	13.247	12.263	10.837	-9.894
251.750	2.360	73.399	13.050	12.101	10.473	-10.004
251.875	2.383	72.342	12.789	11.881	10.255	-10.120
252.000	2.402	72.086	12.438	11.586	10.151	-10.194
252.125	2.403	73.623	11.992	11.207	9.940	-10.309
252.250	2.391	76.512	11.486	10.761	9.615	-10.339
252.375	2.379	78.169	11.021	10.327	9.254	-10.391
252.500	2.368	78.284	10.695	9.987	9.052	-10.516
252.625	2.358	78.384	10.584	9.817	9.280	-10.706
252.750	2.363	79.089	10.758	9.904	10.130	-10.771
252.875	2.384	79.203	11.127	10.199	11.581	-10.812
253.000	2.409	79.413	11.601	10.641	13.398	-10.835
253.125	2.425	79.651	12.066	11.134	15.056	-10.779
253.250	2.434	79.651	12.387	11.543	15.781	-10.814
253.375	2.448	79.651	12.527	11.790	15.742	-10.904
253.500	2.460	79.651	12.506	11.858	15.439	-10.870
253.625	2.461	79.651	12.393	11.791	15.161	-10.785
253.750	2.445	79.651	12.294	11.672	14.698	-10.828
253.875	2.424	79.651	12.281	11.596	14.118	-10.876
254.000	2.405	79.651	12.376	11.603	14.046	-10.925
254.125	2.394	79.651	12.569	11.703	14.539	-11.029
254.250	2.405	79.651	12.841	11.901	14.496	-11.121
254.375	2.445	79.651	13.161	12.169	13.694	-11.130
254.500	2.497	79.651	13.528	12.502	13.401	-11.098
254.625	2.531	79.651	13.953	12.901	13.930	-11.011
254.750	2.533	79.651	14.453	13.378	14.707	-10.866
254.875	2.527	79.651	14.997	13.907	15.554	-10.770
255.000	2.516	79.651	15.538	14.451	16.368	-10.696
255.125	2.500	79.651	16.018	14.955	16.691	-10.571
255.250	2.481	79.651	16.369	15.345	16.878	-10.323
255.375	2.472	79.651	16.604	15.614	17.172	-10.034
255.500	2.476	79.651	16.764	15.785	17.442	-9.796
255.625	2.485	79.651	16.910	15.913	17.123	-9.631
255.750	2.490	79.651	17.108	16.064	17.100	-9.482
255.875	2.495	79.651	17.381	16.278	16.980	-9.317
256.000	2.502	79.651	17.721	16.562	16.784	-9.152
256.125	2.506	79.651	18.101	16.901	16.810	-9.015
256.250	2.502	79.651	18.496	17.273	17.014	-9.074
256.375	2.492	79.651	18.889	17.653	17.623	-9.271
256.500	2.481	79.651	19.280	18.035	18.472	-9.500
256.625	2.477	79.651	19.669	18.417	19.249	-9.717
256.750	2.491	79.651	20.037	18.782	19.784	-9.937
256.875	2.514	79.651	20.359	19.103	20.059	-10.141
257.000	2.525	79.651	20.612	19.348	20.721	-10.373
257.125	2.519	79.651	20.787	19.499	22.125	-10.638
257.250	2.509	79.651	20.886	19.549	23.719	-10.744
257.375	2.505	79.651	20.943	19.545	24.317	-10.818
257.500	2.494	79.651	20.966	19.523	24.356	-10.907
257.625	2.463	79.651	20.956	19.507	23.942	-10.986
257.750	2.425	79.651	20.914	19.510	23.397	-10.979
257.875	2.407	79.651	20.861	19.522	22.636	-10.995
258.000	2.416	79.651	20.815	19.535	22.216	-11.012
258.125	2.442	79.651	20.787	19.541	21.878	-10.992
258.250	2.462	79.651	20.778	19.541	21.490	-10.982
258.375	2.470	79.651	20.776	19.540	21.782	-10.855
258.500	2.475	79.651	20.776	19.541	22.281	-10.609
258.625	2.483	79.651	20.776	19.544	22.511	-10.309
258.750	2.500	79.651	20.777	19.547	22.791	-10.011
258.875	2.523	79.651	20.777	19.548	23.158	-9.659
259.000	2.538	79.651	20.777	19.549	23.759	-9.270
259.125	2.532	79.651	20.777	19.549	24.939	-8.874
259.250	2.503	79.651	20.777	19.549	26.110	-8.553
259.375	2.476	79.651	20.777	19.549	26.196	-8.356
259.500	2.464	79.651	20.777	19.549	25.117	-8.228
259.625	2.464	79.651	20.777	19.549	22.948	-8.087
259.750	2.464	79.651	20.777	19.549	19.564	-8.017
259.875	2.459	79.651	20.777	19.549	16.320	-7.938
260.000	2.454	79.651	20.777	19.549	13.979	-7.877
260.125	2.453	79.651	20.777	19.549	13.002	-7.874
260.250	2.449	79.651	20.777	19.549	12.722	-7.872
260.375	2.443	79.651	20.777	19.549	12.453	-7.794
260.500	2.443	79.651	20.777	19.549	11.972	-7.758
260.625	2.452	79.651	20.777	19.549	11.337	-7.788
260.750	2.462	79.651	20.777	19.549	10.998	-7.811
260.875	2.465	79.651	20.777	19.549	10.866	-7.874
261.000	2.464	79.651	20.777	19.549	10.651	-7.973
261.125	2.451	79.651	20.777	19.549	10.581	-8.081
261.250	2.440	79.651	20.777	19.549	10.537	-8.165
261.375	2.427	79.651	20.777	19.549	10.530	-8.276
261.500	2.404	79.651	20.777	19.549	10.595	-8.337
261.625	2.360	79.651	20.777	19.549	10.887	-8.380
261.750	2.288	79.651	20.777	19.549	11.174	-8.453
261.875	2.196	79.651	20.777	19.549	11.175	-8.478
262.000	2.083	79.651	20.777	19.549	9.960	-8.484
262.125	1.937	79.651	20.777	19.549	8.659	-8.490
262.250	1.785	79.651	20.777	19.549	7.760	-8.437
262.375	1.681	79.651	20.777	19.549	7.397	-8.395
262.500	1.634	79.651	20.777	19.549	7.319	-8.386
262.625	1.626	79.651	20.777	19.549	7.317	-8.386
262.750	1.630	79.651	20.777	19.549	7.315	-8.386
262.875	1.634	79.651	20.777	19.549	7.314	-9999.000
263.000	1.636	79.651	20.777	19.549	7.316	-9999.000
