#WellName	 Depth.M	 INCL	 AZIM 
WellName	 Depth.M	 INCL	 AZIM 
FD10893	0.000 	 0.000 	 0.000
FD10893	0.125 	 0.000 	 90.000
FD10893	0.250 	 0.000 	 90.000
FD10893	0.375 	 0.000 	 90.000
FD10893	0.500 	 0.000 	 90.000
FD10893	0.625 	 0.000 	 90.000
FD10893	0.750 	 0.000 	 90.000
FD10893	0.875 	 0.000 	 90.000
FD10893	1.000 	 0.000 	 90.000
FD10893	1.125 	 0.000 	 90.000
FD10893	1.250 	 0.000 	 90.000
FD10893	1.375 	 0.000 	 90.000
FD10893	1.500 	 0.000 	 90.000
FD10893	1.625 	 0.000 	 90.000
FD10893	1.750 	 0.000 	 90.000
FD10893	1.875 	 0.000 	 90.000
FD10893	2.000 	 0.000 	 90.000
FD10893	2.125 	 0.000 	 90.000
FD10893	2.250 	 0.000 	 90.000
FD10893	2.375 	 0.000 	 90.000
FD10893	2.500 	 0.000 	 90.000
FD10893	2.625 	 0.000 	 90.000
FD10893	2.750 	 0.000 	 90.000
FD10893	2.875 	 0.000 	 90.000
FD10893	3.000 	 0.000 	 90.000
FD10893	3.125 	 0.000 	 90.000
FD10893	3.250 	 0.000 	 90.000
FD10893	3.375 	 0.000 	 90.000
FD10893	3.500 	 0.000 	 90.000
FD10893	3.625 	 0.000 	 90.000
FD10893	3.750 	 0.000 	 90.000
FD10893	3.875 	 0.000 	 90.000
FD10893	4.000 	 0.000 	 90.000
FD10893	4.125 	 0.000 	 90.000
FD10893	4.250 	 0.000 	 90.000
FD10893	4.375 	 0.000 	 90.000
FD10893	4.500 	 0.000 	 90.000
FD10893	4.625 	 0.000 	 90.000
FD10893	4.750 	 0.000 	 90.000
FD10893	4.875 	 0.000 	 90.000
FD10893	5.000 	 0.000 	 90.000
FD10893	5.125 	 0.000 	 90.000
FD10893	5.250 	 0.000 	 90.000
FD10893	5.375 	 0.000 	 90.000
FD10893	5.500 	 0.000 	 90.000
FD10893	5.625 	 0.000 	 90.000
FD10893	5.750 	 0.000 	 90.000
FD10893	5.875 	 0.000 	 90.000
FD10893	6.000 	 0.000 	 90.000
FD10893	6.125 	 0.000 	 90.000
FD10893	6.250 	 0.000 	 90.000
FD10893	6.375 	 0.000 	 90.000
FD10893	6.500 	 0.000 	 90.000
FD10893	6.625 	 0.000 	 90.000
FD10893	6.750 	 0.000 	 90.000
FD10893	6.875 	 0.000 	 90.000
FD10893	7.000 	 0.000 	 90.000
FD10893	7.125 	 0.000 	 90.000
FD10893	7.250 	 0.000 	 90.000
FD10893	7.375 	 0.000 	 90.000
FD10893	7.500 	 0.000 	 90.000
FD10893	7.625 	 0.000 	 90.000
FD10893	7.750 	 0.000 	 90.000
FD10893	7.875 	 0.000 	 90.000
FD10893	8.000 	 0.000 	 90.000
FD10893	8.125 	 0.000 	 90.000
FD10893	8.250 	 0.000 	 90.000
FD10893	8.375 	 0.000 	 90.000
FD10893	8.500 	 0.000 	 90.000
FD10893	8.625 	 0.000 	 90.000
FD10893	8.750 	 0.000 	 90.000
FD10893	8.875 	 0.000 	 90.000
FD10893	9.000 	 0.000 	 90.000
FD10893	9.125 	 0.000 	 90.000
FD10893	9.250 	 0.000 	 90.000
FD10893	9.375 	 0.000 	 90.000
FD10893	9.500 	 0.000 	 90.000
FD10893	9.625 	 0.000 	 90.000
FD10893	9.750 	 0.000 	 90.000
FD10893	9.875 	 0.000 	 90.000
FD10893	10.000 	 0.000 	 90.000
FD10893	10.125 	 0.000 	 90.000
FD10893	10.250 	 0.000 	 90.000
FD10893	10.375 	 0.000 	 90.000
FD10893	10.500 	 0.000 	 90.000
FD10893	10.625 	 0.000 	 90.000
FD10893	10.750 	 0.000 	 90.000
FD10893	10.875 	 0.000 	 90.000
FD10893	11.000 	 0.000 	 90.000
FD10893	11.125 	 0.000 	 90.000
FD10893	11.250 	 0.000 	 90.000
FD10893	11.375 	 0.000 	 90.000
FD10893	11.500 	 0.000 	 90.000
FD10893	11.625 	 0.000 	 90.000
FD10893	11.750 	 0.000 	 90.000
FD10893	11.875 	 0.000 	 90.000
FD10893	12.000 	 0.000 	 90.000
FD10893	12.125 	 0.000 	 90.000
FD10893	12.250 	 0.000 	 90.000
FD10893	12.375 	 0.000 	 90.000
FD10893	12.500 	 0.000 	 90.000
FD10893	12.625 	 0.000 	 90.000
FD10893	12.750 	 0.000 	 90.000
FD10893	12.875 	 0.000 	 90.000
FD10893	13.000 	 0.000 	 90.000
FD10893	13.125 	 0.000 	 90.000
FD10893	13.250 	 0.000 	 90.000
FD10893	13.375 	 0.000 	 90.000
FD10893	13.500 	 0.000 	 90.000
FD10893	13.625 	 0.000 	 90.000
FD10893	13.750 	 0.000 	 90.000
FD10893	13.875 	 0.000 	 90.000
FD10893	14.000 	 0.000 	 90.000
FD10893	14.125 	 0.000 	 90.000
FD10893	14.250 	 0.000 	 90.000
FD10893	14.375 	 0.000 	 90.000
FD10893	14.500 	 0.000 	 90.000
FD10893	14.625 	 0.000 	 90.000
FD10893	14.750 	 0.000 	 90.000
FD10893	14.875 	 0.000 	 90.000
FD10893	15.000 	 0.000 	 90.000
FD10893	15.125 	 0.000 	 90.000
FD10893	15.250 	 0.000 	 90.000
FD10893	15.375 	 0.000 	 90.000
FD10893	15.500 	 0.000 	 90.000
FD10893	15.625 	 0.000 	 90.000
FD10893	15.750 	 0.000 	 90.000
FD10893	15.875 	 0.000 	 90.000
FD10893	16.000 	 0.000 	 90.000
FD10893	16.125 	 0.000 	 90.000
FD10893	16.250 	 0.000 	 90.000
FD10893	16.375 	 0.000 	 90.000
FD10893	16.500 	 0.000 	 90.000
FD10893	16.625 	 0.000 	 90.000
FD10893	16.750 	 0.000 	 90.000
FD10893	16.875 	 0.000 	 90.000
FD10893	17.000 	 0.000 	 90.000
FD10893	17.125 	 0.000 	 90.000
FD10893	17.250 	 0.000 	 90.000
FD10893	17.375 	 0.000 	 90.000
FD10893	17.500 	 0.000 	 90.000
FD10893	17.625 	 0.000 	 90.000
FD10893	17.750 	 0.000 	 90.000
FD10893	17.875 	 0.000 	 90.000
FD10893	18.000 	 0.000 	 90.000
FD10893	18.125 	 0.000 	 90.000
FD10893	18.250 	 0.000 	 90.000
FD10893	18.375 	 0.000 	 90.000
FD10893	18.500 	 0.000 	 90.000
FD10893	18.625 	 0.000 	 90.000
FD10893	18.750 	 0.000 	 90.000
FD10893	18.875 	 0.000 	 90.000
FD10893	19.000 	 0.000 	 90.000
FD10893	19.125 	 0.000 	 90.000
FD10893	19.250 	 0.000 	 90.000
FD10893	19.375 	 0.000 	 90.000
FD10893	19.500 	 0.000 	 90.000
FD10893	19.625 	 0.000 	 90.000
FD10893	19.750 	 0.000 	 90.000
FD10893	19.875 	 0.000 	 90.000
FD10893	20.000 	 0.000 	 90.000
FD10893	20.125 	 0.000 	 90.000
FD10893	20.250 	 0.000 	 90.000
FD10893	20.375 	 0.000 	 90.000
FD10893	20.500 	 0.000 	 90.000
FD10893	20.625 	 0.000 	 90.000
FD10893	20.750 	 0.000 	 90.000
FD10893	20.875 	 0.000 	 90.000
FD10893	21.000 	 0.000 	 90.000
FD10893	21.125 	 0.000 	 90.000
FD10893	21.250 	 0.000 	 90.000
FD10893	21.375 	 0.000 	 90.000
FD10893	21.500 	 0.000 	 90.000
FD10893	21.625 	 0.000 	 90.000
FD10893	21.750 	 0.000 	 90.000
FD10893	21.875 	 0.000 	 90.000
FD10893	22.000 	 0.000 	 90.000
FD10893	22.125 	 0.000 	 90.000
FD10893	22.250 	 0.000 	 90.000
FD10893	22.375 	 0.000 	 90.000
FD10893	22.500 	 0.000 	 90.000
FD10893	22.625 	 0.000 	 90.000
FD10893	22.750 	 0.000 	 90.000
FD10893	22.875 	 0.000 	 90.000
FD10893	23.000 	 0.000 	 90.000
FD10893	23.125 	 0.000 	 90.000
FD10893	23.250 	 0.000 	 90.000
FD10893	23.375 	 0.000 	 90.000
FD10893	23.500 	 0.000 	 90.000
FD10893	23.625 	 0.000 	 90.000
FD10893	23.750 	 0.000 	 90.000
FD10893	23.875 	 0.000 	 90.000
FD10893	24.000 	 0.000 	 90.000
FD10893	24.125 	 0.000 	 90.000
FD10893	24.250 	 0.000 	 90.000
FD10893	24.375 	 0.000 	 90.000
FD10893	24.500 	 0.000 	 90.000
FD10893	24.625 	 0.000 	 90.000
FD10893	24.750 	 0.000 	 90.000
FD10893	24.875 	 0.000 	 90.000
FD10893	25.000 	 0.000 	 90.000
FD10893	25.125 	 0.000 	 90.000
FD10893	25.250 	 0.000 	 90.000
FD10893	25.375 	 0.000 	 90.000
FD10893	25.500 	 0.000 	 90.000
FD10893	25.625 	 0.000 	 90.000
FD10893	25.750 	 0.000 	 90.000
FD10893	25.875 	 0.000 	 90.000
FD10893	26.000 	 0.000 	 90.000
FD10893	26.125 	 0.000 	 90.000
FD10893	26.250 	 0.000 	 90.000
FD10893	26.375 	 0.000 	 90.000
FD10893	26.500 	 0.000 	 90.000
FD10893	26.625 	 0.000 	 90.000
FD10893	26.750 	 0.000 	 90.000
FD10893	26.875 	 0.000 	 90.000
FD10893	27.000 	 0.000 	 90.000
FD10893	27.125 	 0.000 	 90.000
FD10893	27.250 	 0.000 	 90.000
FD10893	27.375 	 0.000 	 90.000
FD10893	27.500 	 0.000 	 90.000
FD10893	27.625 	 0.000 	 90.000
FD10893	27.750 	 0.000 	 90.000
FD10893	27.875 	 0.000 	 90.000
FD10893	28.000 	 0.000 	 90.000
FD10893	28.125 	 0.000 	 90.000
FD10893	28.250 	 0.000 	 90.000
FD10893	28.375 	 0.000 	 90.000
FD10893	28.500 	 0.000 	 90.000
FD10893	28.625 	 0.000 	 90.000
FD10893	28.750 	 0.000 	 90.000
FD10893	28.875 	 0.000 	 90.000
FD10893	29.000 	 0.000 	 90.000
FD10893	29.125 	 0.000 	 90.000
FD10893	29.250 	 0.000 	 90.000
FD10893	29.375 	 0.000 	 90.000
FD10893	29.500 	 0.000 	 90.000
FD10893	29.625 	 0.000 	 90.000
FD10893	29.750 	 0.000 	 90.000
FD10893	29.875 	 0.000 	 90.000
FD10893	30.000 	 0.000 	 90.000
FD10893	30.125 	 0.000 	 90.000
FD10893	30.250 	 0.000 	 90.000
FD10893	30.375 	 0.000 	 90.000
FD10893	30.500 	 0.000 	 90.000
FD10893	30.625 	 0.000 	 90.000
FD10893	30.750 	 0.000 	 90.000
FD10893	30.875 	 0.000 	 90.000
FD10893	31.000 	 0.000 	 90.000
FD10893	31.125 	 0.000 	 90.000
FD10893	31.250 	 0.000 	 90.000
FD10893	31.375 	 0.000 	 90.000
FD10893	31.500 	 0.000 	 90.000
FD10893	31.625 	 0.000 	 90.000
FD10893	31.750 	 0.000 	 90.000
FD10893	31.875 	 0.000 	 90.000
FD10893	32.000 	 0.000 	 90.000
FD10893	32.125 	 0.000 	 90.000
FD10893	32.250 	 0.000 	 90.000
FD10893	32.375 	 0.000 	 90.000
FD10893	32.500 	 0.000 	 90.000
FD10893	32.625 	 0.000 	 90.000
FD10893	32.750 	 0.000 	 90.000
FD10893	32.875 	 0.000 	 90.000
FD10893	33.000 	 0.000 	 90.000
FD10893	33.125 	 0.000 	 90.000
FD10893	33.250 	 0.000 	 90.000
FD10893	33.375 	 0.000 	 90.000
FD10893	33.500 	 0.000 	 90.000
FD10893	33.625 	 0.000 	 90.000
FD10893	33.750 	 0.000 	 90.000
FD10893	33.875 	 0.000 	 90.000
FD10893	34.000 	 0.000 	 90.000
FD10893	34.125 	 0.000 	 90.000
FD10893	34.250 	 0.000 	 90.000
FD10893	34.375 	 0.000 	 90.000
FD10893	34.500 	 0.000 	 90.000
FD10893	34.625 	 0.000 	 90.000
FD10893	34.750 	 0.000 	 90.000
FD10893	34.875 	 0.000 	 90.000
FD10893	35.000 	 0.000 	 90.000
FD10893	35.125 	 0.000 	 90.000
FD10893	35.250 	 0.000 	 90.000
FD10893	35.375 	 0.000 	 90.000
FD10893	35.500 	 0.000 	 90.000
FD10893	35.625 	 0.000 	 90.000
FD10893	35.750 	 0.000 	 90.000
FD10893	35.875 	 0.000 	 90.000
FD10893	36.000 	 0.000 	 90.000
FD10893	36.125 	 0.000 	 90.000
FD10893	36.250 	 0.000 	 90.000
FD10893	36.375 	 0.000 	 90.000
FD10893	36.500 	 0.000 	 90.000
FD10893	36.625 	 0.000 	 90.000
FD10893	36.750 	 0.000 	 90.000
FD10893	36.875 	 0.000 	 90.000
FD10893	37.000 	 0.000 	 90.000
FD10893	37.125 	 0.000 	 90.000
FD10893	37.250 	 0.000 	 90.000
FD10893	37.375 	 0.000 	 90.000
FD10893	37.500 	 0.000 	 90.000
FD10893	37.625 	 0.000 	 90.000
FD10893	37.750 	 0.000 	 90.000
FD10893	37.875 	 0.000 	 90.000
FD10893	38.000 	 0.000 	 90.000
FD10893	38.125 	 0.000 	 90.000
FD10893	38.250 	 0.000 	 90.000
FD10893	38.375 	 0.000 	 90.000
FD10893	38.500 	 0.000 	 90.000
FD10893	38.625 	 0.000 	 90.000
FD10893	38.750 	 0.000 	 90.000
FD10893	38.875 	 0.000 	 90.000
FD10893	39.000 	 0.000 	 90.000
FD10893	39.125 	 0.000 	 90.000
FD10893	39.250 	 0.000 	 90.000
FD10893	39.375 	 0.000 	 90.000
FD10893	39.500 	 0.000 	 90.000
FD10893	39.625 	 0.000 	 90.000
FD10893	39.750 	 0.000 	 90.000
FD10893	39.875 	 0.000 	 90.000
FD10893	40.000 	 0.000 	 90.000
FD10893	40.125 	 0.000 	 90.000
FD10893	40.250 	 0.000 	 90.000
FD10893	40.375 	 0.000 	 90.000
FD10893	40.500 	 0.000 	 90.000
FD10893	40.625 	 0.000 	 90.000
FD10893	40.750 	 0.000 	 90.000
FD10893	40.875 	 0.000 	 90.000
FD10893	41.000 	 0.000 	 90.000
FD10893	41.125 	 0.000 	 90.000
FD10893	41.250 	 0.000 	 90.000
FD10893	41.375 	 0.000 	 90.000
FD10893	41.500 	 0.000 	 90.000
FD10893	41.625 	 0.000 	 90.000
FD10893	41.750 	 0.000 	 90.000
FD10893	41.875 	 0.000 	 90.000
FD10893	42.000 	 0.000 	 90.000
FD10893	42.125 	 0.000 	 90.000
FD10893	42.250 	 0.000 	 90.000
FD10893	42.375 	 0.000 	 90.000
FD10893	42.500 	 0.000 	 90.000
FD10893	42.625 	 0.000 	 90.000
FD10893	42.750 	 0.000 	 90.000
FD10893	42.875 	 0.000 	 90.000
FD10893	43.000 	 0.000 	 90.000
FD10893	43.125 	 0.000 	 90.000
FD10893	43.250 	 0.000 	 90.000
FD10893	43.375 	 0.000 	 90.000
FD10893	43.500 	 0.000 	 90.000
FD10893	43.625 	 0.000 	 90.000
FD10893	43.750 	 0.000 	 90.000
FD10893	43.875 	 0.000 	 90.000
FD10893	44.000 	 0.000 	 90.000
FD10893	44.125 	 0.000 	 90.000
FD10893	44.250 	 0.000 	 90.000
FD10893	44.375 	 0.000 	 90.000
FD10893	44.500 	 0.000 	 90.000
FD10893	44.625 	 0.000 	 90.000
FD10893	44.750 	 0.000 	 90.000
FD10893	44.875 	 0.000 	 90.000
FD10893	45.000 	 0.000 	 90.000
FD10893	45.125 	 0.000 	 90.000
FD10893	45.250 	 0.000 	 90.000
FD10893	45.375 	 0.000 	 90.000
FD10893	45.500 	 0.000 	 90.000
FD10893	45.625 	 0.000 	 90.000
FD10893	45.750 	 0.000 	 90.000
FD10893	45.875 	 0.000 	 90.000
FD10893	46.000 	 0.000 	 90.000
FD10893	46.125 	 0.000 	 90.000
FD10893	46.250 	 0.000 	 90.000
FD10893	46.375 	 0.000 	 90.000
FD10893	46.500 	 0.000 	 90.000
FD10893	46.625 	 0.000 	 90.000
FD10893	46.750 	 0.000 	 90.000
FD10893	46.875 	 0.000 	 90.000
FD10893	47.000 	 0.000 	 90.000
FD10893	47.125 	 0.000 	 90.000
FD10893	47.250 	 0.000 	 90.000
FD10893	47.375 	 0.000 	 90.000
FD10893	47.500 	 0.000 	 90.000
FD10893	47.625 	 0.000 	 90.000
FD10893	47.750 	 0.000 	 90.000
FD10893	47.875 	 0.000 	 90.000
FD10893	48.000 	 0.000 	 90.000
FD10893	48.125 	 0.000 	 90.000
FD10893	48.250 	 0.000 	 90.000
FD10893	48.375 	 0.000 	 90.000
FD10893	48.500 	 0.000 	 90.000
FD10893	48.625 	 0.000 	 90.000
FD10893	48.750 	 0.000 	 90.000
FD10893	48.875 	 0.000 	 90.000
FD10893	49.000 	 0.000 	 90.000
FD10893	49.125 	 0.000 	 90.000
FD10893	49.250 	 0.000 	 90.000
FD10893	49.375 	 0.000 	 90.000
FD10893	49.500 	 0.000 	 90.000
FD10893	49.625 	 0.000 	 90.000
FD10893	49.750 	 0.000 	 90.000
FD10893	49.875 	 0.000 	 90.000
FD10893	50.000 	 0.000 	 90.000
FD10893	50.125 	 0.000 	 90.000
FD10893	50.250 	 0.000 	 90.000
FD10893	50.375 	 0.000 	 90.000
FD10893	50.500 	 0.000 	 90.000
FD10893	50.625 	 0.000 	 90.000
FD10893	50.750 	 0.000 	 90.000
FD10893	50.875 	 0.000 	 90.000
FD10893	51.000 	 0.000 	 90.000
FD10893	51.125 	 0.000 	 90.000
FD10893	51.250 	 0.000 	 90.000
FD10893	51.375 	 0.000 	 90.000
FD10893	51.500 	 0.000 	 90.000
FD10893	51.625 	 0.000 	 90.000
FD10893	51.750 	 0.000 	 90.000
FD10893	51.875 	 0.000 	 90.000
FD10893	52.000 	 0.000 	 90.000
FD10893	52.125 	 0.000 	 90.000
FD10893	52.250 	 0.000 	 90.000
FD10893	52.375 	 0.000 	 90.000
FD10893	52.500 	 0.000 	 90.000
FD10893	52.625 	 0.000 	 90.000
FD10893	52.750 	 0.000 	 90.000
FD10893	52.875 	 0.000 	 90.000
FD10893	53.000 	 0.000 	 90.000
FD10893	53.125 	 0.000 	 90.000
FD10893	53.250 	 0.000 	 90.000
FD10893	53.375 	 0.000 	 90.000
FD10893	53.500 	 0.000 	 90.000
FD10893	53.625 	 0.000 	 90.000
FD10893	53.750 	 0.000 	 90.000
FD10893	53.875 	 0.000 	 90.000
FD10893	54.000 	 0.000 	 90.000
FD10893	54.125 	 0.000 	 90.000
FD10893	54.250 	 0.000 	 90.000
FD10893	54.375 	 0.000 	 90.000
FD10893	54.500 	 0.000 	 90.000
FD10893	54.625 	 0.000 	 90.000
FD10893	54.750 	 0.000 	 90.000
FD10893	54.875 	 0.000 	 90.000
FD10893	55.000 	 0.000 	 90.000
FD10893	55.125 	 0.000 	 90.000
FD10893	55.250 	 0.000 	 90.000
FD10893	55.375 	 0.000 	 90.000
FD10893	55.500 	 0.000 	 90.000
FD10893	55.625 	 0.000 	 90.000
FD10893	55.750 	 0.000 	 90.000
FD10893	55.875 	 0.000 	 90.000
FD10893	56.000 	 0.000 	 90.000
FD10893	56.125 	 0.000 	 90.000
FD10893	56.250 	 0.000 	 90.000
FD10893	56.375 	 0.000 	 90.000
FD10893	56.500 	 0.000 	 90.000
FD10893	56.625 	 0.000 	 90.000
FD10893	56.750 	 0.000 	 90.000
FD10893	56.875 	 0.000 	 90.000
FD10893	57.000 	 0.000 	 90.000
FD10893	57.125 	 0.000 	 90.000
FD10893	57.250 	 0.000 	 90.000
FD10893	57.375 	 0.000 	 90.000
FD10893	57.500 	 0.000 	 90.000
FD10893	57.625 	 0.000 	 90.000
FD10893	57.750 	 0.000 	 90.000
FD10893	57.875 	 0.000 	 90.000
FD10893	58.000 	 0.000 	 90.000
FD10893	58.125 	 0.000 	 90.000
FD10893	58.250 	 0.000 	 90.000
FD10893	58.375 	 0.000 	 90.000
FD10893	58.500 	 0.000 	 90.000
FD10893	58.625 	 0.000 	 90.000
FD10893	58.750 	 0.000 	 90.000
FD10893	58.875 	 0.000 	 90.000
FD10893	59.000 	 0.000 	 90.000
FD10893	59.125 	 0.000 	 90.000
FD10893	59.250 	 0.000 	 90.000
FD10893	59.375 	 0.000 	 90.000
FD10893	59.500 	 0.000 	 90.000
FD10893	59.625 	 0.000 	 90.000
FD10893	59.750 	 0.000 	 90.000
FD10893	59.875 	 0.000 	 90.000
FD10893	60.000 	 0.000 	 90.000
FD10893	60.125 	 0.000 	 90.000
FD10893	60.250 	 0.000 	 90.000
FD10893	60.375 	 0.000 	 90.000
FD10893	60.500 	 0.000 	 90.000
FD10893	60.625 	 0.000 	 90.000
FD10893	60.750 	 0.000 	 90.000
FD10893	60.875 	 0.000 	 90.000
FD10893	61.000 	 0.000 	 90.000
FD10893	61.125 	 0.000 	 90.000
FD10893	61.250 	 0.000 	 90.000
FD10893	61.375 	 0.000 	 90.000
FD10893	61.500 	 0.000 	 90.000
FD10893	61.625 	 0.000 	 90.000
FD10893	61.750 	 0.000 	 90.000
FD10893	61.875 	 0.000 	 90.000
FD10893	62.000 	 0.000 	 90.000
FD10893	62.125 	 0.000 	 90.000
FD10893	62.250 	 0.000 	 90.000
FD10893	62.375 	 0.000 	 90.000
FD10893	62.500 	 0.000 	 90.000
FD10893	62.625 	 0.000 	 90.000
FD10893	62.750 	 0.000 	 90.000
FD10893	62.875 	 0.000 	 90.000
FD10893	63.000 	 0.000 	 90.000
FD10893	63.125 	 0.000 	 90.000
FD10893	63.250 	 0.000 	 90.000
FD10893	63.375 	 0.000 	 90.000
FD10893	63.500 	 0.000 	 90.000
FD10893	63.625 	 0.000 	 90.000
FD10893	63.750 	 0.000 	 90.000
FD10893	63.875 	 0.000 	 90.000
FD10893	64.000 	 0.000 	 90.000
FD10893	64.125 	 0.316 	 78.380
FD10893	64.250 	 0.316 	 77.693
FD10893	64.375 	 0.316 	 77.065
FD10893	64.500 	 0.315 	 76.508
FD10893	64.625 	 0.315 	 75.996
FD10893	64.750 	 0.315 	 75.487
FD10893	64.875 	 0.315 	 74.931
FD10893	65.000 	 0.315 	 74.301
FD10893	65.125 	 0.315 	 73.588
FD10893	65.250 	 0.316 	 72.807
FD10893	65.375 	 0.318 	 71.987
FD10893	65.500 	 0.318 	 71.163
FD10893	65.625 	 0.320 	 70.359
FD10893	65.750 	 0.322 	 69.587
FD10893	65.875 	 0.324 	 68.831
FD10893	66.000 	 0.327 	 68.072
FD10893	66.125 	 0.329 	 67.285
FD10893	66.250 	 0.333 	 66.460
FD10893	66.375 	 0.335 	 65.600
FD10893	66.500 	 0.338 	 64.718
FD10893	66.625 	 0.341 	 63.829
FD10893	66.750 	 0.345 	 62.951
FD10893	66.875 	 0.347 	 62.091
FD10893	67.000 	 0.350 	 61.248
FD10893	67.125 	 0.354 	 60.411
FD10893	67.250 	 0.356 	 59.564
FD10893	67.375 	 0.358 	 58.689
FD10893	67.500 	 0.361 	 57.782
FD10893	67.625 	 0.363 	 56.854
FD10893	67.750 	 0.365 	 55.920
FD10893	67.875 	 0.367 	 55.001
FD10893	68.000 	 0.368 	 54.115
FD10893	68.125 	 0.369 	 53.267
FD10893	68.250 	 0.371 	 52.460
FD10893	68.375 	 0.372 	 51.691
FD10893	68.500 	 0.373 	 50.954
FD10893	68.625 	 0.374 	 50.237
FD10893	68.750 	 0.374 	 49.527
FD10893	68.875 	 0.373 	 48.807
FD10893	69.000 	 0.370 	 48.068
FD10893	69.125 	 0.363 	 47.306
FD10893	69.250 	 0.354 	 46.529
FD10893	69.375 	 0.344 	 45.752
FD10893	69.500 	 0.332 	 44.991
FD10893	69.625 	 0.320 	 44.252
FD10893	69.750 	 0.309 	 43.537
FD10893	69.875 	 0.302 	 42.836
FD10893	70.000 	 0.296 	 42.141
FD10893	70.125 	 0.292 	 41.447
FD10893	70.250 	 0.290 	 40.744
FD10893	70.375 	 0.289 	 40.023
FD10893	70.500 	 0.289 	 39.272
FD10893	70.625 	 0.288 	 38.483
FD10893	70.750 	 0.288 	 37.664
FD10893	70.875 	 0.288 	 36.836
FD10893	71.000 	 0.288 	 36.024
FD10893	71.125 	 0.288 	 35.252
FD10893	71.250 	 0.288 	 34.525
FD10893	71.375 	 0.288 	 33.840
FD10893	71.500 	 0.288 	 33.183
FD10893	71.625 	 0.289 	 32.540
FD10893	71.750 	 0.289 	 31.900
FD10893	71.875 	 0.290 	 31.249
FD10893	72.000 	 0.292 	 30.576
FD10893	72.125 	 0.295 	 29.875
FD10893	72.250 	 0.299 	 29.147
FD10893	72.375 	 0.303 	 28.405
FD10893	72.500 	 0.307 	 27.664
FD10893	72.625 	 0.312 	 26.934
FD10893	72.750 	 0.318 	 26.216
FD10893	72.875 	 0.322 	 25.510
FD10893	73.000 	 0.327 	 24.808
FD10893	73.125 	 0.332 	 24.110
FD10893	73.250 	 0.336 	 23.422
FD10893	73.375 	 0.338 	 22.744
FD10893	73.500 	 0.339 	 22.077
FD10893	73.625 	 0.340 	 21.412
FD10893	73.750 	 0.341 	 20.742
FD10893	73.875 	 0.341 	 20.054
FD10893	74.000 	 0.341 	 19.346
FD10893	74.125 	 0.341 	 18.617
FD10893	74.250 	 0.341 	 17.867
FD10893	74.375 	 0.341 	 17.098
FD10893	74.500 	 0.342 	 16.309
FD10893	74.625 	 0.342 	 15.511
FD10893	74.750 	 0.344 	 14.723
FD10893	74.875 	 0.346 	 13.976
FD10893	75.000 	 0.348 	 13.298
FD10893	75.125 	 0.352 	 12.701
FD10893	75.250 	 0.356 	 12.181
FD10893	75.375 	 0.360 	 11.720
FD10893	75.500 	 0.364 	 11.295
FD10893	75.625 	 0.367 	 10.889
FD10893	75.750 	 0.371 	 10.497
FD10893	75.875 	 0.375 	 10.124
FD10893	76.000 	 0.381 	 9.772
FD10893	76.125 	 0.388 	 9.440
FD10893	76.250 	 0.394 	 9.120
FD10893	76.375 	 0.403 	 8.800
FD10893	76.500 	 0.412 	 8.474
FD10893	76.625 	 0.422 	 8.144
FD10893	76.750 	 0.434 	 7.826
FD10893	76.875 	 0.447 	 7.538
FD10893	77.000 	 0.461 	 7.295
FD10893	77.125 	 0.475 	 7.104
FD10893	77.250 	 0.491 	 6.960
FD10893	77.375 	 0.507 	 6.844
FD10893	77.500 	 0.521 	 6.738
FD10893	77.625 	 0.535 	 6.631
FD10893	77.750 	 0.547 	 6.520
FD10893	77.875 	 0.558 	 6.419
FD10893	78.000 	 0.567 	 6.339
FD10893	78.125 	 0.574 	 6.290
FD10893	78.250 	 0.580 	 6.272
FD10893	78.375 	 0.585 	 6.279
FD10893	78.500 	 0.589 	 6.299
FD10893	78.625 	 0.593 	 6.325
FD10893	78.750 	 0.597 	 6.345
FD10893	78.875 	 0.601 	 6.356
FD10893	79.000 	 0.604 	 6.353
FD10893	79.125 	 0.608 	 6.334
FD10893	79.250 	 0.613 	 6.302
FD10893	79.375 	 0.619 	 6.261
FD10893	79.500 	 0.627 	 6.216
FD10893	79.625 	 0.636 	 6.171
FD10893	79.750 	 0.647 	 6.124
FD10893	79.875 	 0.659 	 6.073
FD10893	80.000 	 0.671 	 6.014
FD10893	80.125 	 0.685 	 5.948
FD10893	80.250 	 0.697 	 5.876
FD10893	80.375 	 0.710 	 5.805
FD10893	80.500 	 0.724 	 5.744
FD10893	80.625 	 0.737 	 5.702
FD10893	80.750 	 0.751 	 5.683
FD10893	80.875 	 0.765 	 5.689
FD10893	81.000 	 0.779 	 5.718
FD10893	81.125 	 0.793 	 5.759
FD10893	81.250 	 0.805 	 5.807
FD10893	81.375 	 0.819 	 5.854
FD10893	81.500 	 0.833 	 5.893
FD10893	81.625 	 0.847 	 5.921
FD10893	81.750 	 0.862 	 5.936
FD10893	81.875 	 0.877 	 5.941
FD10893	82.000 	 0.893 	 5.937
FD10893	82.125 	 0.909 	 5.925
FD10893	82.250 	 0.923 	 5.908
FD10893	82.375 	 0.937 	 5.888
FD10893	82.500 	 0.951 	 5.863
FD10893	82.625 	 0.965 	 5.833
FD10893	82.750 	 0.980 	 5.798
FD10893	82.875 	 0.995 	 5.759
FD10893	83.000 	 1.013 	 5.719
FD10893	83.125 	 1.031 	 5.682
FD10893	83.250 	 1.049 	 5.652
FD10893	83.375 	 1.067 	 5.632
FD10893	83.500 	 1.083 	 5.622
FD10893	83.625 	 1.097 	 5.621
FD10893	83.750 	 1.111 	 5.628
FD10893	83.875 	 1.126 	 5.638
FD10893	84.000 	 1.141 	 5.651
FD10893	84.125 	 1.158 	 5.667
FD10893	84.250 	 1.176 	 5.684
FD10893	84.375 	 1.195 	 5.702
FD10893	84.500 	 1.214 	 5.727
FD10893	84.625 	 1.233 	 5.763
FD10893	84.750 	 1.253 	 5.820
FD10893	84.875 	 1.273 	 5.906
FD10893	85.000 	 1.293 	 6.027
FD10893	85.125 	 1.315 	 6.182
FD10893	85.250 	 1.336 	 6.368
FD10893	85.375 	 1.359 	 6.571
FD10893	85.500 	 1.384 	 6.786
FD10893	85.625 	 1.411 	 7.004
FD10893	85.750 	 1.442 	 7.224
FD10893	85.875 	 1.474 	 7.448
FD10893	86.000 	 1.508 	 7.675
FD10893	86.125 	 1.542 	 7.909
FD10893	86.250 	 1.576 	 8.149
FD10893	86.375 	 1.609 	 8.393
FD10893	86.500 	 1.641 	 8.637
FD10893	86.625 	 1.671 	 8.883
FD10893	86.750 	 1.701 	 9.127
FD10893	86.875 	 1.732 	 9.370
FD10893	87.000 	 1.765 	 9.610
FD10893	87.125 	 1.800 	 9.841
FD10893	87.250 	 1.837 	 10.055
FD10893	87.375 	 1.878 	 10.244
FD10893	87.500 	 1.919 	 10.410
FD10893	87.625 	 1.962 	 10.557
FD10893	87.750 	 2.004 	 10.697
FD10893	87.875 	 2.045 	 10.835
FD10893	88.000 	 2.086 	 10.972
FD10893	88.125 	 2.126 	 11.101
FD10893	88.250 	 2.167 	 11.222
FD10893	88.375 	 2.207 	 11.341
FD10893	88.500 	 2.248 	 11.470
FD10893	88.625 	 2.286 	 11.617
FD10893	88.750 	 2.325 	 11.780
FD10893	88.875 	 2.363 	 11.941
FD10893	89.000 	 2.401 	 12.083
FD10893	89.125 	 2.437 	 12.191
FD10893	89.250 	 2.475 	 12.273
FD10893	89.375 	 2.512 	 12.348
FD10893	89.500 	 2.547 	 12.447
FD10893	89.625 	 2.580 	 12.594
FD10893	89.750 	 2.612 	 12.795
FD10893	89.875 	 2.643 	 13.039
FD10893	90.000 	 2.672 	 13.301
FD10893	90.125 	 2.702 	 13.557
FD10893	90.250 	 2.730 	 13.798
FD10893	90.375 	 2.759 	 14.028
FD10893	90.500 	 2.787 	 14.267
FD10893	90.625 	 2.812 	 14.535
FD10893	90.750 	 2.837 	 14.845
FD10893	90.875 	 2.860 	 15.203
FD10893	91.000 	 2.882 	 15.602
FD10893	91.125 	 2.904 	 16.037
FD10893	91.250 	 2.926 	 16.497
FD10893	91.375 	 2.950 	 16.972
FD10893	91.500 	 2.974 	 17.453
FD10893	91.625 	 2.998 	 17.922
FD10893	91.750 	 3.023 	 18.363
FD10893	91.875 	 3.047 	 18.757
FD10893	92.000 	 3.073 	 19.090
FD10893	92.125 	 3.098 	 19.352
FD10893	92.250 	 3.123 	 19.544
FD10893	92.375 	 3.149 	 19.672
FD10893	92.500 	 3.174 	 19.753
FD10893	92.625 	 3.200 	 19.801
FD10893	92.750 	 3.227 	 19.828
FD10893	92.875 	 3.254 	 19.839
FD10893	93.000 	 3.281 	 19.833
FD10893	93.125 	 3.308 	 19.805
FD10893	93.250 	 3.335 	 19.749
FD10893	93.375 	 3.361 	 19.663
FD10893	93.500 	 3.387 	 19.549
FD10893	93.625 	 3.411 	 19.419
FD10893	93.750 	 3.437 	 19.285
FD10893	93.875 	 3.463 	 19.164
FD10893	94.000 	 3.490 	 19.070
FD10893	94.125 	 3.520 	 19.018
FD10893	94.250 	 3.551 	 19.016
FD10893	94.375 	 3.584 	 19.066
FD10893	94.500 	 3.618 	 19.169
FD10893	94.625 	 3.653 	 19.314
FD10893	94.750 	 3.689 	 19.491
FD10893	94.875 	 3.727 	 19.686
FD10893	95.000 	 3.765 	 19.892
FD10893	95.125 	 3.804 	 20.100
FD10893	95.250 	 3.843 	 20.310
FD10893	95.375 	 3.881 	 20.521
FD10893	95.500 	 3.921 	 20.733
FD10893	95.625 	 3.959 	 20.941
FD10893	95.750 	 3.998 	 21.141
FD10893	95.875 	 4.037 	 21.327
FD10893	96.000 	 4.077 	 21.490
FD10893	96.125 	 4.120 	 21.623
FD10893	96.250 	 4.163 	 21.721
FD10893	96.375 	 4.208 	 21.782
FD10893	96.500 	 4.254 	 21.809
FD10893	96.625 	 4.297 	 21.814
FD10893	96.750 	 4.337 	 21.805
FD10893	96.875 	 4.372 	 21.795
FD10893	97.000 	 4.402 	 21.786
FD10893	97.125 	 4.428 	 21.778
FD10893	97.250 	 4.450 	 21.767
FD10893	97.375 	 4.472 	 21.751
FD10893	97.500 	 4.494 	 21.727
FD10893	97.625 	 4.516 	 21.696
FD10893	97.750 	 4.540 	 21.660
FD10893	97.875 	 4.565 	 21.627
FD10893	98.000 	 4.592 	 21.603
FD10893	98.125 	 4.620 	 21.593
FD10893	98.250 	 4.649 	 21.595
FD10893	98.375 	 4.679 	 21.607
FD10893	98.500 	 4.709 	 21.620
FD10893	98.625 	 4.741 	 21.626
FD10893	98.750 	 4.775 	 21.623
FD10893	98.875 	 4.809 	 21.610
FD10893	99.000 	 4.843 	 21.588
FD10893	99.125 	 4.878 	 21.557
FD10893	99.250 	 4.914 	 21.515
FD10893	99.375 	 4.949 	 21.460
FD10893	99.500 	 4.984 	 21.394
FD10893	99.625 	 5.017 	 21.320
FD10893	99.750 	 5.049 	 21.249
FD10893	99.875 	 5.079 	 21.193
FD10893	100.000 	 5.108 	 21.165
FD10893	100.125 	 5.138 	 21.172
FD10893	100.250 	 5.167 	 21.215
FD10893	100.375 	 5.198 	 21.286
FD10893	100.500 	 5.229 	 21.377
FD10893	100.625 	 5.263 	 21.466
FD10893	100.750 	 5.295 	 21.540
FD10893	100.875 	 5.329 	 21.578
FD10893	101.000 	 5.361 	 21.573
FD10893	101.125 	 5.390 	 21.523
FD10893	101.250 	 5.418 	 21.434
FD10893	101.375 	 5.443 	 21.320
FD10893	101.500 	 5.468 	 21.193
FD10893	101.625 	 5.491 	 21.067
FD10893	101.750 	 5.513 	 20.950
FD10893	101.875 	 5.534 	 20.850
FD10893	102.000 	 5.554 	 20.772
FD10893	102.125 	 5.572 	 20.716
FD10893	102.250 	 5.588 	 20.678
FD10893	102.375 	 5.603 	 20.652
FD10893	102.500 	 5.617 	 20.625
FD10893	102.625 	 5.631 	 20.586
FD10893	102.750 	 5.644 	 20.527
FD10893	102.875 	 5.658 	 20.446
FD10893	103.000 	 5.673 	 20.346
FD10893	103.125 	 5.689 	 20.234
FD10893	103.250 	 5.706 	 20.119
FD10893	103.375 	 5.725 	 20.010
FD10893	103.500 	 5.745 	 19.913
FD10893	103.625 	 5.767 	 19.833
FD10893	103.750 	 5.790 	 19.773
FD10893	103.875 	 5.815 	 19.731
FD10893	104.000 	 5.840 	 19.702
FD10893	104.125 	 5.868 	 19.675
FD10893	104.250 	 5.896 	 19.651
FD10893	104.375 	 5.925 	 19.627
FD10893	104.500 	 5.956 	 19.609
FD10893	104.625 	 5.988 	 19.605
FD10893	104.750 	 6.023 	 19.618
FD10893	104.875 	 6.058 	 19.650
FD10893	105.000 	 6.096 	 19.706
FD10893	105.125 	 6.132 	 19.787
FD10893	105.250 	 6.170 	 19.893
FD10893	105.375 	 6.206 	 20.018
FD10893	105.500 	 6.240 	 20.157
FD10893	105.625 	 6.273 	 20.298
FD10893	105.750 	 6.305 	 20.432
FD10893	105.875 	 6.334 	 20.551
FD10893	106.000 	 6.362 	 20.646
FD10893	106.125 	 6.390 	 20.712
FD10893	106.250 	 6.417 	 20.740
FD10893	106.375 	 6.443 	 20.727
FD10893	106.500 	 6.471 	 20.676
FD10893	106.625 	 6.496 	 20.597
FD10893	106.750 	 6.521 	 20.504
FD10893	106.875 	 6.544 	 20.407
FD10893	107.000 	 6.564 	 20.315
FD10893	107.125 	 6.583 	 20.225
FD10893	107.250 	 6.602 	 20.134
FD10893	107.375 	 6.619 	 20.041
FD10893	107.500 	 6.638 	 19.952
FD10893	107.625 	 6.656 	 19.875
FD10893	107.750 	 6.675 	 19.823
FD10893	107.875 	 6.695 	 19.806
FD10893	108.000 	 6.715 	 19.829
FD10893	108.125 	 6.735 	 19.886
FD10893	108.250 	 6.757 	 19.971
FD10893	108.375 	 6.778 	 20.072
FD10893	108.500 	 6.800 	 20.182
FD10893	108.625 	 6.824 	 20.296
FD10893	108.750 	 6.850 	 20.408
FD10893	108.875 	 6.877 	 20.514
FD10893	109.000 	 6.908 	 20.607
FD10893	109.125 	 6.939 	 20.679
FD10893	109.250 	 6.972 	 20.727
FD10893	109.375 	 7.005 	 20.752
FD10893	109.500 	 7.038 	 20.759
FD10893	109.625 	 7.069 	 20.759
FD10893	109.750 	 7.098 	 20.762
FD10893	109.875 	 7.126 	 20.779
FD10893	110.000 	 7.151 	 20.820
FD10893	110.125 	 7.176 	 20.888
FD10893	110.250 	 7.198 	 20.985
FD10893	110.375 	 7.219 	 21.107
FD10893	110.500 	 7.240 	 21.248
FD10893	110.625 	 7.260 	 21.403
FD10893	110.750 	 7.282 	 21.564
FD10893	110.875 	 7.306 	 21.731
FD10893	111.000 	 7.332 	 21.903
FD10893	111.125 	 7.359 	 22.079
FD10893	111.250 	 7.389 	 22.263
FD10893	111.375 	 7.420 	 22.456
FD10893	111.500 	 7.452 	 22.657
FD10893	111.625 	 7.486 	 22.862
FD10893	111.750 	 7.521 	 23.057
FD10893	111.875 	 7.557 	 23.228
FD10893	112.000 	 7.595 	 23.368
FD10893	112.125 	 7.633 	 23.468
FD10893	112.250 	 7.673 	 23.531
FD10893	112.375 	 7.713 	 23.563
FD10893	112.500 	 7.754 	 23.571
FD10893	112.625 	 7.795 	 23.563
FD10893	112.750 	 7.836 	 23.546
FD10893	112.875 	 7.878 	 23.530
FD10893	113.000 	 7.918 	 23.527
FD10893	113.125 	 7.957 	 23.547
FD10893	113.250 	 7.995 	 23.588
FD10893	113.375 	 8.032 	 23.639
FD10893	113.500 	 8.067 	 23.682
FD10893	113.625 	 8.101 	 23.700
FD10893	113.750 	 8.134 	 23.680
FD10893	113.875 	 8.166 	 23.628
FD10893	114.000 	 8.197 	 23.558
FD10893	114.125 	 8.226 	 23.490
FD10893	114.250 	 8.255 	 23.438
FD10893	114.375 	 8.283 	 23.411
FD10893	114.500 	 8.310 	 23.413
FD10893	114.625 	 8.338 	 23.438
FD10893	114.750 	 8.368 	 23.486
FD10893	114.875 	 8.399 	 23.552
FD10893	115.000 	 8.433 	 23.636
FD10893	115.125 	 8.468 	 23.739
FD10893	115.250 	 8.504 	 23.861
FD10893	115.375 	 8.541 	 23.993
FD10893	115.500 	 8.575 	 24.126
FD10893	115.625 	 8.606 	 24.247
FD10893	115.750 	 8.633 	 24.342
FD10893	115.875 	 8.657 	 24.406
FD10893	116.000 	 8.678 	 24.436
FD10893	116.125 	 8.697 	 24.441
FD10893	116.250 	 8.716 	 24.429
FD10893	116.375 	 8.735 	 24.406
FD10893	116.500 	 8.755 	 24.384
FD10893	116.625 	 8.774 	 24.372
FD10893	116.750 	 8.792 	 24.382
FD10893	116.875 	 8.813 	 24.421
FD10893	117.000 	 8.834 	 24.491
FD10893	117.125 	 8.858 	 24.571
FD10893	117.250 	 8.883 	 24.624
FD10893	117.375 	 8.912 	 24.599
FD10893	117.500 	 8.942 	 24.463
FD10893	117.625 	 8.976 	 24.238
FD10893	117.750 	 9.011 	 24.002
FD10893	117.875 	 9.048 	 23.876
FD10893	118.000 	 9.084 	 23.957
FD10893	118.125 	 9.120 	 24.270
FD10893	118.250 	 9.156 	 24.754
FD10893	118.375 	 9.191 	 25.286
FD10893	118.500 	 9.225 	 25.757
FD10893	118.625 	 9.261 	 26.098
FD10893	118.750 	 9.296 	 26.296
FD10893	118.875 	 9.334 	 26.367
FD10893	119.000 	 9.373 	 26.337
FD10893	119.125 	 9.411 	 26.228
FD10893	119.250 	 9.448 	 26.063
FD10893	119.375 	 9.484 	 25.876
FD10893	119.500 	 9.517 	 25.699
FD10893	119.625 	 9.548 	 25.559
FD10893	119.750 	 9.576 	 25.469
FD10893	119.875 	 9.603 	 25.422
FD10893	120.000 	 9.631 	 25.404
FD10893	120.125 	 9.656 	 25.399
FD10893	120.250 	 9.682 	 25.398
FD10893	120.375 	 9.711 	 25.398
FD10893	120.500 	 9.742 	 25.398
FD10893	120.625 	 9.777 	 25.398
FD10893	120.750 	 9.816 	 25.398
FD10893	120.875 	 9.858 	 25.398
FD10893	121.000 	 9.902 	 25.398
FD10893	121.125 	 9.946 	 25.398
FD10893	121.250 	 9.988 	 25.398
FD10893	121.375 	 10.027 	 25.398
FD10893	121.500 	 10.060 	 25.398
FD10893	121.625 	 10.088 	 25.398
FD10893	121.750 	 10.111 	 25.398
FD10893	121.875 	 10.132 	 25.398
FD10893	122.000 	 10.149 	 25.398
FD10893	122.125 	 10.167 	 25.398
FD10893	122.250 	 10.184 	 25.398
FD10893	122.375 	 10.201 	 25.398
FD10893	122.500 	 10.221 	 25.398
FD10893	122.625 	 10.241 	 25.401
FD10893	122.750 	 10.261 	 25.414
FD10893	122.875 	 10.284 	 25.447
FD10893	123.000 	 10.310 	 25.513
FD10893	123.125 	 10.338 	 25.624
FD10893	123.250 	 10.370 	 25.776
FD10893	123.375 	 10.404 	 25.953
FD10893	123.500 	 10.440 	 26.128
FD10893	123.625 	 10.473 	 26.273
FD10893	123.750 	 10.506 	 26.375
FD10893	123.875 	 10.536 	 26.434
FD10893	124.000 	 10.565 	 26.462
FD10893	124.125 	 10.592 	 26.471
FD10893	124.250 	 10.620 	 26.474
FD10893	124.375 	 10.646 	 26.474
FD10893	124.500 	 10.671 	 26.474
FD10893	124.625 	 10.697 	 26.474
FD10893	124.750 	 10.722 	 26.474
FD10893	124.875 	 10.748 	 26.475
FD10893	125.000 	 10.775 	 26.478
FD10893	125.125 	 10.802 	 26.495
FD10893	125.250 	 10.831 	 26.538
FD10893	125.375 	 10.862 	 26.632
FD10893	125.500 	 10.895 	 26.797
FD10893	125.625 	 10.930 	 27.058
FD10893	125.750 	 10.966 	 27.424
FD10893	125.875 	 11.002 	 27.900
FD10893	126.000 	 11.039 	 28.476
FD10893	126.125 	 11.076 	 29.122
FD10893	126.250 	 11.114 	 29.791
FD10893	126.375 	 11.152 	 30.409
FD10893	126.500 	 11.191 	 30.909
FD10893	126.625 	 11.230 	 31.240
FD10893	126.750 	 11.269 	 31.395
FD10893	126.875 	 11.309 	 31.403
FD10893	127.000 	 11.349 	 31.318
FD10893	127.125 	 11.390 	 31.187
FD10893	127.250 	 11.430 	 31.045
FD10893	127.375 	 11.471 	 30.903
FD10893	127.500 	 11.509 	 30.757
FD10893	127.625 	 11.545 	 30.597
FD10893	127.750 	 11.579 	 30.417
FD10893	127.875 	 11.610 	 30.228
FD10893	128.000 	 11.641 	 30.049
FD10893	128.125 	 11.673 	 29.898
FD10893	128.250 	 11.704 	 29.783
FD10893	128.375 	 11.737 	 29.685
FD10893	128.500 	 11.773 	 29.575
FD10893	128.625 	 11.805 	 29.420
FD10893	128.750 	 11.845 	 29.208
FD10893	128.875 	 11.881 	 28.953
FD10893	129.000 	 11.922 	 28.694
FD10893	129.125 	 11.959 	 28.474
FD10893	129.250 	 12.001 	 28.314
FD10893	129.375 	 12.043 	 28.203
FD10893	129.500 	 12.086 	 28.107
FD10893	129.625 	 12.129 	 27.999
FD10893	129.750 	 12.173 	 27.876
FD10893	129.875 	 12.218 	 27.755
FD10893	130.000 	 12.268 	 27.657
FD10893	130.125 	 12.316 	 27.594
FD10893	130.250 	 12.368 	 27.563
FD10893	130.375 	 12.420 	 27.553
FD10893	130.500 	 12.473 	 27.550
FD10893	130.625 	 12.522 	 27.550
FD10893	130.750 	 12.575 	 27.550
FD10893	130.875 	 12.623 	 27.550
FD10893	131.000 	 12.669 	 27.550
FD10893	131.125 	 12.714 	 27.550
FD10893	131.250 	 12.754 	 27.550
FD10893	131.375 	 12.789 	 27.550
FD10893	131.500 	 12.823 	 27.550
FD10893	131.625 	 12.849 	 27.550
FD10893	131.750 	 12.874 	 27.550
FD10893	131.875 	 12.895 	 27.550
FD10893	132.000 	 12.916 	 27.550
FD10893	132.125 	 12.933 	 27.550
FD10893	132.250 	 12.947 	 27.550
FD10893	132.375 	 12.962 	 27.550
FD10893	132.500 	 12.980 	 27.550
FD10893	132.625 	 12.996 	 27.550
FD10893	132.750 	 13.013 	 27.550
FD10893	132.875 	 13.033 	 27.550
FD10893	133.000 	 13.056 	 27.550
FD10893	133.125 	 13.081 	 27.550
FD10893	133.250 	 13.103 	 27.550
FD10893	133.375 	 13.132 	 27.550
FD10893	133.500 	 13.156 	 27.549
FD10893	133.625 	 13.182 	 27.551
FD10893	133.750 	 13.205 	 27.556
FD10893	133.875 	 13.229 	 27.575
FD10893	134.000 	 13.251 	 27.623
FD10893	134.125 	 13.271 	 27.721
FD10893	134.250 	 13.295 	 27.886
FD10893	134.375 	 13.315 	 28.128
FD10893	134.500 	 13.340 	 28.431
FD10893	134.625 	 13.361 	 28.759
FD10893	134.750 	 13.387 	 29.073
FD10893	134.875 	 13.409 	 29.337
FD10893	135.000 	 13.436 	 29.543
FD10893	135.125 	 13.458 	 29.699
FD10893	135.250 	 13.486 	 29.828
FD10893	135.375 	 13.514 	 29.949
FD10893	135.500 	 13.542 	 30.073
FD10893	135.625 	 13.575 	 30.206
FD10893	135.750 	 13.605 	 30.345
FD10893	135.875 	 13.636 	 30.492
FD10893	136.000 	 13.671 	 30.649
FD10893	136.125 	 13.706 	 30.820
FD10893	136.250 	 13.739 	 31.005
FD10893	136.375 	 13.775 	 31.204
FD10893	136.500 	 13.806 	 31.416
FD10893	136.625 	 13.840 	 31.633
FD10893	136.750 	 13.872 	 31.849
FD10893	136.875 	 13.901 	 32.056
FD10893	137.000 	 13.931 	 32.245
FD10893	137.125 	 13.960 	 32.412
FD10893	137.250 	 13.989 	 32.557
FD10893	137.375 	 14.018 	 32.686
FD10893	137.500 	 14.048 	 32.803
FD10893	137.625 	 14.078 	 32.909
FD10893	137.750 	 14.108 	 32.996
FD10893	137.875 	 14.137 	 33.051
FD10893	138.000 	 14.165 	 33.057
FD10893	138.125 	 14.195 	 33.000
FD10893	138.250 	 14.226 	 32.879
FD10893	138.375 	 14.256 	 32.702
FD10893	138.500 	 14.289 	 32.482
FD10893	138.625 	 14.326 	 32.236
FD10893	138.750 	 14.363 	 31.979
FD10893	138.875 	 14.404 	 31.720
FD10893	139.000 	 14.442 	 31.470
FD10893	139.125 	 14.487 	 31.235
FD10893	139.250 	 14.529 	 31.020
FD10893	139.375 	 14.573 	 30.824
FD10893	139.500 	 14.621 	 30.648
FD10893	139.625 	 14.665 	 30.488
FD10893	139.750 	 14.717 	 30.343
FD10893	139.875 	 14.761 	 30.219
FD10893	140.000 	 14.808 	 30.120
FD10893	140.125 	 14.853 	 30.051
FD10893	140.250 	 14.892 	 30.010
FD10893	140.375 	 14.938 	 29.992
FD10893	140.500 	 14.975 	 29.989
FD10893	140.625 	 15.017 	 29.992
FD10893	140.750 	 15.054 	 29.995
FD10893	140.875 	 15.100 	 29.987
FD10893	141.000 	 15.140 	 29.959
FD10893	141.125 	 15.185 	 29.902
FD10893	141.250 	 15.232 	 29.811
FD10893	141.375 	 15.276 	 29.687
FD10893	141.500 	 15.322 	 29.531
FD10893	141.625 	 15.367 	 29.349
FD10893	141.750 	 15.411 	 29.150
FD10893	141.875 	 15.450 	 28.942
FD10893	142.000 	 15.486 	 28.737
FD10893	142.125 	 15.521 	 28.545
FD10893	142.250 	 15.550 	 28.371
FD10893	142.375 	 15.575 	 28.220
FD10893	142.500 	 15.603 	 28.089
FD10893	142.625 	 15.628 	 27.978
FD10893	142.750 	 15.654 	 27.886
FD10893	142.875 	 15.680 	 27.808
FD10893	143.000 	 15.706 	 27.744
FD10893	143.125 	 15.730 	 27.691
FD10893	143.250 	 15.759 	 27.638
FD10893	143.375 	 15.787 	 27.582
FD10893	143.500 	 15.812 	 27.516
FD10893	143.625 	 15.836 	 27.442
FD10893	143.750 	 15.864 	 27.365
FD10893	143.875 	 15.891 	 27.295
FD10893	144.000 	 15.913 	 27.246
FD10893	144.125 	 15.934 	 27.229
FD10893	144.250 	 15.959 	 27.253
FD10893	144.375 	 15.979 	 27.327
FD10893	144.500 	 16.003 	 27.452
FD10893	144.625 	 16.024 	 27.619
FD10893	144.750 	 16.051 	 27.816
FD10893	144.875 	 16.076 	 28.019
FD10893	145.000 	 16.107 	 28.209
FD10893	145.125 	 16.134 	 28.369
FD10893	145.250 	 16.165 	 28.495
FD10893	145.375 	 16.197 	 28.585
FD10893	145.500 	 16.232 	 28.646
FD10893	145.625 	 16.266 	 28.681
FD10893	145.750 	 16.303 	 28.697
FD10893	145.875 	 16.341 	 28.701
FD10893	146.000 	 16.376 	 28.696
FD10893	146.125 	 16.411 	 28.684
FD10893	146.250 	 16.440 	 28.669
FD10893	146.375 	 16.465 	 28.648
FD10893	146.500 	 16.486 	 28.618
FD10893	146.625 	 16.502 	 28.587
FD10893	146.750 	 16.519 	 28.563
FD10893	146.875 	 16.536 	 28.566
FD10893	147.000 	 16.554 	 28.616
FD10893	147.125 	 16.573 	 28.734
FD10893	147.250 	 16.596 	 28.929
FD10893	147.375 	 16.622 	 29.196
FD10893	147.500 	 16.643 	 29.523
FD10893	147.625 	 16.674 	 29.889
FD10893	147.750 	 16.699 	 30.275
FD10893	147.875 	 16.732 	 30.666
FD10893	148.000 	 16.761 	 31.053
FD10893	148.125 	 16.793 	 31.432
FD10893	148.250 	 16.830 	 31.801
FD10893	148.375 	 16.867 	 32.159
FD10893	148.500 	 16.907 	 32.503
FD10893	148.625 	 16.951 	 32.829
FD10893	148.750 	 16.996 	 33.132
FD10893	148.875 	 17.044 	 33.408
FD10893	149.000 	 17.095 	 33.659
FD10893	149.125 	 17.149 	 33.887
FD10893	149.250 	 17.204 	 34.104
FD10893	149.375 	 17.265 	 34.310
FD10893	149.500 	 17.319 	 34.511
FD10893	149.625 	 17.375 	 34.695
FD10893	149.750 	 17.434 	 34.856
FD10893	149.875 	 17.486 	 34.980
FD10893	150.000 	 17.537 	 35.061
FD10893	150.125 	 17.595 	 35.099
FD10893	150.250 	 17.646 	 35.095
FD10893	150.375 	 17.702 	 35.058
FD10893	150.500 	 17.755 	 34.996
FD10893	150.625 	 17.811 	 34.918
FD10893	150.750 	 17.862 	 34.834
FD10893	150.875 	 17.918 	 34.756
FD10893	151.000 	 17.970 	 34.691
FD10893	151.125 	 18.017 	 34.651
FD10893	151.250 	 18.066 	 34.644
FD10893	151.375 	 18.111 	 34.674
FD10893	151.500 	 18.152 	 34.740
FD10893	151.625 	 18.195 	 34.829
FD10893	151.750 	 18.235 	 34.925
FD10893	151.875 	 18.269 	 35.009
FD10893	152.000 	 18.311 	 35.072
FD10893	152.125 	 18.345 	 35.118
FD10893	152.250 	 18.382 	 35.153
FD10893	152.375 	 18.420 	 35.190
FD10893	152.500 	 18.454 	 35.232
FD10893	152.625 	 18.497 	 35.285
FD10893	152.750 	 18.533 	 35.341
FD10893	152.875 	 18.577 	 35.402
FD10893	153.000 	 18.612 	 35.458
FD10893	153.125 	 18.651 	 35.509
FD10893	153.250 	 18.688 	 35.552
FD10893	153.375 	 18.723 	 35.588
FD10893	153.500 	 18.752 	 35.613
FD10893	153.625 	 18.786 	 35.623
FD10893	153.750 	 18.811 	 35.615
FD10893	153.875 	 18.838 	 35.585
FD10893	154.000 	 18.862 	 35.534
FD10893	154.125 	 18.885 	 35.467
FD10893	154.250 	 18.906 	 35.387
FD10893	154.375 	 18.926 	 35.302
FD10893	154.500 	 18.947 	 35.205
FD10893	154.625 	 18.968 	 35.102
FD10893	154.750 	 18.989 	 34.989
FD10893	154.875 	 19.007 	 34.872
FD10893	155.000 	 19.031 	 34.755
FD10893	155.125 	 19.051 	 34.641
FD10893	155.250 	 19.073 	 34.532
FD10893	155.375 	 19.093 	 34.426
FD10893	155.500 	 19.109 	 34.321
FD10893	155.625 	 19.124 	 34.227
FD10893	155.750 	 19.136 	 34.141
FD10893	155.875 	 19.145 	 34.073
FD10893	156.000 	 19.154 	 34.022
FD10893	156.125 	 19.161 	 33.982
FD10893	156.250 	 19.168 	 33.950
FD10893	156.375 	 19.177 	 33.923
FD10893	156.500 	 19.190 	 33.902
FD10893	156.625 	 19.199 	 33.896
FD10893	156.750 	 19.216 	 33.909
FD10893	156.875 	 19.225 	 33.942
FD10893	157.000 	 19.242 	 33.984
FD10893	157.125 	 19.254 	 34.030
FD10893	157.250 	 19.267 	 34.070
FD10893	157.375 	 19.277 	 34.094
FD10893	157.500 	 19.286 	 34.103
FD10893	157.625 	 19.293 	 34.093
FD10893	157.750 	 19.299 	 34.070
FD10893	157.875 	 19.306 	 34.039
FD10893	158.000 	 19.311 	 34.005
FD10893	158.125 	 19.321 	 33.973
FD10893	158.250 	 19.326 	 33.950
FD10893	158.375 	 19.341 	 33.941
FD10893	158.500 	 19.352 	 33.947
FD10893	158.625 	 19.371 	 33.968
FD10893	158.750 	 19.388 	 34.005
FD10893	158.875 	 19.411 	 34.055
FD10893	159.000 	 19.434 	 34.111
FD10893	159.125 	 19.458 	 34.167
FD10893	159.250 	 19.484 	 34.219
FD10893	159.375 	 19.512 	 34.259
FD10893	159.500 	 19.543 	 34.291
FD10893	159.625 	 19.576 	 34.313
FD10893	159.750 	 19.607 	 34.327
FD10893	159.875 	 19.640 	 34.334
FD10893	160.000 	 19.669 	 34.334
FD10893	160.125 	 19.699 	 34.317
FD10893	160.250 	 19.729 	 34.284
FD10893	160.375 	 19.757 	 34.232
FD10893	160.500 	 19.785 	 34.168
FD10893	160.625 	 19.808 	 34.101
FD10893	160.750 	 19.836 	 34.042
FD10893	160.875 	 19.865 	 33.997
FD10893	161.000 	 19.891 	 33.970
FD10893	161.125 	 19.927 	 33.959
FD10893	161.250 	 19.961 	 33.958
FD10893	161.375 	 19.998 	 33.961
FD10893	161.500 	 20.036 	 33.971
FD10893	161.625 	 20.073 	 33.975
FD10893	161.750 	 20.116 	 33.974
FD10893	161.875 	 20.156 	 33.962
FD10893	162.000 	 20.198 	 33.934
FD10893	162.125 	 20.239 	 33.896
FD10893	162.250 	 20.280 	 33.861
FD10893	162.375 	 20.320 	 33.841
FD10893	162.500 	 20.364 	 33.851
FD10893	162.625 	 20.410 	 33.889
FD10893	162.750 	 20.451 	 33.957
FD10893	162.875 	 20.496 	 34.038
FD10893	163.000 	 20.547 	 34.127
FD10893	163.125 	 20.592 	 34.213
FD10893	163.250 	 20.643 	 34.297
FD10893	163.375 	 20.695 	 34.376
FD10893	163.500 	 20.743 	 34.455
FD10893	163.625 	 20.800 	 34.533
FD10893	163.750 	 20.852 	 34.613
FD10893	163.875 	 20.903 	 34.692
FD10893	164.000 	 20.954 	 34.773
FD10893	164.125 	 21.001 	 34.858
FD10893	164.250 	 21.048 	 34.946
FD10893	164.375 	 21.099 	 35.035
FD10893	164.500 	 21.142 	 35.122
FD10893	164.625 	 21.189 	 35.200
FD10893	164.750 	 21.233 	 35.264
FD10893	164.875 	 21.278 	 35.315
FD10893	165.000 	 21.317 	 35.354
FD10893	165.125 	 21.357 	 35.386
FD10893	165.250 	 21.402 	 35.415
FD10893	165.375 	 21.435 	 35.445
FD10893	165.500 	 21.475 	 35.477
FD10893	165.625 	 21.513 	 35.506
FD10893	165.750 	 21.546 	 35.534
FD10893	165.875 	 21.581 	 35.559
FD10893	166.000 	 21.615 	 35.581
FD10893	166.125 	 21.648 	 35.607
FD10893	166.250 	 21.682 	 35.636
FD10893	166.375 	 21.715 	 35.673
FD10893	166.500 	 21.750 	 35.720
FD10893	166.625 	 21.789 	 35.775
FD10893	166.750 	 21.818 	 35.838
FD10893	166.875 	 21.855 	 35.899
FD10893	167.000 	 21.887 	 35.953
FD10893	167.125 	 21.914 	 35.995
FD10893	167.250 	 21.937 	 36.026
FD10893	167.375 	 21.966 	 36.049
FD10893	167.500 	 21.989 	 36.072
FD10893	167.625 	 22.012 	 36.103
FD10893	167.750 	 22.039 	 36.138
FD10893	167.875 	 22.059 	 36.184
FD10893	168.000 	 22.088 	 36.235
FD10893	168.125 	 22.108 	 36.292
FD10893	168.250 	 22.133 	 36.357
FD10893	168.375 	 22.153 	 36.422
FD10893	168.500 	 22.177 	 36.482
FD10893	168.625 	 22.203 	 36.531
FD10893	168.750 	 22.224 	 36.571
FD10893	168.875 	 22.253 	 36.601
FD10893	169.000 	 22.282 	 36.632
FD10893	169.125 	 22.313 	 36.670
FD10893	169.250 	 22.339 	 36.717
FD10893	169.375 	 22.373 	 36.778
FD10893	169.500 	 22.404 	 36.841
FD10893	169.625 	 22.432 	 36.907
FD10893	169.750 	 22.457 	 36.968
FD10893	169.875 	 22.492 	 37.022
FD10893	170.000 	 22.518 	 37.067
FD10893	170.125 	 22.553 	 37.104
FD10893	170.250 	 22.584 	 37.126
FD10893	170.375 	 22.620 	 37.128
FD10893	170.500 	 22.659 	 37.111
FD10893	170.625 	 22.695 	 37.077
FD10893	170.750 	 22.735 	 37.030
FD10893	170.875 	 22.777 	 36.976
FD10893	171.000 	 22.817 	 36.925
FD10893	171.125 	 22.858 	 36.880
FD10893	171.250 	 22.890 	 36.840
FD10893	171.375 	 22.930 	 36.807
FD10893	171.500 	 22.959 	 36.781
FD10893	171.625 	 22.989 	 36.758
FD10893	171.750 	 23.014 	 36.739
FD10893	171.875 	 23.038 	 36.725
FD10893	172.000 	 23.064 	 36.722
FD10893	172.125 	 23.087 	 36.729
FD10893	172.250 	 23.111 	 36.752
FD10893	172.375 	 23.138 	 36.794
FD10893	172.500 	 23.165 	 36.852
FD10893	172.625 	 23.198 	 36.924
FD10893	172.750 	 23.225 	 37.006
FD10893	172.875 	 23.254 	 37.082
FD10893	173.000 	 23.289 	 37.153
FD10893	173.125 	 23.320 	 37.209
FD10893	173.250 	 23.354 	 37.260
FD10893	173.375 	 23.393 	 37.306
FD10893	173.500 	 23.426 	 37.347
FD10893	173.625 	 23.470 	 37.378
FD10893	173.750 	 23.509 	 37.397
FD10893	173.875 	 23.548 	 37.390
FD10893	174.000 	 23.589 	 37.364
FD10893	174.125 	 23.627 	 37.325
FD10893	174.250 	 23.662 	 37.287
FD10893	174.375 	 23.706 	 37.252
FD10893	174.500 	 23.742 	 37.233
FD10893	174.625 	 23.781 	 37.223
FD10893	174.750 	 23.828 	 37.220
FD10893	174.875 	 23.868 	 37.219
FD10893	175.000 	 23.907 	 37.214
FD10893	175.125 	 23.953 	 37.202
FD10893	175.250 	 23.993 	 37.184
FD10893	175.375 	 24.031 	 37.164
FD10893	175.500 	 24.065 	 37.145
FD10893	175.625 	 24.097 	 37.132
FD10893	175.750 	 24.125 	 37.121
FD10893	175.875 	 24.152 	 37.119
FD10893	176.000 	 24.180 	 37.119
FD10893	176.125 	 24.204 	 37.125
FD10893	176.250 	 24.228 	 37.133
FD10893	176.375 	 24.255 	 37.145
FD10893	176.500 	 24.272 	 37.156
FD10893	176.625 	 24.289 	 37.167
FD10893	176.750 	 24.302 	 37.175
FD10893	176.875 	 24.314 	 37.182
FD10893	177.000 	 24.319 	 37.189
FD10893	177.125 	 24.333 	 37.201
FD10893	177.250 	 24.341 	 37.218
FD10893	177.375 	 24.354 	 37.238
FD10893	177.500 	 24.369 	 37.253
FD10893	177.625 	 24.383 	 37.266
FD10893	177.750 	 24.396 	 37.263
FD10893	177.875 	 24.416 	 37.255
FD10893	178.000 	 24.433 	 37.243
FD10893	178.125 	 24.449 	 37.236
FD10893	178.250 	 24.471 	 37.241
FD10893	178.375 	 24.492 	 37.263
FD10893	178.500 	 24.516 	 37.298
FD10893	178.625 	 24.537 	 37.346
FD10893	178.750 	 24.555 	 37.401
FD10893	178.875 	 24.584 	 37.455
FD10893	179.000 	 24.602 	 37.508
FD10893	179.125 	 24.628 	 37.554
FD10893	179.250 	 24.644 	 37.593
FD10893	179.375 	 24.666 	 37.627
FD10893	179.500 	 24.682 	 37.659
FD10893	179.625 	 24.702 	 37.694
FD10893	179.750 	 24.715 	 37.729
FD10893	179.875 	 24.730 	 37.768
FD10893	180.000 	 24.749 	 37.809
FD10893	180.125 	 24.757 	 37.853
FD10893	180.250 	 24.774 	 37.904
FD10893	180.375 	 24.791 	 37.965
FD10893	180.500 	 24.798 	 38.036
FD10893	180.625 	 24.810 	 38.106
FD10893	180.750 	 24.822 	 38.177
FD10893	180.875 	 24.832 	 38.240
FD10893	181.000 	 24.847 	 38.297
FD10893	181.125 	 24.853 	 38.351
FD10893	181.250 	 24.870 	 38.403
FD10893	181.375 	 24.880 	 38.461
FD10893	181.500 	 24.898 	 38.520
FD10893	181.625 	 24.909 	 38.574
FD10893	181.750 	 24.921 	 38.617
FD10893	181.875 	 24.940 	 38.640
FD10893	182.000 	 24.954 	 38.642
FD10893	182.125 	 24.967 	 38.624
FD10893	182.250 	 24.985 	 38.596
FD10893	182.375 	 24.993 	 38.572
FD10893	182.500 	 25.006 	 38.554
FD10893	182.625 	 25.011 	 38.555
FD10893	182.750 	 25.018 	 38.568
FD10893	182.875 	 25.018 	 38.597
FD10893	183.000 	 25.012 	 38.637
FD10893	183.125 	 25.005 	 38.681
FD10893	183.250 	 24.990 	 38.727
FD10893	183.375 	 24.981 	 38.771
FD10893	183.500 	 24.964 	 38.811
FD10893	183.625 	 24.952 	 38.852
FD10893	183.750 	 24.941 	 38.886
FD10893	183.875 	 24.932 	 38.930
FD10893	184.000 	 24.931 	 38.987
FD10893	184.125 	 24.927 	 39.069
FD10893	184.250 	 24.927 	 39.174
FD10893	184.375 	 24.927 	 39.303
FD10893	184.500 	 24.926 	 39.444
FD10893	184.625 	 24.928 	 39.578
FD10893	184.750 	 24.920 	 39.696
FD10893	184.875 	 24.916 	 39.785
FD10893	185.000 	 24.917 	 39.847
FD10893	185.125 	 24.916 	 39.885
FD10893	185.250 	 24.911 	 39.914
FD10893	185.375 	 24.911 	 39.937
FD10893	185.500 	 24.911 	 39.962
FD10893	185.625 	 24.912 	 39.982
FD10893	185.750 	 24.913 	 39.995
FD10893	185.875 	 24.918 	 39.994
FD10893	186.000 	 24.922 	 39.978
FD10893	186.125 	 24.921 	 39.960
FD10893	186.250 	 24.930 	 39.940
FD10893	186.375 	 24.934 	 39.925
FD10893	186.500 	 24.933 	 39.915
FD10893	186.625 	 24.936 	 39.900
FD10893	186.750 	 24.942 	 39.879
FD10893	186.875 	 24.949 	 39.847
FD10893	187.000 	 24.953 	 39.807
FD10893	187.125 	 24.956 	 39.761
FD10893	187.250 	 24.968 	 39.707
FD10893	187.375 	 24.973 	 39.649
FD10893	187.500 	 24.980 	 39.578
FD10893	187.625 	 24.988 	 39.491
FD10893	187.750 	 24.992 	 39.383
FD10893	187.875 	 24.999 	 39.246
FD10893	188.000 	 24.997 	 39.082
FD10893	188.125 	 24.997 	 38.893
FD10893	188.250 	 25.002 	 38.681
FD10893	188.375 	 25.004 	 38.464
FD10893	188.500 	 25.005 	 38.252
FD10893	188.625 	 25.008 	 38.061
FD10893	188.750 	 25.011 	 37.913
FD10893	188.875 	 25.014 	 37.809
FD10893	189.000 	 25.018 	 37.754
FD10893	189.125 	 25.019 	 37.734
FD10893	189.250 	 25.015 	 37.739
FD10893	189.375 	 25.012 	 37.760
FD10893	189.500 	 25.010 	 37.784
FD10893	189.625 	 25.006 	 37.806
FD10893	189.750 	 25.005 	 37.817
FD10893	189.875 	 25.002 	 37.820
FD10893	190.000 	 24.999 	 37.813
FD10893	190.125 	 24.997 	 37.802
FD10893	190.250 	 25.003 	 37.790
FD10893	190.375 	 25.004 	 37.782
FD10893	190.500 	 25.008 	 37.773
FD10893	190.625 	 25.012 	 37.764
FD10893	190.750 	 25.018 	 37.751
FD10893	190.875 	 25.022 	 37.733
FD10893	191.000 	 25.021 	 37.707
FD10893	191.125 	 25.030 	 37.670
FD10893	191.250 	 25.029 	 37.624
FD10893	191.375 	 25.030 	 37.573
FD10893	191.500 	 25.034 	 37.520
FD10893	191.625 	 25.035 	 37.466
FD10893	191.750 	 25.033 	 37.413
FD10893	191.875 	 25.037 	 37.359
FD10893	192.000 	 25.034 	 37.300
FD10893	192.125 	 25.036 	 37.239
FD10893	192.250 	 25.035 	 37.174
FD10893	192.375 	 25.033 	 37.110
FD10893	192.500 	 25.025 	 37.050
FD10893	192.625 	 25.028 	 36.989
FD10893	192.750 	 25.020 	 36.934
FD10893	192.875 	 25.025 	 36.880
FD10893	193.000 	 25.020 	 36.826
FD10893	193.125 	 25.029 	 36.772
FD10893	193.250 	 25.031 	 36.723
FD10893	193.375 	 25.040 	 36.680
FD10893	193.500 	 25.044 	 36.646
FD10893	193.625 	 25.050 	 36.616
FD10893	193.750 	 25.049 	 36.580
FD10893	193.875 	 25.048 	 36.533
FD10893	194.000 	 25.050 	 36.469
FD10893	194.125 	 25.048 	 36.394
FD10893	194.250 	 25.044 	 36.311
FD10893	194.375 	 25.043 	 36.234
FD10893	194.500 	 25.043 	 36.165
FD10893	194.625 	 25.044 	 36.099
FD10893	194.750 	 25.045 	 36.031
FD10893	194.875 	 25.050 	 35.958
FD10893	195.000 	 25.052 	 35.878
FD10893	195.125 	 25.053 	 35.788
FD10893	195.250 	 25.062 	 35.696
FD10893	195.375 	 25.061 	 35.602
FD10893	195.500 	 25.064 	 35.507
FD10893	195.625 	 25.067 	 35.417
FD10893	195.750 	 25.067 	 35.334
FD10893	195.875 	 25.060 	 35.256
FD10893	196.000 	 25.065 	 35.191
FD10893	196.125 	 25.059 	 35.134
FD10893	196.250 	 25.055 	 35.095
FD10893	196.375 	 25.051 	 35.063
FD10893	196.500 	 25.050 	 35.047
FD10893	196.625 	 25.048 	 35.035
FD10893	196.750 	 25.043 	 35.032
FD10893	196.875 	 25.042 	 35.032
FD10893	197.000 	 25.041 	 35.034
FD10893	197.125 	 25.039 	 35.032
FD10893	197.250 	 25.034 	 35.028
FD10893	197.375 	 25.035 	 35.016
FD10893	197.500 	 25.028 	 34.999
FD10893	197.625 	 25.026 	 34.979
FD10893	197.750 	 25.023 	 34.963
FD10893	197.875 	 25.021 	 34.952
FD10893	198.000 	 25.016 	 34.950
FD10893	198.125 	 25.018 	 34.958
FD10893	198.250 	 25.018 	 34.974
FD10893	198.375 	 25.015 	 34.992
FD10893	198.500 	 25.017 	 35.011
FD10893	198.625 	 25.014 	 35.022
FD10893	198.750 	 25.018 	 35.020
FD10893	198.875 	 25.015 	 35.009
FD10893	199.000 	 25.018 	 34.998
FD10893	199.125 	 25.014 	 34.997
FD10893	199.250 	 25.018 	 35.009
FD10893	199.375 	 25.014 	 35.034
FD10893	199.500 	 25.018 	 35.074
FD10893	199.625 	 25.015 	 35.117
FD10893	199.750 	 25.018 	 35.151
FD10893	199.875 	 25.016 	 35.183
FD10893	200.000 	 25.021 	 35.202
FD10893	200.125 	 25.024 	 35.224
FD10893	200.250 	 25.028 	 35.246
FD10893	200.375 	 25.037 	 35.277
FD10893	200.500 	 25.042 	 35.309
FD10893	200.625 	 25.052 	 35.340
FD10893	200.750 	 25.057 	 35.366
FD10893	200.875 	 25.061 	 35.392
FD10893	201.000 	 25.064 	 35.414
FD10893	201.125 	 25.069 	 35.435
FD10893	201.250 	 25.070 	 35.459
FD10893	201.375 	 25.069 	 35.488
FD10893	201.500 	 25.073 	 35.520
FD10893	201.625 	 25.079 	 35.549
FD10893	201.750 	 25.078 	 35.584
FD10893	201.875 	 25.081 	 35.613
FD10893	202.000 	 25.086 	 35.637
FD10893	202.125 	 25.086 	 35.650
FD10893	202.250 	 25.083 	 35.647
FD10893	202.375 	 25.083 	 35.626
FD10893	202.500 	 25.075 	 35.593
FD10893	202.625 	 25.070 	 35.543
FD10893	202.750 	 25.058 	 35.488
FD10893	202.875 	 25.049 	 35.429
FD10893	203.000 	 25.041 	 35.369
FD10893	203.125 	 25.036 	 35.311
FD10893	203.250 	 25.029 	 35.263
FD10893	203.375 	 25.029 	 35.225
FD10893	203.500 	 25.026 	 35.199
FD10893	203.625 	 25.027 	 35.182
FD10893	203.750 	 25.028 	 35.173
FD10893	203.875 	 25.032 	 35.171
FD10893	204.000 	 25.030 	 35.174
FD10893	204.125 	 25.028 	 35.178
FD10893	204.250 	 25.024 	 35.181
FD10893	204.375 	 25.018 	 35.181
FD10893	204.500 	 25.008 	 35.176
FD10893	204.625 	 24.997 	 35.165
FD10893	204.750 	 24.989 	 35.146
FD10893	204.875 	 24.978 	 35.125
FD10893	205.000 	 24.970 	 35.092
FD10893	205.125 	 24.960 	 35.056
FD10893	205.250 	 24.953 	 35.017
FD10893	205.375 	 24.941 	 34.972
FD10893	205.500 	 24.929 	 34.930
FD10893	205.625 	 24.916 	 34.891
FD10893	205.750 	 24.906 	 34.856
FD10893	205.875 	 24.890 	 34.823
FD10893	206.000 	 24.875 	 34.797
FD10893	206.125 	 24.858 	 34.768
FD10893	206.250 	 24.841 	 34.743
FD10893	206.375 	 24.821 	 34.717
FD10893	206.500 	 24.799 	 34.688
FD10893	206.625 	 24.782 	 34.656
FD10893	206.750 	 24.758 	 34.621
FD10893	206.875 	 24.735 	 34.581
FD10893	207.000 	 24.719 	 34.541
FD10893	207.125 	 24.697 	 34.499
FD10893	207.250 	 24.682 	 34.460
FD10893	207.375 	 24.663 	 34.428
FD10893	207.500 	 24.651 	 34.396
FD10893	207.625 	 24.635 	 34.381
FD10893	207.750 	 24.625 	 34.370
FD10893	207.875 	 24.618 	 34.362
FD10893	208.000 	 24.608 	 34.360
FD10893	208.125 	 24.604 	 34.350
FD10893	208.250 	 24.598 	 34.344
FD10893	208.375 	 24.595 	 34.332
FD10893	208.500 	 24.598 	 34.317
FD10893	208.625 	 24.594 	 34.301
FD10893	208.750 	 24.593 	 34.287
FD10893	208.875 	 24.593 	 34.262
FD10893	209.000 	 24.594 	 34.233
FD10893	209.125 	 24.592 	 34.193
FD10893	209.250 	 24.595 	 34.142
FD10893	209.375 	 24.587 	 34.085
FD10893	209.500 	 24.589 	 34.033
FD10893	209.625 	 24.587 	 33.988
FD10893	209.750 	 24.585 	 33.964
FD10893	209.875 	 24.580 	 33.960
FD10893	210.000 	 24.578 	 33.966
FD10893	210.125 	 24.575 	 33.990
FD10893	210.250 	 24.572 	 34.016
FD10893	210.375 	 24.568 	 34.043
FD10893	210.500 	 24.560 	 34.066
FD10893	210.625 	 24.555 	 34.094
FD10893	210.750 	 24.545 	 34.117
FD10893	210.875 	 24.538 	 34.141
FD10893	211.000 	 24.527 	 34.164
FD10893	211.125 	 24.518 	 34.186
FD10893	211.250 	 24.505 	 34.203
FD10893	211.375 	 24.493 	 34.205
FD10893	211.500 	 24.479 	 34.194
FD10893	211.625 	 24.469 	 34.168
FD10893	211.750 	 24.456 	 34.136
FD10893	211.875 	 24.443 	 34.097
FD10893	212.000 	 24.435 	 34.058
FD10893	212.125 	 24.425 	 34.025
FD10893	212.250 	 24.420 	 34.002
FD10893	212.375 	 24.417 	 33.971
FD10893	212.500 	 24.414 	 33.945
FD10893	212.625 	 24.420 	 33.909
FD10893	212.750 	 24.426 	 33.874
FD10893	212.875 	 24.437 	 33.838
FD10893	213.000 	 24.452 	 33.805
FD10893	213.125 	 24.465 	 33.786
FD10893	213.250 	 24.487 	 33.784
FD10893	213.375 	 24.507 	 33.796
FD10893	213.500 	 24.532 	 33.826
FD10893	213.625 	 24.553 	 33.859
FD10893	213.750 	 24.581 	 33.889
FD10893	213.875 	 24.605 	 33.914
FD10893	214.000 	 24.630 	 33.925
FD10893	214.125 	 24.658 	 33.924
FD10893	214.250 	 24.679 	 33.917
FD10893	214.375 	 24.704 	 33.908
FD10893	214.500 	 24.722 	 33.897
FD10893	214.625 	 24.740 	 33.890
FD10893	214.750 	 24.753 	 33.890
FD10893	214.875 	 24.768 	 33.904
FD10893	215.000 	 24.777 	 33.935
FD10893	215.125 	 24.786 	 33.984
FD10893	215.250 	 24.791 	 34.049
FD10893	215.375 	 24.795 	 34.125
FD10893	215.500 	 24.797 	 34.203
FD10893	215.625 	 24.796 	 34.276
FD10893	215.750 	 24.798 	 34.327
FD10893	215.875 	 24.791 	 34.350
FD10893	216.000 	 24.783 	 34.337
FD10893	216.125 	 24.776 	 34.295
FD10893	216.250 	 24.769 	 34.231
FD10893	216.375 	 24.756 	 34.166
FD10893	216.500 	 24.745 	 34.100
FD10893	216.625 	 24.731 	 34.045
FD10893	216.750 	 24.721 	 33.993
FD10893	216.875 	 24.708 	 33.940
FD10893	217.000 	 24.694 	 33.380
FD10893	217.125 	 24.687 	 32.812
FD10893	217.250 	 24.676 	 32.749
FD10893	217.375 	 24.672 	 32.687
FD10893	217.500 	 24.666 	 32.640
FD10893	217.625 	 24.668 	 32.600
FD10893	217.750 	 24.672 	 32.569
FD10893	217.875 	 24.678 	 32.539
FD10893	218.000 	 24.691 	 32.520
FD10893	218.125 	 24.706 	 32.512
FD10893	218.250 	 24.725 	 32.517
FD10893	218.375 	 24.746 	 32.544
FD10893	218.500 	 24.773 	 32.590
FD10893	218.625 	 24.797 	 32.646
FD10893	218.750 	 24.827 	 32.709
FD10893	218.875 	 24.857 	 32.768
FD10893	219.000 	 24.886 	 32.808
FD10893	219.125 	 24.911 	 32.828
FD10893	219.250 	 24.934 	 32.823
FD10893	219.375 	 24.964 	 32.801
FD10893	219.500 	 24.982 	 32.774
FD10893	219.625 	 25.007 	 32.747
FD10893	219.750 	 25.026 	 32.730
FD10893	219.875 	 25.047 	 32.725
FD10893	220.000 	 25.059 	 32.736
FD10893	220.125 	 25.073 	 32.758
FD10893	220.250 	 25.081 	 32.794
FD10893	220.375 	 25.090 	 32.830
FD10893	220.500 	 25.094 	 32.865
FD10893	220.625 	 25.099 	 32.890
FD10893	220.750 	 25.101 	 32.896
FD10893	220.875 	 25.112 	 32.893
FD10893	221.000 	 25.111 	 32.887
FD10893	221.125 	 25.121 	 32.876
FD10893	221.250 	 25.125 	 32.869
FD10893	221.375 	 25.132 	 32.865
FD10893	221.500 	 25.137 	 32.868
FD10893	221.625 	 25.146 	 32.870
FD10893	221.750 	 25.147 	 32.876
FD10893	221.875 	 25.154 	 32.885
FD10893	222.000 	 25.158 	 32.902
FD10893	222.125 	 25.161 	 32.923
FD10893	222.250 	 25.168 	 32.952
FD10893	222.375 	 25.170 	 32.984
FD10893	222.500 	 25.172 	 33.015
FD10893	222.625 	 25.172 	 33.043
FD10893	222.750 	 25.170 	 33.067
FD10893	222.875 	 25.166 	 33.085
FD10893	223.000 	 25.164 	 33.095
FD10893	223.125 	 25.150 	 33.101
FD10893	223.250 	 25.142 	 33.106
FD10893	223.375 	 25.130 	 33.102
FD10893	223.500 	 25.112 	 33.094
FD10893	223.625 	 25.100 	 33.068
FD10893	223.750 	 25.083 	 33.031
FD10893	223.875 	 25.073 	 32.976
FD10893	224.000 	 25.065 	 32.913
FD10893	224.125 	 25.054 	 32.846
FD10893	224.250 	 25.050 	 32.790
FD10893	224.375 	 25.045 	 32.748
FD10893	224.500 	 25.041 	 32.720
FD10893	224.625 	 25.037 	 32.704
FD10893	224.750 	 25.036 	 32.697
FD10893	224.875 	 25.030 	 32.692
FD10893	225.000 	 25.026 	 32.686
FD10893	225.125 	 25.023 	 32.681
FD10893	225.250 	 25.021 	 32.663
FD10893	225.375 	 25.018 	 32.641
FD10893	225.500 	 25.018 	 32.614
FD10893	225.625 	 25.018 	 32.582
FD10893	225.750 	 25.015 	 32.552
FD10893	225.875 	 25.017 	 32.525
FD10893	226.000 	 25.015 	 32.498
FD10893	226.125 	 25.017 	 32.473
FD10893	226.250 	 25.015 	 32.452
FD10893	226.375 	 25.018 	 32.437
FD10893	226.500 	 25.015 	 32.428
FD10893	226.625 	 25.018 	 32.420
FD10893	226.750 	 25.016 	 32.409
FD10893	226.875 	 25.021 	 32.394
FD10893	227.000 	 25.021 	 32.366
FD10893	227.125 	 25.023 	 32.334
FD10893	227.250 	 25.028 	 32.301
FD10893	227.375 	 25.029 	 32.284
FD10893	227.500 	 25.036 	 32.281
FD10893	227.625 	 25.038 	 32.293
FD10893	227.750 	 25.040 	 32.321
FD10893	227.875 	 25.041 	 32.357
FD10893	228.000 	 25.042 	 32.400
FD10893	228.125 	 25.042 	 32.445
FD10893	228.250 	 25.042 	 32.493
FD10893	228.375 	 25.042 	 32.539
FD10893	228.500 	 25.041 	 32.575
FD10893	228.625 	 25.042 	 32.602
FD10893	228.750 	 25.044 	 32.615
FD10893	228.875 	 25.042 	 32.615
FD10893	229.000 	 25.044 	 32.600
FD10893	229.125 	 25.046 	 32.583
FD10893	229.250 	 25.049 	 32.558
FD10893	229.375 	 25.057 	 32.536
FD10893	229.500 	 25.068 	 32.515
FD10893	229.625 	 25.080 	 32.495
FD10893	229.750 	 25.102 	 32.483
FD10893	229.875 	 25.122 	 32.473
FD10893	230.000 	 25.143 	 32.472
FD10893	230.125 	 25.160 	 32.481
FD10893	230.250 	 25.180 	 32.494
FD10893	230.375 	 25.184 	 32.515
FD10893	230.500 	 25.197 	 32.537
FD10893	230.625 	 25.197 	 32.556
FD10893	230.750 	 25.202 	 32.570
FD10893	230.875 	 25.203 	 32.576
FD10893	231.000 	 25.203 	 32.576
FD10893	231.125 	 25.199 	 32.572
FD10893	231.250 	 25.203 	 32.559
FD10893	231.375 	 25.203 	 32.546
FD10893	231.500 	 25.203 	 32.537
FD10893	231.625 	 25.199 	 32.528
FD10893	231.750 	 25.203 	 32.524
FD10893	231.875 	 25.203 	 32.524
FD10893	232.000 	 25.204 	 32.520
FD10893	232.125 	 25.205 	 32.522
FD10893	232.250 	 25.207 	 32.510
FD10893	232.375 	 25.209 	 32.500
FD10893	232.500 	 25.214 	 32.487
FD10893	232.625 	 25.216 	 32.469
FD10893	232.750 	 25.220 	 32.457
FD10893	232.875 	 25.224 	 32.451
FD10893	233.000 	 25.228 	 32.447
FD10893	233.125 	 25.226 	 32.458
FD10893	233.250 	 25.228 	 32.466
FD10893	233.375 	 25.229 	 32.483
FD10893	233.500 	 25.227 	 32.502
FD10893	233.625 	 25.226 	 32.515
FD10893	233.750 	 25.230 	 32.524
FD10893	233.875 	 25.228 	 32.529
FD10893	234.000 	 25.226 	 32.537
FD10893	234.125 	 25.231 	 32.542
FD10893	234.250 	 25.228 	 32.551
FD10893	234.375 	 25.230 	 32.557
FD10893	234.500 	 25.229 	 32.562
FD10893	234.625 	 25.232 	 32.569
FD10893	234.750 	 25.231 	 32.572
FD10893	234.875 	 25.236 	 32.579
FD10893	235.000 	 25.239 	 32.584
FD10893	235.125 	 25.241 	 32.593
FD10893	235.250 	 25.247 	 32.605
FD10893	235.375 	 25.246 	 32.621
FD10893	235.500 	 25.254 	 32.641
FD10893	235.625 	 25.255 	 32.667
FD10893	235.750 	 25.260 	 32.690
FD10893	235.875 	 25.260 	 32.704
FD10893	236.000 	 25.267 	 32.703
FD10893	236.125 	 25.266 	 32.697
FD10893	236.250 	 25.272 	 32.671
FD10893	236.375 	 25.278 	 32.637
FD10893	236.500 	 25.277 	 32.607
FD10893	236.625 	 25.281 	 32.580
FD10893	236.750 	 25.278 	 32.575
FD10893	236.875 	 25.283 	 32.582
FD10893	237.000 	 25.284 	 32.607
FD10893	237.125 	 25.279 	 32.639
FD10893	237.250 	 25.285 	 32.666
FD10893	237.375 	 25.287 	 32.688
FD10893	237.500 	 25.289 	 32.705
FD10893	237.625 	 25.293 	 32.722
FD10893	237.750 	 25.303 	 32.735
FD10893	237.875 	 25.313 	 32.755
FD10893	238.000 	 25.328 	 32.775
FD10893	238.125 	 25.345 	 32.800
FD10893	238.250 	 25.366 	 32.817
FD10893	238.375 	 25.389 	 32.829
FD10893	238.500 	 25.416 	 32.831
FD10893	238.625 	 25.441 	 32.823
FD10893	238.750 	 25.468 	 32.808
FD10893	238.875 	 25.492 	 32.782
FD10893	239.000 	 25.506 	 32.756
FD10893	239.125 	 25.518 	 32.730
FD10893	239.250 	 25.523 	 32.704
FD10893	239.375 	 25.517 	 32.681
FD10893	239.500 	 25.502 	 32.663
FD10893	239.625 	 25.481 	 32.646
FD10893	239.750 	 25.443 	 32.643
FD10893	239.875 	 25.411 	 32.645
FD10893	240.000 	 25.362 	 32.657
FD10893	240.125 	 25.317 	 32.666
FD10893	240.250 	 25.270 	 32.671
FD10893	240.375 	 25.223 	 32.669
FD10893	240.500 	 25.177 	 32.657
FD10893	240.625 	 25.137 	 32.640
FD10893	240.750 	 25.102 	 32.621
FD10893	240.875 	 25.073 	 32.595
FD10893	241.000 	 25.053 	 32.570
FD10893	241.125 	 25.034 	 32.548
FD10893	241.250 	 25.025 	 32.534
FD10893	241.375 	 25.022 	 32.522
FD10893	241.500 	 25.020 	 32.520
FD10893	241.625 	 25.015 	 32.515
FD10893	241.750 	 25.017 	 32.508
FD10893	241.875 	 25.015 	 32.491
FD10893	242.000 	 25.018 	 32.459
FD10893	242.125 	 25.014 	 32.426
FD10893	242.250 	 25.018 	 32.391
FD10893	242.375 	 25.016 	 32.363
FD10893	242.500 	 25.020 	 32.338
FD10893	242.625 	 25.022 	 32.323
FD10893	242.750 	 25.023 	 32.311
FD10893	242.875 	 25.027 	 32.295
FD10893	243.000 	 25.030 	 32.278
FD10893	243.125 	 25.035 	 32.257
FD10893	243.250 	 25.038 	 32.237
FD10893	243.375 	 25.041 	 32.226
FD10893	243.500 	 25.041 	 32.226
FD10893	243.625 	 25.041 	 32.227
FD10893	243.750 	 25.043 	 32.227
FD10893	243.875 	 25.043 	 32.219
FD10893	244.000 	 25.044 	 32.201
FD10893	244.125 	 25.049 	 32.178
FD10893	244.250 	 25.051 	 32.152
FD10893	244.375 	 25.063 	 32.136
FD10893	244.500 	 25.069 	 32.134
FD10893	244.625 	 25.084 	 32.135
FD10893	244.750 	 25.097 	 32.136
FD10893	244.875 	 25.114 	 32.133
FD10893	245.000 	 25.127 	 32.126
FD10893	245.125 	 25.144 	 32.113
FD10893	245.250 	 25.158 	 32.107
FD10893	245.375 	 25.177 	 32.099
FD10893	245.500 	 25.190 	 32.096
FD10893	245.625 	 25.206 	 32.097
FD10893	245.750 	 25.222 	 32.103
FD10893	245.875 	 25.239 	 32.108
FD10893	246.000 	 25.254 	 32.127
FD10893	246.125 	 25.265 	 32.150
FD10893	246.250 	 25.281 	 32.177
FD10893	246.375 	 25.291 	 32.195
FD10893	246.500 	 25.303 	 32.194
FD10893	246.625 	 25.309 	 32.171
FD10893	246.750 	 25.316 	 32.120
FD10893	246.875 	 25.320 	 32.050
FD10893	247.000 	 25.320 	 31.972
FD10893	247.125 	 25.319 	 31.907
FD10893	247.250 	 25.315 	 31.867
FD10893	247.375 	 25.308 	 31.857
FD10893	247.500 	 25.301 	 31.877
FD10893	247.625 	 25.289 	 31.922
FD10893	247.750 	 25.275 	 31.978
FD10893	247.875 	 25.258 	 32.038
FD10893	248.000 	 25.238 	 32.098
FD10893	248.125 	 25.216 	 32.143
FD10893	248.250 	 25.189 	 32.180
FD10893	248.375 	 25.162 	 32.192
FD10893	248.500 	 25.137 	 32.202
FD10893	248.625 	 25.107 	 32.204
FD10893	248.750 	 25.083 	 32.199
FD10893	248.875 	 25.051 	 32.191
FD10893	249.000 	 25.027 	 32.182
FD10893	249.125 	 25.003 	 32.172
FD10893	249.250 	 24.984 	 32.160
FD10893	249.375 	 24.960 	 32.155
FD10893	249.500 	 24.946 	 32.153
FD10893	249.625 	 24.935 	 32.155
FD10893	249.750 	 24.925 	 32.166
FD10893	249.875 	 24.918 	 32.186
FD10893	250.000 	 24.923 	 32.212
FD10893	250.125 	 24.926 	 32.241
FD10893	250.250 	 24.936 	 32.278
FD10893	250.375 	 24.952 	 32.308
FD10893	250.500 	 24.965 	 32.336
FD10893	250.625 	 24.990 	 32.352
FD10893	250.750 	 25.012 	 32.354
FD10893	250.875 	 25.037 	 32.347
FD10893	251.000 	 25.063 	 32.327
FD10893	251.125 	 25.089 	 32.304
FD10893	251.250 	 25.111 	 32.279
FD10893	251.375 	 25.136 	 32.250
FD10893	251.500 	 25.153 	 32.226
FD10893	251.625 	 25.167 	 32.201
FD10893	251.750 	 25.176 	 32.169
FD10893	251.875 	 25.182 	 32.140
FD10893	252.000 	 25.186 	 32.114
FD10893	252.125 	 25.185 	 32.094
FD10893	252.250 	 25.182 	 32.082
FD10893	252.375 	 25.175 	 32.085
FD10893	252.500 	 25.166 	 32.099
FD10893	252.625 	 25.158 	 32.121
FD10893	252.750 	 25.147 	 32.152
FD10893	252.875 	 25.130 	 32.179
FD10893	253.000 	 25.118 	 32.206
FD10893	253.125 	 25.097 	 32.236
FD10893	253.250 	 25.084 	 32.267
FD10893	253.375 	 25.063 	 32.312
FD10893	253.500 	 25.050 	 32.360
FD10893	253.625 	 25.030 	 32.425
FD10893	253.750 	 25.017 	 32.497
FD10893	253.875 	 25.001 	 32.570
FD10893	254.000 	 24.991 	 32.651
FD10893	254.125 	 24.985 	 32.726
FD10893	254.250 	 24.974 	 32.795
FD10893	254.375 	 24.970 	 32.859
FD10893	254.500 	 24.961 	 32.921
FD10893	254.625 	 24.960 	 32.975
FD10893	254.750 	 24.958 	 33.031
FD10893	254.875 	 24.958 	 33.084
FD10893	255.000 	 24.960 	 33.128
FD10893	255.125 	 24.970 	 33.150
FD10893	255.250 	 24.977 	 33.154
FD10893	255.375 	 24.991 	 33.137
FD10893	255.500 	 25.007 	 33.106
FD10893	255.625 	 25.025 	 33.062
FD10893	255.750 	 25.047 	 33.008
FD10893	255.875 	 25.073 	 32.937
FD10893	256.000 	 25.100 	 32.862
FD10893	256.125 	 25.128 	 32.774
FD10893	256.250 	 25.157 	 32.695
FD10893	256.375 	 25.188 	 32.633
FD10893	256.500 	 25.215 	 32.593
FD10893	256.625 	 25.247 	 32.573
FD10893	256.750 	 25.271 	 32.566
FD10893	256.875 	 25.293 	 32.553
FD10893	257.000 	 25.316 	 32.530
FD10893	257.125 	 25.332 	 32.499
FD10893	257.250 	 25.345 	 32.453
FD10893	257.375 	 25.357 	 32.414
FD10893	257.500 	 25.365 	 32.384
FD10893	257.625 	 25.369 	 32.368
FD10893	257.750 	 25.371 	 32.369
FD10893	257.875 	 25.370 	 32.380
FD10893	258.000 	 25.367 	 32.396
FD10893	258.125 	 25.362 	 32.401
FD10893	258.250 	 25.353 	 32.390
FD10893	258.375 	 25.343 	 32.370
FD10893	258.500 	 25.337 	 32.345
FD10893	258.625 	 25.325 	 32.326
FD10893	258.750 	 25.318 	 32.326
FD10893	258.875 	 25.308 	 32.342
FD10893	259.000 	 25.301 	 32.375
FD10893	259.125 	 25.290 	 32.418
FD10893	259.250 	 25.283 	 32.460
FD10893	259.375 	 25.272 	 32.488
FD10893	259.500 	 25.264 	 32.503
FD10893	259.625 	 25.256 	 32.503
FD10893	259.750 	 25.245 	 32.494
FD10893	259.875 	 25.240 	 32.482
FD10893	260.000 	 25.234 	 32.480
FD10893	260.125 	 25.228 	 32.474
FD10893	260.250 	 25.229 	 32.465
FD10893	260.375 	 25.224 	 32.452
FD10893	260.500 	 25.225 	 32.432
FD10893	260.625 	 25.225 	 32.408
FD10893	260.750 	 25.229 	 32.376
FD10893	260.875 	 25.226 	 32.345
FD10893	261.000 	 25.227 	 32.312
FD10893	261.125 	 25.229 	 32.269
FD10893	261.250 	 25.229 	 32.225
FD10893	261.375 	 25.232 	 32.180
FD10893	261.500 	 25.232 	 32.137
FD10893	261.625 	 25.236 	 32.096
FD10893	261.750 	 25.238 	 32.059
FD10893	261.875 	 25.242 	 32.019
FD10893	262.000 	 25.248 	 32.964
FD10893	262.125 	 25.252 	 33.931
FD10893	262.250 	 25.256 	 33.933
FD10893	262.375 	 25.261 	 33.996
FD10893	262.500 	 25.267 	 34.401
FD10893	262.625 	 25.272 	 34.873
FD10893	262.750 	 25.275 	 35.007
FD10893	262.875 	 25.280 	 35.008
FD10893	263.000 	 25.286 	 35.006
FD10893	263.125 	 25.290 	 35.006
FD10893	263.250 	 25.294 	 35.007
FD10893	263.375 	 25.299 	 35.008
FD10893	263.500 	 25.297 	 35.007
FD10893	263.625 	 25.303 	 35.008
FD10893	263.750 	 25.306 	 35.005
FD10893	263.875 	 25.309 	 35.007
FD10893	264.000 	 25.307 	 35.008
FD10893	264.125 	 25.307 	 35.008
FD10893	264.250 	 25.307 	 35.004
FD10893	264.375 	 25.311 	 35.006
FD10893	264.500 	 25.307 	 34.738
FD10893	264.625 	 25.306 	 34.201
FD10893	264.750 	 25.308 	 33.931
FD10893	264.875 	 25.311 	 33.929
FD10893	265.000 	 25.308 	 33.931
FD10893	265.125 	 25.309 	 33.933
FD10893	265.250 	 25.315 	 33.930
FD10893	265.375 	 25.316 	 33.933
FD10893	265.500 	 25.315 	 33.929
FD10893	265.625 	 25.319 	 33.930
FD10893	265.750 	 25.321 	 33.932
FD10893	265.875 	 25.326 	 33.933
FD10893	266.000 	 25.325 	 33.930
FD10893	266.125 	 25.328 	 33.929
FD10893	266.250 	 25.332 	 33.933
FD10893	266.375 	 25.333 	 33.930
FD10893	266.500 	 25.335 	 33.931
FD10893	266.625 	 25.337 	 33.929
FD10893	266.750 	 25.338 	 33.933
FD10893	266.875 	 25.339 	 33.930
FD10893	267.000 	 25.339 	 33.932
FD10893	267.125 	 25.345 	 33.929
FD10893	267.250 	 25.342 	 33.933
FD10893	267.375 	 25.348 	 33.930
FD10893	267.500 	 25.345 	 33.930
FD10893	267.625 	 25.345 	 33.932
FD10893	267.750 	 25.353 	 33.931
FD10893	267.875 	 25.349 	 33.931
FD10893	268.000 	 25.355 	 33.931
FD10893	268.125 	 25.351 	 33.932
FD10893	268.250 	 25.358 	 33.928
FD10893	268.375 	 25.359 	 33.931
FD10893	268.500 	 25.353 	 33.935
FD10893	268.625 	 25.354 	 33.929
FD10893	268.750 	 25.368 	 33.930
FD10893	268.875 	 25.356 	 33.930
FD10893	269.000 	 25.362 	 33.936
FD10893	269.125 	 25.363 	 33.928
FD10893	269.250 	 25.356 	 33.391
FD10893	269.375 	 25.362 	 32.854
FD10893	269.500 	 25.363 	 32.858
FD10893	269.625 	 25.357 	 32.852
FD10893	269.750 	 25.368 	 32.854
FD10893	269.875 	 25.356 	 32.854
FD10893	270.000 	 25.363 	 32.852
FD10893	270.125 	 25.362 	 32.408
FD10893	270.250 	 25.357 	 31.867
FD10893	270.375 	 25.362 	 31.777
FD10893	270.500 	 25.362 	 31.777
FD10893	270.625 	 25.358 	 31.779
FD10893	270.750 	 25.362 	 31.777
FD10893	270.875 	 25.362 	 31.777
FD10893	271.000 	 25.357 	 31.781
FD10893	271.125 	 25.369 	 31.775
FD10893	271.250 	 25.356 	 31.777
FD10893	271.375 	 25.363 	 32.050
FD10893	271.500 	 25.362 	 32.583
FD10893	271.625 	 25.356 	 32.854
FD10893	271.750 	 25.364 	 32.856
FD10893	271.875 	 25.363 	 32.852
FD10893	272.000 	 25.358 	 32.856
FD10893	272.125 	 25.369 	 32.852
FD10893	272.250 	 25.360 	 32.853
FD10893	272.375 	 25.374 	 32.855
FD10893	272.500 	 25.362 	 32.855
FD10893	272.625 	 25.369 	 32.852
FD10893	272.750 	 25.370 	 32.856
FD10893	272.875 	 25.379 	 32.855
FD10893	273.000 	 25.367 	 32.855
FD10893	273.125 	 25.382 	 32.850
FD10893	273.250 	 25.377 	 32.854
FD10893	273.375 	 25.378 	 32.857
FD10893	273.500 	 25.386 	 32.853
FD10893	273.625 	 25.386 	 32.853
FD10893	273.750 	 25.377 	 32.854
FD10893	273.875 	 25.389 	 32.854
FD10893	274.000 	 25.389 	 32.854
FD10893	274.125 	 25.391 	 32.855
FD10893	274.250 	 25.384 	 32.852
FD10893	274.375 	 25.385 	 32.899
FD10893	274.500 	 25.391 	 33.171
FD10893	274.625 	 25.390 	 33.618
FD10893	274.750 	 25.385 	 33.886
FD10893	274.875 	 25.385 	 33.930
FD10893	275.000 	 25.391 	 33.930
FD10893	275.125 	 25.391 	 33.930
FD10893	275.250 	 25.389 	 33.932
FD10893	275.375 	 25.386 	 33.874
FD10893	275.500 	 25.385 	 33.718
FD10893	275.625 	 25.389 	 33.526
FD10893	275.750 	 25.391 	 33.336
FD10893	275.875 	 25.390 	 33.182
FD10893	276.000 	 25.384 	 33.026
FD10893	276.125 	 25.385 	 32.894
FD10893	276.250 	 25.390 	 32.852
FD10893	276.375 	 25.391 	 32.855
FD10893	276.500 	 25.386 	 32.747
FD10893	276.625 	 25.384 	 32.368
FD10893	276.750 	 25.391 	 31.942
FD10893	276.875 	 25.390 	 31.776
FD10893	277.000 	 25.391 	 31.779
FD10893	277.125 	 25.384 	 31.239
FD10893	277.250 	 25.384 	 30.522
FD10893	277.375 	 25.390 	 30.120
FD10893	277.500 	 25.392 	 29.760
FD10893	277.625 	 25.390 	 29.627
FD10893	277.750 	 25.385 	 29.625
FD10893	277.875 	 25.385 	 29.625
FD10893	278.000 	 25.392 	 29.629
FD10893	278.125 	 25.393 	 29.627
FD10893	278.250 	 25.396 	 29.622
FD10893	278.375 	 25.398 	 29.630
FD10893	278.500 	 25.392 	 29.624
FD10893	278.625 	 25.399 	 29.628
FD10893	278.750 	 25.398 	 29.624
FD10893	278.875 	 25.399 	 29.628
FD10893	279.000 	 25.389 	 29.625
FD10893	279.125 	 25.396 	 29.628
FD10893	279.250 	 25.393 	 29.623
FD10893	279.375 	 25.392 	 29.629
FD10893	279.500 	 25.385 	 29.625
FD10893	279.625 	 25.390 	 29.627
FD10893	279.750 	 25.385 	 29.625
FD10893	279.875 	 25.390 	 29.627
FD10893	280.000 	 25.391 	 29.625
FD10893	280.125 	 25.384 	 29.627
FD10893	280.250 	 25.385 	 29.625
FD10893	280.375 	 25.390 	 29.735
FD10893	280.500 	 25.390 	 30.054
FD10893	280.625 	 25.391 	 30.487
FD10893	280.750 	 25.385 	 30.701
FD10893	280.875 	 25.385 	 30.701
FD10893	281.000 	 25.391 	 30.705
FD10893	281.125 	 25.390 	 30.698
FD10893	281.250 	 25.383 	 30.704
FD10893	281.375 	 25.383 	 30.704
FD10893	281.500 	 25.387 	 30.702
FD10893	281.625 	 25.385 	 30.701
FD10893	281.750 	 25.378 	 30.703
FD10893	281.875 	 25.374 	 30.703
FD10893	282.000 	 25.371 	 30.699
FD10893	282.125 	 25.367 	 30.705
FD10893	282.250 	 25.354 	 30.701
FD10893	282.375 	 25.333 	 30.704
FD10893	282.500 	 25.249 	 30.701
FD10893	282.625 	 24.992 	 34.468
FD10893	282.750 	 24.496 	 38.234
FD10893	282.875 	 23.576 	 38.236
FD10893	283.000 	 22.099 	 31.766
FD10893	283.125 	 0.000 	 90.000
FD10893	283.250 	 0.000 	 90.000
FD10893	283.375 	 0.000 	 90.000
FD10893	283.500 	 0.000 	 90.000
FD10893	283.625 	 0.000 	 90.000
FD10893	283.750 	 0.000 	 90.000
FD10893	283.875 	 0.000 	 90.000
FD10893	284.000 	 0.000 	 90.000
FD10893	284.125 	 0.000 	 90.000
FD10893	284.250 	 0.000 	 90.000
FD10893	284.375 	 0.000 	 90.000
FD10893	284.500 	 0.000 	 90.000
FD10893	284.625 	 0.000 	 90.000
FD10893	284.750 	 0.000 	 90.000
FD10893	284.875 	 0.000 	 90.000
FD10893	285.000 	 0.000 	 90.000
FD10893	285.125 	 0.000 	 90.000
FD10893	285.250 	 0.000 	 90.000
FD10893	285.375 	 0.000 	 90.000
FD10893	285.500 	 0.000 	 90.000
FD10893	285.625 	 0.000 	 90.000
FD10893	285.750 	 0.000 	 90.000
FD10893	285.875 	 0.000 	 90.000
FD10893	286.000 	 0.000 	 90.000
FD10893	286.125 	 0.000 	 90.000
FD10893	286.250 	 0.000 	 90.000
FD10893	286.375 	 0.000 	 90.000
FD10893	286.500 	 0.000 	 90.000
FD10893	286.625 	 0.000 	 90.000
FD10893	286.750 	 0.000 	 90.000
FD10893	286.875 	 0.000 	 90.000
FD10893	287.000 	 0.000 	 90.000
FD10893	287.125 	 0.000 	 90.000
FD10893	287.250 	 0.000 	 90.000
FD10893	287.375 	 0.000 	 90.000
FD10893	287.500 	 0.000 	 90.000
FD10893	287.625 	 0.000 	 90.000
FD10893	287.750 	 0.000 	 90.000
FD10893	287.875 	 0.000 	 90.000
FD10893	288.000 	 0.000 	 90.000
FD10893	288.125 	 0.000 	 90.000
FD10893	288.250 	 0.000 	 90.000
FD10893	288.375 	 0.000 	 90.000
FD10893	288.500 	 0.000 	 90.000
FD10893	288.625 	 0.000 	 90.000
FD10893	288.750 	 0.000 	 90.000
FD10893	288.875 	 0.000 	 90.000
FD10893	289.000 	 0.000 	 90.000
FD10893	289.125 	 0.000 	 90.000
FD10893	289.250 	 0.000 	 90.000
FD10893	289.375 	 0.000 	 90.000
FD10893	289.500 	 0.000 	 90.000
FD10893	289.625 	 0.000 	 90.000
FD10893	289.750 	 0.000 	 90.000
FD10893	289.875 	 0.000 	 90.000
FD10893	290.000 	 0.000 	 90.000
FD10893	290.125 	 0.000 	 90.000
FD10893	290.250 	 0.000 	 90.000
FD10893	290.375 	 0.000 	 90.000
FD10893	290.500 	 0.000 	 90.000
FD10893	290.625 	 0.000 	 90.000
FD10893	290.750 	 0.000 	 90.000
FD10893	290.875 	 0.000 	 90.000
FD10893	291.000 	 0.000 	 90.000
FD10893	291.125 	 0.000 	 90.000
FD10893	291.250 	 0.000 	 90.000
FD10893	291.375 	 0.000 	 90.000
FD10893	291.500 	 0.000 	 90.000
FD10893	291.625 	 0.000 	 90.000
FD10893	291.750 	 0.000 	 90.000
FD10893	291.875 	 0.000 	 90.000
FD10893	292.000 	 0.000 	 90.000
FD10893	292.125 	 0.000 	 90.000
FD10893	292.250 	 0.000 	 90.000
FD10893	292.375 	 0.000 	 90.000
FD10893	292.500 	 0.000 	 90.000
FD10893	292.625 	 0.000 	 90.000
FD10893	292.750 	 0.000 	 90.000
FD10893	292.875 	 0.000 	 90.000
FD10893	293.000 	 0.000 	 90.000
