#WellName	 Depth.M	 INCL	 AZIM 
WellName	 Depth.M	 INCL	 AZIM 
FD10883	0.000 	 0.000 	 0.000
FD10883	0.125 	 0.000 	 90.000
FD10883	0.250 	 0.000 	 90.000
FD10883	0.375 	 0.000 	 90.000
FD10883	0.500 	 0.000 	 90.000
FD10883	0.625 	 0.000 	 90.000
FD10883	0.750 	 0.000 	 90.000
FD10883	0.875 	 0.000 	 90.000
FD10883	1.000 	 0.000 	 90.000
FD10883	1.125 	 0.000 	 90.000
FD10883	1.250 	 0.000 	 90.000
FD10883	1.375 	 0.000 	 90.000
FD10883	1.500 	 0.000 	 90.000
FD10883	1.625 	 0.000 	 90.000
FD10883	1.750 	 0.000 	 90.000
FD10883	1.875 	 0.000 	 90.000
FD10883	2.000 	 0.000 	 90.000
FD10883	2.125 	 0.000 	 90.000
FD10883	2.250 	 0.000 	 90.000
FD10883	2.375 	 0.000 	 90.000
FD10883	2.500 	 0.000 	 90.000
FD10883	2.625 	 0.000 	 90.000
FD10883	2.750 	 0.000 	 90.000
FD10883	2.875 	 0.000 	 90.000
FD10883	3.000 	 0.000 	 90.000
FD10883	3.125 	 0.000 	 90.000
FD10883	3.250 	 0.000 	 90.000
FD10883	3.375 	 0.000 	 90.000
FD10883	3.500 	 0.000 	 90.000
FD10883	3.625 	 0.000 	 90.000
FD10883	3.750 	 0.000 	 90.000
FD10883	3.875 	 0.000 	 90.000
FD10883	4.000 	 0.000 	 90.000
FD10883	4.125 	 0.000 	 90.000
FD10883	4.250 	 0.000 	 90.000
FD10883	4.375 	 0.000 	 90.000
FD10883	4.500 	 0.000 	 90.000
FD10883	4.625 	 0.000 	 90.000
FD10883	4.750 	 0.000 	 90.000
FD10883	4.875 	 0.000 	 90.000
FD10883	5.000 	 0.000 	 90.000
FD10883	5.125 	 0.000 	 90.000
FD10883	5.250 	 0.000 	 90.000
FD10883	5.375 	 0.000 	 90.000
FD10883	5.500 	 0.000 	 90.000
FD10883	5.625 	 0.000 	 90.000
FD10883	5.750 	 0.000 	 90.000
FD10883	5.875 	 0.000 	 90.000
FD10883	6.000 	 0.000 	 90.000
FD10883	6.125 	 0.000 	 90.000
FD10883	6.250 	 0.000 	 90.000
FD10883	6.375 	 0.000 	 90.000
FD10883	6.500 	 0.000 	 90.000
FD10883	6.625 	 0.000 	 90.000
FD10883	6.750 	 0.000 	 90.000
FD10883	6.875 	 0.000 	 90.000
FD10883	7.000 	 0.000 	 90.000
FD10883	7.125 	 0.000 	 90.000
FD10883	7.250 	 0.000 	 90.000
FD10883	7.375 	 0.000 	 90.000
FD10883	7.500 	 0.000 	 90.000
FD10883	7.625 	 0.000 	 90.000
FD10883	7.750 	 0.000 	 90.000
FD10883	7.875 	 0.000 	 90.000
FD10883	8.000 	 0.000 	 90.000
FD10883	8.125 	 0.000 	 90.000
FD10883	8.250 	 0.000 	 90.000
FD10883	8.375 	 0.000 	 90.000
FD10883	8.500 	 0.000 	 90.000
FD10883	8.625 	 0.000 	 90.000
FD10883	8.750 	 0.000 	 90.000
FD10883	8.875 	 0.000 	 90.000
FD10883	9.000 	 0.000 	 90.000
FD10883	9.125 	 0.000 	 90.000
FD10883	9.250 	 0.000 	 90.000
FD10883	9.375 	 0.000 	 90.000
FD10883	9.500 	 0.000 	 90.000
FD10883	9.625 	 0.000 	 90.000
FD10883	9.750 	 0.000 	 90.000
FD10883	9.875 	 0.000 	 90.000
FD10883	10.000 	 0.000 	 90.000
FD10883	10.125 	 0.000 	 90.000
FD10883	10.250 	 0.000 	 90.000
FD10883	10.375 	 0.000 	 90.000
FD10883	10.500 	 0.000 	 90.000
FD10883	10.625 	 0.000 	 90.000
FD10883	10.750 	 0.000 	 90.000
FD10883	10.875 	 0.000 	 90.000
FD10883	11.000 	 0.000 	 90.000
FD10883	11.125 	 0.000 	 90.000
FD10883	11.250 	 0.000 	 90.000
FD10883	11.375 	 0.000 	 90.000
FD10883	11.500 	 0.000 	 90.000
FD10883	11.625 	 0.000 	 90.000
FD10883	11.750 	 0.000 	 90.000
FD10883	11.875 	 0.000 	 90.000
FD10883	12.000 	 0.000 	 90.000
FD10883	12.125 	 0.000 	 90.000
FD10883	12.250 	 0.000 	 90.000
FD10883	12.375 	 0.000 	 90.000
FD10883	12.500 	 0.000 	 90.000
FD10883	12.625 	 0.000 	 90.000
FD10883	12.750 	 0.000 	 90.000
FD10883	12.875 	 0.000 	 90.000
FD10883	13.000 	 0.000 	 90.000
FD10883	13.125 	 0.000 	 90.000
FD10883	13.250 	 0.000 	 90.000
FD10883	13.375 	 0.000 	 90.000
FD10883	13.500 	 0.000 	 90.000
FD10883	13.625 	 0.000 	 90.000
FD10883	13.750 	 0.000 	 90.000
FD10883	13.875 	 0.000 	 90.000
FD10883	14.000 	 0.000 	 90.000
FD10883	14.125 	 0.000 	 90.000
FD10883	14.250 	 0.000 	 90.000
FD10883	14.375 	 0.000 	 90.000
FD10883	14.500 	 0.000 	 90.000
FD10883	14.625 	 0.000 	 90.000
FD10883	14.750 	 0.000 	 90.000
FD10883	14.875 	 0.000 	 90.000
FD10883	15.000 	 0.000 	 90.000
FD10883	15.125 	 0.000 	 90.000
FD10883	15.250 	 0.000 	 90.000
FD10883	15.375 	 0.000 	 90.000
FD10883	15.500 	 0.000 	 90.000
FD10883	15.625 	 0.000 	 90.000
FD10883	15.750 	 0.000 	 90.000
FD10883	15.875 	 0.000 	 90.000
FD10883	16.000 	 0.000 	 90.000
FD10883	16.125 	 0.000 	 90.000
FD10883	16.250 	 0.000 	 90.000
FD10883	16.375 	 0.000 	 90.000
FD10883	16.500 	 0.000 	 90.000
FD10883	16.625 	 0.000 	 90.000
FD10883	16.750 	 0.000 	 90.000
FD10883	16.875 	 0.000 	 90.000
FD10883	17.000 	 0.000 	 90.000
FD10883	17.125 	 0.000 	 90.000
FD10883	17.250 	 0.000 	 90.000
FD10883	17.375 	 0.000 	 90.000
FD10883	17.500 	 0.000 	 90.000
FD10883	17.625 	 0.000 	 90.000
FD10883	17.750 	 0.000 	 90.000
FD10883	17.875 	 0.000 	 90.000
FD10883	18.000 	 0.000 	 90.000
FD10883	18.125 	 0.000 	 90.000
FD10883	18.250 	 0.000 	 90.000
FD10883	18.375 	 0.000 	 90.000
FD10883	18.500 	 0.000 	 90.000
FD10883	18.625 	 0.000 	 90.000
FD10883	18.750 	 0.000 	 90.000
FD10883	18.875 	 0.000 	 90.000
FD10883	19.000 	 0.000 	 90.000
FD10883	19.125 	 0.000 	 90.000
FD10883	19.250 	 0.000 	 90.000
FD10883	19.375 	 0.000 	 90.000
FD10883	19.500 	 0.000 	 90.000
FD10883	19.625 	 0.000 	 90.000
FD10883	19.750 	 0.000 	 90.000
FD10883	19.875 	 0.000 	 90.000
FD10883	20.000 	 0.000 	 90.000
FD10883	20.125 	 0.000 	 90.000
FD10883	20.250 	 0.000 	 90.000
FD10883	20.375 	 0.000 	 90.000
FD10883	20.500 	 0.000 	 90.000
FD10883	20.625 	 0.000 	 90.000
FD10883	20.750 	 0.000 	 90.000
FD10883	20.875 	 0.000 	 90.000
FD10883	21.000 	 0.000 	 90.000
FD10883	21.125 	 0.000 	 90.000
FD10883	21.250 	 0.000 	 90.000
FD10883	21.375 	 0.000 	 90.000
FD10883	21.500 	 0.000 	 90.000
FD10883	21.625 	 0.000 	 90.000
FD10883	21.750 	 0.000 	 90.000
FD10883	21.875 	 0.000 	 90.000
FD10883	22.000 	 0.000 	 90.000
FD10883	22.125 	 0.000 	 90.000
FD10883	22.250 	 0.000 	 90.000
FD10883	22.375 	 0.000 	 90.000
FD10883	22.500 	 0.000 	 90.000
FD10883	22.625 	 0.000 	 90.000
FD10883	22.750 	 0.000 	 90.000
FD10883	22.875 	 0.000 	 90.000
FD10883	23.000 	 0.000 	 90.000
FD10883	23.125 	 0.000 	 90.000
FD10883	23.250 	 0.000 	 90.000
FD10883	23.375 	 0.000 	 90.000
FD10883	23.500 	 0.000 	 90.000
FD10883	23.625 	 0.000 	 90.000
FD10883	23.750 	 0.000 	 90.000
FD10883	23.875 	 0.000 	 90.000
FD10883	24.000 	 0.000 	 90.000
FD10883	24.125 	 0.000 	 90.000
FD10883	24.250 	 0.000 	 90.000
FD10883	24.375 	 0.000 	 90.000
FD10883	24.500 	 0.000 	 90.000
FD10883	24.625 	 0.000 	 90.000
FD10883	24.750 	 0.000 	 90.000
FD10883	24.875 	 0.000 	 90.000
FD10883	25.000 	 0.000 	 90.000
FD10883	25.125 	 0.000 	 90.000
FD10883	25.250 	 0.000 	 90.000
FD10883	25.375 	 0.000 	 90.000
FD10883	25.500 	 0.000 	 90.000
FD10883	25.625 	 0.000 	 90.000
FD10883	25.750 	 0.000 	 90.000
FD10883	25.875 	 0.000 	 90.000
FD10883	26.000 	 0.000 	 90.000
FD10883	26.125 	 0.000 	 90.000
FD10883	26.250 	 0.000 	 90.000
FD10883	26.375 	 0.000 	 90.000
FD10883	26.500 	 0.000 	 90.000
FD10883	26.625 	 0.000 	 90.000
FD10883	26.750 	 0.000 	 90.000
FD10883	26.875 	 0.000 	 90.000
FD10883	27.000 	 0.000 	 90.000
FD10883	27.125 	 0.000 	 90.000
FD10883	27.250 	 0.000 	 90.000
FD10883	27.375 	 0.000 	 90.000
FD10883	27.500 	 0.000 	 90.000
FD10883	27.625 	 0.000 	 90.000
FD10883	27.750 	 0.000 	 90.000
FD10883	27.875 	 0.000 	 90.000
FD10883	28.000 	 0.000 	 90.000
FD10883	28.125 	 0.000 	 90.000
FD10883	28.250 	 0.000 	 90.000
FD10883	28.375 	 0.000 	 90.000
FD10883	28.500 	 0.000 	 90.000
FD10883	28.625 	 0.000 	 90.000
FD10883	28.750 	 0.000 	 90.000
FD10883	28.875 	 0.000 	 90.000
FD10883	29.000 	 0.000 	 90.000
FD10883	29.125 	 0.000 	 90.000
FD10883	29.250 	 0.000 	 90.000
FD10883	29.375 	 0.000 	 90.000
FD10883	29.500 	 0.000 	 90.000
FD10883	29.625 	 0.000 	 90.000
FD10883	29.750 	 0.000 	 90.000
FD10883	29.875 	 0.000 	 90.000
FD10883	30.000 	 0.000 	 90.000
FD10883	30.125 	 0.000 	 90.000
FD10883	30.250 	 0.000 	 90.000
FD10883	30.375 	 0.000 	 90.000
FD10883	30.500 	 0.000 	 90.000
FD10883	30.625 	 0.000 	 90.000
FD10883	30.750 	 0.000 	 90.000
FD10883	30.875 	 0.000 	 90.000
FD10883	31.000 	 0.000 	 90.000
FD10883	31.125 	 0.506 	 273.954
FD10883	31.250 	 0.523 	 275.152
FD10883	31.375 	 0.539 	 276.360
FD10883	31.500 	 0.556 	 277.572
FD10883	31.625 	 0.574 	 278.759
FD10883	31.750 	 0.593 	 279.878
FD10883	31.875 	 0.612 	 280.888
FD10883	32.000 	 0.631 	 281.777
FD10883	32.125 	 0.648 	 282.569
FD10883	32.250 	 0.665 	 283.301
FD10883	32.375 	 0.682 	 284.017
FD10883	32.500 	 0.699 	 284.750
FD10883	32.625 	 0.717 	 285.531
FD10883	32.750 	 0.734 	 286.384
FD10883	32.875 	 0.748 	 287.328
FD10883	33.000 	 0.759 	 288.364
FD10883	33.125 	 0.766 	 289.473
FD10883	33.250 	 0.769 	 290.623
FD10883	33.375 	 0.772 	 291.781
FD10883	33.500 	 0.774 	 292.922
FD10883	33.625 	 0.778 	 294.030
FD10883	33.750 	 0.784 	 295.099
FD10883	33.875 	 0.792 	 296.126
FD10883	34.000 	 0.801 	 297.103
FD10883	34.125 	 0.811 	 298.016
FD10883	34.250 	 0.822 	 298.849
FD10883	34.375 	 0.833 	 299.589
FD10883	34.500 	 0.846 	 300.231
FD10883	34.625 	 0.860 	 300.775
FD10883	34.750 	 0.874 	 301.230
FD10883	34.875 	 0.888 	 301.615
FD10883	35.000 	 0.902 	 301.952
FD10883	35.125 	 0.915 	 302.267
FD10883	35.250 	 0.929 	 302.578
FD10883	35.375 	 0.943 	 302.890
FD10883	35.500 	 0.957 	 303.194
FD10883	35.625 	 0.970 	 303.474
FD10883	35.750 	 0.983 	 303.714
FD10883	35.875 	 0.996 	 303.905
FD10883	36.000 	 1.008 	 304.052
FD10883	36.125 	 1.021 	 304.174
FD10883	36.250 	 1.033 	 304.298
FD10883	36.375 	 1.045 	 304.444
FD10883	36.500 	 1.059 	 304.614
FD10883	36.625 	 1.073 	 304.802
FD10883	36.750 	 1.085 	 304.988
FD10883	36.875 	 1.097 	 305.163
FD10883	37.000 	 1.108 	 305.323
FD10883	37.125 	 1.119 	 305.478
FD10883	37.250 	 1.129 	 305.643
FD10883	37.375 	 1.139 	 305.826
FD10883	37.500 	 1.149 	 306.023
FD10883	37.625 	 1.160 	 306.224
FD10883	37.750 	 1.171 	 306.413
FD10883	37.875 	 1.183 	 306.574
FD10883	38.000 	 1.197 	 306.698
FD10883	38.125 	 1.214 	 306.776
FD10883	38.250 	 1.233 	 306.801
FD10883	38.375 	 1.255 	 306.769
FD10883	38.500 	 1.277 	 306.680
FD10883	38.625 	 1.301 	 306.542
FD10883	38.750 	 1.323 	 306.364
FD10883	38.875 	 1.345 	 306.153
FD10883	39.000 	 1.367 	 305.915
FD10883	39.125 	 1.388 	 305.656
FD10883	39.250 	 1.410 	 305.383
FD10883	39.375 	 1.430 	 305.109
FD10883	39.500 	 1.451 	 304.845
FD10883	39.625 	 1.471 	 304.603
FD10883	39.750 	 1.490 	 304.387
FD10883	39.875 	 1.509 	 304.195
FD10883	40.000 	 1.528 	 304.020
FD10883	40.125 	 1.547 	 303.848
FD10883	40.250 	 1.568 	 303.667
FD10883	40.375 	 1.591 	 303.466
FD10883	40.500 	 1.618 	 303.243
FD10883	40.625 	 1.649 	 303.010
FD10883	40.750 	 1.684 	 302.780
FD10883	40.875 	 1.724 	 302.572
FD10883	41.000 	 1.765 	 302.396
FD10883	41.125 	 1.806 	 302.251
FD10883	41.250 	 1.846 	 302.127
FD10883	41.375 	 1.884 	 302.010
FD10883	41.500 	 1.918 	 301.892
FD10883	41.625 	 1.949 	 301.764
FD10883	41.750 	 1.978 	 301.622
FD10883	41.875 	 2.004 	 301.452
FD10883	42.000 	 2.028 	 301.243
FD10883	42.125 	 2.049 	 300.989
FD10883	42.250 	 2.068 	 300.697
FD10883	42.375 	 2.086 	 300.390
FD10883	42.500 	 2.104 	 300.091
FD10883	42.625 	 2.123 	 299.819
FD10883	42.750 	 2.143 	 299.582
FD10883	42.875 	 2.164 	 299.388
FD10883	43.000 	 2.189 	 299.249
FD10883	43.125 	 2.214 	 299.185
FD10883	43.250 	 2.240 	 299.208
FD10883	43.375 	 2.267 	 299.313
FD10883	43.500 	 2.293 	 299.471
FD10883	43.625 	 2.320 	 299.644
FD10883	43.750 	 2.346 	 299.801
FD10883	43.875 	 2.370 	 299.934
FD10883	44.000 	 2.394 	 300.041
FD10883	44.125 	 2.418 	 300.114
FD10883	44.250 	 2.442 	 300.137
FD10883	44.375 	 2.465 	 300.088
FD10883	44.500 	 2.488 	 299.956
FD10883	44.625 	 2.509 	 299.752
FD10883	44.750 	 2.530 	 299.502
FD10883	44.875 	 2.549 	 299.238
FD10883	45.000 	 2.568 	 298.988
FD10883	45.125 	 2.588 	 298.766
FD10883	45.250 	 2.609 	 298.576
FD10883	45.375 	 2.632 	 298.402
FD10883	45.500 	 2.656 	 298.224
FD10883	45.625 	 2.682 	 298.020
FD10883	45.750 	 2.709 	 297.778
FD10883	45.875 	 2.736 	 297.504
FD10883	46.000 	 2.764 	 297.213
FD10883	46.125 	 2.794 	 296.920
FD10883	46.250 	 2.826 	 296.634
FD10883	46.375 	 2.857 	 296.357
FD10883	46.500 	 2.887 	 296.084
FD10883	46.625 	 2.916 	 295.816
FD10883	46.750 	 2.941 	 295.556
FD10883	46.875 	 2.966 	 295.317
FD10883	47.000 	 2.988 	 295.113
FD10883	47.125 	 3.011 	 294.958
FD10883	47.250 	 3.034 	 294.858
FD10883	47.375 	 3.057 	 294.817
FD10883	47.500 	 3.082 	 294.826
FD10883	47.625 	 3.105 	 294.866
FD10883	47.750 	 3.128 	 294.914
FD10883	47.875 	 3.151 	 294.942
FD10883	48.000 	 3.173 	 294.928
FD10883	48.125 	 3.197 	 294.860
FD10883	48.250 	 3.221 	 294.735
FD10883	48.375 	 3.247 	 294.564
FD10883	48.500 	 3.273 	 294.362
FD10883	48.625 	 3.299 	 294.149
FD10883	48.750 	 3.323 	 293.941
FD10883	48.875 	 3.348 	 293.751
FD10883	49.000 	 3.373 	 293.583
FD10883	49.125 	 3.400 	 293.426
FD10883	49.250 	 3.428 	 293.267
FD10883	49.375 	 3.457 	 293.089
FD10883	49.500 	 3.489 	 292.887
FD10883	49.625 	 3.521 	 292.659
FD10883	49.750 	 3.553 	 292.407
FD10883	49.875 	 3.588 	 292.132
FD10883	50.000 	 3.622 	 291.829
FD10883	50.125 	 3.658 	 291.489
FD10883	50.250 	 3.692 	 291.110
FD10883	50.375 	 3.726 	 290.700
FD10883	50.500 	 3.759 	 290.279
FD10883	50.625 	 3.787 	 289.876
FD10883	50.750 	 3.814 	 289.512
FD10883	50.875 	 3.837 	 289.203
FD10883	51.000 	 3.861 	 288.950
FD10883	51.125 	 3.885 	 288.751
FD10883	51.250 	 3.909 	 288.605
FD10883	51.375 	 3.934 	 288.505
FD10883	51.500 	 3.959 	 288.445
FD10883	51.625 	 3.986 	 288.401
FD10883	51.750 	 4.015 	 288.351
FD10883	51.875 	 4.044 	 288.275
FD10883	52.000 	 4.074 	 288.169
FD10883	52.125 	 4.105 	 288.038
FD10883	52.250 	 4.135 	 287.898
FD10883	52.375 	 4.167 	 287.758
FD10883	52.500 	 4.201 	 287.621
FD10883	52.625 	 4.236 	 287.490
FD10883	52.750 	 4.272 	 287.365
FD10883	52.875 	 4.311 	 287.247
FD10883	53.000 	 4.349 	 287.143
FD10883	53.125 	 4.387 	 287.052
FD10883	53.250 	 4.423 	 286.978
FD10883	53.375 	 4.457 	 286.925
FD10883	53.500 	 4.487 	 286.895
FD10883	53.625 	 4.515 	 286.887
FD10883	53.750 	 4.538 	 286.893
FD10883	53.875 	 4.558 	 286.896
FD10883	54.000 	 4.578 	 286.879
FD10883	54.125 	 4.596 	 286.824
FD10883	54.250 	 4.616 	 286.728
FD10883	54.375 	 4.637 	 286.594
FD10883	54.500 	 4.659 	 286.439
FD10883	54.625 	 4.683 	 286.276
FD10883	54.750 	 4.706 	 286.111
FD10883	54.875 	 4.730 	 285.947
FD10883	55.000 	 4.752 	 285.784
FD10883	55.125 	 4.775 	 285.625
FD10883	55.250 	 4.798 	 285.477
FD10883	55.375 	 4.822 	 285.346
FD10883	55.500 	 4.847 	 285.233
FD10883	55.625 	 4.872 	 285.132
FD10883	55.750 	 4.897 	 285.031
FD10883	55.875 	 4.921 	 284.923
FD10883	56.000 	 4.943 	 284.807
FD10883	56.125 	 4.967 	 284.691
FD10883	56.250 	 4.990 	 284.590
FD10883	56.375 	 5.014 	 284.506
FD10883	56.500 	 5.036 	 284.438
FD10883	56.625 	 5.060 	 284.382
FD10883	56.750 	 5.084 	 284.334
FD10883	56.875 	 5.110 	 284.308
FD10883	57.000 	 5.135 	 284.315
FD10883	57.125 	 5.163 	 284.361
FD10883	57.250 	 5.191 	 284.433
FD10883	57.375 	 5.219 	 284.501
FD10883	57.500 	 5.245 	 284.539
FD10883	57.625 	 5.270 	 284.536
FD10883	57.750 	 5.293 	 284.500
FD10883	57.875 	 5.315 	 284.447
FD10883	58.000 	 5.337 	 284.387
FD10883	58.125 	 5.360 	 284.322
FD10883	58.250 	 5.384 	 284.244
FD10883	58.375 	 5.408 	 284.151
FD10883	58.500 	 5.433 	 284.049
FD10883	58.625 	 5.459 	 283.953
FD10883	58.750 	 5.485 	 283.880
FD10883	58.875 	 5.513 	 283.835
FD10883	59.000 	 5.542 	 283.815
FD10883	59.125 	 5.573 	 283.805
FD10883	59.250 	 5.603 	 283.796
FD10883	59.375 	 5.632 	 283.776
FD10883	59.500 	 5.661 	 283.740
FD10883	59.625 	 5.689 	 283.689
FD10883	59.750 	 5.717 	 283.620
FD10883	59.875 	 5.744 	 283.536
FD10883	60.000 	 5.771 	 283.437
FD10883	60.125 	 5.796 	 283.326
FD10883	60.250 	 5.822 	 283.200
FD10883	60.375 	 5.847 	 283.055
FD10883	60.500 	 5.875 	 282.894
FD10883	60.625 	 5.905 	 282.724
FD10883	60.750 	 5.936 	 282.554
FD10883	60.875 	 5.969 	 282.396
FD10883	61.000 	 6.006 	 282.250
FD10883	61.125 	 6.044 	 282.117
FD10883	61.250 	 6.086 	 281.997
FD10883	61.375 	 6.129 	 281.893
FD10883	61.500 	 6.175 	 281.816
FD10883	61.625 	 6.220 	 281.768
FD10883	61.750 	 6.266 	 281.739
FD10883	61.875 	 6.310 	 281.712
FD10883	62.000 	 6.353 	 281.672
FD10883	62.125 	 6.395 	 281.615
FD10883	62.250 	 6.437 	 281.555
FD10883	62.375 	 6.479 	 281.511
FD10883	62.500 	 6.520 	 281.498
FD10883	62.625 	 6.561 	 281.517
FD10883	62.750 	 6.603 	 281.555
FD10883	62.875 	 6.644 	 281.590
FD10883	63.000 	 6.684 	 281.607
FD10883	63.125 	 6.724 	 281.594
FD10883	63.250 	 6.762 	 281.554
FD10883	63.375 	 6.800 	 281.486
FD10883	63.500 	 6.838 	 281.402
FD10883	63.625 	 6.876 	 281.310
FD10883	63.750 	 6.912 	 281.219
FD10883	63.875 	 6.950 	 281.138
FD10883	64.000 	 6.987 	 281.069
FD10883	64.125 	 7.024 	 281.008
FD10883	64.250 	 7.062 	 280.954
FD10883	64.375 	 7.098 	 280.902
FD10883	64.500 	 7.134 	 280.849
FD10883	64.625 	 7.168 	 280.790
FD10883	64.750 	 7.201 	 280.720
FD10883	64.875 	 7.234 	 280.637
FD10883	65.000 	 7.266 	 280.543
FD10883	65.125 	 7.298 	 280.440
FD10883	65.250 	 7.328 	 280.332
FD10883	65.375 	 7.359 	 280.221
FD10883	65.500 	 7.389 	 280.106
FD10883	65.625 	 7.421 	 279.991
FD10883	65.750 	 7.451 	 279.875
FD10883	65.875 	 7.481 	 279.760
FD10883	66.000 	 7.513 	 279.647
FD10883	66.125 	 7.543 	 279.539
FD10883	66.250 	 7.573 	 279.444
FD10883	66.375 	 7.604 	 279.372
FD10883	66.500 	 7.635 	 279.332
FD10883	66.625 	 7.666 	 279.322
FD10883	66.750 	 7.698 	 279.333
FD10883	66.875 	 7.731 	 279.348
FD10883	67.000 	 7.765 	 279.350
FD10883	67.125 	 7.799 	 279.325
FD10883	67.250 	 7.836 	 279.270
FD10883	67.375 	 7.870 	 279.188
FD10883	67.500 	 7.906 	 279.090
FD10883	67.625 	 7.941 	 278.993
FD10883	67.750 	 7.977 	 278.914
FD10883	67.875 	 8.013 	 278.859
FD10883	68.000 	 8.047 	 278.830
FD10883	68.125 	 8.085 	 278.815
FD10883	68.250 	 8.122 	 278.804
FD10883	68.375 	 8.162 	 278.785
FD10883	68.500 	 8.204 	 278.756
FD10883	68.625 	 8.247 	 278.719
FD10883	68.750 	 8.293 	 278.678
FD10883	68.875 	 8.341 	 278.641
FD10883	69.000 	 8.388 	 278.609
FD10883	69.125 	 8.438 	 278.586
FD10883	69.250 	 8.487 	 278.575
FD10883	69.375 	 8.536 	 278.574
FD10883	69.500 	 8.586 	 278.585
FD10883	69.625 	 8.636 	 278.610
FD10883	69.750 	 8.686 	 278.647
FD10883	69.875 	 8.735 	 278.690
FD10883	70.000 	 8.784 	 278.731
FD10883	70.125 	 8.833 	 278.758
FD10883	70.250 	 8.881 	 278.768
FD10883	70.375 	 8.928 	 278.769
FD10883	70.500 	 8.973 	 278.776
FD10883	70.625 	 9.018 	 278.802
FD10883	70.750 	 9.060 	 278.855
FD10883	70.875 	 9.103 	 278.928
FD10883	71.000 	 9.143 	 279.007
FD10883	71.125 	 9.183 	 279.073
FD10883	71.250 	 9.225 	 279.115
FD10883	71.375 	 9.266 	 279.126
FD10883	71.500 	 9.307 	 279.106
FD10883	71.625 	 9.349 	 279.063
FD10883	71.750 	 9.392 	 279.005
FD10883	71.875 	 9.435 	 278.944
FD10883	72.000 	 9.479 	 278.893
FD10883	72.125 	 9.523 	 278.851
FD10883	72.250 	 9.565 	 278.817
FD10883	72.375 	 9.610 	 278.783
FD10883	72.500 	 9.652 	 278.745
FD10883	72.625 	 9.694 	 278.703
FD10883	72.750 	 9.733 	 278.659
FD10883	72.875 	 9.772 	 278.613
FD10883	73.000 	 9.810 	 278.565
FD10883	73.125 	 9.845 	 278.513
FD10883	73.250 	 9.879 	 278.456
FD10883	73.375 	 9.912 	 278.401
FD10883	73.500 	 9.942 	 278.350
FD10883	73.625 	 9.972 	 278.310
FD10883	73.750 	 10.002 	 278.277
FD10883	73.875 	 10.030 	 278.246
FD10883	74.000 	 10.059 	 278.211
FD10883	74.125 	 10.087 	 278.169
FD10883	74.250 	 10.116 	 278.124
FD10883	74.375 	 10.144 	 278.081
FD10883	74.500 	 10.172 	 278.039
FD10883	74.625 	 10.202 	 277.988
FD10883	74.750 	 10.232 	 277.920
FD10883	74.875 	 10.263 	 277.825
FD10883	75.000 	 10.296 	 277.703
FD10883	75.125 	 10.328 	 277.563
FD10883	75.250 	 10.363 	 277.413
FD10883	75.375 	 10.397 	 277.265
FD10883	75.500 	 10.434 	 277.129
FD10883	75.625 	 10.468 	 277.014
FD10883	75.750 	 10.504 	 276.927
FD10883	75.875 	 10.540 	 276.867
FD10883	76.000 	 10.576 	 276.833
FD10883	76.125 	 10.612 	 276.816
FD10883	76.250 	 10.648 	 276.810
FD10883	76.375 	 10.684 	 276.812
FD10883	76.500 	 10.721 	 276.818
FD10883	76.625 	 10.759 	 276.823
FD10883	76.750 	 10.797 	 276.821
FD10883	76.875 	 10.835 	 276.812
FD10883	77.000 	 10.873 	 276.792
FD10883	77.125 	 10.912 	 276.766
FD10883	77.250 	 10.950 	 276.734
FD10883	77.375 	 10.989 	 276.697
FD10883	77.500 	 11.026 	 276.657
FD10883	77.625 	 11.062 	 276.615
FD10883	77.750 	 11.099 	 276.574
FD10883	77.875 	 11.135 	 276.538
FD10883	78.000 	 11.170 	 276.505
FD10883	78.125 	 11.205 	 276.468
FD10883	78.250 	 11.238 	 276.422
FD10883	78.375 	 11.270 	 276.361
FD10883	78.500 	 11.301 	 276.286
FD10883	78.625 	 11.333 	 276.209
FD10883	78.750 	 11.369 	 276.138
FD10883	78.875 	 11.410 	 276.081
FD10883	79.000 	 11.457 	 276.032
FD10883	79.125 	 11.510 	 275.981
FD10883	79.250 	 11.564 	 275.918
FD10883	79.375 	 11.618 	 275.834
FD10883	79.500 	 11.669 	 275.736
FD10883	79.625 	 11.715 	 275.632
FD10883	79.750 	 11.760 	 275.532
FD10883	79.875 	 11.801 	 275.445
FD10883	80.000 	 11.841 	 275.371
FD10883	80.125 	 11.878 	 275.312
FD10883	80.250 	 11.912 	 275.270
FD10883	80.375 	 11.946 	 275.248
FD10883	80.500 	 11.975 	 275.245
FD10883	80.625 	 12.002 	 275.260
FD10883	80.750 	 12.030 	 275.286
FD10883	80.875 	 12.056 	 275.306
FD10883	81.000 	 12.083 	 275.308
FD10883	81.125 	 12.109 	 275.284
FD10883	81.250 	 12.136 	 275.229
FD10883	81.375 	 12.161 	 275.152
FD10883	81.500 	 12.188 	 275.061
FD10883	81.625 	 12.214 	 274.966
FD10883	81.750 	 12.245 	 274.873
FD10883	81.875 	 12.274 	 274.786
FD10883	82.000 	 12.306 	 274.712
FD10883	82.125 	 12.341 	 274.653
FD10883	82.250 	 12.376 	 274.605
FD10883	82.375 	 12.412 	 274.557
FD10883	82.500 	 12.452 	 274.493
FD10883	82.625 	 12.493 	 274.398
FD10883	82.750 	 12.533 	 274.266
FD10883	82.875 	 12.573 	 274.108
FD10883	83.000 	 12.611 	 273.937
FD10883	83.125 	 12.649 	 273.767
FD10883	83.250 	 12.686 	 273.600
FD10883	83.375 	 12.722 	 273.439
FD10883	83.500 	 12.758 	 273.286
FD10883	83.625 	 12.794 	 273.152
FD10883	83.750 	 12.829 	 273.047
FD10883	83.875 	 12.865 	 272.978
FD10883	84.000 	 12.897 	 272.939
FD10883	84.125 	 12.930 	 272.914
FD10883	84.250 	 12.964 	 272.888
FD10883	84.375 	 12.999 	 272.845
FD10883	84.500 	 13.034 	 272.782
FD10883	84.625 	 13.070 	 272.707
FD10883	84.750 	 13.106 	 272.638
FD10883	84.875 	 13.136 	 272.594
FD10883	85.000 	 13.164 	 272.591
FD10883	85.125 	 13.189 	 272.626
FD10883	85.250 	 13.207 	 272.685
FD10883	85.375 	 13.224 	 272.737
FD10883	85.500 	 13.241 	 272.759
FD10883	85.625 	 13.258 	 272.736
FD10883	85.750 	 13.277 	 272.672
FD10883	85.875 	 13.300 	 272.581
FD10883	86.000 	 13.325 	 272.477
FD10883	86.125 	 13.349 	 272.370
FD10883	86.250 	 13.373 	 272.261
FD10883	86.375 	 13.397 	 272.146
FD10883	86.500 	 13.420 	 272.023
FD10883	86.625 	 13.441 	 271.900
FD10883	86.750 	 13.468 	 271.784
FD10883	86.875 	 13.500 	 271.686
FD10883	87.000 	 13.534 	 271.609
FD10883	87.125 	 13.576 	 271.553
FD10883	87.250 	 13.621 	 271.507
FD10883	87.375 	 13.664 	 271.455
FD10883	87.500 	 13.709 	 271.388
FD10883	87.625 	 13.746 	 271.297
FD10883	87.750 	 13.786 	 271.186
FD10883	87.875 	 13.824 	 271.062
FD10883	88.000 	 13.862 	 270.935
FD10883	88.125 	 13.901 	 270.814
FD10883	88.250 	 13.940 	 270.703
FD10883	88.375 	 13.980 	 270.610
FD10883	88.500 	 14.019 	 270.538
FD10883	88.625 	 14.058 	 270.485
FD10883	88.750 	 14.099 	 270.449
FD10883	88.875 	 14.138 	 270.419
FD10883	89.000 	 14.179 	 270.387
FD10883	89.125 	 14.220 	 270.346
FD10883	89.250 	 14.261 	 270.293
FD10883	89.375 	 14.304 	 270.229
FD10883	89.500 	 14.347 	 270.158
FD10883	89.625 	 14.386 	 270.082
FD10883	89.750 	 14.426 	 270.000
FD10883	89.875 	 14.462 	 269.917
FD10883	90.000 	 14.496 	 269.833
FD10883	90.125 	 14.531 	 269.761
FD10883	90.250 	 14.567 	 269.710
FD10883	90.375 	 14.602 	 269.689
FD10883	90.500 	 14.640 	 269.701
FD10883	90.625 	 14.677 	 269.739
FD10883	90.750 	 14.714 	 269.786
FD10883	90.875 	 14.750 	 269.830
FD10883	91.000 	 14.784 	 269.857
FD10883	91.125 	 14.818 	 269.867
FD10883	91.250 	 14.847 	 269.867
FD10883	91.375 	 14.879 	 269.859
FD10883	91.500 	 14.911 	 269.846
FD10883	91.625 	 14.944 	 269.822
FD10883	91.750 	 14.978 	 269.785
FD10883	91.875 	 15.015 	 269.737
FD10883	92.000 	 15.049 	 269.685
FD10883	92.125 	 15.083 	 269.646
FD10883	92.250 	 15.117 	 269.628
FD10883	92.375 	 15.150 	 269.635
FD10883	92.500 	 15.184 	 269.660
FD10883	92.625 	 15.216 	 269.687
FD10883	92.750 	 15.249 	 269.706
FD10883	92.875 	 15.279 	 269.712
FD10883	93.000 	 15.310 	 269.702
FD10883	93.125 	 15.341 	 269.678
FD10883	93.250 	 15.372 	 269.645
FD10883	93.375 	 15.406 	 269.602
FD10883	93.500 	 15.443 	 269.554
FD10883	93.625 	 15.479 	 269.504
FD10883	93.750 	 15.516 	 269.458
FD10883	93.875 	 15.548 	 269.421
FD10883	94.000 	 15.579 	 269.400
FD10883	94.125 	 15.607 	 269.396
FD10883	94.250 	 15.637 	 269.406
FD10883	94.375 	 15.668 	 269.424
FD10883	94.500 	 15.706 	 269.445
FD10883	94.625 	 15.747 	 269.462
FD10883	94.750 	 15.791 	 269.472
FD10883	94.875 	 15.837 	 269.476
FD10883	95.000 	 15.880 	 269.479
FD10883	95.125 	 15.923 	 269.485
FD10883	95.250 	 15.963 	 269.498
FD10883	95.375 	 16.004 	 269.517
FD10883	95.500 	 16.041 	 269.537
FD10883	95.625 	 16.077 	 269.551
FD10883	95.750 	 16.114 	 269.551
FD10883	95.875 	 16.147 	 269.535
FD10883	96.000 	 16.180 	 269.502
FD10883	96.125 	 16.212 	 269.459
FD10883	96.250 	 16.242 	 269.411
FD10883	96.375 	 16.271 	 269.367
FD10883	96.500 	 16.299 	 269.330
FD10883	96.625 	 16.328 	 269.298
FD10883	96.750 	 16.357 	 269.267
FD10883	96.875 	 16.387 	 269.231
FD10883	97.000 	 16.418 	 269.184
FD10883	97.125 	 16.450 	 269.119
FD10883	97.250 	 16.483 	 269.038
FD10883	97.375 	 16.518 	 268.943
FD10883	97.500 	 16.554 	 268.840
FD10883	97.625 	 16.591 	 268.737
FD10883	97.750 	 16.629 	 268.638
FD10883	97.875 	 16.669 	 268.547
FD10883	98.000 	 16.710 	 268.467
FD10883	98.125 	 16.752 	 268.401
FD10883	98.250 	 16.795 	 268.351
FD10883	98.375 	 16.837 	 268.317
FD10883	98.500 	 16.880 	 268.293
FD10883	98.625 	 16.924 	 268.275
FD10883	98.750 	 16.964 	 268.254
FD10883	98.875 	 17.004 	 268.223
FD10883	99.000 	 17.041 	 268.182
FD10883	99.125 	 17.077 	 268.133
FD10883	99.250 	 17.109 	 268.084
FD10883	99.375 	 17.138 	 268.039
FD10883	99.500 	 17.167 	 268.000
FD10883	99.625 	 17.194 	 267.967
FD10883	99.750 	 17.221 	 267.929
FD10883	99.875 	 17.246 	 267.881
FD10883	100.000 	 17.272 	 267.818
FD10883	100.125 	 17.298 	 267.743
FD10883	100.250 	 17.323 	 267.664
FD10883	100.375 	 17.348 	 267.587
FD10883	100.500 	 17.374 	 267.518
FD10883	100.625 	 17.400 	 267.461
FD10883	100.750 	 17.427 	 267.412
FD10883	100.875 	 17.454 	 267.369
FD10883	101.000 	 17.484 	 267.326
FD10883	101.125 	 17.513 	 267.279
FD10883	101.250 	 17.541 	 267.226
FD10883	101.375 	 17.573 	 267.169
FD10883	101.500 	 17.602 	 267.113
FD10883	101.625 	 17.633 	 267.063
FD10883	101.750 	 17.663 	 267.021
FD10883	101.875 	 17.693 	 266.989
FD10883	102.000 	 17.722 	 266.964
FD10883	102.125 	 17.751 	 266.939
FD10883	102.250 	 17.780 	 266.912
FD10883	102.375 	 17.811 	 266.875
FD10883	102.500 	 17.839 	 266.827
FD10883	102.625 	 17.871 	 266.765
FD10883	102.750 	 17.903 	 266.690
FD10883	102.875 	 17.938 	 266.598
FD10883	103.000 	 17.971 	 266.491
FD10883	103.125 	 18.009 	 266.376
FD10883	103.250 	 18.047 	 266.260
FD10883	103.375 	 18.088 	 266.153
FD10883	103.500 	 18.131 	 266.066
FD10883	103.625 	 18.173 	 266.001
FD10883	103.750 	 18.218 	 265.961
FD10883	103.875 	 18.263 	 265.938
FD10883	104.000 	 18.306 	 265.925
FD10883	104.125 	 18.350 	 265.915
FD10883	104.250 	 18.392 	 265.900
FD10883	104.375 	 18.433 	 265.878
FD10883	104.500 	 18.475 	 265.850
FD10883	104.625 	 18.513 	 265.819
FD10883	104.750 	 18.552 	 265.789
FD10883	104.875 	 18.592 	 265.758
FD10883	105.000 	 18.631 	 265.720
FD10883	105.125 	 18.670 	 265.671
FD10883	105.250 	 18.710 	 265.607
FD10883	105.375 	 18.750 	 265.535
FD10883	105.500 	 18.795 	 265.462
FD10883	105.625 	 18.840 	 265.398
FD10883	105.750 	 18.887 	 265.353
FD10883	105.875 	 18.938 	 265.333
FD10883	106.000 	 18.989 	 265.336
FD10883	106.125 	 19.045 	 265.359
FD10883	106.250 	 19.101 	 265.394
FD10883	106.375 	 19.159 	 265.428
FD10883	106.500 	 19.214 	 265.448
FD10883	106.625 	 19.270 	 265.441
FD10883	106.750 	 19.323 	 265.410
FD10883	106.875 	 19.373 	 265.361
FD10883	107.000 	 19.419 	 265.312
FD10883	107.125 	 19.463 	 265.272
FD10883	107.250 	 19.504 	 265.248
FD10883	107.375 	 19.544 	 265.234
FD10883	107.500 	 19.586 	 265.223
FD10883	107.625 	 19.631 	 265.206
FD10883	107.750 	 19.675 	 265.176
FD10883	107.875 	 19.724 	 265.129
FD10883	108.000 	 19.773 	 265.063
FD10883	108.125 	 19.820 	 264.979
FD10883	108.250 	 19.863 	 264.886
FD10883	108.375 	 19.901 	 264.792
FD10883	108.500 	 19.939 	 264.708
FD10883	108.625 	 19.975 	 264.640
FD10883	108.750 	 20.011 	 264.585
FD10883	108.875 	 20.046 	 264.535
FD10883	109.000 	 20.078 	 264.478
FD10883	109.125 	 20.112 	 264.410
FD10883	109.250 	 20.144 	 264.326
FD10883	109.375 	 20.171 	 264.227
FD10883	109.500 	 20.198 	 264.118
FD10883	109.625 	 20.218 	 264.007
FD10883	109.750 	 20.236 	 263.901
FD10883	109.875 	 20.247 	 263.804
FD10883	110.000 	 20.254 	 263.723
FD10883	110.125 	 20.259 	 263.658
FD10883	110.250 	 20.260 	 263.606
FD10883	110.375 	 20.263 	 263.559
FD10883	110.500 	 20.267 	 263.508
FD10883	110.625 	 20.272 	 263.451
FD10883	110.750 	 20.281 	 263.386
FD10883	110.875 	 20.294 	 263.319
FD10883	111.000 	 20.312 	 263.256
FD10883	111.125 	 20.332 	 263.208
FD10883	111.250 	 20.353 	 263.181
FD10883	111.375 	 20.374 	 263.178
FD10883	111.500 	 20.393 	 263.193
FD10883	111.625 	 20.408 	 263.208
FD10883	111.750 	 20.422 	 263.200
FD10883	111.875 	 20.432 	 263.147
FD10883	112.000 	 20.438 	 263.042
FD10883	112.125 	 20.445 	 262.893
FD10883	112.250 	 20.450 	 262.719
FD10883	112.375 	 20.451 	 262.546
FD10883	112.500 	 20.454 	 262.391
FD10883	112.625 	 20.455 	 262.258
FD10883	112.750 	 20.458 	 262.141
FD10883	112.875 	 20.460 	 262.026
FD10883	113.000 	 20.467 	 261.907
FD10883	113.125 	 20.471 	 261.786
FD10883	113.250 	 20.483 	 261.667
FD10883	113.375 	 20.495 	 261.561
FD10883	113.500 	 20.512 	 261.466
FD10883	113.625 	 20.532 	 261.375
FD10883	113.750 	 20.555 	 261.279
FD10883	113.875 	 20.583 	 261.169
FD10883	114.000 	 20.615 	 261.048
FD10883	114.125 	 20.652 	 260.926
FD10883	114.250 	 20.692 	 260.814
FD10883	114.375 	 20.735 	 260.721
FD10883	114.500 	 20.780 	 260.650
FD10883	114.625 	 20.826 	 260.596
FD10883	114.750 	 20.876 	 260.553
FD10883	114.875 	 20.924 	 260.520
FD10883	115.000 	 20.975 	 260.499
FD10883	115.125 	 21.024 	 260.496
FD10883	115.250 	 21.073 	 260.516
FD10883	115.375 	 21.123 	 260.560
FD10883	115.500 	 21.171 	 260.617
FD10883	115.625 	 21.219 	 260.672
FD10883	115.750 	 21.264 	 260.705
FD10883	115.875 	 21.308 	 260.694
FD10883	116.000 	 21.352 	 260.635
FD10883	116.125 	 21.392 	 260.529
FD10883	116.250 	 21.431 	 260.393
FD10883	116.375 	 21.470 	 260.247
FD10883	116.500 	 21.509 	 260.111
FD10883	116.625 	 21.547 	 260.001
FD10883	116.750 	 21.587 	 259.925
FD10883	116.875 	 21.627 	 259.876
FD10883	117.000 	 21.665 	 259.847
FD10883	117.125 	 21.704 	 259.825
FD10883	117.250 	 21.739 	 259.800
FD10883	117.375 	 21.773 	 259.771
FD10883	117.500 	 21.802 	 259.740
FD10883	117.625 	 21.828 	 259.715
FD10883	117.750 	 21.855 	 259.701
FD10883	117.875 	 21.879 	 259.697
FD10883	118.000 	 21.905 	 259.698
FD10883	118.125 	 21.933 	 259.696
FD10883	118.250 	 21.961 	 259.682
FD10883	118.375 	 21.987 	 259.647
FD10883	118.500 	 22.015 	 259.591
FD10883	118.625 	 22.036 	 259.514
FD10883	118.750 	 22.056 	 259.423
FD10883	118.875 	 22.074 	 259.327
FD10883	119.000 	 22.089 	 259.237
FD10883	119.125 	 22.107 	 259.164
FD10883	119.250 	 22.120 	 259.117
FD10883	119.375 	 22.132 	 259.099
FD10883	119.500 	 22.143 	 259.102
FD10883	119.625 	 22.156 	 259.109
FD10883	119.750 	 22.170 	 259.103
FD10883	119.875 	 22.191 	 259.074
FD10883	120.000 	 22.215 	 259.022
FD10883	120.125 	 22.247 	 258.960
FD10883	120.250 	 22.280 	 258.902
FD10883	120.375 	 22.317 	 258.868
FD10883	120.500 	 22.360 	 258.879
FD10883	120.625 	 22.406 	 258.946
FD10883	120.750 	 22.458 	 259.075
FD10883	120.875 	 22.514 	 259.254
FD10883	121.000 	 22.576 	 259.461
FD10883	121.125 	 22.638 	 259.662
FD10883	121.250 	 22.702 	 259.837
FD10883	121.375 	 22.767 	 259.976
FD10883	121.500 	 22.829 	 260.084
FD10883	121.625 	 22.893 	 260.165
FD10883	121.750 	 22.954 	 260.222
FD10883	121.875 	 23.013 	 260.250
FD10883	122.000 	 23.070 	 260.249
FD10883	122.125 	 23.125 	 260.221
FD10883	122.250 	 23.176 	 260.178
FD10883	122.375 	 23.227 	 260.133
FD10883	122.500 	 23.276 	 260.098
FD10883	122.625 	 23.325 	 260.080
FD10883	122.750 	 23.375 	 260.077
FD10883	122.875 	 23.425 	 260.077
FD10883	123.000 	 23.475 	 260.066
FD10883	123.125 	 23.526 	 260.030
FD10883	123.250 	 23.573 	 259.970
FD10883	123.375 	 23.622 	 259.898
FD10883	123.500 	 23.667 	 259.834
FD10883	123.625 	 23.711 	 259.799
FD10883	123.750 	 23.751 	 259.796
FD10883	123.875 	 23.790 	 259.817
FD10883	124.000 	 23.826 	 259.839
FD10883	124.125 	 23.859 	 259.841
FD10883	124.250 	 23.890 	 259.810
FD10883	124.375 	 23.918 	 259.743
FD10883	124.500 	 23.944 	 259.648
FD10883	124.625 	 23.968 	 259.541
FD10883	124.750 	 23.989 	 259.440
FD10883	124.875 	 24.010 	 259.362
FD10883	125.000 	 24.029 	 259.317
FD10883	125.125 	 24.050 	 259.298
FD10883	125.250 	 24.070 	 259.288
FD10883	125.375 	 24.092 	 259.269
FD10883	125.500 	 24.115 	 259.229
FD10883	125.625 	 24.139 	 259.165
FD10883	125.750 	 24.167 	 259.086
FD10883	125.875 	 24.196 	 259.003
FD10883	126.000 	 24.224 	 258.927
FD10883	126.125 	 24.257 	 258.858
FD10883	126.250 	 24.288 	 258.787
FD10883	126.375 	 24.321 	 258.708
FD10883	126.500 	 24.355 	 258.614
FD10883	126.625 	 24.389 	 258.513
FD10883	126.750 	 24.426 	 258.419
FD10883	126.875 	 24.460 	 258.350
FD10883	127.000 	 24.497 	 258.315
FD10883	127.125 	 24.533 	 258.314
FD10883	127.250 	 24.572 	 258.333
FD10883	127.375 	 24.608 	 258.351
FD10883	127.500 	 24.648 	 258.357
FD10883	127.625 	 24.687 	 258.346
FD10883	127.750 	 24.730 	 258.329
FD10883	127.875 	 24.775 	 258.315
FD10883	128.000 	 24.819 	 258.308
FD10883	128.125 	 24.865 	 258.305
FD10883	128.250 	 24.908 	 258.295
FD10883	128.375 	 24.949 	 258.271
FD10883	128.500 	 24.987 	 258.229
FD10883	128.625 	 25.026 	 258.179
FD10883	128.750 	 25.064 	 258.131
FD10883	128.875 	 25.103 	 258.096
FD10883	129.000 	 25.142 	 258.081
FD10883	129.125 	 25.183 	 258.081
FD10883	129.250 	 25.229 	 258.093
FD10883	129.375 	 25.273 	 258.112
FD10883	129.500 	 25.323 	 258.141
FD10883	129.625 	 25.372 	 258.188
FD10883	129.750 	 25.426 	 258.256
FD10883	129.875 	 25.478 	 258.344
FD10883	130.000 	 25.532 	 258.444
FD10883	130.125 	 25.583 	 258.538
FD10883	130.250 	 25.636 	 258.613
FD10883	130.375 	 25.689 	 258.659
FD10883	130.500 	 25.739 	 258.677
FD10883	130.625 	 25.795 	 258.676
FD10883	130.750 	 25.847 	 258.666
FD10883	130.875 	 25.897 	 258.657
FD10883	131.000 	 25.944 	 258.654
FD10883	131.125 	 25.986 	 258.650
FD10883	131.250 	 26.027 	 258.638
FD10883	131.375 	 26.060 	 258.613
FD10883	131.500 	 26.089 	 258.576
FD10883	131.625 	 26.126 	 258.530
FD10883	131.750 	 26.150 	 258.487
FD10883	131.875 	 26.179 	 258.451
FD10883	132.000 	 26.208 	 258.425
FD10883	132.125 	 26.235 	 258.408
FD10883	132.250 	 26.262 	 258.396
FD10883	132.375 	 26.285 	 258.387
FD10883	132.500 	 26.310 	 258.382
FD10883	132.625 	 26.334 	 258.384
FD10883	132.750 	 26.361 	 258.395
FD10883	132.875 	 26.385 	 258.410
FD10883	133.000 	 26.413 	 258.423
FD10883	133.125 	 26.440 	 258.425
FD10883	133.250 	 26.468 	 258.408
FD10883	133.375 	 26.496 	 258.368
FD10883	133.500 	 26.532 	 258.305
FD10883	133.625 	 26.569 	 258.227
FD10883	133.750 	 26.614 	 258.145
FD10883	133.875 	 26.660 	 258.073
FD10883	134.000 	 26.709 	 258.028
FD10883	134.125 	 26.760 	 258.019
FD10883	134.250 	 26.815 	 258.046
FD10883	134.375 	 26.869 	 258.099
FD10883	134.500 	 26.918 	 258.164
FD10883	134.625 	 26.974 	 258.224
FD10883	134.750 	 27.029 	 258.262
FD10883	134.875 	 27.080 	 258.265
FD10883	135.000 	 27.128 	 258.231
FD10883	135.125 	 27.180 	 258.163
FD10883	135.250 	 27.223 	 258.066
FD10883	135.375 	 27.272 	 257.949
FD10883	135.500 	 27.312 	 257.822
FD10883	135.625 	 27.355 	 257.696
FD10883	135.750 	 27.394 	 257.576
FD10883	135.875 	 27.428 	 257.470
FD10883	136.000 	 27.456 	 257.384
FD10883	136.125 	 27.492 	 257.316
FD10883	136.250 	 27.515 	 257.265
FD10883	136.375 	 27.549 	 257.228
FD10883	136.500 	 27.580 	 257.194
FD10883	136.625 	 27.613 	 257.156
FD10883	136.750 	 27.647 	 257.104
FD10883	136.875 	 27.686 	 257.029
FD10883	137.000 	 27.721 	 256.932
FD10883	137.125 	 27.765 	 256.822
FD10883	137.250 	 27.797 	 256.708
FD10883	137.375 	 27.837 	 256.601
FD10883	137.500 	 27.876 	 256.503
FD10883	137.625 	 27.909 	 256.417
FD10883	137.750 	 27.950 	 256.344
FD10883	137.875 	 27.984 	 256.293
FD10883	138.000 	 28.016 	 256.269
FD10883	138.125 	 28.048 	 256.276
FD10883	138.250 	 28.079 	 256.305
FD10883	138.375 	 28.110 	 256.343
FD10883	138.500 	 28.138 	 256.374
FD10883	138.625 	 28.165 	 256.387
FD10883	138.750 	 28.191 	 256.382
FD10883	138.875 	 28.215 	 256.363
FD10883	139.000 	 28.231 	 256.333
FD10883	139.125 	 28.251 	 256.295
FD10883	139.250 	 28.269 	 256.248
FD10883	139.375 	 28.285 	 256.191
FD10883	139.500 	 28.302 	 256.127
FD10883	139.625 	 28.318 	 256.060
FD10883	139.750 	 28.339 	 255.996
FD10883	139.875 	 28.359 	 255.933
FD10883	140.000 	 28.374 	 255.869
FD10883	140.125 	 28.393 	 255.795
FD10883	140.250 	 28.416 	 255.706
FD10883	140.375 	 28.437 	 255.599
FD10883	140.500 	 28.464 	 255.474
FD10883	140.625 	 28.483 	 255.340
FD10883	140.750 	 28.513 	 255.203
FD10883	140.875 	 28.540 	 255.067
FD10883	141.000 	 28.562 	 254.935
FD10883	141.125 	 28.598 	 254.806
FD10883	141.250 	 28.625 	 254.679
FD10883	141.375 	 28.655 	 254.555
FD10883	141.500 	 28.686 	 254.436
FD10883	141.625 	 28.711 	 254.329
FD10883	141.750 	 28.738 	 254.240
FD10883	141.875 	 28.764 	 254.175
FD10883	142.000 	 28.790 	 254.137
FD10883	142.125 	 28.811 	 254.123
FD10883	142.250 	 28.832 	 254.123
FD10883	142.375 	 28.855 	 254.124
FD10883	142.500 	 28.878 	 254.121
FD10883	142.625 	 28.897 	 254.110
FD10883	142.750 	 28.914 	 254.092
FD10883	142.875 	 28.931 	 254.068
FD10883	143.000 	 28.949 	 254.043
FD10883	143.125 	 28.961 	 254.020
FD10883	143.250 	 28.979 	 254.003
FD10883	143.375 	 28.994 	 253.987
FD10883	143.500 	 29.006 	 253.967
FD10883	143.625 	 29.030 	 253.930
FD10883	143.750 	 29.044 	 253.869
FD10883	143.875 	 29.067 	 253.782
FD10883	144.000 	 29.083 	 253.676
FD10883	144.125 	 29.110 	 253.561
FD10883	144.250 	 29.134 	 253.443
FD10883	144.375 	 29.155 	 253.326
FD10883	144.500 	 29.176 	 253.211
FD10883	144.625 	 29.201 	 253.097
FD10883	144.750 	 29.228 	 252.983
FD10883	144.875 	 29.256 	 252.876
FD10883	145.000 	 29.286 	 252.783
FD10883	145.125 	 29.317 	 252.709
FD10883	145.250 	 29.353 	 252.658
FD10883	145.375 	 29.386 	 252.619
FD10883	145.500 	 29.421 	 252.586
FD10883	145.625 	 29.462 	 252.549
FD10883	145.750 	 29.497 	 252.510
FD10883	145.875 	 29.532 	 252.474
FD10883	146.000 	 29.569 	 252.450
FD10883	146.125 	 29.603 	 252.446
FD10883	146.250 	 29.641 	 252.465
FD10883	146.375 	 29.679 	 252.501
FD10883	146.500 	 29.712 	 252.548
FD10883	146.625 	 29.750 	 252.597
FD10883	146.750 	 29.783 	 252.639
FD10883	146.875 	 29.815 	 252.669
FD10883	147.000 	 29.850 	 252.681
FD10883	147.125 	 29.881 	 252.671
FD10883	147.250 	 29.910 	 252.640
FD10883	147.375 	 29.938 	 252.592
FD10883	147.500 	 29.966 	 252.540
FD10883	147.625 	 29.992 	 252.492
FD10883	147.750 	 30.018 	 252.455
FD10883	147.875 	 30.044 	 252.425
FD10883	148.000 	 30.066 	 252.397
FD10883	148.125 	 30.091 	 252.368
FD10883	148.250 	 30.116 	 252.335
FD10883	148.375 	 30.135 	 252.301
FD10883	148.500 	 30.157 	 252.270
FD10883	148.625 	 30.177 	 252.247
FD10883	148.750 	 30.197 	 252.228
FD10883	148.875 	 30.210 	 252.207
FD10883	149.000 	 30.229 	 252.179
FD10883	149.125 	 30.243 	 252.140
FD10883	149.250 	 30.257 	 252.086
FD10883	149.375 	 30.271 	 252.021
FD10883	149.500 	 30.284 	 251.946
FD10883	149.625 	 30.294 	 251.870
FD10883	149.750 	 30.310 	 251.795
FD10883	149.875 	 30.323 	 251.726
FD10883	150.000 	 30.332 	 251.663
FD10883	150.125 	 30.343 	 251.604
FD10883	150.250 	 30.359 	 251.551
FD10883	150.375 	 30.368 	 251.499
FD10883	150.500 	 30.376 	 251.455
FD10883	150.625 	 30.391 	 251.420
FD10883	150.750 	 30.400 	 251.400
FD10883	150.875 	 30.415 	 251.395
FD10883	151.000 	 30.424 	 251.398
FD10883	151.125 	 30.434 	 251.405
FD10883	151.250 	 30.451 	 251.406
FD10883	151.375 	 30.471 	 251.399
FD10883	151.500 	 30.489 	 251.383
FD10883	151.625 	 30.523 	 251.362
FD10883	151.750 	 30.553 	 251.341
FD10883	151.875 	 30.597 	 251.322
FD10883	152.000 	 30.636 	 251.305
FD10883	152.125 	 30.684 	 251.290
FD10883	152.250 	 30.728 	 251.277
FD10883	152.375 	 30.774 	 251.267
FD10883	152.500 	 30.812 	 251.262
FD10883	152.625 	 30.850 	 251.264
FD10883	152.750 	 30.881 	 251.272
FD10883	152.875 	 30.916 	 251.284
FD10883	153.000 	 30.943 	 251.291
FD10883	153.125 	 30.975 	 251.294
FD10883	153.250 	 31.016 	 251.294
FD10883	153.375 	 31.053 	 251.292
FD10883	153.500 	 31.098 	 251.292
FD10883	153.625 	 31.149 	 251.290
FD10883	153.750 	 31.194 	 251.281
FD10883	153.875 	 31.240 	 251.265
FD10883	154.000 	 31.278 	 251.237
FD10883	154.125 	 31.310 	 251.204
FD10883	154.250 	 31.338 	 251.170
FD10883	154.375 	 31.362 	 251.143
FD10883	154.500 	 31.381 	 251.129
FD10883	154.625 	 31.401 	 251.127
FD10883	154.750 	 31.417 	 251.137
FD10883	154.875 	 31.436 	 251.150
FD10883	155.000 	 31.442 	 251.158
FD10883	155.125 	 31.460 	 251.156
FD10883	155.250 	 31.475 	 251.144
FD10883	155.375 	 31.482 	 251.127
FD10883	155.500 	 31.487 	 251.111
FD10883	155.625 	 31.496 	 251.102
FD10883	155.750 	 31.501 	 251.099
FD10883	155.875 	 31.509 	 251.101
FD10883	156.000 	 31.512 	 251.102
FD10883	156.125 	 31.517 	 251.102
FD10883	156.250 	 31.528 	 251.097
FD10883	156.375 	 31.523 	 251.084
FD10883	156.500 	 31.533 	 251.064
FD10883	156.625 	 31.536 	 251.033
FD10883	156.750 	 31.535 	 250.989
FD10883	156.875 	 31.538 	 250.939
FD10883	157.000 	 31.539 	 250.881
FD10883	157.125 	 31.540 	 250.821
FD10883	157.250 	 31.543 	 250.763
FD10883	157.375 	 31.553 	 250.714
FD10883	157.500 	 31.550 	 250.677
FD10883	157.625 	 31.559 	 250.657
FD10883	157.750 	 31.561 	 250.653
FD10883	157.875 	 31.561 	 250.662
FD10883	158.000 	 31.563 	 250.681
FD10883	158.125 	 31.557 	 250.699
FD10883	158.250 	 31.556 	 250.713
FD10883	158.375 	 31.557 	 250.720
FD10883	158.500 	 31.545 	 250.720
FD10883	158.625 	 31.548 	 250.723
FD10883	158.750 	 31.549 	 250.730
FD10883	158.875 	 31.552 	 250.739
FD10883	159.000 	 31.564 	 250.749
FD10883	159.125 	 31.575 	 250.747
FD10883	159.250 	 31.589 	 250.733
FD10883	159.375 	 31.598 	 250.706
FD10883	159.500 	 31.610 	 250.666
FD10883	159.625 	 31.610 	 250.626
FD10883	159.750 	 31.613 	 250.593
FD10883	159.875 	 31.616 	 250.569
FD10883	160.000 	 31.616 	 250.556
FD10883	160.125 	 31.619 	 250.549
FD10883	160.250 	 31.620 	 250.531
FD10883	160.375 	 31.630 	 250.495
FD10883	160.500 	 31.630 	 250.440
FD10883	160.625 	 31.643 	 250.363
FD10883	160.750 	 31.661 	 250.279
FD10883	160.875 	 31.675 	 250.202
FD10883	161.000 	 31.694 	 250.139
FD10883	161.125 	 31.710 	 250.105
FD10883	161.250 	 31.741 	 250.093
FD10883	161.375 	 31.756 	 250.100
FD10883	161.500 	 31.779 	 250.121
FD10883	161.625 	 31.800 	 250.147
FD10883	161.750 	 31.811 	 250.173
FD10883	161.875 	 31.827 	 250.198
FD10883	162.000 	 31.834 	 250.221
FD10883	162.125 	 31.848 	 250.243
FD10883	162.250 	 31.849 	 250.262
FD10883	162.375 	 31.849 	 250.272
FD10883	162.500 	 31.855 	 250.277
FD10883	162.625 	 31.856 	 250.271
FD10883	162.750 	 31.855 	 250.257
FD10883	162.875 	 31.856 	 250.244
FD10883	163.000 	 31.857 	 250.238
FD10883	163.125 	 31.857 	 250.243
FD10883	163.250 	 31.859 	 250.261
FD10883	163.375 	 31.861 	 250.286
FD10883	163.500 	 31.868 	 250.314
FD10883	163.625 	 31.871 	 250.340
FD10883	163.750 	 31.878 	 250.365
FD10883	163.875 	 31.877 	 250.391
FD10883	164.000 	 31.877 	 250.419
FD10883	164.125 	 31.883 	 250.444
FD10883	164.250 	 31.882 	 250.458
FD10883	164.375 	 31.884 	 250.456
FD10883	164.500 	 31.886 	 250.437
FD10883	164.625 	 31.893 	 250.405
FD10883	164.750 	 31.895 	 250.371
FD10883	164.875 	 31.897 	 250.340
FD10883	165.000 	 31.901 	 250.316
FD10883	165.125 	 31.906 	 250.295
FD10883	165.250 	 31.908 	 250.274
FD10883	165.375 	 31.909 	 250.247
FD10883	165.500 	 31.908 	 250.213
FD10883	165.625 	 31.905 	 250.181
FD10883	165.750 	 31.908 	 250.154
FD10883	165.875 	 31.910 	 250.145
FD10883	166.000 	 31.910 	 250.152
FD10883	166.125 	 31.912 	 250.178
FD10883	166.250 	 31.919 	 250.217
FD10883	166.375 	 31.918 	 250.259
FD10883	166.500 	 31.929 	 250.297
FD10883	166.625 	 31.928 	 250.323
FD10883	166.750 	 31.933 	 250.341
FD10883	166.875 	 31.935 	 250.360
FD10883	167.000 	 31.932 	 250.386
FD10883	167.125 	 31.936 	 250.424
FD10883	167.250 	 31.936 	 250.467
FD10883	167.375 	 31.944 	 250.505
FD10883	167.500 	 31.942 	 250.525
FD10883	167.625 	 31.952 	 250.531
FD10883	167.750 	 31.962 	 250.528
FD10883	167.875 	 31.973 	 250.527
FD10883	168.000 	 31.980 	 250.539
FD10883	168.125 	 31.991 	 250.565
FD10883	168.250 	 32.000 	 250.599
FD10883	168.375 	 32.006 	 250.632
FD10883	168.500 	 32.015 	 250.656
FD10883	168.625 	 32.024 	 250.666
FD10883	168.750 	 32.030 	 250.669
FD10883	168.875 	 32.033 	 250.668
FD10883	169.000 	 32.039 	 250.672
FD10883	169.125 	 32.039 	 250.680
FD10883	169.250 	 32.038 	 250.693
FD10883	169.375 	 32.041 	 250.698
FD10883	169.500 	 32.043 	 250.689
FD10883	169.625 	 32.049 	 250.665
FD10883	169.750 	 32.049 	 250.631
FD10883	169.875 	 32.062 	 250.596
FD10883	170.000 	 32.063 	 250.571
FD10883	170.125 	 32.078 	 250.558
FD10883	170.250 	 32.090 	 250.552
FD10883	170.375 	 32.100 	 250.541
FD10883	170.500 	 32.117 	 250.518
FD10883	170.625 	 32.127 	 250.486
FD10883	170.750 	 32.143 	 250.452
FD10883	170.875 	 32.151 	 250.429
FD10883	171.000 	 32.159 	 250.418
FD10883	171.125 	 32.160 	 250.416
FD10883	171.250 	 32.159 	 250.414
FD10883	171.375 	 32.154 	 250.405
FD10883	171.500 	 32.157 	 250.388
FD10883	171.625 	 32.149 	 250.366
FD10883	171.750 	 32.149 	 250.353
FD10883	171.875 	 32.149 	 250.354
FD10883	172.000 	 32.147 	 250.366
FD10883	172.125 	 32.150 	 250.382
FD10883	172.250 	 32.152 	 250.378
FD10883	172.375 	 32.148 	 250.342
FD10883	172.500 	 32.148 	 250.271
FD10883	172.625 	 32.149 	 250.174
FD10883	172.750 	 32.149 	 250.072
FD10883	172.875 	 32.148 	 249.984
FD10883	173.000 	 32.148 	 249.925
FD10883	173.125 	 32.150 	 249.898
FD10883	173.250 	 32.148 	 249.890
FD10883	173.375 	 32.149 	 249.892
FD10883	173.500 	 32.152 	 249.886
FD10883	173.625 	 32.149 	 249.874
FD10883	173.750 	 32.148 	 249.859
FD10883	173.875 	 32.150 	 249.860
FD10883	174.000 	 32.149 	 249.883
FD10883	174.125 	 32.148 	 249.929
FD10883	174.250 	 32.149 	 249.989
FD10883	174.375 	 32.149 	 250.045
FD10883	174.500 	 32.149 	 250.086
FD10883	174.625 	 32.148 	 250.117
FD10883	174.750 	 32.153 	 250.150
FD10883	174.875 	 32.148 	 250.194
FD10883	175.000 	 32.149 	 250.250
FD10883	175.125 	 32.149 	 250.308
FD10883	175.250 	 32.147 	 250.347
FD10883	175.375 	 32.149 	 250.357
FD10883	175.500 	 32.148 	 250.336
FD10883	175.625 	 32.146 	 250.295
FD10883	175.750 	 32.139 	 250.250
FD10883	175.875 	 32.136 	 250.220
FD10883	176.000 	 32.130 	 250.205
FD10883	176.125 	 32.122 	 250.203
FD10883	176.250 	 32.116 	 250.200
FD10883	176.375 	 32.108 	 250.192
FD10883	176.500 	 32.103 	 250.181
FD10883	176.625 	 32.104 	 250.164
FD10883	176.750 	 32.101 	 250.153
FD10883	176.875 	 32.107 	 250.149
FD10883	177.000 	 32.109 	 250.152
FD10883	177.125 	 32.116 	 250.155
FD10883	177.250 	 32.118 	 250.152
FD10883	177.375 	 32.118 	 250.139
FD10883	177.500 	 32.121 	 250.111
FD10883	177.625 	 32.127 	 250.072
FD10883	177.750 	 32.124 	 250.027
FD10883	177.875 	 32.125 	 249.984
FD10883	178.000 	 32.130 	 249.949
FD10883	178.125 	 32.126 	 249.927
FD10883	178.250 	 32.129 	 249.921
FD10883	178.375 	 32.127 	 249.935
FD10883	178.500 	 32.130 	 249.967
FD10883	178.625 	 32.126 	 250.017
FD10883	178.750 	 32.129 	 250.077
FD10883	178.875 	 32.125 	 250.136
FD10883	179.000 	 32.128 	 250.179
FD10883	179.125 	 32.125 	 250.197
FD10883	179.250 	 32.125 	 250.193
FD10883	179.375 	 32.128 	 250.171
FD10883	179.500 	 32.124 	 250.152
FD10883	179.625 	 32.123 	 250.149
FD10883	179.750 	 32.121 	 250.171
FD10883	179.875 	 32.119 	 250.211
FD10883	180.000 	 32.114 	 250.259
FD10883	180.125 	 32.114 	 250.293
FD10883	180.250 	 32.109 	 250.301
FD10883	180.375 	 32.101 	 250.278
FD10883	180.500 	 32.103 	 250.232
FD10883	180.625 	 32.095 	 250.167
FD10883	180.750 	 32.095 	 250.104
FD10883	180.875 	 32.086 	 250.044
FD10883	181.000 	 32.088 	 250.003
FD10883	181.125 	 32.078 	 249.980
FD10883	181.250 	 32.080 	 249.976
FD10883	181.375 	 32.076 	 249.985
FD10883	181.500 	 32.072 	 250.005
FD10883	181.625 	 32.069 	 250.020
FD10883	181.750 	 32.069 	 250.029
FD10883	181.875 	 32.070 	 250.024
FD10883	182.000 	 32.071 	 250.001
FD10883	182.125 	 32.075 	 249.961
FD10883	182.250 	 32.072 	 249.910
FD10883	182.375 	 32.076 	 249.856
FD10883	182.500 	 32.073 	 249.813
FD10883	182.625 	 32.077 	 249.792
FD10883	182.750 	 32.075 	 249.804
FD10883	182.875 	 32.079 	 249.834
FD10883	183.000 	 32.074 	 249.874
FD10883	183.125 	 32.080 	 249.904
FD10883	183.250 	 32.080 	 249.913
FD10883	183.375 	 32.080 	 249.901
FD10883	183.500 	 32.081 	 249.877
FD10883	183.625 	 32.083 	 249.855
FD10883	183.750 	 32.084 	 249.845
FD10883	183.875 	 32.086 	 249.856
FD10883	184.000 	 32.092 	 249.888
FD10883	184.125 	 32.094 	 249.932
FD10883	184.250 	 32.098 	 249.979
FD10883	184.375 	 32.104 	 250.019
FD10883	184.500 	 32.108 	 250.047
FD10883	184.625 	 32.109 	 250.058
FD10883	184.750 	 32.112 	 250.068
FD10883	184.875 	 32.119 	 250.080
FD10883	185.000 	 32.118 	 250.100
FD10883	185.125 	 32.118 	 250.130
FD10883	185.250 	 32.117 	 250.171
FD10883	185.375 	 32.120 	 250.204
FD10883	185.500 	 32.119 	 250.231
FD10883	185.625 	 32.121 	 250.249
FD10883	185.750 	 32.119 	 250.250
FD10883	185.875 	 32.118 	 250.238
FD10883	186.000 	 32.114 	 250.213
FD10883	186.125 	 32.111 	 250.172
FD10883	186.250 	 32.109 	 250.124
FD10883	186.375 	 32.106 	 250.069
FD10883	186.500 	 32.105 	 250.016
FD10883	186.625 	 32.097 	 249.965
FD10883	186.750 	 32.095 	 249.919
FD10883	186.875 	 32.092 	 249.879
FD10883	187.000 	 32.085 	 249.850
FD10883	187.125 	 32.083 	 249.836
FD10883	187.250 	 32.080 	 249.835
FD10883	187.375 	 32.078 	 249.846
FD10883	187.500 	 32.071 	 249.854
FD10883	187.625 	 32.069 	 249.852
FD10883	187.750 	 32.066 	 249.838
FD10883	187.875 	 32.061 	 249.811
FD10883	188.000 	 32.057 	 249.773
FD10883	188.125 	 32.054 	 249.735
FD10883	188.250 	 32.050 	 249.697
FD10883	188.375 	 32.043 	 249.665
FD10883	188.500 	 32.036 	 249.645
FD10883	188.625 	 32.036 	 249.643
FD10883	188.750 	 32.029 	 249.669
FD10883	188.875 	 32.021 	 249.719
FD10883	189.000 	 32.023 	 249.786
FD10883	189.125 	 32.017 	 249.853
FD10883	189.250 	 32.010 	 249.901
FD10883	189.375 	 32.013 	 249.919
FD10883	189.500 	 32.010 	 249.898
FD10883	189.625 	 32.006 	 249.850
FD10883	189.750 	 32.006 	 249.783
FD10883	189.875 	 32.003 	 249.707
FD10883	190.000 	 32.002 	 249.636
FD10883	190.125 	 32.002 	 249.579
FD10883	190.250 	 32.001 	 249.537
FD10883	190.375 	 32.001 	 249.509
FD10883	190.500 	 31.996 	 249.491
FD10883	190.625 	 32.000 	 249.486
FD10883	190.750 	 32.003 	 249.491
FD10883	190.875 	 32.004 	 249.509
FD10883	191.000 	 32.009 	 249.540
FD10883	191.125 	 32.009 	 249.588
FD10883	191.250 	 32.017 	 249.645
FD10883	191.375 	 32.023 	 249.706
FD10883	191.500 	 32.021 	 249.763
FD10883	191.625 	 32.031 	 249.814
FD10883	191.750 	 32.036 	 249.853
FD10883	191.875 	 32.035 	 249.881
FD10883	192.000 	 32.042 	 249.902
FD10883	192.125 	 32.049 	 249.921
FD10883	192.250 	 32.048 	 249.939
FD10883	192.375 	 32.057 	 249.959
FD10883	192.500 	 32.062 	 249.978
FD10883	192.625 	 32.063 	 250.000
FD10883	192.750 	 32.074 	 250.026
FD10883	192.875 	 32.073 	 250.056
FD10883	193.000 	 32.080 	 250.093
FD10883	193.125 	 32.082 	 250.129
FD10883	193.250 	 32.083 	 250.161
FD10883	193.375 	 32.085 	 250.187
FD10883	193.500 	 32.089 	 250.205
FD10883	193.625 	 32.086 	 250.220
FD10883	193.750 	 32.086 	 250.233
FD10883	193.875 	 32.087 	 250.247
FD10883	194.000 	 32.084 	 250.265
FD10883	194.125 	 32.081 	 250.280
FD10883	194.250 	 32.080 	 250.290
FD10883	194.375 	 32.075 	 250.296
FD10883	194.500 	 32.076 	 250.300
FD10883	194.625 	 32.072 	 250.307
FD10883	194.750 	 32.071 	 250.319
FD10883	194.875 	 32.068 	 250.331
FD10883	195.000 	 32.068 	 250.347
FD10883	195.125 	 32.067 	 250.358
FD10883	195.250 	 32.068 	 250.379
FD10883	195.375 	 32.067 	 250.403
FD10883	195.500 	 32.067 	 250.434
FD10883	195.625 	 32.071 	 250.470
FD10883	195.750 	 32.073 	 250.495
FD10883	195.875 	 32.078 	 250.504
FD10883	196.000 	 32.084 	 250.497
FD10883	196.125 	 32.087 	 250.470
FD10883	196.250 	 32.094 	 250.431
FD10883	196.375 	 32.103 	 250.388
FD10883	196.500 	 32.106 	 250.345
FD10883	196.625 	 32.111 	 250.308
FD10883	196.750 	 32.120 	 250.275
FD10883	196.875 	 32.125 	 250.253
FD10883	197.000 	 32.136 	 250.238
FD10883	197.125 	 32.144 	 250.229
FD10883	197.250 	 32.150 	 250.231
FD10883	197.375 	 32.159 	 250.238
FD10883	197.500 	 32.168 	 250.253
FD10883	197.625 	 32.175 	 250.272
FD10883	197.750 	 32.181 	 250.294
FD10883	197.875 	 32.188 	 250.309
FD10883	198.000 	 32.198 	 250.317
FD10883	198.125 	 32.201 	 250.313
FD10883	198.250 	 32.207 	 250.304
FD10883	198.375 	 32.208 	 250.298
FD10883	198.500 	 32.210 	 250.298
FD10883	198.625 	 32.210 	 250.308
FD10883	198.750 	 32.203 	 250.318
FD10883	198.875 	 32.199 	 250.322
FD10883	199.000 	 32.191 	 250.312
FD10883	199.125 	 32.188 	 250.290
FD10883	199.250 	 32.193 	 250.265
FD10883	199.375 	 32.191 	 250.252
FD10883	199.500 	 32.200 	 250.257
FD10883	199.625 	 32.209 	 250.283
FD10883	199.750 	 32.214 	 250.321
FD10883	199.875 	 32.221 	 250.358
FD10883	200.000 	 32.231 	 250.377
FD10883	200.125 	 32.232 	 250.371
FD10883	200.250 	 32.242 	 250.343
FD10883	200.375 	 32.251 	 250.296
FD10883	200.500 	 32.263 	 250.246
FD10883	200.625 	 32.274 	 250.201
FD10883	200.750 	 32.284 	 250.170
FD10883	200.875 	 32.295 	 250.153
FD10883	201.000 	 32.306 	 250.151
FD10883	201.125 	 32.315 	 250.166
FD10883	201.250 	 32.320 	 250.192
FD10883	201.375 	 32.327 	 250.230
FD10883	201.500 	 32.332 	 250.272
FD10883	201.625 	 32.334 	 250.310
FD10883	201.750 	 32.341 	 250.341
FD10883	201.875 	 32.345 	 250.363
FD10883	202.000 	 32.348 	 250.373
FD10883	202.125 	 32.357 	 250.374
FD10883	202.250 	 32.364 	 250.368
FD10883	202.375 	 32.365 	 250.358
FD10883	202.500 	 32.377 	 250.344
FD10883	202.625 	 32.383 	 250.326
FD10883	202.750 	 32.385 	 250.301
FD10883	202.875 	 32.393 	 250.274
FD10883	203.000 	 32.398 	 250.245
FD10883	203.125 	 32.401 	 250.217
FD10883	203.250 	 32.409 	 250.201
FD10883	203.375 	 32.413 	 250.196
FD10883	203.500 	 32.419 	 250.198
FD10883	203.625 	 32.424 	 250.200
FD10883	203.750 	 32.431 	 250.190
FD10883	203.875 	 32.436 	 250.166
FD10883	204.000 	 32.439 	 250.128
FD10883	204.125 	 32.447 	 250.084
FD10883	204.250 	 32.451 	 250.042
FD10883	204.375 	 32.457 	 250.007
FD10883	204.500 	 32.460 	 249.982
FD10883	204.625 	 32.462 	 249.961
FD10883	204.750 	 32.465 	 249.943
FD10883	204.875 	 32.464 	 249.921
FD10883	205.000 	 32.470 	 249.898
FD10883	205.125 	 32.466 	 249.880
FD10883	205.250 	 32.466 	 249.877
FD10883	205.375 	 32.470 	 249.895
FD10883	205.500 	 32.467 	 249.928
FD10883	205.625 	 32.469 	 249.969
FD10883	205.750 	 32.467 	 250.013
FD10883	205.875 	 32.469 	 250.045
FD10883	206.000 	 32.466 	 250.068
FD10883	206.125 	 32.471 	 250.082
FD10883	206.250 	 32.465 	 250.091
FD10883	206.375 	 32.471 	 250.098
FD10883	206.500 	 32.465 	 250.102
FD10883	206.625 	 32.471 	 250.110
FD10883	206.750 	 32.465 	 250.120
FD10883	206.875 	 32.470 	 250.136
FD10883	207.000 	 32.467 	 250.148
FD10883	207.125 	 32.470 	 250.147
FD10883	207.250 	 32.466 	 250.134
FD10883	207.375 	 32.471 	 250.111
FD10883	207.500 	 32.465 	 250.083
FD10883	207.625 	 32.470 	 250.066
FD10883	207.750 	 32.467 	 250.064
FD10883	207.875 	 32.470 	 250.078
FD10883	208.000 	 32.465 	 250.100
FD10883	208.125 	 32.466 	 250.133
FD10883	208.250 	 32.471 	 250.166
FD10883	208.375 	 32.466 	 250.196
FD10883	208.500 	 32.469 	 250.224
FD10883	208.625 	 32.466 	 250.250
FD10883	208.750 	 32.471 	 250.275
FD10883	208.875 	 32.471 	 250.301
FD10883	209.000 	 32.469 	 250.329
FD10883	209.125 	 32.476 	 250.365
FD10883	209.250 	 32.486 	 250.408
FD10883	209.375 	 32.490 	 250.452
FD10883	209.500 	 32.501 	 250.494
FD10883	209.625 	 32.511 	 250.529
FD10883	209.750 	 32.515 	 250.545
FD10883	209.875 	 32.527 	 250.552
FD10883	210.000 	 32.536 	 250.550
FD10883	210.125 	 32.544 	 250.554
FD10883	210.250 	 32.559 	 250.571
FD10883	210.375 	 32.568 	 250.604
FD10883	210.500 	 32.579 	 250.642
FD10883	210.625 	 32.585 	 250.677
FD10883	210.750 	 32.591 	 250.699
FD10883	210.875 	 32.594 	 250.698
FD10883	211.000 	 32.598 	 250.672
FD10883	211.125 	 32.593 	 250.628
FD10883	211.250 	 32.594 	 250.575
FD10883	211.375 	 32.592 	 250.525
FD10883	211.500 	 32.591 	 250.487
FD10883	211.625 	 32.590 	 250.464
FD10883	211.750 	 32.585 	 250.459
FD10883	211.875 	 32.586 	 250.467
FD10883	212.000 	 32.582 	 250.486
FD10883	212.125 	 32.581 	 250.513
FD10883	212.250 	 32.583 	 250.545
FD10883	212.375 	 32.578 	 250.579
FD10883	212.500 	 32.574 	 250.612
FD10883	212.625 	 32.576 	 250.634
FD10883	212.750 	 32.576 	 250.643
FD10883	212.875 	 32.569 	 250.634
FD10883	213.000 	 32.568 	 250.620
FD10883	213.125 	 32.565 	 250.600
FD10883	213.250 	 32.564 	 250.589
FD10883	213.375 	 32.562 	 250.580
FD10883	213.500 	 32.557 	 250.570
FD10883	213.625 	 32.554 	 250.550
FD10883	213.750 	 32.554 	 250.519
FD10883	213.875 	 32.552 	 250.481
FD10883	214.000 	 32.551 	 250.437
FD10883	214.125 	 32.551 	 250.393
FD10883	214.250 	 32.552 	 250.346
FD10883	214.375 	 32.553 	 250.301
FD10883	214.500 	 32.554 	 250.264
FD10883	214.625 	 32.555 	 250.240
FD10883	214.750 	 32.562 	 250.238
FD10883	214.875 	 32.565 	 250.243
FD10883	215.000 	 32.568 	 250.250
FD10883	215.125 	 32.576 	 250.247
FD10883	215.250 	 32.579 	 250.233
FD10883	215.375 	 32.584 	 250.214
FD10883	215.500 	 32.591 	 250.192
FD10883	215.625 	 32.601 	 250.179
FD10883	215.750 	 32.604 	 250.170
FD10883	215.875 	 32.608 	 250.175
FD10883	216.000 	 32.616 	 250.193
FD10883	216.125 	 32.620 	 250.227
FD10883	216.250 	 32.629 	 250.273
FD10883	216.375 	 32.631 	 250.315
FD10883	216.500 	 32.638 	 250.344
FD10883	216.625 	 32.649 	 250.347
FD10883	216.750 	 32.650 	 250.322
FD10883	216.875 	 32.659 	 250.278
FD10883	217.000 	 32.665 	 250.224
FD10883	217.125 	 32.671 	 250.180
FD10883	217.250 	 32.678 	 250.143
FD10883	217.375 	 32.681 	 250.115
FD10883	217.500 	 32.687 	 250.089
FD10883	217.625 	 32.694 	 250.059
FD10883	217.750 	 32.699 	 250.026
FD10883	217.875 	 32.710 	 249.993
FD10883	218.000 	 32.720 	 249.963
FD10883	218.125 	 32.730 	 249.935
FD10883	218.250 	 32.739 	 249.903
FD10883	218.375 	 32.747 	 249.857
FD10883	218.500 	 32.759 	 249.799
FD10883	218.625 	 32.762 	 249.733
FD10883	218.750 	 32.769 	 249.676
FD10883	218.875 	 32.766 	 249.643
FD10883	219.000 	 32.771 	 249.639
FD10883	219.125 	 32.769 	 249.658
FD10883	219.250 	 32.764 	 249.695
FD10883	219.375 	 32.760 	 249.735
FD10883	219.500 	 32.752 	 249.772
FD10883	219.625 	 32.747 	 249.799
FD10883	219.750 	 32.740 	 249.816
FD10883	219.875 	 32.723 	 249.816
FD10883	220.000 	 32.714 	 249.811
FD10883	220.125 	 32.704 	 249.792
FD10883	220.250 	 32.694 	 249.774
FD10883	220.375 	 32.675 	 249.749
FD10883	220.500 	 32.670 	 249.725
FD10883	220.625 	 32.665 	 249.693
FD10883	220.750 	 32.656 	 249.654
FD10883	220.875 	 32.656 	 249.615
FD10883	221.000 	 32.649 	 249.576
FD10883	221.125 	 32.657 	 249.551
FD10883	221.250 	 32.664 	 249.536
FD10883	221.375 	 32.667 	 249.536
FD10883	221.500 	 32.674 	 249.550
FD10883	221.625 	 32.684 	 249.570
FD10883	221.750 	 32.696 	 249.597
FD10883	221.875 	 32.708 	 249.621
FD10883	222.000 	 32.721 	 249.641
FD10883	222.125 	 32.736 	 249.651
FD10883	222.250 	 32.747 	 249.641
FD10883	222.375 	 32.761 	 249.618
FD10883	222.500 	 32.774 	 249.581
FD10883	222.625 	 32.788 	 249.541
FD10883	222.750 	 32.799 	 249.501
FD10883	222.875 	 32.810 	 249.476
FD10883	223.000 	 32.823 	 249.473
FD10883	223.125 	 32.828 	 249.482
FD10883	223.250 	 32.844 	 249.505
FD10883	223.375 	 32.852 	 249.534
FD10883	223.500 	 32.862 	 249.554
FD10883	223.625 	 32.876 	 249.566
FD10883	223.750 	 32.880 	 249.561
FD10883	223.875 	 32.890 	 249.545
FD10883	224.000 	 32.900 	 249.525
FD10883	224.125 	 32.902 	 249.494
FD10883	224.250 	 32.907 	 249.465
FD10883	224.375 	 32.911 	 249.427
FD10883	224.500 	 32.912 	 249.384
FD10883	224.625 	 32.914 	 249.337
FD10883	224.750 	 32.913 	 249.288
FD10883	224.875 	 32.909 	 249.252
FD10883	225.000 	 32.911 	 249.231
FD10883	225.125 	 32.906 	 249.234
FD10883	225.250 	 32.906 	 249.256
FD10883	225.375 	 32.898 	 249.294
FD10883	225.500 	 32.897 	 249.326
FD10883	225.625 	 32.890 	 249.342
FD10883	225.750 	 32.880 	 249.342
FD10883	225.875 	 32.877 	 249.326
FD10883	226.000 	 32.873 	 249.307
FD10883	226.125 	 32.866 	 249.292
FD10883	226.250 	 32.863 	 249.289
FD10883	226.375 	 32.863 	 249.293
FD10883	226.500 	 32.861 	 249.301
FD10883	226.625 	 32.855 	 249.314
FD10883	226.750 	 32.864 	 249.342
FD10883	226.875 	 32.864 	 249.375
FD10883	227.000 	 32.872 	 249.422
FD10883	227.125 	 32.876 	 249.476
FD10883	227.250 	 32.879 	 249.534
FD10883	227.375 	 32.889 	 249.587
FD10883	227.500 	 32.901 	 249.633
FD10883	227.625 	 32.906 	 249.658
FD10883	227.750 	 32.917 	 249.671
FD10883	227.875 	 32.925 	 249.665
FD10883	228.000 	 32.936 	 249.656
FD10883	228.125 	 32.941 	 249.646
FD10883	228.250 	 32.947 	 249.646
FD10883	228.375 	 32.951 	 249.645
FD10883	228.500 	 32.960 	 249.651
FD10883	228.625 	 32.957 	 249.651
FD10883	228.750 	 32.965 	 249.644
FD10883	228.875 	 32.960 	 249.628
FD10883	229.000 	 32.965 	 249.606
FD10883	229.125 	 32.966 	 249.582
FD10883	229.250 	 32.964 	 249.555
FD10883	229.375 	 32.968 	 249.532
FD10883	229.500 	 32.965 	 249.497
FD10883	229.625 	 32.968 	 249.457
FD10883	229.750 	 32.963 	 249.399
FD10883	229.875 	 32.965 	 249.333
FD10883	230.000 	 32.957 	 249.265
FD10883	230.125 	 32.957 	 249.207
FD10883	230.250 	 32.951 	 249.172
FD10883	230.375 	 32.953 	 249.181
FD10883	230.500 	 32.952 	 249.218
FD10883	230.625 	 32.945 	 249.272
FD10883	230.750 	 32.949 	 249.330
FD10883	230.875 	 32.944 	 249.371
FD10883	231.000 	 32.942 	 249.400
FD10883	231.125 	 32.942 	 249.419
FD10883	231.250 	 32.938 	 249.427
FD10883	231.375 	 32.929 	 249.437
FD10883	231.500 	 32.926 	 249.452
FD10883	231.625 	 32.918 	 249.462
FD10883	231.750 	 32.912 	 249.476
FD10883	231.875 	 32.904 	 249.483
FD10883	232.000 	 32.908 	 249.480
FD10883	232.125 	 32.894 	 249.445
FD10883	232.250 	 32.901 	 249.394
FD10883	232.375 	 32.892 	 249.313
FD10883	232.500 	 32.897 	 249.234
FD10883	232.625 	 32.892 	 249.167
FD10883	232.750 	 32.890 	 249.127
FD10883	232.875 	 32.893 	 249.123
FD10883	233.000 	 32.896 	 249.148
FD10883	233.125 	 32.901 	 249.190
FD10883	233.250 	 32.904 	 249.227
FD10883	233.375 	 32.907 	 249.245
FD10883	233.500 	 32.920 	 249.237
FD10883	233.625 	 32.923 	 249.212
FD10883	233.750 	 32.934 	 249.175
FD10883	233.875 	 32.940 	 249.144
FD10883	234.000 	 32.945 	 249.131
FD10883	234.125 	 32.954 	 249.135
FD10883	234.250 	 32.962 	 249.165
FD10883	234.375 	 32.965 	 249.206
FD10883	234.500 	 32.968 	 249.257
FD10883	234.625 	 32.970 	 249.299
FD10883	234.750 	 32.974 	 249.319
FD10883	234.875 	 32.973 	 249.320
FD10883	235.000 	 32.980 	 249.303
FD10883	235.125 	 32.976 	 249.268
FD10883	235.250 	 32.981 	 249.241
FD10883	235.375 	 32.976 	 249.215
FD10883	235.500 	 32.979 	 249.201
FD10883	235.625 	 32.973 	 249.196
FD10883	235.750 	 32.974 	 249.193
FD10883	235.875 	 32.972 	 249.200
FD10883	236.000 	 32.973 	 249.197
FD10883	236.125 	 32.971 	 249.186
FD10883	236.250 	 32.973 	 249.160
FD10883	236.375 	 32.970 	 249.118
FD10883	236.500 	 32.976 	 249.070
FD10883	236.625 	 32.978 	 249.024
FD10883	236.750 	 32.981 	 248.987
FD10883	236.875 	 32.982 	 248.965
FD10883	237.000 	 32.990 	 248.960
FD10883	237.125 	 32.995 	 248.969
FD10883	237.250 	 33.000 	 248.980
FD10883	237.375 	 32.998 	 249.001
FD10883	237.500 	 33.007 	 249.029
FD10883	237.625 	 33.012 	 249.059
FD10883	237.750 	 33.011 	 249.096
FD10883	237.875 	 33.014 	 249.134
FD10883	238.000 	 33.020 	 249.176
FD10883	238.125 	 33.025 	 249.220
FD10883	238.250 	 33.023 	 249.263
FD10883	238.375 	 33.032 	 249.308
FD10883	238.500 	 33.039 	 249.342
FD10883	238.625 	 33.042 	 249.363
FD10883	238.750 	 33.049 	 249.376
FD10883	238.875 	 33.066 	 249.378
FD10883	239.000 	 33.070 	 249.371
FD10883	239.125 	 33.086 	 249.373
FD10883	239.250 	 33.102 	 249.378
FD10883	239.375 	 33.109 	 249.391
FD10883	239.500 	 33.128 	 249.415
FD10883	239.625 	 33.137 	 249.436
FD10883	239.750 	 33.149 	 249.462
FD10883	239.875 	 33.167 	 249.478
FD10883	240.000 	 33.172 	 249.484
FD10883	240.125 	 33.182 	 249.481
FD10883	240.250 	 33.187 	 249.470
FD10883	240.375 	 33.195 	 249.451
FD10883	240.500 	 33.200 	 249.438
FD10883	240.625 	 33.205 	 249.433
FD10883	240.750 	 33.201 	 249.448
FD10883	240.875 	 33.199 	 249.478
FD10883	241.000 	 33.192 	 249.522
FD10883	241.125 	 33.177 	 249.579
FD10883	241.250 	 33.168 	 249.638
FD10883	241.375 	 33.152 	 249.700
FD10883	241.500 	 33.141 	 249.747
FD10883	241.625 	 33.129 	 249.776
FD10883	241.750 	 33.112 	 249.780
FD10883	241.875 	 33.106 	 249.762
FD10883	242.000 	 33.095 	 249.730
FD10883	242.125 	 33.080 	 249.684
FD10883	242.250 	 33.071 	 249.640
FD10883	242.375 	 33.049 	 249.595
FD10883	242.500 	 33.040 	 249.558
FD10883	242.625 	 33.023 	 249.540
FD10883	242.750 	 33.011 	 249.536
FD10883	242.875 	 32.993 	 249.557
FD10883	243.000 	 32.981 	 249.588
FD10883	243.125 	 32.975 	 249.622
FD10883	243.250 	 32.961 	 249.643
FD10883	243.375 	 32.958 	 249.644
FD10883	243.500 	 32.954 	 249.627
FD10883	243.625 	 32.948 	 249.588
FD10883	243.750 	 32.951 	 249.538
FD10883	243.875 	 32.950 	 249.486
FD10883	244.000 	 32.952 	 249.439
FD10883	244.125 	 32.957 	 249.409
FD10883	244.250 	 32.964 	 249.391
FD10883	244.375 	 32.979 	 249.399
FD10883	244.500 	 32.985 	 249.419
FD10883	244.625 	 33.002 	 249.453
FD10883	244.750 	 33.017 	 249.498
FD10883	244.875 	 33.034 	 249.550
FD10883	245.000 	 33.054 	 249.605
FD10883	245.125 	 33.069 	 249.654
FD10883	245.250 	 33.092 	 249.692
FD10883	245.375 	 33.101 	 249.710
FD10883	245.500 	 33.119 	 249.703
FD10883	245.625 	 33.132 	 249.668
FD10883	245.750 	 33.145 	 249.617
FD10883	245.875 	 33.156 	 249.556
FD10883	246.000 	 33.160 	 249.496
FD10883	246.125 	 33.171 	 249.454
FD10883	246.250 	 33.174 	 249.435
FD10883	246.375 	 33.174 	 249.433
FD10883	246.500 	 33.183 	 249.460
FD10883	246.625 	 33.185 	 249.485
FD10883	246.750 	 33.187 	 249.512
FD10883	246.875 	 33.190 	 249.531
FD10883	247.000 	 33.190 	 249.544
FD10883	247.125 	 33.196 	 249.554
FD10883	247.250 	 33.197 	 249.564
FD10883	247.375 	 33.204 	 249.581
FD10883	247.500 	 33.200 	 249.602
FD10883	247.625 	 33.199 	 249.623
FD10883	247.750 	 33.205 	 249.647
FD10883	247.875 	 33.203 	 249.676
FD10883	248.000 	 33.206 	 249.700
FD10883	248.125 	 33.209 	 249.735
FD10883	248.250 	 33.213 	 249.770
FD10883	248.375 	 33.217 	 249.802
FD10883	248.500 	 33.223 	 249.842
FD10883	248.625 	 33.226 	 249.880
FD10883	248.750 	 33.235 	 249.925
FD10883	248.875 	 33.241 	 249.965
FD10883	249.000 	 33.253 	 249.991
FD10883	249.125 	 33.254 	 249.999
FD10883	249.250 	 33.265 	 249.982
FD10883	249.375 	 33.268 	 249.957
FD10883	249.500 	 33.281 	 249.926
FD10883	249.625 	 33.276 	 249.895
FD10883	249.750 	 33.284 	 249.874
FD10883	249.875 	 33.279 	 249.858
FD10883	250.000 	 33.282 	 249.847
FD10883	250.125 	 33.273 	 249.841
FD10883	250.250 	 33.266 	 249.843
FD10883	250.375 	 33.261 	 249.853
FD10883	250.500 	 33.248 	 249.868
FD10883	250.625 	 33.237 	 249.891
FD10883	250.750 	 33.227 	 249.915
FD10883	250.875 	 33.203 	 249.934
FD10883	251.000 	 33.190 	 249.940
FD10883	251.125 	 33.167 	 249.935
FD10883	251.250 	 33.143 	 249.904
FD10883	251.375 	 33.120 	 249.864
FD10883	251.500 	 33.099 	 249.817
FD10883	251.625 	 33.076 	 249.764
FD10883	251.750 	 33.056 	 249.725
FD10883	251.875 	 33.035 	 249.692
FD10883	252.000 	 33.020 	 249.663
FD10883	252.125 	 33.007 	 249.630
FD10883	252.250 	 32.995 	 249.586
FD10883	252.375 	 32.980 	 249.537
FD10883	252.500 	 32.969 	 249.488
FD10883	252.625 	 32.958 	 249.441
FD10883	252.750 	 32.948 	 249.406
FD10883	252.875 	 32.939 	 249.382
FD10883	253.000 	 32.929 	 249.366
FD10883	253.125 	 32.920 	 249.356
FD10883	253.250 	 32.916 	 249.347
FD10883	253.375 	 32.913 	 249.342
FD10883	253.500 	 32.913 	 249.342
FD10883	253.625 	 32.915 	 249.348
FD10883	253.750 	 32.912 	 249.352
FD10883	253.875 	 32.913 	 249.360
FD10883	254.000 	 32.909 	 249.363
FD10883	254.125 	 32.909 	 249.366
FD10883	254.250 	 32.905 	 249.370
FD10883	254.375 	 32.901 	 249.372
FD10883	254.500 	 32.903 	 249.379
FD10883	254.625 	 32.903 	 249.378
FD10883	254.750 	 32.903 	 249.362
FD10883	254.875 	 32.909 	 249.347
FD10883	255.000 	 32.910 	 249.337
FD10883	255.125 	 32.922 	 249.351
FD10883	255.250 	 32.921 	 249.387
FD10883	255.375 	 32.934 	 249.451
FD10883	255.500 	 32.936 	 249.527
FD10883	255.625 	 32.947 	 249.579
FD10883	255.750 	 32.957 	 249.591
FD10883	255.875 	 32.963 	 249.542
FD10883	256.000 	 32.977 	 249.445
FD10883	256.125 	 32.985 	 249.330
FD10883	256.250 	 33.002 	 249.221
FD10883	256.375 	 33.012 	 249.145
FD10883	256.500 	 33.025 	 249.092
FD10883	256.625 	 33.043 	 249.051
FD10883	256.750 	 33.057 	 248.993
FD10883	256.875 	 33.078 	 248.899
FD10883	257.000 	 33.090 	 248.776
FD10883	257.125 	 33.110 	 248.638
FD10883	257.250 	 33.127 	 248.511
FD10883	257.375 	 33.145 	 248.420
FD10883	257.500 	 33.163 	 248.377
FD10883	257.625 	 33.180 	 248.375
FD10883	257.750 	 33.195 	 248.416
FD10883	257.875 	 33.212 	 248.482
FD10883	258.000 	 33.233 	 248.566
FD10883	258.125 	 33.253 	 248.654
FD10883	258.250 	 33.270 	 248.741
FD10883	258.375 	 33.289 	 248.829
FD10883	258.500 	 33.303 	 248.913
FD10883	258.625 	 33.320 	 248.989
FD10883	258.750 	 33.327 	 249.053
FD10883	258.875 	 33.338 	 249.103
FD10883	259.000 	 33.346 	 249.132
FD10883	259.125 	 33.349 	 249.148
FD10883	259.250 	 33.350 	 249.163
FD10883	259.375 	 33.353 	 249.183
FD10883	259.500 	 33.354 	 249.209
FD10883	259.625 	 33.360 	 249.237
FD10883	259.750 	 33.361 	 249.265
FD10883	259.875 	 33.360 	 249.290
FD10883	260.000 	 33.356 	 249.323
FD10883	260.125 	 33.360 	 249.363
FD10883	260.250 	 33.359 	 249.420
FD10883	260.375 	 33.355 	 249.495
FD10883	260.500 	 33.361 	 249.588
FD10883	260.625 	 33.363 	 249.691
FD10883	260.750 	 33.369 	 249.801
FD10883	260.875 	 33.375 	 249.918
FD10883	261.000 	 33.380 	 250.042
FD10883	261.125 	 33.383 	 250.188
FD10883	261.250 	 33.386 	 250.340
FD10883	261.375 	 33.390 	 250.506
FD10883	261.500 	 33.386 	 250.668
FD10883	261.625 	 33.385 	 250.822
FD10883	261.750 	 33.380 	 250.946
FD10883	261.875 	 33.375 	 251.036
FD10883	262.000 	 33.373 	 251.089
FD10883	262.125 	 33.375 	 251.118
FD10883	262.250 	 33.366 	 251.128
FD10883	262.375 	 33.371 	 251.141
FD10883	262.500 	 33.369 	 251.172
FD10883	262.625 	 33.371 	 251.221
FD10883	262.750 	 33.365 	 251.292
FD10883	262.875 	 33.369 	 251.376
FD10883	263.000 	 33.365 	 251.472
FD10883	263.125 	 33.367 	 251.563
FD10883	263.250 	 33.370 	 251.648
FD10883	263.375 	 33.370 	 251.721
FD10883	263.500 	 33.382 	 251.778
FD10883	263.625 	 33.382 	 251.811
FD10883	263.750 	 33.396 	 251.830
FD10883	263.875 	 33.399 	 251.832
FD10883	264.000 	 33.407 	 251.837
FD10883	264.125 	 33.412 	 251.831
FD10883	264.250 	 33.415 	 251.833
FD10883	264.375 	 33.422 	 251.835
FD10883	264.500 	 33.417 	 251.838
FD10883	264.625 	 33.423 	 251.843
FD10883	264.750 	 33.423 	 251.847
FD10883	264.875 	 33.418 	 251.850
FD10883	265.000 	 33.425 	 251.855
FD10883	265.125 	 33.418 	 251.853
FD10883	265.250 	 33.422 	 251.855
FD10883	265.375 	 33.422 	 251.855
FD10883	265.500 	 33.421 	 251.855
FD10883	265.625 	 33.422 	 251.855
FD10883	265.750 	 33.418 	 251.855
FD10883	265.875 	 33.425 	 251.855
FD10883	266.000 	 33.418 	 251.853
FD10883	266.125 	 33.422 	 251.852
FD10883	266.250 	 33.422 	 251.852
FD10883	266.375 	 33.421 	 251.854
FD10883	266.500 	 33.422 	 251.850
FD10883	266.625 	 33.418 	 251.852
FD10883	266.750 	 33.422 	 251.852
FD10883	266.875 	 33.418 	 251.852
FD10883	267.000 	 33.425 	 251.855
FD10883	267.125 	 33.422 	 251.853
FD10883	267.250 	 33.418 	 251.855
FD10883	267.375 	 33.424 	 251.858
FD10883	267.500 	 33.418 	 251.855
FD10883	267.625 	 33.422 	 251.852
FD10883	267.750 	 33.423 	 251.847
FD10883	267.875 	 33.421 	 251.837
FD10883	268.000 	 33.421 	 251.819
FD10883	268.125 	 33.420 	 251.801
FD10883	268.250 	 33.421 	 251.779
FD10883	268.375 	 33.419 	 251.765
FD10883	268.500 	 33.424 	 251.755
FD10883	268.625 	 33.423 	 251.747
FD10883	268.750 	 33.419 	 251.744
FD10883	268.875 	 33.420 	 251.742
FD10883	269.000 	 33.419 	 251.742
FD10883	269.125 	 33.423 	 251.742
FD10883	269.250 	 33.419 	 251.742
FD10883	269.375 	 33.421 	 251.740
FD10883	269.500 	 33.423 	 251.744
FD10883	269.625 	 33.419 	 251.742
FD10883	269.750 	 33.423 	 251.742
FD10883	269.875 	 33.419 	 251.742
FD10883	270.000 	 33.421 	 251.740
FD10883	270.125 	 33.423 	 251.742
FD10883	270.250 	 33.419 	 251.742
FD10883	270.375 	 33.423 	 251.744
FD10883	270.500 	 33.417 	 251.740
FD10883	270.625 	 33.423 	 251.742
FD10883	270.750 	 33.419 	 251.742
FD10883	270.875 	 33.423 	 251.742
FD10883	271.000 	 33.423 	 251.742
FD10883	271.125 	 33.417 	 251.740
FD10883	271.250 	 33.423 	 251.744
FD10883	271.375 	 33.419 	 251.742
FD10883	271.500 	 33.423 	 251.742
FD10883	271.625 	 33.421 	 251.740
FD10883	271.750 	 33.419 	 251.742
FD10883	271.875 	 33.423 	 251.742
FD10883	272.000 	 33.419 	 251.744
FD10883	272.125 	 33.423 	 251.742
FD10883	272.250 	 33.417 	 251.740
FD10883	272.375 	 33.423 	 251.742
FD10883	272.500 	 33.423 	 251.742
FD10883	272.625 	 33.419 	 251.742
FD10883	272.750 	 33.421 	 251.740
FD10883	272.875 	 33.419 	 251.744
FD10883	273.000 	 33.423 	 251.742
FD10883	273.125 	 33.419 	 251.742
FD10883	273.250 	 33.423 	 251.742
FD10883	273.375 	 33.421 	 251.740
FD10883	273.500 	 33.419 	 251.742
FD10883	273.625 	 33.423 	 251.742
FD10883	273.750 	 33.419 	 251.744
FD10883	273.875 	 33.421 	 251.740
FD10883	274.000 	 33.423 	 251.742
FD10883	274.125 	 33.419 	 251.742
FD10883	274.250 	 33.423 	 251.742
FD10883	274.375 	 33.419 	 251.742
FD10883	274.500 	 33.421 	 251.740
FD10883	274.625 	 33.419 	 251.744
FD10883	274.750 	 33.423 	 251.742
FD10883	274.875 	 33.423 	 251.742
FD10883	275.000 	 33.417 	 251.740
FD10883	275.125 	 33.423 	 251.742
FD10883	275.250 	 33.419 	 251.742
FD10883	275.375 	 33.423 	 251.742
FD10883	275.500 	 33.416 	 251.742
FD10883	275.625 	 33.423 	 251.742
FD10883	275.750 	 33.423 	 251.742
FD10883	275.875 	 33.419 	 251.742
FD10883	276.000 	 33.423 	 251.742
FD10883	276.125 	 33.417 	 251.740
FD10883	276.250 	 33.423 	 251.744
FD10883	276.375 	 33.423 	 251.742
FD10883	276.500 	 33.419 	 251.742
FD10883	276.625 	 33.421 	 251.740
FD10883	276.750 	 33.419 	 251.742
FD10883	276.875 	 33.423 	 251.742
FD10883	277.000 	 33.419 	 251.742
FD10883	277.125 	 33.423 	 251.744
FD10883	277.250 	 33.421 	 251.740
FD10883	277.375 	 33.419 	 251.742
FD10883	277.500 	 33.423 	 251.742
FD10883	277.625 	 33.419 	 251.742
FD10883	277.750 	 33.421 	 251.740
FD10883	277.875 	 33.419 	 251.742
FD10883	278.000 	 33.423 	 251.744
FD10883	278.125 	 0.000 	 90.000
FD10883	278.250 	 0.000 	 90.000
FD10883	278.375 	 0.000 	 90.000
FD10883	278.500 	 0.000 	 90.000
FD10883	278.625 	 0.000 	 90.000
FD10883	278.750 	 0.000 	 90.000
FD10883	278.875 	 0.000 	 90.000
FD10883	279.000 	 0.000 	 90.000
FD10883	279.125 	 0.000 	 90.000
FD10883	279.250 	 0.000 	 90.000
FD10883	279.375 	 0.000 	 90.000
FD10883	279.500 	 0.000 	 90.000
FD10883	279.625 	 0.000 	 90.000
FD10883	279.750 	 0.000 	 90.000
FD10883	279.875 	 0.000 	 90.000
FD10883	280.000 	 0.000 	 90.000
FD10883	280.125 	 0.000 	 90.000
FD10883	280.250 	 0.000 	 90.000
FD10883	280.375 	 0.000 	 90.000
FD10883	280.500 	 0.000 	 90.000
FD10883	280.625 	 0.000 	 90.000
FD10883	280.750 	 0.000 	 90.000
FD10883	280.875 	 0.000 	 90.000
FD10883	281.000 	 0.000 	 90.000
FD10883	281.125 	 0.000 	 90.000
FD10883	281.250 	 0.000 	 90.000
FD10883	281.375 	 0.000 	 90.000
FD10883	281.500 	 0.000 	 90.000
FD10883	281.625 	 0.000 	 90.000
FD10883	281.750 	 0.000 	 90.000
FD10883	281.875 	 0.000 	 90.000
FD10883	282.000 	 0.000 	 90.000
FD10883	282.125 	 0.000 	 90.000
FD10883	282.250 	 0.000 	 90.000
FD10883	282.375 	 0.000 	 90.000
FD10883	282.500 	 0.000 	 90.000
FD10883	282.625 	 0.000 	 90.000
FD10883	282.750 	 0.000 	 90.000
FD10883	282.875 	 0.000 	 90.000
FD10883	283.000 	 0.000 	 90.000
FD10883	283.125 	 0.000 	 90.000
FD10883	283.250 	 0.000 	 90.000
FD10883	283.375 	 0.000 	 90.000
FD10883	283.500 	 0.000 	 90.000
FD10883	283.625 	 0.000 	 90.000
FD10883	283.750 	 0.000 	 90.000
FD10883	283.875 	 0.000 	 90.000
FD10883	284.000 	 0.000 	 90.000
FD10883	284.125 	 0.000 	 90.000
FD10883	284.250 	 0.000 	 90.000
FD10883	284.375 	 0.000 	 90.000
FD10883	284.500 	 0.000 	 90.000
FD10883	284.625 	 0.000 	 90.000
FD10883	284.750 	 0.000 	 90.000
FD10883	284.875 	 0.000 	 90.000
FD10883	285.000 	 0.000 	 90.000
FD10883	285.125 	 0.000 	 90.000
FD10883	285.250 	 0.000 	 90.000
FD10883	285.375 	 0.000 	 90.000
FD10883	285.500 	 0.000 	 90.000
FD10883	285.625 	 0.000 	 90.000
FD10883	285.750 	 0.000 	 90.000
FD10883	285.875 	 0.000 	 90.000
FD10883	286.000 	 0.000 	 90.000
FD10883	286.125 	 0.000 	 90.000
FD10883	286.250 	 0.000 	 90.000
FD10883	286.375 	 0.000 	 90.000
FD10883	286.500 	 0.000 	 90.000
FD10883	286.625 	 0.000 	 90.000
FD10883	286.750 	 0.000 	 90.000
FD10883	286.875 	 0.000 	 90.000
FD10883	287.000 	 0.000 	 90.000
FD10883	287.125 	 0.000 	 90.000
FD10883	287.250 	 0.000 	 90.000
FD10883	287.375 	 0.000 	 90.000
FD10883	287.500 	 0.000 	 90.000
FD10883	287.625 	 0.000 	 90.000
FD10883	287.750 	 0.000 	 90.000
FD10883	287.875 	 0.000 	 90.000
FD10883	288.000 	 0.000 	 90.000
