#WellName	 Depth.M	 INCL	 AZIM 
WellName	 Depth.M	 INCL	 AZIM 
FD10862	0.000 	 0.000 	 0.000
FD10862	0.125 	 0.000 	 90.000
FD10862	0.250 	 0.000 	 90.000
FD10862	0.375 	 0.000 	 90.000
FD10862	0.500 	 0.000 	 90.000
FD10862	0.625 	 0.000 	 90.000
FD10862	0.750 	 0.000 	 90.000
FD10862	0.875 	 0.000 	 90.000
FD10862	1.000 	 0.000 	 90.000
FD10862	1.125 	 0.000 	 90.000
FD10862	1.250 	 0.000 	 90.000
FD10862	1.375 	 0.000 	 90.000
FD10862	1.500 	 0.000 	 90.000
FD10862	1.625 	 0.000 	 90.000
FD10862	1.750 	 0.000 	 90.000
FD10862	1.875 	 0.000 	 90.000
FD10862	2.000 	 0.000 	 90.000
FD10862	2.125 	 0.000 	 90.000
FD10862	2.250 	 0.000 	 90.000
FD10862	2.375 	 0.000 	 90.000
FD10862	2.500 	 0.000 	 90.000
FD10862	2.625 	 0.000 	 90.000
FD10862	2.750 	 0.000 	 90.000
FD10862	2.875 	 0.000 	 90.000
FD10862	3.000 	 0.000 	 90.000
FD10862	3.125 	 0.000 	 90.000
FD10862	3.250 	 0.000 	 90.000
FD10862	3.375 	 0.000 	 90.000
FD10862	3.500 	 0.000 	 90.000
FD10862	3.625 	 0.000 	 90.000
FD10862	3.750 	 0.000 	 90.000
FD10862	3.875 	 0.000 	 90.000
FD10862	4.000 	 0.000 	 90.000
FD10862	4.125 	 0.000 	 90.000
FD10862	4.250 	 0.000 	 90.000
FD10862	4.375 	 0.000 	 90.000
FD10862	4.500 	 0.000 	 90.000
FD10862	4.625 	 0.000 	 90.000
FD10862	4.750 	 0.000 	 90.000
FD10862	4.875 	 0.000 	 90.000
FD10862	5.000 	 0.000 	 90.000
FD10862	5.125 	 0.000 	 90.000
FD10862	5.250 	 0.000 	 90.000
FD10862	5.375 	 0.000 	 90.000
FD10862	5.500 	 0.000 	 90.000
FD10862	5.625 	 0.000 	 90.000
FD10862	5.750 	 0.000 	 90.000
FD10862	5.875 	 0.000 	 90.000
FD10862	6.000 	 0.000 	 90.000
FD10862	6.125 	 0.000 	 90.000
FD10862	6.250 	 0.000 	 90.000
FD10862	6.375 	 0.000 	 90.000
FD10862	6.500 	 0.000 	 90.000
FD10862	6.625 	 0.000 	 90.000
FD10862	6.750 	 0.000 	 90.000
FD10862	6.875 	 0.000 	 90.000
FD10862	7.000 	 0.000 	 90.000
FD10862	7.125 	 0.000 	 90.000
FD10862	7.250 	 0.000 	 90.000
FD10862	7.375 	 0.000 	 90.000
FD10862	7.500 	 0.000 	 90.000
FD10862	7.625 	 0.000 	 90.000
FD10862	7.750 	 0.000 	 90.000
FD10862	7.875 	 0.000 	 90.000
FD10862	8.000 	 0.000 	 90.000
FD10862	8.125 	 0.000 	 90.000
FD10862	8.250 	 0.000 	 90.000
FD10862	8.375 	 0.000 	 90.000
FD10862	8.500 	 0.000 	 90.000
FD10862	8.625 	 0.000 	 90.000
FD10862	8.750 	 0.000 	 90.000
FD10862	8.875 	 0.000 	 90.000
FD10862	9.000 	 0.000 	 90.000
FD10862	9.125 	 0.000 	 90.000
FD10862	9.250 	 0.000 	 90.000
FD10862	9.375 	 0.000 	 90.000
FD10862	9.500 	 0.000 	 90.000
FD10862	9.625 	 0.000 	 90.000
FD10862	9.750 	 0.000 	 90.000
FD10862	9.875 	 0.000 	 90.000
FD10862	10.000 	 0.000 	 90.000
FD10862	10.125 	 0.000 	 90.000
FD10862	10.250 	 0.000 	 90.000
FD10862	10.375 	 0.000 	 90.000
FD10862	10.500 	 0.000 	 90.000
FD10862	10.625 	 0.000 	 90.000
FD10862	10.750 	 0.000 	 90.000
FD10862	10.875 	 0.000 	 90.000
FD10862	11.000 	 0.000 	 90.000
FD10862	11.125 	 0.000 	 90.000
FD10862	11.250 	 0.000 	 90.000
FD10862	11.375 	 0.000 	 90.000
FD10862	11.500 	 0.000 	 90.000
FD10862	11.625 	 0.000 	 90.000
FD10862	11.750 	 0.000 	 90.000
FD10862	11.875 	 0.000 	 90.000
FD10862	12.000 	 0.000 	 90.000
FD10862	12.125 	 0.000 	 90.000
FD10862	12.250 	 0.000 	 90.000
FD10862	12.375 	 0.000 	 90.000
FD10862	12.500 	 0.000 	 90.000
FD10862	12.625 	 0.000 	 90.000
FD10862	12.750 	 0.000 	 90.000
FD10862	12.875 	 0.000 	 90.000
FD10862	13.000 	 0.000 	 90.000
FD10862	13.125 	 0.000 	 90.000
FD10862	13.250 	 0.000 	 90.000
FD10862	13.375 	 0.000 	 90.000
FD10862	13.500 	 0.000 	 90.000
FD10862	13.625 	 0.000 	 90.000
FD10862	13.750 	 0.000 	 90.000
FD10862	13.875 	 0.000 	 90.000
FD10862	14.000 	 0.000 	 90.000
FD10862	14.125 	 0.000 	 90.000
FD10862	14.250 	 0.000 	 90.000
FD10862	14.375 	 0.000 	 90.000
FD10862	14.500 	 0.000 	 90.000
FD10862	14.625 	 0.000 	 90.000
FD10862	14.750 	 0.000 	 90.000
FD10862	14.875 	 0.000 	 90.000
FD10862	15.000 	 0.000 	 90.000
FD10862	15.125 	 0.000 	 90.000
FD10862	15.250 	 0.000 	 90.000
FD10862	15.375 	 0.000 	 90.000
FD10862	15.500 	 0.000 	 90.000
FD10862	15.625 	 0.000 	 90.000
FD10862	15.750 	 0.000 	 90.000
FD10862	15.875 	 0.000 	 90.000
FD10862	16.000 	 0.000 	 90.000
FD10862	16.125 	 0.000 	 90.000
FD10862	16.250 	 0.000 	 90.000
FD10862	16.375 	 0.000 	 90.000
FD10862	16.500 	 0.000 	 90.000
FD10862	16.625 	 0.000 	 90.000
FD10862	16.750 	 0.000 	 90.000
FD10862	16.875 	 0.000 	 90.000
FD10862	17.000 	 0.000 	 90.000
FD10862	17.125 	 0.000 	 90.000
FD10862	17.250 	 0.000 	 90.000
FD10862	17.375 	 0.000 	 90.000
FD10862	17.500 	 0.000 	 90.000
FD10862	17.625 	 0.000 	 90.000
FD10862	17.750 	 0.000 	 90.000
FD10862	17.875 	 0.000 	 90.000
FD10862	18.000 	 0.000 	 90.000
FD10862	18.125 	 0.000 	 90.000
FD10862	18.250 	 0.000 	 90.000
FD10862	18.375 	 0.000 	 90.000
FD10862	18.500 	 0.000 	 90.000
FD10862	18.625 	 0.000 	 90.000
FD10862	18.750 	 0.000 	 90.000
FD10862	18.875 	 0.000 	 90.000
FD10862	19.000 	 0.000 	 90.000
FD10862	19.125 	 0.000 	 90.000
FD10862	19.250 	 0.000 	 90.000
FD10862	19.375 	 0.000 	 90.000
FD10862	19.500 	 0.000 	 90.000
FD10862	19.625 	 0.000 	 90.000
FD10862	19.750 	 0.000 	 90.000
FD10862	19.875 	 0.000 	 90.000
FD10862	20.000 	 0.000 	 90.000
FD10862	20.125 	 0.000 	 90.000
FD10862	20.250 	 0.000 	 90.000
FD10862	20.375 	 0.000 	 90.000
FD10862	20.500 	 0.000 	 90.000
FD10862	20.625 	 0.000 	 90.000
FD10862	20.750 	 0.000 	 90.000
FD10862	20.875 	 0.000 	 90.000
FD10862	21.000 	 0.000 	 90.000
FD10862	21.125 	 0.000 	 90.000
FD10862	21.250 	 0.000 	 90.000
FD10862	21.375 	 0.000 	 90.000
FD10862	21.500 	 0.000 	 90.000
FD10862	21.625 	 0.000 	 90.000
FD10862	21.750 	 0.000 	 90.000
FD10862	21.875 	 0.000 	 90.000
FD10862	22.000 	 0.000 	 90.000
FD10862	22.125 	 0.000 	 90.000
FD10862	22.250 	 0.000 	 90.000
FD10862	22.375 	 0.000 	 90.000
FD10862	22.500 	 0.000 	 90.000
FD10862	22.625 	 0.000 	 90.000
FD10862	22.750 	 0.000 	 90.000
FD10862	22.875 	 0.000 	 90.000
FD10862	23.000 	 0.000 	 90.000
FD10862	23.125 	 0.000 	 90.000
FD10862	23.250 	 0.000 	 90.000
FD10862	23.375 	 0.000 	 90.000
FD10862	23.500 	 0.000 	 90.000
FD10862	23.625 	 0.000 	 90.000
FD10862	23.750 	 0.000 	 90.000
FD10862	23.875 	 0.000 	 90.000
FD10862	24.000 	 0.000 	 90.000
FD10862	24.125 	 0.000 	 90.000
FD10862	24.250 	 0.000 	 90.000
FD10862	24.375 	 0.000 	 90.000
FD10862	24.500 	 0.000 	 90.000
FD10862	24.625 	 0.000 	 90.000
FD10862	24.750 	 0.000 	 90.000
FD10862	24.875 	 0.000 	 90.000
FD10862	25.000 	 0.000 	 90.000
FD10862	25.125 	 0.000 	 90.000
FD10862	25.250 	 0.000 	 90.000
FD10862	25.375 	 0.000 	 90.000
FD10862	25.500 	 0.000 	 90.000
FD10862	25.625 	 0.000 	 90.000
FD10862	25.750 	 0.000 	 90.000
FD10862	25.875 	 0.000 	 90.000
FD10862	26.000 	 0.000 	 90.000
FD10862	26.125 	 0.000 	 90.000
FD10862	26.250 	 0.000 	 90.000
FD10862	26.375 	 0.000 	 90.000
FD10862	26.500 	 0.000 	 90.000
FD10862	26.625 	 0.000 	 90.000
FD10862	26.750 	 0.000 	 90.000
FD10862	26.875 	 0.000 	 90.000
FD10862	27.000 	 0.000 	 90.000
FD10862	27.125 	 0.000 	 90.000
FD10862	27.250 	 0.000 	 90.000
FD10862	27.375 	 0.000 	 90.000
FD10862	27.500 	 0.000 	 90.000
FD10862	27.625 	 0.000 	 90.000
FD10862	27.750 	 0.000 	 90.000
FD10862	27.875 	 0.000 	 90.000
FD10862	28.000 	 0.000 	 90.000
FD10862	28.125 	 0.000 	 90.000
FD10862	28.250 	 0.000 	 90.000
FD10862	28.375 	 0.000 	 90.000
FD10862	28.500 	 0.000 	 90.000
FD10862	28.625 	 0.000 	 90.000
FD10862	28.750 	 0.000 	 90.000
FD10862	28.875 	 0.000 	 90.000
FD10862	29.000 	 0.000 	 90.000
FD10862	29.125 	 0.000 	 90.000
FD10862	29.250 	 0.000 	 90.000
FD10862	29.375 	 0.000 	 90.000
FD10862	29.500 	 0.000 	 90.000
FD10862	29.625 	 0.000 	 90.000
FD10862	29.750 	 0.000 	 90.000
FD10862	29.875 	 0.000 	 90.000
FD10862	30.000 	 0.000 	 90.000
FD10862	30.125 	 0.000 	 90.000
FD10862	30.250 	 0.000 	 90.000
FD10862	30.375 	 0.000 	 90.000
FD10862	30.500 	 0.000 	 90.000
FD10862	30.625 	 0.000 	 90.000
FD10862	30.750 	 0.000 	 90.000
FD10862	30.875 	 0.000 	 90.000
FD10862	31.000 	 0.000 	 90.000
FD10862	31.125 	 0.000 	 90.000
FD10862	31.250 	 0.000 	 90.000
FD10862	31.375 	 0.000 	 90.000
FD10862	31.500 	 0.000 	 90.000
FD10862	31.625 	 0.000 	 90.000
FD10862	31.750 	 0.000 	 90.000
FD10862	31.875 	 0.000 	 90.000
FD10862	32.000 	 0.000 	 90.000
FD10862	32.125 	 0.000 	 90.000
FD10862	32.250 	 0.000 	 90.000
FD10862	32.375 	 0.000 	 90.000
FD10862	32.500 	 0.000 	 90.000
FD10862	32.625 	 0.000 	 90.000
FD10862	32.750 	 0.000 	 90.000
FD10862	32.875 	 0.000 	 90.000
FD10862	33.000 	 0.000 	 90.000
FD10862	33.125 	 0.000 	 90.000
FD10862	33.250 	 0.000 	 90.000
FD10862	33.375 	 0.000 	 90.000
FD10862	33.500 	 0.000 	 90.000
FD10862	33.625 	 0.000 	 90.000
FD10862	33.750 	 0.000 	 90.000
FD10862	33.875 	 0.000 	 90.000
FD10862	34.000 	 0.000 	 90.000
FD10862	34.125 	 0.000 	 90.000
FD10862	34.250 	 0.000 	 90.000
FD10862	34.375 	 0.000 	 90.000
FD10862	34.500 	 0.000 	 90.000
FD10862	34.625 	 0.000 	 90.000
FD10862	34.750 	 0.000 	 90.000
FD10862	34.875 	 0.000 	 90.000
FD10862	35.000 	 0.000 	 90.000
FD10862	35.125 	 0.000 	 90.000
FD10862	35.250 	 0.000 	 90.000
FD10862	35.375 	 0.000 	 90.000
FD10862	35.500 	 0.000 	 90.000
FD10862	35.625 	 0.000 	 90.000
FD10862	35.750 	 0.000 	 90.000
FD10862	35.875 	 0.000 	 90.000
FD10862	36.000 	 0.000 	 90.000
FD10862	36.125 	 0.000 	 90.000
FD10862	36.250 	 0.000 	 90.000
FD10862	36.375 	 0.000 	 90.000
FD10862	36.500 	 0.000 	 90.000
FD10862	36.625 	 0.000 	 90.000
FD10862	36.750 	 0.000 	 90.000
FD10862	36.875 	 0.000 	 90.000
FD10862	37.000 	 0.000 	 90.000
FD10862	37.125 	 0.000 	 90.000
FD10862	37.250 	 0.000 	 90.000
FD10862	37.375 	 0.000 	 90.000
FD10862	37.500 	 0.000 	 90.000
FD10862	37.625 	 0.000 	 90.000
FD10862	37.750 	 0.000 	 90.000
FD10862	37.875 	 0.000 	 90.000
FD10862	38.000 	 0.000 	 90.000
FD10862	38.125 	 0.000 	 90.000
FD10862	38.250 	 0.000 	 90.000
FD10862	38.375 	 0.000 	 90.000
FD10862	38.500 	 0.000 	 90.000
FD10862	38.625 	 0.000 	 90.000
FD10862	38.750 	 0.000 	 90.000
FD10862	38.875 	 0.000 	 90.000
FD10862	39.000 	 0.000 	 90.000
FD10862	39.125 	 0.000 	 90.000
FD10862	39.250 	 0.000 	 90.000
FD10862	39.375 	 0.000 	 90.000
FD10862	39.500 	 0.000 	 90.000
FD10862	39.625 	 0.000 	 90.000
FD10862	39.750 	 0.000 	 90.000
FD10862	39.875 	 0.000 	 90.000
FD10862	40.000 	 0.000 	 90.000
FD10862	40.125 	 0.000 	 90.000
FD10862	40.250 	 0.000 	 90.000
FD10862	40.375 	 0.000 	 90.000
FD10862	40.500 	 0.000 	 90.000
FD10862	40.625 	 0.000 	 90.000
FD10862	40.750 	 0.000 	 90.000
FD10862	40.875 	 0.000 	 90.000
FD10862	41.000 	 0.000 	 90.000
FD10862	41.125 	 0.000 	 90.000
FD10862	41.250 	 0.000 	 90.000
FD10862	41.375 	 0.000 	 90.000
FD10862	41.500 	 0.000 	 90.000
FD10862	41.625 	 0.000 	 90.000
FD10862	41.750 	 0.000 	 90.000
FD10862	41.875 	 0.000 	 90.000
FD10862	42.000 	 0.000 	 90.000
FD10862	42.125 	 0.000 	 90.000
FD10862	42.250 	 0.000 	 90.000
FD10862	42.375 	 0.000 	 90.000
FD10862	42.500 	 0.000 	 90.000
FD10862	42.625 	 0.000 	 90.000
FD10862	42.750 	 0.000 	 90.000
FD10862	42.875 	 0.000 	 90.000
FD10862	43.000 	 0.000 	 90.000
FD10862	43.125 	 0.000 	 90.000
FD10862	43.250 	 0.000 	 90.000
FD10862	43.375 	 0.000 	 90.000
FD10862	43.500 	 0.000 	 90.000
FD10862	43.625 	 0.000 	 90.000
FD10862	43.750 	 0.000 	 90.000
FD10862	43.875 	 0.000 	 90.000
FD10862	44.000 	 0.000 	 90.000
FD10862	44.125 	 0.000 	 90.000
FD10862	44.250 	 0.000 	 90.000
FD10862	44.375 	 0.000 	 90.000
FD10862	44.500 	 0.000 	 90.000
FD10862	44.625 	 0.000 	 90.000
FD10862	44.750 	 0.000 	 90.000
FD10862	44.875 	 0.000 	 90.000
FD10862	45.000 	 0.000 	 90.000
FD10862	45.125 	 0.000 	 90.000
FD10862	45.250 	 0.000 	 90.000
FD10862	45.375 	 0.000 	 90.000
FD10862	45.500 	 0.000 	 90.000
FD10862	45.625 	 0.000 	 90.000
FD10862	45.750 	 0.000 	 90.000
FD10862	45.875 	 0.000 	 90.000
FD10862	46.000 	 0.000 	 90.000
FD10862	46.125 	 0.000 	 90.000
FD10862	46.250 	 0.000 	 90.000
FD10862	46.375 	 0.000 	 90.000
FD10862	46.500 	 0.000 	 90.000
FD10862	46.625 	 0.000 	 90.000
FD10862	46.750 	 0.000 	 90.000
FD10862	46.875 	 0.000 	 90.000
FD10862	47.000 	 0.000 	 90.000
FD10862	47.125 	 0.000 	 90.000
FD10862	47.250 	 0.000 	 90.000
FD10862	47.375 	 0.000 	 90.000
FD10862	47.500 	 0.000 	 90.000
FD10862	47.625 	 0.000 	 90.000
FD10862	47.750 	 0.000 	 90.000
FD10862	47.875 	 0.000 	 90.000
FD10862	48.000 	 0.000 	 90.000
FD10862	48.125 	 0.000 	 90.000
FD10862	48.250 	 0.000 	 90.000
FD10862	48.375 	 0.000 	 90.000
FD10862	48.500 	 0.000 	 90.000
FD10862	48.625 	 0.000 	 90.000
FD10862	48.750 	 0.000 	 90.000
FD10862	48.875 	 0.000 	 90.000
FD10862	49.000 	 0.000 	 90.000
FD10862	49.125 	 0.000 	 90.000
FD10862	49.250 	 0.000 	 90.000
FD10862	49.375 	 0.000 	 90.000
FD10862	49.500 	 0.000 	 90.000
FD10862	49.625 	 0.000 	 90.000
FD10862	49.750 	 0.000 	 90.000
FD10862	49.875 	 0.000 	 90.000
FD10862	50.000 	 0.000 	 90.000
FD10862	50.125 	 0.000 	 90.000
FD10862	50.250 	 0.000 	 90.000
FD10862	50.375 	 0.000 	 90.000
FD10862	50.500 	 0.000 	 90.000
FD10862	50.625 	 0.000 	 90.000
FD10862	50.750 	 0.000 	 90.000
FD10862	50.875 	 0.000 	 90.000
FD10862	51.000 	 0.000 	 90.000
FD10862	51.125 	 0.000 	 90.000
FD10862	51.250 	 0.000 	 90.000
FD10862	51.375 	 0.000 	 90.000
FD10862	51.500 	 0.000 	 90.000
FD10862	51.625 	 0.000 	 90.000
FD10862	51.750 	 0.000 	 90.000
FD10862	51.875 	 0.000 	 90.000
FD10862	52.000 	 0.000 	 90.000
FD10862	52.125 	 0.000 	 90.000
FD10862	52.250 	 0.000 	 90.000
FD10862	52.375 	 0.000 	 90.000
FD10862	52.500 	 0.000 	 90.000
FD10862	52.625 	 0.000 	 90.000
FD10862	52.750 	 0.000 	 90.000
FD10862	52.875 	 0.000 	 90.000
FD10862	53.000 	 0.000 	 90.000
FD10862	53.125 	 0.000 	 90.000
FD10862	53.250 	 0.000 	 90.000
FD10862	53.375 	 0.000 	 90.000
FD10862	53.500 	 0.000 	 90.000
FD10862	53.625 	 0.000 	 90.000
FD10862	53.750 	 0.000 	 90.000
FD10862	53.875 	 0.000 	 90.000
FD10862	54.000 	 0.000 	 90.000
FD10862	54.125 	 0.000 	 90.000
FD10862	54.250 	 0.000 	 90.000
FD10862	54.375 	 0.000 	 90.000
FD10862	54.500 	 0.000 	 90.000
FD10862	54.625 	 0.000 	 90.000
FD10862	54.750 	 0.000 	 90.000
FD10862	54.875 	 0.000 	 90.000
FD10862	55.000 	 0.000 	 90.000
FD10862	55.125 	 0.000 	 90.000
FD10862	55.250 	 0.000 	 90.000
FD10862	55.375 	 0.000 	 90.000
FD10862	55.500 	 0.000 	 90.000
FD10862	55.625 	 0.000 	 90.000
FD10862	55.750 	 0.000 	 90.000
FD10862	55.875 	 0.000 	 90.000
FD10862	56.000 	 0.000 	 90.000
FD10862	56.125 	 0.000 	 90.000
FD10862	56.250 	 0.000 	 90.000
FD10862	56.375 	 0.000 	 90.000
FD10862	56.500 	 0.000 	 90.000
FD10862	56.625 	 0.000 	 90.000
FD10862	56.750 	 0.000 	 90.000
FD10862	56.875 	 0.000 	 90.000
FD10862	57.000 	 0.000 	 90.000
FD10862	57.125 	 0.000 	 90.000
FD10862	57.250 	 0.000 	 90.000
FD10862	57.375 	 0.000 	 90.000
FD10862	57.500 	 0.000 	 90.000
FD10862	57.625 	 0.000 	 90.000
FD10862	57.750 	 0.000 	 90.000
FD10862	57.875 	 0.000 	 90.000
FD10862	58.000 	 0.000 	 90.000
FD10862	58.125 	 0.000 	 90.000
FD10862	58.250 	 0.000 	 90.000
FD10862	58.375 	 0.000 	 90.000
FD10862	58.500 	 0.000 	 90.000
FD10862	58.625 	 0.000 	 90.000
FD10862	58.750 	 0.000 	 90.000
FD10862	58.875 	 0.000 	 90.000
FD10862	59.000 	 0.000 	 90.000
FD10862	59.125 	 0.000 	 90.000
FD10862	59.250 	 0.000 	 90.000
FD10862	59.375 	 0.000 	 90.000
FD10862	59.500 	 0.000 	 90.000
FD10862	59.625 	 0.000 	 90.000
FD10862	59.750 	 0.000 	 90.000
FD10862	59.875 	 0.000 	 90.000
FD10862	60.000 	 0.000 	 90.000
FD10862	60.125 	 0.000 	 90.000
FD10862	60.250 	 0.000 	 90.000
FD10862	60.375 	 0.000 	 90.000
FD10862	60.500 	 0.000 	 90.000
FD10862	60.625 	 0.000 	 90.000
FD10862	60.750 	 0.000 	 90.000
FD10862	60.875 	 0.000 	 90.000
FD10862	61.000 	 0.000 	 90.000
FD10862	61.125 	 0.000 	 90.000
FD10862	61.250 	 0.000 	 90.000
FD10862	61.375 	 0.000 	 90.000
FD10862	61.500 	 0.000 	 90.000
FD10862	61.625 	 0.000 	 90.000
FD10862	61.750 	 0.000 	 90.000
FD10862	61.875 	 0.000 	 90.000
FD10862	62.000 	 0.000 	 90.000
FD10862	62.125 	 0.000 	 90.000
FD10862	62.250 	 0.000 	 90.000
FD10862	62.375 	 0.000 	 90.000
FD10862	62.500 	 0.000 	 90.000
FD10862	62.625 	 0.000 	 90.000
FD10862	62.750 	 0.000 	 90.000
FD10862	62.875 	 0.000 	 90.000
FD10862	63.000 	 0.000 	 90.000
FD10862	63.125 	 0.000 	 90.000
FD10862	63.250 	 0.000 	 90.000
FD10862	63.375 	 0.000 	 90.000
FD10862	63.500 	 0.000 	 90.000
FD10862	63.625 	 0.000 	 90.000
FD10862	63.750 	 0.000 	 90.000
FD10862	63.875 	 0.000 	 90.000
FD10862	64.000 	 0.000 	 90.000
FD10862	64.125 	 0.000 	 90.000
FD10862	64.250 	 0.000 	 90.000
FD10862	64.375 	 0.000 	 90.000
FD10862	64.500 	 0.000 	 90.000
FD10862	64.625 	 0.000 	 90.000
FD10862	64.750 	 0.000 	 90.000
FD10862	64.875 	 0.000 	 90.000
FD10862	65.000 	 0.000 	 90.000
FD10862	65.125 	 0.962 	 270.074
FD10862	65.250 	 0.964 	 271.176
FD10862	65.375 	 0.966 	 272.181
FD10862	65.500 	 0.968 	 272.505
FD10862	65.625 	 0.970 	 272.318
FD10862	65.750 	 0.971 	 272.151
FD10862	65.875 	 0.973 	 271.799
FD10862	66.000 	 0.975 	 271.302
FD10862	66.125 	 0.977 	 270.786
FD10862	66.250 	 0.979 	 270.280
FD10862	66.375 	 0.981 	 269.709
FD10862	66.500 	 0.984 	 269.138
FD10862	66.625 	 0.988 	 268.599
FD10862	66.750 	 0.991 	 268.000
FD10862	66.875 	 0.995 	 267.303
FD10862	67.000 	 0.998 	 266.614
FD10862	67.125 	 1.002 	 265.954
FD10862	67.250 	 1.005 	 265.199
FD10862	67.375 	 1.009 	 264.424
FD10862	67.500 	 1.011 	 263.680
FD10862	67.625 	 1.014 	 262.867
FD10862	67.750 	 1.016 	 262.043
FD10862	67.875 	 1.018 	 261.290
FD10862	68.000 	 1.020 	 260.620
FD10862	68.125 	 1.021 	 259.940
FD10862	68.250 	 1.023 	 259.217
FD10862	68.375 	 1.023 	 258.580
FD10862	68.500 	 1.024 	 258.028
FD10862	68.625 	 1.024 	 257.369
FD10862	68.750 	 1.024 	 256.616
FD10862	68.875 	 1.025 	 255.946
FD10862	69.000 	 1.025 	 255.218
FD10862	69.125 	 1.025 	 254.389
FD10862	69.250 	 1.027 	 253.625
FD10862	69.375 	 1.028 	 252.944
FD10862	69.500 	 1.030 	 252.252
FD10862	69.625 	 1.032 	 251.472
FD10862	69.750 	 1.034 	 250.680
FD10862	69.875 	 1.036 	 249.944
FD10862	70.000 	 1.039 	 249.258
FD10862	70.125 	 1.041 	 248.538
FD10862	70.250 	 1.044 	 247.840
FD10862	70.375 	 1.047 	 247.340
FD10862	70.500 	 1.050 	 246.673
FD10862	70.625 	 1.053 	 245.767
FD10862	70.750 	 1.057 	 244.965
FD10862	70.875 	 1.061 	 244.234
FD10862	71.000 	 1.064 	 243.484
FD10862	71.125 	 1.068 	 242.639
FD10862	71.250 	 1.072 	 241.730
FD10862	71.375 	 1.077 	 240.845
FD10862	71.500 	 1.081 	 240.021
FD10862	71.625 	 1.087 	 239.268
FD10862	71.750 	 1.093 	 238.524
FD10862	71.875 	 1.100 	 237.695
FD10862	72.000 	 1.107 	 236.932
FD10862	72.125 	 1.116 	 236.179
FD10862	72.250 	 1.124 	 235.330
FD10862	72.375 	 1.133 	 234.539
FD10862	72.500 	 1.142 	 233.751
FD10862	72.625 	 1.151 	 232.855
FD10862	72.750 	 1.160 	 231.927
FD10862	72.875 	 1.168 	 231.070
FD10862	73.000 	 1.176 	 230.312
FD10862	73.125 	 1.183 	 229.548
FD10862	73.250 	 1.191 	 228.755
FD10862	73.375 	 1.199 	 227.985
FD10862	73.500 	 1.207 	 227.266
FD10862	73.625 	 1.214 	 226.618
FD10862	73.750 	 1.222 	 225.955
FD10862	73.875 	 1.230 	 225.351
FD10862	74.000 	 1.237 	 224.742
FD10862	74.125 	 1.244 	 224.088
FD10862	74.250 	 1.250 	 223.360
FD10862	74.375 	 1.257 	 222.585
FD10862	74.500 	 1.264 	 221.844
FD10862	74.625 	 1.272 	 221.284
FD10862	74.750 	 1.281 	 220.751
FD10862	74.875 	 1.291 	 220.180
FD10862	75.000 	 1.303 	 219.550
FD10862	75.125 	 1.316 	 218.815
FD10862	75.250 	 1.331 	 218.163
FD10862	75.375 	 1.346 	 217.752
FD10862	75.500 	 1.363 	 217.372
FD10862	75.625 	 1.380 	 216.867
FD10862	75.750 	 1.399 	 216.315
FD10862	75.875 	 1.418 	 215.722
FD10862	76.000 	 1.438 	 215.129
FD10862	76.125 	 1.459 	 214.464
FD10862	76.250 	 1.483 	 213.802
FD10862	76.375 	 1.506 	 213.198
FD10862	76.500 	 1.531 	 212.621
FD10862	76.625 	 1.557 	 212.028
FD10862	76.750 	 1.583 	 211.448
FD10862	76.875 	 1.609 	 210.976
FD10862	77.000 	 1.634 	 210.646
FD10862	77.125 	 1.659 	 210.355
FD10862	77.250 	 1.684 	 209.984
FD10862	77.375 	 1.708 	 209.440
FD10862	77.500 	 1.732 	 208.982
FD10862	77.625 	 1.756 	 208.696
FD10862	77.750 	 1.778 	 208.163
FD10862	77.875 	 1.800 	 207.647
FD10862	78.000 	 1.823 	 207.293
FD10862	78.125 	 1.846 	 206.826
FD10862	78.250 	 1.867 	 206.409
FD10862	78.375 	 1.889 	 205.903
FD10862	78.500 	 1.909 	 205.406
FD10862	78.625 	 1.931 	 205.011
FD10862	78.750 	 1.951 	 204.632
FD10862	78.875 	 1.971 	 204.346
FD10862	79.000 	 1.990 	 204.032
FD10862	79.125 	 2.010 	 203.549
FD10862	79.250 	 2.031 	 202.967
FD10862	79.375 	 2.052 	 202.456
FD10862	79.500 	 2.075 	 202.077
FD10862	79.625 	 2.100 	 201.572
FD10862	79.750 	 2.127 	 200.973
FD10862	79.875 	 2.155 	 200.567
FD10862	80.000 	 2.185 	 200.176
FD10862	80.125 	 2.216 	 199.594
FD10862	80.250 	 2.248 	 198.976
FD10862	80.375 	 2.282 	 198.564
FD10862	80.500 	 2.316 	 198.155
FD10862	80.625 	 2.351 	 197.606
FD10862	80.750 	 2.387 	 197.144
FD10862	80.875 	 2.425 	 196.979
FD10862	81.000 	 2.461 	 196.902
FD10862	81.125 	 2.499 	 196.617
FD10862	81.250 	 2.537 	 196.348
FD10862	81.375 	 2.576 	 196.161
FD10862	81.500 	 2.614 	 196.078
FD10862	81.625 	 2.651 	 196.035
FD10862	81.750 	 2.688 	 195.804
FD10862	81.875 	 2.725 	 195.529
FD10862	82.000 	 2.760 	 195.175
FD10862	82.125 	 2.794 	 194.813
FD10862	82.250 	 2.827 	 194.505
FD10862	82.375 	 2.861 	 194.093
FD10862	82.500 	 2.896 	 193.783
FD10862	82.625 	 2.930 	 193.667
FD10862	82.750 	 2.963 	 193.453
FD10862	82.875 	 2.995 	 192.996
FD10862	83.000 	 3.028 	 192.486
FD10862	83.125 	 3.062 	 192.008
FD10862	83.250 	 3.097 	 191.646
FD10862	83.375 	 3.131 	 191.327
FD10862	83.500 	 3.165 	 191.225
FD10862	83.625 	 3.200 	 191.357
FD10862	83.750 	 3.233 	 191.143
FD10862	83.875 	 3.266 	 190.632
FD10862	84.000 	 3.296 	 190.118
FD10862	84.125 	 3.326 	 189.772
FD10862	84.250 	 3.353 	 189.589
FD10862	84.375 	 3.379 	 189.468
FD10862	84.500 	 3.404 	 189.363
FD10862	84.625 	 3.428 	 189.072
FD10862	84.750 	 3.454 	 188.809
FD10862	84.875 	 3.480 	 188.720
FD10862	85.000 	 3.506 	 188.684
FD10862	85.125 	 3.530 	 188.718
FD10862	85.250 	 3.555 	 188.611
FD10862	85.375 	 3.582 	 188.462
FD10862	85.500 	 3.608 	 188.501
FD10862	85.625 	 3.635 	 188.666
FD10862	85.750 	 3.660 	 188.885
FD10862	85.875 	 3.687 	 188.808
FD10862	86.000 	 3.716 	 188.541
FD10862	86.125 	 3.746 	 188.306
FD10862	86.250 	 3.778 	 187.932
FD10862	86.375 	 3.810 	 187.295
FD10862	86.500 	 3.843 	 186.748
FD10862	86.625 	 3.877 	 186.529
FD10862	86.750 	 3.909 	 186.259
FD10862	86.875 	 3.943 	 185.963
FD10862	87.000 	 3.977 	 185.716
FD10862	87.125 	 4.011 	 185.534
FD10862	87.250 	 4.045 	 185.408
FD10862	87.375 	 4.076 	 185.266
FD10862	87.500 	 4.105 	 185.027
FD10862	87.625 	 4.133 	 184.768
FD10862	87.750 	 4.158 	 184.597
FD10862	87.875 	 4.183 	 184.449
FD10862	88.000 	 4.205 	 184.277
FD10862	88.125 	 4.225 	 184.139
FD10862	88.250 	 4.246 	 183.986
FD10862	88.375 	 4.267 	 183.689
FD10862	88.500 	 4.290 	 183.441
FD10862	88.625 	 4.315 	 183.392
FD10862	88.750 	 4.341 	 183.249
FD10862	88.875 	 4.368 	 182.996
FD10862	89.000 	 4.391 	 182.917
FD10862	89.125 	 4.414 	 183.005
FD10862	89.250 	 4.433 	 183.054
FD10862	89.375 	 4.452 	 182.911
FD10862	89.500 	 4.472 	 182.831
FD10862	89.625 	 4.493 	 182.843
FD10862	89.750 	 4.514 	 182.867
FD10862	89.875 	 4.536 	 182.927
FD10862	90.000 	 4.559 	 182.831
FD10862	90.125 	 4.582 	 182.700
FD10862	90.250 	 4.606 	 182.631
FD10862	90.375 	 4.628 	 182.610
FD10862	90.500 	 4.649 	 182.733
FD10862	90.625 	 4.666 	 182.771
FD10862	90.750 	 4.682 	 182.711
FD10862	90.875 	 4.696 	 182.651
FD10862	91.000 	 4.711 	 182.516
FD10862	91.125 	 4.726 	 182.357
FD10862	91.250 	 4.743 	 182.323
FD10862	91.375 	 4.761 	 182.411
FD10862	91.500 	 4.777 	 182.480
FD10862	91.625 	 4.791 	 182.595
FD10862	91.750 	 4.805 	 182.697
FD10862	91.875 	 4.817 	 182.533
FD10862	92.000 	 4.831 	 182.422
FD10862	92.125 	 4.844 	 182.406
FD10862	92.250 	 4.856 	 182.397
FD10862	92.375 	 4.868 	 182.442
FD10862	92.500 	 4.881 	 182.349
FD10862	92.625 	 4.895 	 182.266
FD10862	92.750 	 4.908 	 182.213
FD10862	92.875 	 4.921 	 182.296
FD10862	93.000 	 4.932 	 182.395
FD10862	93.125 	 4.943 	 182.318
FD10862	93.250 	 4.952 	 182.233
FD10862	93.375 	 4.962 	 182.261
FD10862	93.500 	 4.972 	 182.282
FD10862	93.625 	 4.980 	 182.239
FD10862	93.750 	 4.989 	 182.351
FD10862	93.875 	 4.996 	 182.560
FD10862	94.000 	 5.000 	 182.642
FD10862	94.125 	 5.004 	 182.582
FD10862	94.250 	 5.009 	 182.628
FD10862	94.375 	 5.015 	 182.804
FD10862	94.500 	 5.020 	 182.952
FD10862	94.625 	 5.025 	 183.074
FD10862	94.750 	 5.029 	 182.947
FD10862	94.875 	 5.033 	 182.750
FD10862	95.000 	 5.038 	 182.648
FD10862	95.125 	 5.044 	 182.472
FD10862	95.250 	 5.052 	 182.228
FD10862	95.375 	 5.060 	 182.052
FD10862	95.500 	 5.067 	 182.054
FD10862	95.625 	 5.076 	 182.296
FD10862	95.750 	 5.087 	 182.530
FD10862	95.875 	 5.100 	 182.299
FD10862	96.000 	 5.115 	 182.062
FD10862	96.125 	 5.132 	 182.277
FD10862	96.250 	 5.149 	 182.431
FD10862	96.375 	 5.166 	 182.243
FD10862	96.500 	 5.186 	 182.082
FD10862	96.625 	 5.207 	 182.098
FD10862	96.750 	 5.229 	 182.172
FD10862	96.875 	 5.252 	 182.200
FD10862	97.000 	 5.275 	 182.129
FD10862	97.125 	 5.298 	 182.211
FD10862	97.250 	 5.320 	 182.321
FD10862	97.375 	 5.341 	 182.563
FD10862	97.500 	 5.366 	 182.732
FD10862	97.625 	 5.391 	 182.568
FD10862	97.750 	 5.417 	 182.362
FD10862	97.875 	 5.441 	 182.329
FD10862	98.000 	 5.464 	 182.337
FD10862	98.125 	 5.486 	 182.354
FD10862	98.250 	 5.509 	 182.445
FD10862	98.375 	 5.530 	 182.367
FD10862	98.500 	 5.550 	 182.158
FD10862	98.625 	 5.567 	 181.884
FD10862	98.750 	 5.582 	 181.777
FD10862	98.875 	 5.598 	 181.689
FD10862	99.000 	 5.614 	 181.469
FD10862	99.125 	 5.631 	 181.371
FD10862	99.250 	 5.651 	 181.293
FD10862	99.375 	 5.669 	 180.980
FD10862	99.500 	 5.687 	 180.854
FD10862	99.625 	 5.705 	 180.953
FD10862	99.750 	 5.723 	 180.857
FD10862	99.875 	 5.744 	 180.742
FD10862	100.000 	 5.768 	 180.662
FD10862	100.125 	 5.793 	 180.651
FD10862	100.250 	 5.820 	 180.868
FD10862	100.375 	 5.847 	 180.967
FD10862	100.500 	 5.875 	 180.884
FD10862	100.625 	 5.903 	 180.797
FD10862	100.750 	 5.929 	 180.849
FD10862	100.875 	 5.957 	 180.749
FD10862	101.000 	 5.982 	 180.000
FD10862	101.125 	 6.008 	 180.000
FD10862	101.250 	 6.034 	 180.000
FD10862	101.375 	 6.060 	 180.000
FD10862	101.500 	 6.086 	 180.000
FD10862	101.625 	 6.110 	 180.000
FD10862	101.750 	 6.134 	 180.547
FD10862	101.875 	 6.156 	 180.000
FD10862	102.000 	 6.177 	 180.000
FD10862	102.125 	 6.196 	 180.000
FD10862	102.250 	 6.216 	 180.000
FD10862	102.375 	 6.236 	 180.000
FD10862	102.500 	 6.259 	 180.000
FD10862	102.625 	 6.283 	 180.000
FD10862	102.750 	 6.309 	 180.000
FD10862	102.875 	 6.334 	 180.000
FD10862	103.000 	 6.361 	 180.000
FD10862	103.125 	 6.389 	 180.000
FD10862	103.250 	 6.416 	 180.000
FD10862	103.375 	 6.444 	 180.458
FD10862	103.500 	 6.475 	 180.470
FD10862	103.625 	 6.506 	 180.000
FD10862	103.750 	 6.539 	 180.000
FD10862	103.875 	 6.571 	 180.000
FD10862	104.000 	 6.605 	 180.000
FD10862	104.125 	 6.639 	 180.000
FD10862	104.250 	 6.673 	 180.000
FD10862	104.375 	 6.706 	 180.000
FD10862	104.500 	 6.739 	 179.478
FD10862	104.625 	 6.769 	 179.352
FD10862	104.750 	 6.800 	 179.319
FD10862	104.875 	 6.834 	 179.143
FD10862	105.000 	 6.869 	 178.943
FD10862	105.125 	 6.906 	 178.937
FD10862	105.250 	 6.946 	 179.090
FD10862	105.375 	 6.985 	 179.047
FD10862	105.500 	 7.023 	 178.827
FD10862	105.625 	 7.061 	 178.674
FD10862	105.750 	 7.099 	 178.651
FD10862	105.875 	 7.140 	 178.750
FD10862	106.000 	 7.180 	 178.720
FD10862	106.125 	 7.221 	 178.725
FD10862	106.250 	 7.262 	 178.954
FD10862	106.375 	 7.301 	 178.975
FD10862	106.500 	 7.339 	 178.929
FD10862	106.625 	 7.378 	 179.066
FD10862	106.750 	 7.419 	 179.069
FD10862	106.875 	 7.459 	 179.041
FD10862	107.000 	 7.501 	 179.080
FD10862	107.125 	 7.543 	 179.124
FD10862	107.250 	 7.583 	 179.151
FD10862	107.375 	 7.623 	 178.954
FD10862	107.500 	 7.664 	 178.825
FD10862	107.625 	 7.706 	 178.830
FD10862	107.750 	 7.749 	 178.772
FD10862	107.875 	 7.790 	 178.816
FD10862	108.000 	 7.830 	 178.948
FD10862	108.125 	 7.872 	 179.058
FD10862	108.250 	 7.918 	 179.077
FD10862	108.375 	 7.966 	 179.110
FD10862	108.500 	 8.016 	 179.203
FD10862	108.625 	 8.067 	 179.204
FD10862	108.750 	 8.118 	 179.165
FD10862	108.875 	 8.166 	 179.126
FD10862	109.000 	 8.212 	 178.976
FD10862	109.125 	 8.256 	 178.926
FD10862	109.250 	 8.298 	 178.954
FD10862	109.375 	 8.342 	 178.965
FD10862	109.500 	 8.385 	 179.025
FD10862	109.625 	 8.428 	 179.091
FD10862	109.750 	 8.470 	 179.052
FD10862	109.875 	 8.512 	 178.976
FD10862	110.000 	 8.554 	 179.049
FD10862	110.125 	 8.595 	 179.214
FD10862	110.250 	 8.633 	 179.185
FD10862	110.375 	 8.669 	 178.959
FD10862	110.500 	 8.702 	 178.827
FD10862	110.625 	 8.733 	 178.794
FD10862	110.750 	 8.765 	 178.811
FD10862	110.875 	 8.798 	 178.855
FD10862	111.000 	 8.831 	 178.895
FD10862	111.125 	 8.867 	 178.940
FD10862	111.250 	 8.904 	 178.904
FD10862	111.375 	 8.943 	 178.899
FD10862	111.500 	 8.979 	 178.981
FD10862	111.625 	 9.016 	 179.053
FD10862	111.750 	 9.052 	 179.225
FD10862	111.875 	 9.088 	 179.286
FD10862	112.000 	 9.127 	 179.182
FD10862	112.125 	 9.166 	 179.104
FD10862	112.250 	 9.208 	 179.017
FD10862	112.375 	 9.252 	 179.066
FD10862	112.500 	 9.296 	 179.157
FD10862	112.625 	 9.345 	 179.333
FD10862	112.750 	 9.394 	 179.421
FD10862	112.875 	 9.444 	 179.399
FD10862	113.000 	 9.492 	 179.506
FD10862	113.125 	 9.540 	 179.621
FD10862	113.250 	 9.588 	 179.591
FD10862	113.375 	 9.634 	 179.623
FD10862	113.500 	 9.682 	 180.000
FD10862	113.625 	 9.730 	 180.000
FD10862	113.750 	 9.778 	 180.000
FD10862	113.875 	 9.826 	 180.000
FD10862	114.000 	 9.873 	 180.000
FD10862	114.125 	 9.919 	 180.000
FD10862	114.250 	 9.961 	 180.000
FD10862	114.375 	 10.007 	 179.679
FD10862	114.500 	 10.049 	 179.588
FD10862	114.625 	 10.089 	 179.512
FD10862	114.750 	 10.127 	 179.464
FD10862	114.875 	 10.160 	 179.476
FD10862	115.000 	 10.193 	 179.344
FD10862	115.125 	 10.227 	 179.250
FD10862	115.250 	 10.261 	 179.520
FD10862	115.375 	 10.294 	 180.000
FD10862	115.500 	 10.329 	 180.000
FD10862	115.625 	 10.363 	 180.000
FD10862	115.750 	 10.398 	 180.000
FD10862	115.875 	 10.434 	 180.000
FD10862	116.000 	 10.471 	 180.000
FD10862	116.125 	 10.510 	 180.000
FD10862	116.250 	 10.548 	 180.000
FD10862	116.375 	 10.588 	 180.000
FD10862	116.500 	 10.626 	 180.000
FD10862	116.625 	 10.668 	 180.000
FD10862	116.750 	 10.710 	 180.000
FD10862	116.875 	 10.757 	 180.000
FD10862	117.000 	 10.804 	 180.000
FD10862	117.125 	 10.850 	 180.000
FD10862	117.250 	 10.898 	 180.000
FD10862	117.375 	 10.944 	 180.000
FD10862	117.500 	 10.990 	 180.335
FD10862	117.625 	 11.034 	 180.681
FD10862	117.750 	 11.077 	 180.953
FD10862	117.875 	 11.121 	 180.926
FD10862	118.000 	 11.165 	 180.862
FD10862	118.125 	 11.209 	 180.802
FD10862	118.250 	 11.255 	 180.681
FD10862	118.375 	 11.298 	 180.538
FD10862	118.500 	 11.343 	 180.576
FD10862	118.625 	 11.390 	 180.747
FD10862	118.750 	 11.438 	 180.890
FD10862	118.875 	 11.488 	 180.928
FD10862	119.000 	 11.536 	 180.863
FD10862	119.125 	 11.588 	 180.879
FD10862	119.250 	 11.641 	 180.857
FD10862	119.375 	 11.694 	 180.846
FD10862	119.500 	 11.748 	 180.898
FD10862	119.625 	 11.807 	 180.964
FD10862	119.750 	 11.864 	 181.008
FD10862	119.875 	 11.920 	 181.063
FD10862	120.000 	 11.979 	 181.363
FD10862	120.125 	 12.033 	 181.577
FD10862	120.250 	 12.085 	 181.661
FD10862	120.375 	 12.140 	 181.837
FD10862	120.500 	 12.191 	 181.887
FD10862	120.625 	 12.242 	 181.826
FD10862	120.750 	 12.290 	 181.868
FD10862	120.875 	 12.336 	 181.918
FD10862	121.000 	 12.382 	 181.753
FD10862	121.125 	 12.426 	 181.587
FD10862	121.250 	 12.469 	 181.689
FD10862	121.375 	 12.510 	 181.821
FD10862	121.500 	 12.549 	 181.802
FD10862	121.625 	 12.588 	 181.670
FD10862	121.750 	 12.624 	 181.601
FD10862	121.875 	 12.659 	 181.733
FD10862	122.000 	 12.696 	 181.821
FD10862	122.125 	 12.733 	 181.810
FD10862	122.250 	 12.771 	 181.813
FD10862	122.375 	 12.808 	 181.922
FD10862	122.500 	 12.846 	 182.079
FD10862	122.625 	 12.884 	 182.145
FD10862	122.750 	 12.919 	 182.107
FD10862	122.875 	 12.957 	 182.057
FD10862	123.000 	 12.991 	 182.082
FD10862	123.125 	 13.026 	 182.065
FD10862	123.250 	 13.060 	 181.934
FD10862	123.375 	 13.094 	 181.890
FD10862	123.500 	 13.126 	 181.970
FD10862	123.625 	 13.159 	 181.959
FD10862	123.750 	 13.193 	 181.991
FD10862	123.875 	 13.226 	 182.107
FD10862	124.000 	 13.257 	 182.151
FD10862	124.125 	 13.290 	 182.178
FD10862	124.250 	 13.321 	 182.298
FD10862	124.375 	 13.350 	 182.573
FD10862	124.500 	 13.380 	 182.876
FD10862	124.625 	 13.407 	 183.040
FD10862	124.750 	 13.436 	 182.983
FD10862	124.875 	 13.465 	 182.928
FD10862	125.000 	 13.495 	 183.054
FD10862	125.125 	 13.525 	 183.180
FD10862	125.250 	 13.552 	 183.241
FD10862	125.375 	 13.580 	 183.235
FD10862	125.500 	 13.606 	 183.298
FD10862	125.625 	 13.631 	 183.458
FD10862	125.750 	 13.656 	 183.634
FD10862	125.875 	 13.679 	 183.864
FD10862	126.000 	 13.704 	 184.027
FD10862	126.125 	 13.728 	 184.032
FD10862	126.250 	 13.750 	 183.892
FD10862	126.375 	 13.774 	 183.749
FD10862	126.500 	 13.797 	 183.581
FD10862	126.625 	 13.823 	 183.384
FD10862	126.750 	 13.847 	 183.362
FD10862	126.875 	 13.870 	 183.521
FD10862	127.000 	 13.891 	 183.645
FD10862	127.125 	 13.913 	 183.689
FD10862	127.250 	 13.933 	 183.732
FD10862	127.375 	 13.954 	 183.870
FD10862	127.500 	 13.978 	 184.051
FD10862	127.625 	 14.000 	 183.952
FD10862	127.750 	 14.023 	 183.716
FD10862	127.875 	 14.045 	 183.524
FD10862	128.000 	 14.066 	 183.428
FD10862	128.125 	 14.086 	 183.417
FD10862	128.250 	 14.106 	 183.510
FD10862	128.375 	 14.125 	 183.664
FD10862	128.500 	 14.142 	 183.628
FD10862	128.625 	 14.159 	 183.524
FD10862	128.750 	 14.177 	 183.625
FD10862	128.875 	 14.192 	 183.713
FD10862	129.000 	 14.209 	 183.609
FD10862	129.125 	 14.230 	 183.582
FD10862	129.250 	 14.249 	 183.647
FD10862	129.375 	 14.269 	 183.697
FD10862	129.500 	 14.293 	 183.705
FD10862	129.625 	 14.315 	 183.749
FD10862	129.750 	 14.340 	 183.785
FD10862	129.875 	 14.362 	 183.773
FD10862	130.000 	 14.385 	 183.884
FD10862	130.125 	 14.412 	 184.136
FD10862	130.250 	 14.435 	 184.280
FD10862	130.375 	 14.460 	 184.252
FD10862	130.500 	 14.482 	 184.194
FD10862	130.625 	 14.508 	 184.018
FD10862	130.750 	 14.530 	 183.711
FD10862	130.875 	 14.552 	 183.601
FD10862	131.000 	 14.579 	 183.705
FD10862	131.125 	 14.602 	 183.892
FD10862	131.250 	 14.623 	 183.941
FD10862	131.375 	 14.644 	 183.843
FD10862	131.500 	 14.663 	 183.927
FD10862	131.625 	 14.680 	 184.032
FD10862	131.750 	 14.697 	 184.040
FD10862	131.875 	 14.714 	 183.946
FD10862	132.000 	 14.728 	 183.892
FD10862	132.125 	 14.744 	 183.892
FD10862	132.250 	 14.759 	 183.806
FD10862	132.375 	 14.778 	 183.779
FD10862	132.500 	 14.792 	 183.834
FD10862	132.625 	 14.808 	 183.971
FD10862	132.750 	 14.824 	 184.106
FD10862	132.875 	 14.834 	 184.249
FD10862	133.000 	 14.846 	 184.321
FD10862	133.125 	 14.855 	 184.194
FD10862	133.250 	 14.862 	 184.037
FD10862	133.375 	 14.867 	 183.845
FD10862	133.500 	 14.872 	 183.749
FD10862	133.625 	 14.878 	 183.870
FD10862	133.750 	 14.880 	 184.153
FD10862	133.875 	 14.879 	 184.203
FD10862	134.000 	 14.884 	 184.026
FD10862	134.125 	 14.881 	 183.933
FD10862	134.250 	 14.882 	 183.870
FD10862	134.375 	 14.883 	 183.876
FD10862	134.500 	 14.881 	 183.876
FD10862	134.625 	 14.886 	 183.925
FD10862	134.750 	 14.885 	 184.018
FD10862	134.875 	 14.890 	 184.167
FD10862	135.000 	 14.891 	 184.230
FD10862	135.125 	 14.900 	 184.164
FD10862	135.250 	 14.907 	 184.027
FD10862	135.375 	 14.915 	 184.049
FD10862	135.500 	 14.925 	 184.214
FD10862	135.625 	 14.940 	 184.087
FD10862	135.750 	 14.951 	 183.972
FD10862	135.875 	 14.967 	 184.048
FD10862	136.000 	 14.978 	 184.170
FD10862	136.125 	 14.993 	 184.203
FD10862	136.250 	 15.001 	 184.232
FD10862	136.375 	 15.016 	 184.194
FD10862	136.500 	 15.027 	 184.010
FD10862	136.625 	 15.040 	 183.779
FD10862	136.750 	 15.051 	 183.738
FD10862	136.875 	 15.063 	 183.903
FD10862	137.000 	 15.072 	 184.073
FD10862	137.125 	 15.078 	 184.260
FD10862	137.250 	 15.083 	 184.260
FD10862	137.375 	 15.087 	 184.227
FD10862	137.500 	 15.089 	 184.326
FD10862	137.625 	 15.093 	 184.254
FD10862	137.750 	 15.095 	 184.161
FD10862	137.875 	 15.097 	 184.369
FD10862	138.000 	 15.104 	 184.455
FD10862	138.125 	 15.105 	 184.280
FD10862	138.250 	 15.113 	 184.221
FD10862	138.375 	 15.115 	 184.266
FD10862	138.500 	 15.117 	 184.238
FD10862	138.625 	 15.121 	 184.276
FD10862	138.750 	 15.123 	 184.373
FD10862	138.875 	 15.126 	 184.356
FD10862	139.000 	 15.130 	 184.296
FD10862	139.125 	 15.136 	 184.263
FD10862	139.250 	 15.143 	 184.241
FD10862	139.375 	 15.151 	 184.219
FD10862	139.500 	 15.157 	 184.170
FD10862	139.625 	 15.161 	 184.142
FD10862	139.750 	 15.165 	 184.175
FD10862	139.875 	 15.169 	 184.164
FD10862	140.000 	 15.171 	 184.273
FD10862	140.125 	 15.171 	 184.477
FD10862	140.250 	 15.173 	 184.488
FD10862	140.375 	 15.179 	 184.284
FD10862	140.500 	 15.182 	 184.178
FD10862	140.625 	 15.187 	 184.331
FD10862	140.750 	 15.192 	 184.356
FD10862	140.875 	 15.196 	 184.334
FD10862	141.000 	 15.197 	 184.548
FD10862	141.125 	 15.198 	 184.850
FD10862	141.250 	 15.200 	 184.936
FD10862	141.375 	 15.208 	 184.760
FD10862	141.500 	 15.209 	 184.718
FD10862	141.625 	 15.218 	 184.773
FD10862	141.750 	 15.222 	 184.801
FD10862	141.875 	 15.230 	 184.944
FD10862	142.000 	 15.236 	 185.202
FD10862	142.125 	 15.242 	 185.263
FD10862	142.250 	 15.250 	 185.023
FD10862	142.375 	 15.253 	 184.732
FD10862	142.500 	 15.260 	 184.680
FD10862	142.625 	 15.266 	 184.752
FD10862	142.750 	 15.271 	 184.688
FD10862	142.875 	 15.277 	 184.628
FD10862	143.000 	 15.285 	 184.581
FD10862	143.125 	 15.289 	 184.422
FD10862	143.250 	 15.293 	 184.384
FD10862	143.375 	 15.296 	 184.554
FD10862	143.500 	 15.301 	 184.625
FD10862	143.625 	 15.306 	 184.466
FD10862	143.750 	 15.309 	 184.378
FD10862	143.875 	 15.316 	 184.367
FD10862	144.000 	 15.320 	 184.372
FD10862	144.125 	 15.325 	 184.455
FD10862	144.250 	 15.327 	 184.408
FD10862	144.375 	 15.331 	 184.397
FD10862	144.500 	 15.338 	 184.471
FD10862	144.625 	 15.342 	 184.493
FD10862	144.750 	 15.348 	 184.457
FD10862	144.875 	 15.356 	 184.452
FD10862	145.000 	 15.364 	 184.424
FD10862	145.125 	 15.371 	 184.562
FD10862	145.250 	 15.386 	 184.669
FD10862	145.375 	 15.398 	 184.488
FD10862	145.500 	 15.412 	 184.266
FD10862	145.625 	 15.424 	 184.227
FD10862	145.750 	 15.437 	 184.309
FD10862	145.875 	 15.448 	 184.227
FD10862	146.000 	 15.460 	 184.236
FD10862	146.125 	 15.476 	 184.169
FD10862	146.250 	 15.489 	 183.859
FD10862	146.375 	 15.504 	 183.628
FD10862	146.500 	 15.519 	 183.436
FD10862	146.625 	 15.531 	 183.479
FD10862	146.750 	 15.543 	 183.537
FD10862	146.875 	 15.551 	 183.478
FD10862	147.000 	 15.557 	 183.518
FD10862	147.125 	 15.559 	 183.589
FD10862	147.250 	 15.558 	 183.719
FD10862	147.375 	 15.554 	 183.845
FD10862	147.500 	 15.547 	 183.999
FD10862	147.625 	 15.538 	 184.290
FD10862	147.750 	 15.523 	 184.636
FD10862	147.875 	 15.511 	 184.883
FD10862	148.000 	 15.496 	 184.930
FD10862	148.125 	 15.479 	 184.776
FD10862	148.250 	 15.459 	 184.774
FD10862	148.375 	 15.442 	 184.751
FD10862	148.500 	 15.421 	 184.661
FD10862	148.625 	 15.407 	 184.705
FD10862	148.750 	 15.387 	 184.724
FD10862	148.875 	 15.375 	 184.784
FD10862	149.000 	 15.358 	 184.826
FD10862	149.125 	 15.347 	 184.787
FD10862	149.250 	 15.336 	 184.792
FD10862	149.375 	 15.327 	 184.710
FD10862	149.500 	 15.316 	 184.685
FD10862	149.625 	 15.316 	 184.856
FD10862	149.750 	 15.311 	 184.922
FD10862	149.875 	 15.316 	 184.806
FD10862	150.000 	 15.323 	 184.755
FD10862	150.125 	 15.337 	 184.931
FD10862	150.250 	 15.353 	 184.919
FD10862	150.375 	 15.376 	 184.760
FD10862	150.500 	 15.395 	 184.633
FD10862	150.625 	 15.414 	 184.551
FD10862	150.750 	 15.439 	 184.493
FD10862	150.875 	 15.458 	 184.329
FD10862	151.000 	 15.481 	 184.359
FD10862	151.125 	 15.499 	 184.628
FD10862	151.250 	 15.520 	 184.966
FD10862	151.375 	 15.541 	 185.115
FD10862	151.500 	 15.560 	 184.993
FD10862	151.625 	 15.577 	 184.861
FD10862	151.750 	 15.596 	 184.713
FD10862	151.875 	 15.608 	 184.608
FD10862	152.000 	 15.618 	 184.619
FD10862	152.125 	 15.622 	 184.708
FD10862	152.250 	 15.621 	 184.795
FD10862	152.375 	 15.620 	 184.812
FD10862	152.500 	 15.621 	 184.831
FD10862	152.625 	 15.620 	 184.793
FD10862	152.750 	 15.618 	 184.839
FD10862	152.875 	 15.619 	 184.862
FD10862	153.000 	 15.625 	 184.702
FD10862	153.125 	 15.623 	 184.680
FD10862	153.250 	 15.627 	 184.710
FD10862	153.375 	 15.631 	 184.546
FD10862	153.500 	 15.636 	 184.364
FD10862	153.625 	 15.641 	 184.441
FD10862	153.750 	 15.650 	 184.457
FD10862	153.875 	 15.658 	 184.337
FD10862	154.000 	 15.668 	 184.405
FD10862	154.125 	 15.682 	 184.570
FD10862	154.250 	 15.690 	 184.647
FD10862	154.375 	 15.704 	 184.603
FD10862	154.500 	 15.714 	 184.493
FD10862	154.625 	 15.726 	 184.334
FD10862	154.750 	 15.736 	 184.282
FD10862	154.875 	 15.747 	 184.369
FD10862	155.000 	 15.755 	 184.337
FD10862	155.125 	 15.765 	 184.205
FD10862	155.250 	 15.773 	 184.249
FD10862	155.375 	 15.784 	 184.392
FD10862	155.500 	 15.795 	 184.463
FD10862	155.625 	 15.807 	 184.512
FD10862	155.750 	 15.817 	 184.590
FD10862	155.875 	 15.826 	 184.601
FD10862	156.000 	 15.840 	 184.578
FD10862	156.125 	 15.849 	 184.579
FD10862	156.250 	 15.862 	 184.416
FD10862	156.375 	 15.875 	 184.214
FD10862	156.500 	 15.886 	 184.199
FD10862	156.625 	 15.902 	 184.177
FD10862	156.750 	 15.914 	 184.093
FD10862	156.875 	 15.928 	 184.010
FD10862	157.000 	 15.947 	 183.939
FD10862	157.125 	 15.962 	 183.949
FD10862	157.250 	 15.979 	 183.876
FD10862	157.375 	 16.001 	 183.689
FD10862	157.500 	 16.021 	 183.598
FD10862	157.625 	 16.041 	 183.663
FD10862	157.750 	 16.068 	 183.755
FD10862	157.875 	 16.096 	 183.815
FD10862	158.000 	 16.122 	 183.872
FD10862	158.125 	 16.149 	 183.851
FD10862	158.250 	 16.180 	 183.729
FD10862	158.375 	 16.206 	 183.565
FD10862	158.500 	 16.236 	 183.423
FD10862	158.625 	 16.265 	 183.318
FD10862	158.750 	 16.295 	 183.276
FD10862	158.875 	 16.325 	 183.293
FD10862	159.000 	 16.356 	 183.376
FD10862	159.125 	 16.391 	 183.534
FD10862	159.250 	 16.421 	 183.549
FD10862	159.375 	 16.452 	 183.389
FD10862	159.500 	 16.485 	 183.395
FD10862	159.625 	 16.517 	 183.472
FD10862	159.750 	 16.549 	 183.417
FD10862	159.875 	 16.582 	 183.373
FD10862	160.000 	 16.615 	 183.486
FD10862	160.125 	 16.651 	 183.496
FD10862	160.250 	 16.685 	 183.395
FD10862	160.375 	 16.729 	 183.450
FD10862	160.500 	 16.772 	 183.401
FD10862	160.625 	 16.815 	 183.313
FD10862	160.750 	 16.861 	 183.279
FD10862	160.875 	 16.909 	 183.159
FD10862	161.000 	 16.958 	 183.125
FD10862	161.125 	 17.008 	 183.115
FD10862	161.250 	 17.063 	 182.977
FD10862	161.375 	 17.115 	 182.895
FD10862	161.500 	 17.170 	 182.867
FD10862	161.625 	 17.226 	 182.911
FD10862	161.750 	 17.284 	 182.892
FD10862	161.875 	 17.339 	 182.722
FD10862	162.000 	 17.399 	 182.609
FD10862	162.125 	 17.448 	 182.615
FD10862	162.250 	 17.504 	 182.557
FD10862	162.375 	 17.552 	 182.425
FD10862	162.500 	 17.598 	 182.392
FD10862	162.625 	 17.647 	 182.469
FD10862	162.750 	 17.692 	 182.610
FD10862	162.875 	 17.730 	 182.566
FD10862	163.000 	 17.776 	 182.401
FD10862	163.125 	 17.811 	 182.252
FD10862	163.250 	 17.847 	 182.128
FD10862	163.375 	 17.882 	 181.986
FD10862	163.500 	 17.916 	 181.898
FD10862	163.625 	 17.944 	 181.909
FD10862	163.750 	 17.977 	 181.835
FD10862	163.875 	 18.005 	 181.725
FD10862	164.000 	 18.036 	 181.703
FD10862	164.125 	 18.065 	 181.620
FD10862	164.250 	 18.093 	 181.472
FD10862	164.375 	 18.126 	 181.505
FD10862	164.500 	 18.155 	 181.631
FD10862	164.625 	 18.184 	 181.654
FD10862	164.750 	 18.215 	 181.637
FD10862	164.875 	 18.250 	 181.543
FD10862	165.000 	 18.284 	 181.489
FD10862	165.125 	 18.316 	 181.472
FD10862	165.250 	 18.350 	 181.384
FD10862	165.375 	 18.385 	 181.351
FD10862	165.500 	 18.425 	 181.403
FD10862	165.625 	 18.466 	 181.497
FD10862	165.750 	 18.506 	 181.587
FD10862	165.875 	 18.552 	 181.554
FD10862	166.000 	 18.594 	 181.486
FD10862	166.125 	 18.641 	 181.409
FD10862	166.250 	 18.689 	 181.315
FD10862	166.375 	 18.737 	 181.448
FD10862	166.500 	 18.788 	 181.558
FD10862	166.625 	 18.837 	 181.514
FD10862	166.750 	 18.885 	 181.378
FD10862	166.875 	 18.940 	 181.263
FD10862	167.000 	 18.992 	 181.222
FD10862	167.125 	 19.045 	 181.194
FD10862	167.250 	 19.103 	 181.120
FD10862	167.375 	 19.153 	 181.055
FD10862	167.500 	 19.208 	 181.030
FD10862	167.625 	 19.262 	 181.063
FD10862	167.750 	 19.308 	 181.102
FD10862	167.875 	 19.362 	 180.986
FD10862	168.000 	 19.405 	 180.904
FD10862	168.125 	 19.451 	 180.981
FD10862	168.250 	 19.498 	 181.074
FD10862	168.375 	 19.540 	 181.091
FD10862	168.500 	 19.582 	 181.000
FD10862	168.625 	 19.625 	 180.862
FD10862	168.750 	 19.666 	 180.739
FD10862	168.875 	 19.707 	 180.579
FD10862	169.000 	 19.745 	 180.436
FD10862	169.125 	 19.787 	 180.195
FD10862	169.250 	 19.823 	 180.000
FD10862	169.375 	 19.864 	 179.824
FD10862	169.500 	 19.897 	 179.640
FD10862	169.625 	 19.939 	 179.744
FD10862	169.750 	 19.972 	 180.000
FD10862	169.875 	 20.011 	 180.000
FD10862	170.000 	 20.050 	 180.000
FD10862	170.125 	 20.086 	 180.000
FD10862	170.250 	 20.125 	 180.000
FD10862	170.375 	 20.165 	 179.841
FD10862	170.500 	 20.204 	 179.750
FD10862	170.625 	 20.244 	 179.706
FD10862	170.750 	 20.284 	 179.709
FD10862	170.875 	 20.324 	 179.813
FD10862	171.000 	 20.364 	 180.000
FD10862	171.125 	 20.407 	 180.000
FD10862	171.250 	 20.451 	 180.000
FD10862	171.375 	 20.501 	 179.846
FD10862	171.500 	 20.542 	 179.665
FD10862	171.625 	 20.594 	 179.478
FD10862	171.750 	 20.640 	 179.610
FD10862	171.875 	 20.686 	 179.840
FD10862	172.000 	 20.731 	 179.835
FD10862	172.125 	 20.779 	 179.868
FD10862	172.250 	 20.819 	 180.000
FD10862	172.375 	 20.855 	 180.000
FD10862	172.500 	 20.892 	 180.000
FD10862	172.625 	 20.924 	 180.000
FD10862	172.750 	 20.951 	 180.140
FD10862	172.875 	 20.980 	 180.228
FD10862	173.000 	 21.003 	 180.379
FD10862	173.125 	 21.027 	 180.439
FD10862	173.250 	 21.044 	 180.392
FD10862	173.375 	 21.063 	 180.404
FD10862	173.500 	 21.078 	 180.374
FD10862	173.625 	 21.092 	 180.401
FD10862	173.750 	 21.110 	 180.489
FD10862	173.875 	 21.125 	 180.445
FD10862	174.000 	 21.138 	 180.390
FD10862	174.125 	 21.151 	 180.346
FD10862	174.250 	 21.164 	 180.248
FD10862	174.375 	 21.182 	 180.000
FD10862	174.500 	 21.200 	 179.767
FD10862	174.625 	 21.223 	 179.766
FD10862	174.750 	 21.245 	 179.843
FD10862	174.875 	 21.274 	 179.865
FD10862	175.000 	 21.298 	 179.769
FD10862	175.125 	 21.330 	 179.681
FD10862	175.250 	 21.355 	 179.654
FD10862	175.375 	 21.386 	 179.670
FD10862	175.500 	 21.415 	 179.745
FD10862	175.625 	 21.440 	 179.767
FD10862	175.750 	 21.471 	 179.772
FD10862	175.875 	 21.495 	 179.821
FD10862	176.000 	 21.526 	 179.717
FD10862	176.125 	 21.549 	 179.497
FD10862	176.250 	 21.576 	 179.363
FD10862	176.375 	 21.603 	 179.204
FD10862	176.500 	 21.622 	 179.075
FD10862	176.625 	 21.646 	 179.135
FD10862	176.750 	 21.661 	 179.250
FD10862	176.875 	 21.680 	 179.184
FD10862	177.000 	 21.691 	 179.272
FD10862	177.125 	 21.703 	 179.547
FD10862	177.250 	 21.711 	 179.695
FD10862	177.375 	 21.721 	 179.739
FD10862	177.500 	 21.727 	 179.783
FD10862	177.625 	 21.730 	 179.865
FD10862	177.750 	 21.732 	 180.000
FD10862	177.875 	 21.735 	 180.000
FD10862	178.000 	 21.739 	 180.000
FD10862	178.125 	 21.742 	 180.000
FD10862	178.250 	 21.740 	 180.000
FD10862	178.375 	 21.748 	 179.712
FD10862	178.500 	 21.746 	 179.631
FD10862	178.625 	 21.755 	 179.527
FD10862	178.750 	 21.758 	 179.401
FD10862	178.875 	 21.764 	 179.336
FD10862	179.000 	 21.770 	 179.363
FD10862	179.125 	 21.776 	 179.478
FD10862	179.250 	 21.788 	 179.465
FD10862	179.375 	 21.792 	 179.366
FD10862	179.500 	 21.801 	 179.311
FD10862	179.625 	 21.806 	 179.162
FD10862	179.750 	 21.814 	 179.118
FD10862	179.875 	 21.815 	 179.162
FD10862	180.000 	 21.824 	 179.187
FD10862	180.125 	 21.822 	 179.253
FD10862	180.250 	 21.829 	 179.204
FD10862	180.375 	 21.833 	 179.121
FD10862	180.500 	 21.835 	 179.072
FD10862	180.625 	 21.840 	 178.989
FD10862	180.750 	 21.848 	 178.956
FD10862	180.875 	 21.851 	 178.973
FD10862	181.000 	 21.857 	 178.901
FD10862	181.125 	 21.862 	 178.868
FD10862	181.250 	 21.870 	 179.025
FD10862	181.375 	 21.870 	 179.234
FD10862	181.500 	 21.878 	 179.277
FD10862	181.625 	 21.885 	 179.316
FD10862	181.750 	 21.886 	 179.299
FD10862	181.875 	 21.894 	 179.228
FD10862	182.000 	 21.898 	 179.226
FD10862	182.125 	 21.902 	 179.214
FD10862	182.250 	 21.904 	 179.261
FD10862	182.375 	 21.908 	 179.267
FD10862	182.500 	 21.908 	 179.253
FD10862	182.625 	 21.903 	 179.247
FD10862	182.750 	 21.901 	 179.308
FD10862	182.875 	 21.903 	 179.358
FD10862	183.000 	 21.894 	 179.261
FD10862	183.125 	 21.898 	 179.195
FD10862	183.250 	 21.891 	 179.363
FD10862	183.375 	 21.893 	 179.539
FD10862	183.500 	 21.895 	 179.509
FD10862	183.625 	 21.893 	 179.487
FD10862	183.750 	 21.901 	 179.511
FD10862	183.875 	 21.903 	 179.528
FD10862	184.000 	 21.905 	 179.495
FD10862	184.125 	 21.913 	 179.456
FD10862	184.250 	 21.915 	 179.432
FD10862	184.375 	 21.920 	 179.432
FD10862	184.500 	 21.927 	 179.399
FD10862	184.625 	 21.931 	 179.266
FD10862	184.750 	 21.936 	 179.094
FD10862	184.875 	 21.941 	 178.846
FD10862	185.000 	 21.950 	 178.726
FD10862	185.125 	 21.955 	 178.813
FD10862	185.250 	 21.965 	 179.000
FD10862	185.375 	 21.970 	 179.154
FD10862	185.500 	 21.977 	 179.349
FD10862	185.625 	 21.984 	 179.602
FD10862	185.750 	 21.986 	 179.697
FD10862	185.875 	 21.995 	 179.709
FD10862	186.000 	 21.997 	 179.678
FD10862	186.125 	 22.003 	 179.629
FD10862	186.250 	 22.008 	 179.583
FD10862	186.375 	 22.013 	 179.523
FD10862	186.500 	 22.020 	 179.547
FD10862	186.625 	 22.025 	 179.596
FD10862	186.750 	 22.029 	 179.609
FD10862	186.875 	 22.034 	 179.522
FD10862	187.000 	 22.037 	 179.352
FD10862	187.125 	 22.042 	 179.313
FD10862	187.250 	 22.044 	 179.391
FD10862	187.375 	 22.045 	 179.434
FD10862	187.500 	 22.045 	 179.459
FD10862	187.625 	 22.042 	 179.574
FD10862	187.750 	 22.045 	 179.703
FD10862	187.875 	 22.036 	 179.725
FD10862	188.000 	 22.033 	 179.756
FD10862	188.125 	 22.031 	 179.739
FD10862	188.250 	 22.031 	 179.725
FD10862	188.375 	 22.033 	 180.000
FD10862	188.500 	 22.031 	 180.189
FD10862	188.625 	 22.036 	 180.365
FD10862	188.750 	 22.036 	 180.270
FD10862	188.875 	 22.039 	 180.000
FD10862	189.000 	 22.047 	 180.000
FD10862	189.125 	 22.045 	 179.877
FD10862	189.250 	 22.052 	 179.780
FD10862	189.375 	 22.051 	 179.747
FD10862	189.500 	 22.052 	 179.690
FD10862	189.625 	 22.056 	 179.613
FD10862	189.750 	 22.058 	 179.553
FD10862	189.875 	 22.055 	 179.596
FD10862	190.000 	 22.055 	 179.665
FD10862	190.125 	 22.058 	 179.582
FD10862	190.250 	 22.057 	 179.462
FD10862	190.375 	 22.053 	 179.451
FD10862	190.500 	 22.051 	 179.453
FD10862	190.625 	 22.051 	 179.453
FD10862	190.750 	 22.043 	 179.465
FD10862	190.875 	 22.042 	 179.360
FD10862	191.000 	 22.039 	 179.192
FD10862	191.125 	 22.033 	 179.061
FD10862	191.250 	 22.030 	 179.022
FD10862	191.375 	 22.027 	 179.066
FD10862	191.500 	 22.024 	 179.066
FD10862	191.625 	 22.020 	 179.071
FD10862	191.750 	 22.011 	 179.096
FD10862	191.875 	 22.013 	 179.141
FD10862	192.000 	 22.006 	 179.209
FD10862	192.125 	 22.008 	 179.319
FD10862	192.250 	 21.998 	 179.310
FD10862	192.375 	 21.996 	 179.173
FD10862	192.500 	 21.993 	 179.044
FD10862	192.625 	 21.990 	 179.022
FD10862	192.750 	 21.988 	 179.053
FD10862	192.875 	 21.985 	 178.948
FD10862	193.000 	 21.982 	 178.800
FD10862	193.125 	 21.973 	 178.646
FD10862	193.250 	 21.974 	 178.714
FD10862	193.375 	 21.965 	 178.890
FD10862	193.500 	 21.964 	 178.871
FD10862	193.625 	 21.956 	 178.795
FD10862	193.750 	 21.953 	 178.816
FD10862	193.875 	 21.949 	 178.854
FD10862	194.000 	 21.944 	 178.846
FD10862	194.125 	 21.943 	 178.923
FD10862	194.250 	 21.939 	 178.998
FD10862	194.375 	 21.938 	 179.014
FD10862	194.500 	 21.940 	 178.978
FD10862	194.625 	 21.939 	 178.797
FD10862	194.750 	 21.942 	 178.690
FD10862	194.875 	 21.950 	 178.712
FD10862	195.000 	 21.956 	 178.712
FD10862	195.125 	 21.968 	 178.838
FD10862	195.250 	 21.977 	 178.981
FD10862	195.375 	 21.992 	 178.931
FD10862	195.500 	 22.011 	 178.846
FD10862	195.625 	 22.025 	 178.879
FD10862	195.750 	 22.039 	 178.970
FD10862	195.875 	 22.061 	 179.008
FD10862	196.000 	 22.077 	 178.943
FD10862	196.125 	 22.097 	 178.882
FD10862	196.250 	 22.115 	 178.794
FD10862	196.375 	 22.129 	 178.739
FD10862	196.500 	 22.145 	 178.806
FD10862	196.625 	 22.161 	 178.876
FD10862	196.750 	 22.171 	 178.921
FD10862	196.875 	 22.181 	 179.003
FD10862	197.000 	 22.188 	 179.104
FD10862	197.125 	 22.202 	 179.066
FD10862	197.250 	 22.206 	 178.967
FD10862	197.375 	 22.213 	 178.934
FD10862	197.500 	 22.219 	 178.912
FD10862	197.625 	 22.218 	 178.873
FD10862	197.750 	 22.219 	 178.811
FD10862	197.875 	 22.219 	 178.882
FD10862	198.000 	 22.222 	 179.064
FD10862	198.125 	 22.218 	 179.086
FD10862	198.250 	 22.218 	 179.085
FD10862	198.375 	 22.223 	 178.970
FD10862	198.500 	 22.222 	 178.786
FD10862	198.625 	 22.229 	 178.737
FD10862	198.750 	 22.233 	 178.734
FD10862	198.875 	 22.240 	 178.838
FD10862	199.000 	 22.244 	 178.937
FD10862	199.125 	 22.250 	 178.986
FD10862	199.250 	 22.258 	 179.053
FD10862	199.375 	 22.259 	 178.981
FD10862	199.500 	 22.266 	 178.871
FD10862	199.625 	 22.273 	 178.762
FD10862	199.750 	 22.280 	 178.756
FD10862	199.875 	 22.287 	 178.975
FD10862	200.000 	 22.292 	 179.033
FD10862	200.125 	 22.301 	 178.912
FD10862	200.250 	 22.305 	 178.799
FD10862	200.375 	 22.309 	 178.679
FD10862	200.500 	 22.313 	 178.671
FD10862	200.625 	 22.315 	 178.868
FD10862	200.750 	 22.314 	 178.978
FD10862	200.875 	 22.316 	 178.917
FD10862	201.000 	 22.312 	 178.879
FD10862	201.125 	 22.312 	 178.824
FD10862	201.250 	 22.314 	 178.800
FD10862	201.375 	 22.310 	 178.772
FD10862	201.500 	 22.310 	 178.836
FD10862	201.625 	 22.310 	 178.989
FD10862	201.750 	 22.313 	 179.050
FD10862	201.875 	 22.311 	 178.956
FD10862	202.000 	 22.312 	 178.890
FD10862	202.125 	 22.317 	 178.797
FD10862	202.250 	 22.320 	 178.627
FD10862	202.375 	 22.325 	 178.588
FD10862	202.500 	 22.328 	 178.684
FD10862	202.625 	 22.336 	 178.838
FD10862	202.750 	 22.339 	 178.948
FD10862	202.875 	 22.350 	 179.113
FD10862	203.000 	 22.354 	 179.294
FD10862	203.125 	 22.361 	 179.272
FD10862	203.250 	 22.369 	 179.174
FD10862	203.375 	 22.370 	 178.992
FD10862	203.500 	 22.377 	 178.722
FD10862	203.625 	 22.380 	 178.558
FD10862	203.750 	 22.385 	 178.464
FD10862	203.875 	 22.386 	 178.481
FD10862	204.000 	 22.386 	 178.508
FD10862	204.125 	 22.390 	 178.514
FD10862	204.250 	 22.386 	 178.492
FD10862	204.375 	 22.384 	 178.409
FD10862	204.500 	 22.384 	 178.401
FD10862	204.625 	 22.379 	 178.479
FD10862	204.750 	 22.373 	 178.610
FD10862	204.875 	 22.372 	 178.732
FD10862	205.000 	 22.367 	 178.795
FD10862	205.125 	 22.364 	 178.860
FD10862	205.250 	 22.359 	 178.846
FD10862	205.375 	 22.356 	 178.802
FD10862	205.500 	 22.350 	 178.855
FD10862	205.625 	 22.349 	 178.828
FD10862	205.750 	 22.345 	 178.748
FD10862	205.875 	 22.343 	 178.846
FD10862	206.000 	 22.340 	 178.918
FD10862	206.125 	 22.341 	 178.879
FD10862	206.250 	 22.339 	 178.770
FD10862	206.375 	 22.343 	 178.495
FD10862	206.500 	 22.350 	 178.264
FD10862	206.625 	 22.350 	 178.297
FD10862	206.750 	 22.357 	 178.575
FD10862	206.875 	 22.359 	 178.893
FD10862	207.000 	 22.363 	 179.080
FD10862	207.125 	 22.366 	 179.151
FD10862	207.250 	 22.371 	 179.135
FD10862	207.375 	 22.373 	 178.992
FD10862	207.500 	 22.380 	 178.811
FD10862	207.625 	 22.385 	 178.777
FD10862	207.750 	 22.387 	 178.832
FD10862	207.875 	 22.394 	 178.899
FD10862	208.000 	 22.397 	 178.928
FD10862	208.125 	 22.402 	 178.918
FD10862	208.250 	 22.408 	 178.937
FD10862	208.375 	 22.408 	 178.942
FD10862	208.500 	 22.416 	 178.866
FD10862	208.625 	 22.419 	 178.756
FD10862	208.750 	 22.427 	 178.635
FD10862	208.875 	 22.435 	 178.657
FD10862	209.000 	 22.441 	 178.723
FD10862	209.125 	 22.454 	 178.685
FD10862	209.250 	 22.464 	 178.767
FD10862	209.375 	 22.471 	 178.920
FD10862	209.500 	 22.479 	 179.058
FD10862	209.625 	 22.487 	 179.085
FD10862	209.750 	 22.498 	 178.967
FD10862	209.875 	 22.501 	 178.956
FD10862	210.000 	 22.513 	 179.154
FD10862	210.125 	 22.517 	 179.445
FD10862	210.250 	 22.527 	 179.643
FD10862	210.375 	 22.535 	 179.725
FD10862	210.500 	 22.538 	 179.698
FD10862	210.625 	 22.545 	 179.544
FD10862	210.750 	 22.553 	 179.421
FD10862	210.875 	 22.552 	 179.393
FD10862	211.000 	 22.557 	 179.479
FD10862	211.125 	 22.560 	 179.577
FD10862	211.250 	 22.563 	 179.665
FD10862	211.375 	 22.566 	 179.659
FD10862	211.500 	 22.574 	 179.522
FD10862	211.625 	 22.581 	 179.336
FD10862	211.750 	 22.587 	 179.196
FD10862	211.875 	 22.595 	 179.179
FD10862	212.000 	 22.602 	 179.245
FD10862	212.125 	 22.611 	 179.338
FD10862	212.250 	 22.619 	 179.330
FD10862	212.375 	 22.632 	 179.204
FD10862	212.500 	 22.640 	 178.981
FD10862	212.625 	 22.654 	 178.767
FD10862	212.750 	 22.663 	 178.586
FD10862	212.875 	 22.677 	 178.409
FD10862	213.000 	 22.688 	 178.253
FD10862	213.125 	 22.696 	 178.297
FD10862	213.250 	 22.708 	 178.621
FD10862	213.375 	 22.717 	 178.945
FD10862	213.500 	 22.724 	 179.047
FD10862	213.625 	 22.735 	 179.036
FD10862	213.750 	 22.741 	 179.108
FD10862	213.875 	 22.745 	 179.119
FD10862	214.000 	 22.750 	 179.137
FD10862	214.125 	 22.756 	 179.110
FD10862	214.250 	 22.756 	 178.998
FD10862	214.375 	 22.757 	 178.926
FD10862	214.500 	 22.758 	 178.879
FD10862	214.625 	 22.751 	 178.808
FD10862	214.750 	 22.751 	 178.726
FD10862	214.875 	 22.745 	 178.682
FD10862	215.000 	 22.736 	 178.712
FD10862	215.125 	 22.734 	 178.712
FD10862	215.250 	 22.725 	 178.663
FD10862	215.375 	 22.717 	 178.777
FD10862	215.500 	 22.712 	 178.907
FD10862	215.625 	 22.707 	 178.967
FD10862	215.750 	 22.705 	 179.017
FD10862	215.875 	 22.703 	 178.923
FD10862	216.000 	 22.696 	 178.772
FD10862	216.125 	 22.700 	 178.844
FD10862	216.250 	 22.698 	 179.003
FD10862	216.375 	 22.702 	 179.030
FD10862	216.500 	 22.703 	 179.041
FD10862	216.625 	 22.707 	 179.003
FD10862	216.750 	 22.711 	 178.912
FD10862	216.875 	 22.716 	 178.824
FD10862	217.000 	 22.724 	 178.740
FD10862	217.125 	 22.733 	 178.761
FD10862	217.250 	 22.740 	 178.816
FD10862	217.375 	 22.752 	 178.821
FD10862	217.500 	 22.762 	 178.802
FD10862	217.625 	 22.773 	 178.841
FD10862	217.750 	 22.786 	 178.895
FD10862	217.875 	 22.798 	 178.797
FD10862	218.000 	 22.808 	 178.655
FD10862	218.125 	 22.821 	 178.660
FD10862	218.250 	 22.833 	 178.673
FD10862	218.375 	 22.843 	 178.717
FD10862	218.500 	 22.849 	 178.851
FD10862	218.625 	 22.853 	 178.912
FD10862	218.750 	 22.854 	 178.816
FD10862	218.875 	 22.853 	 178.684
FD10862	219.000 	 22.854 	 178.660
FD10862	219.125 	 22.850 	 178.660
FD10862	219.250 	 22.851 	 178.633
FD10862	219.375 	 22.844 	 178.533
FD10862	219.500 	 22.847 	 178.374
FD10862	219.625 	 22.841 	 178.336
FD10862	219.750 	 22.843 	 178.448
FD10862	219.875 	 22.837 	 178.553
FD10862	220.000 	 22.836 	 178.542
FD10862	220.125 	 22.833 	 178.497
FD10862	220.250 	 22.833 	 178.492
FD10862	220.375 	 22.832 	 178.481
FD10862	220.500 	 22.829 	 178.440
FD10862	220.625 	 22.838 	 178.396
FD10862	220.750 	 22.840 	 178.262
FD10862	220.875 	 22.848 	 178.085
FD10862	221.000 	 22.855 	 178.027
FD10862	221.125 	 22.865 	 178.083
FD10862	221.250 	 22.872 	 178.212
FD10862	221.375 	 22.874 	 178.278
FD10862	221.500 	 22.879 	 178.311
FD10862	221.625 	 22.884 	 178.278
FD10862	221.750 	 22.886 	 178.245
FD10862	221.875 	 22.887 	 178.306
FD10862	222.000 	 22.887 	 178.443
FD10862	222.125 	 22.887 	 178.454
FD10862	222.250 	 22.882 	 178.292
FD10862	222.375 	 22.884 	 178.220
FD10862	222.500 	 22.884 	 178.278
FD10862	222.625 	 22.883 	 178.460
FD10862	222.750 	 22.879 	 178.514
FD10862	222.875 	 22.881 	 178.415
FD10862	223.000 	 22.873 	 178.385
FD10862	223.125 	 22.873 	 178.418
FD10862	223.250 	 22.871 	 178.497
FD10862	223.375 	 22.872 	 178.712
FD10862	223.500 	 22.871 	 178.912
FD10862	223.625 	 22.872 	 178.967
FD10862	223.750 	 22.872 	 178.978
FD10862	223.875 	 22.873 	 178.984
FD10862	224.000 	 22.876 	 179.047
FD10862	224.125 	 22.874 	 179.151
FD10862	224.250 	 22.877 	 179.127
FD10862	224.375 	 22.880 	 179.110
FD10862	224.500 	 22.878 	 179.215
FD10862	224.625 	 22.884 	 179.319
FD10862	224.750 	 22.886 	 179.313
FD10862	224.875 	 22.891 	 179.215
FD10862	225.000 	 22.899 	 179.157
FD10862	225.125 	 22.901 	 179.196
FD10862	225.250 	 22.908 	 179.207
FD10862	225.375 	 22.914 	 179.162
FD10862	225.500 	 22.917 	 179.110
FD10862	225.625 	 22.922 	 178.907
FD10862	225.750 	 22.925 	 178.726
FD10862	225.875 	 22.929 	 178.758
FD10862	226.000 	 22.928 	 178.811
FD10862	226.125 	 22.927 	 178.750
FD10862	226.250 	 22.926 	 178.660
FD10862	226.375 	 22.924 	 178.725
FD10862	226.500 	 22.922 	 178.967
FD10862	226.625 	 22.914 	 179.335
FD10862	226.750 	 22.914 	 179.708
FD10862	226.875 	 22.908 	 179.874
FD10862	227.000 	 22.903 	 180.000
FD10862	227.125 	 22.897 	 180.261
FD10862	227.250 	 22.894 	 180.358
FD10862	227.375 	 22.895 	 180.346
FD10862	227.500 	 22.891 	 180.212
FD10862	227.625 	 22.889 	 180.000
FD10862	227.750 	 22.888 	 179.676
FD10862	227.875 	 22.888 	 179.648
FD10862	228.000 	 22.887 	 179.745
FD10862	228.125 	 22.891 	 179.822
FD10862	228.250 	 22.892 	 179.802
FD10862	228.375 	 22.898 	 179.780
FD10862	228.500 	 22.897 	 179.769
FD10862	228.625 	 22.903 	 179.835
FD10862	228.750 	 22.901 	 180.000
FD10862	228.875 	 22.900 	 180.143
FD10862	229.000 	 22.901 	 180.000
FD10862	229.125 	 22.898 	 180.000
FD10862	229.250 	 22.892 	 179.852
FD10862	229.375 	 22.891 	 179.813
FD10862	229.500 	 22.886 	 179.881
FD10862	229.625 	 22.878 	 180.000
FD10862	229.750 	 22.876 	 179.753
FD10862	229.875 	 22.866 	 179.616
FD10862	230.000 	 22.866 	 179.539
FD10862	230.125 	 22.864 	 179.720
FD10862	230.250 	 22.858 	 179.851
FD10862	230.375 	 22.855 	 179.741
FD10862	230.500 	 22.854 	 179.514
FD10862	230.625 	 22.854 	 179.338
FD10862	230.750 	 22.857 	 179.440
FD10862	230.875 	 22.857 	 179.512
FD10862	231.000 	 22.860 	 179.484
FD10862	231.125 	 22.864 	 179.500
FD10862	231.250 	 22.866 	 179.498
FD10862	231.375 	 22.864 	 179.376
FD10862	231.500 	 22.865 	 179.261
FD10862	231.625 	 22.859 	 179.299
FD10862	231.750 	 22.859 	 179.322
FD10862	231.875 	 22.856 	 179.289
FD10862	232.000 	 22.853 	 179.319
FD10862	232.125 	 22.851 	 179.347
FD10862	232.250 	 22.847 	 179.245
FD10862	232.375 	 22.842 	 179.223
FD10862	232.500 	 22.837 	 179.297
FD10862	232.625 	 22.831 	 179.220
FD10862	232.750 	 22.829 	 179.044
FD10862	232.875 	 22.820 	 179.017
FD10862	233.000 	 22.816 	 179.072
FD10862	233.125 	 22.811 	 179.093
FD10862	233.250 	 22.805 	 179.110
FD10862	233.375 	 22.802 	 179.110
FD10862	233.500 	 22.806 	 179.110
FD10862	233.625 	 22.804 	 179.116
FD10862	233.750 	 22.811 	 179.127
FD10862	233.875 	 22.808 	 179.137
FD10862	234.000 	 22.813 	 179.143
FD10862	234.125 	 22.813 	 179.154
FD10862	234.250 	 22.813 	 179.165
FD10862	234.375 	 22.808 	 179.165
FD10862	234.500 	 22.812 	 179.171
FD10862	234.625 	 22.812 	 179.176
FD10862	234.750 	 22.808 	 179.176
FD10862	234.875 	 22.812 	 179.176
FD10862	235.000 	 22.811 	 179.176
FD10862	235.125 	 22.810 	 179.176
FD10862	235.250 	 22.812 	 179.176
FD10862	235.375 	 22.811 	 179.176
FD10862	235.500 	 22.812 	 179.176
FD10862	235.625 	 22.808 	 179.176
FD10862	235.750 	 22.812 	 179.176
FD10862	235.875 	 22.812 	 179.176
FD10862	236.000 	 22.808 	 179.176
FD10862	236.125 	 22.812 	 179.176
FD10862	236.250 	 22.811 	 179.176
FD10862	236.375 	 22.812 	 179.176
FD10862	236.500 	 22.808 	 179.176
FD10862	236.625 	 22.812 	 179.176
FD10862	236.750 	 22.812 	 179.176
FD10862	236.875 	 22.808 	 179.176
FD10862	237.000 	 22.812 	 179.176
FD10862	237.125 	 22.811 	 179.176
FD10862	237.250 	 22.810 	 179.176
FD10862	237.375 	 22.812 	 179.176
FD10862	237.500 	 22.811 	 179.176
FD10862	237.625 	 22.812 	 179.176
FD10862	237.750 	 22.808 	 179.176
FD10862	237.875 	 22.812 	 179.176
FD10862	238.000 	 22.812 	 179.176
FD10862	238.125 	 22.808 	 179.176
FD10862	238.250 	 22.812 	 179.176
FD10862	238.375 	 22.811 	 179.176
FD10862	238.500 	 22.812 	 179.176
FD10862	238.625 	 22.810 	 179.176
FD10862	238.750 	 22.811 	 179.176
FD10862	238.875 	 22.812 	 179.176
FD10862	239.000 	 22.808 	 179.176
FD10862	239.125 	 22.812 	 179.176
FD10862	239.250 	 22.812 	 179.176
FD10862	239.375 	 22.808 	 179.176
FD10862	239.500 	 22.812 	 179.176
FD10862	239.625 	 22.811 	 179.176
FD10862	239.750 	 22.812 	 179.176
FD10862	239.875 	 22.810 	 179.176
FD10862	240.000 	 22.811 	 179.176
FD10862	240.125 	 22.812 	 179.176
FD10862	240.250 	 22.808 	 179.176
FD10862	240.375 	 22.812 	 179.176
FD10862	240.500 	 22.812 	 179.176
FD10862	240.625 	 22.811 	 179.176
FD10862	240.750 	 22.810 	 179.176
FD10862	240.875 	 22.811 	 179.176
FD10862	241.000 	 22.812 	 179.176
FD10862	241.125 	 22.810 	 179.176
FD10862	241.250 	 22.811 	 179.176
FD10862	241.375 	 22.812 	 179.176
FD10862	241.500 	 22.811 	 179.176
FD10862	241.625 	 22.810 	 179.176
FD10862	241.750 	 22.812 	 179.176
FD10862	241.875 	 22.811 	 179.176
FD10862	242.000 	 22.810 	 179.176
FD10862	242.125 	 22.811 	 179.176
FD10862	242.250 	 22.812 	 179.176
FD10862	242.375 	 22.810 	 179.176
FD10862	242.500 	 22.811 	 179.176
FD10862	242.625 	 22.812 	 179.176
FD10862	242.750 	 22.811 	 179.176
FD10862	242.875 	 22.810 	 179.176
FD10862	243.000 	 22.812 	 179.176
FD10862	243.125 	 22.811 	 179.176
FD10862	243.250 	 22.810 	 179.176
FD10862	243.375 	 22.811 	 179.176
FD10862	243.500 	 22.812 	 179.176
FD10862	243.625 	 22.812 	 179.176
FD10862	243.750 	 22.808 	 179.176
FD10862	243.875 	 22.812 	 179.176
FD10862	244.000 	 22.811 	 179.176
FD10862	244.125 	 22.810 	 179.176
FD10862	244.250 	 22.812 	 179.176
FD10862	244.375 	 22.811 	 179.176
FD10862	244.500 	 22.810 	 179.176
FD10862	244.625 	 22.811 	 179.176
FD10862	244.750 	 22.812 	 179.176
FD10862	244.875 	 22.811 	 179.176
FD10862	245.000 	 22.810 	 179.176
FD10862	245.125 	 22.812 	 179.176
FD10862	245.250 	 22.811 	 179.176
FD10862	245.375 	 22.810 	 179.176
FD10862	245.500 	 22.811 	 179.176
FD10862	245.625 	 22.812 	 179.176
FD10862	245.750 	 22.812 	 179.176
FD10862	245.875 	 22.808 	 179.176
FD10862	246.000 	 22.812 	 179.176
