#WellName	 Depth.M	 INCL	 AZIM 
WellName	 Depth.M	 INCL	 AZIM 
FD10850	0.000 	 0.000 	 0.000
FD10850	0.125 	 0.000 	 90.000
FD10850	0.250 	 0.000 	 90.000
FD10850	0.375 	 0.000 	 90.000
FD10850	0.500 	 0.000 	 90.000
FD10850	0.625 	 0.000 	 90.000
FD10850	0.750 	 0.000 	 90.000
FD10850	0.875 	 0.000 	 90.000
FD10850	1.000 	 0.000 	 90.000
FD10850	1.125 	 0.000 	 90.000
FD10850	1.250 	 0.000 	 90.000
FD10850	1.375 	 0.000 	 90.000
FD10850	1.500 	 0.000 	 90.000
FD10850	1.625 	 0.000 	 90.000
FD10850	1.750 	 0.000 	 90.000
FD10850	1.875 	 0.000 	 90.000
FD10850	2.000 	 0.000 	 90.000
FD10850	2.125 	 0.000 	 90.000
FD10850	2.250 	 0.000 	 90.000
FD10850	2.375 	 0.000 	 90.000
FD10850	2.500 	 0.000 	 90.000
FD10850	2.625 	 0.000 	 90.000
FD10850	2.750 	 0.000 	 90.000
FD10850	2.875 	 0.000 	 90.000
FD10850	3.000 	 0.000 	 90.000
FD10850	3.125 	 0.000 	 90.000
FD10850	3.250 	 0.000 	 90.000
FD10850	3.375 	 0.000 	 90.000
FD10850	3.500 	 0.000 	 90.000
FD10850	3.625 	 0.000 	 90.000
FD10850	3.750 	 0.000 	 90.000
FD10850	3.875 	 0.000 	 90.000
FD10850	4.000 	 0.000 	 90.000
FD10850	4.125 	 0.000 	 90.000
FD10850	4.250 	 0.000 	 90.000
FD10850	4.375 	 0.000 	 90.000
FD10850	4.500 	 0.000 	 90.000
FD10850	4.625 	 0.000 	 90.000
FD10850	4.750 	 0.000 	 90.000
FD10850	4.875 	 0.000 	 90.000
FD10850	5.000 	 0.000 	 90.000
FD10850	5.125 	 0.000 	 90.000
FD10850	5.250 	 0.000 	 90.000
FD10850	5.375 	 0.000 	 90.000
FD10850	5.500 	 0.000 	 90.000
FD10850	5.625 	 0.000 	 90.000
FD10850	5.750 	 0.000 	 90.000
FD10850	5.875 	 0.000 	 90.000
FD10850	6.000 	 0.000 	 90.000
FD10850	6.125 	 0.000 	 90.000
FD10850	6.250 	 0.000 	 90.000
FD10850	6.375 	 0.000 	 90.000
FD10850	6.500 	 0.000 	 90.000
FD10850	6.625 	 0.000 	 90.000
FD10850	6.750 	 0.000 	 90.000
FD10850	6.875 	 0.000 	 90.000
FD10850	7.000 	 0.000 	 90.000
FD10850	7.125 	 0.000 	 90.000
FD10850	7.250 	 0.000 	 90.000
FD10850	7.375 	 0.000 	 90.000
FD10850	7.500 	 0.000 	 90.000
FD10850	7.625 	 0.000 	 90.000
FD10850	7.750 	 0.000 	 90.000
FD10850	7.875 	 0.000 	 90.000
FD10850	8.000 	 0.000 	 90.000
FD10850	8.125 	 0.000 	 90.000
FD10850	8.250 	 0.000 	 90.000
FD10850	8.375 	 0.000 	 90.000
FD10850	8.500 	 0.000 	 90.000
FD10850	8.625 	 0.000 	 90.000
FD10850	8.750 	 0.000 	 90.000
FD10850	8.875 	 0.000 	 90.000
FD10850	9.000 	 0.000 	 90.000
FD10850	9.125 	 0.000 	 90.000
FD10850	9.250 	 0.000 	 90.000
FD10850	9.375 	 0.000 	 90.000
FD10850	9.500 	 0.000 	 90.000
FD10850	9.625 	 0.000 	 90.000
FD10850	9.750 	 0.000 	 90.000
FD10850	9.875 	 0.000 	 90.000
FD10850	10.000 	 0.000 	 90.000
FD10850	10.125 	 0.000 	 90.000
FD10850	10.250 	 0.000 	 90.000
FD10850	10.375 	 0.000 	 90.000
FD10850	10.500 	 0.000 	 90.000
FD10850	10.625 	 0.000 	 90.000
FD10850	10.750 	 0.000 	 90.000
FD10850	10.875 	 0.000 	 90.000
FD10850	11.000 	 0.000 	 90.000
FD10850	11.125 	 0.000 	 90.000
FD10850	11.250 	 0.000 	 90.000
FD10850	11.375 	 0.000 	 90.000
FD10850	11.500 	 0.000 	 90.000
FD10850	11.625 	 0.000 	 90.000
FD10850	11.750 	 0.000 	 90.000
FD10850	11.875 	 0.000 	 90.000
FD10850	12.000 	 0.000 	 90.000
FD10850	12.125 	 0.000 	 90.000
FD10850	12.250 	 0.000 	 90.000
FD10850	12.375 	 0.000 	 90.000
FD10850	12.500 	 0.000 	 90.000
FD10850	12.625 	 0.000 	 90.000
FD10850	12.750 	 0.000 	 90.000
FD10850	12.875 	 0.000 	 90.000
FD10850	13.000 	 0.000 	 90.000
FD10850	13.125 	 0.000 	 90.000
FD10850	13.250 	 0.000 	 90.000
FD10850	13.375 	 0.000 	 90.000
FD10850	13.500 	 0.000 	 90.000
FD10850	13.625 	 0.000 	 90.000
FD10850	13.750 	 0.000 	 90.000
FD10850	13.875 	 0.000 	 90.000
FD10850	14.000 	 0.000 	 90.000
FD10850	14.125 	 0.000 	 90.000
FD10850	14.250 	 0.000 	 90.000
FD10850	14.375 	 0.000 	 90.000
FD10850	14.500 	 0.000 	 90.000
FD10850	14.625 	 0.000 	 90.000
FD10850	14.750 	 0.000 	 90.000
FD10850	14.875 	 0.000 	 90.000
FD10850	15.000 	 0.000 	 90.000
FD10850	15.125 	 0.000 	 90.000
FD10850	15.250 	 0.000 	 90.000
FD10850	15.375 	 0.000 	 90.000
FD10850	15.500 	 0.000 	 90.000
FD10850	15.625 	 0.000 	 90.000
FD10850	15.750 	 0.000 	 90.000
FD10850	15.875 	 0.000 	 90.000
FD10850	16.000 	 0.000 	 90.000
FD10850	16.125 	 0.000 	 90.000
FD10850	16.250 	 0.000 	 90.000
FD10850	16.375 	 0.000 	 90.000
FD10850	16.500 	 0.000 	 90.000
FD10850	16.625 	 0.000 	 90.000
FD10850	16.750 	 0.000 	 90.000
FD10850	16.875 	 0.000 	 90.000
FD10850	17.000 	 0.000 	 90.000
FD10850	17.125 	 0.000 	 90.000
FD10850	17.250 	 0.000 	 90.000
FD10850	17.375 	 0.000 	 90.000
FD10850	17.500 	 0.000 	 90.000
FD10850	17.625 	 0.000 	 90.000
FD10850	17.750 	 0.000 	 90.000
FD10850	17.875 	 0.000 	 90.000
FD10850	18.000 	 0.000 	 90.000
FD10850	18.125 	 0.000 	 90.000
FD10850	18.250 	 0.000 	 90.000
FD10850	18.375 	 0.000 	 90.000
FD10850	18.500 	 0.000 	 90.000
FD10850	18.625 	 0.000 	 90.000
FD10850	18.750 	 0.000 	 90.000
FD10850	18.875 	 0.000 	 90.000
FD10850	19.000 	 0.000 	 90.000
FD10850	19.125 	 0.000 	 90.000
FD10850	19.250 	 0.000 	 90.000
FD10850	19.375 	 0.000 	 90.000
FD10850	19.500 	 0.000 	 90.000
FD10850	19.625 	 0.000 	 90.000
FD10850	19.750 	 0.000 	 90.000
FD10850	19.875 	 0.000 	 90.000
FD10850	20.000 	 0.000 	 90.000
FD10850	20.125 	 0.000 	 90.000
FD10850	20.250 	 0.000 	 90.000
FD10850	20.375 	 0.000 	 90.000
FD10850	20.500 	 0.000 	 90.000
FD10850	20.625 	 0.000 	 90.000
FD10850	20.750 	 0.000 	 90.000
FD10850	20.875 	 0.000 	 90.000
FD10850	21.000 	 0.000 	 90.000
FD10850	21.125 	 0.000 	 90.000
FD10850	21.250 	 0.000 	 90.000
FD10850	21.375 	 0.000 	 90.000
FD10850	21.500 	 0.000 	 90.000
FD10850	21.625 	 0.000 	 90.000
FD10850	21.750 	 0.000 	 90.000
FD10850	21.875 	 0.000 	 90.000
FD10850	22.000 	 0.000 	 90.000
FD10850	22.125 	 0.000 	 90.000
FD10850	22.250 	 0.000 	 90.000
FD10850	22.375 	 0.000 	 90.000
FD10850	22.500 	 0.000 	 90.000
FD10850	22.625 	 0.000 	 90.000
FD10850	22.750 	 0.000 	 90.000
FD10850	22.875 	 0.000 	 90.000
FD10850	23.000 	 0.000 	 90.000
FD10850	23.125 	 0.000 	 90.000
FD10850	23.250 	 0.000 	 90.000
FD10850	23.375 	 0.000 	 90.000
FD10850	23.500 	 0.000 	 90.000
FD10850	23.625 	 0.000 	 90.000
FD10850	23.750 	 0.000 	 90.000
FD10850	23.875 	 0.000 	 90.000
FD10850	24.000 	 0.000 	 90.000
FD10850	24.125 	 0.000 	 90.000
FD10850	24.250 	 0.000 	 90.000
FD10850	24.375 	 0.000 	 90.000
FD10850	24.500 	 0.000 	 90.000
FD10850	24.625 	 0.000 	 90.000
FD10850	24.750 	 0.000 	 90.000
FD10850	24.875 	 0.000 	 90.000
FD10850	25.000 	 0.000 	 90.000
FD10850	25.125 	 0.000 	 90.000
FD10850	25.250 	 0.000 	 90.000
FD10850	25.375 	 0.000 	 90.000
FD10850	25.500 	 0.000 	 90.000
FD10850	25.625 	 0.000 	 90.000
FD10850	25.750 	 0.000 	 90.000
FD10850	25.875 	 0.000 	 90.000
FD10850	26.000 	 0.000 	 90.000
FD10850	26.125 	 0.000 	 90.000
FD10850	26.250 	 0.000 	 90.000
FD10850	26.375 	 0.000 	 90.000
FD10850	26.500 	 0.000 	 90.000
FD10850	26.625 	 0.000 	 90.000
FD10850	26.750 	 0.000 	 90.000
FD10850	26.875 	 0.000 	 90.000
FD10850	27.000 	 0.000 	 90.000
FD10850	27.125 	 0.000 	 90.000
FD10850	27.250 	 0.000 	 90.000
FD10850	27.375 	 0.000 	 90.000
FD10850	27.500 	 0.000 	 90.000
FD10850	27.625 	 0.000 	 90.000
FD10850	27.750 	 0.000 	 90.000
FD10850	27.875 	 0.000 	 90.000
FD10850	28.000 	 0.000 	 90.000
FD10850	28.125 	 0.000 	 90.000
FD10850	28.250 	 0.000 	 90.000
FD10850	28.375 	 0.000 	 90.000
FD10850	28.500 	 0.000 	 90.000
FD10850	28.625 	 0.000 	 90.000
FD10850	28.750 	 0.000 	 90.000
FD10850	28.875 	 0.000 	 90.000
FD10850	29.000 	 0.000 	 90.000
FD10850	29.125 	 0.000 	 90.000
FD10850	29.250 	 0.000 	 90.000
FD10850	29.375 	 0.000 	 90.000
FD10850	29.500 	 0.000 	 90.000
FD10850	29.625 	 0.000 	 90.000
FD10850	29.750 	 0.000 	 90.000
FD10850	29.875 	 0.000 	 90.000
FD10850	30.000 	 0.000 	 90.000
FD10850	30.125 	 0.000 	 90.000
FD10850	30.250 	 0.000 	 90.000
FD10850	30.375 	 0.000 	 90.000
FD10850	30.500 	 0.000 	 90.000
FD10850	30.625 	 0.000 	 90.000
FD10850	30.750 	 0.000 	 90.000
FD10850	30.875 	 0.000 	 90.000
FD10850	31.000 	 0.000 	 90.000
FD10850	31.125 	 0.000 	 90.000
FD10850	31.250 	 0.000 	 90.000
FD10850	31.375 	 0.000 	 90.000
FD10850	31.500 	 0.000 	 90.000
FD10850	31.625 	 0.000 	 90.000
FD10850	31.750 	 0.000 	 90.000
FD10850	31.875 	 0.000 	 90.000
FD10850	32.000 	 0.000 	 90.000
FD10850	32.125 	 0.000 	 90.000
FD10850	32.250 	 0.000 	 90.000
FD10850	32.375 	 0.000 	 90.000
FD10850	32.500 	 0.000 	 90.000
FD10850	32.625 	 0.000 	 90.000
FD10850	32.750 	 0.000 	 90.000
FD10850	32.875 	 0.000 	 90.000
FD10850	33.000 	 0.000 	 90.000
FD10850	33.125 	 0.000 	 90.000
FD10850	33.250 	 0.000 	 90.000
FD10850	33.375 	 0.000 	 90.000
FD10850	33.500 	 0.000 	 90.000
FD10850	33.625 	 0.000 	 90.000
FD10850	33.750 	 0.000 	 90.000
FD10850	33.875 	 0.000 	 90.000
FD10850	34.000 	 0.000 	 90.000
FD10850	34.125 	 0.000 	 90.000
FD10850	34.250 	 0.000 	 90.000
FD10850	34.375 	 0.000 	 90.000
FD10850	34.500 	 0.000 	 90.000
FD10850	34.625 	 0.000 	 90.000
FD10850	34.750 	 0.000 	 90.000
FD10850	34.875 	 0.000 	 90.000
FD10850	35.000 	 0.000 	 90.000
FD10850	35.125 	 0.000 	 90.000
FD10850	35.250 	 0.000 	 90.000
FD10850	35.375 	 0.000 	 90.000
FD10850	35.500 	 0.000 	 90.000
FD10850	35.625 	 0.000 	 90.000
FD10850	35.750 	 0.000 	 90.000
FD10850	35.875 	 0.000 	 90.000
FD10850	36.000 	 0.000 	 90.000
FD10850	36.125 	 0.000 	 90.000
FD10850	36.250 	 0.000 	 90.000
FD10850	36.375 	 0.000 	 90.000
FD10850	36.500 	 0.000 	 90.000
FD10850	36.625 	 0.000 	 90.000
FD10850	36.750 	 0.000 	 90.000
FD10850	36.875 	 0.000 	 90.000
FD10850	37.000 	 0.000 	 90.000
FD10850	37.125 	 0.000 	 90.000
FD10850	37.250 	 0.000 	 90.000
FD10850	37.375 	 0.000 	 90.000
FD10850	37.500 	 0.000 	 90.000
FD10850	37.625 	 0.000 	 90.000
FD10850	37.750 	 0.000 	 90.000
FD10850	37.875 	 0.000 	 90.000
FD10850	38.000 	 0.000 	 90.000
FD10850	38.125 	 0.000 	 90.000
FD10850	38.250 	 0.000 	 90.000
FD10850	38.375 	 0.000 	 90.000
FD10850	38.500 	 0.000 	 90.000
FD10850	38.625 	 0.000 	 90.000
FD10850	38.750 	 0.000 	 90.000
FD10850	38.875 	 0.000 	 90.000
FD10850	39.000 	 0.000 	 90.000
FD10850	39.125 	 0.000 	 90.000
FD10850	39.250 	 0.000 	 90.000
FD10850	39.375 	 0.000 	 90.000
FD10850	39.500 	 0.000 	 90.000
FD10850	39.625 	 0.000 	 90.000
FD10850	39.750 	 0.000 	 90.000
FD10850	39.875 	 0.000 	 90.000
FD10850	40.000 	 0.000 	 90.000
FD10850	40.125 	 0.000 	 90.000
FD10850	40.250 	 0.000 	 90.000
FD10850	40.375 	 0.000 	 90.000
FD10850	40.500 	 0.000 	 90.000
FD10850	40.625 	 0.000 	 90.000
FD10850	40.750 	 0.000 	 90.000
FD10850	40.875 	 0.000 	 90.000
FD10850	41.000 	 0.000 	 90.000
FD10850	41.125 	 0.000 	 90.000
FD10850	41.250 	 0.000 	 90.000
FD10850	41.375 	 0.000 	 90.000
FD10850	41.500 	 0.000 	 90.000
FD10850	41.625 	 0.000 	 90.000
FD10850	41.750 	 0.000 	 90.000
FD10850	41.875 	 0.000 	 90.000
FD10850	42.000 	 0.000 	 90.000
FD10850	42.125 	 0.000 	 90.000
FD10850	42.250 	 0.000 	 90.000
FD10850	42.375 	 0.000 	 90.000
FD10850	42.500 	 0.000 	 90.000
FD10850	42.625 	 0.000 	 90.000
FD10850	42.750 	 0.000 	 90.000
FD10850	42.875 	 0.000 	 90.000
FD10850	43.000 	 0.000 	 90.000
FD10850	43.125 	 1.697 	 248.397
FD10850	43.250 	 1.721 	 249.072
FD10850	43.375 	 1.744 	 249.752
FD10850	43.500 	 1.768 	 250.440
FD10850	43.625 	 1.791 	 251.141
FD10850	43.750 	 1.814 	 251.856
FD10850	43.875 	 1.837 	 252.578
FD10850	44.000 	 1.860 	 253.298
FD10850	44.125 	 1.883 	 254.005
FD10850	44.250 	 1.905 	 254.699
FD10850	44.375 	 1.927 	 255.391
FD10850	44.500 	 1.948 	 256.098
FD10850	44.625 	 1.970 	 256.826
FD10850	44.750 	 1.991 	 257.562
FD10850	44.875 	 2.012 	 258.262
FD10850	45.000 	 2.033 	 258.880
FD10850	45.125 	 2.053 	 259.385
FD10850	45.250 	 2.074 	 259.776
FD10850	45.375 	 2.096 	 260.078
FD10850	45.500 	 2.117 	 260.315
FD10850	45.625 	 2.137 	 260.500
FD10850	45.750 	 2.159 	 260.628
FD10850	45.875 	 2.181 	 260.699
FD10850	46.000 	 2.203 	 260.725
FD10850	46.125 	 2.225 	 260.726
FD10850	46.250 	 2.249 	 260.724
FD10850	46.375 	 2.273 	 260.732
FD10850	46.500 	 2.298 	 260.749
FD10850	46.625 	 2.323 	 260.760
FD10850	46.750 	 2.348 	 260.755
FD10850	46.875 	 2.374 	 260.729
FD10850	47.000 	 2.402 	 260.688
FD10850	47.125 	 2.431 	 260.638
FD10850	47.250 	 2.460 	 260.587
FD10850	47.375 	 2.490 	 260.537
FD10850	47.500 	 2.520 	 260.493
FD10850	47.625 	 2.552 	 260.469
FD10850	47.750 	 2.583 	 260.481
FD10850	47.875 	 2.615 	 260.538
FD10850	48.000 	 2.648 	 260.635
FD10850	48.125 	 2.681 	 260.743
FD10850	48.250 	 2.714 	 260.829
FD10850	48.375 	 2.747 	 260.873
FD10850	48.500 	 2.780 	 260.872
FD10850	48.625 	 2.814 	 260.841
FD10850	48.750 	 2.847 	 260.795
FD10850	48.875 	 2.881 	 260.749
FD10850	49.000 	 2.916 	 260.710
FD10850	49.125 	 2.950 	 260.691
FD10850	49.250 	 2.986 	 260.697
FD10850	49.375 	 3.022 	 260.729
FD10850	49.500 	 3.058 	 260.778
FD10850	49.625 	 3.095 	 260.831
FD10850	49.750 	 3.132 	 260.888
FD10850	49.875 	 3.169 	 260.961
FD10850	50.000 	 3.207 	 261.062
FD10850	50.125 	 3.246 	 261.187
FD10850	50.250 	 3.284 	 261.313
FD10850	50.375 	 3.323 	 261.402
FD10850	50.500 	 3.361 	 261.426
FD10850	50.625 	 3.401 	 261.382
FD10850	50.750 	 3.440 	 261.284
FD10850	50.875 	 3.480 	 261.161
FD10850	51.000 	 3.520 	 261.034
FD10850	51.125 	 3.560 	 260.920
FD10850	51.250 	 3.601 	 260.820
FD10850	51.375 	 3.641 	 260.732
FD10850	51.500 	 3.682 	 260.647
FD10850	51.625 	 3.721 	 260.563
FD10850	51.750 	 3.760 	 260.479
FD10850	51.875 	 3.798 	 260.400
FD10850	52.000 	 3.833 	 260.334
FD10850	52.125 	 3.866 	 260.279
FD10850	52.250 	 3.896 	 260.239
FD10850	52.375 	 3.924 	 260.211
FD10850	52.500 	 3.949 	 260.202
FD10850	52.625 	 3.973 	 260.219
FD10850	52.750 	 3.998 	 260.263
FD10850	52.875 	 4.024 	 260.337
FD10850	53.000 	 4.051 	 260.436
FD10850	53.125 	 4.081 	 260.556
FD10850	53.250 	 4.114 	 260.692
FD10850	53.375 	 4.149 	 260.835
FD10850	53.500 	 4.184 	 260.973
FD10850	53.625 	 4.223 	 261.091
FD10850	53.750 	 4.262 	 261.183
FD10850	53.875 	 4.301 	 261.250
FD10850	54.000 	 4.343 	 261.297
FD10850	54.125 	 4.387 	 261.328
FD10850	54.250 	 4.434 	 261.343
FD10850	54.375 	 4.483 	 261.332
FD10850	54.500 	 4.534 	 261.291
FD10850	54.625 	 4.587 	 261.217
FD10850	54.750 	 4.642 	 261.120
FD10850	54.875 	 4.697 	 261.017
FD10850	55.000 	 4.751 	 260.927
FD10850	55.125 	 4.806 	 260.866
FD10850	55.250 	 4.859 	 260.841
FD10850	55.375 	 4.911 	 260.844
FD10850	55.500 	 4.960 	 260.866
FD10850	55.625 	 5.007 	 260.888
FD10850	55.750 	 5.053 	 260.898
FD10850	55.875 	 5.097 	 260.890
FD10850	56.000 	 5.138 	 260.866
FD10850	56.125 	 5.178 	 260.840
FD10850	56.250 	 5.216 	 260.830
FD10850	56.375 	 5.254 	 260.847
FD10850	56.500 	 5.290 	 260.888
FD10850	56.625 	 5.327 	 260.931
FD10850	56.750 	 5.364 	 260.951
FD10850	56.875 	 5.400 	 260.927
FD10850	57.000 	 5.438 	 260.850
FD10850	57.125 	 5.478 	 260.727
FD10850	57.250 	 5.520 	 260.571
FD10850	57.375 	 5.565 	 260.408
FD10850	57.500 	 5.614 	 260.263
FD10850	57.625 	 5.666 	 260.157
FD10850	57.750 	 5.724 	 260.105
FD10850	57.875 	 5.786 	 260.100
FD10850	58.000 	 5.850 	 260.132
FD10850	58.125 	 5.917 	 260.175
FD10850	58.250 	 5.988 	 260.211
FD10850	58.375 	 6.058 	 260.222
FD10850	58.500 	 6.130 	 260.202
FD10850	58.625 	 6.203 	 260.156
FD10850	58.750 	 6.277 	 260.095
FD10850	58.875 	 6.350 	 260.030
FD10850	59.000 	 6.424 	 259.964
FD10850	59.125 	 6.497 	 259.889
FD10850	59.250 	 6.569 	 259.789
FD10850	59.375 	 6.640 	 259.664
FD10850	59.500 	 6.710 	 259.529
FD10850	59.625 	 6.778 	 259.418
FD10850	59.750 	 6.846 	 259.372
FD10850	59.875 	 6.912 	 259.419
FD10850	60.000 	 6.978 	 259.556
FD10850	60.125 	 7.042 	 259.737
FD10850	60.250 	 7.106 	 259.905
FD10850	60.375 	 7.169 	 260.002
FD10850	60.500 	 7.232 	 260.004
FD10850	60.625 	 7.295 	 259.914
FD10850	60.750 	 7.357 	 259.754
FD10850	60.875 	 7.417 	 259.556
FD10850	61.000 	 7.476 	 259.348
FD10850	61.125 	 7.535 	 259.152
FD10850	61.250 	 7.592 	 258.984
FD10850	61.375 	 7.649 	 258.853
FD10850	61.500 	 7.705 	 258.763
FD10850	61.625 	 7.759 	 258.714
FD10850	61.750 	 7.812 	 258.696
FD10850	61.875 	 7.866 	 258.692
FD10850	62.000 	 7.921 	 258.685
FD10850	62.125 	 7.976 	 258.663
FD10850	62.250 	 8.033 	 258.631
FD10850	62.375 	 8.092 	 258.597
FD10850	62.500 	 8.153 	 258.577
FD10850	62.625 	 8.216 	 258.583
FD10850	62.750 	 8.279 	 258.619
FD10850	62.875 	 8.342 	 258.681
FD10850	63.000 	 8.402 	 258.755
FD10850	63.125 	 8.460 	 258.819
FD10850	63.250 	 8.515 	 258.852
FD10850	63.375 	 8.567 	 258.845
FD10850	63.500 	 8.617 	 258.809
FD10850	63.625 	 8.665 	 258.765
FD10850	63.750 	 8.712 	 258.729
FD10850	63.875 	 8.758 	 258.710
FD10850	64.000 	 8.803 	 258.698
FD10850	64.125 	 8.847 	 258.677
FD10850	64.250 	 8.889 	 258.643
FD10850	64.375 	 8.928 	 258.603
FD10850	64.500 	 8.964 	 258.571
FD10850	64.625 	 8.995 	 258.559
FD10850	64.750 	 9.022 	 258.562
FD10850	64.875 	 9.044 	 258.563
FD10850	65.000 	 9.062 	 258.546
FD10850	65.125 	 9.078 	 258.502
FD10850	65.250 	 9.094 	 258.435
FD10850	65.375 	 9.109 	 258.361
FD10850	65.500 	 9.125 	 258.291
FD10850	65.625 	 9.144 	 258.223
FD10850	65.750 	 9.164 	 258.147
FD10850	65.875 	 9.188 	 258.048
FD10850	66.000 	 9.214 	 257.921
FD10850	66.125 	 9.243 	 257.772
FD10850	66.250 	 9.273 	 257.618
FD10850	66.375 	 9.305 	 257.480
FD10850	66.500 	 9.339 	 257.372
FD10850	66.625 	 9.373 	 257.302
FD10850	66.750 	 9.408 	 257.265
FD10850	66.875 	 9.442 	 257.254
FD10850	67.000 	 9.474 	 257.268
FD10850	67.125 	 9.506 	 257.302
FD10850	67.250 	 9.537 	 257.354
FD10850	67.375 	 9.566 	 257.416
FD10850	67.500 	 9.594 	 257.478
FD10850	67.625 	 9.621 	 257.537
FD10850	67.750 	 9.649 	 257.595
FD10850	67.875 	 9.675 	 257.647
FD10850	68.000 	 9.703 	 257.686
FD10850	68.125 	 9.731 	 257.702
FD10850	68.250 	 9.760 	 257.689
FD10850	68.375 	 9.791 	 257.652
FD10850	68.500 	 9.823 	 257.603
FD10850	68.625 	 9.858 	 257.547
FD10850	68.750 	 9.894 	 257.486
FD10850	68.875 	 9.931 	 257.418
FD10850	69.000 	 9.969 	 257.341
FD10850	69.125 	 10.008 	 257.257
FD10850	69.250 	 10.047 	 257.169
FD10850	69.375 	 10.086 	 257.086
FD10850	69.500 	 10.127 	 257.016
FD10850	69.625 	 10.167 	 256.969
FD10850	69.750 	 10.209 	 256.951
FD10850	69.875 	 10.254 	 256.955
FD10850	70.000 	 10.299 	 256.966
FD10850	70.125 	 10.345 	 256.964
FD10850	70.250 	 10.392 	 256.935
FD10850	70.375 	 10.440 	 256.879
FD10850	70.500 	 10.489 	 256.806
FD10850	70.625 	 10.538 	 256.732
FD10850	70.750 	 10.589 	 256.664
FD10850	70.875 	 10.638 	 256.599
FD10850	71.000 	 10.688 	 256.534
FD10850	71.125 	 10.740 	 256.473
FD10850	71.250 	 10.794 	 256.424
FD10850	71.375 	 10.849 	 256.391
FD10850	71.500 	 10.907 	 256.376
FD10850	71.625 	 10.968 	 256.369
FD10850	71.750 	 11.032 	 256.356
FD10850	71.875 	 11.099 	 256.331
FD10850	72.000 	 11.168 	 256.287
FD10850	72.125 	 11.239 	 256.227
FD10850	72.250 	 11.311 	 256.148
FD10850	72.375 	 11.384 	 256.051
FD10850	72.500 	 11.457 	 255.941
FD10850	72.625 	 11.529 	 255.821
FD10850	72.750 	 11.598 	 255.701
FD10850	72.875 	 11.666 	 255.588
FD10850	73.000 	 11.733 	 255.483
FD10850	73.125 	 11.796 	 255.387
FD10850	73.250 	 11.858 	 255.307
FD10850	73.375 	 11.920 	 255.260
FD10850	73.500 	 11.977 	 255.260
FD10850	73.625 	 12.035 	 255.306
FD10850	73.750 	 12.092 	 255.376
FD10850	73.875 	 12.148 	 255.444
FD10850	74.000 	 12.204 	 255.490
FD10850	74.125 	 12.260 	 255.509
FD10850	74.250 	 12.316 	 255.507
FD10850	74.375 	 12.371 	 255.496
FD10850	74.500 	 12.424 	 255.483
FD10850	74.625 	 12.473 	 255.486
FD10850	74.750 	 12.519 	 255.529
FD10850	74.875 	 12.561 	 255.632
FD10850	75.000 	 12.599 	 255.797
FD10850	75.125 	 12.631 	 255.996
FD10850	75.250 	 12.660 	 256.189
FD10850	75.375 	 12.686 	 256.339
FD10850	75.500 	 12.711 	 256.434
FD10850	75.625 	 12.733 	 256.477
FD10850	75.750 	 12.756 	 256.477
FD10850	75.875 	 12.778 	 256.445
FD10850	76.000 	 12.798 	 256.387
FD10850	76.125 	 12.815 	 256.316
FD10850	76.250 	 12.831 	 256.242
FD10850	76.375 	 12.847 	 256.169
FD10850	76.500 	 12.859 	 256.103
FD10850	76.625 	 12.870 	 256.054
FD10850	76.750 	 12.879 	 256.036
FD10850	76.875 	 12.887 	 256.069
FD10850	77.000 	 12.894 	 256.155
FD10850	77.125 	 12.900 	 256.277
FD10850	77.250 	 12.905 	 256.401
FD10850	77.375 	 12.911 	 256.496
FD10850	77.500 	 12.913 	 256.549
FD10850	77.625 	 12.917 	 256.567
FD10850	77.750 	 12.920 	 256.565
FD10850	77.875 	 12.925 	 256.555
FD10850	78.000 	 12.928 	 256.538
FD10850	78.125 	 12.932 	 256.512
FD10850	78.250 	 12.937 	 256.463
FD10850	78.375 	 12.942 	 256.382
FD10850	78.500 	 12.948 	 256.266
FD10850	78.625 	 12.954 	 256.124
FD10850	78.750 	 12.960 	 255.973
FD10850	78.875 	 12.967 	 255.833
FD10850	79.000 	 12.973 	 255.719
FD10850	79.125 	 12.980 	 255.634
FD10850	79.250 	 12.988 	 255.573
FD10850	79.375 	 12.994 	 255.524
FD10850	79.500 	 13.000 	 255.480
FD10850	79.625 	 13.007 	 255.443
FD10850	79.750 	 13.013 	 255.417
FD10850	79.875 	 13.018 	 255.403
FD10850	80.000 	 13.023 	 255.392
FD10850	80.125 	 13.029 	 255.361
FD10850	80.250 	 13.034 	 255.295
FD10850	80.375 	 13.040 	 255.194
FD10850	80.500 	 13.046 	 255.075
FD10850	80.625 	 13.053 	 254.970
FD10850	80.750 	 13.061 	 254.896
FD10850	80.875 	 13.069 	 254.859
FD10850	81.000 	 13.075 	 254.847
FD10850	81.125 	 13.085 	 254.835
FD10850	81.250 	 13.092 	 254.808
FD10850	81.375 	 13.098 	 254.765
FD10850	81.500 	 13.104 	 254.717
FD10850	81.625 	 13.112 	 254.680
FD10850	81.750 	 13.115 	 254.660
FD10850	81.875 	 13.120 	 254.653
FD10850	82.000 	 13.124 	 254.647
FD10850	82.125 	 13.126 	 254.627
FD10850	82.250 	 13.128 	 254.586
FD10850	82.375 	 13.129 	 254.520
FD10850	82.500 	 13.129 	 254.434
FD10850	82.625 	 13.130 	 254.336
FD10850	82.750 	 13.130 	 254.235
FD10850	82.875 	 13.130 	 254.136
FD10850	83.000 	 13.130 	 254.044
FD10850	83.125 	 13.130 	 253.962
FD10850	83.250 	 13.131 	 253.893
FD10850	83.375 	 13.131 	 253.840
FD10850	83.500 	 13.131 	 253.801
FD10850	83.625 	 13.131 	 253.777
FD10850	83.750 	 13.133 	 253.759
FD10850	83.875 	 13.135 	 253.735
FD10850	84.000 	 13.137 	 253.692
FD10850	84.125 	 13.140 	 253.626
FD10850	84.250 	 13.144 	 253.537
FD10850	84.375 	 13.151 	 253.432
FD10850	84.500 	 13.158 	 253.318
FD10850	84.625 	 13.167 	 253.192
FD10850	84.750 	 13.177 	 253.047
FD10850	84.875 	 13.190 	 252.876
FD10850	85.000 	 13.206 	 252.680
FD10850	85.125 	 13.221 	 252.467
FD10850	85.250 	 13.240 	 252.254
FD10850	85.375 	 13.259 	 252.055
FD10850	85.500 	 13.281 	 251.870
FD10850	85.625 	 13.304 	 251.693
FD10850	85.750 	 13.328 	 251.510
FD10850	85.875 	 13.353 	 251.316
FD10850	86.000 	 13.382 	 251.116
FD10850	86.125 	 13.409 	 250.927
FD10850	86.250 	 13.439 	 250.765
FD10850	86.375 	 13.469 	 250.641
FD10850	86.500 	 13.499 	 250.553
FD10850	86.625 	 13.528 	 250.483
FD10850	86.750 	 13.558 	 250.410
FD10850	86.875 	 13.586 	 250.322
FD10850	87.000 	 13.613 	 250.215
FD10850	87.125 	 13.640 	 250.098
FD10850	87.250 	 13.666 	 249.977
FD10850	87.375 	 13.690 	 249.855
FD10850	87.500 	 13.713 	 249.725
FD10850	87.625 	 13.734 	 249.586
FD10850	87.750 	 13.754 	 249.443
FD10850	87.875 	 13.773 	 249.303
FD10850	88.000 	 13.789 	 249.176
FD10850	88.125 	 13.804 	 249.059
FD10850	88.250 	 13.818 	 248.946
FD10850	88.375 	 13.831 	 248.826
FD10850	88.500 	 13.841 	 248.693
FD10850	88.625 	 13.849 	 248.550
FD10850	88.750 	 13.857 	 248.410
FD10850	88.875 	 13.863 	 248.286
FD10850	89.000 	 13.870 	 248.185
FD10850	89.125 	 13.877 	 248.096
FD10850	89.250 	 13.886 	 248.004
FD10850	89.375 	 13.897 	 247.896
FD10850	89.500 	 13.911 	 247.772
FD10850	89.625 	 13.925 	 247.645
FD10850	89.750 	 13.944 	 247.530
FD10850	89.875 	 13.962 	 247.436
FD10850	90.000 	 13.982 	 247.366
FD10850	90.125 	 14.002 	 247.313
FD10850	90.250 	 14.022 	 247.264
FD10850	90.375 	 14.043 	 247.208
FD10850	90.500 	 14.063 	 247.138
FD10850	90.625 	 14.084 	 247.054
FD10850	90.750 	 14.104 	 246.959
FD10850	90.875 	 14.123 	 246.858
FD10850	91.000 	 14.143 	 246.758
FD10850	91.125 	 14.160 	 246.663
FD10850	91.250 	 14.179 	 246.578
FD10850	91.375 	 14.195 	 246.498
FD10850	91.500 	 14.212 	 246.428
FD10850	91.625 	 14.227 	 246.370
FD10850	91.750 	 14.243 	 246.327
FD10850	91.875 	 14.258 	 246.294
FD10850	92.000 	 14.276 	 246.260
FD10850	92.125 	 14.296 	 246.215
FD10850	92.250 	 14.315 	 246.160
FD10850	92.375 	 14.337 	 246.109
FD10850	92.500 	 14.360 	 246.074
FD10850	92.625 	 14.384 	 246.061
FD10850	92.750 	 14.410 	 246.058
FD10850	92.875 	 14.435 	 246.048
FD10850	93.000 	 14.466 	 246.016
FD10850	93.125 	 14.496 	 245.962
FD10850	93.250 	 14.528 	 245.890
FD10850	93.375 	 14.561 	 245.807
FD10850	93.500 	 14.595 	 245.721
FD10850	93.625 	 14.632 	 245.630
FD10850	93.750 	 14.667 	 245.539
FD10850	93.875 	 14.704 	 245.448
FD10850	94.000 	 14.742 	 245.363
FD10850	94.125 	 14.781 	 245.296
FD10850	94.250 	 14.823 	 245.256
FD10850	94.375 	 14.868 	 245.244
FD10850	94.500 	 14.912 	 245.255
FD10850	94.625 	 14.960 	 245.275
FD10850	94.750 	 15.010 	 245.287
FD10850	94.875 	 15.058 	 245.284
FD10850	95.000 	 15.108 	 245.269
FD10850	95.125 	 15.157 	 245.249
FD10850	95.250 	 15.203 	 245.225
FD10850	95.375 	 15.247 	 245.202
FD10850	95.500 	 15.291 	 245.177
FD10850	95.625 	 15.332 	 245.159
FD10850	95.750 	 15.368 	 245.151
FD10850	95.875 	 15.405 	 245.161
FD10850	96.000 	 15.443 	 245.179
FD10850	96.125 	 15.478 	 245.192
FD10850	96.250 	 15.514 	 245.184
FD10850	96.375 	 15.552 	 245.145
FD10850	96.500 	 15.589 	 245.079
FD10850	96.625 	 15.628 	 245.000
FD10850	96.750 	 15.667 	 244.930
FD10850	96.875 	 15.707 	 244.885
FD10850	97.000 	 15.746 	 244.873
FD10850	97.125 	 15.787 	 244.887
FD10850	97.250 	 15.828 	 244.920
FD10850	97.375 	 15.867 	 244.957
FD10850	97.500 	 15.907 	 244.993
FD10850	97.625 	 15.948 	 245.022
FD10850	97.750 	 15.992 	 245.051
FD10850	97.875 	 16.038 	 245.081
FD10850	98.000 	 16.087 	 245.119
FD10850	98.125 	 16.141 	 245.167
FD10850	98.250 	 16.196 	 245.222
FD10850	98.375 	 16.257 	 245.280
FD10850	98.500 	 16.318 	 245.330
FD10850	98.625 	 16.381 	 245.363
FD10850	98.750 	 16.446 	 245.374
FD10850	98.875 	 16.509 	 245.364
FD10850	99.000 	 16.575 	 245.331
FD10850	99.125 	 16.642 	 245.280
FD10850	99.250 	 16.711 	 245.214
FD10850	99.375 	 16.782 	 245.136
FD10850	99.500 	 16.855 	 245.055
FD10850	99.625 	 16.928 	 244.985
FD10850	99.750 	 17.003 	 244.942
FD10850	99.875 	 17.077 	 244.938
FD10850	100.000 	 17.151 	 244.975
FD10850	100.125 	 17.225 	 245.039
FD10850	100.250 	 17.292 	 245.108
FD10850	100.375 	 17.359 	 245.156
FD10850	100.500 	 17.422 	 245.175
FD10850	100.625 	 17.481 	 245.168
FD10850	100.750 	 17.539 	 245.160
FD10850	100.875 	 17.594 	 245.166
FD10850	101.000 	 17.652 	 245.195
FD10850	101.125 	 17.709 	 245.241
FD10850	101.250 	 17.769 	 245.288
FD10850	101.375 	 17.831 	 245.333
FD10850	101.500 	 17.896 	 245.373
FD10850	101.625 	 17.963 	 245.410
FD10850	101.750 	 18.035 	 245.446
FD10850	101.875 	 18.104 	 245.475
FD10850	102.000 	 18.178 	 245.490
FD10850	102.125 	 18.251 	 245.488
FD10850	102.250 	 18.329 	 245.477
FD10850	102.375 	 18.406 	 245.462
FD10850	102.500 	 18.489 	 245.454
FD10850	102.625 	 18.575 	 245.457
FD10850	102.750 	 18.665 	 245.474
FD10850	102.875 	 18.760 	 245.509
FD10850	103.000 	 18.853 	 245.558
FD10850	103.125 	 18.942 	 245.619
FD10850	103.250 	 19.026 	 245.683
FD10850	103.375 	 19.100 	 245.742
FD10850	103.500 	 19.163 	 245.791
FD10850	103.625 	 19.216 	 245.822
FD10850	103.750 	 19.258 	 245.839
FD10850	103.875 	 19.292 	 245.845
FD10850	104.000 	 19.319 	 245.852
FD10850	104.125 	 19.345 	 245.870
FD10850	104.250 	 19.365 	 245.908
FD10850	104.375 	 19.389 	 245.967
FD10850	104.500 	 19.409 	 246.043
FD10850	104.625 	 19.434 	 246.127
FD10850	104.750 	 19.458 	 246.213
FD10850	104.875 	 19.485 	 246.292
FD10850	105.000 	 19.517 	 246.367
FD10850	105.125 	 19.548 	 246.440
FD10850	105.250 	 19.585 	 246.512
FD10850	105.375 	 19.622 	 246.572
FD10850	105.500 	 19.663 	 246.609
FD10850	105.625 	 19.706 	 246.609
FD10850	105.750 	 19.750 	 246.574
FD10850	105.875 	 19.795 	 246.517
FD10850	106.000 	 19.842 	 246.457
FD10850	106.125 	 19.892 	 246.413
FD10850	106.250 	 19.942 	 246.393
FD10850	106.375 	 19.994 	 246.389
FD10850	106.500 	 20.047 	 246.389
FD10850	106.625 	 20.102 	 246.378
FD10850	106.750 	 20.158 	 246.357
FD10850	106.875 	 20.217 	 246.338
FD10850	107.000 	 20.275 	 246.336
FD10850	107.125 	 20.335 	 246.357
FD10850	107.250 	 20.397 	 246.394
FD10850	107.375 	 20.455 	 246.439
FD10850	107.500 	 20.519 	 246.484
FD10850	107.625 	 20.581 	 246.529
FD10850	107.750 	 20.643 	 246.577
FD10850	107.875 	 20.705 	 246.636
FD10850	108.000 	 20.769 	 246.704
FD10850	108.125 	 20.835 	 246.773
FD10850	108.250 	 20.899 	 246.832
FD10850	108.375 	 20.962 	 246.879
FD10850	108.500 	 21.027 	 246.918
FD10850	108.625 	 21.089 	 246.957
FD10850	108.750 	 21.150 	 246.996
FD10850	108.875 	 21.206 	 247.034
FD10850	109.000 	 21.264 	 247.066
FD10850	109.125 	 21.314 	 247.090
FD10850	109.250 	 21.362 	 247.104
FD10850	109.375 	 21.406 	 247.106
FD10850	109.500 	 21.448 	 247.088
FD10850	109.625 	 21.488 	 247.038
FD10850	109.750 	 21.525 	 246.939
FD10850	109.875 	 21.563 	 246.792
FD10850	110.000 	 21.599 	 246.612
FD10850	110.125 	 21.637 	 246.439
FD10850	110.250 	 21.672 	 246.311
FD10850	110.375 	 21.708 	 246.249
FD10850	110.500 	 21.743 	 246.254
FD10850	110.625 	 21.779 	 246.301
FD10850	110.750 	 21.812 	 246.367
FD10850	110.875 	 21.844 	 246.432
FD10850	111.000 	 21.877 	 246.490
FD10850	111.125 	 21.908 	 246.551
FD10850	111.250 	 21.939 	 246.622
FD10850	111.375 	 21.966 	 246.711
FD10850	111.500 	 21.993 	 246.813
FD10850	111.625 	 22.019 	 246.915
FD10850	111.750 	 22.042 	 247.004
FD10850	111.875 	 22.064 	 247.067
FD10850	112.000 	 22.084 	 247.092
FD10850	112.125 	 22.102 	 247.080
FD10850	112.250 	 22.117 	 247.039
FD10850	112.375 	 22.135 	 246.990
FD10850	112.500 	 22.149 	 246.945
FD10850	112.625 	 22.163 	 246.918
FD10850	112.750 	 22.178 	 246.908
FD10850	112.875 	 22.190 	 246.917
FD10850	113.000 	 22.203 	 246.942
FD10850	113.125 	 22.213 	 246.983
FD10850	113.250 	 22.223 	 247.034
FD10850	113.375 	 22.232 	 247.087
FD10850	113.500 	 22.241 	 247.136
FD10850	113.625 	 22.247 	 247.178
FD10850	113.750 	 22.256 	 247.218
FD10850	113.875 	 22.261 	 247.259
FD10850	114.000 	 22.267 	 247.303
FD10850	114.125 	 22.272 	 247.345
FD10850	114.250 	 22.277 	 247.383
FD10850	114.375 	 22.281 	 247.416
FD10850	114.500 	 22.287 	 247.439
FD10850	114.625 	 22.292 	 247.449
FD10850	114.750 	 22.298 	 247.446
FD10850	114.875 	 22.304 	 247.433
FD10850	115.000 	 22.312 	 247.420
FD10850	115.125 	 22.322 	 247.416
FD10850	115.250 	 22.331 	 247.433
FD10850	115.375 	 22.342 	 247.473
FD10850	115.500 	 22.353 	 247.535
FD10850	115.625 	 22.364 	 247.614
FD10850	115.750 	 22.378 	 247.703
FD10850	115.875 	 22.391 	 247.793
FD10850	116.000 	 22.405 	 247.874
FD10850	116.125 	 22.417 	 247.933
FD10850	116.250 	 22.431 	 247.961
FD10850	116.375 	 22.443 	 247.959
FD10850	116.500 	 22.456 	 247.937
FD10850	116.625 	 22.469 	 247.913
FD10850	116.750 	 22.481 	 247.900
FD10850	116.875 	 22.495 	 247.907
FD10850	117.000 	 22.505 	 247.933
FD10850	117.125 	 22.516 	 247.972
FD10850	117.250 	 22.526 	 248.020
FD10850	117.375 	 22.536 	 248.072
FD10850	117.500 	 22.544 	 248.120
FD10850	117.625 	 22.552 	 248.157
FD10850	117.750 	 22.559 	 248.185
FD10850	117.875 	 22.563 	 248.206
FD10850	118.000 	 22.568 	 248.223
FD10850	118.125 	 22.575 	 248.239
FD10850	118.250 	 22.577 	 248.255
FD10850	118.375 	 22.582 	 248.267
FD10850	118.500 	 22.587 	 248.271
FD10850	118.625 	 22.590 	 248.267
FD10850	118.750 	 22.595 	 248.259
FD10850	118.875 	 22.596 	 248.248
FD10850	119.000 	 22.602 	 248.243
FD10850	119.125 	 22.607 	 248.246
FD10850	119.250 	 22.612 	 248.257
FD10850	119.375 	 22.619 	 248.280
FD10850	119.500 	 22.627 	 248.312
FD10850	119.625 	 22.639 	 248.348
FD10850	119.750 	 22.648 	 248.384
FD10850	119.875 	 22.662 	 248.409
FD10850	120.000 	 22.676 	 248.419
FD10850	120.125 	 22.688 	 248.413
FD10850	120.250 	 22.703 	 248.397
FD10850	120.375 	 22.718 	 248.381
FD10850	120.500 	 22.733 	 248.370
FD10850	120.625 	 22.747 	 248.364
FD10850	120.750 	 22.764 	 248.357
FD10850	120.875 	 22.783 	 248.337
FD10850	121.000 	 22.801 	 248.300
FD10850	121.125 	 22.822 	 248.251
FD10850	121.250 	 22.840 	 248.200
FD10850	121.375 	 22.860 	 248.164
FD10850	121.500 	 22.878 	 248.155
FD10850	121.625 	 22.896 	 248.176
FD10850	121.750 	 22.910 	 248.218
FD10850	121.875 	 22.924 	 248.274
FD10850	122.000 	 22.937 	 248.330
FD10850	122.125 	 22.946 	 248.377
FD10850	122.250 	 22.957 	 248.415
FD10850	122.375 	 22.964 	 248.442
FD10850	122.500 	 22.974 	 248.461
FD10850	122.625 	 22.979 	 248.471
FD10850	122.750 	 22.985 	 248.479
FD10850	122.875 	 22.988 	 248.493
FD10850	123.000 	 22.992 	 248.525
FD10850	123.125 	 22.996 	 248.579
FD10850	123.250 	 23.000 	 248.653
FD10850	123.375 	 23.000 	 248.734
FD10850	123.500 	 23.004 	 248.813
FD10850	123.625 	 23.006 	 248.880
FD10850	123.750 	 23.011 	 248.931
FD10850	123.875 	 23.012 	 248.963
FD10850	124.000 	 23.016 	 248.983
FD10850	124.125 	 23.017 	 248.994
FD10850	124.250 	 23.020 	 249.001
FD10850	124.375 	 23.022 	 249.005
FD10850	124.500 	 23.023 	 249.004
FD10850	124.625 	 23.023 	 248.989
FD10850	124.750 	 23.023 	 248.956
FD10850	124.875 	 23.024 	 248.906
FD10850	125.000 	 23.023 	 248.850
FD10850	125.125 	 23.024 	 248.804
FD10850	125.250 	 23.024 	 248.782
FD10850	125.375 	 23.024 	 248.789
FD10850	125.500 	 23.025 	 248.818
FD10850	125.625 	 23.024 	 248.855
FD10850	125.750 	 23.024 	 248.884
FD10850	125.875 	 23.024 	 248.903
FD10850	126.000 	 23.024 	 248.912
FD10850	126.125 	 23.023 	 248.912
FD10850	126.250 	 23.024 	 248.905
FD10850	126.375 	 23.025 	 248.886
FD10850	126.500 	 23.024 	 248.859
FD10850	126.625 	 23.024 	 248.833
FD10850	126.750 	 23.023 	 248.813
FD10850	126.875 	 23.023 	 248.807
FD10850	127.000 	 23.022 	 248.813
FD10850	127.125 	 23.021 	 248.823
FD10850	127.250 	 23.019 	 248.835
FD10850	127.375 	 23.015 	 248.840
FD10850	127.500 	 23.012 	 248.843
FD10850	127.625 	 23.006 	 248.849
FD10850	127.750 	 23.002 	 248.862
FD10850	127.875 	 22.994 	 248.882
FD10850	128.000 	 22.986 	 248.908
FD10850	128.125 	 22.979 	 248.935
FD10850	128.250 	 22.973 	 248.963
FD10850	128.375 	 22.968 	 248.981
FD10850	128.500 	 22.961 	 248.989
FD10850	128.625 	 22.958 	 248.987
FD10850	128.750 	 22.953 	 248.981
FD10850	128.875 	 22.950 	 248.982
FD10850	129.000 	 22.947 	 248.996
FD10850	129.125 	 22.948 	 249.025
FD10850	129.250 	 22.945 	 249.061
FD10850	129.375 	 22.946 	 249.100
FD10850	129.500 	 22.945 	 249.138
FD10850	129.625 	 22.944 	 249.175
FD10850	129.750 	 22.943 	 249.216
FD10850	129.875 	 22.944 	 249.263
FD10850	130.000 	 22.945 	 249.313
FD10850	130.125 	 22.944 	 249.362
FD10850	130.250 	 22.943 	 249.407
FD10850	130.375 	 22.942 	 249.445
FD10850	130.500 	 22.942 	 249.477
FD10850	130.625 	 22.942 	 249.499
FD10850	130.750 	 22.942 	 249.512
FD10850	130.875 	 22.942 	 249.519
FD10850	131.000 	 22.943 	 249.525
FD10850	131.125 	 22.945 	 249.539
FD10850	131.250 	 22.948 	 249.565
FD10850	131.375 	 22.958 	 249.602
FD10850	131.500 	 22.958 	 249.640
FD10850	131.625 	 22.969 	 249.668
FD10850	131.750 	 22.976 	 249.680
FD10850	131.875 	 22.982 	 249.679
FD10850	132.000 	 22.989 	 249.673
FD10850	132.125 	 23.001 	 249.670
FD10850	132.250 	 23.002 	 249.669
FD10850	132.375 	 23.011 	 249.671
FD10850	132.500 	 23.013 	 249.659
FD10850	132.625 	 23.016 	 249.629
FD10850	132.750 	 23.018 	 249.571
FD10850	132.875 	 23.022 	 249.501
FD10850	133.000 	 23.020 	 249.431
FD10850	133.125 	 23.022 	 249.385
FD10850	133.250 	 23.025 	 249.375
FD10850	133.375 	 23.025 	 249.398
FD10850	133.500 	 23.025 	 249.451
FD10850	133.625 	 23.029 	 249.514
FD10850	133.750 	 23.032 	 249.574
FD10850	133.875 	 23.037 	 249.620
FD10850	134.000 	 23.035 	 249.646
FD10850	134.125 	 23.043 	 249.652
FD10850	134.250 	 23.046 	 249.635
FD10850	134.375 	 23.049 	 249.598
FD10850	134.500 	 23.053 	 249.547
FD10850	134.625 	 23.056 	 249.494
FD10850	134.750 	 23.062 	 249.449
FD10850	134.875 	 23.065 	 249.421
FD10850	135.000 	 23.067 	 249.400
FD10850	135.125 	 23.072 	 249.379
FD10850	135.250 	 23.076 	 249.341
FD10850	135.375 	 23.080 	 249.285
FD10850	135.500 	 23.079 	 249.213
FD10850	135.625 	 23.083 	 249.140
FD10850	135.750 	 23.085 	 249.080
FD10850	135.875 	 23.087 	 249.045
FD10850	136.000 	 23.087 	 249.030
FD10850	136.125 	 23.090 	 249.035
FD10850	136.250 	 23.089 	 249.054
FD10850	136.375 	 23.090 	 249.080
FD10850	136.500 	 23.089 	 249.106
FD10850	136.625 	 23.090 	 249.130
FD10850	136.750 	 23.089 	 249.151
FD10850	136.875 	 23.093 	 249.173
FD10850	137.000 	 23.093 	 249.199
FD10850	137.125 	 23.090 	 249.227
FD10850	137.250 	 23.090 	 249.249
FD10850	137.375 	 23.092 	 249.263
FD10850	137.500 	 23.095 	 249.271
FD10850	137.625 	 23.097 	 249.288
FD10850	137.750 	 23.096 	 249.318
FD10850	137.875 	 23.102 	 249.362
FD10850	138.000 	 23.106 	 249.414
FD10850	138.125 	 23.114 	 249.459
FD10850	138.250 	 23.121 	 249.492
FD10850	138.375 	 23.129 	 249.517
FD10850	138.500 	 23.144 	 249.534
FD10850	138.625 	 23.152 	 249.550
FD10850	138.750 	 23.170 	 249.565
FD10850	138.875 	 23.186 	 249.581
FD10850	139.000 	 23.201 	 249.598
FD10850	139.125 	 23.224 	 249.620
FD10850	139.250 	 23.245 	 249.647
FD10850	139.375 	 23.269 	 249.684
FD10850	139.500 	 23.296 	 249.725
FD10850	139.625 	 23.323 	 249.770
FD10850	139.750 	 23.356 	 249.815
FD10850	139.875 	 23.382 	 249.855
FD10850	140.000 	 23.419 	 249.879
FD10850	140.125 	 23.453 	 249.879
FD10850	140.250 	 23.485 	 249.852
FD10850	140.375 	 23.528 	 249.807
FD10850	140.500 	 23.559 	 249.750
FD10850	140.625 	 23.605 	 249.692
FD10850	140.750 	 23.643 	 249.642
FD10850	140.875 	 23.686 	 249.611
FD10850	141.000 	 23.729 	 249.601
FD10850	141.125 	 23.779 	 249.611
FD10850	141.250 	 23.824 	 249.642
FD10850	141.375 	 23.873 	 249.687
FD10850	141.500 	 23.927 	 249.734
FD10850	141.625 	 23.982 	 249.775
FD10850	141.750 	 24.033 	 249.799
FD10850	141.875 	 24.087 	 249.794
FD10850	142.000 	 24.146 	 249.759
FD10850	142.125 	 24.201 	 249.700
FD10850	142.250 	 24.256 	 249.634
FD10850	142.375 	 24.315 	 249.574
FD10850	142.500 	 24.371 	 249.531
FD10850	142.625 	 24.425 	 249.500
FD10850	142.750 	 24.482 	 249.474
FD10850	142.875 	 24.532 	 249.445
FD10850	143.000 	 24.588 	 249.408
FD10850	143.125 	 24.639 	 249.371
FD10850	143.250 	 24.686 	 249.340
FD10850	143.375 	 24.738 	 249.327
FD10850	143.500 	 24.782 	 249.331
FD10850	143.625 	 24.831 	 249.350
FD10850	143.750 	 24.873 	 249.373
FD10850	143.875 	 24.913 	 249.396
FD10850	144.000 	 24.955 	 249.415
FD10850	144.125 	 24.994 	 249.436
FD10850	144.250 	 25.036 	 249.457
FD10850	144.375 	 25.074 	 249.481
FD10850	144.500 	 25.110 	 249.499
FD10850	144.625 	 25.146 	 249.513
FD10850	144.750 	 25.185 	 249.523
FD10850	144.875 	 25.220 	 249.528
FD10850	145.000 	 25.255 	 249.529
FD10850	145.125 	 25.288 	 249.523
FD10850	145.250 	 25.321 	 249.519
FD10850	145.375 	 25.353 	 249.517
FD10850	145.500 	 25.384 	 249.522
FD10850	145.625 	 25.414 	 249.532
FD10850	145.750 	 25.440 	 249.547
FD10850	145.875 	 25.467 	 249.565
FD10850	146.000 	 25.492 	 249.587
FD10850	146.125 	 25.511 	 249.616
FD10850	146.250 	 25.533 	 249.650
FD10850	146.375 	 25.555 	 249.698
FD10850	146.500 	 25.568 	 249.765
FD10850	146.625 	 25.584 	 249.846
FD10850	146.750 	 25.598 	 249.924
FD10850	146.875 	 25.612 	 249.981
FD10850	147.000 	 25.625 	 249.999
FD10850	147.125 	 25.636 	 249.977
FD10850	147.250 	 25.653 	 249.927
FD10850	147.375 	 25.664 	 249.861
FD10850	147.500 	 25.675 	 249.795
FD10850	147.625 	 25.693 	 249.740
FD10850	147.750 	 25.712 	 249.696
FD10850	147.875 	 25.726 	 249.665
FD10850	148.000 	 25.739 	 249.641
FD10850	148.125 	 25.761 	 249.622
FD10850	148.250 	 25.783 	 249.603
FD10850	148.375 	 25.799 	 249.589
FD10850	148.500 	 25.822 	 249.587
FD10850	148.625 	 25.847 	 249.596
FD10850	148.750 	 25.868 	 249.608
FD10850	148.875 	 25.889 	 249.616
FD10850	149.000 	 25.911 	 249.618
FD10850	149.125 	 25.937 	 249.614
FD10850	149.250 	 25.955 	 249.613
FD10850	149.375 	 25.977 	 249.620
FD10850	149.500 	 25.992 	 249.636
FD10850	149.625 	 26.013 	 249.658
FD10850	149.750 	 26.028 	 249.684
FD10850	149.875 	 26.040 	 249.708
FD10850	150.000 	 26.058 	 249.738
FD10850	150.125 	 26.068 	 249.767
FD10850	150.250 	 26.085 	 249.797
FD10850	150.375 	 26.094 	 249.821
FD10850	150.500 	 26.105 	 249.831
FD10850	150.625 	 26.114 	 249.837
FD10850	150.750 	 26.122 	 249.841
FD10850	150.875 	 26.136 	 249.857
FD10850	151.000 	 26.144 	 249.881
FD10850	151.125 	 26.154 	 249.906
FD10850	151.250 	 26.160 	 249.925
FD10850	151.375 	 26.170 	 249.933
FD10850	151.500 	 26.176 	 249.936
FD10850	151.625 	 26.186 	 249.938
FD10850	151.750 	 26.191 	 249.941
FD10850	151.875 	 26.200 	 249.940
FD10850	152.000 	 26.204 	 249.934
FD10850	152.125 	 26.210 	 249.925
FD10850	152.250 	 26.214 	 249.919
FD10850	152.375 	 26.224 	 249.913
FD10850	152.500 	 26.225 	 249.914
FD10850	152.625 	 26.228 	 249.916
FD10850	152.750 	 26.234 	 249.923
FD10850	152.875 	 26.235 	 249.931
FD10850	153.000 	 26.237 	 249.944
FD10850	153.125 	 26.237 	 249.955
FD10850	153.250 	 26.238 	 249.969
FD10850	153.375 	 26.238 	 249.982
FD10850	153.500 	 26.239 	 250.000
FD10850	153.625 	 26.239 	 250.016
FD10850	153.750 	 26.240 	 250.027
FD10850	153.875 	 26.245 	 250.020
FD10850	154.000 	 26.248 	 249.993
FD10850	154.125 	 26.250 	 249.947
FD10850	154.250 	 26.261 	 249.887
FD10850	154.375 	 26.268 	 249.822
FD10850	154.500 	 26.277 	 249.764
FD10850	154.625 	 26.295 	 249.717
FD10850	154.750 	 26.312 	 249.688
FD10850	154.875 	 26.332 	 249.677
FD10850	155.000 	 26.353 	 249.680
FD10850	155.125 	 26.378 	 249.698
FD10850	155.250 	 26.405 	 249.724
FD10850	155.375 	 26.429 	 249.755
FD10850	155.500 	 26.458 	 249.781
FD10850	155.625 	 26.485 	 249.803
FD10850	155.750 	 26.512 	 249.822
FD10850	155.875 	 26.541 	 249.841
FD10850	156.000 	 26.574 	 249.859
FD10850	156.125 	 26.606 	 249.879
FD10850	156.250 	 26.631 	 249.895
FD10850	156.375 	 26.671 	 249.914
FD10850	156.500 	 26.705 	 249.931
FD10850	156.625 	 26.739 	 249.945
FD10850	156.750 	 26.777 	 249.948
FD10850	156.875 	 26.819 	 249.937
FD10850	157.000 	 26.853 	 249.913
FD10850	157.125 	 26.893 	 249.881
FD10850	157.250 	 26.932 	 249.845
FD10850	157.375 	 26.965 	 249.810
FD10850	157.500 	 27.001 	 249.781
FD10850	157.625 	 27.033 	 249.768
FD10850	157.750 	 27.065 	 249.782
FD10850	157.875 	 27.096 	 249.822
FD10850	158.000 	 27.130 	 249.879
FD10850	158.125 	 27.155 	 249.936
FD10850	158.250 	 27.192 	 249.981
FD10850	158.375 	 27.219 	 250.003
FD10850	158.500 	 27.248 	 250.009
FD10850	158.625 	 27.277 	 250.011
FD10850	158.750 	 27.306 	 250.023
FD10850	158.875 	 27.328 	 250.052
FD10850	159.000 	 27.354 	 250.100
FD10850	159.125 	 27.379 	 250.157
FD10850	159.250 	 27.400 	 250.211
FD10850	159.375 	 27.424 	 250.248
FD10850	159.500 	 27.446 	 250.257
FD10850	159.625 	 27.468 	 250.238
FD10850	159.750 	 27.492 	 250.198
FD10850	159.875 	 27.510 	 250.149
FD10850	160.000 	 27.532 	 250.104
FD10850	160.125 	 27.543 	 250.064
FD10850	160.250 	 27.559 	 250.024
FD10850	160.375 	 27.565 	 249.977
FD10850	160.500 	 27.568 	 249.925
FD10850	160.625 	 27.567 	 249.877
FD10850	160.750 	 27.563 	 249.842
FD10850	160.875 	 27.551 	 249.829
FD10850	161.000 	 27.539 	 249.843
FD10850	161.125 	 27.523 	 249.872
FD10850	161.250 	 27.505 	 249.909
FD10850	161.375 	 27.483 	 249.943
FD10850	161.500 	 27.466 	 249.970
FD10850	161.625 	 27.442 	 249.988
FD10850	161.750 	 27.420 	 250.006
FD10850	161.875 	 27.397 	 250.023
FD10850	162.000 	 27.374 	 250.052
FD10850	162.125 	 27.349 	 250.084
FD10850	162.250 	 27.319 	 250.119
FD10850	162.375 	 27.291 	 250.153
FD10850	162.500 	 27.257 	 250.178
FD10850	162.625 	 27.229 	 250.200
FD10850	162.750 	 27.195 	 250.220
FD10850	162.875 	 27.167 	 250.232
FD10850	163.000 	 27.137 	 250.234
FD10850	163.125 	 27.110 	 250.217
FD10850	163.250 	 27.081 	 250.175
FD10850	163.375 	 27.055 	 250.119
FD10850	163.500 	 27.036 	 250.055
FD10850	163.625 	 27.014 	 249.998
FD10850	163.750 	 26.991 	 249.947
FD10850	163.875 	 26.974 	 249.910
FD10850	164.000 	 26.958 	 249.884
FD10850	164.125 	 26.942 	 249.866
FD10850	164.250 	 26.928 	 249.855
FD10850	164.375 	 26.920 	 249.862
FD10850	164.500 	 26.907 	 249.884
FD10850	164.625 	 26.897 	 249.938
FD10850	164.750 	 26.889 	 250.015
FD10850	164.875 	 26.879 	 250.107
FD10850	165.000 	 26.870 	 250.197
FD10850	165.125 	 26.865 	 250.265
FD10850	165.250 	 26.858 	 250.302
FD10850	165.375 	 26.853 	 250.305
FD10850	165.500 	 26.839 	 250.285
FD10850	165.625 	 26.832 	 250.264
FD10850	165.750 	 26.827 	 250.258
FD10850	165.875 	 26.811 	 250.273
FD10850	166.000 	 26.809 	 250.310
FD10850	166.125 	 26.796 	 250.346
FD10850	166.250 	 26.792 	 250.370
FD10850	166.375 	 26.783 	 250.377
FD10850	166.500 	 26.781 	 250.371
FD10850	166.625 	 26.775 	 250.358
FD10850	166.750 	 26.774 	 250.347
FD10850	166.875 	 26.773 	 250.333
FD10850	167.000 	 26.773 	 250.312
FD10850	167.125 	 26.777 	 250.280
FD10850	167.250 	 26.779 	 250.246
FD10850	167.375 	 26.776 	 250.222
FD10850	167.500 	 26.775 	 250.214
FD10850	167.625 	 26.781 	 250.232
FD10850	167.750 	 26.780 	 250.261
FD10850	167.875 	 26.776 	 250.288
FD10850	168.000 	 26.781 	 250.301
FD10850	168.125 	 26.779 	 250.277
FD10850	168.250 	 26.777 	 250.215
FD10850	168.375 	 26.778 	 250.116
FD10850	168.500 	 26.781 	 249.995
FD10850	168.625 	 26.780 	 249.875
FD10850	168.750 	 26.775 	 249.783
FD10850	168.875 	 26.777 	 249.740
FD10850	169.000 	 26.784 	 249.748
FD10850	169.125 	 26.778 	 249.791
FD10850	169.250 	 26.779 	 249.848
FD10850	169.375 	 26.786 	 249.897
FD10850	169.500 	 26.783 	 249.933
FD10850	169.625 	 26.792 	 249.960
FD10850	169.750 	 26.796 	 249.989
FD10850	169.875 	 26.800 	 250.022
FD10850	170.000 	 26.804 	 250.061
FD10850	170.125 	 26.809 	 250.098
FD10850	170.250 	 26.821 	 250.125
FD10850	170.375 	 26.824 	 250.140
FD10850	170.500 	 26.833 	 250.144
FD10850	170.625 	 26.840 	 250.141
FD10850	170.750 	 26.843 	 250.146
FD10850	170.875 	 26.854 	 250.158
FD10850	171.000 	 26.860 	 250.174
FD10850	171.125 	 26.865 	 250.184
FD10850	171.250 	 26.869 	 250.190
FD10850	171.375 	 26.877 	 250.203
FD10850	171.500 	 26.881 	 250.224
FD10850	171.625 	 26.889 	 250.259
FD10850	171.750 	 26.892 	 250.294
FD10850	171.875 	 26.896 	 250.321
FD10850	172.000 	 26.899 	 250.323
FD10850	172.125 	 26.901 	 250.303
FD10850	172.250 	 26.910 	 250.269
FD10850	172.375 	 26.906 	 250.228
FD10850	172.500 	 26.912 	 250.189
FD10850	172.625 	 26.908 	 250.159
FD10850	172.750 	 26.914 	 250.129
FD10850	172.875 	 26.906 	 250.097
FD10850	173.000 	 26.910 	 250.062
FD10850	173.125 	 26.900 	 250.031
FD10850	173.250 	 26.898 	 250.014
FD10850	173.375 	 26.893 	 250.013
FD10850	173.500 	 26.889 	 250.030
FD10850	173.625 	 26.878 	 250.058
FD10850	173.750 	 26.872 	 250.092
FD10850	173.875 	 26.859 	 250.125
FD10850	174.000 	 26.849 	 250.144
FD10850	174.125 	 26.843 	 250.157
FD10850	174.250 	 26.832 	 250.165
FD10850	174.375 	 26.822 	 250.188
FD10850	174.500 	 26.813 	 250.227
FD10850	174.625 	 26.807 	 250.276
FD10850	174.750 	 26.795 	 250.316
FD10850	174.875 	 26.789 	 250.335
FD10850	175.000 	 26.790 	 250.329
FD10850	175.125 	 26.781 	 250.312
FD10850	175.250 	 26.782 	 250.295
FD10850	175.375 	 26.781 	 250.299
FD10850	175.500 	 26.778 	 250.331
FD10850	175.625 	 26.782 	 250.388
FD10850	175.750 	 26.784 	 250.454
FD10850	175.875 	 26.785 	 250.513
FD10850	176.000 	 26.787 	 250.549
FD10850	176.125 	 26.792 	 250.560
FD10850	176.250 	 26.793 	 250.552
FD10850	176.375 	 26.799 	 250.535
FD10850	176.500 	 26.800 	 250.525
FD10850	176.625 	 26.805 	 250.527
FD10850	176.750 	 26.810 	 250.537
FD10850	176.875 	 26.810 	 250.545
FD10850	177.000 	 26.816 	 250.542
FD10850	177.125 	 26.817 	 250.521
FD10850	177.250 	 26.824 	 250.495
FD10850	177.375 	 26.822 	 250.464
FD10850	177.500 	 26.825 	 250.445
FD10850	177.625 	 26.829 	 250.433
FD10850	177.750 	 26.832 	 250.426
FD10850	177.875 	 26.838 	 250.417
FD10850	178.000 	 26.841 	 250.409
FD10850	178.125 	 26.842 	 250.403
FD10850	178.250 	 26.849 	 250.398
FD10850	178.375 	 26.853 	 250.394
FD10850	178.500 	 26.863 	 250.394
FD10850	178.625 	 26.871 	 250.396
FD10850	178.750 	 26.876 	 250.406
FD10850	178.875 	 26.883 	 250.425
FD10850	179.000 	 26.891 	 250.447
FD10850	179.125 	 26.897 	 250.464
FD10850	179.250 	 26.906 	 250.468
FD10850	179.375 	 26.911 	 250.451
FD10850	179.500 	 26.920 	 250.416
FD10850	179.625 	 26.922 	 250.371
FD10850	179.750 	 26.927 	 250.335
FD10850	179.875 	 26.928 	 250.316
FD10850	180.000 	 26.928 	 250.314
FD10850	180.125 	 26.932 	 250.320
FD10850	180.250 	 26.931 	 250.322
FD10850	180.375 	 26.927 	 250.310
FD10850	180.500 	 26.925 	 250.290
FD10850	180.625 	 26.922 	 250.265
FD10850	180.750 	 26.920 	 250.250
FD10850	180.875 	 26.913 	 250.241
FD10850	181.000 	 26.909 	 250.241
FD10850	181.125 	 26.907 	 250.244
FD10850	181.250 	 26.906 	 250.243
FD10850	181.375 	 26.900 	 250.240
FD10850	181.500 	 26.903 	 250.248
FD10850	181.625 	 26.898 	 250.273
FD10850	181.750 	 26.898 	 250.329
FD10850	181.875 	 26.904 	 250.415
FD10850	182.000 	 26.906 	 250.521
FD10850	182.125 	 26.905 	 250.628
FD10850	182.250 	 26.915 	 250.723
FD10850	182.375 	 26.916 	 250.797
FD10850	182.500 	 26.923 	 250.850
FD10850	182.625 	 26.928 	 250.885
FD10850	182.750 	 26.937 	 250.907
FD10850	182.875 	 26.943 	 250.920
FD10850	183.000 	 26.950 	 250.914
FD10850	183.125 	 26.955 	 250.892
FD10850	183.250 	 26.961 	 250.853
FD10850	183.375 	 26.969 	 250.795
FD10850	183.500 	 26.973 	 250.713
FD10850	183.625 	 26.982 	 250.607
FD10850	183.750 	 26.986 	 250.482
FD10850	183.875 	 26.989 	 250.350
FD10850	184.000 	 26.992 	 250.235
FD10850	184.125 	 26.997 	 250.157
FD10850	184.250 	 26.997 	 250.119
FD10850	184.375 	 26.994 	 250.113
FD10850	184.500 	 26.995 	 250.123
FD10850	184.625 	 26.992 	 250.137
FD10850	184.750 	 26.990 	 250.141
FD10850	184.875 	 26.987 	 250.135
FD10850	185.000 	 26.986 	 250.129
FD10850	185.125 	 26.985 	 250.129
FD10850	185.250 	 26.986 	 250.145
FD10850	185.375 	 26.985 	 250.172
FD10850	185.500 	 26.985 	 250.218
FD10850	185.625 	 26.985 	 250.275
FD10850	185.750 	 26.989 	 250.340
FD10850	185.875 	 26.990 	 250.402
FD10850	186.000 	 26.995 	 250.459
FD10850	186.125 	 26.994 	 250.509
FD10850	186.250 	 27.001 	 250.556
FD10850	186.375 	 27.001 	 250.596
FD10850	186.500 	 27.004 	 250.636
FD10850	186.625 	 27.004 	 250.672
FD10850	186.750 	 27.009 	 250.705
FD10850	186.875 	 27.006 	 250.738
FD10850	187.000 	 27.006 	 250.773
FD10850	187.125 	 27.011 	 250.810
FD10850	187.250 	 27.006 	 250.852
FD10850	187.375 	 27.010 	 250.896
FD10850	187.500 	 27.007 	 250.929
FD10850	187.625 	 27.011 	 250.948
FD10850	187.750 	 27.009 	 250.943
FD10850	187.875 	 27.015 	 250.918
FD10850	188.000 	 27.016 	 250.875
FD10850	188.125 	 27.021 	 250.832
FD10850	188.250 	 27.028 	 250.788
FD10850	188.375 	 27.035 	 250.752
FD10850	188.500 	 27.044 	 250.714
FD10850	188.625 	 27.051 	 250.675
FD10850	188.750 	 27.062 	 250.631
FD10850	188.875 	 27.067 	 250.581
FD10850	189.000 	 27.078 	 250.539
FD10850	189.125 	 27.089 	 250.508
FD10850	189.250 	 27.095 	 250.492
FD10850	189.375 	 27.102 	 250.497
FD10850	189.500 	 27.118 	 250.525
FD10850	189.625 	 27.125 	 250.568
FD10850	189.750 	 27.139 	 250.629
FD10850	189.875 	 27.149 	 250.699
FD10850	190.000 	 27.167 	 250.778
FD10850	190.125 	 27.183 	 250.864
FD10850	190.250 	 27.194 	 250.949
FD10850	190.375 	 27.213 	 251.024
FD10850	190.500 	 27.226 	 251.085
FD10850	190.625 	 27.235 	 251.125
FD10850	190.750 	 27.249 	 251.152
FD10850	190.875 	 27.259 	 251.162
FD10850	191.000 	 27.266 	 251.158
FD10850	191.125 	 27.276 	 251.137
FD10850	191.250 	 27.283 	 251.107
FD10850	191.375 	 27.294 	 251.079
FD10850	191.500 	 27.303 	 251.083
FD10850	191.625 	 27.309 	 251.137
FD10850	191.750 	 27.320 	 251.244
FD10850	191.875 	 27.327 	 251.374
FD10850	192.000 	 27.332 	 251.505
FD10850	192.125 	 27.343 	 251.610
FD10850	192.250 	 27.347 	 251.683
FD10850	192.375 	 27.354 	 251.738
FD10850	192.500 	 27.361 	 251.792
FD10850	192.625 	 27.366 	 251.858
FD10850	192.750 	 27.375 	 251.931
FD10850	192.875 	 27.383 	 252.010
FD10850	193.000 	 27.388 	 252.082
FD10850	193.125 	 27.392 	 252.148
FD10850	193.250 	 27.403 	 252.211
FD10850	193.375 	 27.405 	 252.273
FD10850	193.500 	 27.411 	 252.343
FD10850	193.625 	 27.415 	 252.414
FD10850	193.750 	 27.417 	 252.485
FD10850	193.875 	 27.420 	 252.557
FD10850	194.000 	 27.428 	 252.628
FD10850	194.125 	 27.431 	 252.690
FD10850	194.250 	 27.438 	 252.747
FD10850	194.375 	 27.441 	 252.793
FD10850	194.500 	 27.451 	 252.826
FD10850	194.625 	 27.452 	 252.860
FD10850	194.750 	 27.458 	 252.897
FD10850	194.875 	 27.463 	 252.940
FD10850	195.000 	 27.470 	 252.995
FD10850	195.125 	 27.475 	 253.050
FD10850	195.250 	 27.480 	 253.113
FD10850	195.375 	 27.491 	 253.168
FD10850	195.500 	 27.496 	 253.216
FD10850	195.625 	 27.510 	 253.249
FD10850	195.750 	 27.515 	 253.272
FD10850	195.875 	 27.529 	 253.283
FD10850	196.000 	 27.537 	 253.290
FD10850	196.125 	 27.544 	 253.287
FD10850	196.250 	 27.558 	 253.279
FD10850	196.375 	 27.565 	 253.278
FD10850	196.500 	 27.568 	 253.288
FD10850	196.625 	 27.574 	 253.332
FD10850	196.750 	 27.581 	 253.399
FD10850	196.875 	 27.582 	 253.479
FD10850	197.000 	 27.590 	 253.565
FD10850	197.125 	 27.586 	 253.647
FD10850	197.250 	 27.592 	 253.722
FD10850	197.375 	 27.593 	 253.788
FD10850	197.500 	 27.589 	 253.838
FD10850	197.625 	 27.593 	 253.860
FD10850	197.750 	 27.595 	 253.859
FD10850	197.875 	 27.589 	 253.836
FD10850	198.000 	 27.595 	 253.815
FD10850	198.125 	 27.594 	 253.794
FD10850	198.250 	 27.597 	 253.800
FD10850	198.375 	 27.599 	 253.827
FD10850	198.500 	 27.604 	 253.864
FD10850	198.625 	 27.604 	 253.907
FD10850	198.750 	 27.608 	 253.939
FD10850	198.875 	 27.609 	 253.956
FD10850	199.000 	 27.608 	 253.949
FD10850	199.125 	 27.610 	 253.921
FD10850	199.250 	 27.607 	 253.888
FD10850	199.375 	 27.603 	 253.861
FD10850	199.500 	 27.596 	 253.859
FD10850	199.625 	 27.590 	 253.870
FD10850	199.750 	 27.579 	 253.894
FD10850	199.875 	 27.570 	 253.919
FD10850	200.000 	 27.563 	 253.936
FD10850	200.125 	 27.555 	 253.947
FD10850	200.250 	 27.552 	 253.950
FD10850	200.375 	 27.550 	 253.947
FD10850	200.500 	 27.548 	 253.940
FD10850	200.625 	 27.549 	 253.930
FD10850	200.750 	 27.548 	 253.916
FD10850	200.875 	 27.551 	 253.902
FD10850	201.000 	 27.552 	 253.881
FD10850	201.125 	 27.559 	 253.864
FD10850	201.250 	 27.555 	 253.842
FD10850	201.375 	 27.561 	 253.830
FD10850	201.500 	 27.561 	 253.832
FD10850	201.625 	 27.564 	 253.844
FD10850	201.750 	 27.567 	 253.876
FD10850	201.875 	 27.569 	 253.911
FD10850	202.000 	 27.575 	 253.946
FD10850	202.125 	 27.573 	 253.971
FD10850	202.250 	 27.578 	 253.975
FD10850	202.375 	 27.580 	 253.966
FD10850	202.500 	 27.584 	 253.933
FD10850	202.625 	 27.585 	 253.890
FD10850	202.750 	 27.590 	 253.841
FD10850	202.875 	 27.592 	 253.801
FD10850	203.000 	 27.591 	 253.781
FD10850	203.125 	 27.596 	 253.780
FD10850	203.250 	 27.598 	 253.795
FD10850	203.375 	 27.603 	 253.816
FD10850	203.500 	 27.599 	 253.835
FD10850	203.625 	 27.602 	 253.851
FD10850	203.750 	 27.607 	 253.854
FD10850	203.875 	 27.610 	 253.856
FD10850	204.000 	 27.613 	 253.854
FD10850	204.125 	 27.617 	 253.847
FD10850	204.250 	 27.624 	 253.840
FD10850	204.375 	 27.627 	 253.831
FD10850	204.500 	 27.635 	 253.830
FD10850	204.625 	 27.635 	 253.830
FD10850	204.750 	 27.641 	 253.848
FD10850	204.875 	 27.642 	 253.872
FD10850	205.000 	 27.643 	 253.899
FD10850	205.125 	 27.643 	 253.910
FD10850	205.250 	 27.648 	 253.910
FD10850	205.375 	 27.644 	 253.893
FD10850	205.500 	 27.645 	 253.884
FD10850	205.625 	 27.643 	 253.897
FD10850	205.750 	 27.644 	 253.946
FD10850	205.875 	 27.648 	 254.025
FD10850	206.000 	 27.644 	 254.123
FD10850	206.125 	 27.645 	 254.229
FD10850	206.250 	 27.644 	 254.330
FD10850	206.375 	 27.644 	 254.413
FD10850	206.500 	 27.647 	 254.471
FD10850	206.625 	 27.645 	 254.505
FD10850	206.750 	 27.643 	 254.521
FD10850	206.875 	 27.644 	 254.540
FD10850	207.000 	 27.645 	 254.581
FD10850	207.125 	 27.648 	 254.651
FD10850	207.250 	 27.643 	 254.748
FD10850	207.375 	 27.645 	 254.850
FD10850	207.500 	 27.644 	 254.930
FD10850	207.625 	 27.647 	 254.973
FD10850	207.750 	 27.645 	 254.967
FD10850	207.875 	 27.644 	 254.926
FD10850	208.000 	 27.644 	 254.858
FD10850	208.125 	 27.645 	 254.773
FD10850	208.250 	 27.643 	 254.678
FD10850	208.375 	 27.646 	 254.595
FD10850	208.500 	 27.642 	 254.534
FD10850	208.625 	 27.638 	 254.514
FD10850	208.750 	 27.638 	 254.536
FD10850	208.875 	 27.637 	 254.588
FD10850	209.000 	 27.631 	 254.656
FD10850	209.125 	 27.628 	 254.713
FD10850	209.250 	 27.627 	 254.761
FD10850	209.375 	 27.624 	 254.788
FD10850	209.500 	 27.622 	 254.807
FD10850	209.625 	 27.619 	 254.822
FD10850	209.750 	 27.622 	 254.822
FD10850	209.875 	 27.618 	 254.800
FD10850	210.000 	 27.621 	 254.749
FD10850	210.125 	 27.622 	 254.667
FD10850	210.250 	 27.621 	 254.579
FD10850	210.375 	 27.627 	 254.493
FD10850	210.500 	 27.633 	 254.426
FD10850	210.625 	 27.635 	 254.379
FD10850	210.750 	 27.647 	 254.349
FD10850	210.875 	 27.653 	 254.336
FD10850	211.000 	 27.665 	 254.348
FD10850	211.125 	 27.672 	 254.384
FD10850	211.250 	 27.679 	 254.439
FD10850	211.375 	 27.685 	 254.494
FD10850	211.500 	 27.694 	 254.531
FD10850	211.625 	 27.692 	 254.530
FD10850	211.750 	 27.697 	 254.502
FD10850	211.875 	 27.695 	 254.462
FD10850	212.000 	 27.699 	 254.427
FD10850	212.125 	 27.701 	 254.414
FD10850	212.250 	 27.701 	 254.426
FD10850	212.375 	 27.701 	 254.454
FD10850	212.500 	 27.704 	 254.500
FD10850	212.625 	 27.704 	 254.552
FD10850	212.750 	 27.707 	 254.608
FD10850	212.875 	 27.712 	 254.668
FD10850	213.000 	 27.713 	 254.717
FD10850	213.125 	 27.718 	 254.759
FD10850	213.250 	 27.718 	 254.788
FD10850	213.375 	 27.720 	 254.794
FD10850	213.500 	 27.722 	 254.783
FD10850	213.625 	 27.726 	 254.760
FD10850	213.750 	 27.723 	 254.738
FD10850	213.875 	 27.726 	 254.733
FD10850	214.000 	 27.723 	 254.755
FD10850	214.125 	 27.727 	 254.808
FD10850	214.250 	 27.724 	 254.878
FD10850	214.375 	 27.728 	 254.943
FD10850	214.500 	 27.729 	 254.980
FD10850	214.625 	 27.726 	 254.956
FD10850	214.750 	 27.731 	 254.859
FD10850	214.875 	 27.731 	 254.696
FD10850	215.000 	 27.735 	 254.494
FD10850	215.125 	 27.741 	 254.299
FD10850	215.250 	 27.739 	 254.143
FD10850	215.375 	 27.744 	 254.057
FD10850	215.500 	 27.747 	 254.018
FD10850	215.625 	 27.747 	 253.994
FD10850	215.750 	 27.749 	 253.962
FD10850	215.875 	 27.747 	 253.907
FD10850	216.000 	 27.746 	 253.835
FD10850	216.125 	 27.745 	 253.766
FD10850	216.250 	 27.743 	 253.710
FD10850	216.375 	 27.738 	 253.684
FD10850	216.500 	 27.740 	 253.683
FD10850	216.625 	 27.736 	 253.713
FD10850	216.750 	 27.738 	 253.766
FD10850	216.875 	 27.742 	 253.829
FD10850	217.000 	 27.746 	 253.888
FD10850	217.125 	 27.750 	 253.940
FD10850	217.250 	 27.752 	 253.973
FD10850	217.375 	 27.760 	 253.993
FD10850	217.500 	 27.762 	 254.002
FD10850	217.625 	 27.770 	 254.014
FD10850	217.750 	 27.768 	 254.028
FD10850	217.875 	 27.774 	 254.046
FD10850	218.000 	 27.776 	 254.074
FD10850	218.125 	 27.776 	 254.102
FD10850	218.250 	 27.778 	 254.126
FD10850	218.375 	 27.779 	 254.139
FD10850	218.500 	 27.780 	 254.134
FD10850	218.625 	 27.782 	 254.107
FD10850	218.750 	 27.786 	 254.054
FD10850	218.875 	 27.784 	 253.977
FD10850	219.000 	 27.789 	 253.882
FD10850	219.125 	 27.792 	 253.787
FD10850	219.250 	 27.794 	 253.706
FD10850	219.375 	 27.801 	 253.650
FD10850	219.500 	 27.801 	 253.611
FD10850	219.625 	 27.807 	 253.572
FD10850	219.750 	 27.814 	 253.502
FD10850	219.875 	 27.814 	 253.382
FD10850	220.000 	 27.819 	 253.213
FD10850	220.125 	 27.819 	 253.029
FD10850	220.250 	 27.821 	 252.872
FD10850	220.375 	 27.820 	 252.765
FD10850	220.500 	 27.816 	 252.708
FD10850	220.625 	 27.818 	 252.683
FD10850	220.750 	 27.811 	 252.678
FD10850	220.875 	 27.808 	 252.676
FD10850	221.000 	 27.803 	 252.674
FD10850	221.125 	 27.794 	 252.671
FD10850	221.250 	 27.787 	 252.662
FD10850	221.375 	 27.773 	 252.645
FD10850	221.500 	 27.769 	 252.620
FD10850	221.625 	 27.754 	 252.586
FD10850	221.750 	 27.746 	 252.550
FD10850	221.875 	 27.733 	 252.511
FD10850	222.000 	 27.727 	 252.483
FD10850	222.125 	 27.713 	 252.475
FD10850	222.250 	 27.704 	 252.498
FD10850	222.375 	 27.694 	 252.547
FD10850	222.500 	 27.693 	 252.610
FD10850	222.625 	 27.681 	 252.677
FD10850	222.750 	 27.679 	 252.742
FD10850	222.875 	 27.675 	 252.802
FD10850	223.000 	 27.673 	 252.850
FD10850	223.125 	 27.673 	 252.890
FD10850	223.250 	 27.673 	 252.919
FD10850	223.375 	 27.675 	 252.952
FD10850	223.500 	 27.682 	 253.010
FD10850	223.625 	 27.684 	 253.110
FD10850	223.750 	 27.691 	 253.268
FD10850	223.875 	 27.699 	 253.479
FD10850	224.000 	 27.704 	 253.728
FD10850	224.125 	 27.713 	 253.981
FD10850	224.250 	 27.721 	 254.211
FD10850	224.375 	 27.730 	 254.380
FD10850	224.500 	 27.740 	 254.478
FD10850	224.625 	 27.753 	 254.494
FD10850	224.750 	 27.762 	 254.426
FD10850	224.875 	 27.770 	 254.285
FD10850	225.000 	 27.780 	 254.095
FD10850	225.125 	 27.796 	 253.902
FD10850	225.250 	 27.801 	 253.754
FD10850	225.375 	 27.815 	 253.675
FD10850	225.500 	 27.822 	 253.661
FD10850	225.625 	 27.832 	 253.682
FD10850	225.750 	 27.847 	 253.692
FD10850	225.875 	 27.855 	 253.666
FD10850	226.000 	 27.874 	 253.605
FD10850	226.125 	 27.882 	 253.525
FD10850	226.250 	 27.899 	 253.458
FD10850	226.375 	 27.912 	 253.418
FD10850	226.500 	 27.928 	 253.418
FD10850	226.625 	 27.940 	 253.448
FD10850	226.750 	 27.956 	 253.503
FD10850	226.875 	 27.967 	 253.575
FD10850	227.000 	 27.984 	 253.648
FD10850	227.125 	 27.996 	 253.721
FD10850	227.250 	 28.005 	 253.779
FD10850	227.375 	 28.017 	 253.828
FD10850	227.500 	 28.022 	 253.861
FD10850	227.625 	 28.037 	 253.873
FD10850	227.750 	 28.039 	 253.845
FD10850	227.875 	 28.046 	 253.774
FD10850	228.000 	 28.053 	 253.659
FD10850	228.125 	 28.049 	 253.521
FD10850	228.250 	 28.052 	 253.381
FD10850	228.375 	 28.056 	 253.261
FD10850	228.500 	 28.050 	 253.164
FD10850	228.625 	 28.049 	 253.096
FD10850	228.750 	 28.051 	 253.044
FD10850	228.875 	 28.042 	 253.001
FD10850	229.000 	 28.044 	 252.968
FD10850	229.125 	 28.041 	 252.940
FD10850	229.250 	 28.037 	 252.912
FD10850	229.375 	 28.038 	 252.887
FD10850	229.500 	 28.035 	 252.866
FD10850	229.625 	 28.035 	 252.847
FD10850	229.750 	 28.039 	 252.841
FD10850	229.875 	 28.037 	 252.856
FD10850	230.000 	 28.042 	 252.894
FD10850	230.125 	 28.047 	 252.950
FD10850	230.250 	 28.049 	 252.993
FD10850	230.375 	 28.054 	 253.016
FD10850	230.500 	 28.057 	 253.010
FD10850	230.625 	 28.067 	 252.993
FD10850	230.750 	 28.068 	 252.985
FD10850	230.875 	 28.074 	 253.002
FD10850	231.000 	 28.078 	 253.068
FD10850	231.125 	 28.085 	 253.173
FD10850	231.250 	 28.083 	 253.300
FD10850	231.375 	 28.089 	 253.434
FD10850	231.500 	 28.089 	 253.552
FD10850	231.625 	 28.088 	 253.638
FD10850	231.750 	 28.088 	 253.696
FD10850	231.875 	 28.079 	 253.723
FD10850	232.000 	 28.076 	 253.727
FD10850	232.125 	 28.067 	 253.717
FD10850	232.250 	 28.059 	 253.704
FD10850	232.375 	 28.050 	 253.700
FD10850	232.500 	 28.041 	 253.710
FD10850	232.625 	 28.030 	 253.729
FD10850	232.750 	 28.018 	 253.740
FD10850	232.875 	 28.011 	 253.729
FD10850	233.000 	 28.001 	 253.690
FD10850	233.125 	 27.992 	 253.616
FD10850	233.250 	 27.986 	 253.508
FD10850	233.375 	 27.983 	 253.390
FD10850	233.500 	 27.976 	 253.276
FD10850	233.625 	 27.973 	 253.198
FD10850	233.750 	 27.972 	 253.168
FD10850	233.875 	 27.971 	 253.187
FD10850	234.000 	 27.971 	 253.241
FD10850	234.125 	 27.971 	 253.314
FD10850	234.250 	 27.973 	 253.396
FD10850	234.375 	 27.973 	 253.482
FD10850	234.500 	 27.973 	 253.585
FD10850	234.625 	 27.979 	 253.701
FD10850	234.750 	 27.974 	 253.821
FD10850	234.875 	 27.971 	 253.927
FD10850	235.000 	 27.973 	 254.016
FD10850	235.125 	 27.966 	 254.079
FD10850	235.250 	 27.965 	 254.137
FD10850	235.375 	 27.961 	 254.198
FD10850	235.500 	 27.966 	 254.263
FD10850	235.625 	 27.960 	 254.316
FD10850	235.750 	 27.964 	 254.337
FD10850	235.875 	 27.967 	 254.312
FD10850	236.000 	 27.978 	 254.248
FD10850	236.125 	 27.986 	 254.151
FD10850	236.250 	 27.994 	 254.055
FD10850	236.375 	 28.010 	 253.978
FD10850	236.500 	 28.021 	 253.938
FD10850	236.625 	 28.041 	 253.935
FD10850	236.750 	 28.056 	 253.971
FD10850	236.875 	 28.075 	 254.030
FD10850	237.000 	 28.092 	 254.099
FD10850	237.125 	 28.110 	 254.169
FD10850	237.250 	 28.128 	 254.229
FD10850	237.375 	 28.143 	 254.268
FD10850	237.500 	 28.158 	 254.307
FD10850	237.625 	 28.176 	 254.349
FD10850	237.750 	 28.182 	 254.401
FD10850	237.875 	 28.197 	 254.472
FD10850	238.000 	 28.204 	 254.544
FD10850	238.125 	 28.211 	 254.596
FD10850	238.250 	 28.212 	 254.616
FD10850	238.375 	 28.217 	 254.602
FD10850	238.500 	 28.217 	 254.570
FD10850	238.625 	 28.222 	 254.534
FD10850	238.750 	 28.222 	 254.505
FD10850	238.875 	 28.221 	 254.482
FD10850	239.000 	 28.218 	 254.457
FD10850	239.125 	 28.221 	 254.434
FD10850	239.250 	 28.220 	 254.435
FD10850	239.375 	 28.223 	 254.468
FD10850	239.500 	 28.216 	 254.523
FD10850	239.625 	 28.225 	 254.588
FD10850	239.750 	 28.225 	 254.620
FD10850	239.875 	 28.232 	 254.613
FD10850	240.000 	 28.231 	 254.565
FD10850	240.125 	 28.235 	 254.501
FD10850	240.250 	 28.238 	 254.451
FD10850	240.375 	 28.241 	 254.453
FD10850	240.500 	 28.248 	 254.533
FD10850	240.625 	 28.247 	 254.706
FD10850	240.750 	 28.255 	 254.942
FD10850	240.875 	 28.260 	 255.192
FD10850	241.000 	 28.263 	 255.396
FD10850	241.125 	 28.270 	 255.507
FD10850	241.250 	 28.277 	 255.530
FD10850	241.375 	 28.281 	 255.489
FD10850	241.500 	 28.285 	 255.430
FD10850	241.625 	 28.289 	 255.386
FD10850	241.750 	 28.295 	 255.363
FD10850	241.875 	 28.298 	 255.363
FD10850	242.000 	 28.301 	 255.366
FD10850	242.125 	 28.304 	 255.372
FD10850	242.250 	 28.303 	 255.375
FD10850	242.375 	 28.310 	 255.377
FD10850	242.500 	 28.313 	 255.379
FD10850	242.625 	 28.310 	 255.375
FD10850	242.750 	 28.313 	 255.375
FD10850	242.875 	 28.316 	 255.377
FD10850	243.000 	 28.313 	 255.375
FD10850	243.125 	 28.316 	 255.375
FD10850	243.250 	 28.316 	 255.377
FD10850	243.375 	 28.320 	 255.375
FD10850	243.500 	 28.313 	 255.375
FD10850	243.625 	 28.316 	 255.377
FD10850	243.750 	 28.316 	 255.375
FD10850	243.875 	 28.313 	 255.374
FD10850	244.000 	 28.319 	 255.377
FD10850	244.125 	 28.316 	 255.374
FD10850	244.250 	 28.313 	 255.374
FD10850	244.375 	 28.317 	 255.372
FD10850	244.500 	 28.313 	 255.372
FD10850	244.625 	 28.320 	 255.372
FD10850	244.750 	 28.314 	 255.370
FD10850	244.875 	 28.314 	 255.368
FD10850	245.000 	 28.314 	 255.365
FD10850	245.125 	 28.315 	 255.356
FD10850	245.250 	 28.314 	 255.340
FD10850	245.375 	 28.316 	 255.322
FD10850	245.500 	 28.318 	 255.304
FD10850	245.625 	 28.313 	 255.284
FD10850	245.750 	 28.314 	 255.275
FD10850	245.875 	 28.315 	 255.270
FD10850	246.000 	 28.315 	 255.268
FD10850	246.125 	 28.315 	 255.268
FD10850	246.250 	 28.312 	 255.265
FD10850	246.375 	 28.319 	 255.268
FD10850	246.500 	 28.315 	 255.266
FD10850	246.625 	 28.315 	 255.268
FD10850	246.750 	 28.312 	 255.266
FD10850	246.875 	 28.315 	 255.266
FD10850	247.000 	 28.315 	 255.268
FD10850	247.125 	 28.315 	 255.268
FD10850	247.250 	 28.316 	 255.265
FD10850	247.375 	 28.315 	 255.268
FD10850	247.500 	 28.315 	 255.266
FD10850	247.625 	 28.312 	 255.266
FD10850	247.750 	 28.315 	 255.268
FD10850	247.875 	 28.315 	 255.266
FD10850	248.000 	 28.319 	 255.268
FD10850	248.125 	 28.312 	 255.266
FD10850	248.250 	 28.315 	 255.266
FD10850	248.375 	 28.315 	 255.268
FD10850	248.500 	 28.315 	 255.268
FD10850	248.625 	 28.312 	 255.265
FD10850	248.750 	 28.315 	 255.268
FD10850	248.875 	 28.319 	 255.266
FD10850	249.000 	 28.312 	 255.266
FD10850	249.125 	 28.315 	 255.268
FD10850	249.250 	 28.315 	 255.266
FD10850	249.375 	 28.315 	 255.268
FD10850	249.500 	 28.312 	 255.266
FD10850	249.625 	 28.315 	 255.266
FD10850	249.750 	 28.319 	 255.268
FD10850	249.875 	 28.315 	 255.268
FD10850	250.000 	 28.312 	 255.265
FD10850	250.125 	 28.315 	 255.268
FD10850	250.250 	 28.315 	 255.266
FD10850	250.375 	 28.315 	 255.268
FD10850	250.500 	 28.312 	 255.266
FD10850	250.625 	 28.319 	 255.266
FD10850	250.750 	 28.315 	 255.268
FD10850	250.875 	 28.312 	 255.266
FD10850	251.000 	 28.315 	 255.266
FD10850	251.125 	 28.315 	 255.268
FD10850	251.250 	 28.315 	 255.266
FD10850	251.375 	 28.312 	 255.266
FD10850	251.500 	 28.319 	 255.268
FD10850	251.625 	 28.315 	 255.266
FD10850	251.750 	 28.315 	 255.268
FD10850	251.875 	 28.312 	 255.266
FD10850	252.000 	 28.315 	 255.266
FD10850	252.125 	 28.315 	 255.268
FD10850	252.250 	 28.312 	 255.266
FD10850	252.375 	 28.319 	 255.266
FD10850	252.500 	 28.315 	 255.268
FD10850	252.625 	 28.315 	 255.266
FD10850	252.750 	 28.312 	 255.266
FD10850	252.875 	 28.315 	 255.268
FD10850	253.000 	 28.315 	 255.266
FD10850	253.125 	 28.319 	 255.268
FD10850	253.250 	 28.312 	 255.266
FD10850	253.375 	 28.315 	 255.266
FD10850	253.500 	 28.315 	 255.268
FD10850	253.625 	 28.315 	 255.266
FD10850	253.750 	 28.312 	 255.266
FD10850	253.875 	 28.315 	 255.268
FD10850	254.000 	 28.319 	 255.266
FD10850	254.125 	 28.312 	 255.266
FD10850	254.250 	 28.315 	 255.268
FD10850	254.375 	 28.315 	 255.266
FD10850	254.500 	 28.315 	 255.268
FD10850	254.625 	 28.312 	 255.266
FD10850	254.750 	 28.315 	 255.266
FD10850	254.875 	 28.319 	 255.268
FD10850	255.000 	 28.315 	 255.266
FD10850	255.125 	 0.000 	 90.000
FD10850	255.250 	 0.000 	 90.000
FD10850	255.375 	 0.000 	 90.000
FD10850	255.500 	 0.000 	 90.000
FD10850	255.625 	 0.000 	 90.000
FD10850	255.750 	 0.000 	 90.000
FD10850	255.875 	 0.000 	 90.000
FD10850	256.000 	 0.000 	 90.000
FD10850	256.125 	 0.000 	 90.000
FD10850	256.250 	 0.000 	 90.000
FD10850	256.375 	 0.000 	 90.000
FD10850	256.500 	 0.000 	 90.000
FD10850	256.625 	 0.000 	 90.000
FD10850	256.750 	 0.000 	 90.000
FD10850	256.875 	 0.000 	 90.000
FD10850	257.000 	 0.000 	 90.000
FD10850	257.125 	 0.000 	 90.000
FD10850	257.250 	 0.000 	 90.000
FD10850	257.375 	 0.000 	 90.000
FD10850	257.500 	 0.000 	 90.000
FD10850	257.625 	 0.000 	 90.000
FD10850	257.750 	 0.000 	 90.000
FD10850	257.875 	 0.000 	 90.000
FD10850	258.000 	 0.000 	 90.000
FD10850	258.125 	 0.000 	 90.000
FD10850	258.250 	 0.000 	 90.000
FD10850	258.375 	 0.000 	 90.000
FD10850	258.500 	 0.000 	 90.000
FD10850	258.625 	 0.000 	 90.000
FD10850	258.750 	 0.000 	 90.000
FD10850	258.875 	 0.000 	 90.000
FD10850	259.000 	 0.000 	 90.000
FD10850	259.125 	 0.000 	 90.000
FD10850	259.250 	 0.000 	 90.000
FD10850	259.375 	 0.000 	 90.000
FD10850	259.500 	 0.000 	 90.000
FD10850	259.625 	 0.000 	 90.000
FD10850	259.750 	 0.000 	 90.000
FD10850	259.875 	 0.000 	 90.000
FD10850	260.000 	 0.000 	 90.000
FD10850	260.125 	 0.000 	 90.000
FD10850	260.250 	 0.000 	 90.000
FD10850	260.375 	 0.000 	 90.000
FD10850	260.500 	 0.000 	 90.000
FD10850	260.625 	 0.000 	 90.000
FD10850	260.750 	 0.000 	 90.000
FD10850	260.875 	 0.000 	 90.000
FD10850	261.000 	 0.000 	 90.000
FD10850	261.125 	 0.000 	 90.000
FD10850	261.250 	 0.000 	 90.000
FD10850	261.375 	 0.000 	 90.000
FD10850	261.500 	 0.000 	 90.000
FD10850	261.625 	 0.000 	 90.000
FD10850	261.750 	 0.000 	 90.000
FD10850	261.875 	 0.000 	 90.000
FD10850	262.000 	 0.000 	 90.000
FD10850	262.125 	 0.000 	 90.000
FD10850	262.250 	 0.000 	 90.000
FD10850	262.375 	 0.000 	 90.000
FD10850	262.500 	 0.000 	 90.000
FD10850	262.625 	 0.000 	 90.000
FD10850	262.750 	 0.000 	 90.000
FD10850	262.875 	 0.000 	 90.000
FD10850	263.000 	 0.000 	 90.000
FD10850	263.125 	 0.000 	 90.000
FD10850	263.250 	 0.000 	 90.000
FD10850	263.375 	 0.000 	 90.000
FD10850	263.500 	 0.000 	 90.000
FD10850	263.625 	 0.000 	 90.000
FD10850	263.750 	 0.000 	 90.000
FD10850	263.875 	 0.000 	 90.000
FD10850	264.000 	 0.000 	 90.000
FD10850	264.125 	 0.000 	 90.000
FD10850	264.250 	 0.000 	 90.000
FD10850	264.375 	 0.000 	 90.000
FD10850	264.500 	 0.000 	 90.000
FD10850	264.625 	 0.000 	 90.000
FD10850	264.750 	 0.000 	 90.000
FD10850	264.875 	 0.000 	 90.000
FD10850	265.000 	 0.000 	 90.000
