#WellName	 Depth.M	 INCL	 AZIM 
WellName	 Depth.M	 INCL	 AZIM 
FD10854	0.000 	 0.000 	 0.000
FD10854	0.125 	 0.000 	 90.000
FD10854	0.250 	 0.000 	 90.000
FD10854	0.375 	 0.000 	 90.000
FD10854	0.500 	 0.000 	 90.000
FD10854	0.625 	 0.000 	 90.000
FD10854	0.750 	 0.000 	 90.000
FD10854	0.875 	 0.000 	 90.000
FD10854	1.000 	 0.000 	 90.000
FD10854	1.125 	 0.000 	 90.000
FD10854	1.250 	 0.000 	 90.000
FD10854	1.375 	 0.000 	 90.000
FD10854	1.500 	 0.000 	 90.000
FD10854	1.625 	 0.000 	 90.000
FD10854	1.750 	 0.000 	 90.000
FD10854	1.875 	 0.000 	 90.000
FD10854	2.000 	 0.000 	 90.000
FD10854	2.125 	 0.000 	 90.000
FD10854	2.250 	 0.000 	 90.000
FD10854	2.375 	 0.000 	 90.000
FD10854	2.500 	 0.000 	 90.000
FD10854	2.625 	 0.000 	 90.000
FD10854	2.750 	 0.000 	 90.000
FD10854	2.875 	 0.000 	 90.000
FD10854	3.000 	 0.000 	 90.000
FD10854	3.125 	 0.000 	 90.000
FD10854	3.250 	 0.000 	 90.000
FD10854	3.375 	 0.000 	 90.000
FD10854	3.500 	 0.000 	 90.000
FD10854	3.625 	 0.000 	 90.000
FD10854	3.750 	 0.000 	 90.000
FD10854	3.875 	 0.000 	 90.000
FD10854	4.000 	 0.000 	 90.000
FD10854	4.125 	 0.000 	 90.000
FD10854	4.250 	 0.000 	 90.000
FD10854	4.375 	 0.000 	 90.000
FD10854	4.500 	 0.000 	 90.000
FD10854	4.625 	 0.000 	 90.000
FD10854	4.750 	 0.000 	 90.000
FD10854	4.875 	 0.000 	 90.000
FD10854	5.000 	 0.000 	 90.000
FD10854	5.125 	 0.000 	 90.000
FD10854	5.250 	 0.000 	 90.000
FD10854	5.375 	 0.000 	 90.000
FD10854	5.500 	 0.000 	 90.000
FD10854	5.625 	 0.000 	 90.000
FD10854	5.750 	 0.000 	 90.000
FD10854	5.875 	 0.000 	 90.000
FD10854	6.000 	 0.000 	 90.000
FD10854	6.125 	 0.000 	 90.000
FD10854	6.250 	 0.000 	 90.000
FD10854	6.375 	 0.000 	 90.000
FD10854	6.500 	 0.000 	 90.000
FD10854	6.625 	 0.000 	 90.000
FD10854	6.750 	 0.000 	 90.000
FD10854	6.875 	 0.000 	 90.000
FD10854	7.000 	 0.000 	 90.000
FD10854	7.125 	 0.000 	 90.000
FD10854	7.250 	 0.000 	 90.000
FD10854	7.375 	 0.000 	 90.000
FD10854	7.500 	 0.000 	 90.000
FD10854	7.625 	 0.000 	 90.000
FD10854	7.750 	 0.000 	 90.000
FD10854	7.875 	 0.000 	 90.000
FD10854	8.000 	 0.000 	 90.000
FD10854	8.125 	 0.000 	 90.000
FD10854	8.250 	 0.000 	 90.000
FD10854	8.375 	 0.000 	 90.000
FD10854	8.500 	 0.000 	 90.000
FD10854	8.625 	 0.000 	 90.000
FD10854	8.750 	 0.000 	 90.000
FD10854	8.875 	 0.000 	 90.000
FD10854	9.000 	 0.000 	 90.000
FD10854	9.125 	 0.000 	 90.000
FD10854	9.250 	 0.000 	 90.000
FD10854	9.375 	 0.000 	 90.000
FD10854	9.500 	 0.000 	 90.000
FD10854	9.625 	 0.000 	 90.000
FD10854	9.750 	 0.000 	 90.000
FD10854	9.875 	 0.000 	 90.000
FD10854	10.000 	 0.000 	 90.000
FD10854	10.125 	 0.000 	 90.000
FD10854	10.250 	 0.000 	 90.000
FD10854	10.375 	 0.000 	 90.000
FD10854	10.500 	 0.000 	 90.000
FD10854	10.625 	 0.000 	 90.000
FD10854	10.750 	 0.000 	 90.000
FD10854	10.875 	 0.000 	 90.000
FD10854	11.000 	 0.000 	 90.000
FD10854	11.125 	 0.000 	 90.000
FD10854	11.250 	 0.000 	 90.000
FD10854	11.375 	 0.000 	 90.000
FD10854	11.500 	 0.000 	 90.000
FD10854	11.625 	 0.000 	 90.000
FD10854	11.750 	 0.000 	 90.000
FD10854	11.875 	 0.000 	 90.000
FD10854	12.000 	 0.000 	 90.000
FD10854	12.125 	 0.000 	 90.000
FD10854	12.250 	 0.000 	 90.000
FD10854	12.375 	 0.000 	 90.000
FD10854	12.500 	 0.000 	 90.000
FD10854	12.625 	 0.000 	 90.000
FD10854	12.750 	 0.000 	 90.000
FD10854	12.875 	 0.000 	 90.000
FD10854	13.000 	 0.000 	 90.000
FD10854	13.125 	 0.000 	 90.000
FD10854	13.250 	 0.000 	 90.000
FD10854	13.375 	 0.000 	 90.000
FD10854	13.500 	 0.000 	 90.000
FD10854	13.625 	 0.000 	 90.000
FD10854	13.750 	 0.000 	 90.000
FD10854	13.875 	 0.000 	 90.000
FD10854	14.000 	 0.000 	 90.000
FD10854	14.125 	 0.000 	 90.000
FD10854	14.250 	 0.000 	 90.000
FD10854	14.375 	 0.000 	 90.000
FD10854	14.500 	 0.000 	 90.000
FD10854	14.625 	 0.000 	 90.000
FD10854	14.750 	 0.000 	 90.000
FD10854	14.875 	 0.000 	 90.000
FD10854	15.000 	 0.000 	 90.000
FD10854	15.125 	 0.000 	 90.000
FD10854	15.250 	 0.000 	 90.000
FD10854	15.375 	 0.000 	 90.000
FD10854	15.500 	 0.000 	 90.000
FD10854	15.625 	 0.000 	 90.000
FD10854	15.750 	 0.000 	 90.000
FD10854	15.875 	 0.000 	 90.000
FD10854	16.000 	 0.000 	 90.000
FD10854	16.125 	 0.000 	 90.000
FD10854	16.250 	 0.000 	 90.000
FD10854	16.375 	 0.000 	 90.000
FD10854	16.500 	 0.000 	 90.000
FD10854	16.625 	 0.000 	 90.000
FD10854	16.750 	 0.000 	 90.000
FD10854	16.875 	 0.000 	 90.000
FD10854	17.000 	 0.000 	 90.000
FD10854	17.125 	 0.000 	 90.000
FD10854	17.250 	 0.000 	 90.000
FD10854	17.375 	 0.000 	 90.000
FD10854	17.500 	 0.000 	 90.000
FD10854	17.625 	 0.000 	 90.000
FD10854	17.750 	 0.000 	 90.000
FD10854	17.875 	 0.000 	 90.000
FD10854	18.000 	 0.000 	 90.000
FD10854	18.125 	 0.000 	 90.000
FD10854	18.250 	 0.000 	 90.000
FD10854	18.375 	 0.000 	 90.000
FD10854	18.500 	 0.000 	 90.000
FD10854	18.625 	 0.000 	 90.000
FD10854	18.750 	 0.000 	 90.000
FD10854	18.875 	 0.000 	 90.000
FD10854	19.000 	 0.000 	 90.000
FD10854	19.125 	 0.000 	 90.000
FD10854	19.250 	 0.000 	 90.000
FD10854	19.375 	 0.000 	 90.000
FD10854	19.500 	 0.000 	 90.000
FD10854	19.625 	 0.000 	 90.000
FD10854	19.750 	 0.000 	 90.000
FD10854	19.875 	 0.000 	 90.000
FD10854	20.000 	 0.000 	 90.000
FD10854	20.125 	 0.000 	 90.000
FD10854	20.250 	 0.000 	 90.000
FD10854	20.375 	 0.000 	 90.000
FD10854	20.500 	 0.000 	 90.000
FD10854	20.625 	 0.000 	 90.000
FD10854	20.750 	 0.000 	 90.000
FD10854	20.875 	 0.000 	 90.000
FD10854	21.000 	 0.000 	 90.000
FD10854	21.125 	 0.000 	 90.000
FD10854	21.250 	 0.000 	 90.000
FD10854	21.375 	 0.000 	 90.000
FD10854	21.500 	 0.000 	 90.000
FD10854	21.625 	 0.000 	 90.000
FD10854	21.750 	 0.000 	 90.000
FD10854	21.875 	 0.000 	 90.000
FD10854	22.000 	 0.000 	 90.000
FD10854	22.125 	 0.000 	 90.000
FD10854	22.250 	 0.000 	 90.000
FD10854	22.375 	 0.000 	 90.000
FD10854	22.500 	 0.000 	 90.000
FD10854	22.625 	 0.000 	 90.000
FD10854	22.750 	 0.000 	 90.000
FD10854	22.875 	 0.000 	 90.000
FD10854	23.000 	 0.000 	 90.000
FD10854	23.125 	 0.000 	 90.000
FD10854	23.250 	 0.000 	 90.000
FD10854	23.375 	 0.000 	 90.000
FD10854	23.500 	 0.000 	 90.000
FD10854	23.625 	 0.000 	 90.000
FD10854	23.750 	 0.000 	 90.000
FD10854	23.875 	 0.000 	 90.000
FD10854	24.000 	 0.000 	 90.000
FD10854	24.125 	 0.000 	 90.000
FD10854	24.250 	 0.000 	 90.000
FD10854	24.375 	 0.000 	 90.000
FD10854	24.500 	 0.000 	 90.000
FD10854	24.625 	 0.000 	 90.000
FD10854	24.750 	 0.000 	 90.000
FD10854	24.875 	 0.000 	 90.000
FD10854	25.000 	 0.000 	 90.000
FD10854	25.125 	 0.000 	 90.000
FD10854	25.250 	 0.000 	 90.000
FD10854	25.375 	 0.000 	 90.000
FD10854	25.500 	 0.000 	 90.000
FD10854	25.625 	 0.000 	 90.000
FD10854	25.750 	 0.000 	 90.000
FD10854	25.875 	 0.000 	 90.000
FD10854	26.000 	 0.000 	 90.000
FD10854	26.125 	 0.000 	 90.000
FD10854	26.250 	 0.000 	 90.000
FD10854	26.375 	 0.000 	 90.000
FD10854	26.500 	 0.000 	 90.000
FD10854	26.625 	 0.000 	 90.000
FD10854	26.750 	 0.000 	 90.000
FD10854	26.875 	 0.000 	 90.000
FD10854	27.000 	 0.000 	 90.000
FD10854	27.125 	 0.000 	 90.000
FD10854	27.250 	 0.000 	 90.000
FD10854	27.375 	 0.000 	 90.000
FD10854	27.500 	 0.000 	 90.000
FD10854	27.625 	 0.000 	 90.000
FD10854	27.750 	 0.000 	 90.000
FD10854	27.875 	 0.000 	 90.000
FD10854	28.000 	 0.000 	 90.000
FD10854	28.125 	 0.000 	 90.000
FD10854	28.250 	 0.000 	 90.000
FD10854	28.375 	 0.000 	 90.000
FD10854	28.500 	 0.000 	 90.000
FD10854	28.625 	 0.000 	 90.000
FD10854	28.750 	 0.000 	 90.000
FD10854	28.875 	 0.000 	 90.000
FD10854	29.000 	 0.000 	 90.000
FD10854	29.125 	 0.000 	 90.000
FD10854	29.250 	 0.000 	 90.000
FD10854	29.375 	 0.000 	 90.000
FD10854	29.500 	 0.000 	 90.000
FD10854	29.625 	 0.000 	 90.000
FD10854	29.750 	 0.000 	 90.000
FD10854	29.875 	 0.000 	 90.000
FD10854	30.000 	 0.000 	 90.000
FD10854	30.125 	 0.000 	 90.000
FD10854	30.250 	 0.000 	 90.000
FD10854	30.375 	 0.000 	 90.000
FD10854	30.500 	 0.000 	 90.000
FD10854	30.625 	 0.000 	 90.000
FD10854	30.750 	 0.000 	 90.000
FD10854	30.875 	 0.000 	 90.000
FD10854	31.000 	 0.000 	 90.000
FD10854	31.125 	 0.000 	 90.000
FD10854	31.250 	 0.000 	 90.000
FD10854	31.375 	 0.000 	 90.000
FD10854	31.500 	 0.000 	 90.000
FD10854	31.625 	 0.000 	 90.000
FD10854	31.750 	 0.000 	 90.000
FD10854	31.875 	 0.000 	 90.000
FD10854	32.000 	 0.000 	 90.000
FD10854	32.125 	 0.000 	 90.000
FD10854	32.250 	 0.000 	 90.000
FD10854	32.375 	 0.000 	 90.000
FD10854	32.500 	 0.000 	 90.000
FD10854	32.625 	 0.000 	 90.000
FD10854	32.750 	 0.000 	 90.000
FD10854	32.875 	 0.000 	 90.000
FD10854	33.000 	 0.000 	 90.000
FD10854	33.125 	 0.000 	 90.000
FD10854	33.250 	 0.000 	 90.000
FD10854	33.375 	 0.000 	 90.000
FD10854	33.500 	 0.000 	 90.000
FD10854	33.625 	 0.000 	 90.000
FD10854	33.750 	 0.000 	 90.000
FD10854	33.875 	 0.000 	 90.000
FD10854	34.000 	 0.000 	 90.000
FD10854	34.125 	 0.000 	 90.000
FD10854	34.250 	 0.000 	 90.000
FD10854	34.375 	 0.000 	 90.000
FD10854	34.500 	 0.000 	 90.000
FD10854	34.625 	 0.000 	 90.000
FD10854	34.750 	 0.000 	 90.000
FD10854	34.875 	 0.000 	 90.000
FD10854	35.000 	 0.000 	 90.000
FD10854	35.125 	 0.000 	 90.000
FD10854	35.250 	 0.000 	 90.000
FD10854	35.375 	 0.000 	 90.000
FD10854	35.500 	 0.000 	 90.000
FD10854	35.625 	 0.000 	 90.000
FD10854	35.750 	 0.000 	 90.000
FD10854	35.875 	 0.000 	 90.000
FD10854	36.000 	 0.000 	 90.000
FD10854	36.125 	 0.000 	 90.000
FD10854	36.250 	 0.000 	 90.000
FD10854	36.375 	 0.000 	 90.000
FD10854	36.500 	 0.000 	 90.000
FD10854	36.625 	 0.000 	 90.000
FD10854	36.750 	 0.000 	 90.000
FD10854	36.875 	 0.000 	 90.000
FD10854	37.000 	 0.000 	 90.000
FD10854	37.125 	 0.000 	 90.000
FD10854	37.250 	 0.000 	 90.000
FD10854	37.375 	 0.000 	 90.000
FD10854	37.500 	 0.000 	 90.000
FD10854	37.625 	 0.000 	 90.000
FD10854	37.750 	 0.000 	 90.000
FD10854	37.875 	 0.000 	 90.000
FD10854	38.000 	 0.000 	 90.000
FD10854	38.125 	 0.000 	 90.000
FD10854	38.250 	 0.000 	 90.000
FD10854	38.375 	 0.000 	 90.000
FD10854	38.500 	 0.000 	 90.000
FD10854	38.625 	 0.000 	 90.000
FD10854	38.750 	 0.000 	 90.000
FD10854	38.875 	 0.000 	 90.000
FD10854	39.000 	 0.000 	 90.000
FD10854	39.125 	 0.000 	 90.000
FD10854	39.250 	 0.000 	 90.000
FD10854	39.375 	 0.000 	 90.000
FD10854	39.500 	 0.000 	 90.000
FD10854	39.625 	 0.000 	 90.000
FD10854	39.750 	 0.000 	 90.000
FD10854	39.875 	 0.000 	 90.000
FD10854	40.000 	 0.000 	 90.000
FD10854	40.125 	 0.000 	 90.000
FD10854	40.250 	 0.000 	 90.000
FD10854	40.375 	 0.000 	 90.000
FD10854	40.500 	 0.000 	 90.000
FD10854	40.625 	 0.000 	 90.000
FD10854	40.750 	 0.000 	 90.000
FD10854	40.875 	 0.000 	 90.000
FD10854	41.000 	 0.000 	 90.000
FD10854	41.125 	 0.000 	 90.000
FD10854	41.250 	 0.000 	 90.000
FD10854	41.375 	 0.000 	 90.000
FD10854	41.500 	 0.000 	 90.000
FD10854	41.625 	 0.000 	 90.000
FD10854	41.750 	 0.000 	 90.000
FD10854	41.875 	 0.000 	 90.000
FD10854	42.000 	 0.000 	 90.000
FD10854	42.125 	 0.000 	 90.000
FD10854	42.250 	 0.000 	 90.000
FD10854	42.375 	 0.000 	 90.000
FD10854	42.500 	 0.000 	 90.000
FD10854	42.625 	 0.000 	 90.000
FD10854	42.750 	 0.000 	 90.000
FD10854	42.875 	 0.000 	 90.000
FD10854	43.000 	 0.000 	 90.000
FD10854	43.125 	 0.000 	 90.000
FD10854	43.250 	 0.000 	 90.000
FD10854	43.375 	 0.000 	 90.000
FD10854	43.500 	 0.000 	 90.000
FD10854	43.625 	 0.000 	 90.000
FD10854	43.750 	 0.000 	 90.000
FD10854	43.875 	 0.000 	 90.000
FD10854	44.000 	 0.000 	 90.000
FD10854	44.125 	 0.000 	 90.000
FD10854	44.250 	 0.000 	 90.000
FD10854	44.375 	 0.000 	 90.000
FD10854	44.500 	 0.000 	 90.000
FD10854	44.625 	 0.000 	 90.000
FD10854	44.750 	 0.000 	 90.000
FD10854	44.875 	 0.000 	 90.000
FD10854	45.000 	 0.000 	 90.000
FD10854	45.125 	 0.000 	 90.000
FD10854	45.250 	 0.000 	 90.000
FD10854	45.375 	 0.000 	 90.000
FD10854	45.500 	 0.000 	 90.000
FD10854	45.625 	 0.000 	 90.000
FD10854	45.750 	 0.000 	 90.000
FD10854	45.875 	 0.000 	 90.000
FD10854	46.000 	 0.000 	 90.000
FD10854	46.125 	 0.000 	 90.000
FD10854	46.250 	 0.000 	 90.000
FD10854	46.375 	 0.000 	 90.000
FD10854	46.500 	 0.000 	 90.000
FD10854	46.625 	 0.000 	 90.000
FD10854	46.750 	 0.000 	 90.000
FD10854	46.875 	 0.000 	 90.000
FD10854	47.000 	 0.000 	 90.000
FD10854	47.125 	 0.000 	 90.000
FD10854	47.250 	 0.000 	 90.000
FD10854	47.375 	 0.000 	 90.000
FD10854	47.500 	 0.000 	 90.000
FD10854	47.625 	 0.000 	 90.000
FD10854	47.750 	 0.000 	 90.000
FD10854	47.875 	 0.000 	 90.000
FD10854	48.000 	 0.000 	 90.000
FD10854	48.125 	 0.000 	 90.000
FD10854	48.250 	 0.000 	 90.000
FD10854	48.375 	 0.000 	 90.000
FD10854	48.500 	 0.000 	 90.000
FD10854	48.625 	 0.000 	 90.000
FD10854	48.750 	 0.000 	 90.000
FD10854	48.875 	 0.000 	 90.000
FD10854	49.000 	 0.000 	 90.000
FD10854	49.125 	 0.000 	 90.000
FD10854	49.250 	 0.000 	 90.000
FD10854	49.375 	 0.000 	 90.000
FD10854	49.500 	 0.000 	 90.000
FD10854	49.625 	 0.000 	 90.000
FD10854	49.750 	 0.000 	 90.000
FD10854	49.875 	 0.000 	 90.000
FD10854	50.000 	 0.000 	 90.000
FD10854	50.125 	 0.000 	 90.000
FD10854	50.250 	 0.000 	 90.000
FD10854	50.375 	 0.000 	 90.000
FD10854	50.500 	 0.000 	 90.000
FD10854	50.625 	 0.000 	 90.000
FD10854	50.750 	 0.000 	 90.000
FD10854	50.875 	 0.000 	 90.000
FD10854	51.000 	 0.000 	 90.000
FD10854	51.125 	 0.000 	 90.000
FD10854	51.250 	 0.000 	 90.000
FD10854	51.375 	 0.000 	 90.000
FD10854	51.500 	 0.000 	 90.000
FD10854	51.625 	 0.000 	 90.000
FD10854	51.750 	 0.000 	 90.000
FD10854	51.875 	 0.000 	 90.000
FD10854	52.000 	 0.000 	 90.000
FD10854	52.125 	 0.000 	 90.000
FD10854	52.250 	 0.000 	 90.000
FD10854	52.375 	 0.000 	 90.000
FD10854	52.500 	 0.000 	 90.000
FD10854	52.625 	 0.000 	 90.000
FD10854	52.750 	 0.000 	 90.000
FD10854	52.875 	 0.000 	 90.000
FD10854	53.000 	 0.000 	 90.000
FD10854	53.125 	 0.000 	 90.000
FD10854	53.250 	 0.000 	 90.000
FD10854	53.375 	 0.000 	 90.000
FD10854	53.500 	 0.000 	 90.000
FD10854	53.625 	 0.000 	 90.000
FD10854	53.750 	 0.000 	 90.000
FD10854	53.875 	 0.000 	 90.000
FD10854	54.000 	 0.000 	 90.000
FD10854	54.125 	 0.000 	 90.000
FD10854	54.250 	 0.000 	 90.000
FD10854	54.375 	 0.000 	 90.000
FD10854	54.500 	 0.000 	 90.000
FD10854	54.625 	 0.000 	 90.000
FD10854	54.750 	 0.000 	 90.000
FD10854	54.875 	 0.000 	 90.000
FD10854	55.000 	 0.000 	 90.000
FD10854	55.125 	 0.000 	 90.000
FD10854	55.250 	 0.000 	 90.000
FD10854	55.375 	 0.000 	 90.000
FD10854	55.500 	 0.000 	 90.000
FD10854	55.625 	 0.000 	 90.000
FD10854	55.750 	 0.000 	 90.000
FD10854	55.875 	 0.000 	 90.000
FD10854	56.000 	 0.000 	 90.000
FD10854	56.125 	 0.000 	 90.000
FD10854	56.250 	 0.000 	 90.000
FD10854	56.375 	 0.000 	 90.000
FD10854	56.500 	 0.000 	 90.000
FD10854	56.625 	 0.000 	 90.000
FD10854	56.750 	 0.000 	 90.000
FD10854	56.875 	 0.000 	 90.000
FD10854	57.000 	 0.000 	 90.000
FD10854	57.125 	 0.000 	 90.000
FD10854	57.250 	 0.000 	 90.000
FD10854	57.375 	 0.000 	 90.000
FD10854	57.500 	 0.000 	 90.000
FD10854	57.625 	 0.000 	 90.000
FD10854	57.750 	 0.000 	 90.000
FD10854	57.875 	 0.000 	 90.000
FD10854	58.000 	 0.000 	 90.000
FD10854	58.125 	 0.000 	 90.000
FD10854	58.250 	 0.000 	 90.000
FD10854	58.375 	 0.000 	 90.000
FD10854	58.500 	 0.000 	 90.000
FD10854	58.625 	 0.000 	 90.000
FD10854	58.750 	 0.000 	 90.000
FD10854	58.875 	 0.000 	 90.000
FD10854	59.000 	 0.000 	 90.000
FD10854	59.125 	 0.000 	 90.000
FD10854	59.250 	 0.000 	 90.000
FD10854	59.375 	 0.000 	 90.000
FD10854	59.500 	 0.000 	 90.000
FD10854	59.625 	 0.000 	 90.000
FD10854	59.750 	 0.000 	 90.000
FD10854	59.875 	 0.000 	 90.000
FD10854	60.000 	 0.000 	 90.000
FD10854	60.125 	 0.000 	 90.000
FD10854	60.250 	 0.000 	 90.000
FD10854	60.375 	 0.000 	 90.000
FD10854	60.500 	 0.000 	 90.000
FD10854	60.625 	 0.000 	 90.000
FD10854	60.750 	 0.000 	 90.000
FD10854	60.875 	 0.000 	 90.000
FD10854	61.000 	 0.000 	 90.000
FD10854	61.125 	 0.000 	 90.000
FD10854	61.250 	 0.000 	 90.000
FD10854	61.375 	 0.000 	 90.000
FD10854	61.500 	 0.000 	 90.000
FD10854	61.625 	 0.000 	 90.000
FD10854	61.750 	 0.000 	 90.000
FD10854	61.875 	 0.000 	 90.000
FD10854	62.000 	 0.000 	 90.000
FD10854	62.125 	 0.000 	 90.000
FD10854	62.250 	 0.000 	 90.000
FD10854	62.375 	 0.000 	 90.000
FD10854	62.500 	 0.000 	 90.000
FD10854	62.625 	 0.000 	 90.000
FD10854	62.750 	 0.000 	 90.000
FD10854	62.875 	 0.000 	 90.000
FD10854	63.000 	 0.000 	 90.000
FD10854	63.125 	 0.772 	 267.608
FD10854	63.250 	 0.774 	 268.216
FD10854	63.375 	 0.777 	 268.980
FD10854	63.500 	 0.781 	 269.882
FD10854	63.625 	 0.784 	 270.882
FD10854	63.750 	 0.788 	 271.934
FD10854	63.875 	 0.793 	 272.996
FD10854	64.000 	 0.797 	 274.034
FD10854	64.125 	 0.801 	 275.026
FD10854	64.250 	 0.806 	 275.957
FD10854	64.375 	 0.812 	 276.821
FD10854	64.500 	 0.818 	 277.610
FD10854	64.625 	 0.822 	 278.310
FD10854	64.750 	 0.828 	 278.898
FD10854	64.875 	 0.833 	 279.356
FD10854	65.000 	 0.837 	 279.682
FD10854	65.125 	 0.839 	 279.917
FD10854	65.250 	 0.842 	 280.143
FD10854	65.375 	 0.844 	 280.486
FD10854	65.500 	 0.845 	 281.065
FD10854	65.625 	 0.845 	 281.956
FD10854	65.750 	 0.846 	 283.155
FD10854	65.875 	 0.846 	 284.569
FD10854	66.000 	 0.847 	 286.061
FD10854	66.125 	 0.849 	 287.474
FD10854	66.250 	 0.852 	 288.706
FD10854	66.375 	 0.857 	 289.703
FD10854	66.500 	 0.864 	 290.476
FD10854	66.625 	 0.874 	 291.069
FD10854	66.750 	 0.888 	 291.536
FD10854	66.875 	 0.906 	 291.928
FD10854	67.000 	 0.928 	 292.282
FD10854	67.125 	 0.956 	 292.617
FD10854	67.250 	 0.988 	 292.938
FD10854	67.375 	 1.026 	 293.238
FD10854	67.500 	 1.069 	 293.504
FD10854	67.625 	 1.115 	 293.721
FD10854	67.750 	 1.167 	 293.886
FD10854	67.875 	 1.223 	 293.999
FD10854	68.000 	 1.281 	 294.070
FD10854	68.125 	 1.342 	 294.114
FD10854	68.250 	 1.405 	 294.150
FD10854	68.375 	 1.470 	 294.193
FD10854	68.500 	 1.535 	 294.257
FD10854	68.625 	 1.601 	 294.351
FD10854	68.750 	 1.667 	 294.474
FD10854	68.875 	 1.732 	 294.616
FD10854	69.000 	 1.797 	 294.765
FD10854	69.125 	 1.861 	 294.901
FD10854	69.250 	 1.923 	 295.013
FD10854	69.375 	 1.984 	 295.093
FD10854	69.500 	 2.042 	 295.145
FD10854	69.625 	 2.098 	 295.174
FD10854	69.750 	 2.152 	 295.190
FD10854	69.875 	 2.203 	 295.205
FD10854	70.000 	 2.253 	 295.233
FD10854	70.125 	 2.299 	 295.289
FD10854	70.250 	 2.344 	 295.389
FD10854	70.375 	 2.387 	 295.547
FD10854	70.500 	 2.429 	 295.761
FD10854	70.625 	 2.468 	 296.016
FD10854	70.750 	 2.508 	 296.281
FD10854	70.875 	 2.545 	 296.524
FD10854	71.000 	 2.583 	 296.717
FD10854	71.125 	 2.621 	 296.847
FD10854	71.250 	 2.658 	 296.914
FD10854	71.375 	 2.697 	 296.916
FD10854	71.500 	 2.738 	 296.845
FD10854	71.625 	 2.779 	 296.678
FD10854	71.750 	 2.824 	 296.395
FD10854	71.875 	 2.871 	 295.985
FD10854	72.000 	 2.919 	 295.462
FD10854	72.125 	 2.969 	 294.862
FD10854	72.250 	 3.020 	 294.231
FD10854	72.375 	 3.072 	 293.612
FD10854	72.500 	 3.126 	 293.030
FD10854	72.625 	 3.179 	 292.490
FD10854	72.750 	 3.233 	 291.982
FD10854	72.875 	 3.287 	 291.491
FD10854	73.000 	 3.341 	 291.010
FD10854	73.125 	 3.394 	 290.543
FD10854	73.250 	 3.448 	 290.109
FD10854	73.375 	 3.502 	 289.726
FD10854	73.500 	 3.556 	 289.414
FD10854	73.625 	 3.611 	 289.181
FD10854	73.750 	 3.665 	 289.020
FD10854	73.875 	 3.719 	 288.920
FD10854	74.000 	 3.772 	 288.864
FD10854	74.125 	 3.824 	 288.837
FD10854	74.250 	 3.872 	 288.825
FD10854	74.375 	 3.918 	 288.819
FD10854	74.500 	 3.962 	 288.817
FD10854	74.625 	 4.002 	 288.814
FD10854	74.750 	 4.039 	 288.806
FD10854	74.875 	 4.076 	 288.789
FD10854	75.000 	 4.111 	 288.753
FD10854	75.125 	 4.146 	 288.694
FD10854	75.250 	 4.179 	 288.605
FD10854	75.375 	 4.212 	 288.488
FD10854	75.500 	 4.245 	 288.350
FD10854	75.625 	 4.276 	 288.205
FD10854	75.750 	 4.306 	 288.069
FD10854	75.875 	 4.335 	 287.955
FD10854	76.000 	 4.362 	 287.870
FD10854	76.125 	 4.388 	 287.814
FD10854	76.250 	 4.413 	 287.781
FD10854	76.375 	 4.439 	 287.766
FD10854	76.500 	 4.463 	 287.759
FD10854	76.625 	 4.489 	 287.756
FD10854	76.750 	 4.515 	 287.756
FD10854	76.875 	 4.542 	 287.756
FD10854	77.000 	 4.568 	 287.756
FD10854	77.125 	 4.596 	 287.756
FD10854	77.250 	 4.626 	 287.756
FD10854	77.375 	 4.654 	 287.756
FD10854	77.500 	 4.683 	 287.757
FD10854	77.625 	 4.712 	 287.762
FD10854	77.750 	 4.740 	 287.776
FD10854	77.875 	 4.768 	 287.809
FD10854	78.000 	 4.795 	 287.874
FD10854	78.125 	 4.821 	 287.989
FD10854	78.250 	 4.847 	 288.163
FD10854	78.375 	 4.873 	 288.396
FD10854	78.500 	 4.898 	 288.672
FD10854	78.625 	 4.923 	 288.966
FD10854	78.750 	 4.948 	 289.247
FD10854	78.875 	 4.974 	 289.490
FD10854	79.000 	 5.000 	 289.689
FD10854	79.125 	 5.026 	 289.854
FD10854	79.250 	 5.052 	 290.005
FD10854	79.375 	 5.076 	 290.172
FD10854	79.500 	 5.101 	 290.371
FD10854	79.625 	 5.124 	 290.608
FD10854	79.750 	 5.146 	 290.872
FD10854	79.875 	 5.167 	 291.143
FD10854	80.000 	 5.184 	 291.398
FD10854	80.125 	 5.201 	 291.617
FD10854	80.250 	 5.214 	 291.796
FD10854	80.375 	 5.225 	 291.943
FD10854	80.500 	 5.235 	 292.075
FD10854	80.625 	 5.242 	 292.221
FD10854	80.750 	 5.249 	 292.405
FD10854	80.875 	 5.255 	 292.654
FD10854	81.000 	 5.261 	 292.983
FD10854	81.125 	 5.267 	 293.393
FD10854	81.250 	 5.274 	 293.873
FD10854	81.375 	 5.282 	 294.389
FD10854	81.500 	 5.290 	 294.896
FD10854	81.625 	 5.298 	 295.346
FD10854	81.750 	 5.305 	 295.703
FD10854	81.875 	 5.312 	 295.956
FD10854	82.000 	 5.318 	 296.113
FD10854	82.125 	 5.321 	 296.198
FD10854	82.250 	 5.324 	 296.236
FD10854	82.375 	 5.325 	 296.250
FD10854	82.500 	 5.323 	 296.255
FD10854	82.625 	 5.322 	 296.258
FD10854	82.750 	 5.319 	 296.266
FD10854	82.875 	 5.315 	 296.283
FD10854	83.000 	 5.312 	 296.319
FD10854	83.125 	 5.308 	 296.381
FD10854	83.250 	 5.303 	 296.475
FD10854	83.375 	 5.298 	 296.597
FD10854	83.500 	 5.292 	 296.742
FD10854	83.625 	 5.285 	 296.890
FD10854	83.750 	 5.278 	 297.027
FD10854	83.875 	 5.269 	 297.139
FD10854	84.000 	 5.260 	 297.222
FD10854	84.125 	 5.251 	 297.279
FD10854	84.250 	 5.240 	 297.322
FD10854	84.375 	 5.230 	 297.367
FD10854	84.500 	 5.218 	 297.432
FD10854	84.625 	 5.206 	 297.531
FD10854	84.750 	 5.192 	 297.673
FD10854	84.875 	 5.176 	 297.859
FD10854	85.000 	 5.157 	 298.086
FD10854	85.125 	 5.136 	 298.346
FD10854	85.250 	 5.111 	 298.634
FD10854	85.375 	 5.083 	 298.948
FD10854	85.500 	 5.052 	 299.294
FD10854	85.625 	 5.017 	 299.677
FD10854	85.750 	 4.980 	 300.102
FD10854	85.875 	 4.940 	 300.560
FD10854	86.000 	 4.897 	 301.037
FD10854	86.125 	 4.851 	 301.508
FD10854	86.250 	 4.803 	 301.958
FD10854	86.375 	 4.751 	 302.381
FD10854	86.500 	 4.696 	 302.788
FD10854	86.625 	 4.638 	 303.202
FD10854	86.750 	 4.577 	 303.653
FD10854	86.875 	 4.514 	 304.160
FD10854	87.000 	 4.448 	 304.730
FD10854	87.125 	 4.381 	 305.355
FD10854	87.250 	 4.313 	 306.010
FD10854	87.375 	 4.245 	 306.664
FD10854	87.500 	 4.180 	 307.285
FD10854	87.625 	 4.117 	 307.847
FD10854	87.750 	 4.059 	 308.344
FD10854	87.875 	 4.005 	 308.782
FD10854	88.000 	 3.956 	 309.185
FD10854	88.125 	 3.911 	 309.589
FD10854	88.250 	 3.868 	 310.030
FD10854	88.375 	 3.825 	 310.535
FD10854	88.500 	 3.783 	 311.122
FD10854	88.625 	 3.738 	 311.787
FD10854	88.750 	 3.692 	 312.520
FD10854	88.875 	 3.645 	 313.299
FD10854	89.000 	 3.596 	 314.108
FD10854	89.125 	 3.548 	 314.924
FD10854	89.250 	 3.500 	 315.739
FD10854	89.375 	 3.455 	 316.535
FD10854	89.500 	 3.412 	 317.298
FD10854	89.625 	 3.373 	 318.007
FD10854	89.750 	 3.339 	 318.649
FD10854	89.875 	 3.312 	 319.213
FD10854	90.000 	 3.291 	 319.708
FD10854	90.125 	 3.276 	 320.148
FD10854	90.250 	 3.269 	 320.562
FD10854	90.375 	 3.266 	 320.974
FD10854	90.500 	 3.267 	 321.401
FD10854	90.625 	 3.272 	 321.848
FD10854	90.750 	 3.278 	 322.304
FD10854	90.875 	 3.284 	 322.754
FD10854	91.000 	 3.290 	 323.179
FD10854	91.125 	 3.296 	 323.567
FD10854	91.250 	 3.301 	 323.914
FD10854	91.375 	 3.305 	 324.215
FD10854	91.500 	 3.308 	 324.480
FD10854	91.625 	 3.311 	 324.726
FD10854	91.750 	 3.313 	 324.975
FD10854	91.875 	 3.315 	 325.262
FD10854	92.000 	 3.316 	 325.604
FD10854	92.125 	 3.318 	 326.024
FD10854	92.250 	 3.319 	 326.518
FD10854	92.375 	 3.323 	 327.069
FD10854	92.500 	 3.326 	 327.657
FD10854	92.625 	 3.332 	 328.256
FD10854	92.750 	 3.340 	 328.846
FD10854	92.875 	 3.349 	 329.419
FD10854	93.000 	 3.360 	 329.964
FD10854	93.125 	 3.372 	 330.470
FD10854	93.250 	 3.386 	 330.930
FD10854	93.375 	 3.401 	 331.332
FD10854	93.500 	 3.415 	 331.661
FD10854	93.625 	 3.430 	 331.917
FD10854	93.750 	 3.444 	 332.093
FD10854	93.875 	 3.458 	 332.197
FD10854	94.000 	 3.470 	 332.227
FD10854	94.125 	 3.481 	 332.176
FD10854	94.250 	 3.492 	 332.012
FD10854	94.375 	 3.502 	 331.672
FD10854	94.500 	 3.510 	 331.056
FD10854	94.625 	 3.516 	 330.028
FD10854	94.750 	 3.522 	 328.460
FD10854	94.875 	 3.525 	 326.257
FD10854	95.000 	 3.530 	 323.418
FD10854	95.125 	 3.534 	 320.044
FD10854	95.250 	 3.540 	 316.295
FD10854	95.375 	 3.546 	 312.350
FD10854	95.500 	 3.554 	 308.325
FD10854	95.625 	 3.563 	 304.254
FD10854	95.750 	 3.573 	 300.106
FD10854	95.875 	 3.584 	 295.827
FD10854	96.000 	 3.597 	 291.390
FD10854	96.125 	 3.610 	 286.805
FD10854	96.250 	 3.624 	 282.091
FD10854	96.375 	 3.638 	 277.257
FD10854	96.500 	 3.653 	 272.276
FD10854	96.625 	 3.669 	 267.097
FD10854	96.750 	 3.686 	 261.679
FD10854	96.875 	 3.703 	 256.024
FD10854	97.000 	 3.722 	 250.185
FD10854	97.125 	 3.742 	 244.276
FD10854	97.250 	 3.762 	 238.423
FD10854	97.375 	 3.785 	 232.753
FD10854	97.500 	 3.809 	 227.362
FD10854	97.625 	 3.833 	 222.307
FD10854	97.750 	 3.858 	 217.598
FD10854	97.875 	 3.882 	 213.200
FD10854	98.000 	 3.906 	 209.032
FD10854	98.125 	 3.930 	 204.959
FD10854	98.250 	 3.954 	 200.829
FD10854	98.375 	 3.980 	 196.473
FD10854	98.500 	 4.008 	 191.760
FD10854	98.625 	 4.040 	 186.603
FD10854	98.750 	 4.077 	 180.985
FD10854	98.875 	 4.117 	 174.962
FD10854	99.000 	 4.163 	 168.642
FD10854	99.125 	 4.212 	 162.181
FD10854	99.250 	 4.263 	 155.725
FD10854	99.375 	 4.317 	 149.407
FD10854	99.500 	 4.372 	 143.305
FD10854	99.625 	 4.428 	 137.441
FD10854	99.750 	 4.486 	 131.792
FD10854	99.875 	 4.545 	 126.306
FD10854	100.000 	 4.604 	 120.938
FD10854	100.125 	 4.665 	 115.650
FD10854	100.250 	 4.726 	 110.435
FD10854	100.375 	 4.786 	 105.285
FD10854	100.500 	 4.846 	 100.193
FD10854	100.625 	 4.904 	 95.129
FD10854	100.750 	 4.959 	 90.058
FD10854	100.875 	 5.012 	 84.946
FD10854	101.000 	 5.063 	 79.799
FD10854	101.125 	 5.111 	 74.668
FD10854	101.250 	 5.159 	 69.644
FD10854	101.375 	 5.206 	 64.842
FD10854	101.500 	 5.253 	 60.371
FD10854	101.625 	 5.301 	 56.320
FD10854	101.750 	 5.350 	 52.745
FD10854	101.875 	 5.399 	 49.683
FD10854	102.000 	 5.448 	 47.144
FD10854	102.125 	 5.497 	 45.118
FD10854	102.250 	 5.548 	 43.567
FD10854	102.375 	 5.598 	 42.429
FD10854	102.500 	 5.648 	 41.633
FD10854	102.625 	 5.699 	 41.104
FD10854	102.750 	 5.750 	 40.784
FD10854	102.875 	 5.804 	 40.624
FD10854	103.000 	 5.857 	 40.587
FD10854	103.125 	 5.911 	 40.640
FD10854	103.250 	 5.965 	 40.751
FD10854	103.375 	 6.019 	 40.884
FD10854	103.500 	 6.075 	 41.016
FD10854	103.625 	 6.130 	 41.130
FD10854	103.750 	 6.185 	 41.227
FD10854	103.875 	 6.243 	 41.318
FD10854	104.000 	 6.302 	 41.416
FD10854	104.125 	 6.363 	 41.535
FD10854	104.250 	 6.428 	 41.683
FD10854	104.375 	 6.494 	 41.856
FD10854	104.500 	 6.564 	 42.050
FD10854	104.625 	 6.636 	 42.258
FD10854	104.750 	 6.710 	 42.470
FD10854	104.875 	 6.787 	 42.679
FD10854	105.000 	 6.867 	 42.881
FD10854	105.125 	 6.948 	 43.066
FD10854	105.250 	 7.031 	 43.228
FD10854	105.375 	 7.114 	 43.365
FD10854	105.500 	 7.200 	 43.480
FD10854	105.625 	 7.287 	 43.575
FD10854	105.750 	 7.375 	 43.655
FD10854	105.875 	 7.466 	 43.716
FD10854	106.000 	 7.557 	 43.752
FD10854	106.125 	 7.652 	 43.748
FD10854	106.250 	 7.747 	 43.702
FD10854	106.375 	 7.844 	 43.615
FD10854	106.500 	 7.943 	 43.499
FD10854	106.625 	 8.044 	 43.375
FD10854	106.750 	 8.148 	 43.256
FD10854	106.875 	 8.254 	 43.153
FD10854	107.000 	 8.360 	 43.064
FD10854	107.125 	 8.467 	 42.980
FD10854	107.250 	 8.570 	 42.890
FD10854	107.375 	 8.667 	 42.791
FD10854	107.500 	 8.758 	 42.682
FD10854	107.625 	 8.842 	 42.574
FD10854	107.750 	 8.919 	 42.474
FD10854	107.875 	 8.989 	 42.395
FD10854	108.000 	 9.055 	 42.340
FD10854	108.125 	 9.118 	 42.307
FD10854	108.250 	 9.176 	 42.295
FD10854	108.375 	 9.235 	 42.304
FD10854	108.500 	 9.292 	 42.339
FD10854	108.625 	 9.349 	 42.408
FD10854	108.750 	 9.403 	 42.515
FD10854	108.875 	 9.456 	 42.660
FD10854	109.000 	 9.507 	 42.838
FD10854	109.125 	 9.554 	 43.033
FD10854	109.250 	 9.600 	 43.236
FD10854	109.375 	 9.644 	 43.435
FD10854	109.500 	 9.686 	 43.629
FD10854	109.625 	 9.725 	 43.813
FD10854	109.750 	 9.764 	 43.987
FD10854	109.875 	 9.803 	 44.146
FD10854	110.000 	 9.839 	 44.288
FD10854	110.125 	 9.877 	 44.414
FD10854	110.250 	 9.912 	 44.523
FD10854	110.375 	 9.948 	 44.625
FD10854	110.500 	 9.985 	 44.728
FD10854	110.625 	 10.022 	 44.851
FD10854	110.750 	 10.061 	 45.017
FD10854	110.875 	 10.101 	 45.251
FD10854	111.000 	 10.142 	 45.570
FD10854	111.125 	 10.184 	 45.983
FD10854	111.250 	 10.228 	 46.477
FD10854	111.375 	 10.272 	 47.021
FD10854	111.500 	 10.315 	 47.581
FD10854	111.625 	 10.360 	 48.115
FD10854	111.750 	 10.402 	 48.597
FD10854	111.875 	 10.445 	 49.013
FD10854	112.000 	 10.487 	 49.363
FD10854	112.125 	 10.529 	 49.656
FD10854	112.250 	 10.570 	 49.899
FD10854	112.375 	 10.610 	 50.092
FD10854	112.500 	 10.651 	 50.226
FD10854	112.625 	 10.692 	 50.285
FD10854	112.750 	 10.732 	 50.259
FD10854	112.875 	 10.771 	 50.146
FD10854	113.000 	 10.809 	 49.959
FD10854	113.125 	 10.849 	 49.724
FD10854	113.250 	 10.885 	 49.474
FD10854	113.375 	 10.923 	 49.237
FD10854	113.500 	 10.961 	 49.030
FD10854	113.625 	 10.997 	 48.857
FD10854	113.750 	 11.037 	 48.709
FD10854	113.875 	 11.075 	 48.574
FD10854	114.000 	 11.115 	 48.448
FD10854	114.125 	 11.157 	 48.334
FD10854	114.250 	 11.200 	 48.248
FD10854	114.375 	 11.245 	 48.206
FD10854	114.500 	 11.294 	 48.216
FD10854	114.625 	 11.344 	 48.277
FD10854	114.750 	 11.399 	 48.373
FD10854	114.875 	 11.457 	 48.480
FD10854	115.000 	 11.518 	 48.584
FD10854	115.125 	 11.582 	 48.669
FD10854	115.250 	 11.647 	 48.729
FD10854	115.375 	 11.714 	 48.753
FD10854	115.500 	 11.780 	 48.730
FD10854	115.625 	 11.849 	 48.649
FD10854	115.750 	 11.916 	 48.514
FD10854	115.875 	 11.982 	 48.356
FD10854	116.000 	 12.047 	 48.217
FD10854	116.125 	 12.115 	 48.147
FD10854	116.250 	 12.179 	 48.165
FD10854	116.375 	 12.245 	 48.265
FD10854	116.500 	 12.312 	 48.409
FD10854	116.625 	 12.380 	 48.554
FD10854	116.750 	 12.449 	 48.670
FD10854	116.875 	 12.522 	 48.750
FD10854	117.000 	 12.597 	 48.811
FD10854	117.125 	 12.677 	 48.879
FD10854	117.250 	 12.758 	 48.977
FD10854	117.375 	 12.842 	 49.115
FD10854	117.500 	 12.926 	 49.290
FD10854	117.625 	 13.012 	 49.495
FD10854	117.750 	 13.096 	 49.718
FD10854	117.875 	 13.180 	 49.942
FD10854	118.000 	 13.262 	 50.157
FD10854	118.125 	 13.344 	 50.350
FD10854	118.250 	 13.423 	 50.512
FD10854	118.375 	 13.500 	 50.638
FD10854	118.500 	 13.573 	 50.726
FD10854	118.625 	 13.646 	 50.783
FD10854	118.750 	 13.715 	 50.814
FD10854	118.875 	 13.782 	 50.828
FD10854	119.000 	 13.847 	 50.835
FD10854	119.125 	 13.910 	 50.837
FD10854	119.250 	 13.970 	 50.837
FD10854	119.375 	 14.027 	 50.837
FD10854	119.500 	 14.081 	 50.837
FD10854	119.625 	 14.134 	 50.837
FD10854	119.750 	 14.184 	 50.837
FD10854	119.875 	 14.232 	 50.837
FD10854	120.000 	 14.282 	 50.837
FD10854	120.125 	 14.332 	 50.837
FD10854	120.250 	 14.383 	 50.837
FD10854	120.375 	 14.436 	 50.837
FD10854	120.500 	 14.487 	 50.837
FD10854	120.625 	 14.542 	 50.837
FD10854	120.750 	 14.594 	 50.837
FD10854	120.875 	 14.646 	 50.837
FD10854	121.000 	 14.697 	 50.837
FD10854	121.125 	 14.747 	 50.837
FD10854	121.250 	 14.796 	 50.837
FD10854	121.375 	 14.845 	 50.837
FD10854	121.500 	 14.893 	 50.837
FD10854	121.625 	 14.942 	 50.837
FD10854	121.750 	 14.992 	 50.837
FD10854	121.875 	 15.043 	 50.837
FD10854	122.000 	 15.094 	 50.837
FD10854	122.125 	 15.146 	 50.837
FD10854	122.250 	 15.198 	 50.837
FD10854	122.375 	 15.251 	 50.837
FD10854	122.500 	 15.304 	 50.837
FD10854	122.625 	 15.358 	 50.837
FD10854	122.750 	 15.414 	 50.837
FD10854	122.875 	 15.469 	 50.837
FD10854	123.000 	 15.527 	 50.837
FD10854	123.125 	 15.586 	 50.835
FD10854	123.250 	 15.644 	 50.833
FD10854	123.375 	 15.705 	 50.824
FD10854	123.500 	 15.762 	 50.803
FD10854	123.625 	 15.818 	 50.762
FD10854	123.750 	 15.873 	 50.695
FD10854	123.875 	 15.924 	 50.595
FD10854	124.000 	 15.973 	 50.466
FD10854	124.125 	 16.022 	 50.321
FD10854	124.250 	 16.069 	 50.173
FD10854	124.375 	 16.117 	 50.039
FD10854	124.500 	 16.163 	 49.934
FD10854	124.625 	 16.213 	 49.859
FD10854	124.750 	 16.263 	 49.814
FD10854	124.875 	 16.312 	 49.791
FD10854	125.000 	 16.366 	 49.781
FD10854	125.125 	 16.419 	 49.781
FD10854	125.250 	 16.475 	 49.792
FD10854	125.375 	 16.531 	 49.821
FD10854	125.500 	 16.589 	 49.878
FD10854	125.625 	 16.649 	 49.971
FD10854	125.750 	 16.709 	 50.105
FD10854	125.875 	 16.769 	 50.271
FD10854	126.000 	 16.832 	 50.453
FD10854	126.125 	 16.896 	 50.627
FD10854	126.250 	 16.959 	 50.775
FD10854	126.375 	 17.024 	 50.882
FD10854	126.500 	 17.091 	 50.944
FD10854	126.625 	 17.156 	 50.960
FD10854	126.750 	 17.223 	 50.933
FD10854	126.875 	 17.289 	 50.872
FD10854	127.000 	 17.350 	 50.784
FD10854	127.125 	 17.411 	 50.690
FD10854	127.250 	 17.470 	 50.609
FD10854	127.375 	 17.527 	 50.558
FD10854	127.500 	 17.586 	 50.544
FD10854	127.625 	 17.642 	 50.565
FD10854	127.750 	 17.701 	 50.610
FD10854	127.875 	 17.760 	 50.671
FD10854	128.000 	 17.819 	 50.742
FD10854	128.125 	 17.877 	 50.821
FD10854	128.250 	 17.937 	 50.907
FD10854	128.375 	 17.997 	 50.993
FD10854	128.500 	 18.055 	 51.062
FD10854	128.625 	 18.111 	 51.090
FD10854	128.750 	 18.166 	 51.059
FD10854	128.875 	 18.220 	 50.957
FD10854	129.000 	 18.268 	 50.790
FD10854	129.125 	 18.313 	 50.581
FD10854	129.250 	 18.354 	 50.357
FD10854	129.375 	 18.389 	 50.151
FD10854	129.500 	 18.423 	 49.989
FD10854	129.625 	 18.452 	 49.885
FD10854	129.750 	 18.482 	 49.841
FD10854	129.875 	 18.506 	 49.851
FD10854	130.000 	 18.536 	 49.899
FD10854	130.125 	 18.563 	 49.969
FD10854	130.250 	 18.593 	 50.044
FD10854	130.375 	 18.619 	 50.112
FD10854	130.500 	 18.653 	 50.165
FD10854	130.625 	 18.681 	 50.205
FD10854	130.750 	 18.716 	 50.236
FD10854	130.875 	 18.746 	 50.266
FD10854	131.000 	 18.780 	 50.303
FD10854	131.125 	 18.816 	 50.354
FD10854	131.250 	 18.854 	 50.416
FD10854	131.375 	 18.893 	 50.489
FD10854	131.500 	 18.939 	 50.565
FD10854	131.625 	 18.993 	 50.641
FD10854	131.750 	 19.056 	 50.710
FD10854	131.875 	 19.116 	 50.769
FD10854	132.000 	 19.188 	 50.816
FD10854	132.125 	 19.262 	 50.846
FD10854	132.250 	 19.336 	 50.857
FD10854	132.375 	 19.410 	 50.844
FD10854	132.500 	 19.487 	 50.807
FD10854	132.625 	 19.556 	 50.742
FD10854	132.750 	 19.630 	 50.653
FD10854	132.875 	 19.704 	 50.543
FD10854	133.000 	 19.775 	 50.415
FD10854	133.125 	 19.850 	 50.276
FD10854	133.250 	 19.922 	 50.130
FD10854	133.375 	 19.998 	 49.977
FD10854	133.500 	 20.073 	 49.822
FD10854	133.625 	 20.147 	 49.666
FD10854	133.750 	 20.223 	 49.514
FD10854	133.875 	 20.295 	 49.374
FD10854	134.000 	 20.370 	 49.260
FD10854	134.125 	 20.435 	 49.180
FD10854	134.250 	 20.506 	 49.140
FD10854	134.375 	 20.567 	 49.141
FD10854	134.500 	 20.625 	 49.173
FD10854	134.625 	 20.688 	 49.225
FD10854	134.750 	 20.742 	 49.284
FD10854	134.875 	 20.797 	 49.348
FD10854	135.000 	 20.850 	 49.415
FD10854	135.125 	 20.909 	 49.489
FD10854	135.250 	 20.964 	 49.578
FD10854	135.375 	 21.024 	 49.687
FD10854	135.500 	 21.087 	 49.824
FD10854	135.625 	 21.149 	 49.987
FD10854	135.750 	 21.210 	 50.175
FD10854	135.875 	 21.279 	 50.381
FD10854	136.000 	 21.341 	 50.591
FD10854	136.125 	 21.410 	 50.792
FD10854	136.250 	 21.471 	 50.975
FD10854	136.375 	 21.538 	 51.137
FD10854	136.500 	 21.605 	 51.277
FD10854	136.625 	 21.671 	 51.403
FD10854	136.750 	 21.739 	 51.520
FD10854	136.875 	 21.803 	 51.626
FD10854	137.000 	 21.865 	 51.718
FD10854	137.125 	 21.928 	 51.791
FD10854	137.250 	 21.981 	 51.842
FD10854	137.375 	 22.035 	 51.873
FD10854	137.500 	 22.077 	 51.890
FD10854	137.625 	 22.120 	 51.898
FD10854	137.750 	 22.157 	 51.905
FD10854	137.875 	 22.189 	 51.919
FD10854	138.000 	 22.228 	 51.947
FD10854	138.125 	 22.257 	 52.000
FD10854	138.250 	 22.291 	 52.088
FD10854	138.375 	 22.325 	 52.217
FD10854	138.500 	 22.361 	 52.390
FD10854	138.625 	 22.397 	 52.601
FD10854	138.750 	 22.432 	 52.838
FD10854	138.875 	 22.468 	 53.085
FD10854	139.000 	 22.500 	 53.322
FD10854	139.125 	 22.537 	 53.532
FD10854	139.250 	 22.568 	 53.706
FD10854	139.375 	 22.600 	 53.835
FD10854	139.500 	 22.632 	 53.924
FD10854	139.625 	 22.659 	 53.978
FD10854	139.750 	 22.688 	 54.009
FD10854	139.875 	 22.717 	 54.032
FD10854	140.000 	 22.739 	 54.061
FD10854	140.125 	 22.770 	 54.108
FD10854	140.250 	 22.792 	 54.183
FD10854	140.375 	 22.824 	 54.288
FD10854	140.500 	 22.850 	 54.422
FD10854	140.625 	 22.880 	 54.570
FD10854	140.750 	 22.906 	 54.717
FD10854	140.875 	 22.934 	 54.845
FD10854	141.000 	 22.964 	 54.945
FD10854	141.125 	 22.994 	 55.014
FD10854	141.250 	 23.024 	 55.056
FD10854	141.375 	 23.052 	 55.084
FD10854	141.500 	 23.082 	 55.111
FD10854	141.625 	 23.110 	 55.155
FD10854	141.750 	 23.140 	 55.230
FD10854	141.875 	 23.168 	 55.352
FD10854	142.000 	 23.201 	 55.529
FD10854	142.125 	 23.228 	 55.762
FD10854	142.250 	 23.259 	 56.044
FD10854	142.375 	 23.287 	 56.360
FD10854	142.500 	 23.320 	 56.690
FD10854	142.625 	 23.345 	 57.014
FD10854	142.750 	 23.376 	 57.317
FD10854	142.875 	 23.410 	 57.584
FD10854	143.000 	 23.439 	 57.805
FD10854	143.125 	 23.469 	 57.976
FD10854	143.250 	 23.506 	 58.091
FD10854	143.375 	 23.542 	 58.149
FD10854	143.500 	 23.580 	 58.145
FD10854	143.625 	 23.621 	 58.076
FD10854	143.750 	 23.670 	 57.936
FD10854	143.875 	 23.716 	 57.728
FD10854	144.000 	 23.765 	 57.465
FD10854	144.125 	 23.819 	 57.167
FD10854	144.250 	 23.868 	 56.866
FD10854	144.375 	 23.922 	 56.591
FD10854	144.500 	 23.969 	 56.368
FD10854	144.625 	 24.020 	 56.211
FD10854	144.750 	 24.062 	 56.127
FD10854	144.875 	 24.103 	 56.111
FD10854	145.000 	 24.142 	 56.145
FD10854	145.125 	 24.186 	 56.207
FD10854	145.250 	 24.222 	 56.267
FD10854	145.375 	 24.262 	 56.296
FD10854	145.500 	 24.305 	 56.286
FD10854	145.625 	 24.355 	 56.229
FD10854	145.750 	 24.397 	 56.142
FD10854	145.875 	 24.449 	 56.038
FD10854	146.000 	 24.496 	 55.934
FD10854	146.125 	 24.549 	 55.837
FD10854	146.250 	 24.592 	 55.759
FD10854	146.375 	 24.641 	 55.702
FD10854	146.500 	 24.684 	 55.673
FD10854	146.625 	 24.721 	 55.673
FD10854	146.750 	 24.751 	 55.702
FD10854	146.875 	 24.780 	 55.750
FD10854	147.000 	 24.805 	 55.809
FD10854	147.125 	 24.828 	 55.858
FD10854	147.250 	 24.841 	 55.888
FD10854	147.375 	 24.850 	 55.892
FD10854	147.500 	 24.860 	 55.874
FD10854	147.625 	 24.863 	 55.840
FD10854	147.750 	 24.867 	 55.806
FD10854	147.875 	 24.862 	 55.783
FD10854	148.000 	 24.859 	 55.782
FD10854	148.125 	 24.851 	 55.811
FD10854	148.250 	 24.850 	 55.878
FD10854	148.375 	 24.843 	 55.984
FD10854	148.500 	 24.840 	 56.131
FD10854	148.625 	 24.835 	 56.308
FD10854	148.750 	 24.836 	 56.506
FD10854	148.875 	 24.833 	 56.699
FD10854	149.000 	 24.830 	 56.872
FD10854	149.125 	 24.830 	 57.008
FD10854	149.250 	 24.833 	 57.106
FD10854	149.375 	 24.830 	 57.175
FD10854	149.500 	 24.830 	 57.231
FD10854	149.625 	 24.835 	 57.289
FD10854	149.750 	 24.836 	 57.368
FD10854	149.875 	 24.839 	 57.475
FD10854	150.000 	 24.842 	 57.610
FD10854	150.125 	 24.847 	 57.759
FD10854	150.250 	 24.851 	 57.909
FD10854	150.375 	 24.862 	 58.047
FD10854	150.500 	 24.861 	 58.169
FD10854	150.625 	 24.870 	 58.284
FD10854	150.750 	 24.874 	 58.410
FD10854	150.875 	 24.877 	 58.566
FD10854	151.000 	 24.882 	 58.765
FD10854	151.125 	 24.880 	 59.006
FD10854	151.250 	 24.884 	 59.279
FD10854	151.375 	 24.882 	 59.557
FD10854	151.500 	 24.882 	 59.813
FD10854	151.625 	 24.886 	 60.024
FD10854	151.750 	 24.886 	 60.182
FD10854	151.875 	 24.885 	 60.286
FD10854	152.000 	 24.889 	 60.347
FD10854	152.125 	 24.891 	 60.378
FD10854	152.250 	 24.893 	 60.392
FD10854	152.375 	 24.896 	 60.397
FD10854	152.500 	 24.901 	 60.398
FD10854	152.625 	 24.904 	 60.398
FD10854	152.750 	 24.907 	 60.399
FD10854	152.875 	 24.910 	 60.398
FD10854	153.000 	 24.913 	 60.398
FD10854	153.125 	 24.916 	 60.398
FD10854	153.250 	 24.926 	 60.398
FD10854	153.375 	 24.923 	 60.399
FD10854	153.500 	 24.934 	 60.397
FD10854	153.625 	 24.939 	 60.398
FD10854	153.750 	 24.945 	 60.398
FD10854	153.875 	 24.956 	 60.398
FD10854	154.000 	 24.966 	 60.398
FD10854	154.125 	 24.985 	 60.396
FD10854	154.250 	 25.004 	 60.392
FD10854	154.375 	 25.027 	 60.379
FD10854	154.500 	 25.054 	 60.351
FD10854	154.625 	 25.080 	 60.301
FD10854	154.750 	 25.114 	 60.220
FD10854	154.875 	 25.142 	 60.110
FD10854	155.000 	 25.173 	 59.973
FD10854	155.125 	 25.205 	 59.828
FD10854	155.250 	 25.236 	 59.689
FD10854	155.375 	 25.264 	 59.567
FD10854	155.500 	 25.295 	 59.470
FD10854	155.625 	 25.328 	 59.383
FD10854	155.750 	 25.355 	 59.296
FD10854	155.875 	 25.385 	 59.194
FD10854	156.000 	 25.410 	 59.082
FD10854	156.125 	 25.440 	 58.975
FD10854	156.250 	 25.459 	 58.896
FD10854	156.375 	 25.485 	 58.866
FD10854	156.500 	 25.499 	 58.891
FD10854	156.625 	 25.511 	 58.963
FD10854	156.750 	 25.527 	 59.057
FD10854	156.875 	 25.533 	 59.152
FD10854	157.000 	 25.538 	 59.230
FD10854	157.125 	 25.543 	 59.283
FD10854	157.250 	 25.544 	 59.314
FD10854	157.375 	 25.540 	 59.328
FD10854	157.500 	 25.537 	 59.332
FD10854	157.625 	 25.533 	 59.329
FD10854	157.750 	 25.527 	 59.317
FD10854	157.875 	 25.517 	 59.289
FD10854	158.000 	 25.509 	 59.240
FD10854	158.125 	 25.496 	 59.159
FD10854	158.250 	 25.481 	 59.047
FD10854	158.375 	 25.471 	 58.908
FD10854	158.500 	 25.462 	 58.759
FD10854	158.625 	 25.455 	 58.614
FD10854	158.750 	 25.443 	 58.486
FD10854	158.875 	 25.439 	 58.381
FD10854	159.000 	 25.437 	 58.293
FD10854	159.125 	 25.441 	 58.211
FD10854	159.250 	 25.444 	 58.118
FD10854	159.375 	 25.445 	 58.006
FD10854	159.500 	 25.457 	 57.873
FD10854	159.625 	 25.461 	 57.728
FD10854	159.750 	 25.473 	 57.584
FD10854	159.875 	 25.479 	 57.458
FD10854	160.000 	 25.492 	 57.359
FD10854	160.125 	 25.502 	 57.290
FD10854	160.250 	 25.511 	 57.248
FD10854	160.375 	 25.526 	 57.227
FD10854	160.500 	 25.537 	 57.215
FD10854	160.625 	 25.553 	 57.213
FD10854	160.750 	 25.562 	 57.212
FD10854	160.875 	 25.573 	 57.210
FD10854	161.000 	 25.590 	 57.206
FD10854	161.125 	 25.601 	 57.196
FD10854	161.250 	 25.616 	 57.177
FD10854	161.375 	 25.636 	 57.145
FD10854	161.500 	 25.651 	 57.097
FD10854	161.625 	 25.673 	 57.036
FD10854	161.750 	 25.693 	 56.973
FD10854	161.875 	 25.710 	 56.922
FD10854	162.000 	 25.737 	 56.900
FD10854	162.125 	 25.758 	 56.932
FD10854	162.250 	 25.779 	 57.034
FD10854	162.375 	 25.801 	 57.215
FD10854	162.500 	 25.820 	 57.473
FD10854	162.625 	 25.837 	 57.796
FD10854	162.750 	 25.852 	 58.158
FD10854	162.875 	 25.863 	 58.529
FD10854	163.000 	 25.879 	 58.880
FD10854	163.125 	 25.888 	 59.190
FD10854	163.250 	 25.896 	 59.448
FD10854	163.375 	 25.911 	 59.656
FD10854	163.500 	 25.919 	 59.813
FD10854	163.625 	 25.929 	 59.927
FD10854	163.750 	 25.945 	 59.996
FD10854	163.875 	 25.956 	 60.020
FD10854	164.000 	 25.975 	 60.001
FD10854	164.125 	 25.989 	 59.944
FD10854	164.250 	 26.011 	 59.865
FD10854	164.375 	 26.030 	 59.775
FD10854	164.500 	 26.054 	 59.693
FD10854	164.625 	 26.072 	 59.627
FD10854	164.750 	 26.097 	 59.578
FD10854	164.875 	 26.121 	 59.544
FD10854	165.000 	 26.142 	 59.512
FD10854	165.125 	 26.162 	 59.473
FD10854	165.250 	 26.185 	 59.423
FD10854	165.375 	 26.204 	 59.359
FD10854	165.500 	 26.221 	 59.292
FD10854	165.625 	 26.238 	 59.229
FD10854	165.750 	 26.255 	 59.176
FD10854	165.875 	 26.270 	 59.131
FD10854	166.000 	 26.287 	 59.084
FD10854	166.125 	 26.302 	 59.024
FD10854	166.250 	 26.322 	 58.939
FD10854	166.375 	 26.336 	 58.829
FD10854	166.500 	 26.358 	 58.697
FD10854	166.625 	 26.373 	 58.553
FD10854	166.750 	 26.396 	 58.413
FD10854	166.875 	 26.420 	 58.289
FD10854	167.000 	 26.440 	 58.189
FD10854	167.125 	 26.462 	 58.120
FD10854	167.250 	 26.487 	 58.086
FD10854	167.375 	 26.510 	 58.085
FD10854	167.500 	 26.540 	 58.119
FD10854	167.625 	 26.561 	 58.184
FD10854	167.750 	 26.592 	 58.279
FD10854	167.875 	 26.618 	 58.400
FD10854	168.000 	 26.647 	 58.538
FD10854	168.125 	 26.676 	 58.689
FD10854	168.250 	 26.705 	 58.840
FD10854	168.375 	 26.730 	 58.985
FD10854	168.500 	 26.762 	 59.112
FD10854	168.625 	 26.787 	 59.213
FD10854	168.750 	 26.815 	 59.283
FD10854	168.875 	 26.839 	 59.319
FD10854	169.000 	 26.866 	 59.320
FD10854	169.125 	 26.891 	 59.288
FD10854	169.250 	 26.916 	 59.227
FD10854	169.375 	 26.933 	 59.140
FD10854	169.500 	 26.956 	 59.026
FD10854	169.625 	 26.976 	 58.890
FD10854	169.750 	 26.988 	 58.736
FD10854	169.875 	 26.998 	 58.568
FD10854	170.000 	 27.014 	 58.391
FD10854	170.125 	 27.021 	 58.208
FD10854	170.250 	 27.035 	 58.020
FD10854	170.375 	 27.037 	 57.830
FD10854	170.500 	 27.042 	 57.638
FD10854	170.625 	 27.049 	 57.444
FD10854	170.750 	 27.056 	 57.246
FD10854	170.875 	 27.058 	 57.048
FD10854	171.000 	 27.057 	 56.850
FD10854	171.125 	 27.062 	 56.651
FD10854	171.250 	 27.064 	 56.461
FD10854	171.375 	 27.070 	 56.278
FD10854	171.500 	 27.069 	 56.106
FD10854	171.625 	 27.076 	 55.956
FD10854	171.750 	 27.080 	 55.829
FD10854	171.875 	 27.088 	 55.734
FD10854	172.000 	 27.088 	 55.667
FD10854	172.125 	 27.095 	 55.633
FD10854	172.250 	 27.099 	 55.622
FD10854	172.375 	 27.105 	 55.627
FD10854	172.500 	 27.108 	 55.646
FD10854	172.625 	 27.110 	 55.667
FD10854	172.750 	 27.111 	 55.685
FD10854	172.875 	 27.111 	 55.694
FD10854	173.000 	 27.113 	 55.692
FD10854	173.125 	 27.116 	 55.677
FD10854	173.250 	 27.113 	 55.646
FD10854	173.375 	 27.117 	 55.605
FD10854	173.500 	 27.114 	 55.559
FD10854	173.625 	 27.114 	 55.514
FD10854	173.750 	 27.118 	 55.473
FD10854	173.875 	 27.120 	 55.443
FD10854	174.000 	 27.119 	 55.433
FD10854	174.125 	 27.124 	 55.441
FD10854	174.250 	 27.126 	 55.478
FD10854	174.375 	 27.132 	 55.545
FD10854	174.500 	 27.130 	 55.637
FD10854	174.625 	 27.133 	 55.754
FD10854	174.750 	 27.137 	 55.882
FD10854	174.875 	 27.138 	 56.012
FD10854	175.000 	 27.139 	 56.135
FD10854	175.125 	 27.140 	 56.245
FD10854	175.250 	 27.141 	 56.337
FD10854	175.375 	 27.141 	 56.414
FD10854	175.500 	 27.142 	 56.481
FD10854	175.625 	 27.144 	 56.542
FD10854	175.750 	 27.149 	 56.599
FD10854	175.875 	 27.151 	 56.654
FD10854	176.000 	 27.154 	 56.705
FD10854	176.125 	 27.158 	 56.757
FD10854	176.250 	 27.165 	 56.814
FD10854	176.375 	 27.169 	 56.888
FD10854	176.500 	 27.172 	 56.992
FD10854	176.625 	 27.176 	 57.134
FD10854	176.750 	 27.179 	 57.320
FD10854	176.875 	 27.183 	 57.533
FD10854	177.000 	 27.184 	 57.751
FD10854	177.125 	 27.184 	 57.949
FD10854	177.250 	 27.183 	 58.102
FD10854	177.375 	 27.178 	 58.204
FD10854	177.500 	 27.175 	 58.258
FD10854	177.625 	 27.172 	 58.281
FD10854	177.750 	 27.168 	 58.282
FD10854	177.875 	 27.164 	 58.280
FD10854	178.000 	 27.157 	 58.276
FD10854	178.125 	 27.152 	 58.275
FD10854	178.250 	 27.144 	 58.274
FD10854	178.375 	 27.138 	 58.275
FD10854	178.500 	 27.131 	 58.281
FD10854	178.625 	 27.127 	 58.293
FD10854	178.750 	 27.127 	 58.321
FD10854	178.875 	 27.117 	 58.371
FD10854	179.000 	 27.116 	 58.452
FD10854	179.125 	 27.117 	 58.564
FD10854	179.250 	 27.114 	 58.700
FD10854	179.375 	 27.116 	 58.845
FD10854	179.500 	 27.113 	 58.982
FD10854	179.625 	 27.113 	 59.084
FD10854	179.750 	 27.113 	 59.136
FD10854	179.875 	 27.113 	 59.131
FD10854	180.000 	 27.116 	 59.068
FD10854	180.125 	 27.116 	 58.954
FD10854	180.250 	 27.113 	 58.813
FD10854	180.375 	 27.114 	 58.662
FD10854	180.500 	 27.114 	 58.508
FD10854	180.625 	 27.120 	 58.367
FD10854	180.750 	 27.123 	 58.236
FD10854	180.875 	 27.126 	 58.110
FD10854	181.000 	 27.131 	 57.987
FD10854	181.125 	 27.138 	 57.875
FD10854	181.250 	 27.144 	 57.782
FD10854	181.375 	 27.150 	 57.728
FD10854	181.500 	 27.154 	 57.721
FD10854	181.625 	 27.159 	 57.760
FD10854	181.750 	 27.161 	 57.839
FD10854	181.875 	 27.167 	 57.949
FD10854	182.000 	 27.169 	 58.066
FD10854	182.125 	 27.172 	 58.182
FD10854	182.250 	 27.175 	 58.286
FD10854	182.375 	 27.183 	 58.365
FD10854	182.500 	 27.189 	 58.423
FD10854	182.625 	 27.199 	 58.461
FD10854	182.750 	 27.211 	 58.476
FD10854	182.875 	 27.219 	 58.473
FD10854	183.000 	 27.232 	 58.449
FD10854	183.125 	 27.244 	 58.406
FD10854	183.250 	 27.254 	 58.351
FD10854	183.375 	 27.264 	 58.286
FD10854	183.500 	 27.275 	 58.219
FD10854	183.625 	 27.283 	 58.163
FD10854	183.750 	 27.291 	 58.128
FD10854	183.875 	 27.301 	 58.119
FD10854	184.000 	 27.308 	 58.140
FD10854	184.125 	 27.313 	 58.180
FD10854	184.250 	 27.323 	 58.241
FD10854	184.375 	 27.332 	 58.310
FD10854	184.500 	 27.332 	 58.377
FD10854	184.625 	 27.344 	 58.442
FD10854	184.750 	 27.340 	 58.495
FD10854	184.875 	 27.348 	 58.540
FD10854	185.000 	 27.350 	 58.576
FD10854	185.125 	 27.350 	 58.607
FD10854	185.250 	 27.345 	 58.637
FD10854	185.375 	 27.344 	 58.666
FD10854	185.500 	 27.346 	 58.695
FD10854	185.625 	 27.341 	 58.714
FD10854	185.750 	 27.339 	 58.718
FD10854	185.875 	 27.333 	 58.692
FD10854	186.000 	 27.339 	 58.631
FD10854	186.125 	 27.331 	 58.531
FD10854	186.250 	 27.331 	 58.399
FD10854	186.375 	 27.340 	 58.243
FD10854	186.500 	 27.335 	 58.081
FD10854	186.625 	 27.345 	 57.929
FD10854	186.750 	 27.346 	 57.798
FD10854	186.875 	 27.354 	 57.697
FD10854	187.000 	 27.361 	 57.634
FD10854	187.125 	 27.363 	 57.605
FD10854	187.250 	 27.374 	 57.609
FD10854	187.375 	 27.376 	 57.637
FD10854	187.500 	 27.383 	 57.683
FD10854	187.625 	 27.388 	 57.740
FD10854	187.750 	 27.394 	 57.805
FD10854	187.875 	 27.394 	 57.875
FD10854	188.000 	 27.403 	 57.946
FD10854	188.125 	 27.398 	 58.019
FD10854	188.250 	 27.408 	 58.088
FD10854	188.375 	 27.409 	 58.148
FD10854	188.500 	 27.408 	 58.201
FD10854	188.625 	 27.413 	 58.241
FD10854	188.750 	 27.415 	 58.269
FD10854	188.875 	 27.418 	 58.287
FD10854	189.000 	 27.425 	 58.299
FD10854	189.125 	 27.424 	 58.307
FD10854	189.250 	 27.434 	 58.317
FD10854	189.375 	 27.434 	 58.328
FD10854	189.500 	 27.437 	 58.343
FD10854	189.625 	 27.443 	 58.364
FD10854	189.750 	 27.447 	 58.392
FD10854	189.875 	 27.448 	 58.429
FD10854	190.000 	 27.454 	 58.476
FD10854	190.125 	 27.455 	 58.529
FD10854	190.250 	 27.451 	 58.590
FD10854	190.375 	 27.456 	 58.652
FD10854	190.500 	 27.450 	 58.712
FD10854	190.625 	 27.452 	 58.764
FD10854	190.750 	 27.446 	 58.809
FD10854	190.875 	 27.443 	 58.845
FD10854	191.000 	 27.437 	 58.867
FD10854	191.125 	 27.434 	 58.886
FD10854	191.250 	 27.435 	 58.891
FD10854	191.375 	 27.424 	 58.892
FD10854	191.500 	 27.426 	 58.881
FD10854	191.625 	 27.424 	 58.867
FD10854	191.750 	 27.421 	 58.845
FD10854	191.875 	 27.420 	 58.815
FD10854	192.000 	 27.421 	 58.778
FD10854	192.125 	 27.429 	 58.739
FD10854	192.250 	 27.425 	 58.692
FD10854	192.375 	 27.435 	 58.639
FD10854	192.500 	 27.436 	 58.576
FD10854	192.625 	 27.440 	 58.505
FD10854	192.750 	 27.452 	 58.423
FD10854	192.875 	 27.458 	 58.328
FD10854	193.000 	 27.464 	 58.221
FD10854	193.125 	 27.474 	 58.102
FD10854	193.250 	 27.480 	 57.975
FD10854	193.375 	 27.489 	 57.846
FD10854	193.500 	 27.498 	 57.718
FD10854	193.625 	 27.500 	 57.602
FD10854	193.750 	 27.510 	 57.499
FD10854	193.875 	 27.511 	 57.414
FD10854	194.000 	 27.514 	 57.352
FD10854	194.125 	 27.523 	 57.318
FD10854	194.250 	 27.520 	 57.305
FD10854	194.375 	 27.529 	 57.307
FD10854	194.500 	 27.531 	 57.308
FD10854	194.625 	 27.534 	 57.293
FD10854	194.750 	 27.537 	 57.250
FD10854	194.875 	 27.540 	 57.168
FD10854	195.000 	 27.542 	 57.044
FD10854	195.125 	 27.548 	 56.892
FD10854	195.250 	 27.550 	 56.725
FD10854	195.375 	 27.552 	 56.563
FD10854	195.500 	 27.556 	 56.419
FD10854	195.625 	 27.561 	 56.310
FD10854	195.750 	 27.562 	 56.235
FD10854	195.875 	 27.560 	 56.189
FD10854	196.000 	 27.564 	 56.170
FD10854	196.125 	 27.565 	 56.172
FD10854	196.250 	 27.562 	 56.197
FD10854	196.375 	 27.566 	 56.244
FD10854	196.500 	 27.566 	 56.326
FD10854	196.625 	 27.566 	 56.437
FD10854	196.750 	 27.566 	 56.575
FD10854	196.875 	 27.566 	 56.725
FD10854	197.000 	 27.565 	 56.870
FD10854	197.125 	 27.567 	 56.994
FD10854	197.250 	 27.566 	 57.087
FD10854	197.375 	 27.566 	 57.148
FD10854	197.500 	 27.567 	 57.185
FD10854	197.625 	 27.566 	 57.200
FD10854	197.750 	 27.566 	 57.207
FD10854	197.875 	 27.567 	 57.206
FD10854	198.000 	 27.568 	 57.194
FD10854	198.125 	 27.569 	 57.173
FD10854	198.250 	 27.573 	 57.125
FD10854	198.375 	 27.574 	 57.050
FD10854	198.500 	 27.572 	 56.938
FD10854	198.625 	 27.573 	 56.790
FD10854	198.750 	 27.576 	 56.611
FD10854	198.875 	 27.572 	 56.407
FD10854	199.000 	 27.572 	 56.192
FD10854	199.125 	 27.567 	 55.973
FD10854	199.250 	 27.561 	 55.755
FD10854	199.375 	 27.560 	 55.550
FD10854	199.500 	 27.553 	 55.359
FD10854	199.625 	 27.549 	 55.191
FD10854	199.750 	 27.542 	 55.042
FD10854	199.875 	 27.537 	 54.920
FD10854	200.000 	 27.531 	 54.821
FD10854	200.125 	 27.523 	 54.750
FD10854	200.250 	 27.517 	 54.709
FD10854	200.375 	 27.505 	 54.700
FD10854	200.500 	 27.493 	 54.719
FD10854	200.625 	 27.480 	 54.760
FD10854	200.750 	 27.470 	 54.817
FD10854	200.875 	 27.452 	 54.884
FD10854	201.000 	 27.441 	 54.963
FD10854	201.125 	 27.426 	 55.043
FD10854	201.250 	 27.408 	 55.134
FD10854	201.375 	 27.395 	 55.232
FD10854	201.500 	 27.376 	 55.332
FD10854	201.625 	 27.363 	 55.440
FD10854	201.750 	 27.342 	 55.543
FD10854	201.875 	 27.325 	 55.649
FD10854	202.000 	 27.305 	 55.750
FD10854	202.125 	 27.284 	 55.853
FD10854	202.250 	 27.269 	 55.963
FD10854	202.375 	 27.247 	 56.081
FD10854	202.500 	 27.231 	 56.218
FD10854	202.625 	 27.212 	 56.382
FD10854	202.750 	 27.201 	 56.582
FD10854	202.875 	 27.194 	 56.818
FD10854	203.000 	 27.184 	 57.083
FD10854	203.125 	 27.176 	 57.361
FD10854	203.250 	 27.173 	 57.623
FD10854	203.375 	 27.171 	 57.851
FD10854	203.500 	 27.171 	 58.020
FD10854	203.625 	 27.172 	 58.134
FD10854	203.750 	 27.173 	 58.183
FD10854	203.875 	 27.178 	 58.176
FD10854	204.000 	 27.177 	 58.110
FD10854	204.125 	 27.184 	 57.978
FD10854	204.250 	 27.189 	 57.780
FD10854	204.375 	 27.195 	 57.529
FD10854	204.500 	 27.200 	 57.239
FD10854	204.625 	 27.204 	 56.950
FD10854	204.750 	 27.209 	 56.689
FD10854	204.875 	 27.216 	 56.477
FD10854	205.000 	 27.224 	 56.328
FD10854	205.125 	 27.226 	 56.236
FD10854	205.250 	 27.238 	 56.184
FD10854	205.375 	 27.242 	 56.163
FD10854	205.500 	 27.256 	 56.152
FD10854	205.625 	 27.265 	 56.149
FD10854	205.750 	 27.277 	 56.150
FD10854	205.875 	 27.290 	 56.147
FD10854	206.000 	 27.301 	 56.147
FD10854	206.125 	 27.317 	 56.142
FD10854	206.250 	 27.328 	 56.129
FD10854	206.375 	 27.345 	 56.097
FD10854	206.500 	 27.354 	 56.030
FD10854	206.625 	 27.363 	 55.915
FD10854	206.750 	 27.377 	 55.746
FD10854	206.875 	 27.380 	 55.523
FD10854	207.000 	 27.392 	 55.266
FD10854	207.125 	 27.396 	 55.030
FD10854	207.250 	 27.396 	 54.854
FD10854	207.375 	 27.404 	 54.799
FD10854	207.500 	 27.400 	 54.891
FD10854	207.625 	 27.400 	 55.130
FD10854	207.750 	 27.399 	 55.486
FD10854	207.875 	 27.395 	 55.900
FD10854	208.000 	 27.394 	 56.309
FD10854	208.125 	 27.390 	 56.648
FD10854	208.250 	 27.390 	 56.891
FD10854	208.375 	 27.385 	 57.032
FD10854	208.500 	 27.384 	 57.081
FD10854	208.625 	 27.378 	 57.080
FD10854	208.750 	 27.379 	 57.045
FD10854	208.875 	 27.373 	 57.011
FD10854	209.000 	 27.368 	 56.976
FD10854	209.125 	 27.363 	 56.954
FD10854	209.250 	 27.348 	 56.934
FD10854	209.375 	 27.339 	 56.917
FD10854	209.500 	 27.322 	 56.900
FD10854	209.625 	 27.306 	 56.885
FD10854	209.750 	 27.288 	 56.876
FD10854	209.875 	 27.267 	 56.873
FD10854	210.000 	 27.250 	 56.882
FD10854	210.125 	 27.234 	 56.912
FD10854	210.250 	 27.219 	 56.967
FD10854	210.375 	 27.209 	 57.052
FD10854	210.500 	 27.193 	 57.169
FD10854	210.625 	 27.183 	 57.311
FD10854	210.750 	 27.172 	 57.467
FD10854	210.875 	 27.164 	 57.634
FD10854	211.000 	 27.149 	 57.802
FD10854	211.125 	 27.146 	 57.971
FD10854	211.250 	 27.135 	 58.144
FD10854	211.375 	 27.132 	 58.321
FD10854	211.500 	 27.124 	 58.513
FD10854	211.625 	 27.120 	 58.726
FD10854	211.750 	 27.119 	 58.951
FD10854	211.875 	 27.115 	 59.192
FD10854	212.000 	 27.118 	 59.431
FD10854	212.125 	 27.113 	 59.651
FD10854	212.250 	 27.113 	 59.829
FD10854	212.375 	 27.117 	 59.948
FD10854	212.500 	 27.114 	 59.993
FD10854	212.625 	 27.113 	 59.957
FD10854	212.750 	 27.116 	 59.852
FD10854	212.875 	 27.113 	 59.699
FD10854	213.000 	 27.114 	 59.520
FD10854	213.125 	 27.113 	 59.336
FD10854	213.250 	 27.116 	 59.172
FD10854	213.375 	 27.114 	 59.040
FD10854	213.500 	 27.114 	 58.944
FD10854	213.625 	 27.117 	 58.885
FD10854	213.750 	 27.113 	 58.851
FD10854	213.875 	 27.113 	 58.841
FD10854	214.000 	 27.116 	 58.837
FD10854	214.125 	 27.113 	 58.841
FD10854	214.250 	 27.113 	 58.841
FD10854	214.375 	 27.113 	 58.835
FD10854	214.500 	 27.116 	 58.827
FD10854	214.625 	 27.113 	 58.806
FD10854	214.750 	 27.114 	 58.780
FD10854	214.875 	 27.116 	 58.737
FD10854	215.000 	 27.112 	 58.677
FD10854	215.125 	 27.114 	 58.601
FD10854	215.250 	 27.113 	 58.505
FD10854	215.375 	 27.116 	 58.393
FD10854	215.500 	 27.113 	 58.276
FD10854	215.625 	 27.114 	 58.162
FD10854	215.750 	 27.116 	 58.060
FD10854	215.875 	 27.114 	 57.990
FD10854	216.000 	 27.113 	 57.943
FD10854	216.125 	 27.113 	 57.934
FD10854	216.250 	 27.117 	 57.954
FD10854	216.375 	 27.112 	 57.989
FD10854	216.500 	 27.114 	 58.031
FD10854	216.625 	 27.116 	 58.065
FD10854	216.750 	 27.113 	 58.081
FD10854	216.875 	 27.114 	 58.083
FD10854	217.000 	 27.113 	 58.058
FD10854	217.125 	 27.115 	 58.017
FD10854	217.250 	 27.113 	 57.962
FD10854	217.375 	 27.113 	 57.898
FD10854	217.500 	 27.117 	 57.830
FD10854	217.625 	 27.113 	 57.753
FD10854	217.750 	 27.113 	 57.683
FD10854	217.875 	 27.113 	 57.612
FD10854	218.000 	 27.116 	 57.555
FD10854	218.125 	 27.114 	 57.514
FD10854	218.250 	 27.112 	 57.491
FD10854	218.375 	 27.116 	 57.503
FD10854	218.500 	 27.114 	 57.550
FD10854	218.625 	 27.112 	 57.620
FD10854	218.750 	 27.114 	 57.723
FD10854	218.875 	 27.116 	 57.834
FD10854	219.000 	 27.114 	 57.954
FD10854	219.125 	 27.112 	 58.067
FD10854	219.250 	 27.115 	 58.172
FD10854	219.375 	 27.111 	 58.263
FD10854	219.500 	 27.108 	 58.340
FD10854	219.625 	 27.103 	 58.412
FD10854	219.750 	 27.103 	 58.478
FD10854	219.875 	 27.094 	 58.538
FD10854	220.000 	 27.086 	 58.593
FD10854	220.125 	 27.079 	 58.637
FD10854	220.250 	 27.073 	 58.668
FD10854	220.375 	 27.062 	 58.679
FD10854	220.500 	 27.051 	 58.663
FD10854	220.625 	 27.041 	 58.620
FD10854	220.750 	 27.032 	 58.543
FD10854	220.875 	 27.024 	 58.436
FD10854	221.000 	 27.009 	 58.302
FD10854	221.125 	 27.003 	 58.152
FD10854	221.250 	 26.994 	 57.989
FD10854	221.375 	 26.986 	 57.836
FD10854	221.500 	 26.976 	 57.694
FD10854	221.625 	 26.971 	 57.583
FD10854	221.750 	 26.969 	 57.508
FD10854	221.875 	 26.961 	 57.481
FD10854	222.000 	 26.964 	 57.512
FD10854	222.125 	 26.958 	 57.593
FD10854	222.250 	 26.957 	 57.721
FD10854	222.375 	 26.958 	 57.870
FD10854	222.500 	 26.961 	 58.016
FD10854	222.625 	 26.960 	 58.139
FD10854	222.750 	 26.963 	 58.227
FD10854	222.875 	 26.971 	 58.276
FD10854	223.000 	 26.977 	 58.292
FD10854	223.125 	 26.979 	 58.294
FD10854	223.250 	 26.987 	 58.288
FD10854	223.375 	 26.998 	 58.281
FD10854	223.500 	 27.003 	 58.275
FD10854	223.625 	 27.013 	 58.277
FD10854	223.750 	 27.018 	 58.272
FD10854	223.875 	 27.028 	 58.274
FD10854	224.000 	 27.034 	 58.274
FD10854	224.125 	 27.039 	 58.275
FD10854	224.250 	 27.046 	 58.274
FD10854	224.375 	 27.049 	 58.275
FD10854	224.500 	 27.053 	 58.274
FD10854	224.625 	 27.058 	 58.272
FD10854	224.750 	 27.061 	 58.277
FD10854	224.875 	 27.062 	 58.273
FD10854	225.000 	 27.065 	 58.274
FD10854	225.125 	 27.066 	 58.272
FD10854	225.250 	 27.074 	 58.275
FD10854	225.375 	 27.079 	 58.275
FD10854	225.500 	 27.083 	 58.274
FD10854	225.625 	 27.092 	 58.273
FD10854	225.750 	 27.099 	 58.275
FD10854	225.875 	 27.110 	 58.273
FD10854	226.000 	 27.120 	 58.273
FD10854	226.125 	 27.127 	 58.275
FD10854	226.250 	 27.138 	 58.275
FD10854	226.375 	 27.145 	 58.275
FD10854	226.500 	 27.154 	 58.272
FD10854	226.625 	 27.165 	 58.274
FD10854	226.750 	 27.172 	 58.275
FD10854	226.875 	 27.176 	 58.273
FD10854	227.000 	 27.186 	 58.273
FD10854	227.125 	 27.196 	 58.276
FD10854	227.250 	 27.200 	 58.274
FD10854	227.375 	 27.206 	 58.273
FD10854	227.500 	 27.216 	 58.275
FD10854	227.625 	 27.222 	 58.274
FD10854	227.750 	 27.231 	 58.272
FD10854	227.875 	 27.241 	 58.275
FD10854	228.000 	 27.248 	 58.275
FD10854	228.125 	 27.254 	 58.273
FD10854	228.250 	 27.264 	 58.275
FD10854	228.375 	 27.273 	 58.274
FD10854	228.500 	 27.278 	 58.274
FD10854	228.625 	 27.289 	 58.275
FD10854	228.750 	 27.293 	 58.273
FD10854	228.875 	 27.296 	 58.275
FD10854	229.000 	 27.300 	 58.273
FD10854	229.125 	 27.306 	 58.275
FD10854	229.250 	 27.307 	 58.272
FD10854	229.375 	 27.310 	 58.276
FD10854	229.500 	 27.314 	 58.273
FD10854	229.625 	 27.313 	 58.277
FD10854	229.750 	 27.313 	 58.271
FD10854	229.875 	 27.319 	 58.275
FD10854	230.000 	 27.316 	 58.275
FD10854	230.125 	 27.319 	 58.274
FD10854	230.250 	 27.321 	 58.274
FD10854	230.375 	 27.320 	 58.272
FD10854	230.500 	 27.319 	 58.276
FD10854	230.625 	 27.321 	 58.272
FD10854	230.750 	 27.322 	 58.276
FD10854	230.875 	 27.321 	 58.272
FD10854	231.000 	 27.323 	 58.273
FD10854	231.125 	 27.323 	 58.274
FD10854	231.250 	 27.323 	 58.274
FD10854	231.375 	 27.321 	 58.272
FD10854	231.500 	 27.319 	 58.274
FD10854	231.625 	 27.323 	 58.274
FD10854	231.750 	 27.323 	 58.274
FD10854	231.875 	 27.323 	 58.274
FD10854	232.000 	 27.321 	 58.272
FD10854	232.125 	 27.323 	 58.274
FD10854	232.250 	 27.323 	 58.274
FD10854	232.375 	 27.323 	 58.274
FD10854	232.500 	 27.323 	 58.274
FD10854	232.625 	 27.318 	 58.272
FD10854	232.750 	 27.323 	 58.274
FD10854	232.875 	 27.323 	 58.274
FD10854	233.000 	 27.323 	 58.274
FD10854	233.125 	 27.321 	 58.272
FD10854	233.250 	 27.323 	 58.274
FD10854	233.375 	 27.323 	 58.274
FD10854	233.500 	 27.323 	 58.274
FD10854	233.625 	 27.323 	 58.274
FD10854	233.750 	 27.318 	 58.272
FD10854	233.875 	 27.323 	 58.274
FD10854	234.000 	 27.323 	 58.274
FD10854	234.125 	 27.323 	 58.274
FD10854	234.250 	 27.323 	 58.274
FD10854	234.375 	 27.321 	 58.272
FD10854	234.500 	 27.323 	 58.274
FD10854	234.625 	 27.323 	 58.274
FD10854	234.750 	 27.323 	 58.274
FD10854	234.875 	 27.319 	 58.274
FD10854	235.000 	 27.321 	 58.272
FD10854	235.125 	 27.323 	 58.274
FD10854	235.250 	 27.323 	 58.274
FD10854	235.375 	 27.323 	 58.274
FD10854	235.500 	 27.321 	 58.272
FD10854	235.625 	 27.323 	 58.274
FD10854	235.750 	 27.323 	 58.274
FD10854	235.875 	 27.323 	 58.274
FD10854	236.000 	 27.319 	 58.274
FD10854	236.125 	 27.321 	 58.272
FD10854	236.250 	 27.323 	 58.274
FD10854	236.375 	 27.323 	 58.274
FD10854	236.500 	 27.323 	 58.274
FD10854	236.625 	 27.323 	 58.274
FD10854	236.750 	 27.321 	 58.272
FD10854	236.875 	 27.323 	 58.274
FD10854	237.000 	 27.323 	 58.274
FD10854	237.125 	 27.319 	 58.274
FD10854	237.250 	 27.323 	 58.274
FD10854	237.375 	 27.321 	 58.272
FD10854	237.500 	 27.323 	 58.274
FD10854	237.625 	 27.323 	 58.274
FD10854	237.750 	 27.323 	 58.273
FD10854	237.875 	 27.321 	 58.272
FD10854	238.000 	 27.323 	 58.274
FD10854	238.125 	 27.323 	 58.274
FD10854	238.250 	 27.323 	 58.274
FD10854	238.375 	 27.319 	 58.274
FD10854	238.500 	 27.321 	 58.272
FD10854	238.625 	 27.323 	 58.274
FD10854	238.750 	 27.323 	 58.274
FD10854	238.875 	 27.323 	 58.274
FD10854	239.000 	 27.323 	 58.274
FD10854	239.125 	 27.321 	 58.272
FD10854	239.250 	 27.323 	 58.274
FD10854	239.375 	 27.323 	 58.274
FD10854	239.500 	 27.319 	 58.274
FD10854	239.625 	 27.323 	 58.274
FD10854	239.750 	 27.321 	 58.272
FD10854	239.875 	 27.323 	 58.274
FD10854	240.000 	 27.323 	 58.274
FD10854	240.125 	 27.323 	 58.274
FD10854	240.250 	 27.321 	 58.272
FD10854	240.375 	 27.323 	 58.274
FD10854	240.500 	 27.323 	 58.274
FD10854	240.625 	 27.319 	 58.274
FD10854	240.750 	 27.323 	 58.274
FD10854	240.875 	 27.321 	 58.272
FD10854	241.000 	 27.323 	 58.274
FD10854	241.125 	 27.323 	 58.274
FD10854	241.250 	 27.323 	 58.274
FD10854	241.375 	 27.323 	 58.274
FD10854	241.500 	 27.321 	 58.272
FD10854	241.625 	 27.323 	 58.274
FD10854	241.750 	 27.319 	 58.274
FD10854	241.875 	 27.323 	 58.274
FD10854	242.000 	 27.323 	 58.274
FD10854	242.125 	 27.321 	 58.272
FD10854	242.250 	 27.323 	 58.273
FD10854	242.375 	 27.323 	 58.268
FD10854	242.500 	 27.322 	 58.261
FD10854	242.625 	 27.323 	 58.239
FD10854	242.750 	 27.321 	 58.201
FD10854	242.875 	 27.319 	 58.138
FD10854	243.000 	 27.322 	 58.045
FD10854	243.125 	 27.323 	 57.926
FD10854	243.250 	 27.321 	 57.783
FD10854	243.375 	 27.323 	 57.643
FD10854	243.500 	 27.322 	 57.509
FD10854	243.625 	 27.323 	 57.400
FD10854	243.750 	 27.322 	 57.319
FD10854	243.875 	 27.322 	 57.262
FD10854	244.000 	 27.319 	 57.232
FD10854	244.125 	 27.323 	 57.210
FD10854	244.250 	 27.321 	 57.180
FD10854	244.375 	 27.323 	 57.148
FD10854	244.500 	 27.322 	 57.088
FD10854	244.625 	 27.324 	 57.002
FD10854	244.750 	 27.322 	 56.892
FD10854	244.875 	 27.322 	 56.760
FD10854	245.000 	 27.323 	 56.625
FD10854	245.125 	 27.319 	 56.487
FD10854	245.250 	 27.320 	 56.373
FD10854	245.375 	 27.312 	 56.293
FD10854	245.500 	 27.290 	 56.280
FD10854	245.625 	 27.233 	 56.497
FD10854	245.750 	 27.104 	 57.337
FD10854	245.875 	 26.840 	 59.646
FD10854	246.000 	 26.354 	 64.682
FD10854	246.125 	 25.536 	 74.059
FD10854	246.250 	 24.281 	 89.030
FD10854	246.375 	 22.534 	 109.921
FD10854	246.500 	 20.320 	 135.663
FD10854	246.625 	 17.740 	 163.606
FD10854	246.750 	 14.935 	 190.611
FD10854	246.875 	 12.111 	 213.648
FD10854	247.000 	 9.481 	 231.017
FD10854	247.125 	 0.000 	 90.000
FD10854	247.250 	 0.000 	 90.000
FD10854	247.375 	 0.000 	 90.000
FD10854	247.500 	 0.000 	 90.000
FD10854	247.625 	 0.000 	 90.000
FD10854	247.750 	 0.000 	 90.000
FD10854	247.875 	 0.000 	 90.000
FD10854	248.000 	 0.000 	 90.000
FD10854	248.125 	 0.000 	 90.000
FD10854	248.250 	 0.000 	 90.000
FD10854	248.375 	 0.000 	 90.000
FD10854	248.500 	 0.000 	 90.000
FD10854	248.625 	 0.000 	 90.000
FD10854	248.750 	 0.000 	 90.000
FD10854	248.875 	 0.000 	 90.000
FD10854	249.000 	 0.000 	 90.000
FD10854	249.125 	 0.000 	 90.000
FD10854	249.250 	 0.000 	 90.000
FD10854	249.375 	 0.000 	 90.000
FD10854	249.500 	 0.000 	 90.000
FD10854	249.625 	 0.000 	 90.000
FD10854	249.750 	 0.000 	 90.000
FD10854	249.875 	 0.000 	 90.000
FD10854	250.000 	 0.000 	 90.000
FD10854	250.125 	 0.000 	 90.000
FD10854	250.250 	 0.000 	 90.000
FD10854	250.375 	 0.000 	 90.000
FD10854	250.500 	 0.000 	 90.000
FD10854	250.625 	 0.000 	 90.000
FD10854	250.750 	 0.000 	 90.000
FD10854	250.875 	 0.000 	 90.000
FD10854	251.000 	 0.000 	 90.000
FD10854	251.125 	 0.000 	 90.000
FD10854	251.250 	 0.000 	 90.000
FD10854	251.375 	 0.000 	 90.000
FD10854	251.500 	 0.000 	 90.000
FD10854	251.625 	 0.000 	 90.000
FD10854	251.750 	 0.000 	 90.000
FD10854	251.875 	 0.000 	 90.000
FD10854	252.000 	 0.000 	 90.000
FD10854	252.125 	 0.000 	 90.000
FD10854	252.250 	 0.000 	 90.000
FD10854	252.375 	 0.000 	 90.000
FD10854	252.500 	 0.000 	 90.000
FD10854	252.625 	 0.000 	 90.000
FD10854	252.750 	 0.000 	 90.000
FD10854	252.875 	 0.000 	 90.000
FD10854	253.000 	 0.000 	 90.000
FD10854	253.125 	 0.000 	 90.000
FD10854	253.250 	 0.000 	 90.000
FD10854	253.375 	 0.000 	 90.000
FD10854	253.500 	 0.000 	 90.000
FD10854	253.625 	 0.000 	 90.000
FD10854	253.750 	 0.000 	 90.000
FD10854	253.875 	 0.000 	 90.000
FD10854	254.000 	 0.000 	 90.000
FD10854	254.125 	 0.000 	 90.000
FD10854	254.250 	 0.000 	 90.000
FD10854	254.375 	 0.000 	 90.000
FD10854	254.500 	 0.000 	 90.000
FD10854	254.625 	 0.000 	 90.000
FD10854	254.750 	 0.000 	 90.000
FD10854	254.875 	 0.000 	 90.000
FD10854	255.000 	 0.000 	 90.000
FD10854	255.125 	 0.000 	 90.000
FD10854	255.250 	 0.000 	 90.000
FD10854	255.375 	 0.000 	 90.000
FD10854	255.500 	 0.000 	 90.000
FD10854	255.625 	 0.000 	 90.000
FD10854	255.750 	 0.000 	 90.000
FD10854	255.875 	 0.000 	 90.000
FD10854	256.000 	 0.000 	 90.000
FD10854	256.125 	 0.000 	 90.000
FD10854	256.250 	 0.000 	 90.000
FD10854	256.375 	 0.000 	 90.000
FD10854	256.500 	 0.000 	 90.000
FD10854	256.625 	 0.000 	 90.000
FD10854	256.750 	 0.000 	 90.000
FD10854	256.875 	 0.000 	 90.000
FD10854	257.000 	 0.000 	 90.000
