#WellName	 Depth.M	 INCL	 AZIM 
WellName	 Depth.M	 INCL	 AZIM 
FD10809	0.000 	 0.000 	 0.000
FD10809	0.125 	 0.000 	 90.000
FD10809	0.250 	 0.000 	 90.000
FD10809	0.375 	 0.000 	 90.000
FD10809	0.500 	 0.000 	 90.000
FD10809	0.625 	 0.000 	 90.000
FD10809	0.750 	 0.000 	 90.000
FD10809	0.875 	 0.000 	 90.000
FD10809	1.000 	 0.000 	 90.000
FD10809	1.125 	 0.000 	 90.000
FD10809	1.250 	 0.000 	 90.000
FD10809	1.375 	 0.000 	 90.000
FD10809	1.500 	 0.000 	 90.000
FD10809	1.625 	 0.000 	 90.000
FD10809	1.750 	 0.000 	 90.000
FD10809	1.875 	 0.000 	 90.000
FD10809	2.000 	 0.000 	 90.000
FD10809	2.125 	 0.000 	 90.000
FD10809	2.250 	 0.000 	 90.000
FD10809	2.375 	 0.000 	 90.000
FD10809	2.500 	 0.000 	 90.000
FD10809	2.625 	 0.000 	 90.000
FD10809	2.750 	 0.000 	 90.000
FD10809	2.875 	 0.000 	 90.000
FD10809	3.000 	 0.000 	 90.000
FD10809	3.125 	 0.000 	 90.000
FD10809	3.250 	 0.000 	 90.000
FD10809	3.375 	 0.000 	 90.000
FD10809	3.500 	 0.000 	 90.000
FD10809	3.625 	 0.000 	 90.000
FD10809	3.750 	 0.000 	 90.000
FD10809	3.875 	 0.000 	 90.000
FD10809	4.000 	 0.000 	 90.000
FD10809	4.125 	 0.000 	 90.000
FD10809	4.250 	 0.000 	 90.000
FD10809	4.375 	 0.000 	 90.000
FD10809	4.500 	 0.000 	 90.000
FD10809	4.625 	 0.000 	 90.000
FD10809	4.750 	 0.000 	 90.000
FD10809	4.875 	 0.000 	 90.000
FD10809	5.000 	 0.000 	 90.000
FD10809	5.125 	 0.000 	 90.000
FD10809	5.250 	 0.000 	 90.000
FD10809	5.375 	 0.000 	 90.000
FD10809	5.500 	 0.000 	 90.000
FD10809	5.625 	 0.000 	 90.000
FD10809	5.750 	 0.000 	 90.000
FD10809	5.875 	 0.000 	 90.000
FD10809	6.000 	 0.000 	 90.000
FD10809	6.125 	 0.000 	 90.000
FD10809	6.250 	 0.000 	 90.000
FD10809	6.375 	 0.000 	 90.000
FD10809	6.500 	 0.000 	 90.000
FD10809	6.625 	 0.000 	 90.000
FD10809	6.750 	 0.000 	 90.000
FD10809	6.875 	 0.000 	 90.000
FD10809	7.000 	 0.000 	 90.000
FD10809	7.125 	 0.000 	 90.000
FD10809	7.250 	 0.000 	 90.000
FD10809	7.375 	 0.000 	 90.000
FD10809	7.500 	 0.000 	 90.000
FD10809	7.625 	 0.000 	 90.000
FD10809	7.750 	 0.000 	 90.000
FD10809	7.875 	 0.000 	 90.000
FD10809	8.000 	 0.000 	 90.000
FD10809	8.125 	 0.000 	 90.000
FD10809	8.250 	 0.000 	 90.000
FD10809	8.375 	 0.000 	 90.000
FD10809	8.500 	 0.000 	 90.000
FD10809	8.625 	 0.000 	 90.000
FD10809	8.750 	 0.000 	 90.000
FD10809	8.875 	 0.000 	 90.000
FD10809	9.000 	 0.000 	 90.000
FD10809	9.125 	 0.000 	 90.000
FD10809	9.250 	 0.000 	 90.000
FD10809	9.375 	 0.000 	 90.000
FD10809	9.500 	 0.000 	 90.000
FD10809	9.625 	 0.000 	 90.000
FD10809	9.750 	 0.000 	 90.000
FD10809	9.875 	 0.000 	 90.000
FD10809	10.000 	 0.000 	 90.000
FD10809	10.125 	 0.000 	 90.000
FD10809	10.250 	 0.000 	 90.000
FD10809	10.375 	 0.000 	 90.000
FD10809	10.500 	 0.000 	 90.000
FD10809	10.625 	 0.000 	 90.000
FD10809	10.750 	 0.000 	 90.000
FD10809	10.875 	 0.000 	 90.000
FD10809	11.000 	 0.000 	 90.000
FD10809	11.125 	 0.000 	 90.000
FD10809	11.250 	 0.000 	 90.000
FD10809	11.375 	 0.000 	 90.000
FD10809	11.500 	 0.000 	 90.000
FD10809	11.625 	 0.000 	 90.000
FD10809	11.750 	 0.000 	 90.000
FD10809	11.875 	 0.000 	 90.000
FD10809	12.000 	 0.000 	 90.000
FD10809	12.125 	 0.000 	 90.000
FD10809	12.250 	 0.000 	 90.000
FD10809	12.375 	 0.000 	 90.000
FD10809	12.500 	 0.000 	 90.000
FD10809	12.625 	 0.000 	 90.000
FD10809	12.750 	 0.000 	 90.000
FD10809	12.875 	 0.000 	 90.000
FD10809	13.000 	 0.000 	 90.000
FD10809	13.125 	 0.000 	 90.000
FD10809	13.250 	 0.000 	 90.000
FD10809	13.375 	 0.000 	 90.000
FD10809	13.500 	 0.000 	 90.000
FD10809	13.625 	 0.000 	 90.000
FD10809	13.750 	 0.000 	 90.000
FD10809	13.875 	 0.000 	 90.000
FD10809	14.000 	 0.000 	 90.000
FD10809	14.125 	 0.000 	 90.000
FD10809	14.250 	 0.000 	 90.000
FD10809	14.375 	 0.000 	 90.000
FD10809	14.500 	 0.000 	 90.000
FD10809	14.625 	 0.000 	 90.000
FD10809	14.750 	 0.000 	 90.000
FD10809	14.875 	 0.000 	 90.000
FD10809	15.000 	 0.000 	 90.000
FD10809	15.125 	 0.000 	 90.000
FD10809	15.250 	 0.000 	 90.000
FD10809	15.375 	 0.000 	 90.000
FD10809	15.500 	 0.000 	 90.000
FD10809	15.625 	 0.000 	 90.000
FD10809	15.750 	 0.000 	 90.000
FD10809	15.875 	 0.000 	 90.000
FD10809	16.000 	 0.000 	 90.000
FD10809	16.125 	 0.000 	 90.000
FD10809	16.250 	 0.000 	 90.000
FD10809	16.375 	 0.000 	 90.000
FD10809	16.500 	 0.000 	 90.000
FD10809	16.625 	 0.000 	 90.000
FD10809	16.750 	 0.000 	 90.000
FD10809	16.875 	 0.000 	 90.000
FD10809	17.000 	 0.000 	 90.000
FD10809	17.125 	 0.000 	 90.000
FD10809	17.250 	 0.000 	 90.000
FD10809	17.375 	 0.000 	 90.000
FD10809	17.500 	 0.000 	 90.000
FD10809	17.625 	 0.000 	 90.000
FD10809	17.750 	 0.000 	 90.000
FD10809	17.875 	 0.000 	 90.000
FD10809	18.000 	 0.000 	 90.000
FD10809	18.125 	 0.000 	 90.000
FD10809	18.250 	 0.000 	 90.000
FD10809	18.375 	 0.000 	 90.000
FD10809	18.500 	 0.000 	 90.000
FD10809	18.625 	 0.000 	 90.000
FD10809	18.750 	 0.000 	 90.000
FD10809	18.875 	 0.000 	 90.000
FD10809	19.000 	 0.000 	 90.000
FD10809	19.125 	 0.000 	 90.000
FD10809	19.250 	 0.000 	 90.000
FD10809	19.375 	 0.000 	 90.000
FD10809	19.500 	 0.000 	 90.000
FD10809	19.625 	 0.000 	 90.000
FD10809	19.750 	 0.000 	 90.000
FD10809	19.875 	 0.000 	 90.000
FD10809	20.000 	 0.000 	 90.000
FD10809	20.125 	 0.852 	 96.938
FD10809	20.250 	 0.852 	 96.361
FD10809	20.375 	 0.853 	 95.743
FD10809	20.500 	 0.853 	 95.157
FD10809	20.625 	 0.853 	 94.540
FD10809	20.750 	 0.853 	 93.965
FD10809	20.875 	 0.854 	 93.337
FD10809	21.000 	 0.854 	 92.696
FD10809	21.125 	 0.855 	 91.961
FD10809	21.250 	 0.855 	 91.267
FD10809	21.375 	 0.855 	 90.514
FD10809	21.500 	 0.855 	 89.913
FD10809	21.625 	 0.856 	 89.289
FD10809	21.750 	 0.856 	 88.666
FD10809	21.875 	 0.856 	 87.982
FD10809	22.000 	 0.856 	 87.311
FD10809	22.125 	 0.857 	 86.581
FD10809	22.250 	 0.857 	 85.874
FD10809	22.375 	 0.857 	 85.114
FD10809	22.500 	 0.857 	 84.528
FD10809	22.625 	 0.857 	 83.922
FD10809	22.750 	 0.857 	 83.315
FD10809	22.875 	 0.857 	 82.587
FD10809	23.000 	 0.857 	 81.902
FD10809	23.125 	 0.858 	 81.147
FD10809	23.250 	 0.858 	 80.483
FD10809	23.375 	 0.858 	 80.302
FD10809	23.500 	 0.858 	 80.410
FD10809	23.625 	 0.858 	 79.887
FD10809	23.750 	 0.858 	 79.048
FD10809	23.875 	 0.858 	 78.129
FD10809	24.000 	 0.858 	 77.114
FD10809	24.125 	 0.859 	 75.923
FD10809	24.250 	 0.859 	 74.980
FD10809	24.375 	 0.859 	 74.721
FD10809	24.500 	 0.859 	 74.644
FD10809	24.625 	 0.860 	 74.102
FD10809	24.750 	 0.860 	 73.509
FD10809	24.875 	 0.860 	 72.704
FD10809	25.000 	 0.861 	 71.959
FD10809	25.125 	 0.861 	 71.247
FD10809	25.250 	 0.861 	 70.540
FD10809	25.375 	 0.862 	 69.725
FD10809	25.500 	 0.862 	 68.971
FD10809	25.625 	 0.864 	 68.171
FD10809	25.750 	 0.864 	 67.408
FD10809	25.875 	 0.865 	 66.552
FD10809	26.000 	 0.865 	 65.724
FD10809	26.125 	 0.867 	 64.817
FD10809	26.250 	 0.867 	 63.978
FD10809	26.375 	 0.868 	 63.053
FD10809	26.500 	 0.870 	 62.244
FD10809	26.625 	 0.872 	 61.402
FD10809	26.750 	 0.873 	 60.593
FD10809	26.875 	 0.874 	 59.675
FD10809	27.000 	 0.876 	 58.821
FD10809	27.125 	 0.878 	 57.944
FD10809	27.250 	 0.881 	 57.227
FD10809	27.375 	 0.884 	 56.489
FD10809	27.500 	 0.886 	 55.724
FD10809	27.625 	 0.890 	 54.830
FD10809	27.750 	 0.894 	 53.986
FD10809	27.875 	 0.899 	 53.088
FD10809	28.000 	 0.903 	 52.271
FD10809	28.125 	 0.909 	 51.347
FD10809	28.250 	 0.914 	 50.554
FD10809	28.375 	 0.920 	 49.730
FD10809	28.500 	 0.926 	 48.894
FD10809	28.625 	 0.934 	 48.002
FD10809	28.750 	 0.942 	 47.195
FD10809	28.875 	 0.950 	 46.167
FD10809	29.000 	 0.959 	 45.175
FD10809	29.125 	 0.969 	 44.244
FD10809	29.250 	 0.979 	 43.461
FD10809	29.375 	 0.990 	 42.572
FD10809	29.500 	 1.000 	 41.773
FD10809	29.625 	 1.012 	 40.828
FD10809	29.750 	 1.024 	 39.868
FD10809	29.875 	 1.037 	 38.878
FD10809	30.000 	 1.050 	 37.949
FD10809	30.125 	 1.065 	 36.972
FD10809	30.250 	 1.079 	 36.067
FD10809	30.375 	 1.094 	 35.046
FD10809	30.500 	 1.109 	 34.073
FD10809	30.625 	 1.126 	 33.033
FD10809	30.750 	 1.141 	 32.083
FD10809	30.875 	 1.158 	 31.023
FD10809	31.000 	 1.175 	 30.017
FD10809	31.125 	 1.194 	 28.938
FD10809	31.250 	 1.211 	 27.925
FD10809	31.375 	 1.230 	 26.795
FD10809	31.500 	 1.249 	 25.719
FD10809	31.625 	 1.268 	 24.483
FD10809	31.750 	 1.287 	 23.325
FD10809	31.875 	 1.308 	 22.102
FD10809	32.000 	 1.327 	 21.302
FD10809	32.125 	 1.348 	 20.544
FD10809	32.250 	 1.368 	 19.763
FD10809	32.375 	 1.389 	 18.886
FD10809	32.500 	 1.409 	 17.880
FD10809	32.625 	 1.430 	 16.872
FD10809	32.750 	 1.451 	 15.941
FD10809	32.875 	 1.474 	 15.107
FD10809	33.000 	 1.495 	 14.600
FD10809	33.125 	 1.518 	 14.079
FD10809	33.250 	 1.540 	 13.573
FD10809	33.375 	 1.565 	 13.102
FD10809	33.500 	 1.589 	 12.637
FD10809	33.625 	 1.614 	 12.079
FD10809	33.750 	 1.639 	 11.855
FD10809	33.875 	 1.668 	 11.862
FD10809	34.000 	 1.694 	 11.826
FD10809	34.125 	 1.723 	 11.528
FD10809	34.250 	 1.752 	 11.287
FD10809	34.375 	 1.783 	 10.711
FD10809	34.500 	 1.812 	 10.231
FD10809	34.625 	 1.845 	 10.250
FD10809	34.750 	 1.876 	 10.287
FD10809	34.875 	 1.909 	 10.338
FD10809	35.000 	 1.940 	 10.330
FD10809	35.125 	 1.974 	 10.286
FD10809	35.250 	 2.004 	 10.096
FD10809	35.375 	 2.037 	 9.858
FD10809	35.500 	 2.067 	 9.897
FD10809	35.625 	 2.099 	 9.960
FD10809	35.750 	 2.127 	 9.859
FD10809	35.875 	 2.158 	 9.789
FD10809	36.000 	 2.186 	 9.726
FD10809	36.125 	 2.217 	 9.701
FD10809	36.250 	 2.245 	 9.440
FD10809	36.375 	 2.276 	 9.078
FD10809	36.500 	 2.304 	 9.117
FD10809	36.625 	 2.334 	 9.223
FD10809	36.750 	 2.363 	 9.241
FD10809	36.875 	 2.395 	 9.292
FD10809	37.000 	 2.424 	 9.389
FD10809	37.125 	 2.457 	 9.476
FD10809	37.250 	 2.488 	 9.560
FD10809	37.375 	 2.522 	 9.536
FD10809	37.500 	 2.554 	 9.549
FD10809	37.625 	 2.590 	 9.698
FD10809	37.750 	 2.624 	 9.717
FD10809	37.875 	 2.662 	 9.553
FD10809	38.000 	 2.698 	 9.423
FD10809	38.125 	 2.738 	 9.407
FD10809	38.250 	 2.776 	 9.478
FD10809	38.375 	 2.817 	 9.541
FD10809	38.500 	 2.857 	 9.286
FD10809	38.625 	 2.900 	 8.962
FD10809	38.750 	 2.943 	 8.886
FD10809	38.875 	 2.990 	 8.794
FD10809	39.000 	 3.036 	 8.700
FD10809	39.125 	 3.088 	 8.718
FD10809	39.250 	 3.137 	 8.776
FD10809	39.375 	 3.194 	 8.762
FD10809	39.500 	 3.249 	 8.793
FD10809	39.625 	 3.309 	 8.976
FD10809	39.750 	 3.368 	 9.150
FD10809	39.875 	 3.433 	 9.223
FD10809	40.000 	 3.494 	 9.215
FD10809	40.125 	 3.562 	 9.127
FD10809	40.250 	 3.626 	 9.000
FD10809	40.375 	 3.697 	 8.907
FD10809	40.500 	 3.763 	 8.979
FD10809	40.625 	 3.834 	 9.053
FD10809	40.750 	 3.900 	 9.124
FD10809	40.875 	 3.972 	 9.270
FD10809	41.000 	 4.037 	 9.285
FD10809	41.125 	 4.108 	 9.188
FD10809	41.250 	 4.171 	 9.274
FD10809	41.375 	 4.240 	 9.431
FD10809	41.500 	 4.303 	 9.373
FD10809	41.625 	 4.369 	 9.410
FD10809	41.750 	 4.430 	 9.473
FD10809	41.875 	 4.494 	 9.410
FD10809	42.000 	 4.553 	 9.267
FD10809	42.125 	 4.615 	 9.234
FD10809	42.250 	 4.672 	 9.250
FD10809	42.375 	 4.734 	 9.119
FD10809	42.500 	 4.791 	 9.130
FD10809	42.625 	 4.853 	 9.202
FD10809	42.750 	 4.911 	 9.280
FD10809	42.875 	 4.974 	 9.382
FD10809	43.000 	 5.034 	 9.411
FD10809	43.125 	 5.100 	 9.424
FD10809	43.250 	 5.162 	 9.402
FD10809	43.375 	 5.230 	 9.418
FD10809	43.500 	 5.293 	 9.544
FD10809	43.625 	 5.362 	 9.709
FD10809	43.750 	 5.427 	 9.770
FD10809	43.875 	 5.498 	 9.839
FD10809	44.000 	 5.563 	 9.825
FD10809	44.125 	 5.634 	 9.764
FD10809	44.250 	 5.700 	 9.669
FD10809	44.375 	 5.770 	 9.599
FD10809	44.500 	 5.836 	 9.602
FD10809	44.625 	 5.905 	 9.629
FD10809	44.750 	 5.968 	 9.569
FD10809	44.875 	 6.036 	 9.544
FD10809	45.000 	 6.097 	 9.550
FD10809	45.125 	 6.162 	 9.495
FD10809	45.250 	 6.222 	 9.458
FD10809	45.375 	 6.286 	 9.358
FD10809	45.500 	 6.344 	 9.328
FD10809	45.625 	 6.405 	 9.333
FD10809	45.750 	 6.463 	 9.404
FD10809	45.875 	 6.525 	 9.424
FD10809	46.000 	 6.584 	 9.326
FD10809	46.125 	 6.648 	 9.179
FD10809	46.250 	 6.709 	 9.082
FD10809	46.375 	 6.776 	 9.089
FD10809	46.500 	 6.839 	 9.086
FD10809	46.625 	 6.909 	 9.075
FD10809	46.750 	 6.975 	 9.083
FD10809	46.875 	 7.048 	 9.077
FD10809	47.000 	 7.116 	 8.996
FD10809	47.125 	 7.189 	 8.921
FD10809	47.250 	 7.258 	 8.950
FD10809	47.375 	 7.331 	 8.990
FD10809	47.500 	 7.398 	 9.035
FD10809	47.625 	 7.471 	 8.948
FD10809	47.750 	 7.536 	 8.909
FD10809	47.875 	 7.606 	 9.001
FD10809	48.000 	 7.670 	 9.032
FD10809	48.125 	 7.737 	 8.984
FD10809	48.250 	 7.798 	 8.897
FD10809	48.375 	 7.863 	 8.833
FD10809	48.500 	 7.920 	 8.778
FD10809	48.625 	 7.982 	 8.710
FD10809	48.750 	 8.037 	 8.673
FD10809	48.875 	 8.096 	 8.638
FD10809	49.000 	 8.148 	 8.582
FD10809	49.125 	 8.204 	 8.575
FD10809	49.250 	 8.255 	 8.604
FD10809	49.375 	 8.311 	 8.468
FD10809	49.500 	 8.362 	 8.318
FD10809	49.625 	 8.419 	 8.229
FD10809	49.750 	 8.472 	 8.168
FD10809	49.875 	 8.530 	 8.089
FD10809	50.000 	 8.586 	 8.026
FD10809	50.125 	 8.647 	 8.067
FD10809	50.250 	 8.705 	 8.062
FD10809	50.375 	 8.769 	 8.078
FD10809	50.500 	 8.829 	 8.128
FD10809	50.625 	 8.894 	 8.124
FD10809	50.750 	 8.956 	 8.051
FD10809	50.875 	 9.024 	 8.003
FD10809	51.000 	 9.088 	 7.975
FD10809	51.125 	 9.159 	 7.918
FD10809	51.250 	 9.225 	 7.882
FD10809	51.375 	 9.297 	 7.902
FD10809	51.500 	 9.364 	 7.934
FD10809	51.625 	 9.437 	 7.913
FD10809	51.750 	 9.505 	 7.755
FD10809	51.875 	 9.577 	 7.507
FD10809	52.000 	 9.644 	 7.501
FD10809	52.125 	 9.715 	 7.638
FD10809	52.250 	 9.780 	 7.628
FD10809	52.375 	 9.850 	 7.573
FD10809	52.500 	 9.913 	 7.570
FD10809	52.625 	 9.981 	 7.460
FD10809	52.750 	 10.043 	 7.323
FD10809	52.875 	 10.110 	 7.168
FD10809	53.000 	 10.171 	 7.145
FD10809	53.125 	 10.238 	 7.193
FD10809	53.250 	 10.298 	 7.201
FD10809	53.375 	 10.365 	 7.174
FD10809	53.500 	 10.426 	 7.066
FD10809	53.625 	 10.492 	 6.930
FD10809	53.750 	 10.554 	 6.879
FD10809	53.875 	 10.620 	 6.916
FD10809	54.000 	 10.682 	 6.881
FD10809	54.125 	 10.748 	 6.804
FD10809	54.250 	 10.809 	 6.745
FD10809	54.375 	 10.874 	 6.633
FD10809	54.500 	 10.935 	 6.486
FD10809	54.625 	 11.000 	 6.347
FD10809	54.750 	 11.060 	 6.189
FD10809	54.875 	 11.123 	 6.035
FD10809	55.000 	 11.182 	 5.953
FD10809	55.125 	 11.244 	 5.905
FD10809	55.250 	 11.300 	 5.937
FD10809	55.375 	 11.361 	 5.911
FD10809	55.500 	 11.416 	 5.740
FD10809	55.625 	 11.475 	 5.661
FD10809	55.750 	 11.529 	 5.645
FD10809	55.875 	 11.588 	 5.551
FD10809	56.000 	 11.642 	 5.445
FD10809	56.125 	 11.700 	 5.375
FD10809	56.250 	 11.754 	 5.423
FD10809	56.375 	 11.813 	 5.457
FD10809	56.500 	 11.869 	 5.500
FD10809	56.625 	 11.929 	 5.534
FD10809	56.750 	 11.985 	 5.524
FD10809	56.875 	 12.046 	 5.606
FD10809	57.000 	 12.104 	 5.788
FD10809	57.125 	 12.166 	 5.906
FD10809	57.250 	 12.225 	 5.937
FD10809	57.375 	 12.289 	 5.944
FD10809	57.500 	 12.350 	 5.989
FD10809	57.625 	 12.416 	 6.018
FD10809	57.750 	 12.478 	 5.997
FD10809	57.875 	 12.546 	 5.925
FD10809	58.000 	 12.609 	 5.864
FD10809	58.125 	 12.679 	 5.828
FD10809	58.250 	 12.742 	 5.820
FD10809	58.375 	 12.811 	 5.842
FD10809	58.500 	 12.876 	 5.969
FD10809	58.625 	 12.946 	 6.133
FD10809	58.750 	 13.010 	 6.151
FD10809	58.875 	 13.079 	 6.119
FD10809	59.000 	 13.144 	 6.037
FD10809	59.125 	 13.213 	 5.941
FD10809	59.250 	 13.276 	 5.870
FD10809	59.375 	 13.345 	 5.828
FD10809	59.500 	 13.406 	 5.863
FD10809	59.625 	 13.474 	 6.028
FD10809	59.750 	 13.535 	 6.060
FD10809	59.875 	 13.602 	 5.996
FD10809	60.000 	 13.662 	 6.030
FD10809	60.125 	 13.728 	 6.097
FD10809	60.250 	 13.789 	 6.160
FD10809	60.375 	 13.855 	 6.190
FD10809	60.500 	 13.917 	 6.215
FD10809	60.625 	 13.983 	 6.287
FD10809	60.750 	 14.046 	 6.287
FD10809	60.875 	 14.113 	 6.210
FD10809	61.000 	 14.176 	 6.218
FD10809	61.125 	 14.244 	 6.246
FD10809	61.250 	 14.307 	 6.275
FD10809	61.375 	 14.376 	 6.326
FD10809	61.500 	 14.439 	 6.352
FD10809	61.625 	 14.508 	 6.441
FD10809	61.750 	 14.572 	 6.493
FD10809	61.875 	 14.641 	 6.523
FD10809	62.000 	 14.705 	 6.597
FD10809	62.125 	 14.773 	 6.616
FD10809	62.250 	 14.834 	 6.606
FD10809	62.375 	 14.901 	 6.594
FD10809	62.500 	 14.962 	 6.603
FD10809	62.625 	 15.027 	 6.669
FD10809	62.750 	 15.088 	 6.735
FD10809	62.875 	 15.152 	 6.760
FD10809	63.000 	 15.213 	 6.775
FD10809	63.125 	 15.277 	 6.787
FD10809	63.250 	 15.336 	 6.801
FD10809	63.375 	 15.401 	 6.828
FD10809	63.500 	 15.460 	 6.849
FD10809	63.625 	 15.523 	 6.883
FD10809	63.750 	 15.581 	 6.975
FD10809	63.875 	 15.644 	 7.078
FD10809	64.000 	 15.701 	 7.120
FD10809	64.125 	 15.762 	 7.138
FD10809	64.250 	 15.819 	 7.173
FD10809	64.375 	 15.879 	 7.240
FD10809	64.500 	 15.935 	 7.295
FD10809	64.625 	 15.995 	 7.352
FD10809	64.750 	 16.062 	 7.445
FD10809	64.875 	 16.133 	 7.559
FD10809	65.000 	 16.188 	 7.627
FD10809	65.125 	 16.248 	 7.701
FD10809	65.250 	 16.302 	 7.788
FD10809	65.375 	 16.361 	 7.863
FD10809	65.500 	 16.417 	 7.935
FD10809	65.625 	 16.477 	 8.009
FD10809	65.750 	 16.531 	 8.075
FD10809	65.875 	 16.593 	 8.182
FD10809	66.000 	 16.647 	 8.259
FD10809	66.125 	 16.709 	 8.322
FD10809	66.250 	 16.767 	 8.365
FD10809	66.375 	 16.830 	 8.426
FD10809	66.500 	 16.887 	 8.503
FD10809	66.625 	 16.953 	 8.577
FD10809	66.750 	 17.010 	 8.638
FD10809	66.875 	 17.072 	 8.728
FD10809	67.000 	 17.131 	 8.792
FD10809	67.125 	 17.195 	 8.800
FD10809	67.250 	 17.251 	 8.816
FD10809	67.375 	 17.312 	 8.844
FD10809	67.500 	 17.371 	 8.878
FD10809	67.625 	 17.431 	 8.902
FD10809	67.750 	 17.489 	 8.944
FD10809	67.875 	 17.547 	 9.023
FD10809	68.000 	 17.603 	 9.096
FD10809	68.125 	 17.662 	 9.165
FD10809	68.250 	 17.718 	 9.221
FD10809	68.375 	 17.775 	 9.277
FD10809	68.500 	 17.828 	 9.346
FD10809	68.625 	 17.888 	 9.426
FD10809	68.750 	 17.939 	 9.487
FD10809	68.875 	 17.997 	 9.517
FD10809	69.000 	 18.048 	 9.528
FD10809	69.125 	 18.105 	 9.594
FD10809	69.250 	 18.155 	 9.668
FD10809	69.375 	 18.211 	 9.714
FD10809	69.500 	 18.264 	 9.749
FD10809	69.625 	 18.320 	 9.794
FD10809	69.750 	 18.374 	 9.839
FD10809	69.875 	 18.429 	 9.852
FD10809	70.000 	 18.486 	 9.865
FD10809	70.125 	 18.545 	 9.915
FD10809	70.250 	 18.601 	 9.968
FD10809	70.375 	 18.662 	 10.041
FD10809	70.500 	 18.720 	 10.105
FD10809	70.625 	 18.783 	 10.151
FD10809	70.750 	 18.844 	 10.223
FD10809	70.875 	 18.908 	 10.297
FD10809	71.000 	 18.968 	 10.308
FD10809	71.125 	 19.037 	 10.319
FD10809	71.250 	 19.097 	 10.327
FD10809	71.375 	 19.165 	 10.327
FD10809	71.500 	 19.226 	 10.367
FD10809	71.625 	 19.293 	 10.418
FD10809	71.750 	 19.354 	 10.441
FD10809	71.875 	 19.419 	 10.432
FD10809	72.000 	 19.479 	 10.379
FD10809	72.125 	 19.540 	 10.327
FD10809	72.250 	 19.597 	 10.293
FD10809	72.375 	 19.658 	 10.231
FD10809	72.500 	 19.712 	 10.200
FD10809	72.625 	 19.766 	 10.187
FD10809	72.750 	 19.820 	 10.142
FD10809	72.875 	 19.872 	 10.074
FD10809	73.000 	 19.922 	 10.017
FD10809	73.125 	 19.975 	 9.982
FD10809	73.250 	 20.023 	 9.960
FD10809	73.375 	 20.076 	 9.938
FD10809	73.500 	 20.128 	 9.927
FD10809	73.625 	 20.183 	 9.905
FD10809	73.750 	 20.236 	 9.894
FD10809	73.875 	 20.294 	 9.921
FD10809	74.000 	 20.349 	 9.942
FD10809	74.125 	 20.413 	 9.921
FD10809	74.250 	 20.469 	 9.905
FD10809	74.375 	 20.533 	 9.927
FD10809	74.500 	 20.594 	 9.945
FD10809	74.625 	 20.660 	 9.945
FD10809	74.750 	 20.724 	 9.938
FD10809	74.875 	 20.790 	 9.899
FD10809	75.000 	 20.855 	 9.896
FD10809	75.125 	 20.923 	 9.940
FD10809	75.250 	 20.984 	 9.940
FD10809	75.375 	 21.053 	 9.918
FD10809	75.500 	 21.113 	 9.910
FD10809	75.625 	 21.179 	 9.899
FD10809	75.750 	 21.236 	 9.875
FD10809	75.875 	 21.299 	 9.846
FD10809	76.000 	 21.356 	 9.812
FD10809	76.125 	 21.418 	 9.756
FD10809	76.250 	 21.474 	 9.719
FD10809	76.375 	 21.534 	 9.696
FD10809	76.500 	 21.594 	 9.671
FD10809	76.625 	 21.654 	 9.610
FD10809	76.750 	 21.712 	 9.544
FD10809	76.875 	 21.776 	 9.503
FD10809	77.000 	 21.834 	 9.448
FD10809	77.125 	 21.901 	 9.396
FD10809	77.250 	 21.961 	 9.359
FD10809	77.375 	 22.026 	 9.291
FD10809	77.500 	 22.089 	 9.231
FD10809	77.625 	 22.158 	 9.168
FD10809	77.750 	 22.217 	 9.092
FD10809	77.875 	 22.287 	 9.006
FD10809	78.000 	 22.349 	 8.948
FD10809	78.125 	 22.417 	 8.885
FD10809	78.250 	 22.479 	 8.830
FD10809	78.375 	 22.547 	 8.800
FD10809	78.500 	 22.609 	 8.752
FD10809	78.625 	 22.676 	 8.696
FD10809	78.750 	 22.741 	 8.646
FD10809	78.875 	 22.806 	 8.572
FD10809	79.000 	 22.871 	 8.527
FD10809	79.125 	 22.942 	 8.481
FD10809	79.250 	 23.005 	 8.436
FD10809	79.375 	 23.075 	 8.391
FD10809	79.500 	 23.139 	 8.333
FD10809	79.625 	 23.213 	 8.281
FD10809	79.750 	 23.278 	 8.249
FD10809	79.875 	 23.351 	 8.220
FD10809	80.000 	 23.418 	 8.184
FD10809	80.125 	 23.489 	 8.127
FD10809	80.250 	 23.556 	 8.093
FD10809	80.375 	 23.626 	 8.058
FD10809	80.500 	 23.691 	 8.027
FD10809	80.625 	 23.758 	 8.003
FD10809	80.750 	 23.821 	 7.988
FD10809	80.875 	 23.887 	 7.959
FD10809	81.000 	 23.943 	 7.939
FD10809	81.125 	 24.008 	 7.932
FD10809	81.250 	 24.063 	 7.916
FD10809	81.375 	 24.123 	 7.899
FD10809	81.500 	 24.181 	 7.878
FD10809	81.625 	 24.242 	 7.849
FD10809	81.750 	 24.296 	 7.842
FD10809	81.875 	 24.359 	 7.825
FD10809	82.000 	 24.413 	 7.796
FD10809	82.125 	 24.478 	 7.773
FD10809	82.250 	 24.534 	 7.760
FD10809	82.375 	 24.599 	 7.748
FD10809	82.500 	 24.659 	 7.727
FD10809	82.625 	 24.725 	 7.721
FD10809	82.750 	 24.788 	 7.715
FD10809	82.875 	 24.855 	 7.704
FD10809	83.000 	 24.919 	 7.696
FD10809	83.125 	 24.990 	 7.679
FD10809	83.250 	 25.055 	 7.671
FD10809	83.375 	 25.125 	 7.666
FD10809	83.500 	 25.190 	 7.650
FD10809	83.625 	 25.259 	 7.644
FD10809	83.750 	 25.327 	 7.649
FD10809	83.875 	 25.395 	 7.655
FD10809	84.000 	 25.459 	 7.668
FD10809	84.125 	 25.527 	 7.690
FD10809	84.250 	 25.591 	 7.666
FD10809	84.375 	 25.660 	 7.628
FD10809	84.500 	 25.723 	 7.612
FD10809	84.625 	 25.791 	 7.600
FD10809	84.750 	 25.854 	 7.616
FD10809	84.875 	 25.921 	 7.628
FD10809	85.000 	 25.985 	 7.590
FD10809	85.125 	 26.055 	 7.529
FD10809	85.250 	 26.119 	 7.484
FD10809	85.375 	 26.189 	 7.449
FD10809	85.500 	 26.253 	 7.417
FD10809	85.625 	 26.325 	 7.372
FD10809	85.750 	 26.395 	 7.332
FD10809	85.875 	 26.465 	 7.297
FD10809	86.000 	 26.537 	 7.269
FD10809	86.125 	 26.610 	 7.223
FD10809	86.250 	 26.682 	 7.215
FD10809	86.375 	 26.758 	 7.215
FD10809	86.500 	 26.829 	 7.168
FD10809	86.625 	 26.903 	 7.144
FD10809	86.750 	 26.972 	 7.117
FD10809	86.875 	 27.044 	 7.062
FD10809	87.000 	 27.112 	 7.048
FD10809	87.125 	 27.180 	 7.042
FD10809	87.250 	 27.240 	 7.013
FD10809	87.375 	 27.306 	 6.990
FD10809	87.500 	 27.362 	 7.006
FD10809	87.625 	 27.421 	 6.973
FD10809	87.750 	 27.478 	 6.921
FD10809	87.875 	 27.533 	 6.891
FD10809	88.000 	 27.580 	 6.875
FD10809	88.125 	 27.633 	 6.891
FD10809	88.250 	 27.677 	 6.925
FD10809	88.375 	 27.721 	 6.970
FD10809	88.500 	 27.763 	 6.965
FD10809	88.625 	 27.803 	 6.921
FD10809	88.750 	 27.841 	 6.889
FD10809	88.875 	 27.880 	 6.866
FD10809	89.000 	 27.917 	 6.853
FD10809	89.125 	 27.956 	 6.858
FD10809	89.250 	 27.990 	 6.853
FD10809	89.375 	 28.031 	 6.853
FD10809	89.500 	 28.067 	 6.850
FD10809	89.625 	 28.106 	 6.817
FD10809	89.750 	 28.140 	 6.791
FD10809	89.875 	 28.180 	 6.757
FD10809	90.000 	 28.215 	 6.728
FD10809	90.125 	 28.254 	 6.693
FD10809	90.250 	 28.291 	 6.670
FD10809	90.375 	 28.333 	 6.663
FD10809	90.500 	 28.371 	 6.632
FD10809	90.625 	 28.413 	 6.575
FD10809	90.750 	 28.456 	 6.530
FD10809	90.875 	 28.499 	 6.468
FD10809	91.000 	 28.542 	 6.421
FD10809	91.125 	 28.590 	 6.380
FD10809	91.250 	 28.633 	 6.370
FD10809	91.375 	 28.680 	 6.353
FD10809	91.500 	 28.724 	 6.306
FD10809	91.625 	 28.772 	 6.287
FD10809	91.750 	 28.815 	 6.268
FD10809	91.875 	 28.865 	 6.224
FD10809	92.000 	 28.907 	 6.184
FD10809	92.125 	 28.956 	 6.133
FD10809	92.250 	 29.001 	 6.067
FD10809	92.375 	 29.048 	 6.004
FD10809	92.500 	 29.089 	 5.970
FD10809	92.625 	 29.138 	 5.936
FD10809	92.750 	 29.180 	 5.893
FD10809	92.875 	 29.228 	 5.853
FD10809	93.000 	 29.271 	 5.790
FD10809	93.125 	 29.318 	 5.727
FD10809	93.250 	 29.367 	 5.705
FD10809	93.375 	 29.415 	 5.672
FD10809	93.500 	 29.464 	 5.616
FD10809	93.625 	 29.518 	 5.526
FD10809	93.750 	 29.568 	 5.465
FD10809	93.875 	 29.625 	 5.436
FD10809	94.000 	 29.677 	 5.404
FD10809	94.125 	 29.736 	 5.386
FD10809	94.250 	 29.790 	 5.349
FD10809	94.375 	 29.849 	 5.287
FD10809	94.500 	 29.907 	 5.250
FD10809	94.625 	 29.969 	 5.227
FD10809	94.750 	 30.029 	 5.185
FD10809	94.875 	 30.092 	 5.139
FD10809	95.000 	 30.149 	 5.091
FD10809	95.125 	 30.218 	 5.040
FD10809	95.250 	 30.275 	 5.022
FD10809	95.375 	 30.342 	 4.977
FD10809	95.500 	 30.407 	 4.908
FD10809	95.625 	 30.474 	 4.856
FD10809	95.750 	 30.536 	 4.825
FD10809	95.875 	 30.608 	 4.757
FD10809	96.000 	 30.670 	 4.681
FD10809	96.125 	 30.745 	 4.606
FD10809	96.250 	 30.814 	 4.564
FD10809	96.375 	 30.889 	 4.523
FD10809	96.500 	 30.958 	 4.526
FD10809	96.625 	 31.035 	 4.564
FD10809	96.750 	 31.107 	 4.533
FD10809	96.875 	 31.184 	 4.482
FD10809	97.000 	 31.256 	 4.456
FD10809	97.125 	 31.336 	 4.460
FD10809	97.250 	 31.408 	 4.500
FD10809	97.375 	 31.485 	 4.496
FD10809	97.500 	 31.557 	 4.477
FD10809	97.625 	 31.632 	 4.499
FD10809	97.750 	 31.699 	 4.498
FD10809	97.875 	 31.771 	 4.465
FD10809	98.000 	 31.836 	 4.389
FD10809	98.125 	 31.900 	 4.310
FD10809	98.250 	 31.964 	 4.275
FD10809	98.375 	 32.028 	 4.258
FD10809	98.500 	 32.087 	 4.270
FD10809	98.625 	 32.148 	 4.276
FD10809	98.750 	 32.202 	 4.280
FD10809	98.875 	 32.265 	 4.280
FD10809	99.000 	 32.320 	 4.258
FD10809	99.125 	 32.379 	 4.230
FD10809	99.250 	 32.438 	 4.222
FD10809	99.375 	 32.495 	 4.216
FD10809	99.500 	 32.554 	 4.184
FD10809	99.625 	 32.620 	 4.134
FD10809	99.750 	 32.678 	 4.126
FD10809	99.875 	 32.747 	 4.153
FD10809	100.000 	 32.810 	 4.155
FD10809	100.125 	 32.886 	 4.150
FD10809	100.250 	 32.953 	 4.155
FD10809	100.375 	 33.031 	 4.122
FD10809	100.500 	 33.102 	 4.083
FD10809	100.625 	 33.184 	 4.087
FD10809	100.750 	 33.260 	 4.087
FD10809	100.875 	 33.344 	 4.076
FD10809	101.000 	 33.422 	 4.047
FD10809	101.125 	 33.510 	 4.002
FD10809	101.250 	 33.594 	 4.023
FD10809	101.375 	 33.680 	 4.073
FD10809	101.500 	 33.764 	 4.073
FD10809	101.625 	 33.855 	 4.057
FD10809	101.750 	 33.941 	 4.046
FD10809	101.875 	 34.030 	 4.067
FD10809	102.000 	 34.112 	 4.115
FD10809	102.125 	 34.200 	 4.172
FD10809	102.250 	 34.282 	 4.207
FD10809	102.375 	 34.371 	 4.169
FD10809	102.500 	 34.448 	 4.082
FD10809	102.625 	 34.533 	 3.974
FD10809	102.750 	 34.613 	 3.945
FD10809	102.875 	 34.694 	 3.955
FD10809	103.000 	 34.770 	 3.931
FD10809	103.125 	 34.852 	 3.898
FD10809	103.250 	 34.926 	 3.913
FD10809	103.375 	 35.007 	 4.013
FD10809	103.500 	 35.079 	 4.079
FD10809	103.625 	 35.160 	 4.065
FD10809	103.750 	 35.235 	 4.065
FD10809	103.875 	 35.312 	 4.065
FD10809	104.000 	 35.387 	 4.065
FD10809	104.125 	 35.464 	 4.103
FD10809	104.250 	 35.535 	 4.138
FD10809	104.375 	 35.609 	 4.177
FD10809	104.500 	 35.671 	 4.159
FD10809	104.625 	 35.739 	 4.098
FD10809	104.750 	 35.796 	 4.082
FD10809	104.875 	 35.855 	 4.131
FD10809	105.000 	 35.905 	 4.157
FD10809	105.125 	 35.953 	 4.142
FD10809	105.250 	 35.994 	 4.128
FD10809	105.375 	 36.034 	 4.117
FD10809	105.500 	 36.066 	 4.096
FD10809	105.625 	 36.097 	 4.084
FD10809	105.750 	 36.127 	 4.108
FD10809	105.875 	 36.149 	 4.115
FD10809	106.000 	 36.171 	 4.109
FD10809	106.125 	 36.191 	 4.175
FD10809	106.250 	 36.207 	 4.257
FD10809	106.375 	 36.222 	 4.309
FD10809	106.500 	 36.241 	 4.347
FD10809	106.625 	 36.255 	 4.365
FD10809	106.750 	 36.272 	 4.383
FD10809	106.875 	 36.290 	 4.400
FD10809	107.000 	 36.308 	 4.382
FD10809	107.125 	 36.329 	 4.282
FD10809	107.250 	 36.347 	 4.171
FD10809	107.375 	 36.368 	 4.084
FD10809	107.500 	 36.393 	 4.026
FD10809	107.625 	 36.414 	 4.013
FD10809	107.750 	 36.434 	 4.010
FD10809	107.875 	 36.459 	 3.999
FD10809	108.000 	 36.479 	 4.020
FD10809	108.125 	 36.502 	 4.049
FD10809	108.250 	 36.525 	 4.070
FD10809	108.375 	 36.547 	 4.103
FD10809	108.500 	 36.570 	 4.106
FD10809	108.625 	 36.591 	 4.134
FD10809	108.750 	 36.614 	 4.133
FD10809	108.875 	 36.636 	 4.117
FD10809	109.000 	 36.655 	 4.154
FD10809	109.125 	 36.675 	 4.199
FD10809	109.250 	 36.695 	 4.252
FD10809	109.375 	 36.713 	 4.298
FD10809	109.500 	 36.727 	 4.298
FD10809	109.625 	 36.745 	 4.343
FD10809	109.750 	 36.755 	 4.427
FD10809	109.875 	 36.767 	 4.490
FD10809	110.000 	 36.776 	 4.525
FD10809	110.125 	 36.784 	 4.488
FD10809	110.250 	 36.791 	 4.498
FD10809	110.375 	 36.797 	 4.542
FD10809	110.500 	 36.804 	 4.482
FD10809	110.625 	 36.808 	 4.425
FD10809	110.750 	 36.813 	 4.422
FD10809	110.875 	 36.819 	 4.384
FD10809	111.000 	 36.824 	 4.342
FD10809	111.125 	 36.830 	 4.373
FD10809	111.250 	 36.836 	 4.428
FD10809	111.375 	 36.843 	 4.431
FD10809	111.500 	 36.852 	 4.422
FD10809	111.625 	 36.859 	 4.432
FD10809	111.750 	 36.870 	 4.428
FD10809	111.875 	 36.882 	 4.395
FD10809	112.000 	 36.892 	 4.361
FD10809	112.125 	 36.911 	 4.326
FD10809	112.250 	 36.928 	 4.313
FD10809	112.375 	 36.944 	 4.324
FD10809	112.500 	 36.968 	 4.371
FD10809	112.625 	 36.987 	 4.428
FD10809	112.750 	 37.010 	 4.469
FD10809	112.875 	 37.033 	 4.515
FD10809	113.000 	 37.053 	 4.563
FD10809	113.125 	 37.079 	 4.603
FD10809	113.250 	 37.096 	 4.590
FD10809	113.375 	 37.120 	 4.573
FD10809	113.500 	 37.138 	 4.554
FD10809	113.625 	 37.160 	 4.482
FD10809	113.750 	 37.175 	 4.398
FD10809	113.875 	 37.191 	 4.362
FD10809	114.000 	 37.206 	 4.409
FD10809	114.125 	 37.218 	 4.422
FD10809	114.250 	 37.226 	 4.380
FD10809	114.375 	 37.234 	 4.340
FD10809	114.500 	 37.242 	 4.316
FD10809	114.625 	 37.247 	 4.380
FD10809	114.750 	 37.249 	 4.451
FD10809	114.875 	 37.250 	 4.460
FD10809	115.000 	 37.251 	 4.476
FD10809	115.125 	 37.249 	 4.461
FD10809	115.250 	 37.249 	 4.382
FD10809	115.375 	 37.248 	 4.269
FD10809	115.500 	 37.246 	 4.168
FD10809	115.625 	 37.241 	 4.120
FD10809	115.750 	 37.245 	 4.115
FD10809	115.875 	 37.239 	 4.125
FD10809	116.000 	 37.239 	 4.157
FD10809	116.125 	 37.233 	 4.197
FD10809	116.250 	 37.232 	 4.176
FD10809	116.375 	 37.228 	 4.098
FD10809	116.500 	 37.222 	 4.013
FD10809	116.625 	 37.218 	 3.972
FD10809	116.750 	 37.214 	 3.945
FD10809	116.875 	 37.208 	 3.889
FD10809	117.000 	 37.202 	 3.868
FD10809	117.125 	 37.200 	 3.851
FD10809	117.250 	 37.193 	 3.785
FD10809	117.375 	 37.191 	 3.705
FD10809	117.500 	 37.189 	 3.673
FD10809	117.625 	 37.186 	 3.634
FD10809	117.750 	 37.189 	 3.620
FD10809	117.875 	 37.190 	 3.625
FD10809	118.000 	 37.193 	 3.620
FD10809	118.125 	 37.201 	 3.636
FD10809	118.250 	 37.207 	 3.686
FD10809	118.375 	 37.218 	 3.645
FD10809	118.500 	 37.222 	 3.534
FD10809	118.625 	 37.233 	 3.497
FD10809	118.750 	 37.246 	 3.484
FD10809	118.875 	 37.255 	 3.428
FD10809	119.000 	 37.265 	 3.344
FD10809	119.125 	 37.277 	 3.258
FD10809	119.250 	 37.287 	 3.199
FD10809	119.375 	 37.296 	 3.170
FD10809	119.500 	 37.304 	 3.159
FD10809	119.625 	 37.307 	 3.131
FD10809	119.750 	 37.311 	 3.110
FD10809	119.875 	 37.308 	 3.071
FD10809	120.000 	 37.306 	 3.010
FD10809	120.125 	 37.299 	 2.975
FD10809	120.250 	 37.288 	 2.964
FD10809	120.375 	 37.274 	 2.958
FD10809	120.500 	 37.263 	 2.913
FD10809	120.625 	 37.244 	 2.856
FD10809	120.750 	 37.226 	 2.835
FD10809	120.875 	 37.207 	 2.807
FD10809	121.000 	 37.185 	 2.765
FD10809	121.125 	 37.163 	 2.719
FD10809	121.250 	 37.141 	 2.675
FD10809	121.375 	 37.114 	 2.629
FD10809	121.500 	 37.095 	 2.594
FD10809	121.625 	 37.068 	 2.543
FD10809	121.750 	 37.047 	 2.498
FD10809	121.875 	 37.024 	 2.469
FD10809	122.000 	 37.005 	 2.401
FD10809	122.125 	 36.983 	 2.315
FD10809	122.250 	 36.966 	 2.286
FD10809	122.375 	 36.944 	 2.252
FD10809	122.500 	 36.933 	 2.220
FD10809	122.625 	 36.917 	 2.186
FD10809	122.750 	 36.901 	 2.157
FD10809	122.875 	 36.887 	 2.118
FD10809	123.000 	 36.874 	 2.051
FD10809	123.125 	 36.863 	 1.999
FD10809	123.250 	 36.850 	 2.002
FD10809	123.375 	 36.841 	 2.024
FD10809	123.500 	 36.829 	 2.056
FD10809	123.625 	 36.816 	 2.090
FD10809	123.750 	 36.807 	 2.069
FD10809	123.875 	 36.798 	 2.046
FD10809	124.000 	 36.788 	 2.001
FD10809	124.125 	 36.780 	 1.961
FD10809	124.250 	 36.769 	 1.980
FD10809	124.375 	 36.764 	 2.002
FD10809	124.500 	 36.758 	 2.034
FD10809	124.625 	 36.756 	 2.068
FD10809	124.750 	 36.749 	 2.052
FD10809	124.875 	 36.750 	 2.018
FD10809	125.000 	 36.748 	 2.021
FD10809	125.125 	 36.752 	 2.021
FD10809	125.250 	 36.750 	 2.026
FD10809	125.375 	 36.755 	 2.005
FD10809	125.500 	 36.755 	 1.953
FD10809	125.625 	 36.759 	 1.912
FD10809	125.750 	 36.765 	 1.901
FD10809	125.875 	 36.768 	 1.874
FD10809	126.000 	 36.770 	 1.754
FD10809	126.125 	 36.780 	 1.618
FD10809	126.250 	 36.780 	 1.586
FD10809	126.375 	 36.789 	 1.607
FD10809	126.500 	 36.790 	 1.649
FD10809	126.625 	 36.794 	 1.684
FD10809	126.750 	 36.795 	 1.699
FD10809	126.875 	 36.797 	 1.716
FD10809	127.000 	 36.797 	 1.751
FD10809	127.125 	 36.795 	 1.802
FD10809	127.250 	 36.798 	 1.841
FD10809	127.375 	 36.793 	 1.854
FD10809	127.500 	 36.788 	 1.865
FD10809	127.625 	 36.788 	 1.909
FD10809	127.750 	 36.782 	 1.930
FD10809	127.875 	 36.779 	 1.936
FD10809	128.000 	 36.776 	 1.968
FD10809	128.125 	 36.770 	 2.008
FD10809	128.250 	 36.768 	 1.963
FD10809	128.375 	 36.761 	 1.901
FD10809	128.500 	 36.756 	 1.914
FD10809	128.625 	 36.750 	 1.931
FD10809	128.750 	 36.745 	 1.931
FD10809	128.875 	 36.738 	 1.909
FD10809	129.000 	 36.730 	 1.885
FD10809	129.125 	 36.725 	 1.868
FD10809	129.250 	 36.720 	 1.791
FD10809	129.375 	 36.713 	 1.711
FD10809	129.500 	 36.708 	 1.706
FD10809	129.625 	 36.705 	 1.705
FD10809	129.750 	 36.699 	 1.684
FD10809	129.875 	 36.696 	 1.661
FD10809	130.000 	 36.694 	 1.649
FD10809	130.125 	 36.689 	 1.637
FD10809	130.250 	 36.690 	 1.642
FD10809	130.375 	 36.685 	 1.686
FD10809	130.500 	 36.684 	 1.694
FD10809	130.625 	 36.684 	 1.623
FD10809	130.750 	 36.680 	 1.568
FD10809	130.875 	 36.683 	 1.533
FD10809	131.000 	 36.684 	 1.516
FD10809	131.125 	 36.689 	 1.483
FD10809	131.250 	 36.692 	 1.438
FD10809	131.375 	 36.699 	 1.398
FD10809	131.500 	 36.708 	 1.361
FD10809	131.625 	 36.713 	 1.365
FD10809	131.750 	 36.722 	 1.410
FD10809	131.875 	 36.735 	 1.400
FD10809	132.000 	 36.742 	 1.393
FD10809	132.125 	 36.753 	 1.393
FD10809	132.250 	 36.763 	 1.366
FD10809	132.375 	 36.775 	 1.398
FD10809	132.500 	 36.788 	 1.393
FD10809	132.625 	 36.795 	 1.365
FD10809	132.750 	 36.809 	 1.323
FD10809	132.875 	 36.817 	 1.260
FD10809	133.000 	 36.829 	 1.268
FD10809	133.125 	 36.840 	 1.285
FD10809	133.250 	 36.846 	 1.238
FD10809	133.375 	 36.855 	 1.187
FD10809	133.500 	 36.866 	 1.152
FD10809	133.625 	 36.871 	 1.080
FD10809	133.750 	 36.877 	 0.998
FD10809	133.875 	 36.886 	 0.917
FD10809	134.000 	 36.888 	 0.870
FD10809	134.125 	 36.894 	 0.802
FD10809	134.250 	 36.902 	 0.739
FD10809	134.375 	 36.910 	 0.670
FD10809	134.500 	 36.915 	 0.554
FD10809	134.625 	 36.925 	 0.357
FD10809	134.750 	 36.931 	 0.149
FD10809	134.875 	 36.941 	 0.000
FD10809	135.000 	 36.952 	 0.000
FD10809	135.125 	 36.958 	 0.000
FD10809	135.250 	 36.968 	 0.000
FD10809	135.375 	 36.977 	 0.000
FD10809	135.500 	 36.983 	 0.000
FD10809	135.625 	 36.994 	 0.000
FD10809	135.750 	 37.001 	 0.000
FD10809	135.875 	 37.006 	 0.000
FD10809	136.000 	 37.012 	 0.000
FD10809	136.125 	 37.019 	 359.827
FD10809	136.250 	 37.019 	 359.682
FD10809	136.375 	 37.021 	 359.626
FD10809	136.500 	 37.019 	 359.594
FD10809	136.625 	 37.018 	 359.571
FD10809	136.750 	 37.016 	 359.545
FD10809	136.875 	 37.012 	 359.534
FD10809	137.000 	 37.008 	 359.504
FD10809	137.125 	 37.003 	 359.426
FD10809	137.250 	 36.997 	 359.365
FD10809	137.375 	 36.996 	 359.341
FD10809	137.500 	 36.989 	 359.299
FD10809	137.625 	 36.984 	 359.270
FD10809	137.750 	 36.981 	 359.296
FD10809	137.875 	 36.976 	 359.313
FD10809	138.000 	 36.973 	 359.329
FD10809	138.125 	 36.966 	 359.325
FD10809	138.250 	 36.962 	 359.311
FD10809	138.375 	 36.959 	 359.311
FD10809	138.500 	 36.952 	 359.295
FD10809	138.625 	 36.948 	 359.255
FD10809	138.750 	 36.946 	 359.237
FD10809	138.875 	 36.942 	 359.220
FD10809	139.000 	 36.936 	 359.196
FD10809	139.125 	 36.935 	 359.212
FD10809	139.250 	 36.931 	 359.217
FD10809	139.375 	 36.928 	 359.179
FD10809	139.500 	 36.925 	 359.126
FD10809	139.625 	 36.929 	 359.080
FD10809	139.750 	 36.918 	 359.048
FD10809	139.875 	 36.924 	 359.020
FD10809	140.000 	 36.923 	 358.974
FD10809	140.125 	 36.928 	 358.945
FD10809	140.250 	 36.919 	 358.956
FD10809	140.375 	 36.929 	 358.934
FD10809	140.500 	 36.925 	 358.884
FD10809	140.625 	 36.925 	 358.827
FD10809	140.750 	 36.929 	 358.790
FD10809	140.875 	 36.921 	 358.767
FD10809	141.000 	 36.927 	 358.749
FD10809	141.125 	 36.917 	 358.732
FD10809	141.250 	 36.914 	 358.729
FD10809	141.375 	 36.912 	 358.723
FD10809	141.500 	 36.908 	 358.707
FD10809	141.625 	 36.894 	 358.717
FD10809	141.750 	 36.888 	 358.726
FD10809	141.875 	 36.884 	 358.660
FD10809	142.000 	 36.868 	 358.594
FD10809	142.125 	 36.865 	 358.564
FD10809	142.250 	 36.859 	 358.535
FD10809	142.375 	 36.847 	 358.506
FD10809	142.500 	 36.846 	 358.517
FD10809	142.625 	 36.844 	 358.523
FD10809	142.750 	 36.847 	 358.528
FD10809	142.875 	 36.845 	 358.545
FD10809	143.000 	 36.852 	 358.542
FD10809	143.125 	 36.854 	 358.531
FD10809	143.250 	 36.864 	 358.518
FD10809	143.375 	 36.868 	 358.517
FD10809	143.500 	 36.883 	 358.517
FD10809	143.625 	 36.886 	 358.495
FD10809	143.750 	 36.903 	 358.474
FD10809	143.875 	 36.912 	 358.489
FD10809	144.000 	 36.922 	 358.521
FD10809	144.125 	 36.928 	 358.506
FD10809	144.250 	 36.943 	 358.477
FD10809	144.375 	 36.947 	 358.465
FD10809	144.500 	 36.955 	 358.459
FD10809	144.625 	 36.958 	 358.486
FD10809	144.750 	 36.959 	 358.474
FD10809	144.875 	 36.961 	 358.451
FD10809	145.000 	 36.961 	 358.432
FD10809	145.125 	 36.960 	 358.415
FD10809	145.250 	 36.964 	 358.434
FD10809	145.375 	 36.959 	 358.412
FD10809	145.500 	 36.954 	 358.376
FD10809	145.625 	 36.956 	 358.346
FD10809	145.750 	 36.953 	 358.320
FD10809	145.875 	 36.949 	 358.297
FD10809	146.000 	 36.945 	 358.292
FD10809	146.125 	 36.940 	 358.281
FD10809	146.250 	 36.937 	 358.267
FD10809	146.375 	 36.934 	 358.251
FD10809	146.500 	 36.932 	 358.251
FD10809	146.625 	 36.926 	 358.284
FD10809	146.750 	 36.924 	 358.278
FD10809	146.875 	 36.928 	 358.245
FD10809	147.000 	 36.920 	 358.208
FD10809	147.125 	 36.928 	 358.206
FD10809	147.250 	 36.920 	 358.214
FD10809	147.375 	 36.931 	 358.231
FD10809	147.500 	 36.932 	 358.255
FD10809	147.625 	 36.936 	 358.240
FD10809	147.750 	 36.938 	 358.231
FD10809	147.875 	 36.942 	 358.231
FD10809	148.000 	 36.953 	 358.220
FD10809	148.125 	 36.958 	 358.193
FD10809	148.250 	 36.961 	 358.134
FD10809	148.375 	 36.974 	 358.071
FD10809	148.500 	 36.974 	 358.024
FD10809	148.625 	 36.981 	 357.994
FD10809	148.750 	 36.989 	 357.982
FD10809	148.875 	 36.985 	 357.965
FD10809	149.000 	 36.989 	 357.992
FD10809	149.125 	 36.998 	 358.019
FD10809	149.250 	 36.996 	 358.004
FD10809	149.375 	 37.003 	 357.981
FD10809	149.500 	 37.007 	 357.994
FD10809	149.625 	 37.015 	 358.011
FD10809	149.750 	 37.024 	 358.043
FD10809	149.875 	 37.032 	 358.099
FD10809	150.000 	 37.047 	 358.115
FD10809	150.125 	 37.056 	 358.066
FD10809	150.250 	 37.071 	 358.024
FD10809	150.375 	 37.085 	 358.011
FD10809	150.500 	 37.095 	 358.017
FD10809	150.625 	 37.114 	 358.033
FD10809	150.750 	 37.121 	 358.044
FD10809	150.875 	 37.133 	 358.060
FD10809	151.000 	 37.138 	 358.058
FD10809	151.125 	 37.151 	 358.069
FD10809	151.250 	 37.152 	 358.111
FD10809	151.375 	 37.144 	 358.152
FD10809	151.500 	 37.150 	 358.180
FD10809	151.625 	 37.139 	 358.171
FD10809	151.750 	 37.137 	 358.173
FD10809	151.875 	 37.125 	 358.206
FD10809	152.000 	 37.102 	 358.177
FD10809	152.125 	 37.092 	 358.137
FD10809	152.250 	 37.070 	 358.143
FD10809	152.375 	 37.060 	 358.193
FD10809	152.500 	 37.042 	 358.253
FD10809	152.625 	 37.035 	 358.278
FD10809	152.750 	 37.016 	 358.241
FD10809	152.875 	 37.021 	 358.207
FD10809	153.000 	 37.008 	 358.193
FD10809	153.125 	 37.014 	 358.176
FD10809	153.250 	 37.007 	 358.150
FD10809	153.375 	 37.016 	 358.143
FD10809	153.500 	 37.016 	 358.159
FD10809	153.625 	 37.020 	 358.165
FD10809	153.750 	 37.029 	 358.186
FD10809	153.875 	 37.042 	 358.193
FD10809	154.000 	 37.037 	 358.201
FD10809	154.125 	 37.050 	 358.217
FD10809	154.250 	 37.054 	 358.204
FD10809	154.375 	 37.067 	 358.193
FD10809	154.500 	 37.060 	 358.171
FD10809	154.625 	 37.072 	 358.143
FD10809	154.750 	 37.071 	 358.095
FD10809	154.875 	 37.072 	 358.017
FD10809	155.000 	 37.066 	 357.974
FD10809	155.125 	 37.071 	 357.951
FD10809	155.250 	 37.065 	 357.948
FD10809	155.375 	 37.062 	 357.976
FD10809	155.500 	 37.059 	 357.972
FD10809	155.625 	 37.052 	 357.924
FD10809	155.750 	 37.045 	 357.908
FD10809	155.875 	 37.040 	 357.946
FD10809	156.000 	 37.033 	 357.959
FD10809	156.125 	 37.026 	 357.926
FD10809	156.250 	 37.023 	 357.905
FD10809	156.375 	 37.009 	 357.910
FD10809	156.500 	 37.003 	 357.889
FD10809	156.625 	 36.994 	 357.839
FD10809	156.750 	 36.989 	 357.857
FD10809	156.875 	 36.973 	 357.918
FD10809	157.000 	 36.970 	 357.950
FD10809	157.125 	 36.960 	 357.946
FD10809	157.250 	 36.956 	 357.949
FD10809	157.375 	 36.946 	 357.959
FD10809	157.500 	 36.942 	 357.930
FD10809	157.625 	 36.931 	 357.885
FD10809	157.750 	 36.927 	 357.870
FD10809	157.875 	 36.928 	 357.875
FD10809	158.000 	 36.920 	 357.864
FD10809	158.125 	 36.926 	 357.830
FD10809	158.250 	 36.919 	 357.849
FD10809	158.375 	 36.930 	 357.910
FD10809	158.500 	 36.935 	 357.939
FD10809	158.625 	 36.940 	 357.890
FD10809	158.750 	 36.956 	 357.809
FD10809	158.875 	 36.971 	 357.745
FD10809	159.000 	 36.987 	 357.703
FD10809	159.125 	 37.004 	 357.784
FD10809	159.250 	 37.020 	 357.868
FD10809	159.375 	 37.042 	 357.844
FD10809	159.500 	 37.063 	 357.812
FD10809	159.625 	 37.085 	 357.800
FD10809	159.750 	 37.108 	 357.835
FD10809	159.875 	 37.130 	 357.875
FD10809	160.000 	 37.144 	 357.903
FD10809	160.125 	 37.161 	 357.932
FD10809	160.250 	 37.179 	 357.924
FD10809	160.375 	 37.191 	 357.934
FD10809	160.500 	 37.208 	 357.955
FD10809	160.625 	 37.211 	 357.946
FD10809	160.750 	 37.223 	 357.898
FD10809	160.875 	 37.226 	 357.886
FD10809	161.000 	 37.234 	 357.875
FD10809	161.125 	 37.235 	 357.831
FD10809	161.250 	 37.238 	 357.833
FD10809	161.375 	 37.239 	 357.855
FD10809	161.500 	 37.245 	 357.855
FD10809	161.625 	 37.247 	 357.860
FD10809	161.750 	 37.252 	 357.890
FD10809	161.875 	 37.263 	 357.875
FD10809	162.000 	 37.265 	 357.816
FD10809	162.125 	 37.278 	 357.776
FD10809	162.250 	 37.281 	 357.762
FD10809	162.375 	 37.301 	 357.745
FD10809	162.500 	 37.308 	 357.740
FD10809	162.625 	 37.324 	 357.745
FD10809	162.750 	 37.333 	 357.761
FD10809	162.875 	 37.350 	 357.773
FD10809	163.000 	 37.356 	 357.807
FD10809	163.125 	 37.371 	 357.847
FD10809	163.250 	 37.376 	 357.865
FD10809	163.375 	 37.385 	 357.893
FD10809	163.500 	 37.389 	 357.922
FD10809	163.625 	 37.395 	 357.961
FD10809	163.750 	 37.397 	 357.951
FD10809	163.875 	 37.399 	 357.930
FD10809	164.000 	 37.397 	 357.919
FD10809	164.125 	 37.394 	 357.880
FD10809	164.250 	 37.394 	 357.819
FD10809	164.375 	 37.394 	 357.745
FD10809	164.500 	 37.382 	 357.708
FD10809	164.625 	 37.384 	 357.657
FD10809	164.750 	 37.377 	 357.615
FD10809	164.875 	 37.375 	 357.607
FD10809	165.000 	 37.373 	 357.602
FD10809	165.125 	 37.366 	 357.629
FD10809	165.250 	 37.365 	 357.698
FD10809	165.375 	 37.369 	 357.767
FD10809	165.500 	 37.364 	 357.825
FD10809	165.625 	 37.366 	 357.904
FD10809	165.750 	 37.367 	 357.988
FD10809	165.875 	 37.372 	 358.080
FD10809	166.000 	 37.377 	 358.154
FD10809	166.125 	 37.383 	 358.179
FD10809	166.250 	 37.389 	 358.155
FD10809	166.375 	 37.398 	 358.115
FD10809	166.500 	 37.407 	 358.084
FD10809	166.625 	 37.420 	 358.093
FD10809	166.750 	 37.427 	 358.094
FD10809	166.875 	 37.444 	 358.050
FD10809	167.000 	 37.455 	 357.989
FD10809	167.125 	 37.467 	 357.943
FD10809	167.250 	 37.487 	 357.896
FD10809	167.375 	 37.496 	 357.816
FD10809	167.500 	 37.515 	 357.774
FD10809	167.625 	 37.532 	 357.767
FD10809	167.750 	 37.546 	 357.751
FD10809	167.875 	 37.558 	 357.701
FD10809	168.000 	 37.571 	 357.691
FD10809	168.125 	 37.583 	 357.723
FD10809	168.250 	 37.594 	 357.749
FD10809	168.375 	 37.605 	 357.751
FD10809	168.500 	 37.608 	 357.729
FD10809	168.625 	 37.623 	 357.685
FD10809	168.750 	 37.620 	 357.640
FD10809	168.875 	 37.627 	 357.699
FD10809	169.000 	 37.626 	 357.814
FD10809	169.125 	 37.628 	 357.913
FD10809	169.250 	 37.621 	 357.949
FD10809	169.375 	 37.624 	 357.945
FD10809	169.500 	 37.617 	 357.940
FD10809	169.625 	 37.614 	 357.919
FD10809	169.750 	 37.606 	 357.934
FD10809	169.875 	 37.605 	 357.951
FD10809	170.000 	 37.598 	 357.885
FD10809	170.125 	 37.601 	 357.828
FD10809	170.250 	 37.596 	 357.852
FD10809	170.375 	 37.593 	 357.918
FD10809	170.500 	 37.593 	 357.994
FD10809	170.625 	 37.593 	 358.080
FD10809	170.750 	 37.592 	 358.156
FD10809	170.875 	 37.593 	 358.215
FD10809	171.000 	 37.587 	 358.225
FD10809	171.125 	 37.594 	 358.220
FD10809	171.250 	 37.593 	 358.196
FD10809	171.375 	 37.601 	 358.157
FD10809	171.500 	 37.598 	 358.159
FD10809	171.625 	 37.606 	 358.176
FD10809	171.750 	 37.611 	 358.197
FD10809	171.875 	 37.615 	 358.198
FD10809	172.000 	 37.618 	 358.138
FD10809	172.125 	 37.622 	 358.053
FD10809	172.250 	 37.627 	 358.007
FD10809	172.375 	 37.636 	 357.978
FD10809	172.500 	 37.639 	 357.939
FD10809	172.625 	 37.642 	 357.849
FD10809	172.750 	 37.648 	 357.760
FD10809	172.875 	 37.652 	 357.751
FD10809	173.000 	 37.655 	 357.759
FD10809	173.125 	 37.666 	 357.726
FD10809	173.250 	 37.665 	 357.689
FD10809	173.375 	 37.671 	 357.665
FD10809	173.500 	 37.675 	 357.655
FD10809	173.625 	 37.682 	 357.660
FD10809	173.750 	 37.682 	 357.689
FD10809	173.875 	 37.692 	 357.712
FD10809	174.000 	 37.698 	 357.712
FD10809	174.125 	 37.704 	 357.701
FD10809	174.250 	 37.703 	 357.672
FD10809	174.375 	 37.712 	 357.644
FD10809	174.500 	 37.723 	 357.609
FD10809	174.625 	 37.724 	 357.547
FD10809	174.750 	 37.732 	 357.502
FD10809	174.875 	 37.744 	 357.456
FD10809	175.000 	 37.758 	 357.433
FD10809	175.125 	 37.770 	 357.432
FD10809	175.250 	 37.782 	 357.426
FD10809	175.375 	 37.800 	 357.432
FD10809	175.500 	 37.823 	 357.429
FD10809	175.625 	 37.838 	 357.429
FD10809	175.750 	 37.862 	 357.434
FD10809	175.875 	 37.883 	 357.429
FD10809	176.000 	 37.900 	 357.432
FD10809	176.125 	 37.917 	 357.476
FD10809	176.250 	 37.938 	 357.531
FD10809	176.375 	 37.961 	 357.566
FD10809	176.500 	 37.968 	 357.593
FD10809	176.625 	 37.991 	 357.627
FD10809	176.750 	 37.996 	 357.650
FD10809	176.875 	 38.012 	 357.668
FD10809	177.000 	 38.025 	 357.673
FD10809	177.125 	 38.028 	 357.662
FD10809	177.250 	 38.040 	 357.673
FD10809	177.375 	 38.040 	 357.685
FD10809	177.500 	 38.050 	 357.700
FD10809	177.625 	 38.052 	 357.712
FD10809	177.750 	 38.054 	 357.675
FD10809	177.875 	 38.054 	 357.624
FD10809	178.000 	 38.059 	 357.598
FD10809	178.125 	 38.051 	 357.613
FD10809	178.250 	 38.060 	 357.658
FD10809	178.375 	 38.053 	 357.671
FD10809	178.500 	 38.060 	 357.668
FD10809	178.625 	 38.062 	 357.706
FD10809	178.750 	 38.072 	 357.723
FD10809	178.875 	 38.075 	 357.696
FD10809	179.000 	 38.081 	 357.722
FD10809	179.125 	 38.093 	 357.762
FD10809	179.250 	 38.093 	 357.759
FD10809	179.375 	 38.101 	 357.770
FD10809	179.500 	 38.113 	 357.772
FD10809	179.625 	 38.116 	 357.734
FD10809	179.750 	 38.117 	 357.702
FD10809	179.875 	 38.120 	 357.690
FD10809	180.000 	 38.120 	 357.688
FD10809	180.125 	 38.117 	 357.687
FD10809	180.250 	 38.117 	 357.669
FD10809	180.375 	 38.108 	 357.646
FD10809	180.500 	 38.108 	 357.638
FD10809	180.625 	 38.105 	 357.638
FD10809	180.750 	 38.092 	 357.664
FD10809	180.875 	 38.088 	 357.688
FD10809	181.000 	 38.080 	 357.672
FD10809	181.125 	 38.065 	 357.682
FD10809	181.250 	 38.062 	 357.698
FD10809	181.375 	 38.057 	 357.687
FD10809	181.500 	 38.051 	 357.648
FD10809	181.625 	 38.042 	 357.602
FD10809	181.750 	 38.046 	 357.591
FD10809	181.875 	 38.039 	 357.619
FD10809	182.000 	 38.037 	 357.676
FD10809	182.125 	 38.033 	 357.690
FD10809	182.250 	 38.044 	 357.680
FD10809	182.375 	 38.040 	 357.685
FD10809	182.500 	 38.040 	 357.682
FD10809	182.625 	 38.047 	 357.693
FD10809	182.750 	 38.049 	 357.706
FD10809	182.875 	 38.049 	 357.717
FD10809	183.000 	 38.052 	 357.736
FD10809	183.125 	 38.052 	 357.731
FD10809	183.250 	 38.056 	 357.747
FD10809	183.375 	 38.053 	 357.825
FD10809	183.500 	 38.049 	 357.859
FD10809	183.625 	 38.052 	 357.850
FD10809	183.750 	 38.050 	 357.833
FD10809	183.875 	 38.050 	 357.827
FD10809	184.000 	 38.047 	 357.859
FD10809	184.125 	 38.051 	 357.910
FD10809	184.250 	 38.047 	 357.976
FD10809	184.375 	 38.045 	 358.011
FD10809	184.500 	 38.054 	 357.969
FD10809	184.625 	 38.053 	 357.957
FD10809	184.750 	 38.050 	 357.953
FD10809	184.875 	 38.058 	 357.916
FD10809	185.000 	 38.061 	 357.921
FD10809	185.125 	 38.066 	 357.938
FD10809	185.250 	 38.070 	 357.945
FD10809	185.375 	 38.075 	 357.967
FD10809	185.500 	 38.082 	 357.983
FD10809	185.625 	 38.092 	 358.000
FD10809	185.750 	 38.097 	 358.008
FD10809	185.875 	 38.103 	 358.074
FD10809	186.000 	 38.117 	 358.140
FD10809	186.125 	 38.119 	 358.176
FD10809	186.250 	 38.132 	 358.187
FD10809	186.375 	 38.140 	 358.137
FD10809	186.500 	 38.148 	 358.082
FD10809	186.625 	 38.156 	 358.058
FD10809	186.750 	 38.164 	 358.034
FD10809	186.875 	 38.174 	 357.989
FD10809	187.000 	 38.182 	 357.963
FD10809	187.125 	 38.188 	 357.945
FD10809	187.250 	 38.187 	 357.985
FD10809	187.375 	 38.199 	 358.030
FD10809	187.500 	 38.203 	 358.044
FD10809	187.625 	 38.208 	 358.071
FD10809	187.750 	 38.203 	 358.090
FD10809	187.875 	 38.212 	 358.091
FD10809	188.000 	 38.214 	 358.067
FD10809	188.125 	 38.216 	 358.011
FD10809	188.250 	 38.219 	 357.977
FD10809	188.375 	 38.222 	 357.998
FD10809	188.500 	 38.224 	 358.024
FD10809	188.625 	 38.228 	 358.025
FD10809	188.750 	 38.234 	 358.025
FD10809	188.875 	 38.245 	 358.020
FD10809	189.000 	 38.247 	 357.985
FD10809	189.125 	 38.259 	 357.956
FD10809	189.250 	 38.258 	 357.941
FD10809	189.375 	 38.272 	 357.924
FD10809	189.500 	 38.273 	 357.932
FD10809	189.625 	 38.280 	 357.959
FD10809	189.750 	 38.288 	 357.964
FD10809	189.875 	 38.286 	 357.910
FD10809	190.000 	 38.290 	 357.860
FD10809	190.125 	 38.285 	 357.847
FD10809	190.250 	 38.284 	 357.812
FD10809	190.375 	 38.279 	 357.696
FD10809	190.500 	 38.272 	 357.656
FD10809	190.625 	 38.268 	 357.698
FD10809	190.750 	 38.251 	 357.749
FD10809	190.875 	 38.246 	 357.805
FD10809	191.000 	 38.232 	 357.795
FD10809	191.125 	 38.223 	 357.795
FD10809	191.250 	 38.212 	 357.832
FD10809	191.375 	 38.206 	 357.883
FD10809	191.500 	 38.195 	 357.933
FD10809	191.625 	 38.188 	 357.951
FD10809	191.750 	 38.185 	 357.927
FD10809	191.875 	 38.181 	 357.866
FD10809	192.000 	 38.177 	 357.832
FD10809	192.125 	 38.177 	 357.858
FD10809	192.250 	 38.178 	 357.958
FD10809	192.375 	 38.183 	 358.044
FD10809	192.500 	 38.183 	 358.031
FD10809	192.625 	 38.194 	 357.976
FD10809	192.750 	 38.193 	 357.957
FD10809	192.875 	 38.203 	 358.022
FD10809	193.000 	 38.207 	 358.141
FD10809	193.125 	 38.211 	 358.212
FD10809	193.250 	 38.222 	 358.175
FD10809	193.375 	 38.224 	 358.096
FD10809	193.500 	 38.227 	 358.025
FD10809	193.625 	 38.236 	 357.989
FD10809	193.750 	 38.238 	 357.966
FD10809	193.875 	 38.240 	 357.943
FD10809	194.000 	 38.245 	 357.946
FD10809	194.125 	 38.247 	 357.950
FD10809	194.250 	 38.248 	 357.951
FD10809	194.375 	 38.252 	 357.956
FD10809	194.500 	 38.252 	 357.956
FD10809	194.625 	 38.255 	 357.956
FD10809	194.750 	 38.257 	 357.956
FD10809	194.875 	 38.262 	 357.956
FD10809	195.000 	 38.257 	 357.956
FD10809	195.125 	 38.262 	 357.956
FD10809	195.250 	 38.262 	 357.956
FD10809	195.375 	 38.262 	 357.956
FD10809	195.500 	 38.260 	 357.954
FD10809	195.625 	 38.262 	 357.953
FD10809	195.750 	 38.265 	 357.954
FD10809	195.875 	 38.262 	 357.948
FD10809	196.000 	 38.260 	 357.951
FD10809	196.125 	 38.262 	 357.972
FD10809	196.250 	 38.263 	 358.018
FD10809	196.375 	 38.263 	 358.053
FD10809	196.500 	 38.259 	 358.055
FD10809	196.625 	 38.263 	 358.055
FD10809	196.750 	 38.263 	 358.055
FD10809	196.875 	 38.266 	 358.055
FD10809	197.000 	 38.259 	 358.055
FD10809	197.125 	 38.263 	 358.055
FD10809	197.250 	 38.263 	 358.055
FD10809	197.375 	 38.263 	 358.055
FD10809	197.500 	 38.259 	 358.055
FD10809	197.625 	 38.263 	 358.055
FD10809	197.750 	 38.263 	 358.055
FD10809	197.875 	 38.263 	 358.055
FD10809	198.000 	 38.259 	 358.055
FD10809	198.125 	 38.263 	 358.055
FD10809	198.250 	 38.263 	 358.055
FD10809	198.375 	 38.266 	 358.055
FD10809	198.500 	 38.259 	 358.055
FD10809	198.625 	 38.263 	 358.055
FD10809	198.750 	 38.263 	 358.055
FD10809	198.875 	 38.263 	 358.055
FD10809	199.000 	 38.259 	 358.055
FD10809	199.125 	 38.263 	 358.055
FD10809	199.250 	 38.263 	 358.055
FD10809	199.375 	 38.263 	 358.055
FD10809	199.500 	 38.259 	 358.055
FD10809	199.625 	 38.263 	 358.055
FD10809	199.750 	 38.263 	 358.055
FD10809	199.875 	 38.266 	 358.055
FD10809	200.000 	 38.259 	 358.055
FD10809	200.125 	 38.263 	 358.055
FD10809	200.250 	 38.263 	 358.055
FD10809	200.375 	 38.263 	 358.055
FD10809	200.500 	 38.259 	 358.055
FD10809	200.625 	 38.263 	 358.055
FD10809	200.750 	 38.259 	 358.055
FD10809	200.875 	 38.267 	 358.055
FD10809	201.000 	 38.259 	 358.055
FD10809	201.125 	 38.263 	 358.055
FD10809	201.250 	 38.261 	 358.055
FD10809	201.375 	 38.267 	 358.055
FD10809	201.500 	 38.259 	 358.055
FD10809	201.625 	 38.263 	 358.055
FD10809	201.750 	 38.259 	 358.055
FD10809	201.875 	 38.267 	 358.055
FD10809	202.000 	 38.259 	 358.055
FD10809	202.125 	 38.263 	 358.055
FD10809	202.250 	 38.259 	 358.055
FD10809	202.375 	 38.267 	 358.055
FD10809	202.500 	 38.259 	 358.055
FD10809	202.625 	 38.263 	 358.055
FD10809	202.750 	 38.261 	 358.055
FD10809	202.875 	 38.267 	 358.055
FD10809	203.000 	 38.259 	 358.055
FD10809	203.125 	 38.263 	 358.055
FD10809	203.250 	 38.259 	 358.055
FD10809	203.375 	 38.267 	 358.055
FD10809	203.500 	 38.259 	 358.055
FD10809	203.625 	 38.263 	 358.055
FD10809	203.750 	 38.259 	 358.055
FD10809	203.875 	 38.267 	 358.055
FD10809	204.000 	 38.259 	 358.055
FD10809	204.125 	 38.263 	 358.055
FD10809	204.250 	 38.261 	 358.055
FD10809	204.375 	 38.267 	 358.055
FD10809	204.500 	 38.259 	 358.055
FD10809	204.625 	 38.263 	 358.055
FD10809	204.750 	 38.259 	 358.055
FD10809	204.875 	 38.267 	 358.055
FD10809	205.000 	 38.259 	 358.055
FD10809	205.125 	 38.263 	 358.055
FD10809	205.250 	 38.259 	 358.055
FD10809	205.375 	 38.267 	 358.055
FD10809	205.500 	 38.259 	 358.055
FD10809	205.625 	 38.263 	 358.055
FD10809	205.750 	 38.261 	 358.055
FD10809	205.875 	 38.267 	 358.055
FD10809	206.000 	 38.259 	 358.055
FD10809	206.125 	 0.000 	 90.000
FD10809	206.250 	 0.000 	 90.000
FD10809	206.375 	 0.000 	 90.000
FD10809	206.500 	 0.000 	 90.000
FD10809	206.625 	 0.000 	 90.000
FD10809	206.750 	 0.000 	 90.000
FD10809	206.875 	 0.000 	 90.000
FD10809	207.000 	 0.000 	 90.000
FD10809	207.125 	 0.000 	 90.000
FD10809	207.250 	 0.000 	 90.000
FD10809	207.375 	 0.000 	 90.000
FD10809	207.500 	 0.000 	 90.000
FD10809	207.625 	 0.000 	 90.000
FD10809	207.750 	 0.000 	 90.000
FD10809	207.875 	 0.000 	 90.000
FD10809	208.000 	 0.000 	 90.000
FD10809	208.125 	 0.000 	 90.000
FD10809	208.250 	 0.000 	 90.000
FD10809	208.375 	 0.000 	 90.000
FD10809	208.500 	 0.000 	 90.000
FD10809	208.625 	 0.000 	 90.000
FD10809	208.750 	 0.000 	 90.000
FD10809	208.875 	 0.000 	 90.000
FD10809	209.000 	 0.000 	 90.000
FD10809	209.125 	 0.000 	 90.000
FD10809	209.250 	 0.000 	 90.000
FD10809	209.375 	 0.000 	 90.000
FD10809	209.500 	 0.000 	 90.000
FD10809	209.625 	 0.000 	 90.000
FD10809	209.750 	 0.000 	 90.000
FD10809	209.875 	 0.000 	 90.000
FD10809	210.000 	 0.000 	 90.000
FD10809	210.125 	 0.000 	 90.000
FD10809	210.250 	 0.000 	 90.000
FD10809	210.375 	 0.000 	 90.000
FD10809	210.500 	 0.000 	 90.000
FD10809	210.625 	 0.000 	 90.000
FD10809	210.750 	 0.000 	 90.000
FD10809	210.875 	 0.000 	 90.000
FD10809	211.000 	 0.000 	 90.000
FD10809	211.125 	 0.000 	 90.000
FD10809	211.250 	 0.000 	 90.000
FD10809	211.375 	 0.000 	 90.000
FD10809	211.500 	 0.000 	 90.000
FD10809	211.625 	 0.000 	 90.000
FD10809	211.750 	 0.000 	 90.000
FD10809	211.875 	 0.000 	 90.000
FD10809	212.000 	 0.000 	 90.000
FD10809	212.125 	 0.000 	 90.000
FD10809	212.250 	 0.000 	 90.000
FD10809	212.375 	 0.000 	 90.000
FD10809	212.500 	 0.000 	 90.000
FD10809	212.625 	 0.000 	 90.000
FD10809	212.750 	 0.000 	 90.000
FD10809	212.875 	 0.000 	 90.000
FD10809	213.000 	 0.000 	 90.000
FD10809	213.125 	 0.000 	 90.000
FD10809	213.250 	 0.000 	 90.000
FD10809	213.375 	 0.000 	 90.000
FD10809	213.500 	 0.000 	 90.000
FD10809	213.625 	 0.000 	 90.000
FD10809	213.750 	 0.000 	 90.000
FD10809	213.875 	 0.000 	 90.000
FD10809	214.000 	 0.000 	 90.000
FD10809	214.125 	 0.000 	 90.000
FD10809	214.250 	 0.000 	 90.000
FD10809	214.375 	 0.000 	 90.000
FD10809	214.500 	 0.000 	 90.000
FD10809	214.625 	 0.000 	 90.000
FD10809	214.750 	 0.000 	 90.000
FD10809	214.875 	 0.000 	 90.000
FD10809	215.000 	 0.000 	 90.000
FD10809	215.125 	 0.000 	 90.000
FD10809	215.250 	 0.000 	 90.000
FD10809	215.375 	 0.000 	 90.000
FD10809	215.500 	 0.000 	 90.000
FD10809	215.625 	 0.000 	 90.000
FD10809	215.750 	 0.000 	 90.000
FD10809	215.875 	 0.000 	 90.000
FD10809	216.000 	 0.000 	 90.000
