#WellName	 Depth.M	 INCL	 AZIM 
WellName	 Depth.M	 INCL	 AZIM 
FD10863	0.000 	 0.000 	 0.000
FD10863	0.125 	 0.000 	 90.000
FD10863	0.250 	 0.000 	 90.000
FD10863	0.375 	 0.000 	 90.000
FD10863	0.500 	 0.000 	 90.000
FD10863	0.625 	 0.000 	 90.000
FD10863	0.750 	 0.000 	 90.000
FD10863	0.875 	 0.000 	 90.000
FD10863	1.000 	 0.000 	 90.000
FD10863	1.125 	 0.000 	 90.000
FD10863	1.250 	 0.000 	 90.000
FD10863	1.375 	 0.000 	 90.000
FD10863	1.500 	 0.000 	 90.000
FD10863	1.625 	 0.000 	 90.000
FD10863	1.750 	 0.000 	 90.000
FD10863	1.875 	 0.000 	 90.000
FD10863	2.000 	 0.000 	 90.000
FD10863	2.125 	 0.000 	 90.000
FD10863	2.250 	 0.000 	 90.000
FD10863	2.375 	 0.000 	 90.000
FD10863	2.500 	 0.000 	 90.000
FD10863	2.625 	 0.000 	 90.000
FD10863	2.750 	 0.000 	 90.000
FD10863	2.875 	 0.000 	 90.000
FD10863	3.000 	 0.000 	 90.000
FD10863	3.125 	 0.000 	 90.000
FD10863	3.250 	 0.000 	 90.000
FD10863	3.375 	 0.000 	 90.000
FD10863	3.500 	 0.000 	 90.000
FD10863	3.625 	 0.000 	 90.000
FD10863	3.750 	 0.000 	 90.000
FD10863	3.875 	 0.000 	 90.000
FD10863	4.000 	 0.000 	 90.000
FD10863	4.125 	 0.000 	 90.000
FD10863	4.250 	 0.000 	 90.000
FD10863	4.375 	 0.000 	 90.000
FD10863	4.500 	 0.000 	 90.000
FD10863	4.625 	 0.000 	 90.000
FD10863	4.750 	 0.000 	 90.000
FD10863	4.875 	 0.000 	 90.000
FD10863	5.000 	 0.000 	 90.000
FD10863	5.125 	 0.000 	 90.000
FD10863	5.250 	 0.000 	 90.000
FD10863	5.375 	 0.000 	 90.000
FD10863	5.500 	 0.000 	 90.000
FD10863	5.625 	 0.000 	 90.000
FD10863	5.750 	 0.000 	 90.000
FD10863	5.875 	 0.000 	 90.000
FD10863	6.000 	 0.000 	 90.000
FD10863	6.125 	 0.000 	 90.000
FD10863	6.250 	 0.000 	 90.000
FD10863	6.375 	 0.000 	 90.000
FD10863	6.500 	 0.000 	 90.000
FD10863	6.625 	 0.000 	 90.000
FD10863	6.750 	 0.000 	 90.000
FD10863	6.875 	 0.000 	 90.000
FD10863	7.000 	 0.000 	 90.000
FD10863	7.125 	 0.000 	 90.000
FD10863	7.250 	 0.000 	 90.000
FD10863	7.375 	 0.000 	 90.000
FD10863	7.500 	 0.000 	 90.000
FD10863	7.625 	 0.000 	 90.000
FD10863	7.750 	 0.000 	 90.000
FD10863	7.875 	 0.000 	 90.000
FD10863	8.000 	 0.000 	 90.000
FD10863	8.125 	 0.000 	 90.000
FD10863	8.250 	 0.000 	 90.000
FD10863	8.375 	 0.000 	 90.000
FD10863	8.500 	 0.000 	 90.000
FD10863	8.625 	 0.000 	 90.000
FD10863	8.750 	 0.000 	 90.000
FD10863	8.875 	 0.000 	 90.000
FD10863	9.000 	 0.000 	 90.000
FD10863	9.125 	 0.000 	 90.000
FD10863	9.250 	 0.000 	 90.000
FD10863	9.375 	 0.000 	 90.000
FD10863	9.500 	 0.000 	 90.000
FD10863	9.625 	 0.000 	 90.000
FD10863	9.750 	 0.000 	 90.000
FD10863	9.875 	 0.000 	 90.000
FD10863	10.000 	 0.000 	 90.000
FD10863	10.125 	 0.000 	 90.000
FD10863	10.250 	 0.000 	 90.000
FD10863	10.375 	 0.000 	 90.000
FD10863	10.500 	 0.000 	 90.000
FD10863	10.625 	 0.000 	 90.000
FD10863	10.750 	 0.000 	 90.000
FD10863	10.875 	 0.000 	 90.000
FD10863	11.000 	 0.000 	 90.000
FD10863	11.125 	 0.000 	 90.000
FD10863	11.250 	 0.000 	 90.000
FD10863	11.375 	 0.000 	 90.000
FD10863	11.500 	 0.000 	 90.000
FD10863	11.625 	 0.000 	 90.000
FD10863	11.750 	 0.000 	 90.000
FD10863	11.875 	 0.000 	 90.000
FD10863	12.000 	 0.000 	 90.000
FD10863	12.125 	 0.000 	 90.000
FD10863	12.250 	 0.000 	 90.000
FD10863	12.375 	 0.000 	 90.000
FD10863	12.500 	 0.000 	 90.000
FD10863	12.625 	 0.000 	 90.000
FD10863	12.750 	 0.000 	 90.000
FD10863	12.875 	 0.000 	 90.000
FD10863	13.000 	 0.000 	 90.000
FD10863	13.125 	 0.000 	 90.000
FD10863	13.250 	 0.000 	 90.000
FD10863	13.375 	 0.000 	 90.000
FD10863	13.500 	 0.000 	 90.000
FD10863	13.625 	 0.000 	 90.000
FD10863	13.750 	 0.000 	 90.000
FD10863	13.875 	 0.000 	 90.000
FD10863	14.000 	 0.000 	 90.000
FD10863	14.125 	 0.000 	 90.000
FD10863	14.250 	 0.000 	 90.000
FD10863	14.375 	 0.000 	 90.000
FD10863	14.500 	 0.000 	 90.000
FD10863	14.625 	 0.000 	 90.000
FD10863	14.750 	 0.000 	 90.000
FD10863	14.875 	 0.000 	 90.000
FD10863	15.000 	 0.000 	 90.000
FD10863	15.125 	 0.000 	 90.000
FD10863	15.250 	 0.000 	 90.000
FD10863	15.375 	 0.000 	 90.000
FD10863	15.500 	 0.000 	 90.000
FD10863	15.625 	 0.000 	 90.000
FD10863	15.750 	 0.000 	 90.000
FD10863	15.875 	 0.000 	 90.000
FD10863	16.000 	 0.000 	 90.000
FD10863	16.125 	 0.000 	 90.000
FD10863	16.250 	 0.000 	 90.000
FD10863	16.375 	 0.000 	 90.000
FD10863	16.500 	 0.000 	 90.000
FD10863	16.625 	 0.000 	 90.000
FD10863	16.750 	 0.000 	 90.000
FD10863	16.875 	 0.000 	 90.000
FD10863	17.000 	 0.000 	 90.000
FD10863	17.125 	 0.000 	 90.000
FD10863	17.250 	 0.000 	 90.000
FD10863	17.375 	 0.000 	 90.000
FD10863	17.500 	 0.000 	 90.000
FD10863	17.625 	 0.000 	 90.000
FD10863	17.750 	 0.000 	 90.000
FD10863	17.875 	 0.000 	 90.000
FD10863	18.000 	 0.000 	 90.000
FD10863	18.125 	 0.000 	 90.000
FD10863	18.250 	 0.000 	 90.000
FD10863	18.375 	 0.000 	 90.000
FD10863	18.500 	 0.000 	 90.000
FD10863	18.625 	 0.000 	 90.000
FD10863	18.750 	 0.000 	 90.000
FD10863	18.875 	 0.000 	 90.000
FD10863	19.000 	 0.000 	 90.000
FD10863	19.125 	 0.000 	 90.000
FD10863	19.250 	 0.000 	 90.000
FD10863	19.375 	 0.000 	 90.000
FD10863	19.500 	 0.000 	 90.000
FD10863	19.625 	 0.000 	 90.000
FD10863	19.750 	 0.000 	 90.000
FD10863	19.875 	 0.000 	 90.000
FD10863	20.000 	 0.000 	 90.000
FD10863	20.125 	 0.000 	 90.000
FD10863	20.250 	 0.000 	 90.000
FD10863	20.375 	 0.000 	 90.000
FD10863	20.500 	 0.000 	 90.000
FD10863	20.625 	 0.000 	 90.000
FD10863	20.750 	 0.000 	 90.000
FD10863	20.875 	 0.000 	 90.000
FD10863	21.000 	 0.000 	 90.000
FD10863	21.125 	 0.000 	 90.000
FD10863	21.250 	 0.000 	 90.000
FD10863	21.375 	 0.000 	 90.000
FD10863	21.500 	 0.000 	 90.000
FD10863	21.625 	 0.000 	 90.000
FD10863	21.750 	 0.000 	 90.000
FD10863	21.875 	 0.000 	 90.000
FD10863	22.000 	 0.000 	 90.000
FD10863	22.125 	 0.000 	 90.000
FD10863	22.250 	 0.000 	 90.000
FD10863	22.375 	 0.000 	 90.000
FD10863	22.500 	 0.000 	 90.000
FD10863	22.625 	 0.000 	 90.000
FD10863	22.750 	 0.000 	 90.000
FD10863	22.875 	 0.000 	 90.000
FD10863	23.000 	 0.000 	 90.000
FD10863	23.125 	 0.000 	 90.000
FD10863	23.250 	 0.000 	 90.000
FD10863	23.375 	 0.000 	 90.000
FD10863	23.500 	 0.000 	 90.000
FD10863	23.625 	 0.000 	 90.000
FD10863	23.750 	 0.000 	 90.000
FD10863	23.875 	 0.000 	 90.000
FD10863	24.000 	 0.000 	 90.000
FD10863	24.125 	 0.000 	 90.000
FD10863	24.250 	 0.000 	 90.000
FD10863	24.375 	 0.000 	 90.000
FD10863	24.500 	 0.000 	 90.000
FD10863	24.625 	 0.000 	 90.000
FD10863	24.750 	 0.000 	 90.000
FD10863	24.875 	 0.000 	 90.000
FD10863	25.000 	 0.000 	 90.000
FD10863	25.125 	 0.000 	 90.000
FD10863	25.250 	 0.000 	 90.000
FD10863	25.375 	 0.000 	 90.000
FD10863	25.500 	 0.000 	 90.000
FD10863	25.625 	 0.000 	 90.000
FD10863	25.750 	 0.000 	 90.000
FD10863	25.875 	 0.000 	 90.000
FD10863	26.000 	 0.000 	 90.000
FD10863	26.125 	 0.000 	 90.000
FD10863	26.250 	 0.000 	 90.000
FD10863	26.375 	 0.000 	 90.000
FD10863	26.500 	 0.000 	 90.000
FD10863	26.625 	 0.000 	 90.000
FD10863	26.750 	 0.000 	 90.000
FD10863	26.875 	 0.000 	 90.000
FD10863	27.000 	 0.000 	 90.000
FD10863	27.125 	 0.000 	 90.000
FD10863	27.250 	 0.000 	 90.000
FD10863	27.375 	 0.000 	 90.000
FD10863	27.500 	 0.000 	 90.000
FD10863	27.625 	 0.000 	 90.000
FD10863	27.750 	 0.000 	 90.000
FD10863	27.875 	 0.000 	 90.000
FD10863	28.000 	 0.000 	 90.000
FD10863	28.125 	 0.000 	 90.000
FD10863	28.250 	 0.000 	 90.000
FD10863	28.375 	 0.000 	 90.000
FD10863	28.500 	 0.000 	 90.000
FD10863	28.625 	 0.000 	 90.000
FD10863	28.750 	 0.000 	 90.000
FD10863	28.875 	 0.000 	 90.000
FD10863	29.000 	 0.000 	 90.000
FD10863	29.125 	 0.000 	 90.000
FD10863	29.250 	 0.000 	 90.000
FD10863	29.375 	 0.000 	 90.000
FD10863	29.500 	 0.000 	 90.000
FD10863	29.625 	 0.000 	 90.000
FD10863	29.750 	 0.000 	 90.000
FD10863	29.875 	 0.000 	 90.000
FD10863	30.000 	 0.000 	 90.000
FD10863	30.125 	 0.000 	 90.000
FD10863	30.250 	 0.000 	 90.000
FD10863	30.375 	 0.000 	 90.000
FD10863	30.500 	 0.000 	 90.000
FD10863	30.625 	 0.000 	 90.000
FD10863	30.750 	 0.000 	 90.000
FD10863	30.875 	 0.000 	 90.000
FD10863	31.000 	 0.000 	 90.000
FD10863	31.125 	 0.000 	 90.000
FD10863	31.250 	 0.000 	 90.000
FD10863	31.375 	 0.000 	 90.000
FD10863	31.500 	 0.000 	 90.000
FD10863	31.625 	 0.000 	 90.000
FD10863	31.750 	 0.000 	 90.000
FD10863	31.875 	 0.000 	 90.000
FD10863	32.000 	 0.000 	 90.000
FD10863	32.125 	 0.000 	 90.000
FD10863	32.250 	 0.000 	 90.000
FD10863	32.375 	 0.000 	 90.000
FD10863	32.500 	 0.000 	 90.000
FD10863	32.625 	 0.000 	 90.000
FD10863	32.750 	 0.000 	 90.000
FD10863	32.875 	 0.000 	 90.000
FD10863	33.000 	 0.000 	 90.000
FD10863	33.125 	 0.000 	 90.000
FD10863	33.250 	 0.000 	 90.000
FD10863	33.375 	 0.000 	 90.000
FD10863	33.500 	 0.000 	 90.000
FD10863	33.625 	 0.000 	 90.000
FD10863	33.750 	 0.000 	 90.000
FD10863	33.875 	 0.000 	 90.000
FD10863	34.000 	 0.000 	 90.000
FD10863	34.125 	 0.929 	 50.044
FD10863	34.250 	 0.929 	 49.298
FD10863	34.375 	 0.929 	 48.508
FD10863	34.500 	 0.929 	 47.743
FD10863	34.625 	 0.929 	 47.060
FD10863	34.750 	 0.929 	 46.495
FD10863	34.875 	 0.929 	 46.022
FD10863	35.000 	 0.929 	 45.570
FD10863	35.125 	 0.929 	 45.077
FD10863	35.250 	 0.929 	 44.496
FD10863	35.375 	 0.929 	 43.822
FD10863	35.500 	 0.929 	 43.063
FD10863	35.625 	 0.929 	 42.259
FD10863	35.750 	 0.929 	 41.491
FD10863	35.875 	 0.929 	 40.829
FD10863	36.000 	 0.929 	 40.328
FD10863	36.125 	 0.932 	 39.977
FD10863	36.250 	 0.941 	 39.731
FD10863	36.375 	 0.954 	 39.551
FD10863	36.500 	 0.972 	 39.401
FD10863	36.625 	 0.990 	 39.286
FD10863	36.750 	 1.002 	 39.185
FD10863	36.875 	 1.007 	 39.054
FD10863	37.000 	 1.009 	 38.869
FD10863	37.125 	 1.010 	 38.624
FD10863	37.250 	 1.013 	 38.360
FD10863	37.375 	 1.018 	 38.107
FD10863	37.500 	 1.026 	 37.916
FD10863	37.625 	 1.034 	 37.843
FD10863	37.750 	 1.044 	 37.889
FD10863	37.875 	 1.057 	 38.024
FD10863	38.000 	 1.073 	 38.176
FD10863	38.125 	 1.090 	 38.309
FD10863	38.250 	 1.108 	 38.410
FD10863	38.375 	 1.128 	 38.486
FD10863	38.500 	 1.149 	 38.575
FD10863	38.625 	 1.170 	 38.681
FD10863	38.750 	 1.189 	 38.737
FD10863	38.875 	 1.205 	 38.663
FD10863	39.000 	 1.218 	 38.419
FD10863	39.125 	 1.230 	 38.105
FD10863	39.250 	 1.241 	 37.904
FD10863	39.375 	 1.254 	 37.902
FD10863	39.500 	 1.270 	 38.074
FD10863	39.625 	 1.289 	 38.328
FD10863	39.750 	 1.310 	 38.574
FD10863	39.875 	 1.334 	 38.805
FD10863	40.000 	 1.358 	 39.039
FD10863	40.125 	 1.383 	 39.296
FD10863	40.250 	 1.405 	 39.572
FD10863	40.375 	 1.423 	 39.842
FD10863	40.500 	 1.437 	 40.090
FD10863	40.625 	 1.449 	 40.323
FD10863	40.750 	 1.459 	 40.555
FD10863	40.875 	 1.472 	 40.799
FD10863	41.000 	 1.485 	 41.057
FD10863	41.125 	 1.501 	 41.334
FD10863	41.250 	 1.517 	 41.634
FD10863	41.375 	 1.534 	 41.935
FD10863	41.500 	 1.554 	 42.230
FD10863	41.625 	 1.576 	 42.522
FD10863	41.750 	 1.604 	 42.828
FD10863	41.875 	 1.634 	 43.161
FD10863	42.000 	 1.664 	 43.514
FD10863	42.125 	 1.691 	 43.875
FD10863	42.250 	 1.715 	 44.234
FD10863	42.375 	 1.735 	 44.576
FD10863	42.500 	 1.753 	 44.898
FD10863	42.625 	 1.769 	 45.190
FD10863	42.750 	 1.783 	 45.446
FD10863	42.875 	 1.796 	 45.673
FD10863	43.000 	 1.807 	 45.884
FD10863	43.125 	 1.818 	 46.101
FD10863	43.250 	 1.830 	 46.343
FD10863	43.375 	 1.846 	 46.620
FD10863	43.500 	 1.865 	 46.933
FD10863	43.625 	 1.885 	 47.260
FD10863	43.750 	 1.905 	 47.542
FD10863	43.875 	 1.926 	 47.717
FD10863	44.000 	 1.946 	 47.780
FD10863	44.125 	 1.964 	 47.790
FD10863	44.250 	 1.982 	 47.857
FD10863	44.375 	 1.999 	 48.035
FD10863	44.500 	 2.018 	 48.294
FD10863	44.625 	 2.038 	 48.576
FD10863	44.750 	 2.057 	 48.844
FD10863	44.875 	 2.076 	 49.112
FD10863	45.000 	 2.094 	 49.401
FD10863	45.125 	 2.113 	 49.719
FD10863	45.250 	 2.134 	 50.059
FD10863	45.375 	 2.158 	 50.404
FD10863	45.500 	 2.186 	 50.737
FD10863	45.625 	 2.217 	 51.051
FD10863	45.750 	 2.251 	 51.330
FD10863	45.875 	 2.284 	 51.564
FD10863	46.000 	 2.315 	 51.747
FD10863	46.125 	 2.341 	 51.888
FD10863	46.250 	 2.367 	 52.030
FD10863	46.375 	 2.391 	 52.211
FD10863	46.500 	 2.414 	 52.447
FD10863	46.625 	 2.434 	 52.700
FD10863	46.750 	 2.453 	 52.877
FD10863	46.875 	 2.472 	 52.929
FD10863	47.000 	 2.492 	 52.879
FD10863	47.125 	 2.517 	 52.838
FD10863	47.250 	 2.545 	 52.890
FD10863	47.375 	 2.575 	 53.040
FD10863	47.500 	 2.606 	 53.236
FD10863	47.625 	 2.637 	 53.431
FD10863	47.750 	 2.665 	 53.627
FD10863	47.875 	 2.692 	 53.846
FD10863	48.000 	 2.720 	 54.114
FD10863	48.125 	 2.750 	 54.431
FD10863	48.250 	 2.784 	 54.790
FD10863	48.375 	 2.827 	 55.175
FD10863	48.500 	 2.876 	 55.546
FD10863	48.625 	 2.928 	 55.837
FD10863	48.750 	 2.980 	 55.963
FD10863	48.875 	 3.023 	 55.902
FD10863	49.000 	 3.061 	 55.747
FD10863	49.125 	 3.094 	 55.651
FD10863	49.250 	 3.125 	 55.718
FD10863	49.375 	 3.156 	 55.941
FD10863	49.500 	 3.189 	 56.244
FD10863	49.625 	 3.225 	 56.534
FD10863	49.750 	 3.266 	 56.738
FD10863	49.875 	 3.311 	 56.843
FD10863	50.000 	 3.355 	 56.886
FD10863	50.125 	 3.398 	 56.949
FD10863	50.250 	 3.436 	 57.095
FD10863	50.375 	 3.470 	 57.333
FD10863	50.500 	 3.502 	 57.631
FD10863	50.625 	 3.532 	 57.939
FD10863	50.750 	 3.565 	 58.216
FD10863	50.875 	 3.599 	 58.448
FD10863	51.000 	 3.633 	 58.650
FD10863	51.125 	 3.666 	 58.836
FD10863	51.250 	 3.698 	 58.977
FD10863	51.375 	 3.730 	 59.029
FD10863	51.500 	 3.763 	 58.981
FD10863	51.625 	 3.797 	 58.902
FD10863	51.750 	 3.834 	 58.916
FD10863	51.875 	 3.873 	 59.070
FD10863	52.000 	 3.912 	 59.328
FD10863	52.125 	 3.952 	 59.609
FD10863	52.250 	 3.990 	 59.851
FD10863	52.375 	 4.030 	 60.057
FD10863	52.500 	 4.071 	 60.229
FD10863	52.625 	 4.112 	 60.364
FD10863	52.750 	 4.152 	 60.463
FD10863	52.875 	 4.191 	 60.550
FD10863	53.000 	 4.226 	 60.682
FD10863	53.125 	 4.259 	 60.891
FD10863	53.250 	 4.293 	 61.162
FD10863	53.375 	 4.328 	 61.442
FD10863	53.500 	 4.364 	 61.686
FD10863	53.625 	 4.401 	 61.899
FD10863	53.750 	 4.439 	 62.134
FD10863	53.875 	 4.476 	 62.423
FD10863	54.000 	 4.514 	 62.758
FD10863	54.125 	 4.550 	 63.096
FD10863	54.250 	 4.589 	 63.404
FD10863	54.375 	 4.628 	 63.690
FD10863	54.500 	 4.669 	 63.974
FD10863	54.625 	 4.711 	 64.256
FD10863	54.750 	 4.751 	 64.531
FD10863	54.875 	 4.790 	 64.799
FD10863	55.000 	 4.826 	 65.055
FD10863	55.125 	 4.862 	 65.287
FD10863	55.250 	 4.896 	 65.469
FD10863	55.375 	 4.930 	 65.603
FD10863	55.500 	 4.965 	 65.720
FD10863	55.625 	 5.001 	 65.837
FD10863	55.750 	 5.038 	 65.952
FD10863	55.875 	 5.079 	 66.050
FD10863	56.000 	 5.121 	 66.145
FD10863	56.125 	 5.165 	 66.256
FD10863	56.250 	 5.208 	 66.405
FD10863	56.375 	 5.247 	 66.603
FD10863	56.500 	 5.284 	 66.834
FD10863	56.625 	 5.322 	 67.083
FD10863	56.750 	 5.362 	 67.322
FD10863	56.875 	 5.404 	 67.541
FD10863	57.000 	 5.447 	 67.753
FD10863	57.125 	 5.493 	 67.965
FD10863	57.250 	 5.543 	 68.176
FD10863	57.375 	 5.597 	 68.373
FD10863	57.500 	 5.651 	 68.538
FD10863	57.625 	 5.698 	 68.657
FD10863	57.750 	 5.741 	 68.720
FD10863	57.875 	 5.784 	 68.740
FD10863	58.000 	 5.832 	 68.754
FD10863	58.125 	 5.891 	 68.795
FD10863	58.250 	 5.955 	 68.867
FD10863	58.375 	 6.022 	 68.953
FD10863	58.500 	 6.083 	 69.047
FD10863	58.625 	 6.138 	 69.175
FD10863	58.750 	 6.188 	 69.359
FD10863	58.875 	 6.237 	 69.598
FD10863	59.000 	 6.287 	 69.861
FD10863	59.125 	 6.337 	 70.111
FD10863	59.250 	 6.388 	 70.330
FD10863	59.375 	 6.438 	 70.516
FD10863	59.500 	 6.488 	 70.670
FD10863	59.625 	 6.536 	 70.798
FD10863	59.750 	 6.585 	 70.909
FD10863	59.875 	 6.634 	 71.016
FD10863	60.000 	 6.683 	 71.127
FD10863	60.125 	 6.730 	 71.237
FD10863	60.250 	 6.776 	 71.342
FD10863	60.375 	 6.823 	 71.445
FD10863	60.500 	 6.873 	 71.561
FD10863	60.625 	 6.927 	 71.694
FD10863	60.750 	 6.984 	 71.847
FD10863	60.875 	 7.040 	 72.007
FD10863	61.000 	 7.092 	 72.148
FD10863	61.125 	 7.138 	 72.243
FD10863	61.250 	 7.180 	 72.261
FD10863	61.375 	 7.223 	 72.218
FD10863	61.500 	 7.271 	 72.141
FD10863	61.625 	 7.326 	 72.054
FD10863	61.750 	 7.384 	 71.970
FD10863	61.875 	 7.442 	 71.889
FD10863	62.000 	 7.495 	 71.847
FD10863	62.125 	 7.543 	 71.874
FD10863	62.250 	 7.588 	 71.971
FD10863	62.375 	 7.630 	 72.110
FD10863	62.500 	 7.673 	 72.252
FD10863	62.625 	 7.717 	 72.375
FD10863	62.750 	 7.759 	 72.488
FD10863	62.875 	 7.799 	 72.594
FD10863	63.000 	 7.838 	 72.712
FD10863	63.125 	 7.876 	 72.852
FD10863	63.250 	 7.915 	 73.009
FD10863	63.375 	 7.958 	 73.168
FD10863	63.500 	 8.004 	 73.307
FD10863	63.625 	 8.054 	 73.406
FD10863	63.750 	 8.105 	 73.470
FD10863	63.875 	 8.156 	 73.506
FD10863	64.000 	 8.207 	 73.533
FD10863	64.125 	 8.256 	 73.568
FD10863	64.250 	 8.303 	 73.625
FD10863	64.375 	 8.349 	 73.716
FD10863	64.500 	 8.394 	 73.836
FD10863	64.625 	 8.436 	 73.964
FD10863	64.750 	 8.477 	 74.087
FD10863	64.875 	 8.515 	 74.205
FD10863	65.000 	 8.554 	 74.328
FD10863	65.125 	 8.598 	 74.465
FD10863	65.250 	 8.648 	 74.608
FD10863	65.375 	 8.699 	 74.749
FD10863	65.500 	 8.752 	 74.880
FD10863	65.625 	 8.803 	 74.996
FD10863	65.750 	 8.851 	 75.074
FD10863	65.875 	 8.898 	 75.087
FD10863	66.000 	 8.946 	 75.025
FD10863	66.125 	 8.993 	 74.921
FD10863	66.250 	 9.040 	 74.837
FD10863	66.375 	 9.086 	 74.817
FD10863	66.500 	 9.129 	 74.860
FD10863	66.625 	 9.170 	 74.929
FD10863	66.750 	 9.211 	 75.003
FD10863	66.875 	 9.252 	 75.080
FD10863	67.000 	 9.292 	 75.158
FD10863	67.125 	 9.334 	 75.233
FD10863	67.250 	 9.374 	 75.291
FD10863	67.375 	 9.413 	 75.333
FD10863	67.500 	 9.450 	 75.377
FD10863	67.625 	 9.484 	 75.430
FD10863	67.750 	 9.517 	 75.489
FD10863	67.875 	 9.554 	 75.560
FD10863	68.000 	 9.589 	 75.665
FD10863	68.125 	 9.625 	 75.823
FD10863	68.250 	 9.657 	 76.026
FD10863	68.375 	 9.686 	 76.239
FD10863	68.500 	 9.719 	 76.430
FD10863	68.625 	 9.757 	 76.586
FD10863	68.750 	 9.798 	 76.696
FD10863	68.875 	 9.841 	 76.753
FD10863	69.000 	 9.884 	 76.763
FD10863	69.125 	 9.927 	 76.746
FD10863	69.250 	 9.965 	 76.738
FD10863	69.375 	 10.002 	 76.759
FD10863	69.500 	 10.039 	 76.814
FD10863	69.625 	 10.079 	 76.901
FD10863	69.750 	 10.118 	 76.997
FD10863	69.875 	 10.157 	 77.090
FD10863	70.000 	 10.195 	 77.167
FD10863	70.125 	 10.231 	 77.236
FD10863	70.250 	 10.267 	 77.311
FD10863	70.375 	 10.305 	 77.387
FD10863	70.500 	 10.345 	 77.456
FD10863	70.625 	 10.388 	 77.508
FD10863	70.750 	 10.431 	 77.549
FD10863	70.875 	 10.476 	 77.591
FD10863	71.000 	 10.517 	 77.654
FD10863	71.125 	 10.557 	 77.748
FD10863	71.250 	 10.595 	 77.860
FD10863	71.375 	 10.635 	 77.977
FD10863	71.500 	 10.681 	 78.080
FD10863	71.625 	 10.732 	 78.173
FD10863	71.750 	 10.786 	 78.268
FD10863	71.875 	 10.838 	 78.369
FD10863	72.000 	 10.885 	 78.473
FD10863	72.125 	 10.926 	 78.567
FD10863	72.250 	 10.965 	 78.643
FD10863	72.375 	 11.007 	 78.694
FD10863	72.500 	 11.049 	 78.731
FD10863	72.625 	 11.091 	 78.779
FD10863	72.750 	 11.125 	 78.863
FD10863	72.875 	 11.153 	 78.988
FD10863	73.000 	 11.179 	 79.142
FD10863	73.125 	 11.209 	 79.299
FD10863	73.250 	 11.249 	 79.443
FD10863	73.375 	 11.302 	 79.567
FD10863	73.500 	 11.357 	 79.671
FD10863	73.625 	 11.408 	 79.755
FD10863	73.750 	 11.452 	 79.823
FD10863	73.875 	 11.487 	 79.872
FD10863	74.000 	 11.518 	 79.902
FD10863	74.125 	 11.549 	 79.917
FD10863	74.250 	 11.587 	 79.921
FD10863	74.375 	 11.631 	 79.924
FD10863	74.500 	 11.681 	 79.929
FD10863	74.625 	 11.732 	 79.942
FD10863	74.750 	 11.778 	 79.975
FD10863	74.875 	 11.815 	 80.041
FD10863	75.000 	 11.851 	 80.145
FD10863	75.125 	 11.882 	 80.283
FD10863	75.250 	 11.915 	 80.442
FD10863	75.375 	 11.949 	 80.614
FD10863	75.500 	 11.983 	 80.802
FD10863	75.625 	 12.017 	 81.000
FD10863	75.750 	 12.053 	 81.194
FD10863	75.875 	 12.089 	 81.372
FD10863	76.000 	 12.125 	 81.526
FD10863	76.125 	 12.163 	 81.667
FD10863	76.250 	 12.201 	 81.812
FD10863	76.375 	 12.241 	 81.969
FD10863	76.500 	 12.279 	 82.128
FD10863	76.625 	 12.320 	 82.277
FD10863	76.750 	 12.360 	 82.411
FD10863	76.875 	 12.400 	 82.535
FD10863	77.000 	 12.441 	 82.662
FD10863	77.125 	 12.483 	 82.797
FD10863	77.250 	 12.524 	 82.941
FD10863	77.375 	 12.565 	 83.090
FD10863	77.500 	 12.607 	 83.231
FD10863	77.625 	 12.648 	 83.342
FD10863	77.750 	 12.690 	 83.388
FD10863	77.875 	 12.732 	 83.360
FD10863	78.000 	 12.773 	 83.298
FD10863	78.125 	 12.815 	 83.258
FD10863	78.250 	 12.857 	 83.279
FD10863	78.375 	 12.899 	 83.357
FD10863	78.500 	 12.941 	 83.466
FD10863	78.625 	 12.983 	 83.587
FD10863	78.750 	 13.026 	 83.706
FD10863	78.875 	 13.068 	 83.823
FD10863	79.000 	 13.112 	 83.938
FD10863	79.125 	 13.152 	 84.053
FD10863	79.250 	 13.196 	 84.173
FD10863	79.375 	 13.238 	 84.294
FD10863	79.500 	 13.280 	 84.416
FD10863	79.625 	 13.322 	 84.536
FD10863	79.750 	 13.364 	 84.651
FD10863	79.875 	 13.404 	 84.759
FD10863	80.000 	 13.446 	 84.857
FD10863	80.125 	 13.487 	 84.930
FD10863	80.250 	 13.527 	 84.966
FD10863	80.375 	 13.566 	 84.966
FD10863	80.500 	 13.606 	 84.954
FD10863	80.625 	 13.644 	 84.960
FD10863	80.750 	 13.683 	 84.990
FD10863	80.875 	 13.720 	 85.035
FD10863	81.000 	 13.758 	 85.081
FD10863	81.125 	 13.796 	 85.131
FD10863	81.250 	 13.832 	 85.201
FD10863	81.375 	 13.869 	 85.288
FD10863	81.500 	 13.907 	 85.384
FD10863	81.625 	 13.943 	 85.481
FD10863	81.750 	 13.979 	 85.581
FD10863	81.875 	 14.015 	 85.696
FD10863	82.000 	 14.054 	 85.829
FD10863	82.125 	 14.091 	 85.965
FD10863	82.250 	 14.128 	 86.096
FD10863	82.375 	 14.166 	 86.219
FD10863	82.500 	 14.205 	 86.323
FD10863	82.625 	 14.245 	 86.390
FD10863	82.750 	 14.285 	 86.402
FD10863	82.875 	 14.325 	 86.373
FD10863	83.000 	 14.368 	 86.335
FD10863	83.125 	 14.408 	 86.321
FD10863	83.250 	 14.450 	 86.336
FD10863	83.375 	 14.494 	 86.370
FD10863	83.500 	 14.536 	 86.419
FD10863	83.625 	 14.580 	 86.488
FD10863	83.750 	 14.622 	 86.580
FD10863	83.875 	 14.667 	 86.691
FD10863	84.000 	 14.712 	 86.813
FD10863	84.125 	 14.755 	 86.941
FD10863	84.250 	 14.799 	 87.074
FD10863	84.375 	 14.842 	 87.212
FD10863	84.500 	 14.886 	 87.350
FD10863	84.625 	 14.929 	 87.484
FD10863	84.750 	 14.971 	 87.605
FD10863	84.875 	 15.014 	 87.708
FD10863	85.000 	 15.058 	 87.783
FD10863	85.125 	 15.098 	 87.834
FD10863	85.250 	 15.142 	 87.875
FD10863	85.375 	 15.184 	 87.919
FD10863	85.500 	 15.225 	 87.984
FD10863	85.625 	 15.268 	 88.066
FD10863	85.750 	 15.310 	 88.161
FD10863	85.875 	 15.352 	 88.256
FD10863	86.000 	 15.393 	 88.339
FD10863	86.125 	 15.437 	 88.416
FD10863	86.250 	 15.477 	 88.493
FD10863	86.375 	 15.519 	 88.591
FD10863	86.500 	 15.561 	 88.700
FD10863	86.625 	 15.602 	 88.796
FD10863	86.750 	 15.643 	 88.853
FD10863	86.875 	 15.685 	 88.866
FD10863	87.000 	 15.728 	 88.860
FD10863	87.125 	 15.769 	 88.862
FD10863	87.250 	 15.811 	 88.892
FD10863	87.375 	 15.853 	 88.947
FD10863	87.500 	 15.896 	 89.012
FD10863	87.625 	 15.937 	 89.077
FD10863	87.750 	 15.979 	 89.148
FD10863	87.875 	 16.023 	 89.230
FD10863	88.000 	 16.064 	 89.328
FD10863	88.125 	 16.108 	 89.428
FD10863	88.250 	 16.149 	 89.515
FD10863	88.375 	 16.193 	 89.580
FD10863	88.500 	 16.236 	 89.621
FD10863	88.625 	 16.276 	 89.648
FD10863	88.750 	 16.319 	 89.675
FD10863	88.875 	 16.361 	 89.711
FD10863	89.000 	 16.401 	 89.755
FD10863	89.125 	 16.442 	 89.789
FD10863	89.250 	 16.482 	 89.797
FD10863	89.375 	 16.520 	 89.779
FD10863	89.500 	 16.560 	 89.747
FD10863	89.625 	 16.596 	 89.707
FD10863	89.750 	 16.634 	 89.645
FD10863	89.875 	 16.669 	 89.553
FD10863	90.000 	 16.707 	 89.431
FD10863	90.125 	 16.741 	 89.296
FD10863	90.250 	 16.778 	 89.180
FD10863	90.375 	 16.813 	 89.106
FD10863	90.500 	 16.849 	 89.084
FD10863	90.625 	 16.884 	 89.107
FD10863	90.750 	 16.920 	 89.167
FD10863	90.875 	 16.956 	 89.248
FD10863	91.000 	 16.993 	 89.347
FD10863	91.125 	 17.030 	 89.458
FD10863	91.250 	 17.066 	 89.579
FD10863	91.375 	 17.104 	 89.696
FD10863	91.500 	 17.141 	 89.788
FD10863	91.625 	 17.180 	 89.842
FD10863	91.750 	 17.216 	 89.879
FD10863	91.875 	 17.254 	 89.919
FD10863	92.000 	 17.292 	 89.953
FD10863	92.125 	 17.330 	 89.953
FD10863	92.250 	 17.366 	 89.905
FD10863	92.375 	 17.404 	 89.825
FD10863	92.500 	 17.442 	 89.742
FD10863	92.625 	 17.478 	 89.668
FD10863	92.750 	 17.515 	 89.602
FD10863	92.875 	 17.551 	 89.546
FD10863	93.000 	 17.589 	 89.510
FD10863	93.125 	 17.626 	 89.511
FD10863	93.250 	 17.662 	 89.553
FD10863	93.375 	 17.700 	 89.632
FD10863	93.500 	 17.736 	 89.723
FD10863	93.625 	 17.774 	 89.799
FD10863	93.750 	 17.813 	 89.847
FD10863	93.875 	 17.850 	 89.878
FD10863	94.000 	 17.889 	 89.911
FD10863	94.125 	 17.928 	 89.965
FD10863	94.250 	 17.967 	 90.044
FD10863	94.375 	 18.007 	 90.131
FD10863	94.500 	 18.047 	 90.205
FD10863	94.625 	 18.087 	 90.262
FD10863	94.750 	 18.128 	 90.315
FD10863	94.875 	 18.171 	 90.381
FD10863	95.000 	 18.210 	 90.458
FD10863	95.125 	 18.252 	 90.534
FD10863	95.250 	 18.294 	 90.588
FD10863	95.375 	 18.336 	 90.619
FD10863	95.500 	 18.379 	 90.635
FD10863	95.625 	 18.421 	 90.647
FD10863	95.750 	 18.462 	 90.662
FD10863	95.875 	 18.507 	 90.673
FD10863	96.000 	 18.548 	 90.681
FD10863	96.125 	 18.590 	 90.682
FD10863	96.250 	 18.631 	 90.683
FD10863	96.375 	 18.674 	 90.685
FD10863	96.500 	 18.714 	 90.683
FD10863	96.625 	 18.755 	 90.668
FD10863	96.750 	 18.794 	 90.640
FD10863	96.875 	 18.835 	 90.605
FD10863	97.000 	 18.874 	 90.572
FD10863	97.125 	 18.913 	 90.547
FD10863	97.250 	 18.951 	 90.528
FD10863	97.375 	 18.988 	 90.514
FD10863	97.500 	 19.027 	 90.492
FD10863	97.625 	 19.063 	 90.449
FD10863	97.750 	 19.103 	 90.370
FD10863	97.875 	 19.139 	 90.262
FD10863	98.000 	 19.178 	 90.163
FD10863	98.125 	 19.214 	 90.118
FD10863	98.250 	 19.253 	 90.151
FD10863	98.375 	 19.291 	 90.250
FD10863	98.500 	 19.331 	 90.369
FD10863	98.625 	 19.370 	 90.470
FD10863	98.750 	 19.407 	 90.533
FD10863	98.875 	 19.450 	 90.564
FD10863	99.000 	 19.487 	 90.584
FD10863	99.125 	 19.528 	 90.605
FD10863	99.250 	 19.570 	 90.630
FD10863	99.375 	 19.610 	 90.644
FD10863	99.500 	 19.653 	 90.639
FD10863	99.625 	 19.692 	 90.617
FD10863	99.750 	 19.733 	 90.588
FD10863	99.875 	 19.774 	 90.570
FD10863	100.000 	 19.816 	 90.573
FD10863	100.125 	 19.856 	 90.597
FD10863	100.250 	 19.898 	 90.630
FD10863	100.375 	 19.936 	 90.654
FD10863	100.500 	 19.978 	 90.672
FD10863	100.625 	 20.018 	 90.703
FD10863	100.750 	 20.060 	 90.754
FD10863	100.875 	 20.099 	 90.816
FD10863	101.000 	 20.141 	 90.865
FD10863	101.125 	 20.183 	 90.885
FD10863	101.250 	 20.225 	 90.885
FD10863	101.375 	 20.268 	 90.889
FD10863	101.500 	 20.310 	 90.923
FD10863	101.625 	 20.355 	 90.994
FD10863	101.750 	 20.400 	 91.093
FD10863	101.875 	 20.445 	 91.204
FD10863	102.000 	 20.491 	 91.312
FD10863	102.125 	 20.537 	 91.416
FD10863	102.250 	 20.585 	 91.512
FD10863	102.375 	 20.633 	 91.597
FD10863	102.500 	 20.683 	 91.674
FD10863	102.625 	 20.732 	 91.736
FD10863	102.750 	 20.782 	 91.779
FD10863	102.875 	 20.832 	 91.805
FD10863	103.000 	 20.883 	 91.827
FD10863	103.125 	 20.935 	 91.859
FD10863	103.250 	 20.987 	 91.901
FD10863	103.375 	 21.039 	 91.944
FD10863	103.500 	 21.092 	 91.989
FD10863	103.625 	 21.144 	 92.040
FD10863	103.750 	 21.196 	 92.095
FD10863	103.875 	 21.249 	 92.144
FD10863	104.000 	 21.301 	 92.172
FD10863	104.125 	 21.353 	 92.177
FD10863	104.250 	 21.405 	 92.170
FD10863	104.375 	 21.456 	 92.164
FD10863	104.500 	 21.509 	 92.159
FD10863	104.625 	 21.562 	 92.154
FD10863	104.750 	 21.613 	 92.149
FD10863	104.875 	 21.665 	 92.154
FD10863	105.000 	 21.717 	 92.183
FD10863	105.125 	 21.766 	 92.234
FD10863	105.250 	 21.818 	 92.290
FD10863	105.375 	 21.867 	 92.342
FD10863	105.500 	 21.917 	 92.392
FD10863	105.625 	 21.966 	 92.442
FD10863	105.750 	 22.014 	 92.498
FD10863	105.875 	 22.061 	 92.546
FD10863	106.000 	 22.110 	 92.579
FD10863	106.125 	 22.155 	 92.606
FD10863	106.250 	 22.200 	 92.630
FD10863	106.375 	 22.246 	 92.654
FD10863	106.500 	 22.289 	 92.667
FD10863	106.625 	 22.333 	 92.660
FD10863	106.750 	 22.373 	 92.637
FD10863	106.875 	 22.415 	 92.615
FD10863	107.000 	 22.455 	 92.606
FD10863	107.125 	 22.495 	 92.610
FD10863	107.250 	 22.531 	 92.620
FD10863	107.375 	 22.570 	 92.630
FD10863	107.500 	 22.607 	 92.643
FD10863	107.625 	 22.644 	 92.661
FD10863	107.750 	 22.680 	 92.691
FD10863	107.875 	 22.716 	 92.735
FD10863	108.000 	 22.752 	 92.781
FD10863	108.125 	 22.788 	 92.828
FD10863	108.250 	 22.824 	 92.866
FD10863	108.375 	 22.859 	 92.900
FD10863	108.500 	 22.896 	 92.941
FD10863	108.625 	 22.932 	 92.980
FD10863	108.750 	 22.969 	 93.010
FD10863	108.875 	 23.005 	 93.030
FD10863	109.000 	 23.041 	 93.045
FD10863	109.125 	 23.077 	 93.056
FD10863	109.250 	 23.114 	 93.041
FD10863	109.375 	 23.153 	 93.000
FD10863	109.500 	 23.190 	 92.943
FD10863	109.625 	 23.227 	 92.891
FD10863	109.750 	 23.265 	 92.861
FD10863	109.875 	 23.303 	 92.845
FD10863	110.000 	 23.343 	 92.837
FD10863	110.125 	 23.382 	 92.835
FD10863	110.250 	 23.421 	 92.851
FD10863	110.375 	 23.461 	 92.890
FD10863	110.500 	 23.501 	 92.952
FD10863	110.625 	 23.542 	 93.022
FD10863	110.750 	 23.582 	 93.080
FD10863	110.875 	 23.624 	 93.126
FD10863	111.000 	 23.666 	 93.159
FD10863	111.125 	 23.708 	 93.188
FD10863	111.250 	 23.750 	 93.225
FD10863	111.375 	 23.794 	 93.271
FD10863	111.500 	 23.835 	 93.319
FD10863	111.625 	 23.879 	 93.354
FD10863	111.750 	 23.921 	 93.356
FD10863	111.875 	 23.963 	 93.330
FD10863	112.000 	 24.006 	 93.299
FD10863	112.125 	 24.048 	 93.286
FD10863	112.250 	 24.090 	 93.300
FD10863	112.375 	 24.132 	 93.327
FD10863	112.500 	 24.173 	 93.355
FD10863	112.625 	 24.213 	 93.379
FD10863	112.750 	 24.254 	 93.399
FD10863	112.875 	 24.294 	 93.419
FD10863	113.000 	 24.333 	 93.440
FD10863	113.125 	 24.372 	 93.462
FD10863	113.250 	 24.409 	 93.481
FD10863	113.375 	 24.449 	 93.490
FD10863	113.500 	 24.487 	 93.492
FD10863	113.625 	 24.525 	 93.489
FD10863	113.750 	 24.563 	 93.481
FD10863	113.875 	 24.600 	 93.466
FD10863	114.000 	 24.636 	 93.451
FD10863	114.125 	 24.675 	 93.453
FD10863	114.250 	 24.713 	 93.486
FD10863	114.375 	 24.750 	 93.546
FD10863	114.500 	 24.787 	 93.603
FD10863	114.625 	 24.825 	 93.638
FD10863	114.750 	 24.864 	 93.644
FD10863	114.875 	 24.902 	 93.627
FD10863	115.000 	 24.940 	 93.604
FD10863	115.125 	 24.980 	 93.575
FD10863	115.250 	 25.018 	 93.559
FD10863	115.375 	 25.058 	 93.562
FD10863	115.500 	 25.097 	 93.580
FD10863	115.625 	 25.135 	 93.603
FD10863	115.750 	 25.174 	 93.620
FD10863	115.875 	 25.214 	 93.629
FD10863	116.000 	 25.253 	 93.643
FD10863	116.125 	 25.291 	 93.668
FD10863	116.250 	 25.331 	 93.705
FD10863	116.375 	 25.370 	 93.756
FD10863	116.500 	 25.409 	 93.816
FD10863	116.625 	 25.446 	 93.882
FD10863	116.750 	 25.486 	 93.943
FD10863	116.875 	 25.524 	 93.996
FD10863	117.000 	 25.563 	 94.043
FD10863	117.125 	 25.599 	 94.098
FD10863	117.250 	 25.640 	 94.172
FD10863	117.375 	 25.675 	 94.264
FD10863	117.500 	 25.714 	 94.360
FD10863	117.625 	 25.752 	 94.446
FD10863	117.750 	 25.789 	 94.513
FD10863	117.875 	 25.825 	 94.555
FD10863	118.000 	 25.863 	 94.572
FD10863	118.125 	 25.899 	 94.560
FD10863	118.250 	 25.938 	 94.533
FD10863	118.375 	 25.972 	 94.508
FD10863	118.500 	 26.010 	 94.502
FD10863	118.625 	 26.045 	 94.517
FD10863	118.750 	 26.080 	 94.546
FD10863	118.875 	 26.115 	 94.587
FD10863	119.000 	 26.152 	 94.634
FD10863	119.125 	 26.185 	 94.678
FD10863	119.250 	 26.219 	 94.716
FD10863	119.375 	 26.252 	 94.739
FD10863	119.500 	 26.286 	 94.753
FD10863	119.625 	 26.317 	 94.774
FD10863	119.750 	 26.349 	 94.803
FD10863	119.875 	 26.381 	 94.845
FD10863	120.000 	 26.412 	 94.880
FD10863	120.125 	 26.439 	 94.906
FD10863	120.250 	 26.469 	 94.929
FD10863	120.375 	 26.494 	 94.959
FD10863	120.500 	 26.525 	 95.007
FD10863	120.625 	 26.550 	 95.066
FD10863	120.750 	 26.575 	 95.126
FD10863	120.875 	 26.599 	 95.182
FD10863	121.000 	 26.619 	 95.242
FD10863	121.125 	 26.642 	 95.313
FD10863	121.250 	 26.661 	 95.395
FD10863	121.375 	 26.686 	 95.474
FD10863	121.500 	 26.716 	 95.529
FD10863	121.625 	 26.752 	 95.554
FD10863	121.750 	 26.790 	 95.556
FD10863	121.875 	 26.829 	 95.556
FD10863	122.000 	 26.864 	 95.570
FD10863	122.125 	 26.901 	 95.602
FD10863	122.250 	 26.936 	 95.643
FD10863	122.375 	 26.972 	 95.685
FD10863	122.500 	 27.005 	 95.721
FD10863	122.625 	 27.040 	 95.748
FD10863	122.750 	 27.072 	 95.769
FD10863	122.875 	 27.108 	 95.781
FD10863	123.000 	 27.143 	 95.798
FD10863	123.125 	 27.186 	 95.820
FD10863	123.250 	 27.232 	 95.855
FD10863	123.375 	 27.282 	 95.904
FD10863	123.500 	 27.331 	 95.951
FD10863	123.625 	 27.376 	 95.988
FD10863	123.750 	 27.415 	 96.001
FD10863	123.875 	 27.450 	 95.989
FD10863	124.000 	 27.488 	 95.965
FD10863	124.125 	 27.526 	 95.943
FD10863	124.250 	 27.567 	 95.939
FD10863	124.375 	 27.613 	 95.952
FD10863	124.500 	 27.657 	 95.984
FD10863	124.625 	 27.698 	 96.031
FD10863	124.750 	 27.737 	 96.089
FD10863	124.875 	 27.772 	 96.152
FD10863	125.000 	 27.814 	 96.207
FD10863	125.125 	 27.859 	 96.245
FD10863	125.250 	 27.905 	 96.267
FD10863	125.375 	 27.947 	 96.286
FD10863	125.500 	 27.982 	 96.308
FD10863	125.625 	 28.016 	 96.330
FD10863	125.750 	 28.045 	 96.340
FD10863	125.875 	 28.077 	 96.332
FD10863	126.000 	 28.114 	 96.312
FD10863	126.125 	 28.155 	 96.300
FD10863	126.250 	 28.198 	 96.313
FD10863	126.375 	 28.245 	 96.356
FD10863	126.500 	 28.282 	 96.420
FD10863	126.625 	 28.313 	 96.489
FD10863	126.750 	 28.335 	 96.560
FD10863	126.875 	 28.353 	 96.637
FD10863	127.000 	 28.377 	 96.725
FD10863	127.125 	 28.402 	 96.825
FD10863	127.250 	 28.432 	 96.926
FD10863	127.375 	 28.460 	 97.009
FD10863	127.500 	 28.487 	 97.058
FD10863	127.625 	 28.510 	 97.075
FD10863	127.750 	 28.533 	 97.077
FD10863	127.875 	 28.552 	 97.089
FD10863	128.000 	 28.569 	 97.117
FD10863	128.125 	 28.584 	 97.160
FD10863	128.250 	 28.598 	 97.213
FD10863	128.375 	 28.612 	 97.272
FD10863	128.500 	 28.622 	 97.337
FD10863	128.625 	 28.630 	 97.403
FD10863	128.750 	 28.642 	 97.470
FD10863	128.875 	 28.655 	 97.530
FD10863	129.000 	 28.669 	 97.564
FD10863	129.125 	 28.686 	 97.560
FD10863	129.250 	 28.702 	 97.527
FD10863	129.375 	 28.719 	 97.487
FD10863	129.500 	 28.732 	 97.454
FD10863	129.625 	 28.744 	 97.432
FD10863	129.750 	 28.759 	 97.414
FD10863	129.875 	 28.771 	 97.404
FD10863	130.000 	 28.787 	 97.407
FD10863	130.125 	 28.800 	 97.423
FD10863	130.250 	 28.812 	 97.442
FD10863	130.375 	 28.830 	 97.457
FD10863	130.500 	 28.850 	 97.465
FD10863	130.625 	 28.875 	 97.461
FD10863	130.750 	 28.896 	 97.449
FD10863	130.875 	 28.911 	 97.439
FD10863	131.000 	 28.919 	 97.430
FD10863	131.125 	 28.927 	 97.412
FD10863	131.250 	 28.933 	 97.384
FD10863	131.375 	 28.939 	 97.345
FD10863	131.500 	 28.943 	 97.299
FD10863	131.625 	 28.948 	 97.251
FD10863	131.750 	 28.953 	 97.203
FD10863	131.875 	 28.957 	 97.162
FD10863	132.000 	 28.961 	 97.142
FD10863	132.125 	 28.966 	 97.151
FD10863	132.250 	 28.967 	 97.193
FD10863	132.375 	 28.968 	 97.248
FD10863	132.500 	 28.976 	 97.275
FD10863	132.625 	 28.978 	 97.253
FD10863	132.750 	 28.976 	 97.187
FD10863	132.875 	 28.978 	 97.102
FD10863	133.000 	 28.982 	 97.026
FD10863	133.125 	 28.984 	 96.962
FD10863	133.250 	 28.991 	 96.895
FD10863	133.375 	 28.992 	 96.821
FD10863	133.500 	 28.993 	 96.747
FD10863	133.625 	 28.999 	 96.692
FD10863	133.750 	 29.002 	 96.670
FD10863	133.875 	 29.009 	 96.682
FD10863	134.000 	 29.013 	 96.714
FD10863	134.125 	 29.017 	 96.754
FD10863	134.250 	 29.029 	 96.778
FD10863	134.375 	 29.026 	 96.776
FD10863	134.500 	 29.039 	 96.750
FD10863	134.625 	 29.044 	 96.710
FD10863	134.750 	 29.057 	 96.659
FD10863	134.875 	 29.057 	 96.598
FD10863	135.000 	 29.070 	 96.525
FD10863	135.125 	 29.080 	 96.447
FD10863	135.250 	 29.085 	 96.360
FD10863	135.375 	 29.095 	 96.262
FD10863	135.500 	 29.102 	 96.165
FD10863	135.625 	 29.111 	 96.082
FD10863	135.750 	 29.117 	 96.022
FD10863	135.875 	 29.125 	 95.982
FD10863	136.000 	 29.132 	 95.941
FD10863	136.125 	 29.140 	 95.894
FD10863	136.250 	 29.146 	 95.848
FD10863	136.375 	 29.155 	 95.816
FD10863	136.500 	 29.159 	 95.802
FD10863	136.625 	 29.168 	 95.786
FD10863	136.750 	 29.172 	 95.755
FD10863	136.875 	 29.180 	 95.705
FD10863	137.000 	 29.185 	 95.638
FD10863	137.125 	 29.189 	 95.572
FD10863	137.250 	 29.196 	 95.524
FD10863	137.375 	 29.200 	 95.510
FD10863	137.500 	 29.208 	 95.545
FD10863	137.625 	 29.209 	 95.629
FD10863	137.750 	 29.219 	 95.747
FD10863	137.875 	 29.220 	 95.873
FD10863	138.000 	 29.228 	 95.984
FD10863	138.125 	 29.232 	 96.067
FD10863	138.250 	 29.239 	 96.131
FD10863	138.375 	 29.244 	 96.197
FD10863	138.500 	 29.248 	 96.287
FD10863	138.625 	 29.260 	 96.409
FD10863	138.750 	 29.258 	 96.551
FD10863	138.875 	 29.269 	 96.702
FD10863	139.000 	 29.278 	 96.850
FD10863	139.125 	 29.283 	 96.996
FD10863	139.250 	 29.288 	 97.140
FD10863	139.375 	 29.293 	 97.284
FD10863	139.500 	 29.301 	 97.426
FD10863	139.625 	 29.314 	 97.557
FD10863	139.750 	 29.313 	 97.676
FD10863	139.875 	 29.324 	 97.785
FD10863	140.000 	 29.329 	 97.892
FD10863	140.125 	 29.338 	 98.006
FD10863	140.250 	 29.342 	 98.124
FD10863	140.375 	 29.348 	 98.233
FD10863	140.500 	 29.356 	 98.320
FD10863	140.625 	 29.364 	 98.381
FD10863	140.750 	 29.367 	 98.423
FD10863	140.875 	 29.379 	 98.471
FD10863	141.000 	 29.384 	 98.528
FD10863	141.125 	 29.389 	 98.588
FD10863	141.250 	 29.399 	 98.645
FD10863	141.375 	 29.405 	 98.698
FD10863	141.500 	 29.414 	 98.747
FD10863	141.625 	 29.422 	 98.782
FD10863	141.750 	 29.428 	 98.791
FD10863	141.875 	 29.437 	 98.789
FD10863	142.000 	 29.443 	 98.789
FD10863	142.125 	 29.448 	 98.787
FD10863	142.250 	 29.456 	 98.760
FD10863	142.375 	 29.462 	 98.695
FD10863	142.500 	 29.470 	 98.607
FD10863	142.625 	 29.474 	 98.518
FD10863	142.750 	 29.481 	 98.445
FD10863	142.875 	 29.486 	 98.390
FD10863	143.000 	 29.492 	 98.358
FD10863	143.125 	 29.491 	 98.348
FD10863	143.250 	 29.497 	 98.354
FD10863	143.375 	 29.499 	 98.372
FD10863	143.500 	 29.501 	 98.403
FD10863	143.625 	 29.506 	 98.437
FD10863	143.750 	 29.504 	 98.471
FD10863	143.875 	 29.505 	 98.503
FD10863	144.000 	 29.509 	 98.531
FD10863	144.125 	 29.509 	 98.560
FD10863	144.250 	 29.507 	 98.580
FD10863	144.375 	 29.510 	 98.588
FD10863	144.500 	 29.510 	 98.582
FD10863	144.625 	 29.506 	 98.568
FD10863	144.750 	 29.510 	 98.553
FD10863	144.875 	 29.511 	 98.532
FD10863	145.000 	 29.506 	 98.502
FD10863	145.125 	 29.510 	 98.462
FD10863	145.250 	 29.510 	 98.426
FD10863	145.375 	 29.507 	 98.400
FD10863	145.500 	 29.509 	 98.390
FD10863	145.625 	 29.509 	 98.396
FD10863	145.750 	 29.506 	 98.407
FD10863	145.875 	 29.509 	 98.410
FD10863	146.000 	 29.509 	 98.402
FD10863	146.125 	 29.505 	 98.395
FD10863	146.250 	 29.504 	 98.407
FD10863	146.375 	 29.505 	 98.442
FD10863	146.500 	 29.506 	 98.489
FD10863	146.625 	 29.506 	 98.530
FD10863	146.750 	 29.503 	 98.550
FD10863	146.875 	 29.502 	 98.547
FD10863	147.000 	 29.502 	 98.529
FD10863	147.125 	 29.502 	 98.520
FD10863	147.250 	 29.501 	 98.547
FD10863	147.375 	 29.505 	 98.620
FD10863	147.500 	 29.501 	 98.724
FD10863	147.625 	 29.501 	 98.828
FD10863	147.750 	 29.505 	 98.907
FD10863	147.875 	 29.502 	 98.949
FD10863	148.000 	 29.502 	 98.967
FD10863	148.125 	 29.502 	 98.977
FD10863	148.250 	 29.503 	 98.985
FD10863	148.375 	 29.508 	 98.988
FD10863	148.500 	 29.509 	 98.977
FD10863	148.625 	 29.506 	 98.957
FD10863	148.750 	 29.511 	 98.945
FD10863	148.875 	 29.512 	 98.952
FD10863	149.000 	 29.514 	 98.972
FD10863	149.125 	 29.517 	 98.992
FD10863	149.250 	 29.521 	 99.002
FD10863	149.375 	 29.520 	 99.004
FD10863	149.500 	 29.525 	 99.018
FD10863	149.625 	 29.528 	 99.049
FD10863	149.750 	 29.530 	 99.100
FD10863	149.875 	 29.536 	 99.160
FD10863	150.000 	 29.537 	 99.214
FD10863	150.125 	 29.547 	 99.264
FD10863	150.250 	 29.547 	 99.310
FD10863	150.375 	 29.554 	 99.357
FD10863	150.500 	 29.558 	 99.401
FD10863	150.625 	 29.566 	 99.433
FD10863	150.750 	 29.567 	 99.453
FD10863	150.875 	 29.577 	 99.464
FD10863	151.000 	 29.584 	 99.485
FD10863	151.125 	 29.589 	 99.523
FD10863	151.250 	 29.598 	 99.569
FD10863	151.375 	 29.603 	 99.616
FD10863	151.500 	 29.614 	 99.655
FD10863	151.625 	 29.627 	 99.699
FD10863	151.750 	 29.627 	 99.756
FD10863	151.875 	 29.641 	 99.825
FD10863	152.000 	 29.655 	 99.887
FD10863	152.125 	 29.656 	 99.927
FD10863	152.250 	 29.674 	 99.941
FD10863	152.375 	 29.680 	 99.943
FD10863	152.500 	 29.688 	 99.949
FD10863	152.625 	 29.700 	 99.959
FD10863	152.750 	 29.711 	 99.974
FD10863	152.875 	 29.722 	 99.994
FD10863	153.000 	 29.729 	 100.026
FD10863	153.125 	 29.740 	 100.078
FD10863	153.250 	 29.746 	 100.141
FD10863	153.375 	 29.761 	 100.200
FD10863	153.500 	 29.766 	 100.247
FD10863	153.625 	 29.772 	 100.282
FD10863	153.750 	 29.776 	 100.322
FD10863	153.875 	 29.788 	 100.360
FD10863	154.000 	 29.791 	 100.385
FD10863	154.125 	 29.794 	 100.389
FD10863	154.250 	 29.804 	 100.380
FD10863	154.375 	 29.807 	 100.371
FD10863	154.500 	 29.810 	 100.347
FD10863	154.625 	 29.815 	 100.284
FD10863	154.750 	 29.817 	 100.173
FD10863	154.875 	 29.828 	 100.031
FD10863	155.000 	 29.828 	 99.916
FD10863	155.125 	 29.836 	 99.865
FD10863	155.250 	 29.839 	 99.870
FD10863	155.375 	 29.847 	 99.892
FD10863	155.500 	 29.847 	 99.889
FD10863	155.625 	 29.858 	 99.845
FD10863	155.750 	 29.859 	 99.782
FD10863	155.875 	 29.867 	 99.720
FD10863	156.000 	 29.877 	 99.675
FD10863	156.125 	 29.876 	 99.650
FD10863	156.250 	 29.889 	 99.630
FD10863	156.375 	 29.894 	 99.611
FD10863	156.500 	 29.898 	 99.588
FD10863	156.625 	 29.905 	 99.575
FD10863	156.750 	 29.910 	 99.578
FD10863	156.875 	 29.919 	 99.586
FD10863	157.000 	 29.923 	 99.579
FD10863	157.125 	 29.926 	 99.539
FD10863	157.250 	 29.936 	 99.474
FD10863	157.375 	 29.939 	 99.407
FD10863	157.500 	 29.946 	 99.369
FD10863	157.625 	 29.951 	 99.380
FD10863	157.750 	 29.953 	 99.432
FD10863	157.875 	 29.957 	 99.488
FD10863	158.000 	 29.969 	 99.505
FD10863	158.125 	 29.967 	 99.466
FD10863	158.250 	 29.972 	 99.388
FD10863	158.375 	 29.978 	 99.313
FD10863	158.500 	 29.981 	 99.275
FD10863	158.625 	 29.990 	 99.279
FD10863	158.750 	 29.991 	 99.292
FD10863	158.875 	 29.994 	 99.282
FD10863	159.000 	 29.997 	 99.236
FD10863	159.125 	 30.003 	 99.175
FD10863	159.250 	 30.005 	 99.122
FD10863	159.375 	 30.007 	 99.086
FD10863	159.500 	 30.009 	 99.066
FD10863	159.625 	 30.015 	 99.062
FD10863	159.750 	 30.015 	 99.080
FD10863	159.875 	 30.013 	 99.108
FD10863	160.000 	 30.015 	 99.112
FD10863	160.125 	 30.022 	 99.068
FD10863	160.250 	 30.017 	 98.977
FD10863	160.375 	 30.024 	 98.871
FD10863	160.500 	 30.016 	 98.785
FD10863	160.625 	 30.025 	 98.725
FD10863	160.750 	 30.018 	 98.697
FD10863	160.875 	 30.025 	 98.696
FD10863	161.000 	 30.018 	 98.723
FD10863	161.125 	 30.023 	 98.768
FD10863	161.250 	 30.017 	 98.805
FD10863	161.375 	 30.025 	 98.818
FD10863	161.500 	 30.015 	 98.800
FD10863	161.625 	 30.020 	 98.768
FD10863	161.750 	 30.016 	 98.739
FD10863	161.875 	 30.014 	 98.729
FD10863	162.000 	 30.017 	 98.745
FD10863	162.125 	 30.014 	 98.770
FD10863	162.250 	 30.010 	 98.785
FD10863	162.375 	 30.010 	 98.764
FD10863	162.500 	 30.008 	 98.708
FD10863	162.625 	 30.007 	 98.628
FD10863	162.750 	 30.006 	 98.550
FD10863	162.875 	 30.007 	 98.505
FD10863	163.000 	 30.006 	 98.513
FD10863	163.125 	 30.005 	 98.576
FD10863	163.250 	 30.006 	 98.678
FD10863	163.375 	 30.006 	 98.793
FD10863	163.500 	 30.006 	 98.893
FD10863	163.625 	 30.006 	 98.962
FD10863	163.750 	 30.008 	 98.985
FD10863	163.875 	 30.009 	 98.973
FD10863	164.000 	 30.011 	 98.940
FD10863	164.125 	 30.012 	 98.908
FD10863	164.250 	 30.022 	 98.894
FD10863	164.375 	 30.016 	 98.907
FD10863	164.500 	 30.027 	 98.933
FD10863	164.625 	 30.025 	 98.960
FD10863	164.750 	 30.028 	 98.976
FD10863	164.875 	 30.033 	 98.984
FD10863	165.000 	 30.036 	 99.000
FD10863	165.125 	 30.042 	 99.021
FD10863	165.250 	 30.045 	 99.036
FD10863	165.375 	 30.044 	 99.029
FD10863	165.500 	 30.053 	 98.997
FD10863	165.625 	 30.054 	 98.963
FD10863	165.750 	 30.059 	 98.949
FD10863	165.875 	 30.058 	 98.962
FD10863	166.000 	 30.070 	 98.988
FD10863	166.125 	 30.071 	 99.008
FD10863	166.250 	 30.072 	 99.018
FD10863	166.375 	 30.084 	 99.023
FD10863	166.500 	 30.086 	 99.035
FD10863	166.625 	 30.086 	 99.061
FD10863	166.750 	 30.096 	 99.105
FD10863	166.875 	 30.097 	 99.173
FD10863	167.000 	 30.102 	 99.265
FD10863	167.125 	 30.108 	 99.364
FD10863	167.250 	 30.115 	 99.449
FD10863	167.375 	 30.119 	 99.496
FD10863	167.500 	 30.123 	 99.506
FD10863	167.625 	 30.131 	 99.504
FD10863	167.750 	 30.135 	 99.513
FD10863	167.875 	 30.143 	 99.552
FD10863	168.000 	 30.147 	 99.606
FD10863	168.125 	 30.156 	 99.658
FD10863	168.250 	 30.160 	 99.696
FD10863	168.375 	 30.169 	 99.726
FD10863	168.500 	 30.170 	 99.765
FD10863	168.625 	 30.182 	 99.811
FD10863	168.750 	 30.182 	 99.854
FD10863	168.875 	 30.194 	 99.881
FD10863	169.000 	 30.195 	 99.882
FD10863	169.125 	 30.206 	 99.856
FD10863	169.250 	 30.208 	 99.810
FD10863	169.375 	 30.211 	 99.768
FD10863	169.500 	 30.222 	 99.756
FD10863	169.625 	 30.225 	 99.775
FD10863	169.750 	 30.230 	 99.802
FD10863	169.875 	 30.231 	 99.817
FD10863	170.000 	 30.235 	 99.807
FD10863	170.125 	 30.241 	 99.783
FD10863	170.250 	 30.244 	 99.754
FD10863	170.375 	 30.245 	 99.731
FD10863	170.500 	 30.248 	 99.713
FD10863	170.625 	 30.254 	 99.702
FD10863	170.750 	 30.256 	 99.704
FD10863	170.875 	 30.257 	 99.722
FD10863	171.000 	 30.261 	 99.754
FD10863	171.125 	 30.267 	 99.790
FD10863	171.250 	 30.269 	 99.818
FD10863	171.375 	 30.274 	 99.834
FD10863	171.500 	 30.280 	 99.846
FD10863	171.625 	 30.282 	 99.864
FD10863	171.750 	 30.292 	 99.900
FD10863	171.875 	 30.298 	 99.957
FD10863	172.000 	 30.304 	 100.034
FD10863	172.125 	 30.311 	 100.129
FD10863	172.250 	 30.318 	 100.231
FD10863	172.375 	 30.326 	 100.328
FD10863	172.500 	 30.337 	 100.404
FD10863	172.625 	 30.343 	 100.459
FD10863	172.750 	 30.355 	 100.507
FD10863	172.875 	 30.363 	 100.566
FD10863	173.000 	 30.371 	 100.639
FD10863	173.125 	 30.381 	 100.719
FD10863	173.250 	 30.387 	 100.795
FD10863	173.375 	 30.402 	 100.863
FD10863	173.500 	 30.404 	 100.930
FD10863	173.625 	 30.419 	 101.003
FD10863	173.750 	 30.425 	 101.079
FD10863	173.875 	 30.435 	 101.155
FD10863	174.000 	 30.441 	 101.222
FD10863	174.125 	 30.452 	 101.276
FD10863	174.250 	 30.460 	 101.321
FD10863	174.375 	 30.467 	 101.356
FD10863	174.500 	 30.477 	 101.389
FD10863	174.625 	 30.483 	 101.419
FD10863	174.750 	 30.492 	 101.449
FD10863	174.875 	 30.496 	 101.481
FD10863	175.000 	 30.506 	 101.522
FD10863	175.125 	 30.513 	 101.572
FD10863	175.250 	 30.518 	 101.631
FD10863	175.375 	 30.523 	 101.700
FD10863	175.500 	 30.528 	 101.776
FD10863	175.625 	 30.537 	 101.864
FD10863	175.750 	 30.538 	 101.958
FD10863	175.875 	 30.545 	 102.050
FD10863	176.000 	 30.548 	 102.127
FD10863	176.125 	 30.551 	 102.187
FD10863	176.250 	 30.558 	 102.233
FD10863	176.375 	 30.561 	 102.276
FD10863	176.500 	 30.564 	 102.319
FD10863	176.625 	 30.567 	 102.359
FD10863	176.750 	 30.575 	 102.405
FD10863	176.875 	 30.583 	 102.467
FD10863	177.000 	 30.587 	 102.547
FD10863	177.125 	 30.593 	 102.627
FD10863	177.250 	 30.600 	 102.684
FD10863	177.375 	 30.608 	 102.715
FD10863	177.500 	 30.617 	 102.736
FD10863	177.625 	 30.628 	 102.765
FD10863	177.750 	 30.639 	 102.808
FD10863	177.875 	 30.647 	 102.859
FD10863	178.000 	 30.657 	 102.911
FD10863	178.125 	 30.670 	 102.953
FD10863	178.250 	 30.677 	 102.992
FD10863	178.375 	 30.694 	 103.031
FD10863	178.500 	 30.702 	 103.080
FD10863	178.625 	 30.713 	 103.140
FD10863	178.750 	 30.727 	 103.205
FD10863	178.875 	 30.740 	 103.280
FD10863	179.000 	 30.750 	 103.362
FD10863	179.125 	 30.760 	 103.441
FD10863	179.250 	 30.775 	 103.515
FD10863	179.375 	 30.783 	 103.595
FD10863	179.500 	 30.794 	 103.693
FD10863	179.625 	 30.807 	 103.806
FD10863	179.750 	 30.818 	 103.928
FD10863	179.875 	 30.826 	 104.044
FD10863	180.000 	 30.836 	 104.160
FD10863	180.125 	 30.849 	 104.274
FD10863	180.250 	 30.859 	 104.388
FD10863	180.375 	 30.866 	 104.499
FD10863	180.500 	 30.878 	 104.600
FD10863	180.625 	 30.889 	 104.691
FD10863	180.750 	 30.894 	 104.780
FD10863	180.875 	 30.909 	 104.872
FD10863	181.000 	 30.911 	 104.968
FD10863	181.125 	 30.925 	 105.059
FD10863	181.250 	 30.932 	 105.142
FD10863	181.375 	 30.941 	 105.224
FD10863	181.500 	 30.947 	 105.315
FD10863	181.625 	 30.956 	 105.412
FD10863	181.750 	 30.963 	 105.490
FD10863	181.875 	 30.972 	 105.538
FD10863	182.000 	 30.982 	 105.561
FD10863	182.125 	 30.987 	 105.592
FD10863	182.250 	 30.998 	 105.663
FD10863	182.375 	 31.008 	 105.777
FD10863	182.500 	 31.015 	 105.920
FD10863	182.625 	 31.025 	 106.068
FD10863	182.750 	 31.031 	 106.204
FD10863	182.875 	 31.041 	 106.324
FD10863	183.000 	 31.053 	 106.437
FD10863	183.125 	 31.063 	 106.557
FD10863	183.250 	 31.069 	 106.683
FD10863	183.375 	 31.082 	 106.789
FD10863	183.500 	 31.091 	 106.865
FD10863	183.625 	 31.097 	 106.913
FD10863	183.750 	 31.114 	 106.961
FD10863	183.875 	 31.120 	 107.042
FD10863	184.000 	 31.127 	 107.161
FD10863	184.125 	 31.142 	 107.299
FD10863	184.250 	 31.150 	 107.423
FD10863	184.375 	 31.162 	 107.518
FD10863	184.500 	 31.173 	 107.589
FD10863	184.625 	 31.179 	 107.669
FD10863	184.750 	 31.196 	 107.778
FD10863	184.875 	 31.203 	 107.916
FD10863	185.000 	 31.216 	 108.057
FD10863	185.125 	 31.223 	 108.171
FD10863	185.250 	 31.238 	 108.250
FD10863	185.375 	 31.246 	 108.315
FD10863	185.500 	 31.262 	 108.386
FD10863	185.625 	 31.272 	 108.469
FD10863	185.750 	 31.284 	 108.547
FD10863	185.875 	 31.294 	 108.606
FD10863	186.000 	 31.308 	 108.642
FD10863	186.125 	 31.315 	 108.676
FD10863	186.250 	 31.332 	 108.718
FD10863	186.375 	 31.340 	 108.775
FD10863	186.500 	 31.352 	 108.840
FD10863	186.625 	 31.364 	 108.895
FD10863	186.750 	 31.376 	 108.940
FD10863	186.875 	 31.389 	 108.988
FD10863	187.000 	 31.400 	 109.058
FD10863	187.125 	 31.410 	 109.152
FD10863	187.250 	 31.424 	 109.256
FD10863	187.375 	 31.432 	 109.343
FD10863	187.500 	 31.443 	 109.404
FD10863	187.625 	 31.451 	 109.446
FD10863	187.750 	 31.465 	 109.492
FD10863	187.875 	 31.472 	 109.554
FD10863	188.000 	 31.483 	 109.643
FD10863	188.125 	 31.488 	 109.762
FD10863	188.250 	 31.499 	 109.900
FD10863	188.375 	 31.508 	 110.036
FD10863	188.500 	 31.513 	 110.145
FD10863	188.625 	 31.524 	 110.213
FD10863	188.750 	 31.530 	 110.254
FD10863	188.875 	 31.541 	 110.291
FD10863	189.000 	 31.544 	 110.339
FD10863	189.125 	 31.551 	 110.406
FD10863	189.250 	 31.561 	 110.486
FD10863	189.375 	 31.566 	 110.570
FD10863	189.500 	 31.575 	 110.650
FD10863	189.625 	 31.580 	 110.727
FD10863	189.750 	 31.590 	 110.803
FD10863	189.875 	 31.594 	 110.889
FD10863	190.000 	 31.603 	 110.979
FD10863	190.125 	 31.609 	 111.066
FD10863	190.250 	 31.618 	 111.136
FD10863	190.375 	 31.627 	 111.184
FD10863	190.500 	 31.631 	 111.217
FD10863	190.625 	 31.638 	 111.250
FD10863	190.750 	 31.649 	 111.298
FD10863	190.875 	 31.652 	 111.355
FD10863	191.000 	 31.659 	 111.418
FD10863	191.125 	 31.669 	 111.474
FD10863	191.250 	 31.674 	 111.518
FD10863	191.375 	 31.682 	 111.547
FD10863	191.500 	 31.686 	 111.569
FD10863	191.625 	 31.696 	 111.591
FD10863	191.750 	 31.698 	 111.626
FD10863	191.875 	 31.708 	 111.670
FD10863	192.000 	 31.712 	 111.725
FD10863	192.125 	 31.716 	 111.792
FD10863	192.250 	 31.723 	 111.869
FD10863	192.375 	 31.732 	 111.958
FD10863	192.500 	 31.731 	 112.046
FD10863	192.625 	 31.744 	 112.118
FD10863	192.750 	 31.742 	 112.174
FD10863	192.875 	 31.751 	 112.212
FD10863	193.000 	 31.760 	 112.248
FD10863	193.125 	 31.759 	 112.289
FD10863	193.250 	 31.772 	 112.340
FD10863	193.375 	 31.776 	 112.410
FD10863	193.500 	 31.780 	 112.488
FD10863	193.625 	 31.790 	 112.562
FD10863	193.750 	 31.794 	 112.619
FD10863	193.875 	 31.802 	 112.652
FD10863	194.000 	 31.809 	 112.669
FD10863	194.125 	 31.817 	 112.678
FD10863	194.250 	 31.824 	 112.696
FD10863	194.375 	 31.831 	 112.733
FD10863	194.500 	 31.836 	 112.782
FD10863	194.625 	 31.845 	 112.819
FD10863	194.750 	 31.854 	 112.822
FD10863	194.875 	 31.859 	 112.805
FD10863	195.000 	 31.867 	 112.803
FD10863	195.125 	 31.872 	 112.831
FD10863	195.250 	 31.881 	 112.877
FD10863	195.375 	 31.885 	 112.924
FD10863	195.500 	 31.889 	 112.970
FD10863	195.625 	 31.898 	 113.020
FD10863	195.750 	 31.906 	 113.071
FD10863	195.875 	 31.910 	 113.108
FD10863	196.000 	 31.914 	 113.110
FD10863	196.125 	 31.922 	 113.076
FD10863	196.250 	 31.925 	 113.024
FD10863	196.375 	 31.933 	 112.971
FD10863	196.500 	 31.936 	 112.945
FD10863	196.625 	 31.941 	 112.958
FD10863	196.750 	 31.947 	 112.997
FD10863	196.875 	 31.950 	 113.030
FD10863	197.000 	 31.953 	 113.040
FD10863	197.125 	 31.959 	 113.026
FD10863	197.250 	 31.963 	 113.010
FD10863	197.375 	 31.964 	 113.017
FD10863	197.500 	 31.966 	 113.043
FD10863	197.625 	 31.971 	 113.077
FD10863	197.750 	 31.970 	 113.100
FD10863	197.875 	 31.975 	 113.113
FD10863	198.000 	 31.975 	 113.131
FD10863	198.125 	 31.978 	 113.161
FD10863	198.250 	 31.978 	 113.207
FD10863	198.375 	 31.978 	 113.265
FD10863	198.500 	 31.983 	 113.321
FD10863	198.625 	 31.980 	 113.357
FD10863	198.750 	 31.984 	 113.362
FD10863	198.875 	 31.980 	 113.334
FD10863	199.000 	 31.980 	 113.292
FD10863	199.125 	 31.984 	 113.258
FD10863	199.250 	 31.981 	 113.239
FD10863	199.375 	 31.984 	 113.244
FD10863	199.500 	 31.980 	 113.266
FD10863	199.625 	 31.981 	 113.294
FD10863	199.750 	 31.984 	 113.320
FD10863	199.875 	 31.981 	 113.338
FD10863	200.000 	 31.983 	 113.355
FD10863	200.125 	 31.981 	 113.370
FD10863	200.250 	 31.983 	 113.389
FD10863	200.375 	 31.980 	 113.407
FD10863	200.500 	 31.980 	 113.425
FD10863	200.625 	 31.978 	 113.442
FD10863	200.750 	 31.983 	 113.447
FD10863	200.875 	 31.979 	 113.442
FD10863	201.000 	 31.979 	 113.428
FD10863	201.125 	 31.983 	 113.419
FD10863	201.250 	 31.979 	 113.427
FD10863	201.375 	 31.981 	 113.445
FD10863	201.500 	 31.984 	 113.476
FD10863	201.625 	 31.981 	 113.511
FD10863	201.750 	 31.985 	 113.547
FD10863	201.875 	 31.983 	 113.580
FD10863	202.000 	 31.988 	 113.604
FD10863	202.125 	 31.988 	 113.623
FD10863	202.250 	 31.990 	 113.639
FD10863	202.375 	 31.992 	 113.655
FD10863	202.500 	 31.996 	 113.660
FD10863	202.625 	 31.995 	 113.647
FD10863	202.750 	 32.000 	 113.619
FD10863	202.875 	 32.003 	 113.595
FD10863	203.000 	 32.003 	 113.586
FD10863	203.125 	 32.006 	 113.585
FD10863	203.250 	 32.011 	 113.585
FD10863	203.375 	 32.010 	 113.581
FD10863	203.500 	 32.016 	 113.577
FD10863	203.625 	 32.021 	 113.575
FD10863	203.750 	 32.020 	 113.565
FD10863	203.875 	 32.025 	 113.554
FD10863	204.000 	 32.025 	 113.539
FD10863	204.125 	 32.034 	 113.532
FD10863	204.250 	 32.032 	 113.549
FD10863	204.375 	 32.040 	 113.578
FD10863	204.500 	 32.042 	 113.616
FD10863	204.625 	 32.044 	 113.641
FD10863	204.750 	 32.053 	 113.636
FD10863	204.875 	 32.055 	 113.621
FD10863	205.000 	 32.058 	 113.604
FD10863	205.125 	 32.067 	 113.595
FD10863	205.250 	 32.072 	 113.603
FD10863	205.375 	 32.078 	 113.631
FD10863	205.500 	 32.083 	 113.675
FD10863	205.625 	 32.087 	 113.730
FD10863	205.750 	 32.095 	 113.791
FD10863	205.875 	 32.103 	 113.854
FD10863	206.000 	 32.108 	 113.895
FD10863	206.125 	 32.113 	 113.909
FD10863	206.250 	 32.120 	 113.895
FD10863	206.375 	 32.125 	 113.872
FD10863	206.500 	 32.133 	 113.866
FD10863	206.625 	 32.142 	 113.879
FD10863	206.750 	 32.142 	 113.913
FD10863	206.875 	 32.153 	 113.957
FD10863	207.000 	 32.154 	 113.997
FD10863	207.125 	 32.160 	 114.038
FD10863	207.250 	 32.168 	 114.077
FD10863	207.375 	 32.167 	 114.121
FD10863	207.500 	 32.175 	 114.167
FD10863	207.625 	 32.181 	 114.209
FD10863	207.750 	 32.179 	 114.235
FD10863	207.875 	 32.185 	 114.240
FD10863	208.000 	 32.187 	 114.223
FD10863	208.125 	 32.190 	 114.166
FD10863	208.250 	 32.194 	 114.081
FD10863	208.375 	 32.192 	 113.983
FD10863	208.500 	 32.197 	 113.900
FD10863	208.625 	 32.199 	 113.845
FD10863	208.750 	 32.194 	 113.814
FD10863	208.875 	 32.198 	 113.795
FD10863	209.000 	 32.200 	 113.777
FD10863	209.125 	 32.199 	 113.772
FD10863	209.250 	 32.200 	 113.778
FD10863	209.375 	 32.199 	 113.790
FD10863	209.500 	 32.199 	 113.804
FD10863	209.625 	 32.200 	 113.803
FD10863	209.750 	 32.195 	 113.798
FD10863	209.875 	 32.198 	 113.776
FD10863	210.000 	 32.199 	 113.726
FD10863	210.125 	 32.198 	 113.664
FD10863	210.250 	 32.198 	 113.607
FD10863	210.375 	 32.198 	 113.574
FD10863	210.500 	 32.195 	 113.568
FD10863	210.625 	 32.199 	 113.576
FD10863	210.750 	 32.199 	 113.587
FD10863	210.875 	 32.199 	 113.601
FD10863	211.000 	 32.199 	 113.611
FD10863	211.125 	 32.200 	 113.617
FD10863	211.250 	 32.202 	 113.624
FD10863	211.375 	 32.202 	 113.634
FD10863	211.500 	 32.202 	 113.652
FD10863	211.625 	 32.207 	 113.675
FD10863	211.750 	 32.204 	 113.695
FD10863	211.875 	 32.210 	 113.705
FD10863	212.000 	 32.212 	 113.705
FD10863	212.125 	 32.213 	 113.703
FD10863	212.250 	 32.216 	 113.692
FD10863	212.375 	 32.216 	 113.676
FD10863	212.500 	 32.223 	 113.643
FD10863	212.625 	 32.224 	 113.606
FD10863	212.750 	 32.225 	 113.575
FD10863	212.875 	 32.228 	 113.554
FD10863	213.000 	 32.229 	 113.543
FD10863	213.125 	 32.231 	 113.536
FD10863	213.250 	 32.235 	 113.525
FD10863	213.375 	 32.237 	 113.502
FD10863	213.500 	 32.239 	 113.455
FD10863	213.625 	 32.242 	 113.395
FD10863	213.750 	 32.243 	 113.334
FD10863	213.875 	 32.250 	 113.283
FD10863	214.000 	 32.252 	 113.251
FD10863	214.125 	 32.254 	 113.245
FD10863	214.250 	 32.260 	 113.275
FD10863	214.375 	 32.259 	 113.340
FD10863	214.500 	 32.265 	 113.418
FD10863	214.625 	 32.269 	 113.486
FD10863	214.750 	 32.275 	 113.531
FD10863	214.875 	 32.277 	 113.557
FD10863	215.000 	 32.283 	 113.570
FD10863	215.125 	 32.288 	 113.596
FD10863	215.250 	 32.291 	 113.643
FD10863	215.375 	 32.298 	 113.707
FD10863	215.500 	 32.303 	 113.795
FD10863	215.625 	 32.314 	 113.884
FD10863	215.750 	 32.314 	 113.979
FD10863	215.875 	 32.322 	 114.053
FD10863	216.000 	 32.328 	 114.095
FD10863	216.125 	 32.334 	 114.093
FD10863	216.250 	 32.343 	 114.068
FD10863	216.375 	 32.346 	 114.038
FD10863	216.500 	 32.348 	 114.016
FD10863	216.625 	 32.351 	 113.996
FD10863	216.750 	 32.337 	 113.978
FD10863	216.875 	 32.339 	 113.952
FD10863	217.000 	 32.333 	 113.941
FD10863	217.125 	 32.336 	 113.940
FD10863	217.250 	 32.341 	 113.962
FD10863	217.375 	 32.346 	 113.986
FD10863	217.500 	 32.353 	 114.002
FD10863	217.625 	 32.351 	 113.999
FD10863	217.750 	 32.355 	 113.965
FD10863	217.875 	 32.357 	 113.909
FD10863	218.000 	 32.356 	 113.856
FD10863	218.125 	 32.354 	 113.815
FD10863	218.250 	 32.359 	 113.775
FD10863	218.375 	 32.358 	 113.741
FD10863	218.500 	 32.360 	 113.701
FD10863	218.625 	 32.371 	 113.669
FD10863	218.750 	 32.380 	 113.648
FD10863	218.875 	 32.376 	 113.650
FD10863	219.000 	 32.379 	 113.662
FD10863	219.125 	 32.383 	 113.666
FD10863	219.250 	 32.382 	 113.658
FD10863	219.375 	 32.383 	 113.630
FD10863	219.500 	 32.384 	 113.603
FD10863	219.625 	 32.377 	 113.589
FD10863	219.750 	 32.378 	 113.587
FD10863	219.875 	 32.373 	 113.585
FD10863	220.000 	 32.367 	 113.584
FD10863	220.125 	 32.362 	 113.564
FD10863	220.250 	 32.357 	 113.538
FD10863	220.375 	 32.356 	 113.499
FD10863	220.500 	 32.356 	 113.448
FD10863	220.625 	 32.355 	 113.398
FD10863	220.750 	 32.355 	 113.364
FD10863	220.875 	 32.351 	 113.363
FD10863	221.000 	 32.356 	 113.402
FD10863	221.125 	 32.357 	 113.454
FD10863	221.250 	 32.356 	 113.500
FD10863	221.375 	 32.355 	 113.528
FD10863	221.500 	 32.355 	 113.558
FD10863	221.625 	 32.354 	 113.590
FD10863	221.750 	 32.356 	 113.631
FD10863	221.875 	 32.354 	 113.668
FD10863	222.000 	 32.355 	 113.691
FD10863	222.125 	 32.357 	 113.699
FD10863	222.250 	 32.354 	 113.686
FD10863	222.375 	 32.355 	 113.659
FD10863	222.500 	 32.356 	 113.630
FD10863	222.625 	 32.354 	 113.619
FD10863	222.750 	 32.356 	 113.616
FD10863	222.875 	 32.356 	 113.614
FD10863	223.000 	 32.351 	 113.610
FD10863	223.125 	 32.357 	 113.604
FD10863	223.250 	 32.356 	 113.613
FD10863	223.375 	 32.354 	 113.635
FD10863	223.500 	 32.356 	 113.646
FD10863	223.625 	 32.352 	 113.630
FD10863	223.750 	 32.357 	 113.571
FD10863	223.875 	 32.354 	 113.492
FD10863	224.000 	 32.355 	 113.412
FD10863	224.125 	 32.357 	 113.357
FD10863	224.250 	 32.354 	 113.343
FD10863	224.375 	 32.354 	 113.361
FD10863	224.500 	 32.353 	 113.419
FD10863	224.625 	 32.358 	 113.479
FD10863	224.750 	 32.354 	 113.540
FD10863	224.875 	 32.355 	 113.578
FD10863	225.000 	 32.357 	 113.602
FD10863	225.125 	 32.351 	 113.626
FD10863	225.250 	 32.356 	 113.647
FD10863	225.375 	 32.356 	 113.663
FD10863	225.500 	 32.356 	 113.663
FD10863	225.625 	 32.355 	 113.644
FD10863	225.750 	 32.351 	 113.608
FD10863	225.875 	 32.355 	 113.562
FD10863	226.000 	 32.357 	 113.519
FD10863	226.125 	 32.356 	 113.485
FD10863	226.250 	 32.355 	 113.461
FD10863	226.375 	 32.356 	 113.437
FD10863	226.500 	 32.351 	 113.412
FD10863	226.625 	 32.356 	 113.383
FD10863	226.750 	 32.354 	 113.359
FD10863	226.875 	 32.358 	 113.327
FD10863	227.000 	 32.355 	 113.298
FD10863	227.125 	 32.351 	 113.265
FD10863	227.250 	 32.356 	 113.235
FD10863	227.375 	 32.355 	 113.214
FD10863	227.500 	 32.358 	 113.211
FD10863	227.625 	 32.356 	 113.235
FD10863	227.750 	 32.355 	 113.279
FD10863	227.875 	 32.351 	 113.327
FD10863	228.000 	 32.352 	 113.366
FD10863	228.125 	 32.346 	 113.388
FD10863	228.250 	 32.347 	 113.391
FD10863	228.375 	 32.342 	 113.384
FD10863	228.500 	 32.342 	 113.363
FD10863	228.625 	 32.332 	 113.351
FD10863	228.750 	 32.334 	 113.345
FD10863	228.875 	 32.330 	 113.358
FD10863	229.000 	 32.329 	 113.365
FD10863	229.125 	 32.323 	 113.358
FD10863	229.250 	 32.331 	 113.330
FD10863	229.375 	 32.329 	 113.301
FD10863	229.500 	 32.328 	 113.262
FD10863	229.625 	 32.325 	 113.203
FD10863	229.750 	 32.330 	 113.122
FD10863	229.875 	 32.327 	 113.026
FD10863	230.000 	 32.329 	 112.934
FD10863	230.125 	 32.326 	 112.870
FD10863	230.250 	 32.328 	 112.848
FD10863	230.375 	 32.329 	 112.865
FD10863	230.500 	 32.331 	 112.912
FD10863	230.625 	 32.328 	 112.980
FD10863	230.750 	 32.325 	 113.051
FD10863	230.875 	 32.330 	 113.106
FD10863	231.000 	 32.328 	 113.129
FD10863	231.125 	 32.328 	 113.114
FD10863	231.250 	 32.326 	 113.072
FD10863	231.375 	 32.331 	 113.027
FD10863	231.500 	 32.328 	 112.995
FD10863	231.625 	 32.330 	 112.973
FD10863	231.750 	 32.326 	 112.970
FD10863	231.875 	 32.329 	 112.983
FD10863	232.000 	 32.329 	 113.004
FD10863	232.125 	 32.328 	 113.029
FD10863	232.250 	 32.325 	 113.033
FD10863	232.375 	 32.329 	 113.017
FD10863	232.500 	 32.330 	 112.975
FD10863	232.625 	 32.328 	 112.927
FD10863	232.750 	 32.325 	 112.882
FD10863	232.875 	 32.330 	 112.839
FD10863	233.000 	 32.329 	 112.801
FD10863	233.125 	 32.331 	 112.761
FD10863	233.250 	 32.333 	 112.722
FD10863	233.375 	 32.342 	 112.696
FD10863	233.500 	 32.346 	 112.700
FD10863	233.625 	 32.357 	 112.738
FD10863	233.750 	 32.367 	 112.805
FD10863	233.875 	 32.371 	 112.878
FD10863	234.000 	 32.378 	 112.914
FD10863	234.125 	 32.380 	 112.905
FD10863	234.250 	 32.382 	 112.834
FD10863	234.375 	 32.383 	 112.738
FD10863	234.500 	 32.382 	 112.644
FD10863	234.625 	 32.382 	 112.561
FD10863	234.750 	 32.382 	 112.492
FD10863	234.875 	 32.378 	 112.424
FD10863	235.000 	 32.384 	 112.368
FD10863	235.125 	 32.381 	 112.332
FD10863	235.250 	 32.385 	 112.302
FD10863	235.375 	 32.381 	 112.297
FD10863	235.500 	 32.382 	 112.306
FD10863	235.625 	 32.384 	 112.333
FD10863	235.750 	 32.381 	 112.349
FD10863	235.875 	 32.384 	 112.312
FD10863	236.000 	 32.378 	 112.235
FD10863	236.125 	 32.383 	 112.135
FD10863	236.250 	 32.381 	 112.058
FD10863	236.375 	 32.384 	 112.004
FD10863	236.500 	 32.382 	 111.978
FD10863	236.625 	 32.381 	 111.969
FD10863	236.750 	 32.383 	 111.982
FD10863	236.875 	 32.383 	 112.035
FD10863	237.000 	 32.376 	 112.139
FD10863	237.125 	 32.384 	 112.280
FD10863	237.250 	 32.383 	 112.447
FD10863	237.375 	 32.383 	 112.599
FD10863	237.500 	 32.380 	 112.720
FD10863	237.625 	 32.385 	 112.795
FD10863	237.750 	 32.382 	 112.849
FD10863	237.875 	 32.381 	 112.895
FD10863	238.000 	 32.383 	 112.937
FD10863	238.125 	 32.379 	 112.986
FD10863	238.250 	 32.389 	 113.048
FD10863	238.375 	 32.386 	 113.118
FD10863	238.500 	 32.395 	 113.195
FD10863	238.625 	 32.401 	 113.279
FD10863	238.750 	 32.405 	 113.376
FD10863	238.875 	 32.409 	 113.478
FD10863	239.000 	 32.405 	 113.579
FD10863	239.125 	 32.404 	 113.666
FD10863	239.250 	 32.397 	 113.730
FD10863	239.375 	 32.388 	 113.769
FD10863	239.500 	 32.390 	 113.780
FD10863	239.625 	 32.375 	 113.775
FD10863	239.750 	 32.377 	 113.746
FD10863	239.875 	 32.366 	 113.730
FD10863	240.000 	 32.364 	 113.767
FD10863	240.125 	 32.357 	 113.847
FD10863	240.250 	 32.354 	 113.930
FD10863	240.375 	 32.354 	 113.961
FD10863	240.500 	 32.365 	 113.932
FD10863	240.625 	 32.362 	 113.856
FD10863	240.750 	 32.376 	 113.760
FD10863	240.875 	 32.376 	 113.695
FD10863	241.000 	 32.381 	 113.689
FD10863	241.125 	 32.383 	 113.745
FD10863	241.250 	 32.383 	 113.811
FD10863	241.375 	 32.381 	 113.850
FD10863	241.500 	 32.382 	 113.856
FD10863	241.625 	 32.380 	 113.845
FD10863	241.750 	 32.389 	 113.840
FD10863	241.875 	 32.386 	 113.843
FD10863	242.000 	 32.399 	 113.839
FD10863	242.125 	 32.403 	 113.842
FD10863	242.250 	 32.409 	 113.839
FD10863	242.375 	 32.403 	 113.843
FD10863	242.500 	 32.410 	 113.841
FD10863	242.625 	 32.409 	 113.840
FD10863	242.750 	 32.409 	 113.840
FD10863	242.875 	 32.406 	 113.841
FD10863	243.000 	 32.400 	 113.842
FD10863	243.125 	 32.403 	 113.839
FD10863	243.250 	 32.392 	 113.838
FD10863	243.375 	 32.389 	 113.840
FD10863	243.500 	 32.384 	 113.832
FD10863	243.625 	 32.386 	 113.825
FD10863	243.750 	 32.382 	 113.820
FD10863	243.875 	 32.381 	 113.816
FD10863	244.000 	 32.382 	 113.807
FD10863	244.125 	 32.380 	 113.799
FD10863	244.250 	 32.383 	 113.793
FD10863	244.375 	 32.382 	 113.790
FD10863	244.500 	 32.382 	 113.787
FD10863	244.625 	 32.384 	 113.783
FD10863	244.750 	 32.386 	 113.779
FD10863	244.875 	 32.393 	 113.776
FD10863	245.000 	 32.393 	 113.777
FD10863	245.125 	 32.399 	 113.774
FD10863	245.250 	 32.406 	 113.775
FD10863	245.375 	 32.402 	 113.775
FD10863	245.500 	 32.409 	 113.776
FD10863	245.625 	 32.409 	 113.774
FD10863	245.750 	 32.409 	 113.774
FD10863	245.875 	 32.409 	 113.776
FD10863	246.000 	 32.409 	 113.774
FD10863	246.125 	 32.409 	 113.774
FD10863	246.250 	 32.409 	 113.776
FD10863	246.375 	 32.409 	 113.774
FD10863	246.500 	 32.409 	 113.776
FD10863	246.625 	 32.409 	 113.774
FD10863	246.750 	 32.409 	 113.774
FD10863	246.875 	 32.409 	 113.776
FD10863	247.000 	 32.409 	 113.774
FD10863	247.125 	 32.409 	 113.774
FD10863	247.250 	 32.409 	 113.776
FD10863	247.375 	 32.409 	 113.774
FD10863	247.500 	 32.409 	 113.774
FD10863	247.625 	 32.407 	 113.778
FD10863	247.750 	 32.405 	 113.774
FD10863	247.875 	 32.409 	 113.774
FD10863	248.000 	 32.409 	 113.776
FD10863	248.125 	 32.409 	 113.774
FD10863	248.250 	 32.409 	 113.776
FD10863	248.375 	 32.409 	 113.774
FD10863	248.500 	 32.409 	 113.774
FD10863	248.625 	 32.409 	 113.776
FD10863	248.750 	 32.409 	 113.774
FD10863	248.875 	 32.406 	 113.775
FD10863	249.000 	 32.402 	 113.775
FD10863	249.125 	 32.399 	 113.772
FD10863	249.250 	 32.390 	 113.779
FD10863	249.375 	 32.386 	 113.774
FD10863	249.500 	 32.383 	 113.775
FD10863	249.625 	 32.383 	 113.775
FD10863	249.750 	 32.382 	 113.774
FD10863	249.875 	 32.383 	 113.775
FD10863	250.000 	 32.383 	 113.775
FD10863	250.125 	 32.386 	 113.774
FD10863	250.250 	 32.383 	 113.777
FD10863	250.375 	 32.389 	 113.774
FD10863	250.500 	 32.396 	 113.775
FD10863	250.625 	 32.396 	 113.776
FD10863	250.750 	 32.406 	 113.774
FD10863	250.875 	 32.402 	 113.775
FD10863	251.000 	 32.409 	 113.773
FD10863	251.125 	 32.409 	 113.776
FD10863	251.250 	 32.409 	 113.774
FD10863	251.375 	 32.409 	 113.774
FD10863	251.500 	 32.407 	 113.778
FD10863	251.625 	 32.409 	 113.774
FD10863	251.750 	 32.409 	 113.774
FD10863	251.875 	 32.409 	 113.776
FD10863	252.000 	 32.409 	 113.774
FD10863	252.125 	 32.409 	 113.776
FD10863	252.250 	 32.409 	 113.774
FD10863	252.375 	 32.409 	 113.774
FD10863	252.500 	 32.409 	 113.776
FD10863	252.625 	 32.409 	 113.774
FD10863	252.750 	 32.409 	 113.774
FD10863	252.875 	 32.409 	 113.776
FD10863	253.000 	 32.409 	 113.774
FD10863	253.125 	 32.405 	 113.774
FD10863	253.250 	 32.409 	 113.776
FD10863	253.375 	 32.409 	 113.774
FD10863	253.500 	 32.409 	 113.776
FD10863	253.625 	 32.409 	 113.774
FD10863	253.750 	 32.409 	 113.774
FD10863	253.875 	 32.409 	 113.776
FD10863	254.000 	 32.409 	 113.774
FD10863	254.125 	 32.406 	 113.777
FD10863	254.250 	 32.409 	 113.776
FD10863	254.375 	 32.409 	 113.774
FD10863	254.500 	 32.409 	 113.774
FD10863	254.625 	 32.409 	 113.776
FD10863	254.750 	 32.409 	 113.774
FD10863	254.875 	 32.409 	 113.774
FD10863	255.000 	 32.409 	 113.776
FD10863	255.125 	 0.000 	 90.000
FD10863	255.250 	 0.000 	 90.000
FD10863	255.375 	 0.000 	 90.000
FD10863	255.500 	 0.000 	 90.000
FD10863	255.625 	 0.000 	 90.000
FD10863	255.750 	 0.000 	 90.000
FD10863	255.875 	 0.000 	 90.000
FD10863	256.000 	 0.000 	 90.000
FD10863	256.125 	 0.000 	 90.000
FD10863	256.250 	 0.000 	 90.000
FD10863	256.375 	 0.000 	 90.000
FD10863	256.500 	 0.000 	 90.000
FD10863	256.625 	 0.000 	 90.000
FD10863	256.750 	 0.000 	 90.000
FD10863	256.875 	 0.000 	 90.000
FD10863	257.000 	 0.000 	 90.000
FD10863	257.125 	 0.000 	 90.000
FD10863	257.250 	 0.000 	 90.000
FD10863	257.375 	 0.000 	 90.000
FD10863	257.500 	 0.000 	 90.000
FD10863	257.625 	 0.000 	 90.000
FD10863	257.750 	 0.000 	 90.000
FD10863	257.875 	 0.000 	 90.000
FD10863	258.000 	 0.000 	 90.000
FD10863	258.125 	 0.000 	 90.000
FD10863	258.250 	 0.000 	 90.000
FD10863	258.375 	 0.000 	 90.000
FD10863	258.500 	 0.000 	 90.000
FD10863	258.625 	 0.000 	 90.000
FD10863	258.750 	 0.000 	 90.000
FD10863	258.875 	 0.000 	 90.000
FD10863	259.000 	 0.000 	 90.000
FD10863	259.125 	 0.000 	 90.000
FD10863	259.250 	 0.000 	 90.000
FD10863	259.375 	 0.000 	 90.000
FD10863	259.500 	 0.000 	 90.000
FD10863	259.625 	 0.000 	 90.000
FD10863	259.750 	 0.000 	 90.000
FD10863	259.875 	 0.000 	 90.000
FD10863	260.000 	 0.000 	 90.000
FD10863	260.125 	 0.000 	 90.000
FD10863	260.250 	 0.000 	 90.000
FD10863	260.375 	 0.000 	 90.000
FD10863	260.500 	 0.000 	 90.000
FD10863	260.625 	 0.000 	 90.000
FD10863	260.750 	 0.000 	 90.000
FD10863	260.875 	 0.000 	 90.000
FD10863	261.000 	 0.000 	 90.000
FD10863	261.125 	 0.000 	 90.000
FD10863	261.250 	 0.000 	 90.000
FD10863	261.375 	 0.000 	 90.000
FD10863	261.500 	 0.000 	 90.000
FD10863	261.625 	 0.000 	 90.000
FD10863	261.750 	 0.000 	 90.000
FD10863	261.875 	 0.000 	 90.000
FD10863	262.000 	 0.000 	 90.000
FD10863	262.125 	 0.000 	 90.000
FD10863	262.250 	 0.000 	 90.000
FD10863	262.375 	 0.000 	 90.000
FD10863	262.500 	 0.000 	 90.000
FD10863	262.625 	 0.000 	 90.000
FD10863	262.750 	 0.000 	 90.000
FD10863	262.875 	 0.000 	 90.000
FD10863	263.000 	 0.000 	 90.000
FD10863	263.125 	 0.000 	 90.000
FD10863	263.250 	 0.000 	 90.000
FD10863	263.375 	 0.000 	 90.000
FD10863	263.500 	 0.000 	 90.000
FD10863	263.625 	 0.000 	 90.000
FD10863	263.750 	 0.000 	 90.000
FD10863	263.875 	 0.000 	 90.000
FD10863	264.000 	 0.000 	 90.000
FD10863	264.125 	 0.000 	 90.000
FD10863	264.250 	 0.000 	 90.000
FD10863	264.375 	 0.000 	 90.000
FD10863	264.500 	 0.000 	 90.000
FD10863	264.625 	 0.000 	 90.000
FD10863	264.750 	 0.000 	 90.000
FD10863	264.875 	 0.000 	 90.000
FD10863	265.000 	 0.000 	 90.000
