#WellName	 Depth.M	 INCL	 AZIM 
WellName	 Depth.M	 INCL	 AZIM 
FD10880	0.000 	 0.000 	 0.000
FD10880	0.125 	 0.000 	 90.000
FD10880	0.250 	 0.000 	 90.000
FD10880	0.375 	 0.000 	 90.000
FD10880	0.500 	 0.000 	 90.000
FD10880	0.625 	 0.000 	 90.000
FD10880	0.750 	 0.000 	 90.000
FD10880	0.875 	 0.000 	 90.000
FD10880	1.000 	 0.000 	 90.000
FD10880	1.125 	 0.000 	 90.000
FD10880	1.250 	 0.000 	 90.000
FD10880	1.375 	 0.000 	 90.000
FD10880	1.500 	 0.000 	 90.000
FD10880	1.625 	 0.000 	 90.000
FD10880	1.750 	 0.000 	 90.000
FD10880	1.875 	 0.000 	 90.000
FD10880	2.000 	 0.000 	 90.000
FD10880	2.125 	 0.000 	 90.000
FD10880	2.250 	 0.000 	 90.000
FD10880	2.375 	 0.000 	 90.000
FD10880	2.500 	 0.000 	 90.000
FD10880	2.625 	 0.000 	 90.000
FD10880	2.750 	 0.000 	 90.000
FD10880	2.875 	 0.000 	 90.000
FD10880	3.000 	 0.000 	 90.000
FD10880	3.125 	 0.000 	 90.000
FD10880	3.250 	 0.000 	 90.000
FD10880	3.375 	 0.000 	 90.000
FD10880	3.500 	 0.000 	 90.000
FD10880	3.625 	 0.000 	 90.000
FD10880	3.750 	 0.000 	 90.000
FD10880	3.875 	 0.000 	 90.000
FD10880	4.000 	 0.000 	 90.000
FD10880	4.125 	 0.000 	 90.000
FD10880	4.250 	 0.000 	 90.000
FD10880	4.375 	 0.000 	 90.000
FD10880	4.500 	 0.000 	 90.000
FD10880	4.625 	 0.000 	 90.000
FD10880	4.750 	 0.000 	 90.000
FD10880	4.875 	 0.000 	 90.000
FD10880	5.000 	 0.000 	 90.000
FD10880	5.125 	 0.000 	 90.000
FD10880	5.250 	 0.000 	 90.000
FD10880	5.375 	 0.000 	 90.000
FD10880	5.500 	 0.000 	 90.000
FD10880	5.625 	 0.000 	 90.000
FD10880	5.750 	 0.000 	 90.000
FD10880	5.875 	 0.000 	 90.000
FD10880	6.000 	 0.000 	 90.000
FD10880	6.125 	 0.000 	 90.000
FD10880	6.250 	 0.000 	 90.000
FD10880	6.375 	 0.000 	 90.000
FD10880	6.500 	 0.000 	 90.000
FD10880	6.625 	 0.000 	 90.000
FD10880	6.750 	 0.000 	 90.000
FD10880	6.875 	 0.000 	 90.000
FD10880	7.000 	 0.000 	 90.000
FD10880	7.125 	 0.000 	 90.000
FD10880	7.250 	 0.000 	 90.000
FD10880	7.375 	 0.000 	 90.000
FD10880	7.500 	 0.000 	 90.000
FD10880	7.625 	 0.000 	 90.000
FD10880	7.750 	 0.000 	 90.000
FD10880	7.875 	 0.000 	 90.000
FD10880	8.000 	 0.000 	 90.000
FD10880	8.125 	 0.000 	 90.000
FD10880	8.250 	 0.000 	 90.000
FD10880	8.375 	 0.000 	 90.000
FD10880	8.500 	 0.000 	 90.000
FD10880	8.625 	 0.000 	 90.000
FD10880	8.750 	 0.000 	 90.000
FD10880	8.875 	 0.000 	 90.000
FD10880	9.000 	 0.000 	 90.000
FD10880	9.125 	 0.000 	 90.000
FD10880	9.250 	 0.000 	 90.000
FD10880	9.375 	 0.000 	 90.000
FD10880	9.500 	 0.000 	 90.000
FD10880	9.625 	 0.000 	 90.000
FD10880	9.750 	 0.000 	 90.000
FD10880	9.875 	 0.000 	 90.000
FD10880	10.000 	 0.000 	 90.000
FD10880	10.125 	 0.000 	 90.000
FD10880	10.250 	 0.000 	 90.000
FD10880	10.375 	 0.000 	 90.000
FD10880	10.500 	 0.000 	 90.000
FD10880	10.625 	 0.000 	 90.000
FD10880	10.750 	 0.000 	 90.000
FD10880	10.875 	 0.000 	 90.000
FD10880	11.000 	 0.000 	 90.000
FD10880	11.125 	 0.000 	 90.000
FD10880	11.250 	 0.000 	 90.000
FD10880	11.375 	 0.000 	 90.000
FD10880	11.500 	 0.000 	 90.000
FD10880	11.625 	 0.000 	 90.000
FD10880	11.750 	 0.000 	 90.000
FD10880	11.875 	 0.000 	 90.000
FD10880	12.000 	 0.000 	 90.000
FD10880	12.125 	 0.000 	 90.000
FD10880	12.250 	 0.000 	 90.000
FD10880	12.375 	 0.000 	 90.000
FD10880	12.500 	 0.000 	 90.000
FD10880	12.625 	 0.000 	 90.000
FD10880	12.750 	 0.000 	 90.000
FD10880	12.875 	 0.000 	 90.000
FD10880	13.000 	 0.000 	 90.000
FD10880	13.125 	 0.000 	 90.000
FD10880	13.250 	 0.000 	 90.000
FD10880	13.375 	 0.000 	 90.000
FD10880	13.500 	 0.000 	 90.000
FD10880	13.625 	 0.000 	 90.000
FD10880	13.750 	 0.000 	 90.000
FD10880	13.875 	 0.000 	 90.000
FD10880	14.000 	 0.000 	 90.000
FD10880	14.125 	 0.000 	 90.000
FD10880	14.250 	 0.000 	 90.000
FD10880	14.375 	 0.000 	 90.000
FD10880	14.500 	 0.000 	 90.000
FD10880	14.625 	 0.000 	 90.000
FD10880	14.750 	 0.000 	 90.000
FD10880	14.875 	 0.000 	 90.000
FD10880	15.000 	 0.000 	 90.000
FD10880	15.125 	 0.000 	 90.000
FD10880	15.250 	 0.000 	 90.000
FD10880	15.375 	 0.000 	 90.000
FD10880	15.500 	 0.000 	 90.000
FD10880	15.625 	 0.000 	 90.000
FD10880	15.750 	 0.000 	 90.000
FD10880	15.875 	 0.000 	 90.000
FD10880	16.000 	 0.000 	 90.000
FD10880	16.125 	 0.000 	 90.000
FD10880	16.250 	 0.000 	 90.000
FD10880	16.375 	 0.000 	 90.000
FD10880	16.500 	 0.000 	 90.000
FD10880	16.625 	 0.000 	 90.000
FD10880	16.750 	 0.000 	 90.000
FD10880	16.875 	 0.000 	 90.000
FD10880	17.000 	 0.000 	 90.000
FD10880	17.125 	 0.000 	 90.000
FD10880	17.250 	 0.000 	 90.000
FD10880	17.375 	 0.000 	 90.000
FD10880	17.500 	 0.000 	 90.000
FD10880	17.625 	 0.000 	 90.000
FD10880	17.750 	 0.000 	 90.000
FD10880	17.875 	 0.000 	 90.000
FD10880	18.000 	 0.000 	 90.000
FD10880	18.125 	 0.000 	 90.000
FD10880	18.250 	 0.000 	 90.000
FD10880	18.375 	 0.000 	 90.000
FD10880	18.500 	 0.000 	 90.000
FD10880	18.625 	 0.000 	 90.000
FD10880	18.750 	 0.000 	 90.000
FD10880	18.875 	 0.000 	 90.000
FD10880	19.000 	 0.000 	 90.000
FD10880	19.125 	 0.000 	 90.000
FD10880	19.250 	 0.000 	 90.000
FD10880	19.375 	 0.000 	 90.000
FD10880	19.500 	 0.000 	 90.000
FD10880	19.625 	 0.000 	 90.000
FD10880	19.750 	 0.000 	 90.000
FD10880	19.875 	 0.000 	 90.000
FD10880	20.000 	 0.000 	 90.000
FD10880	20.125 	 0.000 	 90.000
FD10880	20.250 	 0.000 	 90.000
FD10880	20.375 	 0.000 	 90.000
FD10880	20.500 	 0.000 	 90.000
FD10880	20.625 	 0.000 	 90.000
FD10880	20.750 	 0.000 	 90.000
FD10880	20.875 	 0.000 	 90.000
FD10880	21.000 	 0.000 	 90.000
FD10880	21.125 	 0.000 	 90.000
FD10880	21.250 	 0.000 	 90.000
FD10880	21.375 	 0.000 	 90.000
FD10880	21.500 	 0.000 	 90.000
FD10880	21.625 	 0.000 	 90.000
FD10880	21.750 	 0.000 	 90.000
FD10880	21.875 	 0.000 	 90.000
FD10880	22.000 	 0.000 	 90.000
FD10880	22.125 	 0.000 	 90.000
FD10880	22.250 	 0.000 	 90.000
FD10880	22.375 	 0.000 	 90.000
FD10880	22.500 	 0.000 	 90.000
FD10880	22.625 	 0.000 	 90.000
FD10880	22.750 	 0.000 	 90.000
FD10880	22.875 	 0.000 	 90.000
FD10880	23.000 	 0.000 	 90.000
FD10880	23.125 	 0.000 	 90.000
FD10880	23.250 	 0.000 	 90.000
FD10880	23.375 	 0.000 	 90.000
FD10880	23.500 	 0.000 	 90.000
FD10880	23.625 	 0.000 	 90.000
FD10880	23.750 	 0.000 	 90.000
FD10880	23.875 	 0.000 	 90.000
FD10880	24.000 	 0.000 	 90.000
FD10880	24.125 	 0.000 	 90.000
FD10880	24.250 	 0.000 	 90.000
FD10880	24.375 	 0.000 	 90.000
FD10880	24.500 	 0.000 	 90.000
FD10880	24.625 	 0.000 	 90.000
FD10880	24.750 	 0.000 	 90.000
FD10880	24.875 	 0.000 	 90.000
FD10880	25.000 	 0.000 	 90.000
FD10880	25.125 	 0.000 	 90.000
FD10880	25.250 	 0.000 	 90.000
FD10880	25.375 	 0.000 	 90.000
FD10880	25.500 	 0.000 	 90.000
FD10880	25.625 	 0.000 	 90.000
FD10880	25.750 	 0.000 	 90.000
FD10880	25.875 	 0.000 	 90.000
FD10880	26.000 	 0.000 	 90.000
FD10880	26.125 	 0.000 	 90.000
FD10880	26.250 	 0.000 	 90.000
FD10880	26.375 	 0.000 	 90.000
FD10880	26.500 	 0.000 	 90.000
FD10880	26.625 	 0.000 	 90.000
FD10880	26.750 	 0.000 	 90.000
FD10880	26.875 	 0.000 	 90.000
FD10880	27.000 	 0.000 	 90.000
FD10880	27.125 	 0.000 	 90.000
FD10880	27.250 	 0.000 	 90.000
FD10880	27.375 	 0.000 	 90.000
FD10880	27.500 	 0.000 	 90.000
FD10880	27.625 	 0.000 	 90.000
FD10880	27.750 	 0.000 	 90.000
FD10880	27.875 	 0.000 	 90.000
FD10880	28.000 	 0.000 	 90.000
FD10880	28.125 	 0.000 	 90.000
FD10880	28.250 	 0.000 	 90.000
FD10880	28.375 	 0.000 	 90.000
FD10880	28.500 	 0.000 	 90.000
FD10880	28.625 	 0.000 	 90.000
FD10880	28.750 	 0.000 	 90.000
FD10880	28.875 	 0.000 	 90.000
FD10880	29.000 	 0.000 	 90.000
FD10880	29.125 	 0.000 	 90.000
FD10880	29.250 	 0.000 	 90.000
FD10880	29.375 	 0.000 	 90.000
FD10880	29.500 	 0.000 	 90.000
FD10880	29.625 	 0.000 	 90.000
FD10880	29.750 	 0.000 	 90.000
FD10880	29.875 	 0.000 	 90.000
FD10880	30.000 	 0.000 	 90.000
FD10880	30.125 	 0.000 	 90.000
FD10880	30.250 	 0.000 	 90.000
FD10880	30.375 	 0.000 	 90.000
FD10880	30.500 	 0.000 	 90.000
FD10880	30.625 	 0.000 	 90.000
FD10880	30.750 	 0.000 	 90.000
FD10880	30.875 	 0.000 	 90.000
FD10880	31.000 	 0.000 	 90.000
FD10880	31.125 	 0.000 	 90.000
FD10880	31.250 	 0.000 	 90.000
FD10880	31.375 	 0.000 	 90.000
FD10880	31.500 	 0.000 	 90.000
FD10880	31.625 	 0.000 	 90.000
FD10880	31.750 	 0.000 	 90.000
FD10880	31.875 	 0.000 	 90.000
FD10880	32.000 	 0.000 	 90.000
FD10880	32.125 	 0.000 	 90.000
FD10880	32.250 	 0.000 	 90.000
FD10880	32.375 	 0.000 	 90.000
FD10880	32.500 	 0.000 	 90.000
FD10880	32.625 	 0.000 	 90.000
FD10880	32.750 	 0.000 	 90.000
FD10880	32.875 	 0.000 	 90.000
FD10880	33.000 	 0.000 	 90.000
FD10880	33.125 	 1.259 	 90.250
FD10880	33.250 	 1.275 	 90.295
FD10880	33.375 	 1.292 	 90.454
FD10880	33.500 	 1.309 	 90.627
FD10880	33.625 	 1.326 	 90.868
FD10880	33.750 	 1.342 	 91.107
FD10880	33.875 	 1.359 	 91.464
FD10880	34.000 	 1.376 	 92.011
FD10880	34.125 	 1.394 	 92.599
FD10880	34.250 	 1.411 	 93.146
FD10880	34.375 	 1.429 	 93.662
FD10880	34.500 	 1.448 	 94.079
FD10880	34.625 	 1.466 	 93.991
FD10880	34.750 	 1.484 	 93.448
FD10880	34.875 	 1.504 	 92.794
FD10880	35.000 	 1.522 	 92.148
FD10880	35.125 	 1.542 	 91.648
FD10880	35.250 	 1.560 	 91.325
FD10880	35.375 	 1.579 	 91.154
FD10880	35.500 	 1.597 	 90.970
FD10880	35.625 	 1.617 	 90.783
FD10880	35.750 	 1.637 	 90.710
FD10880	35.875 	 1.657 	 90.556
FD10880	36.000 	 1.677 	 90.396
FD10880	36.125 	 1.697 	 90.319
FD10880	36.250 	 1.719 	 90.220
FD10880	36.375 	 1.739 	 90.116
FD10880	36.500 	 1.760 	 90.041
FD10880	36.625 	 1.782 	 89.998
FD10880	36.750 	 1.803 	 89.979
FD10880	36.875 	 1.825 	 90.012
FD10880	37.000 	 1.846 	 90.006
FD10880	37.125 	 1.869 	 89.880
FD10880	37.250 	 1.892 	 89.723
FD10880	37.375 	 1.915 	 89.591
FD10880	37.500 	 1.939 	 89.531
FD10880	37.625 	 1.963 	 89.547
FD10880	37.750 	 1.987 	 89.531
FD10880	37.875 	 2.010 	 89.410
FD10880	38.000 	 2.034 	 89.286
FD10880	38.125 	 2.057 	 89.155
FD10880	38.250 	 2.080 	 88.979
FD10880	38.375 	 2.102 	 88.786
FD10880	38.500 	 2.124 	 88.531
FD10880	38.625 	 2.146 	 88.306
FD10880	38.750 	 2.169 	 88.210
FD10880	38.875 	 2.192 	 88.160
FD10880	39.000 	 2.216 	 88.021
FD10880	39.125 	 2.241 	 87.806
FD10880	39.250 	 2.267 	 87.724
FD10880	39.375 	 2.293 	 87.795
FD10880	39.500 	 2.321 	 87.773
FD10880	39.625 	 2.348 	 87.674
FD10880	39.750 	 2.376 	 87.600
FD10880	39.875 	 2.405 	 87.529
FD10880	40.000 	 2.434 	 87.432
FD10880	40.125 	 2.464 	 87.460
FD10880	40.250 	 2.494 	 87.642
FD10880	40.375 	 2.526 	 87.691
FD10880	40.500 	 2.558 	 87.595
FD10880	40.625 	 2.590 	 87.452
FD10880	40.750 	 2.622 	 87.367
FD10880	40.875 	 2.652 	 87.422
FD10880	41.000 	 2.682 	 87.471
FD10880	41.125 	 2.710 	 87.482
FD10880	41.250 	 2.738 	 87.397
FD10880	41.375 	 2.764 	 87.375
FD10880	41.500 	 2.789 	 87.454
FD10880	41.625 	 2.813 	 87.536
FD10880	41.750 	 2.836 	 87.707
FD10880	41.875 	 2.859 	 87.872
FD10880	42.000 	 2.879 	 88.042
FD10880	42.125 	 2.900 	 88.042
FD10880	42.250 	 2.919 	 87.820
FD10880	42.375 	 2.937 	 87.665
FD10880	42.500 	 2.955 	 87.317
FD10880	42.625 	 2.972 	 86.741
FD10880	42.750 	 2.992 	 86.474
FD10880	42.875 	 3.012 	 86.386
FD10880	43.000 	 3.033 	 85.883
FD10880	43.125 	 3.055 	 85.274
FD10880	43.250 	 3.080 	 85.038
FD10880	43.375 	 3.104 	 84.883
FD10880	43.500 	 3.130 	 84.552
FD10880	43.625 	 3.158 	 84.288
FD10880	43.750 	 3.187 	 84.260
FD10880	43.875 	 3.216 	 84.145
FD10880	44.000 	 3.246 	 83.994
FD10880	44.125 	 3.277 	 83.956
FD10880	44.250 	 3.310 	 83.859
FD10880	44.375 	 3.343 	 83.914
FD10880	44.500 	 3.378 	 84.153
FD10880	44.625 	 3.413 	 84.202
FD10880	44.750 	 3.449 	 84.197
FD10880	44.875 	 3.485 	 84.186
FD10880	45.000 	 3.523 	 83.964
FD10880	45.125 	 3.560 	 83.601
FD10880	45.250 	 3.598 	 83.288
FD10880	45.375 	 3.635 	 83.101
FD10880	45.500 	 3.671 	 83.029
FD10880	45.625 	 3.708 	 82.909
FD10880	45.750 	 3.742 	 82.681
FD10880	45.875 	 3.778 	 82.582
FD10880	46.000 	 3.814 	 82.624
FD10880	46.125 	 3.850 	 82.624
FD10880	46.250 	 3.886 	 82.665
FD10880	46.375 	 3.924 	 82.626
FD10880	46.500 	 3.962 	 82.522
FD10880	46.625 	 4.000 	 82.483
FD10880	46.750 	 4.037 	 82.494
FD10880	46.875 	 4.074 	 82.461
FD10880	47.000 	 4.109 	 82.453
FD10880	47.125 	 4.144 	 82.536
FD10880	47.250 	 4.177 	 82.544
FD10880	47.375 	 4.210 	 82.400
FD10880	47.500 	 4.242 	 82.269
FD10880	47.625 	 4.272 	 82.264
FD10880	47.750 	 4.301 	 82.398
FD10880	47.875 	 4.330 	 82.519
FD10880	48.000 	 4.358 	 82.428
FD10880	48.125 	 4.387 	 82.373
FD10880	48.250 	 4.417 	 82.316
FD10880	48.375 	 4.445 	 82.156
FD10880	48.500 	 4.474 	 81.950
FD10880	48.625 	 4.502 	 81.846
FD10880	48.750 	 4.529 	 81.906
FD10880	48.875 	 4.557 	 82.016
FD10880	49.000 	 4.585 	 82.084
FD10880	49.125 	 4.611 	 81.958
FD10880	49.250 	 4.638 	 81.682
FD10880	49.375 	 4.665 	 81.473
FD10880	49.500 	 4.693 	 81.354
FD10880	49.625 	 4.722 	 81.238
FD10880	49.750 	 4.753 	 81.115
FD10880	49.875 	 4.785 	 81.192
FD10880	50.000 	 4.817 	 81.357
FD10880	50.125 	 4.848 	 81.440
FD10880	50.250 	 4.880 	 81.436
FD10880	50.375 	 4.911 	 81.453
FD10880	50.500 	 4.943 	 81.354
FD10880	50.625 	 4.974 	 81.069
FD10880	50.750 	 5.005 	 80.997
FD10880	50.875 	 5.034 	 80.959
FD10880	51.000 	 5.064 	 80.717
FD10880	51.125 	 5.093 	 80.546
FD10880	51.250 	 5.121 	 80.539
FD10880	51.375 	 5.151 	 80.495
FD10880	51.500 	 5.179 	 80.308
FD10880	51.625 	 5.209 	 80.143
FD10880	51.750 	 5.238 	 80.143
FD10880	51.875 	 5.266 	 80.132
FD10880	52.000 	 5.296 	 80.163
FD10880	52.125 	 5.324 	 80.212
FD10880	52.250 	 5.354 	 80.135
FD10880	52.375 	 5.382 	 79.888
FD10880	52.500 	 5.410 	 79.706
FD10880	52.625 	 5.438 	 79.838
FD10880	52.750 	 5.466 	 79.858
FD10880	52.875 	 5.495 	 79.654
FD10880	53.000 	 5.524 	 79.514
FD10880	53.125 	 5.555 	 79.410
FD10880	53.250 	 5.587 	 79.232
FD10880	53.375 	 5.621 	 78.962
FD10880	53.500 	 5.655 	 78.753
FD10880	53.625 	 5.690 	 78.643
FD10880	53.750 	 5.726 	 78.600
FD10880	53.875 	 5.764 	 78.589
FD10880	54.000 	 5.802 	 78.424
FD10880	54.125 	 5.840 	 78.330
FD10880	54.250 	 5.877 	 78.256
FD10880	54.375 	 5.915 	 78.135
FD10880	54.500 	 5.954 	 78.039
FD10880	54.625 	 5.992 	 77.962
FD10880	54.750 	 6.030 	 77.824
FD10880	54.875 	 6.067 	 77.649
FD10880	55.000 	 6.102 	 77.594
FD10880	55.125 	 6.136 	 77.506
FD10880	55.250 	 6.166 	 77.404
FD10880	55.375 	 6.198 	 77.492
FD10880	55.500 	 6.230 	 77.680
FD10880	55.625 	 6.262 	 77.729
FD10880	55.750 	 6.294 	 77.762
FD10880	55.875 	 6.326 	 77.745
FD10880	56.000 	 6.359 	 77.693
FD10880	56.125 	 6.392 	 77.676
FD10880	56.250 	 6.426 	 77.616
FD10880	56.375 	 6.462 	 77.456
FD10880	56.500 	 6.497 	 77.182
FD10880	56.625 	 6.532 	 76.907
FD10880	56.750 	 6.568 	 76.834
FD10880	56.875 	 6.604 	 76.949
FD10880	57.000 	 6.643 	 76.940
FD10880	57.125 	 6.685 	 76.748
FD10880	57.250 	 6.729 	 76.559
FD10880	57.375 	 6.775 	 76.460
FD10880	57.500 	 6.821 	 76.383
FD10880	57.625 	 6.866 	 76.333
FD10880	57.750 	 6.910 	 76.301
FD10880	57.875 	 6.952 	 76.186
FD10880	58.000 	 6.994 	 76.144
FD10880	58.125 	 7.036 	 76.194
FD10880	58.250 	 7.077 	 76.166
FD10880	58.375 	 7.119 	 75.968
FD10880	58.500 	 7.160 	 75.784
FD10880	58.625 	 7.204 	 75.751
FD10880	58.750 	 7.248 	 75.740
FD10880	58.875 	 7.294 	 75.768
FD10880	59.000 	 7.342 	 75.693
FD10880	59.125 	 7.388 	 75.479
FD10880	59.250 	 7.434 	 75.454
FD10880	59.375 	 7.477 	 75.499
FD10880	59.500 	 7.518 	 75.345
FD10880	59.625 	 7.557 	 75.202
FD10880	59.750 	 7.593 	 75.062
FD10880	59.875 	 7.629 	 74.980
FD10880	60.000 	 7.666 	 74.897
FD10880	60.125 	 7.702 	 74.683
FD10880	60.250 	 7.739 	 74.507
FD10880	60.375 	 7.775 	 74.342
FD10880	60.500 	 7.810 	 74.199
FD10880	60.625 	 7.845 	 74.139
FD10880	60.750 	 7.878 	 74.131
FD10880	60.875 	 7.911 	 74.125
FD10880	61.000 	 7.942 	 74.123
FD10880	61.125 	 7.973 	 74.090
FD10880	61.250 	 8.003 	 74.051
FD10880	61.375 	 8.034 	 73.914
FD10880	61.500 	 8.066 	 73.856
FD10880	61.625 	 8.099 	 73.878
FD10880	61.750 	 8.132 	 73.848
FD10880	61.875 	 8.168 	 73.804
FD10880	62.000 	 8.202 	 73.727
FD10880	62.125 	 8.237 	 73.749
FD10880	62.250 	 8.273 	 73.813
FD10880	62.375 	 8.307 	 73.785
FD10880	62.500 	 8.339 	 73.710
FD10880	62.625 	 8.373 	 73.639
FD10880	62.750 	 8.405 	 73.659
FD10880	62.875 	 8.436 	 73.779
FD10880	63.000 	 8.466 	 73.683
FD10880	63.125 	 8.496 	 73.392
FD10880	63.250 	 8.526 	 73.334
FD10880	63.375 	 8.556 	 73.416
FD10880	63.500 	 8.587 	 73.405
FD10880	63.625 	 8.619 	 73.356
FD10880	63.750 	 8.654 	 73.392
FD10880	63.875 	 8.689 	 73.392
FD10880	64.000 	 8.726 	 73.411
FD10880	64.125 	 8.765 	 73.510
FD10880	64.250 	 8.804 	 73.540
FD10880	64.375 	 8.843 	 73.622
FD10880	64.500 	 8.884 	 73.666
FD10880	64.625 	 8.925 	 73.699
FD10880	64.750 	 8.968 	 73.678
FD10880	64.875 	 9.013 	 73.590
FD10880	65.000 	 9.059 	 73.562
FD10880	65.125 	 9.107 	 73.446
FD10880	65.250 	 9.155 	 73.290
FD10880	65.375 	 9.202 	 73.186
FD10880	65.500 	 9.252 	 73.117
FD10880	65.625 	 9.299 	 73.122
FD10880	65.750 	 9.346 	 73.174
FD10880	65.875 	 9.393 	 73.213
FD10880	66.000 	 9.439 	 73.111
FD10880	66.125 	 9.483 	 73.117
FD10880	66.250 	 9.527 	 73.249
FD10880	66.375 	 9.570 	 73.243
FD10880	66.500 	 9.612 	 73.232
FD10880	66.625 	 9.655 	 73.326
FD10880	66.750 	 9.695 	 73.433
FD10880	66.875 	 9.736 	 73.422
FD10880	67.000 	 9.776 	 73.339
FD10880	67.125 	 9.814 	 73.148
FD10880	67.250 	 9.850 	 73.068
FD10880	67.375 	 9.886 	 73.199
FD10880	67.500 	 9.922 	 73.265
FD10880	67.625 	 9.954 	 73.282
FD10880	67.750 	 9.985 	 73.348
FD10880	67.875 	 10.016 	 73.392
FD10880	68.000 	 10.045 	 73.260
FD10880	68.125 	 10.075 	 73.123
FD10880	68.250 	 10.105 	 73.139
FD10880	68.375 	 10.137 	 73.222
FD10880	68.500 	 10.168 	 73.196
FD10880	68.625 	 10.200 	 73.104
FD10880	68.750 	 10.231 	 73.153
FD10880	68.875 	 10.262 	 73.241
FD10880	69.000 	 10.294 	 73.326
FD10880	69.125 	 10.325 	 73.348
FD10880	69.250 	 10.357 	 73.329
FD10880	69.375 	 10.393 	 73.306
FD10880	69.500 	 10.428 	 73.229
FD10880	69.625 	 10.466 	 73.252
FD10880	69.750 	 10.504 	 73.240
FD10880	69.875 	 10.543 	 73.251
FD10880	70.000 	 10.581 	 73.362
FD10880	70.125 	 10.619 	 73.505
FD10880	70.250 	 10.657 	 73.411
FD10880	70.375 	 10.695 	 73.185
FD10880	70.500 	 10.735 	 73.112
FD10880	70.625 	 10.775 	 73.112
FD10880	70.750 	 10.815 	 73.087
FD10880	70.875 	 10.857 	 73.054
FD10880	71.000 	 10.899 	 73.002
FD10880	71.125 	 10.939 	 72.925
FD10880	71.250 	 10.981 	 72.950
FD10880	71.375 	 11.021 	 72.972
FD10880	71.500 	 11.059 	 72.919
FD10880	71.625 	 11.096 	 72.848
FD10880	71.750 	 11.132 	 72.843
FD10880	71.875 	 11.168 	 72.776
FD10880	72.000 	 11.205 	 72.714
FD10880	72.125 	 11.241 	 72.747
FD10880	72.250 	 11.276 	 72.672
FD10880	72.375 	 11.309 	 72.606
FD10880	72.500 	 11.342 	 72.710
FD10880	72.625 	 11.373 	 72.799
FD10880	72.750 	 11.404 	 72.876
FD10880	72.875 	 11.434 	 72.892
FD10880	73.000 	 11.462 	 72.840
FD10880	73.125 	 11.492 	 72.818
FD10880	73.250 	 11.521 	 72.815
FD10880	73.375 	 11.551 	 72.831
FD10880	73.500 	 11.581 	 72.859
FD10880	73.625 	 11.614 	 72.958
FD10880	73.750 	 11.644 	 73.112
FD10880	73.875 	 11.676 	 73.243
FD10880	74.000 	 11.708 	 73.356
FD10880	74.125 	 11.741 	 73.433
FD10880	74.250 	 11.773 	 73.505
FD10880	74.375 	 11.807 	 73.554
FD10880	74.500 	 11.840 	 73.664
FD10880	74.625 	 11.875 	 73.757
FD10880	74.750 	 11.911 	 73.730
FD10880	74.875 	 11.947 	 73.675
FD10880	75.000 	 11.983 	 73.636
FD10880	75.125 	 12.021 	 73.626
FD10880	75.250 	 12.060 	 73.708
FD10880	75.375 	 12.100 	 73.818
FD10880	75.500 	 12.139 	 73.834
FD10880	75.625 	 12.179 	 73.835
FD10880	75.750 	 12.219 	 73.853
FD10880	75.875 	 12.261 	 73.908
FD10880	76.000 	 12.303 	 73.911
FD10880	76.125 	 12.347 	 73.944
FD10880	76.250 	 12.389 	 74.004
FD10880	76.375 	 12.434 	 73.944
FD10880	76.500 	 12.477 	 73.859
FD10880	76.625 	 12.520 	 73.848
FD10880	76.750 	 12.561 	 73.859
FD10880	76.875 	 12.600 	 73.941
FD10880	77.000 	 12.638 	 74.007
FD10880	77.125 	 12.674 	 74.068
FD10880	77.250 	 12.709 	 74.229
FD10880	77.375 	 12.741 	 74.340
FD10880	77.500 	 12.773 	 74.323
FD10880	77.625 	 12.805 	 74.235
FD10880	77.750 	 12.836 	 74.240
FD10880	77.875 	 12.864 	 74.395
FD10880	78.000 	 12.896 	 74.540
FD10880	78.125 	 12.925 	 74.480
FD10880	78.250 	 12.954 	 74.290
FD10880	78.375 	 12.980 	 74.235
FD10880	78.500 	 13.007 	 74.282
FD10880	78.625 	 13.032 	 74.304
FD10880	78.750 	 13.056 	 74.342
FD10880	78.875 	 13.083 	 74.353
FD10880	79.000 	 13.107 	 74.436
FD10880	79.125 	 13.134 	 74.502
FD10880	79.250 	 13.160 	 74.400
FD10880	79.375 	 13.185 	 74.482
FD10880	79.500 	 13.210 	 74.666
FD10880	79.625 	 13.236 	 74.716
FD10880	79.750 	 13.264 	 74.724
FD10880	79.875 	 13.290 	 74.779
FD10880	80.000 	 13.316 	 74.828
FD10880	80.125 	 13.344 	 74.828
FD10880	80.250 	 13.371 	 74.880
FD10880	80.375 	 13.399 	 75.007
FD10880	80.500 	 13.430 	 75.188
FD10880	80.625 	 13.463 	 75.265
FD10880	80.750 	 13.498 	 75.314
FD10880	80.875 	 13.533 	 75.479
FD10880	81.000 	 13.572 	 75.567
FD10880	81.125 	 13.609 	 75.524
FD10880	81.250 	 13.650 	 75.452
FD10880	81.375 	 13.689 	 75.485
FD10880	81.500 	 13.728 	 75.578
FD10880	81.625 	 13.765 	 75.655
FD10880	81.750 	 13.800 	 75.740
FD10880	81.875 	 13.833 	 75.724
FD10880	82.000 	 13.865 	 75.688
FD10880	82.125 	 13.898 	 75.683
FD10880	82.250 	 13.930 	 75.729
FD10880	82.375 	 13.962 	 75.861
FD10880	82.500 	 13.994 	 76.039
FD10880	82.625 	 14.025 	 76.297
FD10880	82.750 	 14.059 	 76.518
FD10880	82.875 	 14.087 	 76.496
FD10880	83.000 	 14.119 	 76.297
FD10880	83.125 	 14.149 	 76.270
FD10880	83.250 	 14.181 	 76.484
FD10880	83.375 	 14.209 	 76.638
FD10880	83.500 	 14.242 	 76.622
FD10880	83.625 	 14.276 	 76.644
FD10880	83.750 	 14.312 	 76.696
FD10880	83.875 	 14.353 	 76.735
FD10880	84.000 	 14.392 	 76.828
FD10880	84.125 	 14.435 	 76.944
FD10880	84.250 	 14.477 	 77.073
FD10880	84.375 	 14.520 	 77.160
FD10880	84.500 	 14.562 	 77.187
FD10880	84.625 	 14.604 	 77.198
FD10880	84.750 	 14.647 	 77.149
FD10880	84.875 	 14.689 	 77.061
FD10880	85.000 	 14.734 	 76.982
FD10880	85.125 	 14.778 	 76.921
FD10880	85.250 	 14.823 	 76.885
FD10880	85.375 	 14.871 	 76.913
FD10880	85.500 	 14.920 	 77.073
FD10880	85.625 	 14.969 	 77.176
FD10880	85.750 	 15.016 	 77.251
FD10880	85.875 	 15.063 	 77.213
FD10880	86.000 	 15.107 	 77.070
FD10880	86.125 	 15.149 	 77.092
FD10880	86.250 	 15.188 	 77.108
FD10880	86.375 	 15.227 	 76.977
FD10880	86.500 	 15.264 	 76.680
FD10880	86.625 	 15.301 	 76.421
FD10880	86.750 	 15.334 	 76.374
FD10880	86.875 	 15.366 	 76.446
FD10880	87.000 	 15.397 	 76.449
FD10880	87.125 	 15.428 	 76.580
FD10880	87.250 	 15.458 	 76.699
FD10880	87.375 	 15.484 	 76.633
FD10880	87.500 	 15.511 	 76.660
FD10880	87.625 	 15.536 	 76.694
FD10880	87.750 	 15.560 	 76.845
FD10880	87.875 	 15.588 	 76.988
FD10880	88.000 	 15.615 	 77.051
FD10880	88.125 	 15.643 	 77.149
FD10880	88.250 	 15.675 	 77.179
FD10880	88.375 	 15.706 	 77.195
FD10880	88.500 	 15.739 	 77.265
FD10880	88.625 	 15.775 	 77.369
FD10880	88.750 	 15.811 	 77.470
FD10880	88.875 	 15.850 	 77.514
FD10880	89.000 	 15.885 	 77.479
FD10880	89.125 	 15.923 	 77.435
FD10880	89.250 	 15.960 	 77.402
FD10880	89.375 	 15.994 	 77.397
FD10880	89.500 	 16.029 	 77.457
FD10880	89.625 	 16.065 	 77.490
FD10880	89.750 	 16.101 	 77.509
FD10880	89.875 	 16.135 	 77.564
FD10880	90.000 	 16.169 	 77.501
FD10880	90.125 	 16.206 	 77.462
FD10880	90.250 	 16.241 	 77.537
FD10880	90.375 	 16.276 	 77.525
FD10880	90.500 	 16.311 	 77.548
FD10880	90.625 	 16.340 	 77.707
FD10880	90.750 	 16.369 	 77.825
FD10880	90.875 	 16.397 	 77.853
FD10880	91.000 	 16.421 	 77.976
FD10880	91.125 	 16.448 	 78.102
FD10880	91.250 	 16.476 	 78.091
FD10880	91.375 	 16.504 	 78.108
FD10880	91.500 	 16.534 	 78.204
FD10880	91.625 	 16.563 	 78.358
FD10880	91.750 	 16.593 	 78.526
FD10880	91.875 	 16.622 	 78.625
FD10880	92.000 	 16.653 	 78.671
FD10880	92.125 	 16.681 	 78.736
FD10880	92.250 	 16.710 	 78.923
FD10880	92.375 	 16.738 	 79.034
FD10880	92.500 	 16.768 	 79.069
FD10880	92.625 	 16.799 	 79.152
FD10880	92.750 	 16.832 	 79.143
FD10880	92.875 	 16.866 	 79.094
FD10880	93.000 	 16.899 	 79.064
FD10880	93.125 	 16.933 	 79.091
FD10880	93.250 	 16.964 	 79.127
FD10880	93.375 	 16.996 	 79.177
FD10880	93.500 	 17.027 	 79.218
FD10880	93.625 	 17.060 	 79.217
FD10880	93.750 	 17.092 	 79.242
FD10880	93.875 	 17.128 	 79.308
FD10880	94.000 	 17.163 	 79.286
FD10880	94.125 	 17.199 	 79.225
FD10880	94.250 	 17.235 	 79.305
FD10880	94.375 	 17.274 	 79.454
FD10880	94.500 	 17.312 	 79.753
FD10880	94.625 	 17.352 	 79.972
FD10880	94.750 	 17.392 	 79.940
FD10880	94.875 	 17.433 	 79.962
FD10880	95.000 	 17.472 	 79.935
FD10880	95.125 	 17.513 	 79.918
FD10880	95.250 	 17.554 	 79.970
FD10880	95.375 	 17.596 	 79.954
FD10880	95.500 	 17.642 	 79.973
FD10880	95.625 	 17.687 	 79.923
FD10880	95.750 	 17.731 	 79.788
FD10880	95.875 	 17.777 	 79.761
FD10880	96.000 	 17.821 	 79.764
FD10880	96.125 	 17.865 	 79.869
FD10880	96.250 	 17.907 	 80.165
FD10880	96.375 	 17.946 	 80.417
FD10880	96.500 	 17.984 	 80.461
FD10880	96.625 	 18.017 	 80.412
FD10880	96.750 	 18.049 	 80.329
FD10880	96.875 	 18.080 	 80.226
FD10880	97.000 	 18.110 	 80.319
FD10880	97.125 	 18.137 	 80.308
FD10880	97.250 	 18.163 	 80.179
FD10880	97.375 	 18.189 	 80.179
FD10880	97.500 	 18.208 	 80.173
FD10880	97.625 	 18.225 	 80.190
FD10880	97.750 	 18.240 	 80.256
FD10880	97.875 	 18.254 	 80.338
FD10880	98.000 	 18.268 	 80.500
FD10880	98.125 	 18.285 	 80.577
FD10880	98.250 	 18.302 	 80.500
FD10880	98.375 	 18.320 	 80.527
FD10880	98.500 	 18.340 	 80.736
FD10880	98.625 	 18.360 	 80.940
FD10880	98.750 	 18.383 	 81.030
FD10880	98.875 	 18.409 	 81.184
FD10880	99.000 	 18.437 	 81.280
FD10880	99.125 	 18.467 	 81.171
FD10880	99.250 	 18.504 	 81.031
FD10880	99.375 	 18.544 	 80.893
FD10880	99.500 	 18.584 	 80.890
FD10880	99.625 	 18.628 	 81.055
FD10880	99.750 	 18.671 	 81.088
FD10880	99.875 	 18.713 	 81.066
FD10880	100.000 	 18.754 	 81.132
FD10880	100.125 	 18.790 	 81.077
FD10880	100.250 	 18.825 	 80.926
FD10880	100.375 	 18.859 	 80.772
FD10880	100.500 	 18.892 	 80.695
FD10880	100.625 	 18.924 	 80.723
FD10880	100.750 	 18.956 	 80.706
FD10880	100.875 	 18.987 	 80.657
FD10880	101.000 	 19.021 	 80.651
FD10880	101.125 	 19.051 	 80.656
FD10880	101.250 	 19.081 	 80.855
FD10880	101.375 	 19.112 	 81.184
FD10880	101.500 	 19.144 	 81.283
FD10880	101.625 	 19.177 	 81.227
FD10880	101.750 	 19.211 	 81.365
FD10880	101.875 	 19.248 	 81.590
FD10880	102.000 	 19.290 	 81.670
FD10880	102.125 	 19.334 	 81.648
FD10880	102.250 	 19.382 	 81.558
FD10880	102.375 	 19.435 	 81.530
FD10880	102.500 	 19.488 	 81.563
FD10880	102.625 	 19.544 	 81.585
FD10880	102.750 	 19.601 	 81.624
FD10880	102.875 	 19.657 	 81.613
FD10880	103.000 	 19.711 	 81.502
FD10880	103.125 	 19.765 	 81.343
FD10880	103.250 	 19.818 	 81.263
FD10880	103.375 	 19.869 	 81.401
FD10880	103.500 	 19.920 	 81.332
FD10880	103.625 	 19.968 	 81.200
FD10880	103.750 	 20.014 	 81.211
FD10880	103.875 	 20.060 	 81.101
FD10880	104.000 	 20.104 	 81.171
FD10880	104.125 	 20.148 	 81.396
FD10880	104.250 	 20.192 	 81.371
FD10880	104.375 	 20.235 	 81.299
FD10880	104.500 	 20.280 	 81.304
FD10880	104.625 	 20.323 	 81.179
FD10880	104.750 	 20.366 	 81.066
FD10880	104.875 	 20.411 	 81.104
FD10880	105.000 	 20.457 	 81.318
FD10880	105.125 	 20.505 	 81.456
FD10880	105.250 	 20.553 	 81.390
FD10880	105.375 	 20.598 	 81.324
FD10880	105.500 	 20.647 	 81.396
FD10880	105.625 	 20.693 	 81.396
FD10880	105.750 	 20.738 	 81.352
FD10880	105.875 	 20.788 	 81.467
FD10880	106.000 	 20.835 	 81.434
FD10880	106.125 	 20.886 	 81.341
FD10880	106.250 	 20.935 	 81.319
FD10880	106.375 	 20.987 	 81.352
FD10880	106.500 	 21.041 	 81.324
FD10880	106.625 	 21.096 	 81.285
FD10880	106.750 	 21.154 	 81.440
FD10880	106.875 	 21.214 	 81.593
FD10880	107.000 	 21.276 	 81.646
FD10880	107.125 	 21.337 	 81.690
FD10880	107.250 	 21.400 	 81.697
FD10880	107.375 	 21.466 	 81.587
FD10880	107.500 	 21.530 	 81.503
FD10880	107.625 	 21.593 	 81.414
FD10880	107.750 	 21.652 	 81.282
FD10880	107.875 	 21.707 	 81.151
FD10880	108.000 	 21.757 	 81.083
FD10880	108.125 	 21.803 	 81.082
FD10880	108.250 	 21.844 	 81.099
FD10880	108.375 	 21.879 	 80.950
FD10880	108.500 	 21.911 	 80.687
FD10880	108.625 	 21.935 	 80.637
FD10880	108.750 	 21.956 	 80.470
FD10880	108.875 	 21.974 	 80.344
FD10880	109.000 	 21.990 	 80.675
FD10880	109.125 	 22.006 	 81.017
FD10880	109.250 	 22.019 	 81.074
FD10880	109.375 	 22.035 	 81.025
FD10880	109.500 	 22.051 	 81.003
FD10880	109.625 	 22.071 	 81.064
FD10880	109.750 	 22.092 	 81.291
FD10880	109.875 	 22.115 	 81.412
FD10880	110.000 	 22.144 	 81.429
FD10880	110.125 	 22.171 	 81.429
FD10880	110.250 	 22.202 	 81.466
FD10880	110.375 	 22.235 	 81.516
FD10880	110.500 	 22.273 	 81.357
FD10880	110.625 	 22.311 	 81.225
FD10880	110.750 	 22.356 	 81.222
FD10880	110.875 	 22.400 	 81.354
FD10880	111.000 	 22.448 	 81.404
FD10880	111.125 	 22.498 	 81.403
FD10880	111.250 	 22.548 	 81.478
FD10880	111.375 	 22.593 	 81.522
FD10880	111.500 	 22.640 	 81.524
FD10880	111.625 	 22.683 	 81.492
FD10880	111.750 	 22.726 	 81.491
FD10880	111.875 	 22.767 	 81.431
FD10880	112.000 	 22.807 	 81.302
FD10880	112.125 	 22.846 	 81.247
FD10880	112.250 	 22.884 	 81.195
FD10880	112.375 	 22.924 	 81.020
FD10880	112.500 	 22.965 	 80.934
FD10880	112.625 	 23.004 	 80.978
FD10880	112.750 	 23.043 	 81.009
FD10880	112.875 	 23.080 	 80.937
FD10880	113.000 	 23.118 	 80.962
FD10880	113.125 	 23.152 	 81.181
FD10880	113.250 	 23.188 	 81.250
FD10880	113.375 	 23.222 	 81.244
FD10880	113.500 	 23.260 	 81.261
FD10880	113.625 	 23.296 	 81.107
FD10880	113.750 	 23.333 	 80.939
FD10880	113.875 	 23.373 	 80.818
FD10880	114.000 	 23.415 	 80.715
FD10880	114.125 	 23.458 	 80.693
FD10880	114.250 	 23.500 	 80.516
FD10880	114.375 	 23.542 	 80.489
FD10880	114.500 	 23.580 	 80.555
FD10880	114.625 	 23.619 	 80.445
FD10880	114.750 	 23.658 	 80.445
FD10880	114.875 	 23.697 	 80.560
FD10880	115.000 	 23.733 	 80.528
FD10880	115.125 	 23.774 	 80.423
FD10880	115.250 	 23.811 	 80.398
FD10880	115.375 	 23.851 	 80.376
FD10880	115.500 	 23.891 	 80.544
FD10880	115.625 	 23.932 	 80.660
FD10880	115.750 	 23.972 	 80.497
FD10880	115.875 	 24.014 	 80.414
FD10880	116.000 	 24.057 	 80.566
FD10880	116.125 	 24.099 	 80.665
FD10880	116.250 	 24.142 	 80.670
FD10880	116.375 	 24.186 	 80.594
FD10880	116.500 	 24.232 	 80.494
FD10880	116.625 	 24.279 	 80.358
FD10880	116.750 	 24.324 	 80.281
FD10880	116.875 	 24.374 	 80.280
FD10880	117.000 	 24.420 	 80.174
FD10880	117.125 	 24.469 	 80.233
FD10880	117.250 	 24.514 	 80.294
FD10880	117.375 	 24.559 	 80.399
FD10880	117.500 	 24.600 	 80.478
FD10880	117.625 	 24.640 	 80.385
FD10880	117.750 	 24.676 	 80.511
FD10880	117.875 	 24.710 	 80.490
FD10880	118.000 	 24.743 	 80.292
FD10880	118.125 	 24.774 	 80.269
FD10880	118.250 	 24.806 	 80.295
FD10880	118.375 	 24.836 	 80.311
FD10880	118.500 	 24.870 	 80.181
FD10880	118.625 	 24.901 	 80.110
FD10880	118.750 	 24.929 	 80.170
FD10880	118.875 	 24.959 	 80.215
FD10880	119.000 	 24.987 	 80.234
FD10880	119.125 	 25.012 	 80.251
FD10880	119.250 	 25.039 	 80.294
FD10880	119.375 	 25.066 	 80.218
FD10880	119.500 	 25.092 	 80.247
FD10880	119.625 	 25.122 	 80.302
FD10880	119.750 	 25.155 	 80.182
FD10880	119.875 	 25.191 	 80.149
FD10880	120.000 	 25.231 	 80.277
FD10880	120.125 	 25.276 	 80.338
FD10880	120.250 	 25.320 	 80.374
FD10880	120.375 	 25.363 	 80.522
FD10880	120.500 	 25.408 	 80.593
FD10880	120.625 	 25.451 	 80.720
FD10880	120.750 	 25.492 	 80.811
FD10880	120.875 	 25.533 	 80.783
FD10880	121.000 	 25.574 	 80.794
FD10880	121.125 	 25.614 	 80.761
FD10880	121.250 	 25.654 	 80.681
FD10880	121.375 	 25.694 	 80.561
FD10880	121.500 	 25.737 	 80.572
FD10880	121.625 	 25.776 	 80.599
FD10880	121.750 	 25.817 	 80.538
FD10880	121.875 	 25.860 	 80.550
FD10880	122.000 	 25.901 	 80.417
FD10880	122.125 	 25.938 	 80.351
FD10880	122.250 	 25.976 	 80.489
FD10880	122.375 	 26.014 	 80.555
FD10880	122.500 	 26.052 	 80.489
FD10880	122.625 	 26.089 	 80.550
FD10880	122.750 	 26.127 	 80.711
FD10880	122.875 	 26.167 	 80.667
FD10880	123.000 	 26.207 	 80.662
FD10880	123.125 	 26.246 	 80.755
FD10880	123.250 	 26.288 	 80.759
FD10880	123.375 	 26.331 	 80.654
FD10880	123.500 	 26.375 	 80.610
FD10880	123.625 	 26.415 	 80.681
FD10880	123.750 	 26.458 	 80.676
FD10880	123.875 	 26.497 	 80.654
FD10880	124.000 	 26.536 	 80.654
FD10880	124.125 	 26.574 	 80.638
FD10880	124.250 	 26.611 	 80.472
FD10880	124.375 	 26.647 	 80.335
FD10880	124.500 	 26.686 	 80.451
FD10880	124.625 	 26.724 	 80.352
FD10880	124.750 	 26.762 	 80.332
FD10880	124.875 	 26.802 	 80.388
FD10880	125.000 	 26.844 	 80.215
FD10880	125.125 	 26.882 	 80.192
FD10880	125.250 	 26.923 	 80.270
FD10880	125.375 	 26.961 	 80.242
FD10880	125.500 	 26.996 	 80.277
FD10880	125.625 	 27.030 	 80.333
FD10880	125.750 	 27.059 	 80.333
FD10880	125.875 	 27.088 	 80.442
FD10880	126.000 	 27.116 	 80.500
FD10880	126.125 	 27.145 	 80.467
FD10880	126.250 	 27.173 	 80.513
FD10880	126.375 	 27.202 	 80.377
FD10880	126.500 	 27.230 	 80.163
FD10880	126.625 	 27.257 	 80.118
FD10880	126.750 	 27.284 	 80.198
FD10880	126.875 	 27.310 	 80.275
FD10880	127.000 	 27.337 	 80.273
FD10880	127.125 	 27.363 	 80.272
FD10880	127.250 	 27.389 	 80.280
FD10880	127.375 	 27.412 	 80.407
FD10880	127.500 	 27.441 	 80.456
FD10880	127.625 	 27.467 	 80.462
FD10880	127.750 	 27.496 	 80.500
FD10880	127.875 	 27.526 	 80.484
FD10880	128.000 	 27.554 	 80.508
FD10880	128.125 	 27.581 	 80.404
FD10880	128.250 	 27.608 	 80.247
FD10880	128.375 	 27.631 	 80.247
FD10880	128.500 	 27.654 	 80.184
FD10880	128.625 	 27.673 	 80.058
FD10880	128.750 	 27.692 	 79.992
FD10880	128.875 	 27.705 	 79.931
FD10880	129.000 	 27.719 	 79.904
FD10880	129.125 	 27.729 	 79.898
FD10880	129.250 	 27.735 	 79.934
FD10880	129.375 	 27.743 	 79.851
FD10880	129.500 	 27.748 	 79.747
FD10880	129.625 	 27.751 	 79.836
FD10880	129.750 	 27.754 	 79.865
FD10880	129.875 	 27.755 	 79.783
FD10880	130.000 	 27.758 	 79.824
FD10880	130.125 	 27.757 	 79.995
FD10880	130.250 	 27.758 	 79.942
FD10880	130.375 	 27.759 	 79.937
FD10880	130.500 	 27.758 	 80.041
FD10880	130.625 	 27.760 	 79.926
FD10880	130.750 	 27.762 	 79.759
FD10880	130.875 	 27.763 	 79.764
FD10880	131.000 	 27.764 	 79.783
FD10880	131.125 	 27.768 	 79.734
FD10880	131.250 	 27.769 	 79.843
FD10880	131.375 	 27.769 	 79.959
FD10880	131.500 	 27.767 	 79.940
FD10880	131.625 	 27.766 	 79.946
FD10880	131.750 	 27.763 	 80.022
FD10880	131.875 	 27.758 	 80.116
FD10880	132.000 	 27.758 	 80.063
FD10880	132.125 	 27.749 	 79.877
FD10880	132.250 	 27.747 	 79.898
FD10880	132.375 	 27.744 	 79.948
FD10880	132.500 	 27.740 	 79.992
FD10880	132.625 	 27.734 	 80.174
FD10880	132.750 	 27.730 	 80.187
FD10880	132.875 	 27.726 	 80.132
FD10880	133.000 	 27.722 	 80.105
FD10880	133.125 	 27.723 	 80.022
FD10880	133.250 	 27.719 	 80.099
FD10880	133.375 	 27.723 	 80.198
FD10880	133.500 	 27.722 	 80.127
FD10880	133.625 	 27.725 	 80.105
FD10880	133.750 	 27.736 	 80.099
FD10880	133.875 	 27.737 	 80.121
FD10880	134.000 	 27.746 	 80.171
FD10880	134.125 	 27.751 	 80.187
FD10880	134.250 	 27.760 	 80.141
FD10880	134.375 	 27.764 	 79.997
FD10880	134.500 	 27.769 	 79.989
FD10880	134.625 	 27.778 	 80.016
FD10880	134.750 	 27.784 	 79.904
FD10880	134.875 	 27.789 	 79.827
FD10880	135.000 	 27.793 	 79.868
FD10880	135.125 	 27.799 	 79.896
FD10880	135.250 	 27.807 	 79.822
FD10880	135.375 	 27.817 	 79.794
FD10880	135.500 	 27.825 	 79.789
FD10880	135.625 	 27.837 	 79.717
FD10880	135.750 	 27.850 	 79.645
FD10880	135.875 	 27.861 	 79.733
FD10880	136.000 	 27.883 	 79.811
FD10880	136.125 	 27.895 	 79.783
FD10880	136.250 	 27.908 	 79.736
FD10880	136.375 	 27.930 	 79.715
FD10880	136.500 	 27.950 	 79.744
FD10880	136.625 	 27.965 	 79.678
FD10880	136.750 	 27.987 	 79.582
FD10880	136.875 	 28.010 	 79.507
FD10880	137.000 	 28.028 	 79.583
FD10880	137.125 	 28.047 	 79.616
FD10880	137.250 	 28.065 	 79.537
FD10880	137.375 	 28.085 	 79.613
FD10880	137.500 	 28.098 	 79.646
FD10880	137.625 	 28.116 	 79.476
FD10880	137.750 	 28.124 	 79.486
FD10880	137.875 	 28.137 	 79.503
FD10880	138.000 	 28.153 	 79.333
FD10880	138.125 	 28.158 	 79.404
FD10880	138.250 	 28.174 	 79.385
FD10880	138.375 	 28.184 	 79.220
FD10880	138.500 	 28.197 	 79.363
FD10880	138.625 	 28.211 	 79.429
FD10880	138.750 	 28.226 	 79.363
FD10880	138.875 	 28.244 	 79.413
FD10880	139.000 	 28.256 	 79.377
FD10880	139.125 	 28.271 	 79.201
FD10880	139.250 	 28.283 	 79.190
FD10880	139.375 	 28.296 	 79.284
FD10880	139.500 	 28.308 	 79.272
FD10880	139.625 	 28.316 	 79.361
FD10880	139.750 	 28.321 	 79.410
FD10880	139.875 	 28.334 	 79.382
FD10880	140.000 	 28.341 	 79.275
FD10880	140.125 	 28.345 	 79.159
FD10880	140.250 	 28.351 	 79.237
FD10880	140.375 	 28.362 	 79.116
FD10880	140.500 	 28.362 	 78.978
FD10880	140.625 	 28.370 	 79.116
FD10880	140.750 	 28.373 	 79.223
FD10880	140.875 	 28.377 	 79.195
FD10880	141.000 	 28.376 	 79.239
FD10880	141.125 	 28.379 	 79.229
FD10880	141.250 	 28.389 	 79.151
FD10880	141.375 	 28.388 	 79.179
FD10880	141.500 	 28.400 	 79.234
FD10880	141.625 	 28.409 	 79.212
FD10880	141.750 	 28.414 	 79.072
FD10880	141.875 	 28.417 	 79.138
FD10880	142.000 	 28.419 	 79.193
FD10880	142.125 	 28.423 	 79.253
FD10880	142.250 	 28.416 	 79.341
FD10880	142.375 	 28.421 	 79.209
FD10880	142.500 	 28.417 	 79.173
FD10880	142.625 	 28.415 	 79.212
FD10880	142.750 	 28.410 	 79.187
FD10880	142.875 	 28.416 	 79.159
FD10880	143.000 	 28.410 	 79.149
FD10880	143.125 	 28.413 	 79.269
FD10880	143.250 	 28.413 	 79.319
FD10880	143.375 	 28.407 	 79.407
FD10880	143.500 	 28.404 	 79.451
FD10880	143.625 	 28.402 	 79.335
FD10880	143.750 	 28.397 	 79.454
FD10880	143.875 	 28.393 	 79.503
FD10880	144.000 	 28.383 	 79.344
FD10880	144.125 	 28.383 	 79.372
FD10880	144.250 	 28.381 	 79.429
FD10880	144.375 	 28.376 	 79.330
FD10880	144.500 	 28.372 	 79.316
FD10880	144.625 	 28.367 	 79.229
FD10880	144.750 	 28.353 	 79.198
FD10880	144.875 	 28.344 	 79.297
FD10880	145.000 	 28.333 	 79.338
FD10880	145.125 	 28.314 	 79.405
FD10880	145.250 	 28.294 	 79.385
FD10880	145.375 	 28.281 	 79.313
FD10880	145.500 	 28.264 	 79.302
FD10880	145.625 	 28.251 	 79.281
FD10880	145.750 	 28.238 	 79.251
FD10880	145.875 	 28.227 	 79.333
FD10880	146.000 	 28.220 	 79.350
FD10880	146.125 	 28.206 	 79.437
FD10880	146.250 	 28.202 	 79.472
FD10880	146.375 	 28.186 	 79.330
FD10880	146.500 	 28.182 	 79.338
FD10880	146.625 	 28.169 	 79.322
FD10880	146.750 	 28.164 	 79.080
FD10880	146.875 	 28.156 	 79.014
FD10880	147.000 	 28.151 	 79.123
FD10880	147.125 	 28.149 	 78.954
FD10880	147.250 	 28.145 	 78.915
FD10880	147.375 	 28.141 	 79.047
FD10880	147.500 	 28.139 	 79.014
FD10880	147.625 	 28.138 	 78.942
FD10880	147.750 	 28.136 	 78.976
FD10880	147.875 	 28.133 	 78.998
FD10880	148.000 	 28.132 	 78.931
FD10880	148.125 	 28.133 	 78.970
FD10880	148.250 	 28.133 	 79.075
FD10880	148.375 	 28.136 	 79.085
FD10880	148.500 	 28.139 	 79.075
FD10880	148.625 	 28.146 	 79.008
FD10880	148.750 	 28.152 	 79.003
FD10880	148.875 	 28.160 	 79.118
FD10880	149.000 	 28.168 	 79.136
FD10880	149.125 	 28.175 	 79.074
FD10880	149.250 	 28.191 	 78.981
FD10880	149.375 	 28.204 	 78.849
FD10880	149.500 	 28.215 	 78.770
FD10880	149.625 	 28.229 	 78.754
FD10880	149.750 	 28.247 	 78.723
FD10880	149.875 	 28.259 	 78.767
FD10880	150.000 	 28.277 	 78.731
FD10880	150.125 	 28.287 	 78.588
FD10880	150.250 	 28.303 	 78.665
FD10880	150.375 	 28.313 	 78.721
FD10880	150.500 	 28.320 	 78.577
FD10880	150.625 	 28.334 	 78.528
FD10880	150.750 	 28.337 	 78.523
FD10880	150.875 	 28.348 	 78.423
FD10880	151.000 	 28.350 	 78.466
FD10880	151.125 	 28.350 	 78.508
FD10880	151.250 	 28.358 	 78.465
FD10880	151.375 	 28.350 	 78.558
FD10880	151.500 	 28.347 	 78.594
FD10880	151.625 	 28.340 	 78.715
FD10880	151.750 	 28.330 	 78.896
FD10880	151.875 	 28.314 	 78.984
FD10880	152.000 	 28.297 	 78.910
FD10880	152.125 	 28.285 	 78.783
FD10880	152.250 	 28.273 	 78.893
FD10880	152.375 	 28.256 	 78.844
FD10880	152.500 	 28.242 	 78.691
FD10880	152.625 	 28.232 	 78.739
FD10880	152.750 	 28.217 	 78.822
FD10880	152.875 	 28.209 	 78.877
FD10880	153.000 	 28.197 	 78.887
FD10880	153.125 	 28.191 	 78.882
FD10880	153.250 	 28.181 	 78.865
FD10880	153.375 	 28.177 	 78.860
FD10880	153.500 	 28.171 	 78.833
FD10880	153.625 	 28.171 	 78.871
FD10880	153.750 	 28.168 	 79.003
FD10880	153.875 	 28.172 	 78.926
FD10880	154.000 	 28.172 	 78.866
FD10880	154.125 	 28.174 	 79.036
FD10880	154.250 	 28.185 	 79.077
FD10880	154.375 	 28.190 	 79.028
FD10880	154.500 	 28.198 	 78.976
FD10880	154.625 	 28.204 	 78.915
FD10880	154.750 	 28.218 	 79.033
FD10880	154.875 	 28.228 	 79.111
FD10880	155.000 	 28.244 	 79.034
FD10880	155.125 	 28.255 	 78.995
FD10880	155.250 	 28.264 	 78.959
FD10880	155.375 	 28.279 	 79.009
FD10880	155.500 	 28.285 	 79.014
FD10880	155.625 	 28.289 	 78.931
FD10880	155.750 	 28.299 	 78.982
FD10880	155.875 	 28.292 	 78.866
FD10880	156.000 	 28.296 	 78.787
FD10880	156.125 	 28.295 	 78.819
FD10880	156.250 	 28.289 	 78.640
FD10880	156.375 	 28.289 	 78.625
FD10880	156.500 	 28.283 	 78.632
FD10880	156.625 	 28.278 	 78.434
FD10880	156.750 	 28.269 	 78.470
FD10880	156.875 	 28.261 	 78.751
FD10880	157.000 	 28.245 	 78.904
FD10880	157.125 	 28.235 	 78.887
FD10880	157.250 	 28.223 	 78.748
FD10880	157.375 	 28.206 	 78.698
FD10880	157.500 	 28.200 	 78.675
FD10880	157.625 	 28.189 	 78.639
FD10880	157.750 	 28.185 	 78.904
FD10880	157.875 	 28.180 	 79.053
FD10880	158.000 	 28.178 	 78.909
FD10880	158.125 	 28.171 	 78.815
FD10880	158.250 	 28.172 	 78.765
FD10880	158.375 	 28.179 	 78.748
FD10880	158.500 	 28.173 	 78.769
FD10880	158.625 	 28.179 	 78.797
FD10880	158.750 	 28.184 	 78.740
FD10880	158.875 	 28.190 	 78.722
FD10880	159.000 	 28.197 	 78.789
FD10880	159.125 	 28.206 	 78.816
FD10880	159.250 	 28.215 	 78.915
FD10880	159.375 	 28.228 	 78.871
FD10880	159.500 	 28.247 	 78.762
FD10880	159.625 	 28.259 	 78.755
FD10880	159.750 	 28.279 	 78.766
FD10880	159.875 	 28.295 	 78.849
FD10880	160.000 	 28.313 	 78.890
FD10880	160.125 	 28.330 	 78.819
FD10880	160.250 	 28.346 	 78.761
FD10880	160.375 	 28.362 	 78.607
FD10880	160.500 	 28.371 	 78.578
FD10880	160.625 	 28.377 	 78.688
FD10880	160.750 	 28.379 	 78.514
FD10880	160.875 	 28.387 	 78.442
FD10880	161.000 	 28.381 	 78.570
FD10880	161.125 	 28.376 	 78.520
FD10880	161.250 	 28.368 	 78.478
FD10880	161.375 	 28.362 	 78.391
FD10880	161.500 	 28.346 	 78.333
FD10880	161.625 	 28.330 	 78.421
FD10880	161.750 	 28.316 	 78.322
FD10880	161.875 	 28.301 	 78.339
FD10880	162.000 	 28.286 	 78.509
FD10880	162.125 	 28.274 	 78.646
FD10880	162.250 	 28.257 	 78.835
FD10880	162.375 	 28.248 	 78.902
FD10880	162.500 	 28.233 	 78.893
FD10880	162.625 	 28.228 	 79.036
FD10880	162.750 	 28.224 	 79.163
FD10880	162.875 	 28.221 	 79.212
FD10880	163.000 	 28.224 	 79.157
FD10880	163.125 	 28.229 	 79.136
FD10880	163.250 	 28.239 	 79.209
FD10880	163.375 	 28.243 	 79.181
FD10880	163.500 	 28.255 	 79.251
FD10880	163.625 	 28.266 	 79.152
FD10880	163.750 	 28.275 	 78.942
FD10880	163.875 	 28.293 	 79.048
FD10880	164.000 	 28.302 	 79.171
FD10880	164.125 	 28.318 	 78.961
FD10880	164.250 	 28.327 	 78.792
FD10880	164.375 	 28.344 	 78.710
FD10880	164.500 	 28.360 	 78.663
FD10880	164.625 	 28.369 	 78.789
FD10880	164.750 	 28.378 	 78.728
FD10880	164.875 	 28.396 	 78.548
FD10880	165.000 	 28.402 	 78.621
FD10880	165.125 	 28.410 	 78.688
FD10880	165.250 	 28.425 	 78.503
FD10880	165.375 	 28.434 	 78.547
FD10880	165.500 	 28.451 	 78.696
FD10880	165.625 	 28.464 	 78.515
FD10880	165.750 	 28.478 	 78.457
FD10880	165.875 	 28.497 	 78.605
FD10880	166.000 	 28.505 	 78.680
FD10880	166.125 	 28.524 	 78.739
FD10880	166.250 	 28.535 	 78.695
FD10880	166.375 	 28.551 	 78.663
FD10880	166.500 	 28.568 	 78.759
FD10880	166.625 	 28.584 	 78.782
FD10880	166.750 	 28.603 	 78.594
FD10880	166.875 	 28.623 	 78.478
FD10880	167.000 	 28.645 	 78.476
FD10880	167.125 	 28.663 	 78.338
FD10880	167.250 	 28.684 	 78.451
FD10880	167.375 	 28.706 	 78.714
FD10880	167.500 	 28.726 	 78.715
FD10880	167.625 	 28.748 	 78.808
FD10880	167.750 	 28.765 	 78.893
FD10880	167.875 	 28.795 	 78.827
FD10880	168.000 	 28.814 	 78.855
FD10880	168.125 	 28.840 	 78.778
FD10880	168.250 	 28.868 	 78.825
FD10880	168.375 	 28.896 	 78.847
FD10880	168.500 	 28.926 	 78.685
FD10880	168.625 	 28.955 	 78.805
FD10880	168.750 	 28.987 	 78.866
FD10880	168.875 	 29.019 	 78.657
FD10880	169.000 	 29.053 	 78.720
FD10880	169.125 	 29.087 	 78.809
FD10880	169.250 	 29.122 	 78.572
FD10880	169.375 	 29.156 	 78.578
FD10880	169.500 	 29.188 	 78.773
FD10880	169.625 	 29.225 	 78.756
FD10880	169.750 	 29.258 	 78.720
FD10880	169.875 	 29.294 	 78.639
FD10880	170.000 	 29.332 	 78.564
FD10880	170.125 	 29.364 	 78.745
FD10880	170.250 	 29.402 	 78.731
FD10880	170.375 	 29.438 	 78.616
FD10880	170.500 	 29.471 	 78.701
FD10880	170.625 	 29.503 	 78.789
FD10880	170.750 	 29.535 	 78.725
FD10880	170.875 	 29.561 	 78.715
FD10880	171.000 	 29.586 	 78.734
FD10880	171.125 	 29.610 	 78.674
FD10880	171.250 	 29.637 	 78.702
FD10880	171.375 	 29.655 	 78.729
FD10880	171.500 	 29.675 	 78.648
FD10880	171.625 	 29.696 	 78.589
FD10880	171.750 	 29.709 	 78.653
FD10880	171.875 	 29.720 	 78.616
FD10880	172.000 	 29.735 	 78.597
FD10880	172.125 	 29.742 	 78.608
FD10880	172.250 	 29.750 	 78.570
FD10880	172.375 	 29.753 	 78.559
FD10880	172.500 	 29.755 	 78.662
FD10880	172.625 	 29.759 	 78.701
FD10880	172.750 	 29.765 	 78.652
FD10880	172.875 	 29.768 	 78.674
FD10880	173.000 	 29.769 	 78.646
FD10880	173.125 	 29.772 	 78.680
FD10880	173.250 	 29.776 	 78.638
FD10880	173.375 	 29.774 	 78.655
FD10880	173.500 	 29.779 	 78.871
FD10880	173.625 	 29.781 	 78.871
FD10880	173.750 	 29.785 	 78.679
FD10880	173.875 	 29.793 	 78.735
FD10880	174.000 	 29.795 	 78.742
FD10880	174.125 	 29.800 	 78.654
FD10880	174.250 	 29.808 	 78.795
FD10880	174.375 	 29.812 	 78.783
FD10880	174.500 	 29.820 	 78.803
FD10880	174.625 	 29.825 	 78.967
FD10880	174.750 	 29.830 	 78.855
FD10880	174.875 	 29.838 	 78.839
FD10880	175.000 	 29.842 	 78.909
FD10880	175.125 	 29.850 	 78.789
FD10880	175.250 	 29.857 	 78.855
FD10880	175.375 	 29.863 	 78.828
FD10880	175.500 	 29.866 	 78.676
FD10880	175.625 	 29.870 	 78.830
FD10880	175.750 	 29.876 	 78.868
FD10880	175.875 	 29.881 	 78.797
FD10880	176.000 	 29.889 	 78.849
FD10880	176.125 	 29.895 	 78.837
FD10880	176.250 	 29.901 	 78.803
FD10880	176.375 	 29.917 	 78.913
FD10880	176.500 	 29.924 	 78.991
FD10880	176.625 	 29.941 	 78.893
FD10880	176.750 	 29.958 	 78.904
FD10880	176.875 	 29.973 	 78.982
FD10880	177.000 	 29.993 	 79.006
FD10880	177.125 	 30.016 	 78.929
FD10880	177.250 	 30.034 	 78.940
FD10880	177.375 	 30.054 	 79.067
FD10880	177.500 	 30.074 	 78.951
FD10880	177.625 	 30.091 	 78.819
FD10880	177.750 	 30.108 	 78.913
FD10880	177.875 	 30.125 	 78.940
FD10880	178.000 	 30.134 	 78.762
FD10880	178.125 	 30.147 	 78.795
FD10880	178.250 	 30.160 	 78.847
FD10880	178.375 	 30.166 	 78.648
FD10880	178.500 	 30.183 	 78.716
FD10880	178.625 	 30.187 	 78.720
FD10880	178.750 	 30.192 	 78.550
FD10880	178.875 	 30.197 	 78.698
FD10880	179.000 	 30.193 	 78.786
FD10880	179.125 	 30.197 	 78.715
FD10880	179.250 	 30.189 	 78.833
FD10880	179.375 	 30.186 	 78.964
FD10880	179.500 	 30.179 	 78.827
FD10880	179.625 	 30.176 	 78.718
FD10880	179.750 	 30.174 	 78.775
FD10880	179.875 	 30.171 	 78.737
FD10880	180.000 	 30.169 	 78.614
FD10880	180.125 	 30.163 	 78.547
FD10880	180.250 	 30.159 	 78.592
FD10880	180.375 	 30.152 	 78.680
FD10880	180.500 	 30.147 	 78.742
FD10880	180.625 	 30.141 	 78.737
FD10880	180.750 	 30.134 	 78.638
FD10880	180.875 	 30.124 	 78.730
FD10880	181.000 	 30.118 	 78.740
FD10880	181.125 	 30.111 	 78.536
FD10880	181.250 	 30.098 	 78.578
FD10880	181.375 	 30.097 	 78.610
FD10880	181.500 	 30.084 	 78.553
FD10880	181.625 	 30.084 	 78.488
FD10880	181.750 	 30.076 	 78.403
FD10880	181.875 	 30.070 	 78.355
FD10880	182.000 	 30.070 	 78.328
FD10880	182.125 	 30.066 	 78.372
FD10880	182.250 	 30.064 	 78.390
FD10880	182.375 	 30.065 	 78.413
FD10880	182.500 	 30.068 	 78.555
FD10880	182.625 	 30.066 	 78.698
FD10880	182.750 	 30.067 	 78.688
FD10880	182.875 	 30.070 	 78.643
FD10880	183.000 	 30.069 	 78.686
FD10880	183.125 	 30.073 	 78.745
FD10880	183.250 	 30.077 	 78.690
FD10880	183.375 	 30.082 	 78.739
FD10880	183.500 	 30.095 	 78.880
FD10880	183.625 	 30.098 	 78.765
FD10880	183.750 	 30.115 	 78.729
FD10880	183.875 	 30.123 	 78.811
FD10880	184.000 	 30.139 	 78.818
FD10880	184.125 	 30.146 	 78.857
FD10880	184.250 	 30.153 	 78.896
FD10880	184.375 	 30.167 	 78.869
FD10880	184.500 	 30.169 	 79.009
FD10880	184.625 	 30.180 	 79.129
FD10880	184.750 	 30.179 	 78.863
FD10880	184.875 	 30.185 	 78.616
FD10880	185.000 	 30.190 	 78.509
FD10880	185.125 	 30.197 	 78.481
FD10880	185.250 	 30.202 	 78.451
FD10880	185.375 	 30.206 	 78.287
FD10880	185.500 	 30.214 	 78.286
FD10880	185.625 	 30.217 	 78.440
FD10880	185.750 	 30.218 	 78.547
FD10880	185.875 	 30.220 	 78.426
FD10880	186.000 	 30.224 	 78.368
FD10880	186.125 	 30.227 	 78.616
FD10880	186.250 	 30.225 	 78.627
FD10880	186.375 	 30.235 	 78.512
FD10880	186.500 	 30.236 	 78.547
FD10880	186.625 	 30.242 	 78.581
FD10880	186.750 	 30.247 	 78.478
FD10880	186.875 	 30.254 	 78.407
FD10880	187.000 	 30.255 	 78.388
FD10880	187.125 	 30.258 	 78.431
FD10880	187.250 	 30.259 	 78.463
FD10880	187.375 	 30.258 	 78.373
FD10880	187.500 	 30.260 	 78.338
FD10880	187.625 	 30.264 	 78.399
FD10880	187.750 	 30.261 	 78.424
FD10880	187.875 	 30.260 	 78.247
FD10880	188.000 	 30.260 	 78.212
FD10880	188.125 	 30.264 	 78.294
FD10880	188.250 	 30.262 	 78.385
FD10880	188.375 	 30.261 	 78.396
FD10880	188.500 	 30.265 	 78.305
FD10880	188.625 	 30.261 	 78.427
FD10880	188.750 	 30.265 	 78.511
FD10880	188.875 	 30.263 	 78.424
FD10880	189.000 	 30.267 	 78.368
FD10880	189.125 	 30.263 	 78.319
FD10880	189.250 	 30.270 	 78.217
FD10880	189.375 	 30.269 	 78.157
FD10880	189.500 	 30.269 	 78.193
FD10880	189.625 	 30.265 	 78.226
FD10880	189.750 	 30.266 	 78.243
FD10880	189.875 	 30.259 	 78.193
FD10880	190.000 	 30.258 	 78.259
FD10880	190.125 	 30.255 	 78.379
FD10880	190.250 	 30.248 	 78.289
FD10880	190.375 	 30.246 	 78.179
FD10880	190.500 	 30.243 	 78.177
FD10880	190.625 	 30.240 	 78.209
FD10880	190.750 	 30.235 	 78.313
FD10880	190.875 	 30.236 	 78.319
FD10880	191.000 	 30.230 	 78.264
FD10880	191.125 	 30.230 	 78.265
FD10880	191.250 	 30.223 	 78.369
FD10880	191.375 	 30.228 	 78.456
FD10880	191.500 	 30.228 	 78.429
FD10880	191.625 	 30.230 	 78.423
FD10880	191.750 	 30.230 	 78.369
FD10880	191.875 	 30.229 	 78.363
FD10880	192.000 	 30.228 	 78.404
FD10880	192.125 	 30.229 	 78.411
FD10880	192.250 	 30.222 	 78.413
FD10880	192.375 	 30.223 	 78.373
FD10880	192.500 	 30.216 	 78.333
FD10880	192.625 	 30.207 	 78.388
FD10880	192.750 	 30.200 	 78.360
FD10880	192.875 	 30.188 	 78.267
FD10880	193.000 	 30.183 	 78.361
FD10880	193.125 	 30.165 	 78.381
FD10880	193.250 	 30.157 	 78.196
FD10880	193.375 	 30.138 	 78.289
FD10880	193.500 	 30.125 	 78.402
FD10880	193.625 	 30.108 	 78.243
FD10880	193.750 	 30.089 	 78.222
FD10880	193.875 	 30.067 	 78.333
FD10880	194.000 	 30.049 	 78.399
FD10880	194.125 	 30.026 	 78.344
FD10880	194.250 	 29.997 	 78.255
FD10880	194.375 	 29.970 	 78.250
FD10880	194.500 	 29.947 	 78.333
FD10880	194.625 	 29.919 	 78.372
FD10880	194.750 	 29.889 	 78.282
FD10880	194.875 	 29.864 	 78.226
FD10880	195.000 	 29.836 	 78.233
FD10880	195.125 	 29.810 	 78.278
FD10880	195.250 	 29.783 	 78.223
FD10880	195.375 	 29.755 	 78.305
FD10880	195.500 	 29.733 	 78.425
FD10880	195.625 	 29.701 	 78.324
FD10880	195.750 	 29.674 	 78.319
FD10880	195.875 	 29.650 	 78.362
FD10880	196.000 	 29.619 	 78.223
FD10880	196.125 	 29.599 	 78.092
FD10880	196.250 	 29.577 	 78.198
FD10880	196.375 	 29.554 	 78.149
FD10880	196.500 	 29.529 	 78.039
FD10880	196.625 	 29.506 	 78.067
FD10880	196.750 	 29.483 	 78.055
FD10880	196.875 	 29.458 	 78.105
FD10880	197.000 	 29.435 	 78.234
FD10880	197.125 	 29.405 	 78.156
FD10880	197.250 	 29.386 	 78.025
FD10880	197.375 	 29.364 	 78.162
FD10880	197.500 	 29.343 	 78.122
FD10880	197.625 	 29.323 	 77.913
FD10880	197.750 	 29.309 	 77.924
FD10880	197.875 	 29.297 	 77.924
FD10880	198.000 	 29.280 	 78.048
FD10880	198.125 	 29.271 	 78.251
FD10880	198.250 	 29.261 	 78.311
FD10880	198.375 	 29.250 	 78.273
FD10880	198.500 	 29.242 	 78.199
FD10880	198.625 	 29.240 	 78.127
FD10880	198.750 	 29.233 	 78.008
FD10880	198.875 	 29.237 	 78.047
FD10880	199.000 	 29.234 	 77.959
FD10880	199.125 	 29.241 	 77.871
FD10880	199.250 	 29.244 	 77.959
FD10880	199.375 	 29.251 	 77.949
FD10880	199.500 	 29.256 	 77.960
FD10880	199.625 	 29.260 	 78.025
FD10880	199.750 	 29.268 	 78.056
FD10880	199.875 	 29.274 	 78.099
FD10880	200.000 	 29.283 	 78.003
FD10880	200.125 	 29.290 	 78.009
FD10880	200.250 	 29.298 	 78.144
FD10880	200.375 	 29.304 	 77.991
FD10880	200.500 	 29.310 	 78.003
FD10880	200.625 	 29.314 	 78.113
FD10880	200.750 	 29.317 	 77.946
FD10880	200.875 	 29.317 	 77.874
FD10880	201.000 	 29.323 	 77.949
FD10880	201.125 	 29.324 	 77.833
FD10880	201.250 	 29.321 	 77.696
FD10880	201.375 	 29.324 	 77.751
FD10880	201.500 	 29.316 	 77.731
FD10880	201.625 	 29.313 	 77.661
FD10880	201.750 	 29.303 	 77.836
FD10880	201.875 	 29.298 	 77.885
FD10880	202.000 	 29.287 	 77.841
FD10880	202.125 	 29.282 	 77.913
FD10880	202.250 	 29.271 	 77.823
FD10880	202.375 	 29.264 	 77.696
FD10880	202.500 	 29.265 	 77.820
FD10880	202.625 	 29.259 	 77.984
FD10880	202.750 	 29.259 	 77.896
FD10880	202.875 	 29.260 	 77.858
FD10880	203.000 	 29.263 	 77.853
FD10880	203.125 	 29.261 	 77.825
FD10880	203.250 	 29.261 	 77.981
FD10880	203.375 	 29.268 	 78.010
FD10880	203.500 	 29.268 	 77.872
FD10880	203.625 	 29.266 	 77.806
FD10880	203.750 	 29.270 	 77.728
FD10880	203.875 	 29.272 	 77.674
FD10880	204.000 	 29.277 	 77.731
FD10880	204.125 	 29.277 	 77.809
FD10880	204.250 	 29.281 	 77.698
FD10880	204.375 	 29.278 	 77.561
FD10880	204.500 	 29.282 	 77.468
FD10880	204.625 	 29.282 	 77.391
FD10880	204.750 	 29.278 	 77.492
FD10880	204.875 	 29.283 	 77.515
FD10880	205.000 	 29.281 	 77.583
FD10880	205.125 	 29.278 	 77.742
FD10880	205.250 	 29.280 	 77.778
FD10880	205.375 	 29.276 	 77.801
FD10880	205.500 	 29.281 	 77.847
FD10880	205.625 	 29.278 	 77.759
FD10880	205.750 	 29.285 	 77.707
FD10880	205.875 	 29.293 	 77.691
FD10880	206.000 	 29.299 	 77.473
FD10880	206.125 	 29.311 	 77.485
FD10880	206.250 	 29.321 	 77.583
FD10880	206.375 	 29.337 	 77.401
FD10880	206.500 	 29.348 	 77.284
FD10880	206.625 	 29.361 	 77.476
FD10880	206.750 	 29.378 	 77.437
FD10880	206.875 	 29.389 	 77.322
FD10880	207.000 	 29.401 	 77.516
FD10880	207.125 	 29.415 	 77.452
FD10880	207.250 	 29.427 	 77.348
FD10880	207.375 	 29.437 	 77.467
FD10880	207.500 	 29.446 	 77.388
FD10880	207.625 	 29.456 	 77.212
FD10880	207.750 	 29.461 	 77.333
FD10880	207.875 	 29.469 	 77.416
FD10880	208.000 	 29.472 	 77.240
FD10880	208.125 	 29.476 	 77.223
FD10880	208.250 	 29.471 	 77.315
FD10880	208.375 	 29.465 	 77.314
FD10880	208.500 	 29.466 	 77.286
FD10880	208.625 	 29.460 	 77.381
FD10880	208.750 	 29.456 	 77.590
FD10880	208.875 	 29.453 	 77.516
FD10880	209.000 	 29.446 	 77.396
FD10880	209.125 	 29.444 	 77.583
FD10880	209.250 	 29.444 	 77.632
FD10880	209.375 	 29.444 	 77.578
FD10880	209.500 	 29.443 	 77.619
FD10880	209.625 	 29.448 	 77.718
FD10880	209.750 	 29.450 	 77.652
FD10880	209.875 	 29.455 	 77.536
FD10880	210.000 	 29.459 	 77.587
FD10880	210.125 	 29.465 	 77.613
FD10880	210.250 	 29.469 	 77.539
FD10880	210.375 	 29.474 	 77.513
FD10880	210.500 	 29.476 	 77.577
FD10880	210.625 	 29.483 	 77.478
FD10880	210.750 	 29.485 	 77.323
FD10880	210.875 	 29.485 	 77.206
FD10880	211.000 	 29.487 	 77.272
FD10880	211.125 	 29.483 	 77.424
FD10880	211.250 	 29.480 	 77.288
FD10880	211.375 	 29.475 	 77.245
FD10880	211.500 	 29.468 	 77.248
FD10880	211.625 	 29.460 	 76.984
FD10880	211.750 	 29.454 	 77.004
FD10880	211.875 	 29.444 	 77.158
FD10880	212.000 	 29.434 	 77.031
FD10880	212.125 	 29.426 	 77.108
FD10880	212.250 	 29.422 	 77.216
FD10880	212.375 	 29.411 	 77.247
FD10880	212.500 	 29.402 	 77.323
FD10880	212.625 	 29.393 	 77.267
FD10880	212.750 	 29.393 	 77.239
FD10880	212.875 	 29.386 	 77.305
FD10880	213.000 	 29.386 	 77.342
FD10880	213.125 	 29.386 	 77.391
FD10880	213.250 	 29.390 	 77.366
FD10880	213.375 	 29.399 	 77.383
FD10880	213.500 	 29.408 	 77.536
FD10880	213.625 	 29.415 	 77.432
FD10880	213.750 	 29.426 	 77.383
FD10880	213.875 	 29.435 	 77.404
FD10880	214.000 	 29.445 	 77.323
FD10880	214.125 	 29.453 	 77.354
FD10880	214.250 	 29.459 	 77.322
FD10880	214.375 	 29.468 	 77.267
FD10880	214.500 	 29.480 	 77.358
FD10880	214.625 	 29.486 	 77.314
FD10880	214.750 	 29.493 	 77.314
FD10880	214.875 	 29.506 	 77.342
FD10880	215.000 	 29.508 	 77.215
FD10880	215.125 	 29.520 	 77.341
FD10880	215.250 	 29.525 	 77.547
FD10880	215.375 	 29.529 	 77.608
FD10880	215.500 	 29.531 	 77.701
FD10880	215.625 	 29.539 	 77.685
FD10880	215.750 	 29.541 	 77.536
FD10880	215.875 	 29.546 	 77.532
FD10880	216.000 	 29.554 	 77.643
FD10880	216.125 	 29.562 	 77.577
FD10880	216.250 	 29.576 	 77.498
FD10880	216.375 	 29.580 	 77.718
FD10880	216.500 	 29.593 	 77.694
FD10880	216.625 	 29.596 	 77.540
FD10880	216.750 	 29.598 	 77.656
FD10880	216.875 	 29.602 	 77.648
FD10880	217.000 	 29.602 	 77.547
FD10880	217.125 	 29.607 	 77.498
FD10880	217.250 	 29.607 	 77.463
FD10880	217.375 	 29.610 	 77.463
FD10880	217.500 	 29.610 	 77.426
FD10880	217.625 	 29.609 	 77.404
FD10880	217.750 	 29.609 	 77.469
FD10880	217.875 	 29.606 	 77.501
FD10880	218.000 	 29.604 	 77.485
FD10880	218.125 	 29.603 	 77.533
FD10880	218.250 	 29.595 	 77.548
FD10880	218.375 	 29.592 	 77.481
FD10880	218.500 	 29.589 	 77.386
FD10880	218.625 	 29.584 	 77.237
FD10880	218.750 	 29.583 	 77.250
FD10880	218.875 	 29.580 	 77.377
FD10880	219.000 	 29.575 	 77.331
FD10880	219.125 	 29.572 	 77.326
FD10880	219.250 	 29.566 	 77.360
FD10880	219.375 	 29.557 	 77.349
FD10880	219.500 	 29.554 	 77.388
FD10880	219.625 	 29.545 	 77.340
FD10880	219.750 	 29.536 	 77.239
FD10880	219.875 	 29.526 	 77.184
FD10880	220.000 	 29.518 	 77.257
FD10880	220.125 	 29.509 	 77.229
FD10880	220.250 	 29.494 	 77.119
FD10880	220.375 	 29.491 	 77.251
FD10880	220.500 	 29.479 	 77.270
FD10880	220.625 	 29.467 	 77.099
FD10880	220.750 	 29.461 	 77.129
FD10880	220.875 	 29.452 	 77.160
FD10880	221.000 	 29.443 	 77.179
FD10880	221.125 	 29.433 	 77.245
FD10880	221.250 	 29.434 	 77.243
FD10880	221.375 	 29.422 	 77.428
FD10880	221.500 	 29.425 	 77.397
FD10880	221.625 	 29.424 	 77.242
FD10880	221.750 	 29.421 	 77.399
FD10880	221.875 	 29.427 	 77.411
FD10880	222.000 	 29.426 	 77.382
FD10880	222.125 	 29.428 	 77.493
FD10880	222.250 	 29.428 	 77.492
FD10880	222.375 	 29.433 	 77.444
FD10880	222.500 	 29.434 	 77.407
FD10880	222.625 	 29.436 	 77.381
FD10880	222.750 	 29.441 	 77.398
FD10880	222.875 	 29.453 	 77.312
FD10880	223.000 	 29.456 	 77.245
FD10880	223.125 	 29.462 	 77.278
FD10880	223.250 	 29.480 	 77.265
FD10880	223.375 	 29.480 	 77.159
FD10880	223.500 	 29.489 	 77.073
FD10880	223.625 	 29.494 	 77.215
FD10880	223.750 	 29.503 	 77.220
FD10880	223.875 	 29.505 	 77.007
FD10880	224.000 	 29.517 	 76.958
FD10880	224.125 	 29.522 	 77.065
FD10880	224.250 	 29.530 	 77.113
FD10880	224.375 	 29.540 	 77.104
FD10880	224.500 	 29.548 	 77.156
FD10880	224.625 	 29.557 	 77.259
FD10880	224.750 	 29.564 	 77.255
FD10880	224.875 	 29.570 	 77.223
FD10880	225.000 	 29.575 	 77.326
FD10880	225.125 	 29.583 	 77.319
FD10880	225.250 	 29.588 	 77.235
FD10880	225.375 	 29.595 	 77.261
FD10880	225.500 	 29.598 	 77.419
FD10880	225.625 	 29.601 	 77.390
FD10880	225.750 	 29.612 	 77.344
FD10880	225.875 	 29.623 	 77.492
FD10880	226.000 	 29.629 	 77.426
FD10880	226.125 	 29.641 	 77.307
FD10880	226.250 	 29.650 	 77.317
FD10880	226.375 	 29.657 	 77.306
FD10880	226.500 	 29.666 	 77.253
FD10880	226.625 	 29.676 	 77.309
FD10880	226.750 	 29.692 	 77.253
FD10880	226.875 	 29.702 	 77.111
FD10880	227.000 	 29.717 	 77.189
FD10880	227.125 	 29.734 	 77.117
FD10880	227.250 	 29.743 	 76.990
FD10880	227.375 	 29.761 	 77.165
FD10880	227.500 	 29.771 	 77.218
FD10880	227.625 	 29.785 	 77.081
FD10880	227.750 	 29.798 	 77.271
FD10880	227.875 	 29.806 	 77.351
FD10880	228.000 	 29.814 	 77.142
FD10880	228.125 	 29.821 	 77.333
FD10880	228.250 	 29.833 	 77.469
FD10880	228.375 	 29.834 	 77.259
FD10880	228.500 	 29.843 	 77.365
FD10880	228.625 	 29.846 	 77.394
FD10880	228.750 	 29.853 	 77.136
FD10880	228.875 	 29.860 	 77.103
FD10880	229.000 	 29.855 	 77.145
FD10880	229.125 	 29.862 	 77.207
FD10880	229.250 	 29.859 	 77.303
FD10880	229.375 	 29.861 	 77.314
FD10880	229.500 	 29.858 	 77.314
FD10880	229.625 	 29.863 	 77.299
FD10880	229.750 	 29.854 	 77.250
FD10880	229.875 	 29.854 	 77.157
FD10880	230.000 	 29.853 	 77.105
FD10880	230.125 	 29.854 	 77.100
FD10880	230.250 	 29.850 	 77.139
FD10880	230.375 	 29.847 	 77.199
FD10880	230.500 	 29.839 	 77.212
FD10880	230.625 	 29.836 	 77.249
FD10880	230.750 	 29.832 	 77.345
FD10880	230.875 	 29.826 	 77.372
FD10880	231.000 	 29.822 	 77.355
FD10880	231.125 	 29.819 	 77.349
FD10880	231.250 	 29.814 	 77.336
FD10880	231.375 	 29.811 	 77.369
FD10880	231.500 	 29.810 	 77.411
FD10880	231.625 	 29.800 	 77.415
FD10880	231.750 	 29.797 	 77.440
FD10880	231.875 	 29.791 	 77.407
FD10880	232.000 	 29.785 	 77.440
FD10880	232.125 	 29.784 	 77.512
FD10880	232.250 	 29.780 	 77.486
FD10880	232.375 	 29.781 	 77.477
FD10880	232.500 	 29.777 	 77.453
FD10880	232.625 	 29.772 	 77.438
FD10880	232.750 	 29.771 	 77.453
FD10880	232.875 	 29.763 	 77.462
FD10880	233.000 	 29.756 	 77.597
FD10880	233.125 	 29.755 	 77.646
FD10880	233.250 	 29.750 	 77.496
FD10880	233.375 	 29.742 	 77.544
FD10880	233.500 	 29.739 	 77.487
FD10880	233.625 	 29.732 	 77.360
FD10880	233.750 	 29.737 	 77.439
FD10880	233.875 	 29.730 	 77.409
FD10880	234.000 	 29.733 	 77.347
FD10880	234.125 	 29.731 	 77.397
FD10880	234.250 	 29.735 	 77.492
FD10880	234.375 	 29.731 	 77.493
FD10880	234.500 	 29.734 	 77.532
FD10880	234.625 	 29.728 	 77.597
FD10880	234.750 	 29.724 	 77.503
FD10880	234.875 	 29.724 	 77.443
FD10880	235.000 	 29.719 	 77.356
FD10880	235.125 	 29.724 	 77.246
FD10880	235.250 	 29.720 	 77.318
FD10880	235.375 	 29.721 	 77.375
FD10880	235.500 	 29.724 	 77.338
FD10880	235.625 	 29.728 	 77.400
FD10880	235.750 	 29.731 	 77.568
FD10880	235.875 	 29.731 	 77.631
FD10880	236.000 	 29.728 	 77.558
FD10880	236.125 	 29.730 	 77.640
FD10880	236.250 	 29.723 	 77.772
FD10880	236.375 	 29.720 	 77.675
FD10880	236.500 	 29.719 	 77.654
FD10880	236.625 	 29.718 	 77.666
FD10880	236.750 	 29.718 	 77.535
FD10880	236.875 	 29.723 	 77.643
FD10880	237.000 	 29.732 	 77.658
FD10880	237.125 	 29.733 	 77.476
FD10880	237.250 	 29.741 	 77.556
FD10880	237.375 	 29.749 	 77.643
FD10880	237.500 	 29.746 	 77.640
FD10880	237.625 	 29.756 	 77.764
FD10880	237.750 	 29.758 	 77.812
FD10880	237.875 	 29.766 	 77.760
FD10880	238.000 	 29.770 	 77.752
FD10880	238.125 	 29.774 	 77.580
FD10880	238.250 	 29.791 	 77.436
FD10880	238.375 	 29.791 	 77.534
FD10880	238.500 	 29.804 	 77.537
FD10880	238.625 	 29.807 	 77.568
FD10880	238.750 	 29.815 	 77.616
FD10880	238.875 	 29.823 	 77.568
FD10880	239.000 	 29.821 	 77.560
FD10880	239.125 	 29.824 	 77.561
FD10880	239.250 	 29.820 	 77.535
FD10880	239.375 	 29.821 	 77.556
FD10880	239.500 	 29.817 	 77.599
FD10880	239.625 	 29.809 	 77.610
FD10880	239.750 	 29.803 	 77.679
FD10880	239.875 	 29.800 	 77.802
FD10880	240.000 	 29.793 	 77.745
FD10880	240.125 	 29.783 	 77.656
FD10880	240.250 	 29.781 	 77.737
FD10880	240.375 	 29.771 	 77.705
FD10880	240.500 	 29.764 	 77.714
FD10880	240.625 	 29.756 	 77.831
FD10880	240.750 	 29.749 	 77.809
FD10880	240.875 	 29.738 	 77.820
FD10880	241.000 	 29.725 	 77.825
FD10880	241.125 	 29.713 	 77.715
FD10880	241.250 	 29.703 	 77.750
FD10880	241.375 	 29.699 	 77.763
FD10880	241.500 	 29.689 	 77.671
FD10880	241.625 	 29.678 	 77.743
FD10880	241.750 	 29.671 	 77.719
FD10880	241.875 	 29.665 	 77.586
FD10880	242.000 	 29.655 	 77.718
FD10880	242.125 	 29.650 	 77.811
FD10880	242.250 	 29.641 	 77.704
FD10880	242.375 	 29.632 	 77.666
FD10880	242.500 	 29.625 	 77.800
FD10880	242.625 	 29.619 	 77.835
FD10880	242.750 	 29.616 	 77.736
FD10880	242.875 	 29.606 	 77.868
FD10880	243.000 	 29.607 	 77.927
FD10880	243.125 	 29.603 	 77.730
FD10880	243.250 	 29.597 	 77.695
FD10880	243.375 	 29.599 	 77.911
FD10880	243.500 	 29.597 	 77.927
FD10880	243.625 	 29.597 	 77.827
FD10880	243.750 	 29.599 	 77.910
FD10880	243.875 	 29.601 	 78.058
FD10880	244.000 	 29.603 	 78.069
FD10880	244.125 	 29.609 	 78.075
FD10880	244.250 	 29.611 	 78.264
FD10880	244.375 	 29.614 	 78.226
FD10880	244.500 	 29.613 	 78.204
FD10880	244.625 	 29.611 	 78.291
FD10880	244.750 	 29.612 	 78.179
FD10880	244.875 	 29.611 	 78.058
FD10880	245.000 	 29.605 	 78.114
FD10880	245.125 	 29.608 	 78.091
FD10880	245.250 	 29.598 	 77.915
FD10880	245.375 	 29.598 	 77.850
FD10880	245.500 	 29.591 	 77.921
FD10880	245.625 	 29.587 	 78.003
FD10880	245.750 	 29.582 	 78.058
FD10880	245.875 	 29.571 	 78.239
FD10880	246.000 	 29.569 	 78.303
FD10880	246.125 	 29.564 	 78.353
FD10880	246.250 	 29.558 	 78.528
FD10880	246.375 	 29.548 	 78.467
FD10880	246.500 	 29.553 	 78.449
FD10880	246.625 	 29.546 	 78.526
FD10880	246.750 	 29.551 	 78.399
FD10880	246.875 	 29.546 	 78.383
FD10880	247.000 	 29.550 	 78.440
FD10880	247.125 	 29.548 	 78.424
FD10880	247.250 	 29.545 	 78.533
FD10880	247.375 	 29.548 	 78.567
FD10880	247.500 	 29.540 	 78.444
FD10880	247.625 	 29.541 	 78.507
FD10880	247.750 	 29.532 	 78.535
FD10880	247.875 	 29.528 	 78.334
FD10880	248.000 	 29.526 	 78.252
FD10880	248.125 	 29.511 	 78.304
FD10880	248.250 	 29.501 	 78.241
FD10880	248.375 	 29.488 	 78.282
FD10880	248.500 	 29.475 	 78.355
FD10880	248.625 	 29.457 	 78.312
FD10880	248.750 	 29.440 	 78.323
FD10880	248.875 	 29.425 	 78.380
FD10880	249.000 	 29.405 	 78.315
FD10880	249.125 	 29.387 	 78.341
FD10880	249.250 	 29.374 	 78.308
FD10880	249.375 	 29.359 	 78.127
FD10880	249.500 	 29.346 	 78.131
FD10880	249.625 	 29.333 	 78.205
FD10880	249.750 	 29.330 	 78.335
FD10880	249.875 	 29.322 	 78.256
FD10880	250.000 	 29.312 	 78.151
FD10880	250.125 	 29.307 	 78.414
FD10880	250.250 	 29.309 	 78.576
FD10880	250.375 	 29.303 	 78.503
FD10880	250.500 	 29.309 	 78.507
FD10880	250.625 	 29.305 	 78.477
FD10880	250.750 	 29.313 	 78.489
FD10880	250.875 	 29.319 	 78.493
FD10880	251.000 	 29.326 	 78.415
FD10880	251.125 	 29.338 	 78.470
FD10880	251.250 	 29.342 	 78.492
FD10880	251.375 	 29.354 	 78.361
FD10880	251.500 	 29.359 	 78.371
FD10880	251.625 	 29.364 	 78.422
FD10880	251.750 	 29.372 	 78.263
FD10880	251.875 	 29.379 	 78.190
FD10880	252.000 	 29.378 	 78.200
FD10880	252.125 	 29.387 	 78.206
FD10880	252.250 	 29.393 	 78.168
FD10880	252.375 	 29.399 	 78.076
FD10880	252.500 	 29.403 	 78.203
FD10880	252.625 	 29.411 	 78.391
FD10880	252.750 	 29.420 	 78.361
FD10880	252.875 	 29.429 	 78.376
FD10880	253.000 	 29.449 	 78.430
FD10880	253.125 	 29.455 	 78.186
FD10880	253.250 	 29.464 	 78.125
FD10880	253.375 	 29.481 	 78.322
FD10880	253.500 	 29.489 	 78.340
FD10880	253.625 	 29.501 	 78.419
FD10880	253.750 	 29.507 	 78.569
FD10880	253.875 	 29.513 	 78.499
FD10880	254.000 	 29.515 	 78.507
FD10880	254.125 	 29.512 	 78.615
FD10880	254.250 	 29.517 	 78.456
FD10880	254.375 	 29.516 	 78.459
FD10880	254.500 	 29.518 	 78.588
FD10880	254.625 	 29.519 	 78.357
FD10880	254.750 	 29.515 	 78.299
FD10880	254.875 	 29.518 	 78.478
FD10880	255.000 	 29.518 	 78.480
FD10880	255.125 	 29.514 	 78.592
FD10880	255.250 	 29.506 	 78.796
FD10880	255.375 	 29.511 	 78.920
FD10880	255.500 	 29.507 	 78.972
FD10880	255.625 	 29.507 	 78.928
FD10880	255.750 	 29.517 	 78.888
FD10880	255.875 	 29.524 	 78.807
FD10880	256.000 	 29.534 	 78.658
FD10880	256.125 	 29.546 	 78.662
FD10880	256.250 	 29.561 	 78.822
FD10880	256.375 	 29.578 	 78.738
FD10880	256.500 	 29.594 	 78.735
FD10880	256.625 	 29.609 	 78.849
FD10880	256.750 	 29.622 	 78.781
FD10880	256.875 	 29.634 	 78.742
FD10880	257.000 	 29.647 	 78.743
FD10880	257.125 	 29.655 	 78.726
FD10880	257.250 	 29.662 	 78.721
FD10880	257.375 	 29.668 	 78.763
FD10880	257.500 	 29.669 	 78.676
FD10880	257.625 	 29.672 	 78.497
FD10880	257.750 	 29.668 	 78.470
FD10880	257.875 	 29.666 	 78.465
FD10880	258.000 	 29.662 	 78.506
FD10880	258.125 	 29.659 	 78.572
FD10880	258.250 	 29.659 	 78.506
FD10880	258.375 	 29.656 	 78.433
FD10880	258.500 	 29.655 	 78.515
FD10880	258.625 	 29.643 	 78.647
FD10880	258.750 	 29.630 	 78.648
FD10880	258.875 	 29.613 	 78.663
FD10880	259.000 	 29.593 	 78.639
FD10880	259.125 	 29.574 	 78.522
FD10880	259.250 	 29.550 	 78.403
FD10880	259.375 	 29.530 	 78.411
FD10880	259.500 	 29.504 	 78.460
FD10880	259.625 	 29.485 	 78.418
FD10880	259.750 	 29.464 	 78.441
FD10880	259.875 	 29.444 	 78.594
FD10880	260.000 	 29.429 	 78.734
FD10880	260.125 	 29.415 	 78.816
FD10880	260.250 	 29.403 	 78.734
FD10880	260.375 	 29.388 	 78.767
FD10880	260.500 	 29.369 	 78.832
FD10880	260.625 	 29.364 	 78.855
FD10880	260.750 	 29.348 	 79.000
FD10880	260.875 	 29.345 	 78.923
FD10880	261.000 	 29.346 	 78.923
FD10880	261.125 	 29.346 	 78.912
FD10880	261.250 	 29.349 	 78.773
FD10880	261.375 	 29.359 	 78.771
FD10880	261.500 	 29.368 	 78.774
FD10880	261.625 	 29.374 	 78.776
FD10880	261.750 	 29.390 	 78.782
FD10880	261.875 	 29.395 	 78.790
FD10880	262.000 	 29.398 	 78.793
FD10880	262.125 	 29.408 	 78.794
FD10880	262.250 	 29.401 	 78.793
FD10880	262.375 	 29.401 	 78.793
FD10880	262.500 	 29.404 	 78.796
FD10880	262.625 	 29.401 	 78.793
FD10880	262.750 	 29.408 	 78.794
FD10880	262.875 	 29.401 	 78.793
FD10880	263.000 	 29.401 	 78.795
FD10880	263.125 	 29.404 	 78.794
FD10880	263.250 	 29.405 	 78.793
FD10880	263.375 	 29.401 	 78.760
FD10880	263.500 	 29.403 	 78.731
FD10880	263.625 	 29.404 	 78.729
FD10880	263.750 	 29.404 	 78.729
FD10880	263.875 	 29.404 	 78.729
FD10880	264.000 	 29.400 	 78.729
FD10880	264.125 	 29.404 	 78.729
FD10880	264.250 	 29.404 	 78.729
FD10880	264.375 	 29.404 	 78.729
FD10880	264.500 	 29.404 	 78.729
FD10880	264.625 	 29.400 	 78.729
FD10880	264.750 	 29.404 	 78.729
FD10880	264.875 	 29.404 	 78.729
FD10880	265.000 	 29.404 	 78.729
FD10880	265.125 	 29.404 	 78.729
FD10880	265.250 	 29.400 	 78.729
FD10880	265.375 	 29.404 	 78.729
FD10880	265.500 	 29.404 	 78.729
FD10880	265.625 	 29.404 	 78.729
FD10880	265.750 	 29.403 	 78.731
FD10880	265.875 	 29.401 	 78.727
FD10880	266.000 	 29.407 	 78.729
FD10880	266.125 	 29.400 	 78.729
FD10880	266.250 	 29.404 	 78.729
FD10880	266.375 	 29.400 	 78.729
FD10880	266.500 	 29.407 	 78.729
FD10880	266.625 	 29.403 	 78.731
FD10880	266.750 	 29.401 	 78.727
FD10880	266.875 	 29.404 	 78.729
FD10880	267.000 	 29.400 	 78.729
FD10880	267.125 	 29.407 	 78.729
FD10880	267.250 	 29.400 	 78.729
FD10880	267.375 	 29.404 	 78.729
FD10880	267.500 	 29.403 	 78.731
FD10880	267.625 	 29.404 	 78.727
FD10880	267.750 	 29.404 	 78.729
FD10880	267.875 	 29.400 	 78.729
FD10880	268.000 	 29.404 	 78.729
FD10880	268.125 	 29.403 	 78.731
FD10880	268.250 	 29.404 	 78.727
FD10880	268.375 	 29.403 	 78.731
FD10880	268.500 	 29.401 	 78.727
FD10880	268.625 	 29.404 	 78.729
FD10880	268.750 	 29.404 	 78.729
FD10880	268.875 	 29.404 	 78.729
FD10880	269.000 	 29.403 	 78.731
FD10880	269.125 	 29.401 	 78.727
FD10880	269.250 	 29.407 	 78.731
FD10880	269.375 	 29.401 	 78.727
FD10880	269.500 	 29.404 	 78.729
FD10880	269.625 	 29.403 	 78.731
FD10880	269.750 	 29.401 	 78.727
FD10880	269.875 	 29.407 	 78.731
FD10880	270.000 	 29.401 	 78.727
FD10880	270.125 	 29.403 	 78.731
FD10880	270.250 	 29.401 	 78.727
FD10880	270.375 	 29.407 	 78.729
FD10880	270.500 	 29.403 	 78.731
FD10880	270.625 	 29.401 	 78.727
FD10880	270.750 	 29.403 	 78.731
FD10880	270.875 	 29.401 	 78.727
FD10880	271.000 	 29.407 	 78.731
FD10880	271.125 	 29.401 	 78.727
FD10880	271.250 	 29.404 	 78.729
FD10880	271.375 	 29.403 	 78.731
FD10880	271.500 	 29.404 	 78.727
FD10880	271.625 	 29.403 	 78.731
FD10880	271.750 	 29.401 	 78.727
FD10880	271.875 	 29.403 	 78.731
FD10880	272.000 	 29.404 	 78.729
FD10880	272.125 	 29.404 	 78.727
FD10880	272.250 	 29.403 	 78.731
FD10880	272.375 	 29.401 	 78.727
FD10880	272.500 	 29.403 	 78.731
FD10880	272.625 	 29.404 	 78.727
FD10880	272.750 	 29.403 	 78.731
FD10880	272.875 	 29.404 	 78.729
FD10880	273.000 	 29.401 	 78.727
