#WellName	 Depth.M	 INCL	 AZIM 
WellName	 Depth.M	 INCL	 AZIM 
FD10864	0.000 	 0.000 	 0.000
FD10864	0.125 	 0.000 	 90.000
FD10864	0.250 	 0.000 	 90.000
FD10864	0.375 	 0.000 	 90.000
FD10864	0.500 	 0.000 	 90.000
FD10864	0.625 	 0.000 	 90.000
FD10864	0.750 	 0.000 	 90.000
FD10864	0.875 	 0.000 	 90.000
FD10864	1.000 	 0.000 	 90.000
FD10864	1.125 	 0.000 	 90.000
FD10864	1.250 	 0.000 	 90.000
FD10864	1.375 	 0.000 	 90.000
FD10864	1.500 	 0.000 	 90.000
FD10864	1.625 	 0.000 	 90.000
FD10864	1.750 	 0.000 	 90.000
FD10864	1.875 	 0.000 	 90.000
FD10864	2.000 	 0.000 	 90.000
FD10864	2.125 	 0.000 	 90.000
FD10864	2.250 	 0.000 	 90.000
FD10864	2.375 	 0.000 	 90.000
FD10864	2.500 	 0.000 	 90.000
FD10864	2.625 	 0.000 	 90.000
FD10864	2.750 	 0.000 	 90.000
FD10864	2.875 	 0.000 	 90.000
FD10864	3.000 	 0.000 	 90.000
FD10864	3.125 	 0.000 	 90.000
FD10864	3.250 	 0.000 	 90.000
FD10864	3.375 	 0.000 	 90.000
FD10864	3.500 	 0.000 	 90.000
FD10864	3.625 	 0.000 	 90.000
FD10864	3.750 	 0.000 	 90.000
FD10864	3.875 	 0.000 	 90.000
FD10864	4.000 	 0.000 	 90.000
FD10864	4.125 	 0.000 	 90.000
FD10864	4.250 	 0.000 	 90.000
FD10864	4.375 	 0.000 	 90.000
FD10864	4.500 	 0.000 	 90.000
FD10864	4.625 	 0.000 	 90.000
FD10864	4.750 	 0.000 	 90.000
FD10864	4.875 	 0.000 	 90.000
FD10864	5.000 	 0.000 	 90.000
FD10864	5.125 	 0.000 	 90.000
FD10864	5.250 	 0.000 	 90.000
FD10864	5.375 	 0.000 	 90.000
FD10864	5.500 	 0.000 	 90.000
FD10864	5.625 	 0.000 	 90.000
FD10864	5.750 	 0.000 	 90.000
FD10864	5.875 	 0.000 	 90.000
FD10864	6.000 	 0.000 	 90.000
FD10864	6.125 	 0.000 	 90.000
FD10864	6.250 	 0.000 	 90.000
FD10864	6.375 	 0.000 	 90.000
FD10864	6.500 	 0.000 	 90.000
FD10864	6.625 	 0.000 	 90.000
FD10864	6.750 	 0.000 	 90.000
FD10864	6.875 	 0.000 	 90.000
FD10864	7.000 	 0.000 	 90.000
FD10864	7.125 	 0.000 	 90.000
FD10864	7.250 	 0.000 	 90.000
FD10864	7.375 	 0.000 	 90.000
FD10864	7.500 	 0.000 	 90.000
FD10864	7.625 	 0.000 	 90.000
FD10864	7.750 	 0.000 	 90.000
FD10864	7.875 	 0.000 	 90.000
FD10864	8.000 	 0.000 	 90.000
FD10864	8.125 	 0.000 	 90.000
FD10864	8.250 	 0.000 	 90.000
FD10864	8.375 	 0.000 	 90.000
FD10864	8.500 	 0.000 	 90.000
FD10864	8.625 	 0.000 	 90.000
FD10864	8.750 	 0.000 	 90.000
FD10864	8.875 	 0.000 	 90.000
FD10864	9.000 	 0.000 	 90.000
FD10864	9.125 	 0.000 	 90.000
FD10864	9.250 	 0.000 	 90.000
FD10864	9.375 	 0.000 	 90.000
FD10864	9.500 	 0.000 	 90.000
FD10864	9.625 	 0.000 	 90.000
FD10864	9.750 	 0.000 	 90.000
FD10864	9.875 	 0.000 	 90.000
FD10864	10.000 	 0.000 	 90.000
FD10864	10.125 	 0.000 	 90.000
FD10864	10.250 	 0.000 	 90.000
FD10864	10.375 	 0.000 	 90.000
FD10864	10.500 	 0.000 	 90.000
FD10864	10.625 	 0.000 	 90.000
FD10864	10.750 	 0.000 	 90.000
FD10864	10.875 	 0.000 	 90.000
FD10864	11.000 	 0.000 	 90.000
FD10864	11.125 	 0.000 	 90.000
FD10864	11.250 	 0.000 	 90.000
FD10864	11.375 	 0.000 	 90.000
FD10864	11.500 	 0.000 	 90.000
FD10864	11.625 	 0.000 	 90.000
FD10864	11.750 	 0.000 	 90.000
FD10864	11.875 	 0.000 	 90.000
FD10864	12.000 	 0.000 	 90.000
FD10864	12.125 	 0.000 	 90.000
FD10864	12.250 	 0.000 	 90.000
FD10864	12.375 	 0.000 	 90.000
FD10864	12.500 	 0.000 	 90.000
FD10864	12.625 	 0.000 	 90.000
FD10864	12.750 	 0.000 	 90.000
FD10864	12.875 	 0.000 	 90.000
FD10864	13.000 	 0.000 	 90.000
FD10864	13.125 	 0.000 	 90.000
FD10864	13.250 	 0.000 	 90.000
FD10864	13.375 	 0.000 	 90.000
FD10864	13.500 	 0.000 	 90.000
FD10864	13.625 	 0.000 	 90.000
FD10864	13.750 	 0.000 	 90.000
FD10864	13.875 	 0.000 	 90.000
FD10864	14.000 	 0.000 	 90.000
FD10864	14.125 	 0.000 	 90.000
FD10864	14.250 	 0.000 	 90.000
FD10864	14.375 	 0.000 	 90.000
FD10864	14.500 	 0.000 	 90.000
FD10864	14.625 	 0.000 	 90.000
FD10864	14.750 	 0.000 	 90.000
FD10864	14.875 	 0.000 	 90.000
FD10864	15.000 	 0.000 	 90.000
FD10864	15.125 	 0.000 	 90.000
FD10864	15.250 	 0.000 	 90.000
FD10864	15.375 	 0.000 	 90.000
FD10864	15.500 	 0.000 	 90.000
FD10864	15.625 	 0.000 	 90.000
FD10864	15.750 	 0.000 	 90.000
FD10864	15.875 	 0.000 	 90.000
FD10864	16.000 	 0.000 	 90.000
FD10864	16.125 	 0.000 	 90.000
FD10864	16.250 	 0.000 	 90.000
FD10864	16.375 	 0.000 	 90.000
FD10864	16.500 	 0.000 	 90.000
FD10864	16.625 	 0.000 	 90.000
FD10864	16.750 	 0.000 	 90.000
FD10864	16.875 	 0.000 	 90.000
FD10864	17.000 	 0.000 	 90.000
FD10864	17.125 	 0.000 	 90.000
FD10864	17.250 	 0.000 	 90.000
FD10864	17.375 	 0.000 	 90.000
FD10864	17.500 	 0.000 	 90.000
FD10864	17.625 	 0.000 	 90.000
FD10864	17.750 	 0.000 	 90.000
FD10864	17.875 	 0.000 	 90.000
FD10864	18.000 	 0.000 	 90.000
FD10864	18.125 	 0.000 	 90.000
FD10864	18.250 	 0.000 	 90.000
FD10864	18.375 	 0.000 	 90.000
FD10864	18.500 	 0.000 	 90.000
FD10864	18.625 	 0.000 	 90.000
FD10864	18.750 	 0.000 	 90.000
FD10864	18.875 	 0.000 	 90.000
FD10864	19.000 	 0.000 	 90.000
FD10864	19.125 	 0.000 	 90.000
FD10864	19.250 	 0.000 	 90.000
FD10864	19.375 	 0.000 	 90.000
FD10864	19.500 	 0.000 	 90.000
FD10864	19.625 	 0.000 	 90.000
FD10864	19.750 	 0.000 	 90.000
FD10864	19.875 	 0.000 	 90.000
FD10864	20.000 	 0.000 	 90.000
FD10864	20.125 	 0.000 	 90.000
FD10864	20.250 	 0.000 	 90.000
FD10864	20.375 	 0.000 	 90.000
FD10864	20.500 	 0.000 	 90.000
FD10864	20.625 	 0.000 	 90.000
FD10864	20.750 	 0.000 	 90.000
FD10864	20.875 	 0.000 	 90.000
FD10864	21.000 	 0.000 	 90.000
FD10864	21.125 	 0.000 	 90.000
FD10864	21.250 	 0.000 	 90.000
FD10864	21.375 	 0.000 	 90.000
FD10864	21.500 	 0.000 	 90.000
FD10864	21.625 	 0.000 	 90.000
FD10864	21.750 	 0.000 	 90.000
FD10864	21.875 	 0.000 	 90.000
FD10864	22.000 	 0.000 	 90.000
FD10864	22.125 	 0.000 	 90.000
FD10864	22.250 	 0.000 	 90.000
FD10864	22.375 	 0.000 	 90.000
FD10864	22.500 	 0.000 	 90.000
FD10864	22.625 	 0.000 	 90.000
FD10864	22.750 	 0.000 	 90.000
FD10864	22.875 	 0.000 	 90.000
FD10864	23.000 	 0.000 	 90.000
FD10864	23.125 	 0.000 	 90.000
FD10864	23.250 	 0.000 	 90.000
FD10864	23.375 	 0.000 	 90.000
FD10864	23.500 	 0.000 	 90.000
FD10864	23.625 	 0.000 	 90.000
FD10864	23.750 	 0.000 	 90.000
FD10864	23.875 	 0.000 	 90.000
FD10864	24.000 	 0.000 	 90.000
FD10864	24.125 	 0.000 	 90.000
FD10864	24.250 	 0.000 	 90.000
FD10864	24.375 	 0.000 	 90.000
FD10864	24.500 	 0.000 	 90.000
FD10864	24.625 	 0.000 	 90.000
FD10864	24.750 	 0.000 	 90.000
FD10864	24.875 	 0.000 	 90.000
FD10864	25.000 	 0.000 	 90.000
FD10864	25.125 	 0.000 	 90.000
FD10864	25.250 	 0.000 	 90.000
FD10864	25.375 	 0.000 	 90.000
FD10864	25.500 	 0.000 	 90.000
FD10864	25.625 	 0.000 	 90.000
FD10864	25.750 	 0.000 	 90.000
FD10864	25.875 	 0.000 	 90.000
FD10864	26.000 	 0.000 	 90.000
FD10864	26.125 	 0.000 	 90.000
FD10864	26.250 	 0.000 	 90.000
FD10864	26.375 	 0.000 	 90.000
FD10864	26.500 	 0.000 	 90.000
FD10864	26.625 	 0.000 	 90.000
FD10864	26.750 	 0.000 	 90.000
FD10864	26.875 	 0.000 	 90.000
FD10864	27.000 	 0.000 	 90.000
FD10864	27.125 	 0.000 	 90.000
FD10864	27.250 	 0.000 	 90.000
FD10864	27.375 	 0.000 	 90.000
FD10864	27.500 	 0.000 	 90.000
FD10864	27.625 	 0.000 	 90.000
FD10864	27.750 	 0.000 	 90.000
FD10864	27.875 	 0.000 	 90.000
FD10864	28.000 	 0.000 	 90.000
FD10864	28.125 	 0.000 	 90.000
FD10864	28.250 	 0.000 	 90.000
FD10864	28.375 	 0.000 	 90.000
FD10864	28.500 	 0.000 	 90.000
FD10864	28.625 	 0.000 	 90.000
FD10864	28.750 	 0.000 	 90.000
FD10864	28.875 	 0.000 	 90.000
FD10864	29.000 	 0.000 	 90.000
FD10864	29.125 	 0.000 	 90.000
FD10864	29.250 	 0.000 	 90.000
FD10864	29.375 	 0.000 	 90.000
FD10864	29.500 	 0.000 	 90.000
FD10864	29.625 	 0.000 	 90.000
FD10864	29.750 	 0.000 	 90.000
FD10864	29.875 	 0.000 	 90.000
FD10864	30.000 	 0.000 	 90.000
FD10864	30.125 	 0.000 	 90.000
FD10864	30.250 	 0.000 	 90.000
FD10864	30.375 	 0.000 	 90.000
FD10864	30.500 	 0.000 	 90.000
FD10864	30.625 	 0.000 	 90.000
FD10864	30.750 	 0.000 	 90.000
FD10864	30.875 	 0.000 	 90.000
FD10864	31.000 	 0.000 	 90.000
FD10864	31.125 	 0.000 	 90.000
FD10864	31.250 	 0.000 	 90.000
FD10864	31.375 	 0.000 	 90.000
FD10864	31.500 	 0.000 	 90.000
FD10864	31.625 	 0.000 	 90.000
FD10864	31.750 	 0.000 	 90.000
FD10864	31.875 	 0.000 	 90.000
FD10864	32.000 	 0.000 	 90.000
FD10864	32.125 	 0.000 	 90.000
FD10864	32.250 	 0.000 	 90.000
FD10864	32.375 	 0.000 	 90.000
FD10864	32.500 	 0.000 	 90.000
FD10864	32.625 	 0.000 	 90.000
FD10864	32.750 	 0.000 	 90.000
FD10864	32.875 	 0.000 	 90.000
FD10864	33.000 	 0.000 	 90.000
FD10864	33.125 	 0.000 	 90.000
FD10864	33.250 	 0.000 	 90.000
FD10864	33.375 	 0.000 	 90.000
FD10864	33.500 	 0.000 	 90.000
FD10864	33.625 	 0.000 	 90.000
FD10864	33.750 	 0.000 	 90.000
FD10864	33.875 	 0.000 	 90.000
FD10864	34.000 	 0.000 	 90.000
FD10864	34.125 	 0.000 	 90.000
FD10864	34.250 	 0.000 	 90.000
FD10864	34.375 	 0.000 	 90.000
FD10864	34.500 	 0.000 	 90.000
FD10864	34.625 	 0.000 	 90.000
FD10864	34.750 	 0.000 	 90.000
FD10864	34.875 	 0.000 	 90.000
FD10864	35.000 	 0.000 	 90.000
FD10864	35.125 	 0.000 	 90.000
FD10864	35.250 	 0.000 	 90.000
FD10864	35.375 	 0.000 	 90.000
FD10864	35.500 	 0.000 	 90.000
FD10864	35.625 	 0.000 	 90.000
FD10864	35.750 	 0.000 	 90.000
FD10864	35.875 	 0.000 	 90.000
FD10864	36.000 	 0.000 	 90.000
FD10864	36.125 	 0.000 	 90.000
FD10864	36.250 	 0.000 	 90.000
FD10864	36.375 	 0.000 	 90.000
FD10864	36.500 	 0.000 	 90.000
FD10864	36.625 	 0.000 	 90.000
FD10864	36.750 	 0.000 	 90.000
FD10864	36.875 	 0.000 	 90.000
FD10864	37.000 	 0.000 	 90.000
FD10864	37.125 	 0.000 	 90.000
FD10864	37.250 	 0.000 	 90.000
FD10864	37.375 	 0.000 	 90.000
FD10864	37.500 	 0.000 	 90.000
FD10864	37.625 	 0.000 	 90.000
FD10864	37.750 	 0.000 	 90.000
FD10864	37.875 	 0.000 	 90.000
FD10864	38.000 	 0.000 	 90.000
FD10864	38.125 	 0.000 	 90.000
FD10864	38.250 	 0.000 	 90.000
FD10864	38.375 	 0.000 	 90.000
FD10864	38.500 	 0.000 	 90.000
FD10864	38.625 	 0.000 	 90.000
FD10864	38.750 	 0.000 	 90.000
FD10864	38.875 	 0.000 	 90.000
FD10864	39.000 	 0.000 	 90.000
FD10864	39.125 	 1.041 	 200.160
FD10864	39.250 	 1.056 	 201.385
FD10864	39.375 	 1.071 	 202.509
FD10864	39.500 	 1.086 	 203.508
FD10864	39.625 	 1.100 	 204.560
FD10864	39.750 	 1.114 	 205.538
FD10864	39.875 	 1.128 	 205.790
FD10864	40.000 	 1.142 	 205.488
FD10864	40.125 	 1.154 	 205.340
FD10864	40.250 	 1.168 	 205.433
FD10864	40.375 	 1.182 	 205.688
FD10864	40.500 	 1.195 	 205.969
FD10864	40.625 	 1.209 	 206.238
FD10864	40.750 	 1.223 	 206.491
FD10864	40.875 	 1.238 	 206.796
FD10864	41.000 	 1.253 	 207.213
FD10864	41.125 	 1.269 	 207.675
FD10864	41.250 	 1.286 	 208.048
FD10864	41.375 	 1.304 	 208.364
FD10864	41.500 	 1.323 	 208.759
FD10864	41.625 	 1.342 	 209.273
FD10864	41.750 	 1.362 	 209.757
FD10864	41.875 	 1.383 	 210.188
FD10864	42.000 	 1.405 	 210.666
FD10864	42.125 	 1.426 	 211.206
FD10864	42.250 	 1.449 	 211.679
FD10864	42.375 	 1.472 	 211.951
FD10864	42.500 	 1.494 	 212.182
FD10864	42.625 	 1.517 	 212.404
FD10864	42.750 	 1.539 	 212.674
FD10864	42.875 	 1.561 	 212.989
FD10864	43.000 	 1.582 	 213.198
FD10864	43.125 	 1.604 	 213.368
FD10864	43.250 	 1.624 	 213.538
FD10864	43.375 	 1.644 	 213.791
FD10864	43.500 	 1.663 	 214.104
FD10864	43.625 	 1.682 	 214.379
FD10864	43.750 	 1.700 	 214.632
FD10864	43.875 	 1.718 	 214.854
FD10864	44.000 	 1.735 	 215.107
FD10864	44.125 	 1.752 	 215.417
FD10864	44.250 	 1.770 	 215.730
FD10864	44.375 	 1.787 	 216.071
FD10864	44.500 	 1.803 	 216.482
FD10864	44.625 	 1.820 	 216.848
FD10864	44.750 	 1.837 	 217.161
FD10864	44.875 	 1.853 	 217.417
FD10864	45.000 	 1.870 	 217.636
FD10864	45.125 	 1.886 	 217.920
FD10864	45.250 	 1.902 	 218.232
FD10864	45.375 	 1.919 	 218.480
FD10864	45.500 	 1.936 	 218.645
FD10864	45.625 	 1.952 	 218.856
FD10864	45.750 	 1.969 	 219.103
FD10864	45.875 	 1.986 	 219.359
FD10864	46.000 	 2.002 	 219.803
FD10864	46.125 	 2.019 	 220.375
FD10864	46.250 	 2.036 	 220.880
FD10864	46.375 	 2.052 	 221.366
FD10864	46.500 	 2.069 	 221.779
FD10864	46.625 	 2.087 	 222.180
FD10864	46.750 	 2.105 	 222.652
FD10864	46.875 	 2.123 	 223.111
FD10864	47.000 	 2.142 	 223.445
FD10864	47.125 	 2.161 	 223.857
FD10864	47.250 	 2.179 	 224.308
FD10864	47.375 	 2.199 	 224.693
FD10864	47.500 	 2.219 	 225.071
FD10864	47.625 	 2.239 	 225.357
FD10864	47.750 	 2.259 	 225.637
FD10864	47.875 	 2.279 	 225.903
FD10864	48.000 	 2.299 	 226.189
FD10864	48.125 	 2.320 	 226.593
FD10864	48.250 	 2.340 	 227.011
FD10864	48.375 	 2.360 	 227.307
FD10864	48.500 	 2.380 	 227.620
FD10864	48.625 	 2.400 	 227.949
FD10864	48.750 	 2.419 	 228.252
FD10864	48.875 	 2.439 	 228.526
FD10864	49.000 	 2.457 	 228.889
FD10864	49.125 	 2.477 	 229.282
FD10864	49.250 	 2.497 	 229.628
FD10864	49.375 	 2.517 	 229.982
FD10864	49.500 	 2.537 	 230.224
FD10864	49.625 	 2.558 	 230.449
FD10864	49.750 	 2.579 	 230.740
FD10864	49.875 	 2.601 	 231.037
FD10864	50.000 	 2.622 	 231.279
FD10864	50.125 	 2.645 	 232.105
FD10864	50.250 	 2.669 	 233.028
FD10864	50.375 	 2.691 	 233.328
FD10864	50.500 	 2.714 	 233.586
FD10864	50.625 	 2.738 	 233.852
FD10864	50.750 	 2.761 	 234.034
FD10864	50.875 	 2.785 	 234.237
FD10864	51.000 	 2.808 	 234.418
FD10864	51.125 	 2.830 	 234.654
FD10864	51.250 	 2.853 	 234.902
FD10864	51.375 	 2.874 	 235.014
FD10864	51.500 	 2.896 	 235.179
FD10864	51.625 	 2.916 	 235.407
FD10864	51.750 	 2.937 	 235.622
FD10864	51.875 	 2.958 	 235.882
FD10864	52.000 	 2.978 	 236.245
FD10864	52.125 	 2.998 	 236.901
FD10864	52.250 	 3.020 	 237.495
FD10864	52.375 	 3.040 	 237.569
FD10864	52.500 	 3.062 	 237.591
FD10864	52.625 	 3.084 	 237.704
FD10864	52.750 	 3.106 	 237.819
FD10864	52.875 	 3.130 	 238.145
FD10864	53.000 	 3.152 	 238.442
FD10864	53.125 	 3.176 	 238.498
FD10864	53.250 	 3.198 	 238.536
FD10864	53.375 	 3.222 	 238.564
FD10864	53.500 	 3.246 	 238.564
FD10864	53.625 	 3.270 	 238.706
FD10864	53.750 	 3.293 	 239.162
FD10864	53.875 	 3.317 	 239.656
FD10864	54.000 	 3.341 	 239.821
FD10864	54.125 	 3.365 	 240.422
FD10864	54.250 	 3.389 	 241.121
FD10864	54.375 	 3.414 	 241.337
FD10864	54.500 	 3.439 	 241.452
FD10864	54.625 	 3.465 	 241.456
FD10864	54.750 	 3.491 	 241.610
FD10864	54.875 	 3.518 	 241.722
FD10864	55.000 	 3.545 	 241.799
FD10864	55.125 	 3.574 	 241.884
FD10864	55.250 	 3.603 	 242.065
FD10864	55.375 	 3.632 	 242.356
FD10864	55.500 	 3.662 	 242.538
FD10864	55.625 	 3.692 	 242.776
FD10864	55.750 	 3.723 	 243.012
FD10864	55.875 	 3.753 	 243.191
FD10864	56.000 	 3.783 	 243.362
FD10864	56.125 	 3.813 	 243.994
FD10864	56.250 	 3.842 	 244.680
FD10864	56.375 	 3.872 	 244.903
FD10864	56.500 	 3.900 	 245.133
FD10864	56.625 	 3.929 	 245.359
FD10864	56.750 	 3.957 	 245.551
FD10864	56.875 	 3.986 	 245.743
FD10864	57.000 	 4.014 	 245.968
FD10864	57.125 	 4.042 	 246.342
FD10864	57.250 	 4.070 	 246.594
FD10864	57.375 	 4.098 	 246.784
FD10864	57.500 	 4.127 	 247.086
FD10864	57.625 	 4.155 	 247.306
FD10864	57.750 	 4.183 	 247.356
FD10864	57.875 	 4.213 	 247.135
FD10864	58.000 	 4.242 	 246.834
FD10864	58.125 	 4.272 	 247.188
FD10864	58.250 	 4.301 	 247.650
FD10864	58.375 	 4.331 	 247.652
FD10864	58.500 	 4.359 	 247.729
FD10864	58.625 	 4.388 	 247.740
FD10864	58.750 	 4.417 	 247.740
FD10864	58.875 	 4.444 	 247.806
FD10864	59.000 	 4.472 	 247.987
FD10864	59.125 	 4.499 	 248.108
FD10864	59.250 	 4.527 	 248.190
FD10864	59.375 	 4.555 	 248.416
FD10864	59.500 	 4.583 	 248.674
FD10864	59.625 	 4.610 	 248.905
FD10864	59.750 	 4.639 	 249.108
FD10864	59.875 	 4.668 	 249.410
FD10864	60.000 	 4.697 	 249.526
FD10864	60.125 	 4.726 	 249.545
FD10864	60.250 	 4.756 	 249.831
FD10864	60.375 	 4.785 	 250.009
FD10864	60.500 	 4.816 	 249.987
FD10864	60.625 	 4.846 	 250.017
FD10864	60.750 	 4.877 	 250.072
FD10864	60.875 	 4.907 	 250.429
FD10864	61.000 	 4.939 	 250.714
FD10864	61.125 	 4.971 	 250.781
FD10864	61.250 	 5.003 	 250.978
FD10864	61.375 	 5.035 	 251.168
FD10864	61.500 	 5.067 	 251.349
FD10864	61.625 	 5.099 	 251.467
FD10864	61.750 	 5.130 	 251.621
FD10864	61.875 	 5.161 	 251.736
FD10864	62.000 	 5.191 	 251.670
FD10864	62.125 	 5.220 	 251.679
FD10864	62.250 	 5.250 	 251.849
FD10864	62.375 	 5.278 	 251.992
FD10864	62.500 	 5.306 	 252.168
FD10864	62.625 	 5.334 	 252.409
FD10864	62.750 	 5.362 	 252.557
FD10864	62.875 	 5.388 	 252.649
FD10864	63.000 	 5.416 	 252.692
FD10864	63.125 	 5.443 	 252.879
FD10864	63.250 	 5.470 	 253.242
FD10864	63.375 	 5.496 	 253.409
FD10864	63.500 	 5.523 	 253.409
FD10864	63.625 	 5.550 	 253.580
FD10864	63.750 	 5.578 	 253.667
FD10864	63.875 	 5.605 	 253.761
FD10864	64.000 	 5.634 	 254.024
FD10864	64.125 	 5.664 	 254.167
FD10864	64.250 	 5.695 	 254.255
FD10864	64.375 	 5.726 	 254.274
FD10864	64.500 	 5.758 	 254.120
FD10864	64.625 	 5.790 	 254.038
FD10864	64.750 	 5.824 	 254.033
FD10864	64.875 	 5.856 	 253.999
FD10864	65.000 	 5.890 	 254.055
FD10864	65.125 	 5.922 	 254.010
FD10864	65.250 	 5.956 	 254.154
FD10864	65.375 	 5.988 	 254.145
FD10864	65.500 	 6.021 	 254.058
FD10864	65.625 	 6.055 	 254.260
FD10864	65.750 	 6.088 	 254.382
FD10864	65.875 	 6.122 	 254.483
FD10864	66.000 	 6.157 	 254.461
FD10864	66.125 	 6.192 	 254.385
FD10864	66.250 	 6.228 	 254.291
FD10864	66.375 	 6.265 	 254.346
FD10864	66.500 	 6.302 	 254.615
FD10864	66.625 	 6.339 	 254.790
FD10864	66.750 	 6.378 	 254.846
FD10864	66.875 	 6.417 	 254.865
FD10864	67.000 	 6.457 	 254.793
FD10864	67.125 	 6.498 	 254.886
FD10864	67.250 	 6.539 	 255.123
FD10864	67.375 	 6.580 	 255.236
FD10864	67.500 	 6.621 	 255.296
FD10864	67.625 	 6.663 	 255.150
FD10864	67.750 	 6.704 	 255.068
FD10864	67.875 	 6.744 	 255.173
FD10864	68.000 	 6.782 	 255.265
FD10864	68.125 	 6.820 	 255.403
FD10864	68.250 	 6.856 	 255.474
FD10864	68.375 	 6.891 	 255.291
FD10864	68.500 	 6.924 	 255.274
FD10864	68.625 	 6.957 	 255.590
FD10864	68.750 	 6.988 	 255.650
FD10864	68.875 	 7.020 	 255.307
FD10864	69.000 	 7.051 	 254.967
FD10864	69.125 	 7.081 	 254.738
FD10864	69.250 	 7.112 	 254.497
FD10864	69.375 	 7.144 	 254.330
FD10864	69.500 	 7.176 	 254.384
FD10864	69.625 	 7.208 	 254.568
FD10864	69.750 	 7.240 	 254.881
FD10864	69.875 	 7.272 	 254.994
FD10864	70.000 	 7.306 	 254.895
FD10864	70.125 	 7.340 	 255.018
FD10864	70.250 	 7.374 	 255.260
FD10864	70.375 	 7.410 	 255.376
FD10864	70.500 	 7.446 	 255.293
FD10864	70.625 	 7.483 	 255.437
FD10864	70.750 	 7.522 	 255.535
FD10864	70.875 	 7.560 	 255.422
FD10864	71.000 	 7.600 	 255.307
FD10864	71.125 	 7.640 	 255.310
FD10864	71.250 	 7.680 	 255.233
FD10864	71.375 	 7.720 	 254.802
FD10864	71.500 	 7.760 	 254.379
FD10864	71.625 	 7.800 	 254.107
FD10864	71.750 	 7.838 	 254.057
FD10864	71.875 	 7.878 	 254.162
FD10864	72.000 	 7.916 	 254.156
FD10864	72.125 	 7.955 	 254.137
FD10864	72.250 	 7.993 	 254.412
FD10864	72.375 	 8.032 	 254.623
FD10864	72.500 	 8.069 	 254.387
FD10864	72.625 	 8.106 	 254.085
FD10864	72.750 	 8.143 	 253.882
FD10864	72.875 	 8.179 	 253.728
FD10864	73.000 	 8.215 	 253.629
FD10864	73.125 	 8.250 	 253.701
FD10864	73.250 	 8.286 	 253.860
FD10864	73.375 	 8.321 	 253.859
FD10864	73.500 	 8.357 	 253.881
FD10864	73.625 	 8.393 	 253.934
FD10864	73.750 	 8.428 	 253.955
FD10864	73.875 	 8.466 	 253.829
FD10864	74.000 	 8.503 	 253.610
FD10864	74.125 	 8.541 	 253.629
FD10864	74.250 	 8.577 	 253.804
FD10864	74.375 	 8.614 	 253.799
FD10864	74.500 	 8.649 	 253.882
FD10864	74.625 	 8.683 	 254.112
FD10864	74.750 	 8.714 	 254.145
FD10864	74.875 	 8.743 	 254.198
FD10864	75.000 	 8.772 	 254.082
FD10864	75.125 	 8.798 	 253.953
FD10864	75.250 	 8.822 	 254.008
FD10864	75.375 	 8.848 	 254.132
FD10864	75.500 	 8.871 	 254.253
FD10864	75.625 	 8.893 	 254.192
FD10864	75.750 	 8.917 	 254.077
FD10864	75.875 	 8.941 	 253.895
FD10864	76.000 	 8.966 	 253.637
FD10864	76.125 	 8.993 	 253.596
FD10864	76.250 	 9.021 	 253.794
FD10864	76.375 	 9.052 	 253.801
FD10864	76.500 	 9.085 	 253.687
FD10864	76.625 	 9.119 	 253.747
FD10864	76.750 	 9.158 	 253.757
FD10864	76.875 	 9.197 	 253.829
FD10864	77.000 	 9.239 	 254.065
FD10864	77.125 	 9.282 	 254.096
FD10864	77.250 	 9.325 	 254.096
FD10864	77.375 	 9.367 	 253.999
FD10864	77.500 	 9.409 	 253.867
FD10864	77.625 	 9.451 	 253.893
FD10864	77.750 	 9.490 	 253.865
FD10864	77.875 	 9.529 	 254.085
FD10864	78.000 	 9.566 	 254.371
FD10864	78.125 	 9.601 	 254.447
FD10864	78.250 	 9.636 	 254.442
FD10864	78.375 	 9.670 	 254.354
FD10864	78.500 	 9.703 	 254.387
FD10864	78.625 	 9.736 	 254.513
FD10864	78.750 	 9.768 	 254.420
FD10864	78.875 	 9.801 	 254.118
FD10864	79.000 	 9.833 	 253.992
FD10864	79.125 	 9.866 	 253.865
FD10864	79.250 	 9.900 	 253.601
FD10864	79.375 	 9.933 	 253.437
FD10864	79.500 	 9.967 	 253.255
FD10864	79.625 	 10.000 	 253.170
FD10864	79.750 	 10.035 	 253.088
FD10864	79.875 	 10.069 	 252.928
FD10864	80.000 	 10.103 	 252.863
FD10864	80.125 	 10.135 	 253.028
FD10864	80.250 	 10.167 	 253.275
FD10864	80.375 	 10.199 	 253.431
FD10864	80.500 	 10.230 	 253.497
FD10864	80.625 	 10.260 	 253.577
FD10864	80.750 	 10.291 	 253.681
FD10864	80.875 	 10.321 	 253.881
FD10864	81.000 	 10.351 	 254.052
FD10864	81.125 	 10.381 	 254.068
FD10864	81.250 	 10.411 	 254.002
FD10864	81.375 	 10.441 	 253.997
FD10864	81.500 	 10.471 	 254.062
FD10864	81.625 	 10.500 	 253.881
FD10864	81.750 	 10.530 	 253.876
FD10864	81.875 	 10.559 	 253.936
FD10864	82.000 	 10.590 	 253.898
FD10864	82.125 	 10.618 	 253.829
FD10864	82.250 	 10.648 	 253.818
FD10864	82.375 	 10.678 	 253.884
FD10864	82.500 	 10.707 	 253.900
FD10864	82.625 	 10.737 	 253.848
FD10864	82.750 	 10.765 	 253.690
FD10864	82.875 	 10.794 	 253.723
FD10864	83.000 	 10.823 	 253.821
FD10864	83.125 	 10.851 	 253.823
FD10864	83.250 	 10.881 	 253.752
FD10864	83.375 	 10.910 	 253.519
FD10864	83.500 	 10.940 	 253.255
FD10864	83.625 	 10.971 	 253.162
FD10864	83.750 	 11.004 	 253.145
FD10864	83.875 	 11.035 	 253.057
FD10864	84.000 	 11.069 	 252.915
FD10864	84.125 	 11.101 	 252.736
FD10864	84.250 	 11.136 	 252.423
FD10864	84.375 	 11.171 	 252.113
FD10864	84.500 	 11.205 	 251.964
FD10864	84.625 	 11.242 	 252.096
FD10864	84.750 	 11.277 	 252.256
FD10864	84.875 	 11.313 	 252.118
FD10864	85.000 	 11.349 	 251.932
FD10864	85.125 	 11.385 	 251.887
FD10864	85.250 	 11.421 	 251.921
FD10864	85.375 	 11.456 	 252.016
FD10864	85.500 	 11.491 	 252.083
FD10864	85.625 	 11.526 	 252.091
FD10864	85.750 	 11.561 	 252.189
FD10864	85.875 	 11.595 	 252.280
FD10864	86.000 	 11.627 	 252.489
FD10864	86.125 	 11.659 	 252.678
FD10864	86.250 	 11.691 	 252.651
FD10864	86.375 	 11.722 	 252.657
FD10864	86.500 	 11.752 	 252.673
FD10864	86.625 	 11.784 	 252.613
FD10864	86.750 	 11.814 	 252.525
FD10864	86.875 	 11.845 	 252.511
FD10864	87.000 	 11.875 	 252.605
FD10864	87.125 	 11.907 	 252.706
FD10864	87.250 	 11.938 	 252.695
FD10864	87.375 	 11.968 	 252.753
FD10864	87.500 	 11.999 	 253.005
FD10864	87.625 	 12.031 	 253.055
FD10864	87.750 	 12.063 	 252.928
FD10864	87.875 	 12.097 	 252.749
FD10864	88.000 	 12.129 	 252.486
FD10864	88.125 	 12.163 	 252.442
FD10864	88.250 	 12.197 	 252.497
FD10864	88.375 	 12.232 	 252.574
FD10864	88.500 	 12.267 	 252.750
FD10864	88.625 	 12.302 	 252.772
FD10864	88.750 	 12.338 	 252.678
FD10864	88.875 	 12.374 	 252.657
FD10864	89.000 	 12.408 	 252.574
FD10864	89.125 	 12.444 	 252.313
FD10864	89.250 	 12.478 	 251.879
FD10864	89.375 	 12.513 	 251.972
FD10864	89.500 	 12.546 	 252.445
FD10864	89.625 	 12.581 	 252.627
FD10864	89.750 	 12.616 	 252.775
FD10864	89.875 	 12.648 	 252.865
FD10864	90.000 	 12.683 	 252.800
FD10864	90.125 	 12.717 	 252.748
FD10864	90.250 	 12.751 	 252.692
FD10864	90.375 	 12.784 	 252.593
FD10864	90.500 	 12.818 	 252.396
FD10864	90.625 	 12.850 	 252.200
FD10864	90.750 	 12.883 	 252.222
FD10864	90.875 	 12.915 	 252.162
FD10864	91.000 	 12.947 	 252.074
FD10864	91.125 	 12.977 	 252.099
FD10864	91.250 	 13.007 	 252.060
FD10864	91.375 	 13.037 	 251.931
FD10864	91.500 	 13.066 	 251.871
FD10864	91.625 	 13.096 	 251.965
FD10864	91.750 	 13.125 	 252.140
FD10864	91.875 	 13.155 	 252.198
FD10864	92.000 	 13.184 	 252.126
FD10864	92.125 	 13.214 	 252.019
FD10864	92.250 	 13.244 	 251.832
FD10864	92.375 	 13.275 	 251.755
FD10864	92.500 	 13.306 	 251.607
FD10864	92.625 	 13.337 	 251.415
FD10864	92.750 	 13.367 	 251.410
FD10864	92.875 	 13.398 	 251.300
FD10864	93.000 	 13.429 	 251.146
FD10864	93.125 	 13.459 	 251.264
FD10864	93.250 	 13.489 	 251.505
FD10864	93.375 	 13.518 	 251.662
FD10864	93.500 	 13.545 	 251.789
FD10864	93.625 	 13.574 	 251.775
FD10864	93.750 	 13.602 	 251.676
FD10864	93.875 	 13.627 	 251.585
FD10864	94.000 	 13.653 	 251.459
FD10864	94.125 	 13.677 	 251.299
FD10864	94.250 	 13.702 	 251.240
FD10864	94.375 	 13.724 	 251.237
FD10864	94.500 	 13.747 	 251.126
FD10864	94.625 	 13.770 	 250.979
FD10864	94.750 	 13.793 	 250.868
FD10864	94.875 	 13.817 	 250.783
FD10864	95.000 	 13.841 	 250.757
FD10864	95.125 	 13.869 	 250.808
FD10864	95.250 	 13.897 	 250.808
FD10864	95.375 	 13.930 	 250.890
FD10864	95.500 	 13.963 	 250.891
FD10864	95.625 	 13.998 	 250.632
FD10864	95.750 	 14.035 	 250.374
FD10864	95.875 	 14.074 	 250.097
FD10864	96.000 	 14.113 	 249.976
FD10864	96.125 	 14.155 	 249.959
FD10864	96.250 	 14.197 	 249.943
FD10864	96.375 	 14.241 	 249.934
FD10864	96.500 	 14.285 	 249.946
FD10864	96.625 	 14.330 	 250.020
FD10864	96.750 	 14.376 	 250.119
FD10864	96.875 	 14.422 	 250.322
FD10864	97.000 	 14.467 	 250.525
FD10864	97.125 	 14.513 	 250.652
FD10864	97.250 	 14.557 	 250.717
FD10864	97.375 	 14.600 	 250.698
FD10864	97.500 	 14.645 	 250.522
FD10864	97.625 	 14.685 	 250.413
FD10864	97.750 	 14.726 	 250.457
FD10864	97.875 	 14.766 	 250.442
FD10864	98.000 	 14.803 	 250.442
FD10864	98.125 	 14.840 	 250.443
FD10864	98.250 	 14.875 	 250.388
FD10864	98.375 	 14.909 	 250.369
FD10864	98.500 	 14.942 	 250.320
FD10864	98.625 	 14.974 	 250.231
FD10864	98.750 	 15.005 	 250.144
FD10864	98.875 	 15.032 	 250.179
FD10864	99.000 	 15.059 	 250.317
FD10864	99.125 	 15.087 	 250.487
FD10864	99.250 	 15.111 	 250.707
FD10864	99.375 	 15.136 	 250.797
FD10864	99.500 	 15.160 	 250.786
FD10864	99.625 	 15.184 	 250.808
FD10864	99.750 	 15.209 	 250.874
FD10864	99.875 	 15.235 	 250.863
FD10864	100.000 	 15.262 	 250.786
FD10864	100.125 	 15.289 	 250.707
FD10864	100.250 	 15.318 	 250.673
FD10864	100.375 	 15.348 	 250.698
FD10864	100.500 	 15.380 	 250.692
FD10864	100.625 	 15.412 	 250.641
FD10864	100.750 	 15.445 	 250.536
FD10864	100.875 	 15.479 	 250.391
FD10864	101.000 	 15.513 	 250.237
FD10864	101.125 	 15.547 	 250.118
FD10864	101.250 	 15.582 	 250.008
FD10864	101.375 	 15.618 	 249.940
FD10864	101.500 	 15.651 	 250.001
FD10864	101.625 	 15.686 	 249.978
FD10864	101.750 	 15.721 	 249.912
FD10864	101.875 	 15.755 	 249.937
FD10864	102.000 	 15.789 	 249.998
FD10864	102.125 	 15.822 	 249.951
FD10864	102.250 	 15.857 	 249.786
FD10864	102.375 	 15.890 	 249.767
FD10864	102.500 	 15.922 	 249.761
FD10864	102.625 	 15.956 	 249.640
FD10864	102.750 	 15.987 	 249.559
FD10864	102.875 	 16.021 	 249.503
FD10864	103.000 	 16.052 	 249.394
FD10864	103.125 	 16.086 	 249.300
FD10864	103.250 	 16.118 	 249.223
FD10864	103.375 	 16.150 	 249.155
FD10864	103.500 	 16.184 	 249.066
FD10864	103.625 	 16.216 	 249.031
FD10864	103.750 	 16.248 	 249.020
FD10864	103.875 	 16.280 	 249.061
FD10864	104.000 	 16.311 	 249.160
FD10864	104.125 	 16.343 	 249.133
FD10864	104.250 	 16.376 	 249.127
FD10864	104.375 	 16.409 	 249.108
FD10864	104.500 	 16.447 	 248.981
FD10864	104.625 	 16.484 	 248.899
FD10864	104.750 	 16.525 	 248.932
FD10864	104.875 	 16.569 	 249.053
FD10864	105.000 	 16.616 	 249.218
FD10864	105.125 	 16.665 	 249.322
FD10864	105.250 	 16.715 	 249.404
FD10864	105.375 	 16.763 	 249.350
FD10864	105.500 	 16.811 	 249.290
FD10864	105.625 	 16.858 	 249.303
FD10864	105.750 	 16.903 	 249.369
FD10864	105.875 	 16.945 	 249.559
FD10864	106.000 	 16.986 	 249.684
FD10864	106.125 	 17.024 	 249.758
FD10864	106.250 	 17.060 	 249.655
FD10864	106.375 	 17.096 	 249.526
FD10864	106.500 	 17.132 	 249.553
FD10864	106.625 	 17.167 	 249.493
FD10864	106.750 	 17.203 	 249.338
FD10864	106.875 	 17.239 	 249.254
FD10864	107.000 	 17.274 	 249.182
FD10864	107.125 	 17.312 	 249.102
FD10864	107.250 	 17.349 	 248.987
FD10864	107.375 	 17.388 	 248.877
FD10864	107.500 	 17.426 	 248.784
FD10864	107.625 	 17.465 	 248.682
FD10864	107.750 	 17.504 	 248.589
FD10864	107.875 	 17.542 	 248.485
FD10864	108.000 	 17.580 	 248.435
FD10864	108.125 	 17.616 	 248.325
FD10864	108.250 	 17.653 	 248.117
FD10864	108.375 	 17.686 	 247.919
FD10864	108.500 	 17.719 	 247.798
FD10864	108.625 	 17.750 	 247.740
FD10864	108.750 	 17.779 	 247.674
FD10864	108.875 	 17.806 	 247.647
FD10864	109.000 	 17.832 	 247.718
FD10864	109.125 	 17.855 	 247.831
FD10864	109.250 	 17.878 	 247.936
FD10864	109.375 	 17.901 	 248.004
FD10864	109.500 	 17.923 	 248.080
FD10864	109.625 	 17.946 	 248.201
FD10864	109.750 	 17.970 	 248.201
FD10864	109.875 	 17.993 	 248.111
FD10864	110.000 	 18.020 	 248.072
FD10864	110.125 	 18.047 	 248.556
FD10864	110.250 	 18.076 	 249.055
FD10864	110.375 	 18.111 	 248.954
FD10864	110.500 	 18.147 	 248.872
FD10864	110.625 	 18.185 	 248.851
FD10864	110.750 	 18.227 	 248.784
FD10864	110.875 	 18.271 	 248.864
FD10864	111.000 	 18.319 	 249.006
FD10864	111.125 	 18.366 	 249.057
FD10864	111.250 	 18.416 	 248.957
FD10864	111.375 	 18.467 	 248.899
FD10864	111.500 	 18.517 	 248.949
FD10864	111.625 	 18.568 	 248.897
FD10864	111.750 	 18.617 	 248.765
FD10864	111.875 	 18.668 	 248.661
FD10864	112.000 	 18.717 	 248.562
FD10864	112.125 	 18.762 	 248.433
FD10864	112.250 	 18.808 	 248.285
FD10864	112.375 	 18.851 	 248.141
FD10864	112.500 	 18.893 	 248.158
FD10864	112.625 	 18.931 	 248.287
FD10864	112.750 	 18.970 	 248.347
FD10864	112.875 	 19.006 	 248.399
FD10864	113.000 	 19.041 	 248.444
FD10864	113.125 	 19.075 	 248.435
FD10864	113.250 	 19.108 	 248.468
FD10864	113.375 	 19.139 	 248.540
FD10864	113.500 	 19.171 	 248.562
FD10864	113.625 	 19.201 	 248.537
FD10864	113.750 	 19.233 	 248.482
FD10864	113.875 	 19.262 	 248.424
FD10864	114.000 	 19.292 	 248.413
FD10864	114.125 	 19.321 	 248.394
FD10864	114.250 	 19.350 	 248.362
FD10864	114.375 	 19.379 	 248.358
FD10864	114.500 	 19.407 	 248.363
FD10864	114.625 	 19.437 	 248.367
FD10864	114.750 	 19.464 	 248.268
FD10864	114.875 	 19.492 	 248.197
FD10864	115.000 	 19.520 	 248.185
FD10864	115.125 	 19.548 	 248.108
FD10864	115.250 	 19.577 	 248.065
FD10864	115.375 	 19.606 	 248.031
FD10864	115.500 	 19.635 	 247.943
FD10864	115.625 	 19.664 	 247.900
FD10864	115.750 	 19.695 	 247.921
FD10864	115.875 	 19.724 	 247.905
FD10864	116.000 	 19.755 	 247.893
FD10864	116.125 	 19.787 	 247.949
FD10864	116.250 	 19.817 	 247.971
FD10864	116.375 	 19.848 	 247.949
FD10864	116.500 	 19.879 	 247.899
FD10864	116.625 	 19.908 	 247.801
FD10864	116.750 	 19.935 	 247.707
FD10864	116.875 	 19.964 	 247.647
FD10864	117.000 	 19.990 	 247.735
FD10864	117.125 	 20.016 	 247.908
FD10864	117.250 	 20.038 	 247.996
FD10864	117.375 	 20.063 	 248.059
FD10864	117.500 	 20.083 	 248.114
FD10864	117.625 	 20.104 	 248.159
FD10864	117.750 	 20.124 	 248.219
FD10864	117.875 	 20.143 	 248.259
FD10864	118.000 	 20.162 	 248.380
FD10864	118.125 	 20.180 	 248.526
FD10864	118.250 	 20.199 	 248.477
FD10864	118.375 	 20.216 	 248.155
FD10864	118.500 	 20.236 	 247.886
FD10864	118.625 	 20.257 	 247.850
FD10864	118.750 	 20.278 	 247.851
FD10864	118.875 	 20.302 	 247.853
FD10864	119.000 	 20.327 	 247.897
FD10864	119.125 	 20.355 	 247.924
FD10864	119.250 	 20.387 	 247.858
FD10864	119.375 	 20.418 	 247.850
FD10864	119.500 	 20.453 	 247.938
FD10864	119.625 	 20.489 	 247.979
FD10864	119.750 	 20.529 	 248.024
FD10864	119.875 	 20.568 	 248.111
FD10864	120.000 	 20.611 	 248.205
FD10864	120.125 	 20.654 	 248.275
FD10864	120.250 	 20.699 	 248.331
FD10864	120.375 	 20.747 	 248.380
FD10864	120.500 	 20.794 	 248.413
FD10864	120.625 	 20.843 	 248.400
FD10864	120.750 	 20.895 	 248.361
FD10864	120.875 	 20.944 	 248.337
FD10864	121.000 	 20.997 	 248.282
FD10864	121.125 	 21.050 	 248.342
FD10864	121.250 	 21.101 	 248.424
FD10864	121.375 	 21.155 	 248.389
FD10864	121.500 	 21.209 	 248.350
FD10864	121.625 	 21.262 	 248.322
FD10864	121.750 	 21.317 	 248.323
FD10864	121.875 	 21.372 	 248.314
FD10864	122.000 	 21.425 	 248.391
FD10864	122.125 	 21.480 	 248.479
FD10864	122.250 	 21.536 	 248.369
FD10864	122.375 	 21.591 	 248.341
FD10864	122.500 	 21.645 	 248.435
FD10864	122.625 	 21.699 	 248.469
FD10864	122.750 	 21.754 	 248.473
FD10864	122.875 	 21.806 	 248.435
FD10864	123.000 	 21.859 	 248.347
FD10864	123.125 	 21.910 	 248.317
FD10864	123.250 	 21.962 	 248.367
FD10864	123.375 	 22.014 	 248.323
FD10864	123.500 	 22.064 	 248.289
FD10864	123.625 	 22.113 	 248.234
FD10864	123.750 	 22.160 	 248.086
FD10864	123.875 	 22.210 	 247.949
FD10864	124.000 	 22.256 	 247.834
FD10864	124.125 	 22.303 	 247.952
FD10864	124.250 	 22.350 	 248.046
FD10864	124.375 	 22.396 	 247.980
FD10864	124.500 	 22.441 	 247.847
FD10864	124.625 	 22.488 	 247.825
FD10864	124.750 	 22.534 	 247.958
FD10864	124.875 	 22.580 	 247.908
FD10864	125.000 	 22.626 	 247.946
FD10864	125.125 	 22.671 	 248.112
FD10864	125.250 	 22.716 	 248.238
FD10864	125.375 	 22.759 	 248.284
FD10864	125.500 	 22.804 	 248.295
FD10864	125.625 	 22.848 	 248.320
FD10864	125.750 	 22.890 	 248.271
FD10864	125.875 	 22.933 	 248.268
FD10864	126.000 	 22.974 	 248.186
FD10864	126.125 	 23.018 	 248.106
FD10864	126.250 	 23.058 	 248.144
FD10864	126.375 	 23.098 	 248.098
FD10864	126.500 	 23.139 	 247.982
FD10864	126.625 	 23.180 	 247.856
FD10864	126.750 	 23.219 	 247.768
FD10864	126.875 	 23.258 	 247.697
FD10864	127.000 	 23.298 	 247.504
FD10864	127.125 	 23.338 	 247.362
FD10864	127.250 	 23.375 	 247.339
FD10864	127.375 	 23.417 	 247.266
FD10864	127.500 	 23.456 	 247.215
FD10864	127.625 	 23.495 	 247.175
FD10864	127.750 	 23.535 	 247.186
FD10864	127.875 	 23.574 	 247.213
FD10864	128.000 	 23.613 	 247.251
FD10864	128.125 	 23.652 	 247.373
FD10864	128.250 	 23.692 	 247.350
FD10864	128.375 	 23.730 	 247.202
FD10864	128.500 	 23.768 	 247.059
FD10864	128.625 	 23.806 	 246.875
FD10864	128.750 	 23.842 	 246.809
FD10864	128.875 	 23.879 	 246.930
FD10864	129.000 	 23.913 	 247.155
FD10864	129.125 	 23.950 	 247.276
FD10864	129.250 	 23.984 	 247.293
FD10864	129.375 	 24.018 	 247.394
FD10864	129.500 	 24.051 	 247.394
FD10864	129.625 	 24.087 	 247.378
FD10864	129.750 	 24.119 	 247.378
FD10864	129.875 	 24.155 	 247.260
FD10864	130.000 	 24.187 	 247.205
FD10864	130.125 	 24.224 	 247.713
FD10864	130.250 	 24.256 	 248.157
FD10864	130.375 	 24.293 	 248.097
FD10864	130.500 	 24.328 	 248.015
FD10864	130.625 	 24.364 	 247.991
FD10864	130.750 	 24.396 	 248.029
FD10864	130.875 	 24.431 	 248.067
FD10864	131.000 	 24.469 	 248.227
FD10864	131.125 	 24.504 	 248.334
FD10864	131.250 	 24.539 	 248.285
FD10864	131.375 	 24.573 	 248.238
FD10864	131.500 	 24.607 	 248.337
FD10864	131.625 	 24.641 	 248.510
FD10864	131.750 	 24.674 	 248.603
FD10864	131.875 	 24.707 	 248.672
FD10864	132.000 	 24.738 	 248.753
FD10864	132.125 	 24.768 	 248.664
FD10864	132.250 	 24.799 	 248.515
FD10864	132.375 	 24.832 	 248.425
FD10864	132.500 	 24.860 	 248.232
FD10864	132.625 	 24.889 	 248.197
FD10864	132.750 	 24.916 	 248.196
FD10864	132.875 	 24.945 	 248.172
FD10864	133.000 	 24.975 	 248.369
FD10864	133.125 	 25.004 	 248.419
FD10864	133.250 	 25.033 	 248.354
FD10864	133.375 	 25.055 	 248.345
FD10864	133.500 	 25.091 	 248.295
FD10864	133.625 	 25.114 	 248.327
FD10864	133.750 	 25.142 	 248.392
FD10864	133.875 	 25.171 	 248.298
FD10864	134.000 	 25.200 	 248.084
FD10864	134.125 	 25.225 	 248.015
FD10864	134.250 	 25.253 	 248.038
FD10864	134.375 	 25.277 	 248.068
FD10864	134.500 	 25.304 	 248.007
FD10864	134.625 	 25.331 	 248.040
FD10864	134.750 	 25.351 	 248.177
FD10864	134.875 	 25.384 	 248.202
FD10864	135.000 	 25.402 	 248.103
FD10864	135.125 	 25.424 	 247.867
FD10864	135.250 	 25.449 	 247.901
FD10864	135.375 	 25.469 	 247.985
FD10864	135.500 	 25.487 	 247.836
FD10864	135.625 	 25.508 	 247.765
FD10864	135.750 	 25.522 	 247.859
FD10864	135.875 	 25.542 	 247.875
FD10864	136.000 	 25.554 	 247.941
FD10864	136.125 	 25.568 	 247.883
FD10864	136.250 	 25.584 	 247.692
FD10864	136.375 	 25.598 	 247.688
FD10864	136.500 	 25.615 	 247.590
FD10864	136.625 	 25.624 	 247.519
FD10864	136.750 	 25.641 	 247.507
FD10864	136.875 	 25.655 	 247.422
FD10864	137.000 	 25.667 	 247.350
FD10864	137.125 	 25.681 	 247.222
FD10864	137.250 	 25.696 	 247.294
FD10864	137.375 	 25.710 	 247.477
FD10864	137.500 	 25.725 	 247.499
FD10864	137.625 	 25.740 	 247.554
FD10864	137.750 	 25.753 	 247.642
FD10864	137.875 	 25.776 	 247.809
FD10864	138.000 	 25.789 	 248.013
FD10864	138.125 	 25.803 	 248.161
FD10864	138.250 	 25.823 	 248.249
FD10864	138.375 	 25.843 	 248.235
FD10864	138.500 	 25.857 	 248.240
FD10864	138.625 	 25.874 	 248.123
FD10864	138.750 	 25.893 	 247.952
FD10864	138.875 	 25.905 	 247.897
FD10864	139.000 	 25.927 	 247.913
FD10864	139.125 	 25.943 	 247.994
FD10864	139.250 	 25.966 	 248.114
FD10864	139.375 	 25.982 	 248.213
FD10864	139.500 	 25.999 	 248.125
FD10864	139.625 	 26.025 	 247.957
FD10864	139.750 	 26.047 	 247.815
FD10864	139.875 	 26.068 	 247.735
FD10864	140.000 	 26.096 	 247.768
FD10864	140.125 	 26.115 	 247.702
FD10864	140.250 	 26.140 	 247.515
FD10864	140.375 	 26.163 	 247.436
FD10864	140.500 	 26.188 	 247.408
FD10864	140.625 	 26.210 	 247.431
FD10864	140.750 	 26.233 	 247.502
FD10864	140.875 	 26.254 	 247.681
FD10864	141.000 	 26.276 	 247.833
FD10864	141.125 	 26.290 	 247.840
FD10864	141.250 	 26.309 	 247.872
FD10864	141.375 	 26.318 	 247.865
FD10864	141.500 	 26.337 	 247.737
FD10864	141.625 	 26.346 	 247.596
FD10864	141.750 	 26.354 	 247.480
FD10864	141.875 	 26.364 	 247.472
FD10864	142.000 	 26.373 	 247.630
FD10864	142.125 	 26.376 	 247.776
FD10864	142.250 	 26.388 	 247.766
FD10864	142.375 	 26.394 	 247.622
FD10864	142.500 	 26.401 	 247.541
FD10864	142.625 	 26.415 	 247.608
FD10864	142.750 	 26.424 	 247.560
FD10864	142.875 	 26.434 	 247.405
FD10864	143.000 	 26.452 	 247.422
FD10864	143.125 	 26.465 	 247.444
FD10864	143.250 	 26.486 	 247.532
FD10864	143.375 	 26.504 	 247.598
FD10864	143.500 	 26.524 	 247.565
FD10864	143.625 	 26.546 	 247.578
FD10864	143.750 	 26.567 	 247.585
FD10864	143.875 	 26.586 	 247.587
FD10864	144.000 	 26.607 	 247.586
FD10864	144.125 	 26.621 	 247.626
FD10864	144.250 	 26.640 	 247.691
FD10864	144.375 	 26.650 	 247.754
FD10864	144.500 	 26.663 	 247.771
FD10864	144.625 	 26.668 	 247.650
FD10864	144.750 	 26.677 	 247.458
FD10864	144.875 	 26.681 	 247.420
FD10864	145.000 	 26.679 	 247.409
FD10864	145.125 	 26.677 	 247.246
FD10864	145.250 	 26.675 	 247.081
FD10864	145.375 	 26.667 	 247.067
FD10864	145.500 	 26.666 	 246.975
FD10864	145.625 	 26.655 	 246.839
FD10864	145.750 	 26.650 	 246.878
FD10864	145.875 	 26.651 	 246.985
FD10864	146.000 	 26.645 	 247.100
FD10864	146.125 	 26.645 	 247.153
FD10864	146.250 	 26.648 	 247.114
FD10864	146.375 	 26.654 	 247.104
FD10864	146.500 	 26.657 	 247.137
FD10864	146.625 	 26.669 	 247.199
FD10864	146.750 	 26.677 	 247.210
FD10864	146.875 	 26.685 	 247.167
FD10864	147.000 	 26.699 	 247.221
FD10864	147.125 	 26.708 	 247.384
FD10864	147.250 	 26.714 	 247.449
FD10864	147.375 	 26.727 	 247.450
FD10864	147.500 	 26.725 	 247.504
FD10864	147.625 	 26.736 	 247.483
FD10864	147.750 	 26.738 	 247.438
FD10864	147.875 	 26.740 	 247.543
FD10864	148.000 	 26.739 	 247.631
FD10864	148.125 	 26.737 	 247.554
FD10864	148.250 	 26.734 	 247.494
FD10864	148.375 	 26.730 	 247.502
FD10864	148.500 	 26.719 	 247.469
FD10864	148.625 	 26.712 	 247.310
FD10864	148.750 	 26.705 	 247.320
FD10864	148.875 	 26.699 	 247.444
FD10864	149.000 	 26.685 	 247.505
FD10864	149.125 	 26.680 	 247.571
FD10864	149.250 	 26.673 	 247.663
FD10864	149.375 	 26.668 	 247.828
FD10864	149.500 	 26.658 	 247.960
FD10864	149.625 	 26.661 	 248.119
FD10864	149.750 	 26.653 	 248.214
FD10864	149.875 	 26.653 	 248.172
FD10864	150.000 	 26.656 	 248.046
FD10864	150.125 	 26.656 	 247.927
FD10864	150.250 	 26.659 	 248.010
FD10864	150.375 	 26.662 	 248.049
FD10864	150.500 	 26.665 	 247.938
FD10864	150.625 	 26.672 	 247.911
FD10864	150.750 	 26.677 	 247.972
FD10864	150.875 	 26.681 	 248.062
FD10864	151.000 	 26.690 	 248.100
FD10864	151.125 	 26.699 	 248.188
FD10864	151.250 	 26.703 	 248.244
FD10864	151.375 	 26.715 	 248.320
FD10864	151.500 	 26.719 	 248.348
FD10864	151.625 	 26.734 	 248.324
FD10864	151.750 	 26.741 	 248.372
FD10864	151.875 	 26.752 	 248.488
FD10864	152.000 	 26.759 	 248.658
FD10864	152.125 	 26.770 	 248.642
FD10864	152.250 	 26.779 	 248.455
FD10864	152.375 	 26.788 	 248.230
FD10864	152.500 	 26.797 	 248.037
FD10864	152.625 	 26.803 	 247.795
FD10864	152.750 	 26.808 	 247.663
FD10864	152.875 	 26.821 	 247.530
FD10864	153.000 	 26.822 	 247.458
FD10864	153.125 	 26.830 	 247.563
FD10864	153.250 	 26.834 	 247.447
FD10864	153.375 	 26.842 	 247.335
FD10864	153.500 	 26.842 	 247.432
FD10864	153.625 	 26.851 	 247.411
FD10864	153.750 	 26.848 	 247.395
FD10864	153.875 	 26.857 	 247.460
FD10864	154.000 	 26.859 	 247.560
FD10864	154.125 	 26.860 	 247.839
FD10864	154.250 	 26.862 	 247.905
FD10864	154.375 	 26.862 	 247.661
FD10864	154.500 	 26.863 	 247.485
FD10864	154.625 	 26.862 	 247.453
FD10864	154.750 	 26.861 	 247.447
FD10864	154.875 	 26.856 	 247.458
FD10864	155.000 	 26.854 	 247.426
FD10864	155.125 	 26.853 	 247.344
FD10864	155.250 	 26.844 	 247.549
FD10864	155.375 	 26.847 	 247.704
FD10864	155.500 	 26.838 	 247.579
FD10864	155.625 	 26.836 	 247.544
FD10864	155.750 	 26.834 	 247.609
FD10864	155.875 	 26.832 	 247.644
FD10864	156.000 	 26.831 	 247.650
FD10864	156.125 	 26.832 	 247.631
FD10864	156.250 	 26.833 	 247.587
FD10864	156.375 	 26.836 	 247.499
FD10864	156.500 	 26.842 	 247.317
FD10864	156.625 	 26.844 	 247.290
FD10864	156.750 	 26.848 	 247.322
FD10864	156.875 	 26.853 	 247.290
FD10864	157.000 	 26.860 	 247.202
FD10864	157.125 	 26.866 	 246.955
FD10864	157.250 	 26.873 	 247.037
FD10864	157.375 	 26.877 	 247.284
FD10864	157.500 	 26.882 	 247.253
FD10864	157.625 	 26.890 	 247.175
FD10864	157.750 	 26.893 	 247.114
FD10864	157.875 	 26.896 	 247.035
FD10864	158.000 	 26.903 	 246.973
FD10864	158.125 	 26.901 	 246.969
FD10864	158.250 	 26.905 	 247.200
FD10864	158.375 	 26.908 	 247.180
FD10864	158.500 	 26.906 	 246.922
FD10864	158.625 	 26.914 	 246.710
FD10864	158.750 	 26.912 	 246.668
FD10864	158.875 	 26.913 	 246.669
FD10864	159.000 	 26.918 	 246.537
FD10864	159.125 	 26.916 	 246.502
FD10864	159.250 	 26.921 	 246.442
FD10864	159.375 	 26.919 	 246.587
FD10864	159.500 	 26.922 	 246.758
FD10864	159.625 	 26.922 	 246.780
FD10864	159.750 	 26.920 	 246.828
FD10864	159.875 	 26.918 	 246.823
FD10864	160.000 	 26.907 	 246.774
FD10864	160.125 	 26.905 	 246.655
FD10864	160.250 	 26.895 	 246.546
FD10864	160.375 	 26.884 	 246.431
FD10864	160.500 	 26.874 	 246.470
FD10864	160.625 	 26.859 	 246.534
FD10864	160.750 	 26.844 	 246.453
FD10864	160.875 	 26.828 	 246.325
FD10864	161.000 	 26.809 	 246.167
FD10864	161.125 	 26.795 	 246.093
FD10864	161.250 	 26.774 	 245.927
FD10864	161.375 	 26.758 	 245.925
FD10864	161.500 	 26.746 	 246.009
FD10864	161.625 	 26.723 	 246.038
FD10864	161.750 	 26.715 	 246.032
FD10864	161.875 	 26.699 	 246.112
FD10864	162.000 	 26.693 	 246.206
FD10864	162.125 	 26.678 	 246.029
FD10864	162.250 	 26.668 	 245.991
FD10864	162.375 	 26.662 	 246.010
FD10864	162.500 	 26.656 	 245.950
FD10864	162.625 	 26.648 	 245.929
FD10864	162.750 	 26.644 	 245.823
FD10864	162.875 	 26.637 	 245.761
FD10864	163.000 	 26.638 	 245.777
FD10864	163.125 	 26.632 	 245.812
FD10864	163.250 	 26.630 	 245.885
FD10864	163.375 	 26.630 	 245.972
FD10864	163.500 	 26.629 	 246.042
FD10864	163.625 	 26.630 	 246.038
FD10864	163.750 	 26.630 	 245.929
FD10864	163.875 	 26.631 	 245.914
FD10864	164.000 	 26.632 	 245.970
FD10864	164.125 	 26.637 	 245.969
FD10864	164.250 	 26.636 	 246.074
FD10864	164.375 	 26.637 	 246.106
FD10864	164.500 	 26.643 	 246.013
FD10864	164.625 	 26.647 	 245.966
FD10864	164.750 	 26.653 	 245.818
FD10864	164.875 	 26.658 	 245.746
FD10864	165.000 	 26.663 	 245.692
FD10864	165.125 	 26.668 	 245.601
FD10864	165.250 	 26.678 	 245.739
FD10864	165.375 	 26.688 	 245.774
FD10864	165.500 	 26.694 	 245.686
FD10864	165.625 	 26.704 	 245.628
FD10864	165.750 	 26.712 	 245.601
FD10864	165.875 	 26.725 	 245.628
FD10864	166.000 	 26.724 	 245.661
FD10864	166.125 	 26.738 	 245.778
FD10864	166.250 	 26.746 	 245.887
FD10864	166.375 	 26.753 	 245.989
FD10864	166.500 	 26.757 	 246.011
FD10864	166.625 	 26.760 	 245.955
FD10864	166.750 	 26.768 	 245.880
FD10864	166.875 	 26.769 	 245.865
FD10864	167.000 	 26.771 	 245.920
FD10864	167.125 	 26.771 	 245.919
FD10864	167.250 	 26.770 	 246.069
FD10864	167.375 	 26.767 	 246.119
FD10864	167.500 	 26.766 	 245.928
FD10864	167.625 	 26.759 	 245.798
FD10864	167.750 	 26.755 	 245.778
FD10864	167.875 	 26.751 	 245.670
FD10864	168.000 	 26.743 	 245.478
FD10864	168.125 	 26.743 	 245.330
FD10864	168.250 	 26.732 	 245.153
FD10864	168.375 	 26.729 	 245.019
FD10864	168.500 	 26.729 	 244.937
FD10864	168.625 	 26.721 	 244.981
FD10864	168.750 	 26.726 	 245.079
FD10864	168.875 	 26.720 	 245.098
FD10864	169.000 	 26.726 	 245.109
FD10864	169.125 	 26.722 	 244.923
FD10864	169.250 	 26.731 	 244.880
FD10864	169.375 	 26.732 	 245.059
FD10864	169.500 	 26.733 	 245.110
FD10864	169.625 	 26.740 	 245.163
FD10864	169.750 	 26.746 	 245.249
FD10864	169.875 	 26.746 	 245.419
FD10864	170.000 	 26.754 	 245.551
FD10864	170.125 	 26.759 	 245.492
FD10864	170.250 	 26.766 	 245.353
FD10864	170.375 	 26.770 	 245.356
FD10864	170.500 	 26.776 	 245.429
FD10864	170.625 	 26.785 	 245.524
FD10864	170.750 	 26.782 	 245.611
FD10864	170.875 	 26.794 	 245.628
FD10864	171.000 	 26.797 	 245.535
FD10864	171.125 	 26.800 	 245.406
FD10864	171.250 	 26.805 	 245.429
FD10864	171.375 	 26.807 	 245.351
FD10864	171.500 	 26.812 	 245.322
FD10864	171.625 	 26.817 	 245.385
FD10864	171.750 	 26.818 	 245.383
FD10864	171.875 	 26.823 	 245.393
FD10864	172.000 	 26.829 	 245.370
FD10864	172.125 	 26.833 	 245.403
FD10864	172.250 	 26.835 	 245.409
FD10864	172.375 	 26.842 	 245.372
FD10864	172.500 	 26.845 	 245.428
FD10864	172.625 	 26.850 	 245.484
FD10864	172.750 	 26.852 	 245.521
FD10864	172.875 	 26.859 	 245.628
FD10864	173.000 	 26.863 	 245.580
FD10864	173.125 	 26.867 	 245.411
FD10864	173.250 	 26.873 	 245.395
FD10864	173.375 	 26.877 	 245.346
FD10864	173.500 	 26.877 	 245.455
FD10864	173.625 	 26.881 	 245.594
FD10864	173.750 	 26.884 	 245.564
FD10864	173.875 	 26.879 	 245.579
FD10864	174.000 	 26.885 	 245.628
FD10864	174.125 	 26.879 	 245.642
FD10864	174.250 	 26.876 	 245.649
FD10864	174.375 	 26.868 	 245.687
FD10864	174.500 	 26.862 	 245.603
FD10864	174.625 	 26.852 	 245.472
FD10864	174.750 	 26.844 	 245.312
FD10864	174.875 	 26.835 	 245.305
FD10864	175.000 	 26.826 	 245.233
FD10864	175.125 	 26.816 	 245.071
FD10864	175.250 	 26.806 	 244.951
FD10864	175.375 	 26.798 	 244.756
FD10864	175.500 	 26.788 	 244.628
FD10864	175.625 	 26.783 	 244.502
FD10864	175.750 	 26.774 	 244.388
FD10864	175.875 	 26.770 	 244.480
FD10864	176.000 	 26.766 	 244.606
FD10864	176.125 	 26.765 	 244.742
FD10864	176.250 	 26.760 	 244.833
FD10864	176.375 	 26.766 	 244.890
FD10864	176.500 	 26.762 	 245.125
FD10864	176.625 	 26.769 	 245.327
FD10864	176.750 	 26.770 	 245.491
FD10864	176.875 	 26.773 	 245.650
FD10864	177.000 	 26.778 	 245.715
FD10864	177.125 	 26.781 	 245.626
FD10864	177.250 	 26.779 	 245.560
FD10864	177.375 	 26.783 	 245.485
FD10864	177.500 	 26.784 	 245.218
FD10864	177.625 	 26.781 	 245.041
FD10864	177.750 	 26.777 	 245.014
FD10864	177.875 	 26.774 	 245.070
FD10864	178.000 	 26.770 	 245.060
FD10864	178.125 	 26.767 	 244.922
FD10864	178.250 	 26.764 	 244.956
FD10864	178.375 	 26.755 	 245.069
FD10864	178.500 	 26.746 	 245.028
FD10864	178.625 	 26.740 	 245.124
FD10864	178.750 	 26.733 	 245.244
FD10864	178.875 	 26.722 	 245.120
FD10864	179.000 	 26.710 	 245.176
FD10864	179.125 	 26.701 	 245.420
FD10864	179.250 	 26.684 	 245.573
FD10864	179.375 	 26.674 	 245.547
FD10864	179.500 	 26.659 	 245.368
FD10864	179.625 	 26.645 	 245.245
FD10864	179.750 	 26.628 	 245.265
FD10864	179.875 	 26.614 	 245.316
FD10864	180.000 	 26.591 	 245.303
FD10864	180.125 	 26.579 	 245.201
FD10864	180.250 	 26.556 	 245.105
FD10864	180.375 	 26.541 	 245.121
FD10864	180.500 	 26.516 	 245.121
FD10864	180.625 	 26.498 	 245.054
FD10864	180.750 	 26.475 	 244.928
FD10864	180.875 	 26.455 	 244.739
FD10864	181.000 	 26.431 	 244.727
FD10864	181.125 	 26.410 	 244.877
FD10864	181.250 	 26.390 	 244.876
FD10864	181.375 	 26.365 	 245.023
FD10864	181.500 	 26.345 	 245.233
FD10864	181.625 	 26.322 	 245.224
FD10864	181.750 	 26.301 	 245.177
FD10864	181.875 	 26.280 	 245.194
FD10864	182.000 	 26.255 	 245.228
FD10864	182.125 	 26.233 	 245.241
FD10864	182.250 	 26.208 	 245.314
FD10864	182.375 	 26.179 	 245.333
FD10864	182.500 	 26.157 	 245.182
FD10864	182.625 	 26.128 	 244.969
FD10864	182.750 	 26.101 	 244.936
FD10864	182.875 	 26.068 	 245.068
FD10864	183.000 	 26.041 	 245.168
FD10864	183.125 	 26.005 	 245.192
FD10864	183.250 	 25.972 	 245.131
FD10864	183.375 	 25.943 	 245.113
FD10864	183.500 	 25.905 	 245.172
FD10864	183.625 	 25.874 	 245.083
FD10864	183.750 	 25.840 	 245.071
FD10864	183.875 	 25.811 	 245.128
FD10864	184.000 	 25.778 	 245.130
FD10864	184.125 	 25.747 	 245.112
FD10864	184.250 	 25.724 	 245.168
FD10864	184.375 	 25.696 	 245.191
FD10864	184.500 	 25.676 	 245.099
FD10864	184.625 	 25.656 	 245.117
FD10864	184.750 	 25.638 	 245.185
FD10864	184.875 	 25.625 	 245.178
FD10864	185.000 	 25.612 	 245.150
FD10864	185.125 	 25.601 	 245.214
FD10864	185.250 	 25.595 	 245.263
FD10864	185.375 	 25.585 	 245.224
FD10864	185.500 	 25.586 	 245.297
FD10864	185.625 	 25.577 	 245.391
FD10864	185.750 	 25.579 	 245.364
FD10864	185.875 	 25.579 	 245.346
FD10864	186.000 	 25.578 	 245.439
FD10864	186.125 	 25.580 	 245.547
FD10864	186.250 	 25.581 	 245.567
FD10864	186.375 	 25.584 	 245.603
FD10864	186.500 	 25.588 	 245.510
FD10864	186.625 	 25.587 	 245.476
FD10864	186.750 	 25.592 	 245.584
FD10864	186.875 	 25.590 	 245.579
FD10864	187.000 	 25.593 	 245.606
FD10864	187.125 	 25.597 	 245.524
FD10864	187.250 	 25.597 	 245.419
FD10864	187.375 	 25.601 	 245.533
FD10864	187.500 	 25.605 	 245.538
FD10864	187.625 	 25.604 	 245.411
FD10864	187.750 	 25.608 	 245.413
FD10864	187.875 	 25.606 	 245.322
FD10864	188.000 	 25.608 	 245.362
FD10864	188.125 	 25.607 	 245.377
FD10864	188.250 	 25.601 	 245.319
FD10864	188.375 	 25.598 	 245.470
FD10864	188.500 	 25.595 	 245.575
FD10864	188.625 	 25.585 	 245.657
FD10864	188.750 	 25.581 	 245.719
FD10864	188.875 	 25.571 	 245.715
FD10864	189.000 	 25.559 	 245.574
FD10864	189.125 	 25.550 	 245.473
FD10864	189.250 	 25.543 	 245.527
FD10864	189.375 	 25.530 	 245.618
FD10864	189.500 	 25.518 	 245.772
FD10864	189.625 	 25.505 	 245.836
FD10864	189.750 	 25.497 	 245.804
FD10864	189.875 	 25.485 	 245.835
FD10864	190.000 	 25.479 	 245.792
FD10864	190.125 	 25.466 	 245.700
FD10864	190.250 	 25.456 	 245.600
FD10864	190.375 	 25.450 	 245.605
FD10864	190.500 	 25.446 	 245.718
FD10864	190.625 	 25.438 	 245.775
FD10864	190.750 	 25.434 	 245.681
FD10864	190.875 	 25.431 	 245.706
FD10864	191.000 	 25.424 	 245.876
FD10864	191.125 	 25.424 	 245.979
FD10864	191.250 	 25.420 	 245.962
FD10864	191.375 	 25.417 	 245.828
FD10864	191.500 	 25.410 	 245.693
FD10864	191.625 	 25.412 	 245.748
FD10864	191.750 	 25.404 	 245.780
FD10864	191.875 	 25.401 	 245.732
FD10864	192.000 	 25.393 	 245.695
FD10864	192.125 	 25.392 	 245.589
FD10864	192.250 	 25.385 	 245.641
FD10864	192.375 	 25.376 	 245.773
FD10864	192.500 	 25.372 	 245.855
FD10864	192.625 	 25.368 	 245.768
FD10864	192.750 	 25.364 	 245.595
FD10864	192.875 	 25.357 	 245.537
FD10864	193.000 	 25.355 	 245.512
FD10864	193.125 	 25.353 	 245.444
FD10864	193.250 	 25.351 	 245.406
FD10864	193.375 	 25.349 	 245.428
FD10864	193.500 	 25.346 	 245.368
FD10864	193.625 	 25.347 	 245.309
FD10864	193.750 	 25.349 	 245.359
FD10864	193.875 	 25.344 	 245.244
FD10864	194.000 	 25.350 	 245.180
FD10864	194.125 	 25.350 	 245.324
FD10864	194.250 	 25.351 	 245.448
FD10864	194.375 	 25.354 	 245.545
FD10864	194.500 	 25.355 	 245.570
FD10864	194.625 	 25.360 	 245.540
FD10864	194.750 	 25.368 	 245.591
FD10864	194.875 	 25.374 	 245.642
FD10864	195.000 	 25.379 	 245.670
FD10864	195.125 	 25.388 	 245.573
FD10864	195.250 	 25.396 	 245.459
FD10864	195.375 	 25.404 	 245.482
FD10864	195.500 	 25.413 	 245.721
FD10864	195.625 	 25.421 	 245.915
FD10864	195.750 	 25.431 	 245.923
FD10864	195.875 	 25.442 	 245.882
FD10864	196.000 	 25.451 	 245.865
FD10864	196.125 	 25.465 	 245.937
FD10864	196.250 	 25.473 	 245.968
FD10864	196.375 	 25.488 	 245.927
FD10864	196.500 	 25.495 	 245.897
FD10864	196.625 	 25.508 	 245.887
FD10864	196.750 	 25.516 	 245.781
FD10864	196.875 	 25.528 	 245.789
FD10864	197.000 	 25.534 	 245.738
FD10864	197.125 	 25.546 	 245.684
FD10864	197.250 	 25.552 	 245.767
FD10864	197.375 	 25.563 	 245.752
FD10864	197.500 	 25.570 	 245.731
FD10864	197.625 	 25.582 	 245.741
FD10864	197.750 	 25.594 	 245.680
FD10864	197.875 	 25.606 	 245.688
FD10864	198.000 	 25.617 	 245.765
FD10864	198.125 	 25.629 	 245.721
FD10864	198.250 	 25.638 	 245.669
FD10864	198.375 	 25.654 	 245.661
FD10864	198.500 	 25.664 	 245.667
FD10864	198.625 	 25.677 	 245.728
FD10864	198.750 	 25.683 	 245.799
FD10864	198.875 	 25.695 	 245.749
FD10864	199.000 	 25.701 	 245.695
FD10864	199.125 	 25.706 	 245.722
FD10864	199.250 	 25.706 	 245.793
FD10864	199.375 	 25.713 	 245.887
FD10864	199.500 	 25.710 	 245.947
FD10864	199.625 	 25.705 	 245.922
FD10864	199.750 	 25.705 	 245.722
FD10864	199.875 	 25.695 	 245.683
FD10864	200.000 	 25.690 	 245.766
FD10864	200.125 	 25.679 	 245.774
FD10864	200.250 	 25.667 	 245.857
FD10864	200.375 	 25.658 	 245.838
FD10864	200.500 	 25.645 	 245.734
FD10864	200.625 	 25.631 	 245.679
FD10864	200.750 	 25.624 	 245.759
FD10864	200.875 	 25.606 	 245.826
FD10864	201.000 	 25.599 	 245.777
FD10864	201.125 	 25.589 	 245.701
FD10864	201.250 	 25.579 	 245.748
FD10864	201.375 	 25.570 	 245.883
FD10864	201.500 	 25.563 	 245.784
FD10864	201.625 	 25.558 	 245.745
FD10864	201.750 	 25.551 	 245.776
FD10864	201.875 	 25.548 	 245.666
FD10864	202.000 	 25.541 	 245.521
FD10864	202.125 	 25.542 	 245.392
FD10864	202.250 	 25.538 	 245.303
FD10864	202.375 	 25.541 	 245.224
FD10864	202.500 	 25.536 	 245.244
FD10864	202.625 	 25.538 	 245.207
FD10864	202.750 	 25.539 	 245.099
FD10864	202.875 	 25.538 	 245.100
FD10864	203.000 	 25.542 	 245.140
FD10864	203.125 	 25.540 	 245.174
FD10864	203.250 	 25.544 	 245.178
FD10864	203.375 	 25.546 	 245.127
FD10864	203.500 	 25.547 	 245.020
FD10864	203.625 	 25.548 	 245.004
FD10864	203.750 	 25.549 	 245.072
FD10864	203.875 	 25.551 	 245.150
FD10864	204.000 	 25.551 	 245.197
FD10864	204.125 	 25.551 	 245.177
FD10864	204.250 	 25.553 	 245.212
FD10864	204.375 	 25.550 	 245.312
FD10864	204.500 	 25.550 	 245.323
FD10864	204.625 	 25.549 	 245.270
FD10864	204.750 	 25.547 	 245.241
FD10864	204.875 	 25.541 	 245.167
FD10864	205.000 	 25.543 	 245.127
FD10864	205.125 	 25.537 	 245.200
FD10864	205.250 	 25.537 	 245.206
FD10864	205.375 	 25.529 	 245.162
FD10864	205.500 	 25.527 	 245.008
FD10864	205.625 	 25.521 	 244.927
FD10864	205.750 	 25.520 	 245.016
FD10864	205.875 	 25.509 	 245.100
FD10864	206.000 	 25.506 	 245.151
FD10864	206.125 	 25.495 	 245.143
FD10864	206.250 	 25.491 	 245.220
FD10864	206.375 	 25.483 	 245.265
FD10864	206.500 	 25.473 	 245.288
FD10864	206.625 	 25.467 	 245.187
FD10864	206.750 	 25.458 	 245.127
FD10864	206.875 	 25.444 	 245.210
FD10864	207.000 	 25.437 	 245.223
FD10864	207.125 	 25.429 	 245.123
FD10864	207.250 	 25.416 	 244.991
FD10864	207.375 	 25.407 	 244.948
FD10864	207.500 	 25.398 	 244.930
FD10864	207.625 	 25.389 	 244.974
FD10864	207.750 	 25.383 	 245.015
FD10864	207.875 	 25.374 	 245.070
FD10864	208.000 	 25.369 	 245.105
FD10864	208.125 	 25.365 	 245.188
FD10864	208.250 	 25.364 	 245.272
FD10864	208.375 	 25.359 	 245.312
FD10864	208.500 	 25.364 	 245.380
FD10864	208.625 	 25.363 	 245.319
FD10864	208.750 	 25.369 	 245.293
FD10864	208.875 	 25.376 	 245.329
FD10864	209.000 	 25.379 	 245.312
FD10864	209.125 	 25.393 	 245.279
FD10864	209.250 	 25.399 	 245.324
FD10864	209.375 	 25.408 	 245.467
FD10864	209.500 	 25.420 	 245.478
FD10864	209.625 	 25.431 	 245.413
FD10864	209.750 	 25.440 	 245.359
FD10864	209.875 	 25.453 	 245.395
FD10864	210.000 	 25.465 	 245.432
FD10864	210.125 	 25.478 	 245.442
FD10864	210.250 	 25.486 	 245.447
FD10864	210.375 	 25.500 	 245.530
FD10864	210.500 	 25.511 	 245.596
FD10864	210.625 	 25.519 	 245.688
FD10864	210.750 	 25.531 	 245.919
FD10864	210.875 	 25.541 	 246.084
FD10864	211.000 	 25.555 	 246.279
FD10864	211.125 	 25.564 	 246.395
FD10864	211.250 	 25.573 	 246.334
FD10864	211.375 	 25.587 	 246.179
FD10864	211.500 	 25.594 	 246.098
FD10864	211.625 	 25.608 	 246.052
FD10864	211.750 	 25.617 	 246.029
FD10864	211.875 	 25.627 	 245.991
FD10864	212.000 	 25.639 	 245.921
FD10864	212.125 	 25.646 	 245.938
FD10864	212.250 	 25.651 	 245.939
FD10864	212.375 	 25.660 	 245.774
FD10864	212.500 	 25.665 	 245.580
FD10864	212.625 	 25.672 	 245.607
FD10864	212.750 	 25.676 	 245.646
FD10864	212.875 	 25.679 	 245.576
FD10864	213.000 	 25.682 	 245.593
FD10864	213.125 	 25.687 	 245.640
FD10864	213.250 	 25.687 	 245.622
FD10864	213.375 	 25.691 	 245.499
FD10864	213.500 	 25.694 	 245.511
FD10864	213.625 	 25.696 	 245.491
FD10864	213.750 	 25.697 	 245.435
FD10864	213.875 	 25.701 	 245.536
FD10864	214.000 	 25.700 	 245.633
FD10864	214.125 	 25.704 	 245.635
FD10864	214.250 	 25.701 	 245.599
FD10864	214.375 	 25.705 	 245.669
FD10864	214.500 	 25.705 	 245.731
FD10864	214.625 	 25.702 	 245.693
FD10864	214.750 	 25.705 	 245.642
FD10864	214.875 	 25.698 	 245.634
FD10864	215.000 	 25.695 	 245.497
FD10864	215.125 	 25.693 	 245.519
FD10864	215.250 	 25.687 	 245.590
FD10864	215.375 	 25.679 	 245.615
FD10864	215.500 	 25.672 	 245.482
FD10864	215.625 	 25.668 	 245.456
FD10864	215.750 	 25.661 	 245.626
FD10864	215.875 	 25.652 	 245.655
FD10864	216.000 	 25.646 	 245.562
FD10864	216.125 	 25.644 	 245.363
FD10864	216.250 	 25.640 	 245.266
FD10864	216.375 	 25.635 	 245.219
FD10864	216.500 	 25.633 	 245.283
FD10864	216.625 	 25.634 	 245.406
FD10864	216.750 	 25.633 	 245.349
FD10864	216.875 	 25.635 	 245.405
FD10864	217.000 	 25.638 	 245.499
FD10864	217.125 	 25.643 	 245.474
FD10864	217.250 	 25.647 	 245.434
FD10864	217.375 	 25.651 	 245.265
FD10864	217.500 	 25.659 	 245.162
FD10864	217.625 	 25.665 	 245.147
FD10864	217.750 	 25.672 	 245.183
FD10864	217.875 	 25.677 	 245.251
FD10864	218.000 	 25.681 	 245.227
FD10864	218.125 	 25.684 	 245.281
FD10864	218.250 	 25.691 	 245.392
FD10864	218.375 	 25.693 	 245.466
FD10864	218.500 	 25.695 	 245.513
FD10864	218.625 	 25.696 	 245.414
FD10864	218.750 	 25.696 	 245.248
FD10864	218.875 	 25.699 	 245.170
FD10864	219.000 	 25.697 	 245.235
FD10864	219.125 	 25.696 	 245.286
FD10864	219.250 	 25.696 	 245.275
FD10864	219.375 	 25.698 	 245.249
FD10864	219.500 	 25.703 	 245.276
FD10864	219.625 	 25.700 	 245.370
FD10864	219.750 	 25.706 	 245.453
FD10864	219.875 	 25.709 	 245.436
FD10864	220.000 	 25.712 	 245.342
FD10864	220.125 	 25.716 	 245.412
FD10864	220.250 	 25.725 	 245.516
FD10864	220.375 	 25.734 	 245.463
FD10864	220.500 	 25.740 	 245.331
FD10864	220.625 	 25.748 	 245.368
FD10864	220.750 	 25.759 	 245.514
FD10864	220.875 	 25.770 	 245.491
FD10864	221.000 	 25.778 	 245.375
FD10864	221.125 	 25.790 	 245.412
FD10864	221.250 	 25.802 	 245.449
FD10864	221.375 	 25.811 	 245.546
FD10864	221.500 	 25.824 	 245.762
FD10864	221.625 	 25.830 	 245.729
FD10864	221.750 	 25.827 	 245.796
FD10864	221.875 	 25.826 	 245.751
FD10864	222.000 	 25.825 	 245.573
FD10864	222.125 	 25.823 	 245.507
FD10864	222.250 	 25.822 	 245.347
FD10864	222.375 	 25.820 	 245.274
FD10864	222.500 	 25.820 	 245.236
FD10864	222.625 	 25.816 	 245.247
FD10864	222.750 	 25.827 	 245.345
FD10864	222.875 	 25.833 	 245.443
FD10864	223.000 	 25.843 	 245.389
FD10864	223.125 	 25.847 	 245.371
FD10864	223.250 	 25.854 	 245.492
FD10864	223.375 	 25.859 	 245.549
FD10864	223.500 	 25.865 	 245.660
FD10864	223.625 	 25.866 	 245.741
FD10864	223.750 	 25.865 	 245.681
FD10864	223.875 	 25.868 	 245.676
FD10864	224.000 	 25.867 	 245.755
FD10864	224.125 	 25.866 	 245.773
FD10864	224.250 	 25.860 	 245.703
FD10864	224.375 	 25.857 	 245.630
FD10864	224.500 	 25.855 	 245.585
FD10864	224.625 	 25.842 	 245.437
FD10864	224.750 	 25.828 	 245.358
FD10864	224.875 	 25.810 	 245.389
FD10864	225.000 	 25.792 	 245.416
FD10864	225.125 	 25.777 	 245.491
FD10864	225.250 	 25.762 	 245.481
FD10864	225.375 	 25.748 	 245.405
FD10864	225.500 	 25.732 	 245.276
FD10864	225.625 	 25.722 	 245.169
FD10864	225.750 	 25.716 	 245.192
FD10864	225.875 	 25.718 	 245.196
FD10864	226.000 	 25.716 	 245.223
FD10864	226.125 	 25.714 	 245.301
FD10864	226.250 	 25.718 	 245.219
FD10864	226.375 	 25.714 	 245.003
FD10864	226.500 	 25.714 	 244.918
FD10864	226.625 	 25.719 	 244.965
FD10864	226.750 	 25.715 	 244.893
FD10864	226.875 	 25.715 	 244.873
FD10864	227.000 	 25.717 	 244.917
FD10864	227.125 	 25.714 	 245.001
FD10864	227.250 	 25.715 	 245.075
FD10864	227.375 	 25.712 	 245.147
FD10864	227.500 	 25.714 	 245.133
FD10864	227.625 	 25.706 	 245.038
FD10864	227.750 	 25.707 	 245.110
FD10864	227.875 	 25.705 	 245.290
FD10864	228.000 	 25.698 	 245.350
FD10864	228.125 	 25.701 	 245.228
FD10864	228.250 	 25.696 	 245.260
FD10864	228.375 	 25.693 	 245.398
FD10864	228.500 	 25.695 	 245.475
FD10864	228.625 	 25.693 	 245.446
FD10864	228.750 	 25.696 	 245.354
FD10864	228.875 	 25.700 	 245.296
FD10864	229.000 	 25.704 	 245.258
FD10864	229.125 	 25.709 	 245.162
FD10864	229.250 	 25.714 	 245.127
FD10864	229.375 	 25.724 	 245.071
FD10864	229.500 	 25.730 	 245.072
FD10864	229.625 	 25.741 	 245.144
FD10864	229.750 	 25.753 	 245.190
FD10864	229.875 	 25.761 	 245.272
FD10864	230.000 	 25.774 	 245.286
FD10864	230.125 	 25.786 	 245.175
FD10864	230.250 	 25.796 	 245.016
FD10864	230.375 	 25.809 	 245.106
FD10864	230.500 	 25.822 	 245.128
FD10864	230.625 	 25.825 	 245.015
FD10864	230.750 	 25.825 	 245.074
FD10864	230.875 	 25.822 	 245.146
FD10864	231.000 	 25.820 	 245.141
FD10864	231.125 	 25.816 	 245.053
FD10864	231.250 	 25.810 	 245.026
FD10864	231.375 	 25.808 	 245.066
FD10864	231.500 	 25.801 	 245.207
FD10864	231.625 	 25.797 	 245.306
FD10864	231.750 	 25.802 	 245.314
FD10864	231.875 	 25.807 	 245.375
FD10864	232.000 	 25.810 	 245.398
FD10864	232.125 	 25.818 	 245.389
FD10864	232.250 	 25.817 	 245.400
FD10864	232.375 	 25.826 	 245.390
FD10864	232.500 	 25.826 	 245.438
FD10864	232.625 	 25.828 	 245.451
FD10864	232.750 	 25.833 	 245.275
FD10864	232.875 	 25.832 	 245.208
FD10864	233.000 	 25.838 	 245.258
FD10864	233.125 	 25.838 	 245.188
FD10864	233.250 	 25.839 	 245.041
FD10864	233.375 	 25.845 	 245.016
FD10864	233.500 	 25.843 	 245.191
FD10864	233.625 	 25.844 	 245.263
FD10864	233.750 	 25.850 	 245.187
FD10864	233.875 	 25.851 	 245.241
FD10864	234.000 	 25.851 	 245.505
FD10864	234.125 	 25.858 	 245.700
FD10864	234.250 	 25.858 	 245.540
FD10864	234.375 	 25.860 	 245.409
FD10864	234.500 	 25.866 	 245.364
FD10864	234.625 	 25.869 	 245.245
FD10864	234.750 	 25.873 	 245.193
FD10864	234.875 	 25.874 	 245.035
FD10864	235.000 	 25.881 	 244.987
FD10864	235.125 	 25.879 	 245.134
FD10864	235.250 	 25.883 	 245.107
FD10864	235.375 	 25.884 	 245.085
FD10864	235.500 	 25.881 	 245.141
FD10864	235.625 	 25.882 	 245.096
FD10864	235.750 	 25.880 	 244.953
FD10864	235.875 	 25.874 	 244.836
FD10864	236.000 	 25.870 	 244.813
FD10864	236.125 	 25.860 	 244.857
FD10864	236.250 	 25.853 	 244.895
FD10864	236.375 	 25.844 	 244.865
FD10864	236.500 	 25.835 	 244.892
FD10864	236.625 	 25.823 	 244.999
FD10864	236.750 	 25.811 	 244.978
FD10864	236.875 	 25.804 	 244.942
FD10864	237.000 	 25.792 	 244.993
FD10864	237.125 	 25.784 	 244.960
FD10864	237.250 	 25.773 	 244.877
FD10864	237.375 	 25.765 	 244.838
FD10864	237.500 	 25.760 	 244.860
FD10864	237.625 	 25.757 	 244.981
FD10864	237.750 	 25.754 	 245.100
FD10864	237.875 	 25.753 	 245.077
FD10864	238.000 	 25.750 	 245.017
FD10864	238.125 	 25.753 	 245.030
FD10864	238.250 	 25.756 	 245.030
FD10864	238.375 	 25.758 	 245.096
FD10864	238.500 	 25.763 	 245.349
FD10864	238.625 	 25.762 	 245.510
FD10864	238.750 	 25.757 	 245.499
FD10864	238.875 	 25.754 	 245.556
FD10864	239.000 	 25.746 	 245.817
FD10864	239.125 	 25.743 	 246.167
FD10864	239.250 	 25.740 	 246.337
FD10864	239.375 	 25.739 	 246.474
FD10864	239.500 	 25.735 	 246.640
FD10864	239.625 	 25.743 	 246.593
FD10864	239.750 	 25.753 	 246.510
FD10864	239.875 	 25.764 	 246.586
FD10864	240.000 	 25.783 	 246.867
FD10864	240.125 	 25.795 	 247.499
FD10864	240.250 	 25.811 	 248.300
FD10864	240.375 	 25.829 	 248.754
FD10864	240.500 	 25.844 	 248.920
FD10864	240.625 	 25.862 	 249.073
FD10864	240.750 	 25.876 	 249.127
FD10864	240.875 	 25.889 	 249.127
FD10864	241.000 	 25.906 	 249.129
FD10864	241.125 	 25.919 	 249.128
FD10864	241.250 	 25.934 	 249.129
FD10864	241.375 	 25.944 	 249.127
FD10864	241.500 	 25.952 	 249.128
FD10864	241.625 	 25.958 	 249.130
FD10864	241.750 	 25.965 	 249.128
FD10864	241.875 	 25.970 	 249.128
FD10864	242.000 	 25.975 	 249.128
FD10864	242.125 	 25.978 	 249.129
FD10864	242.250 	 25.975 	 249.127
FD10864	242.375 	 25.980 	 249.128
FD10864	242.500 	 25.980 	 249.128
FD10864	242.625 	 25.981 	 249.130
FD10864	242.750 	 25.977 	 249.126
FD10864	242.875 	 25.980 	 249.128
FD10864	243.000 	 25.981 	 249.130
FD10864	243.125 	 25.980 	 249.126
FD10864	243.250 	 25.980 	 249.128
FD10864	243.375 	 25.981 	 249.130
FD10864	243.500 	 25.976 	 249.110
FD10864	243.625 	 25.981 	 249.080
FD10864	243.750 	 25.981 	 249.054
FD10864	243.875 	 25.981 	 249.042
FD10864	244.000 	 25.981 	 249.045
FD10864	244.125 	 25.980 	 249.058
FD10864	244.250 	 25.977 	 249.074
FD10864	244.375 	 25.981 	 249.080
FD10864	244.500 	 25.981 	 249.063
FD10864	244.625 	 25.981 	 249.045
FD10864	244.750 	 25.980 	 249.038
FD10864	244.875 	 25.981 	 249.033
FD10864	245.000 	 25.977 	 249.019
FD10864	245.125 	 25.981 	 249.008
FD10864	245.250 	 25.980 	 248.995
FD10864	245.375 	 25.981 	 248.997
FD10864	245.500 	 25.980 	 248.995
FD10864	245.625 	 25.978 	 248.997
FD10864	245.750 	 25.980 	 248.995
FD10864	245.875 	 25.981 	 248.997
FD10864	246.000 	 25.980 	 248.994
FD10864	246.125 	 25.981 	 248.997
FD10864	246.250 	 25.980 	 248.995
FD10864	246.375 	 25.978 	 248.997
FD10864	246.500 	 25.980 	 248.995
FD10864	246.625 	 25.981 	 248.997
FD10864	246.750 	 25.980 	 248.995
FD10864	246.875 	 25.981 	 248.997
FD10864	247.000 	 25.980 	 248.995
FD10864	247.125 	 25.978 	 248.997
FD10864	247.250 	 25.980 	 248.995
FD10864	247.375 	 25.981 	 248.997
FD10864	247.500 	 25.980 	 248.994
FD10864	247.625 	 25.981 	 248.997
FD10864	247.750 	 25.980 	 248.995
FD10864	247.875 	 25.977 	 248.995
FD10864	248.000 	 25.983 	 248.998
FD10864	248.125 	 25.980 	 248.995
FD10864	248.250 	 25.980 	 248.995
FD10864	248.375 	 25.980 	 248.995
FD10864	248.500 	 25.980 	 248.998
FD10864	248.625 	 25.980 	 248.995
FD10864	248.750 	 25.980 	 248.995
FD10864	248.875 	 25.980 	 248.995
FD10864	249.000 	 25.983 	 248.996
FD10864	249.125 	 25.980 	 248.995
FD10864	249.250 	 25.977 	 248.995
FD10864	249.375 	 25.980 	 248.995
FD10864	249.500 	 25.983 	 248.998
FD10864	249.625 	 25.980 	 248.995
FD10864	249.750 	 25.980 	 248.995
FD10864	249.875 	 25.980 	 248.995
FD10864	250.000 	 25.980 	 248.998
FD10864	250.125 	 25.980 	 248.995
FD10864	250.250 	 25.980 	 248.995
FD10864	250.375 	 25.980 	 248.995
FD10864	250.500 	 25.983 	 248.996
FD10864	250.625 	 25.980 	 248.995
FD10864	250.750 	 25.977 	 248.995
FD10864	250.875 	 25.980 	 248.995
FD10864	251.000 	 25.983 	 248.998
FD10864	251.125 	 25.980 	 248.995
FD10864	251.250 	 25.980 	 248.995
FD10864	251.375 	 25.977 	 248.995
FD10864	251.500 	 25.983 	 248.998
FD10864	251.625 	 25.980 	 248.995
FD10864	251.750 	 25.980 	 248.995
FD10864	251.875 	 25.980 	 248.995
FD10864	252.000 	 25.983 	 248.996
FD10864	252.125 	 25.977 	 248.995
FD10864	252.250 	 25.980 	 248.995
FD10864	252.375 	 25.980 	 248.995
FD10864	252.500 	 25.983 	 248.998
FD10864	252.625 	 25.980 	 248.995
FD10864	252.750 	 25.980 	 248.995
FD10864	252.875 	 25.977 	 248.995
FD10864	253.000 	 25.983 	 248.998
FD10864	253.125 	 25.980 	 248.995
FD10864	253.250 	 25.980 	 248.995
FD10864	253.375 	 25.983 	 248.998
FD10864	253.500 	 25.980 	 248.994
FD10864	253.625 	 25.977 	 248.995
FD10864	253.750 	 25.980 	 248.995
FD10864	253.875 	 25.983 	 248.998
FD10864	254.000 	 25.980 	 248.995
FD10864	254.125 	 25.980 	 248.995
FD10864	254.250 	 25.977 	 248.995
FD10864	254.375 	 25.983 	 248.998
FD10864	254.500 	 25.980 	 248.995
FD10864	254.625 	 25.980 	 248.995
FD10864	254.750 	 25.980 	 248.995
FD10864	254.875 	 25.983 	 248.998
FD10864	255.000 	 25.977 	 248.994
FD10864	255.125 	 0.000 	 90.000
FD10864	255.250 	 0.000 	 90.000
FD10864	255.375 	 0.000 	 90.000
FD10864	255.500 	 0.000 	 90.000
FD10864	255.625 	 0.000 	 90.000
FD10864	255.750 	 0.000 	 90.000
FD10864	255.875 	 0.000 	 90.000
FD10864	256.000 	 0.000 	 90.000
FD10864	256.125 	 0.000 	 90.000
FD10864	256.250 	 0.000 	 90.000
FD10864	256.375 	 0.000 	 90.000
FD10864	256.500 	 0.000 	 90.000
FD10864	256.625 	 0.000 	 90.000
FD10864	256.750 	 0.000 	 90.000
FD10864	256.875 	 0.000 	 90.000
FD10864	257.000 	 0.000 	 90.000
FD10864	257.125 	 0.000 	 90.000
FD10864	257.250 	 0.000 	 90.000
FD10864	257.375 	 0.000 	 90.000
FD10864	257.500 	 0.000 	 90.000
FD10864	257.625 	 0.000 	 90.000
FD10864	257.750 	 0.000 	 90.000
FD10864	257.875 	 0.000 	 90.000
FD10864	258.000 	 0.000 	 90.000
FD10864	258.125 	 0.000 	 90.000
FD10864	258.250 	 0.000 	 90.000
FD10864	258.375 	 0.000 	 90.000
FD10864	258.500 	 0.000 	 90.000
FD10864	258.625 	 0.000 	 90.000
FD10864	258.750 	 0.000 	 90.000
FD10864	258.875 	 0.000 	 90.000
FD10864	259.000 	 0.000 	 90.000
FD10864	259.125 	 0.000 	 90.000
FD10864	259.250 	 0.000 	 90.000
FD10864	259.375 	 0.000 	 90.000
FD10864	259.500 	 0.000 	 90.000
FD10864	259.625 	 0.000 	 90.000
FD10864	259.750 	 0.000 	 90.000
FD10864	259.875 	 0.000 	 90.000
FD10864	260.000 	 0.000 	 90.000
FD10864	260.125 	 0.000 	 90.000
FD10864	260.250 	 0.000 	 90.000
FD10864	260.375 	 0.000 	 90.000
FD10864	260.500 	 0.000 	 90.000
FD10864	260.625 	 0.000 	 90.000
FD10864	260.750 	 0.000 	 90.000
FD10864	260.875 	 0.000 	 90.000
FD10864	261.000 	 0.000 	 90.000
FD10864	261.125 	 0.000 	 90.000
FD10864	261.250 	 0.000 	 90.000
FD10864	261.375 	 0.000 	 90.000
FD10864	261.500 	 0.000 	 90.000
FD10864	261.625 	 0.000 	 90.000
FD10864	261.750 	 0.000 	 90.000
FD10864	261.875 	 0.000 	 90.000
FD10864	262.000 	 0.000 	 90.000
FD10864	262.125 	 0.000 	 90.000
FD10864	262.250 	 0.000 	 90.000
FD10864	262.375 	 0.000 	 90.000
FD10864	262.500 	 0.000 	 90.000
FD10864	262.625 	 0.000 	 90.000
FD10864	262.750 	 0.000 	 90.000
FD10864	262.875 	 0.000 	 90.000
FD10864	263.000 	 0.000 	 90.000
FD10864	263.125 	 0.000 	 90.000
FD10864	263.250 	 0.000 	 90.000
FD10864	263.375 	 0.000 	 90.000
FD10864	263.500 	 0.000 	 90.000
FD10864	263.625 	 0.000 	 90.000
FD10864	263.750 	 0.000 	 90.000
FD10864	263.875 	 0.000 	 90.000
FD10864	264.000 	 0.000 	 90.000
FD10864	264.125 	 0.000 	 90.000
FD10864	264.250 	 0.000 	 90.000
FD10864	264.375 	 0.000 	 90.000
FD10864	264.500 	 0.000 	 90.000
FD10864	264.625 	 0.000 	 90.000
FD10864	264.750 	 0.000 	 90.000
FD10864	264.875 	 0.000 	 90.000
FD10864	265.000 	 0.000 	 90.000
