#WellName	 Depth.M	 INCL	 AZIM 
WellName	 Depth.M	 INCL	 AZIM 
FD10872	0.000 	 0.000 	 0.000
FD10872	0.125 	 0.000 	 90.000
FD10872	0.250 	 0.000 	 90.000
FD10872	0.375 	 0.000 	 90.000
FD10872	0.500 	 0.000 	 90.000
FD10872	0.625 	 0.000 	 90.000
FD10872	0.750 	 0.000 	 90.000
FD10872	0.875 	 0.000 	 90.000
FD10872	1.000 	 0.000 	 90.000
FD10872	1.125 	 0.000 	 90.000
FD10872	1.250 	 0.000 	 90.000
FD10872	1.375 	 0.000 	 90.000
FD10872	1.500 	 0.000 	 90.000
FD10872	1.625 	 0.000 	 90.000
FD10872	1.750 	 0.000 	 90.000
FD10872	1.875 	 0.000 	 90.000
FD10872	2.000 	 0.000 	 90.000
FD10872	2.125 	 0.000 	 90.000
FD10872	2.250 	 0.000 	 90.000
FD10872	2.375 	 0.000 	 90.000
FD10872	2.500 	 0.000 	 90.000
FD10872	2.625 	 0.000 	 90.000
FD10872	2.750 	 0.000 	 90.000
FD10872	2.875 	 0.000 	 90.000
FD10872	3.000 	 0.000 	 90.000
FD10872	3.125 	 0.000 	 90.000
FD10872	3.250 	 0.000 	 90.000
FD10872	3.375 	 0.000 	 90.000
FD10872	3.500 	 0.000 	 90.000
FD10872	3.625 	 0.000 	 90.000
FD10872	3.750 	 0.000 	 90.000
FD10872	3.875 	 0.000 	 90.000
FD10872	4.000 	 0.000 	 90.000
FD10872	4.125 	 0.000 	 90.000
FD10872	4.250 	 0.000 	 90.000
FD10872	4.375 	 0.000 	 90.000
FD10872	4.500 	 0.000 	 90.000
FD10872	4.625 	 0.000 	 90.000
FD10872	4.750 	 0.000 	 90.000
FD10872	4.875 	 0.000 	 90.000
FD10872	5.000 	 0.000 	 90.000
FD10872	5.125 	 0.000 	 90.000
FD10872	5.250 	 0.000 	 90.000
FD10872	5.375 	 0.000 	 90.000
FD10872	5.500 	 0.000 	 90.000
FD10872	5.625 	 0.000 	 90.000
FD10872	5.750 	 0.000 	 90.000
FD10872	5.875 	 0.000 	 90.000
FD10872	6.000 	 0.000 	 90.000
FD10872	6.125 	 0.000 	 90.000
FD10872	6.250 	 0.000 	 90.000
FD10872	6.375 	 0.000 	 90.000
FD10872	6.500 	 0.000 	 90.000
FD10872	6.625 	 0.000 	 90.000
FD10872	6.750 	 0.000 	 90.000
FD10872	6.875 	 0.000 	 90.000
FD10872	7.000 	 0.000 	 90.000
FD10872	7.125 	 0.000 	 90.000
FD10872	7.250 	 0.000 	 90.000
FD10872	7.375 	 0.000 	 90.000
FD10872	7.500 	 0.000 	 90.000
FD10872	7.625 	 0.000 	 90.000
FD10872	7.750 	 0.000 	 90.000
FD10872	7.875 	 0.000 	 90.000
FD10872	8.000 	 0.000 	 90.000
FD10872	8.125 	 0.000 	 90.000
FD10872	8.250 	 0.000 	 90.000
FD10872	8.375 	 0.000 	 90.000
FD10872	8.500 	 0.000 	 90.000
FD10872	8.625 	 0.000 	 90.000
FD10872	8.750 	 0.000 	 90.000
FD10872	8.875 	 0.000 	 90.000
FD10872	9.000 	 0.000 	 90.000
FD10872	9.125 	 0.000 	 90.000
FD10872	9.250 	 0.000 	 90.000
FD10872	9.375 	 0.000 	 90.000
FD10872	9.500 	 0.000 	 90.000
FD10872	9.625 	 0.000 	 90.000
FD10872	9.750 	 0.000 	 90.000
FD10872	9.875 	 0.000 	 90.000
FD10872	10.000 	 0.000 	 90.000
FD10872	10.125 	 0.000 	 90.000
FD10872	10.250 	 0.000 	 90.000
FD10872	10.375 	 0.000 	 90.000
FD10872	10.500 	 0.000 	 90.000
FD10872	10.625 	 0.000 	 90.000
FD10872	10.750 	 0.000 	 90.000
FD10872	10.875 	 0.000 	 90.000
FD10872	11.000 	 0.000 	 90.000
FD10872	11.125 	 0.000 	 90.000
FD10872	11.250 	 0.000 	 90.000
FD10872	11.375 	 0.000 	 90.000
FD10872	11.500 	 0.000 	 90.000
FD10872	11.625 	 0.000 	 90.000
FD10872	11.750 	 0.000 	 90.000
FD10872	11.875 	 0.000 	 90.000
FD10872	12.000 	 0.000 	 90.000
FD10872	12.125 	 0.000 	 90.000
FD10872	12.250 	 0.000 	 90.000
FD10872	12.375 	 0.000 	 90.000
FD10872	12.500 	 0.000 	 90.000
FD10872	12.625 	 0.000 	 90.000
FD10872	12.750 	 0.000 	 90.000
FD10872	12.875 	 0.000 	 90.000
FD10872	13.000 	 0.000 	 90.000
FD10872	13.125 	 0.000 	 90.000
FD10872	13.250 	 0.000 	 90.000
FD10872	13.375 	 0.000 	 90.000
FD10872	13.500 	 0.000 	 90.000
FD10872	13.625 	 0.000 	 90.000
FD10872	13.750 	 0.000 	 90.000
FD10872	13.875 	 0.000 	 90.000
FD10872	14.000 	 0.000 	 90.000
FD10872	14.125 	 0.000 	 90.000
FD10872	14.250 	 0.000 	 90.000
FD10872	14.375 	 0.000 	 90.000
FD10872	14.500 	 0.000 	 90.000
FD10872	14.625 	 0.000 	 90.000
FD10872	14.750 	 0.000 	 90.000
FD10872	14.875 	 0.000 	 90.000
FD10872	15.000 	 0.000 	 90.000
FD10872	15.125 	 0.000 	 90.000
FD10872	15.250 	 0.000 	 90.000
FD10872	15.375 	 0.000 	 90.000
FD10872	15.500 	 0.000 	 90.000
FD10872	15.625 	 0.000 	 90.000
FD10872	15.750 	 0.000 	 90.000
FD10872	15.875 	 0.000 	 90.000
FD10872	16.000 	 0.000 	 90.000
FD10872	16.125 	 0.000 	 90.000
FD10872	16.250 	 0.000 	 90.000
FD10872	16.375 	 0.000 	 90.000
FD10872	16.500 	 0.000 	 90.000
FD10872	16.625 	 0.000 	 90.000
FD10872	16.750 	 0.000 	 90.000
FD10872	16.875 	 0.000 	 90.000
FD10872	17.000 	 0.000 	 90.000
FD10872	17.125 	 0.000 	 90.000
FD10872	17.250 	 0.000 	 90.000
FD10872	17.375 	 0.000 	 90.000
FD10872	17.500 	 0.000 	 90.000
FD10872	17.625 	 0.000 	 90.000
FD10872	17.750 	 0.000 	 90.000
FD10872	17.875 	 0.000 	 90.000
FD10872	18.000 	 0.000 	 90.000
FD10872	18.125 	 0.000 	 90.000
FD10872	18.250 	 0.000 	 90.000
FD10872	18.375 	 0.000 	 90.000
FD10872	18.500 	 0.000 	 90.000
FD10872	18.625 	 0.000 	 90.000
FD10872	18.750 	 0.000 	 90.000
FD10872	18.875 	 0.000 	 90.000
FD10872	19.000 	 0.000 	 90.000
FD10872	19.125 	 0.000 	 90.000
FD10872	19.250 	 0.000 	 90.000
FD10872	19.375 	 0.000 	 90.000
FD10872	19.500 	 0.000 	 90.000
FD10872	19.625 	 0.000 	 90.000
FD10872	19.750 	 0.000 	 90.000
FD10872	19.875 	 0.000 	 90.000
FD10872	20.000 	 0.000 	 90.000
FD10872	20.125 	 0.000 	 90.000
FD10872	20.250 	 0.000 	 90.000
FD10872	20.375 	 0.000 	 90.000
FD10872	20.500 	 0.000 	 90.000
FD10872	20.625 	 0.000 	 90.000
FD10872	20.750 	 0.000 	 90.000
FD10872	20.875 	 0.000 	 90.000
FD10872	21.000 	 0.000 	 90.000
FD10872	21.125 	 0.000 	 90.000
FD10872	21.250 	 0.000 	 90.000
FD10872	21.375 	 0.000 	 90.000
FD10872	21.500 	 0.000 	 90.000
FD10872	21.625 	 0.000 	 90.000
FD10872	21.750 	 0.000 	 90.000
FD10872	21.875 	 0.000 	 90.000
FD10872	22.000 	 0.000 	 90.000
FD10872	22.125 	 0.000 	 90.000
FD10872	22.250 	 0.000 	 90.000
FD10872	22.375 	 0.000 	 90.000
FD10872	22.500 	 0.000 	 90.000
FD10872	22.625 	 0.000 	 90.000
FD10872	22.750 	 0.000 	 90.000
FD10872	22.875 	 0.000 	 90.000
FD10872	23.000 	 0.000 	 90.000
FD10872	23.125 	 0.000 	 90.000
FD10872	23.250 	 0.000 	 90.000
FD10872	23.375 	 0.000 	 90.000
FD10872	23.500 	 0.000 	 90.000
FD10872	23.625 	 0.000 	 90.000
FD10872	23.750 	 0.000 	 90.000
FD10872	23.875 	 0.000 	 90.000
FD10872	24.000 	 0.000 	 90.000
FD10872	24.125 	 0.000 	 90.000
FD10872	24.250 	 0.000 	 90.000
FD10872	24.375 	 0.000 	 90.000
FD10872	24.500 	 0.000 	 90.000
FD10872	24.625 	 0.000 	 90.000
FD10872	24.750 	 0.000 	 90.000
FD10872	24.875 	 0.000 	 90.000
FD10872	25.000 	 0.000 	 90.000
FD10872	25.125 	 0.000 	 90.000
FD10872	25.250 	 0.000 	 90.000
FD10872	25.375 	 0.000 	 90.000
FD10872	25.500 	 0.000 	 90.000
FD10872	25.625 	 0.000 	 90.000
FD10872	25.750 	 0.000 	 90.000
FD10872	25.875 	 0.000 	 90.000
FD10872	26.000 	 0.000 	 90.000
FD10872	26.125 	 0.000 	 90.000
FD10872	26.250 	 0.000 	 90.000
FD10872	26.375 	 0.000 	 90.000
FD10872	26.500 	 0.000 	 90.000
FD10872	26.625 	 0.000 	 90.000
FD10872	26.750 	 0.000 	 90.000
FD10872	26.875 	 0.000 	 90.000
FD10872	27.000 	 0.000 	 90.000
FD10872	27.125 	 0.000 	 90.000
FD10872	27.250 	 0.000 	 90.000
FD10872	27.375 	 0.000 	 90.000
FD10872	27.500 	 0.000 	 90.000
FD10872	27.625 	 0.000 	 90.000
FD10872	27.750 	 0.000 	 90.000
FD10872	27.875 	 0.000 	 90.000
FD10872	28.000 	 0.000 	 90.000
FD10872	28.125 	 0.000 	 90.000
FD10872	28.250 	 0.000 	 90.000
FD10872	28.375 	 0.000 	 90.000
FD10872	28.500 	 0.000 	 90.000
FD10872	28.625 	 0.000 	 90.000
FD10872	28.750 	 0.000 	 90.000
FD10872	28.875 	 0.000 	 90.000
FD10872	29.000 	 0.000 	 90.000
FD10872	29.125 	 0.000 	 90.000
FD10872	29.250 	 0.000 	 90.000
FD10872	29.375 	 0.000 	 90.000
FD10872	29.500 	 0.000 	 90.000
FD10872	29.625 	 0.000 	 90.000
FD10872	29.750 	 0.000 	 90.000
FD10872	29.875 	 0.000 	 90.000
FD10872	30.000 	 0.000 	 90.000
FD10872	30.125 	 0.000 	 90.000
FD10872	30.250 	 0.000 	 90.000
FD10872	30.375 	 0.000 	 90.000
FD10872	30.500 	 0.000 	 90.000
FD10872	30.625 	 0.000 	 90.000
FD10872	30.750 	 0.000 	 90.000
FD10872	30.875 	 0.000 	 90.000
FD10872	31.000 	 0.000 	 90.000
FD10872	31.125 	 0.000 	 90.000
FD10872	31.250 	 0.000 	 90.000
FD10872	31.375 	 0.000 	 90.000
FD10872	31.500 	 0.000 	 90.000
FD10872	31.625 	 0.000 	 90.000
FD10872	31.750 	 0.000 	 90.000
FD10872	31.875 	 0.000 	 90.000
FD10872	32.000 	 0.000 	 90.000
FD10872	32.125 	 0.000 	 90.000
FD10872	32.250 	 0.000 	 90.000
FD10872	32.375 	 0.000 	 90.000
FD10872	32.500 	 0.000 	 90.000
FD10872	32.625 	 0.000 	 90.000
FD10872	32.750 	 0.000 	 90.000
FD10872	32.875 	 0.000 	 90.000
FD10872	33.000 	 0.000 	 90.000
FD10872	33.125 	 0.000 	 90.000
FD10872	33.250 	 0.000 	 90.000
FD10872	33.375 	 0.000 	 90.000
FD10872	33.500 	 0.000 	 90.000
FD10872	33.625 	 0.000 	 90.000
FD10872	33.750 	 0.000 	 90.000
FD10872	33.875 	 0.000 	 90.000
FD10872	34.000 	 0.000 	 90.000
FD10872	34.125 	 0.000 	 90.000
FD10872	34.250 	 0.000 	 90.000
FD10872	34.375 	 0.000 	 90.000
FD10872	34.500 	 0.000 	 90.000
FD10872	34.625 	 0.000 	 90.000
FD10872	34.750 	 0.000 	 90.000
FD10872	34.875 	 0.000 	 90.000
FD10872	35.000 	 0.000 	 90.000
FD10872	35.125 	 0.000 	 90.000
FD10872	35.250 	 0.000 	 90.000
FD10872	35.375 	 0.000 	 90.000
FD10872	35.500 	 0.000 	 90.000
FD10872	35.625 	 0.000 	 90.000
FD10872	35.750 	 0.000 	 90.000
FD10872	35.875 	 0.000 	 90.000
FD10872	36.000 	 0.000 	 90.000
FD10872	36.125 	 0.000 	 90.000
FD10872	36.250 	 0.000 	 90.000
FD10872	36.375 	 0.000 	 90.000
FD10872	36.500 	 0.000 	 90.000
FD10872	36.625 	 0.000 	 90.000
FD10872	36.750 	 0.000 	 90.000
FD10872	36.875 	 0.000 	 90.000
FD10872	37.000 	 0.000 	 90.000
FD10872	37.125 	 0.000 	 90.000
FD10872	37.250 	 0.000 	 90.000
FD10872	37.375 	 0.000 	 90.000
FD10872	37.500 	 0.000 	 90.000
FD10872	37.625 	 0.000 	 90.000
FD10872	37.750 	 0.000 	 90.000
FD10872	37.875 	 0.000 	 90.000
FD10872	38.000 	 0.000 	 90.000
FD10872	38.125 	 0.000 	 90.000
FD10872	38.250 	 0.000 	 90.000
FD10872	38.375 	 0.000 	 90.000
FD10872	38.500 	 0.000 	 90.000
FD10872	38.625 	 0.000 	 90.000
FD10872	38.750 	 0.000 	 90.000
FD10872	38.875 	 0.000 	 90.000
FD10872	39.000 	 0.000 	 90.000
FD10872	39.125 	 0.000 	 90.000
FD10872	39.250 	 0.000 	 90.000
FD10872	39.375 	 0.000 	 90.000
FD10872	39.500 	 0.000 	 90.000
FD10872	39.625 	 0.000 	 90.000
FD10872	39.750 	 0.000 	 90.000
FD10872	39.875 	 0.000 	 90.000
FD10872	40.000 	 0.000 	 90.000
FD10872	40.125 	 0.000 	 90.000
FD10872	40.250 	 0.000 	 90.000
FD10872	40.375 	 0.000 	 90.000
FD10872	40.500 	 0.000 	 90.000
FD10872	40.625 	 0.000 	 90.000
FD10872	40.750 	 0.000 	 90.000
FD10872	40.875 	 0.000 	 90.000
FD10872	41.000 	 0.000 	 90.000
FD10872	41.125 	 0.000 	 90.000
FD10872	41.250 	 0.000 	 90.000
FD10872	41.375 	 0.000 	 90.000
FD10872	41.500 	 0.000 	 90.000
FD10872	41.625 	 0.000 	 90.000
FD10872	41.750 	 0.000 	 90.000
FD10872	41.875 	 0.000 	 90.000
FD10872	42.000 	 0.000 	 90.000
FD10872	42.125 	 0.000 	 90.000
FD10872	42.250 	 0.000 	 90.000
FD10872	42.375 	 0.000 	 90.000
FD10872	42.500 	 0.000 	 90.000
FD10872	42.625 	 0.000 	 90.000
FD10872	42.750 	 0.000 	 90.000
FD10872	42.875 	 0.000 	 90.000
FD10872	43.000 	 0.000 	 90.000
FD10872	43.125 	 0.943 	 153.303
FD10872	43.250 	 0.959 	 153.616
FD10872	43.375 	 0.976 	 154.099
FD10872	43.500 	 0.992 	 154.819
FD10872	43.625 	 1.008 	 155.624
FD10872	43.750 	 1.025 	 156.234
FD10872	43.875 	 1.041 	 156.486
FD10872	44.000 	 1.059 	 156.398
FD10872	44.125 	 1.075 	 156.374
FD10872	44.250 	 1.092 	 156.505
FD10872	44.375 	 1.108 	 156.147
FD10872	44.500 	 1.124 	 155.406
FD10872	44.625 	 1.141 	 154.824
FD10872	44.750 	 1.157 	 154.401
FD10872	44.875 	 1.175 	 154.019
FD10872	45.000 	 1.191 	 153.618
FD10872	45.125 	 1.209 	 153.145
FD10872	45.250 	 1.226 	 152.921
FD10872	45.375 	 1.244 	 152.847
FD10872	45.500 	 1.261 	 152.627
FD10872	45.625 	 1.279 	 152.366
FD10872	45.750 	 1.297 	 152.190
FD10872	45.875 	 1.315 	 151.987
FD10872	46.000 	 1.334 	 151.772
FD10872	46.125 	 1.352 	 151.641
FD10872	46.250 	 1.372 	 151.531
FD10872	46.375 	 1.392 	 151.501
FD10872	46.500 	 1.411 	 151.567
FD10872	46.625 	 1.431 	 151.572
FD10872	46.750 	 1.451 	 151.402
FD10872	46.875 	 1.471 	 151.169
FD10872	47.000 	 1.490 	 151.097
FD10872	47.125 	 1.510 	 151.100
FD10872	47.250 	 1.530 	 151.044
FD10872	47.375 	 1.549 	 150.871
FD10872	47.500 	 1.568 	 150.608
FD10872	47.625 	 1.587 	 150.416
FD10872	47.750 	 1.606 	 150.267
FD10872	47.875 	 1.624 	 150.034
FD10872	48.000 	 1.642 	 149.776
FD10872	48.125 	 1.660 	 149.633
FD10872	48.250 	 1.676 	 149.551
FD10872	48.375 	 1.692 	 149.485
FD10872	48.500 	 1.709 	 149.364
FD10872	48.625 	 1.723 	 149.240
FD10872	48.750 	 1.738 	 149.141
FD10872	48.875 	 1.754 	 149.065
FD10872	49.000 	 1.768 	 149.037
FD10872	49.125 	 1.782 	 148.930
FD10872	49.250 	 1.795 	 148.622
FD10872	49.375 	 1.809 	 148.306
FD10872	49.500 	 1.822 	 148.059
FD10872	49.625 	 1.836 	 147.867
FD10872	49.750 	 1.848 	 147.823
FD10872	49.875 	 1.861 	 147.716
FD10872	50.000 	 1.875 	 147.617
FD10872	50.125 	 1.888 	 147.434
FD10872	50.250 	 1.900 	 147.290
FD10872	50.375 	 1.913 	 147.296
FD10872	50.500 	 1.927 	 147.164
FD10872	50.625 	 1.941 	 147.021
FD10872	50.750 	 1.957 	 146.922
FD10872	50.875 	 1.971 	 146.919
FD10872	51.000 	 1.988 	 146.826
FD10872	51.125 	 2.004 	 146.607
FD10872	51.250 	 2.021 	 146.315
FD10872	51.375 	 2.040 	 146.175
FD10872	51.500 	 2.058 	 146.153
FD10872	51.625 	 2.078 	 145.983
FD10872	51.750 	 2.099 	 145.780
FD10872	51.875 	 2.120 	 145.513
FD10872	52.000 	 2.141 	 145.145
FD10872	52.125 	 2.163 	 144.928
FD10872	52.250 	 2.186 	 144.801
FD10872	52.375 	 2.208 	 144.733
FD10872	52.500 	 2.232 	 144.761
FD10872	52.625 	 2.255 	 144.442
FD10872	52.750 	 2.279 	 144.178
FD10872	52.875 	 2.303 	 144.225
FD10872	53.000 	 2.327 	 144.231
FD10872	53.125 	 2.351 	 144.170
FD10872	53.250 	 2.376 	 144.115
FD10872	53.375 	 2.400 	 144.140
FD10872	53.500 	 2.424 	 144.091
FD10872	53.625 	 2.449 	 144.109
FD10872	53.750 	 2.473 	 144.203
FD10872	53.875 	 2.498 	 144.044
FD10872	54.000 	 2.523 	 143.758
FD10872	54.125 	 2.547 	 143.585
FD10872	54.250 	 2.571 	 143.448
FD10872	54.375 	 2.595 	 143.184
FD10872	54.500 	 2.619 	 143.047
FD10872	54.625 	 2.643 	 142.981
FD10872	54.750 	 2.667 	 142.816
FD10872	54.875 	 2.689 	 142.648
FD10872	55.000 	 2.712 	 142.440
FD10872	55.125 	 2.735 	 142.233
FD10872	55.250 	 2.758 	 141.975
FD10872	55.375 	 2.780 	 141.758
FD10872	55.500 	 2.804 	 141.748
FD10872	55.625 	 2.828 	 141.874
FD10872	55.750 	 2.852 	 141.846
FD10872	55.875 	 2.877 	 141.539
FD10872	56.000 	 2.903 	 141.446
FD10872	56.125 	 2.929 	 141.465
FD10872	56.250 	 2.956 	 141.321
FD10872	56.375 	 2.984 	 141.195
FD10872	56.500 	 3.013 	 141.058
FD10872	56.625 	 3.042 	 141.056
FD10872	56.750 	 3.074 	 140.918
FD10872	56.875 	 3.106 	 140.586
FD10872	57.000 	 3.138 	 140.322
FD10872	57.125 	 3.171 	 140.380
FD10872	57.250 	 3.205 	 140.402
FD10872	57.375 	 3.237 	 140.152
FD10872	57.500 	 3.269 	 140.349
FD10872	57.625 	 3.301 	 140.572
FD10872	57.750 	 3.332 	 140.237
FD10872	57.875 	 3.364 	 139.905
FD10872	58.000 	 3.395 	 139.827
FD10872	58.125 	 3.427 	 139.770
FD10872	58.250 	 3.458 	 139.709
FD10872	58.375 	 3.491 	 139.539
FD10872	58.500 	 3.523 	 139.325
FD10872	58.625 	 3.555 	 139.308
FD10872	58.750 	 3.587 	 139.408
FD10872	58.875 	 3.619 	 139.246
FD10872	59.000 	 3.650 	 139.240
FD10872	59.125 	 3.680 	 139.380
FD10872	59.250 	 3.711 	 139.259
FD10872	59.375 	 3.740 	 139.207
FD10872	59.500 	 3.770 	 139.064
FD10872	59.625 	 3.800 	 138.836
FD10872	59.750 	 3.830 	 138.919
FD10872	59.875 	 3.860 	 139.097
FD10872	60.000 	 3.889 	 139.196
FD10872	60.125 	 3.919 	 139.026
FD10872	60.250 	 3.948 	 138.614
FD10872	60.375 	 3.976 	 138.592
FD10872	60.500 	 4.004 	 138.933
FD10872	60.625 	 4.033 	 138.855
FD10872	60.750 	 4.061 	 138.575
FD10872	60.875 	 4.090 	 138.611
FD10872	61.000 	 4.120 	 138.627
FD10872	61.125 	 4.151 	 138.567
FD10872	61.250 	 4.182 	 138.606
FD10872	61.375 	 4.215 	 138.704
FD10872	61.500 	 4.248 	 138.672
FD10872	61.625 	 4.281 	 138.515
FD10872	61.750 	 4.317 	 138.295
FD10872	61.875 	 4.352 	 138.139
FD10872	62.000 	 4.388 	 138.133
FD10872	62.125 	 4.425 	 138.053
FD10872	62.250 	 4.462 	 137.845
FD10872	62.375 	 4.498 	 137.647
FD10872	62.500 	 4.535 	 137.532
FD10872	62.625 	 4.571 	 137.309
FD10872	62.750 	 4.606 	 137.057
FD10872	62.875 	 4.641 	 137.092
FD10872	63.000 	 4.675 	 137.219
FD10872	63.125 	 4.708 	 137.207
FD10872	63.250 	 4.741 	 137.126
FD10872	63.375 	 4.774 	 137.062
FD10872	63.500 	 4.806 	 136.902
FD10872	63.625 	 4.839 	 136.741
FD10872	63.750 	 4.871 	 136.702
FD10872	63.875 	 4.904 	 136.738
FD10872	64.000 	 4.937 	 136.914
FD10872	64.125 	 4.969 	 137.153
FD10872	64.250 	 5.002 	 137.345
FD10872	64.375 	 5.036 	 137.614
FD10872	64.500 	 5.070 	 137.795
FD10872	64.625 	 5.105 	 137.680
FD10872	64.750 	 5.142 	 137.603
FD10872	64.875 	 5.179 	 137.694
FD10872	65.000 	 5.217 	 137.765
FD10872	65.125 	 5.255 	 137.820
FD10872	65.250 	 5.294 	 137.776
FD10872	65.375 	 5.332 	 137.741
FD10872	65.500 	 5.372 	 137.592
FD10872	65.625 	 5.410 	 137.609
FD10872	65.750 	 5.448 	 137.575
FD10872	65.875 	 5.487 	 137.515
FD10872	66.000 	 5.526 	 137.592
FD10872	66.125 	 5.564 	 137.521
FD10872	66.250 	 5.602 	 137.565
FD10872	66.375 	 5.640 	 137.693
FD10872	66.500 	 5.677 	 137.743
FD10872	66.625 	 5.714 	 137.537
FD10872	66.750 	 5.750 	 137.218
FD10872	66.875 	 5.785 	 137.043
FD10872	67.000 	 5.820 	 136.977
FD10872	67.125 	 5.854 	 136.869
FD10872	67.250 	 5.888 	 136.749
FD10872	67.375 	 5.920 	 136.553
FD10872	67.500 	 5.952 	 136.318
FD10872	67.625 	 5.983 	 136.125
FD10872	67.750 	 6.012 	 135.812
FD10872	67.875 	 6.041 	 135.436
FD10872	68.000 	 6.069 	 135.271
FD10872	68.125 	 6.095 	 135.326
FD10872	68.250 	 6.121 	 135.364
FD10872	68.375 	 6.145 	 135.205
FD10872	68.500 	 6.170 	 135.024
FD10872	68.625 	 6.195 	 134.920
FD10872	68.750 	 6.219 	 134.903
FD10872	68.875 	 6.245 	 134.840
FD10872	69.000 	 6.270 	 134.763
FD10872	69.125 	 6.298 	 134.887
FD10872	69.250 	 6.325 	 135.035
FD10872	69.375 	 6.356 	 134.900
FD10872	69.500 	 6.389 	 134.725
FD10872	69.625 	 6.423 	 134.584
FD10872	69.750 	 6.460 	 134.485
FD10872	69.875 	 6.499 	 134.480
FD10872	70.000 	 6.540 	 134.343
FD10872	70.125 	 6.582 	 134.274
FD10872	70.250 	 6.624 	 134.252
FD10872	70.375 	 6.668 	 134.169
FD10872	70.500 	 6.710 	 134.109
FD10872	70.625 	 6.753 	 134.016
FD10872	70.750 	 6.795 	 133.950
FD10872	70.875 	 6.836 	 133.959
FD10872	71.000 	 6.878 	 133.958
FD10872	71.125 	 6.919 	 133.871
FD10872	71.250 	 6.960 	 133.650
FD10872	71.375 	 6.999 	 133.368
FD10872	71.500 	 7.038 	 133.296
FD10872	71.625 	 7.075 	 133.296
FD10872	71.750 	 7.111 	 133.235
FD10872	71.875 	 7.144 	 133.178
FD10872	72.000 	 7.177 	 133.189
FD10872	72.125 	 7.210 	 133.178
FD10872	72.250 	 7.240 	 133.195
FD10872	72.375 	 7.271 	 133.186
FD10872	72.500 	 7.302 	 133.044
FD10872	72.625 	 7.333 	 132.931
FD10872	72.750 	 7.363 	 132.739
FD10872	72.875 	 7.394 	 132.552
FD10872	73.000 	 7.425 	 132.464
FD10872	73.125 	 7.455 	 132.475
FD10872	73.250 	 7.485 	 132.503
FD10872	73.375 	 7.513 	 132.409
FD10872	73.500 	 7.542 	 132.278
FD10872	73.625 	 7.571 	 132.069
FD10872	73.750 	 7.600 	 131.865
FD10872	73.875 	 7.630 	 131.849
FD10872	74.000 	 7.660 	 131.805
FD10872	74.125 	 7.691 	 131.594
FD10872	74.250 	 7.722 	 131.473
FD10872	74.375 	 7.753 	 131.445
FD10872	74.500 	 7.786 	 131.336
FD10872	74.625 	 7.823 	 131.055
FD10872	74.750 	 7.867 	 130.781
FD10872	74.875 	 7.920 	 130.657
FD10872	75.000 	 7.980 	 130.695
FD10872	75.125 	 8.041 	 130.492
FD10872	75.250 	 8.102 	 130.163
FD10872	75.375 	 8.154 	 129.959
FD10872	75.500 	 8.198 	 129.756
FD10872	75.625 	 8.236 	 129.707
FD10872	75.750 	 8.268 	 129.734
FD10872	75.875 	 8.298 	 129.937
FD10872	76.000 	 8.327 	 130.053
FD10872	76.125 	 8.356 	 129.990
FD10872	76.250 	 8.387 	 129.880
FD10872	76.375 	 8.418 	 129.886
FD10872	76.500 	 8.451 	 130.143
FD10872	76.625 	 8.486 	 130.047
FD10872	76.750 	 8.522 	 129.811
FD10872	76.875 	 8.560 	 129.702
FD10872	77.000 	 8.597 	 129.427
FD10872	77.125 	 8.635 	 129.399
FD10872	77.250 	 8.671 	 129.674
FD10872	77.375 	 8.708 	 129.474
FD10872	77.500 	 8.744 	 129.155
FD10872	77.625 	 8.779 	 129.066
FD10872	77.750 	 8.813 	 128.820
FD10872	77.875 	 8.849 	 128.772
FD10872	78.000 	 8.885 	 128.690
FD10872	78.125 	 8.922 	 128.665
FD10872	78.250 	 8.960 	 128.732
FD10872	78.375 	 8.998 	 128.625
FD10872	78.500 	 9.035 	 128.416
FD10872	78.625 	 9.072 	 128.232
FD10872	78.750 	 9.109 	 128.221
FD10872	78.875 	 9.145 	 128.279
FD10872	79.000 	 9.179 	 128.322
FD10872	79.125 	 9.214 	 128.262
FD10872	79.250 	 9.250 	 128.070
FD10872	79.375 	 9.284 	 127.809
FD10872	79.500 	 9.319 	 127.616
FD10872	79.625 	 9.355 	 127.414
FD10872	79.750 	 9.391 	 127.183
FD10872	79.875 	 9.426 	 127.073
FD10872	80.000 	 9.461 	 126.907
FD10872	80.125 	 9.495 	 126.743
FD10872	80.250 	 9.528 	 126.556
FD10872	80.375 	 9.561 	 126.598
FD10872	80.500 	 9.592 	 126.910
FD10872	80.625 	 9.624 	 127.028
FD10872	80.750 	 9.655 	 126.891
FD10872	80.875 	 9.687 	 126.845
FD10872	81.000 	 9.719 	 126.916
FD10872	81.125 	 9.754 	 126.850
FD10872	81.250 	 9.786 	 126.520
FD10872	81.375 	 9.820 	 126.152
FD10872	81.500 	 9.855 	 125.757
FD10872	81.625 	 9.889 	 125.488
FD10872	81.750 	 9.924 	 125.647
FD10872	81.875 	 9.961 	 125.707
FD10872	82.000 	 9.998 	 125.730
FD10872	82.125 	 10.036 	 125.897
FD10872	82.250 	 10.077 	 125.880
FD10872	82.375 	 10.116 	 125.755
FD10872	82.500 	 10.157 	 125.897
FD10872	82.625 	 10.198 	 125.979
FD10872	82.750 	 10.239 	 126.046
FD10872	82.875 	 10.281 	 126.400
FD10872	83.000 	 10.321 	 126.625
FD10872	83.125 	 10.362 	 126.686
FD10872	83.250 	 10.403 	 126.570
FD10872	83.375 	 10.441 	 126.144
FD10872	83.500 	 10.482 	 125.892
FD10872	83.625 	 10.521 	 126.114
FD10872	83.750 	 10.558 	 126.439
FD10872	83.875 	 10.595 	 126.545
FD10872	84.000 	 10.631 	 126.403
FD10872	84.125 	 10.662 	 126.224
FD10872	84.250 	 10.693 	 126.021
FD10872	84.375 	 10.722 	 125.895
FD10872	84.500 	 10.748 	 125.944
FD10872	84.625 	 10.773 	 125.982
FD10872	84.750 	 10.797 	 125.933
FD10872	84.875 	 10.820 	 125.845
FD10872	85.000 	 10.844 	 125.741
FD10872	85.125 	 10.866 	 125.551
FD10872	85.250 	 10.890 	 125.353
FD10872	85.375 	 10.912 	 125.312
FD10872	85.500 	 10.936 	 125.356
FD10872	85.625 	 10.960 	 125.411
FD10872	85.750 	 10.985 	 125.515
FD10872	85.875 	 11.011 	 125.458
FD10872	86.000 	 11.038 	 125.441
FD10872	86.125 	 11.064 	 125.570
FD10872	86.250 	 11.092 	 125.603
FD10872	86.375 	 11.122 	 125.549
FD10872	86.500 	 11.153 	 125.592
FD10872	86.625 	 11.185 	 125.722
FD10872	86.750 	 11.219 	 125.804
FD10872	86.875 	 11.252 	 125.883
FD10872	87.000 	 11.287 	 125.806
FD10872	87.125 	 11.321 	 125.719
FD10872	87.250 	 11.355 	 125.757
FD10872	87.375 	 11.390 	 125.694
FD10872	87.500 	 11.422 	 125.573
FD10872	87.625 	 11.455 	 125.455
FD10872	87.750 	 11.488 	 125.345
FD10872	87.875 	 11.522 	 125.362
FD10872	88.000 	 11.557 	 125.477
FD10872	88.125 	 11.592 	 125.549
FD10872	88.250 	 11.629 	 125.576
FD10872	88.375 	 11.667 	 125.705
FD10872	88.500 	 11.706 	 125.853
FD10872	88.625 	 11.748 	 125.949
FD10872	88.750 	 11.788 	 126.103
FD10872	88.875 	 11.830 	 126.161
FD10872	89.000 	 11.871 	 126.045
FD10872	89.125 	 11.912 	 126.002
FD10872	89.250 	 11.954 	 126.177
FD10872	89.375 	 11.994 	 126.438
FD10872	89.500 	 12.034 	 126.504
FD10872	89.625 	 12.072 	 126.320
FD10872	89.750 	 12.109 	 126.188
FD10872	89.875 	 12.144 	 126.248
FD10872	90.000 	 12.177 	 126.359
FD10872	90.125 	 12.208 	 126.350
FD10872	90.250 	 12.237 	 126.235
FD10872	90.375 	 12.266 	 126.202
FD10872	90.500 	 12.292 	 126.027
FD10872	90.625 	 12.316 	 125.672
FD10872	90.750 	 12.340 	 125.523
FD10872	90.875 	 12.364 	 125.504
FD10872	91.000 	 12.386 	 125.378
FD10872	91.125 	 12.410 	 125.384
FD10872	91.250 	 12.435 	 125.422
FD10872	91.375 	 12.461 	 125.342
FD10872	91.500 	 12.489 	 125.474
FD10872	91.625 	 12.518 	 125.597
FD10872	91.750 	 12.550 	 125.504
FD10872	91.875 	 12.584 	 125.408
FD10872	92.000 	 12.619 	 125.430
FD10872	92.125 	 12.655 	 125.389
FD10872	92.250 	 12.691 	 125.411
FD10872	92.375 	 12.728 	 125.518
FD10872	92.500 	 12.764 	 125.540
FD10872	92.625 	 12.799 	 125.416
FD10872	92.750 	 12.833 	 125.356
FD10872	92.875 	 12.866 	 125.362
FD10872	93.000 	 12.898 	 125.219
FD10872	93.125 	 12.929 	 125.139
FD10872	93.250 	 12.960 	 125.183
FD10872	93.375 	 12.988 	 125.265
FD10872	93.500 	 13.018 	 125.292
FD10872	93.625 	 13.043 	 125.345
FD10872	93.750 	 13.071 	 125.427
FD10872	93.875 	 13.095 	 125.419
FD10872	94.000 	 13.119 	 125.331
FD10872	94.125 	 13.145 	 125.345
FD10872	94.250 	 13.168 	 125.345
FD10872	94.375 	 13.192 	 125.337
FD10872	94.500 	 13.217 	 125.408
FD10872	94.625 	 13.243 	 125.509
FD10872	94.750 	 13.271 	 125.614
FD10872	94.875 	 13.299 	 125.691
FD10872	95.000 	 13.327 	 125.877
FD10872	95.125 	 13.357 	 126.051
FD10872	95.250 	 13.389 	 126.094
FD10872	95.375 	 13.418 	 126.142
FD10872	95.500 	 13.451 	 126.273
FD10872	95.625 	 13.484 	 126.381
FD10872	95.750 	 13.516 	 126.292
FD10872	95.875 	 13.549 	 126.304
FD10872	96.000 	 13.581 	 126.534
FD10872	96.125 	 13.613 	 126.713
FD10872	96.250 	 13.646 	 126.795
FD10872	96.375 	 13.678 	 126.949
FD10872	96.500 	 13.710 	 127.070
FD10872	96.625 	 13.742 	 127.056
FD10872	96.750 	 13.777 	 127.034
FD10872	96.875 	 13.810 	 127.009
FD10872	97.000 	 13.844 	 126.894
FD10872	97.125 	 13.879 	 126.767
FD10872	97.250 	 13.915 	 126.708
FD10872	97.375 	 13.950 	 126.619
FD10872	97.500 	 13.986 	 126.477
FD10872	97.625 	 14.021 	 126.452
FD10872	97.750 	 14.056 	 126.590
FD10872	97.875 	 14.093 	 126.592
FD10872	98.000 	 14.127 	 126.521
FD10872	98.125 	 14.164 	 126.507
FD10872	98.250 	 14.201 	 126.551
FD10872	98.375 	 14.237 	 126.570
FD10872	98.500 	 14.273 	 126.510
FD10872	98.625 	 14.307 	 126.490
FD10872	98.750 	 14.340 	 126.359
FD10872	98.875 	 14.370 	 126.202
FD10872	99.000 	 14.400 	 126.345
FD10872	99.125 	 14.427 	 126.559
FD10872	99.250 	 14.450 	 126.636
FD10872	99.375 	 14.472 	 126.622
FD10872	99.500 	 14.492 	 126.634
FD10872	99.625 	 14.511 	 126.721
FD10872	99.750 	 14.528 	 126.711
FD10872	99.875 	 14.543 	 126.683
FD10872	100.000 	 14.560 	 126.661
FD10872	100.125 	 14.575 	 126.713
FD10872	100.250 	 14.591 	 126.735
FD10872	100.375 	 14.608 	 126.699
FD10872	100.500 	 14.625 	 126.700
FD10872	100.625 	 14.642 	 126.639
FD10872	100.750 	 14.662 	 126.601
FD10872	100.875 	 14.685 	 126.614
FD10872	101.000 	 14.707 	 126.620
FD10872	101.125 	 14.736 	 126.534
FD10872	101.250 	 14.763 	 126.546
FD10872	101.375 	 14.796 	 126.600
FD10872	101.500 	 14.828 	 126.606
FD10872	101.625 	 14.863 	 126.663
FD10872	101.750 	 14.901 	 126.889
FD10872	101.875 	 14.940 	 127.108
FD10872	102.000 	 14.980 	 127.268
FD10872	102.125 	 15.020 	 127.383
FD10872	102.250 	 15.063 	 127.312
FD10872	102.375 	 15.103 	 127.284
FD10872	102.500 	 15.143 	 127.311
FD10872	102.625 	 15.184 	 127.413
FD10872	102.750 	 15.224 	 127.496
FD10872	102.875 	 15.264 	 127.452
FD10872	103.000 	 15.302 	 127.380
FD10872	103.125 	 15.340 	 127.345
FD10872	103.250 	 15.376 	 127.356
FD10872	103.375 	 15.414 	 127.435
FD10872	103.500 	 15.449 	 127.676
FD10872	103.625 	 15.483 	 127.790
FD10872	103.750 	 15.518 	 127.789
FD10872	103.875 	 15.552 	 127.855
FD10872	104.000 	 15.585 	 127.988
FD10872	104.125 	 15.615 	 128.028
FD10872	104.250 	 15.646 	 127.979
FD10872	104.375 	 15.676 	 127.962
FD10872	104.500 	 15.706 	 127.864
FD10872	104.625 	 15.735 	 127.847
FD10872	104.750 	 15.763 	 127.852
FD10872	104.875 	 15.790 	 127.731
FD10872	105.000 	 15.817 	 127.617
FD10872	105.125 	 15.841 	 127.639
FD10872	105.250 	 15.864 	 127.715
FD10872	105.375 	 15.883 	 127.614
FD10872	105.500 	 15.904 	 127.481
FD10872	105.625 	 15.921 	 127.471
FD10872	105.750 	 15.939 	 127.400
FD10872	105.875 	 15.956 	 127.416
FD10872	106.000 	 15.973 	 127.477
FD10872	106.125 	 15.992 	 127.377
FD10872	106.250 	 16.013 	 127.235
FD10872	106.375 	 16.035 	 127.202
FD10872	106.500 	 16.058 	 127.284
FD10872	106.625 	 16.084 	 127.410
FD10872	106.750 	 16.109 	 127.597
FD10872	106.875 	 16.136 	 127.704
FD10872	107.000 	 16.166 	 127.704
FD10872	107.125 	 16.196 	 127.708
FD10872	107.250 	 16.230 	 127.701
FD10872	107.375 	 16.262 	 127.715
FD10872	107.500 	 16.299 	 127.710
FD10872	107.625 	 16.336 	 127.627
FD10872	107.750 	 16.375 	 127.644
FD10872	107.875 	 16.413 	 127.699
FD10872	108.000 	 16.453 	 127.687
FD10872	108.125 	 16.491 	 127.677
FD10872	108.250 	 16.530 	 127.671
FD10872	108.375 	 16.568 	 127.630
FD10872	108.500 	 16.606 	 127.559
FD10872	108.625 	 16.642 	 127.573
FD10872	108.750 	 16.678 	 127.632
FD10872	108.875 	 16.713 	 127.556
FD10872	109.000 	 16.749 	 127.380
FD10872	109.125 	 16.783 	 127.284
FD10872	109.250 	 16.819 	 127.174
FD10872	109.375 	 16.854 	 127.100
FD10872	109.500 	 16.888 	 127.089
FD10872	109.625 	 16.924 	 127.017
FD10872	109.750 	 16.961 	 126.929
FD10872	109.875 	 16.997 	 126.867
FD10872	110.000 	 17.035 	 126.795
FD10872	110.125 	 17.072 	 126.738
FD10872	110.250 	 17.108 	 126.589
FD10872	110.375 	 17.145 	 126.381
FD10872	110.500 	 17.180 	 126.359
FD10872	110.625 	 17.215 	 126.501
FD10872	110.750 	 17.250 	 126.551
FD10872	110.875 	 17.284 	 126.493
FD10872	111.000 	 17.318 	 126.466
FD10872	111.125 	 17.351 	 126.462
FD10872	111.250 	 17.386 	 126.342
FD10872	111.375 	 17.419 	 126.152
FD10872	111.500 	 17.452 	 126.097
FD10872	111.625 	 17.486 	 126.024
FD10872	111.750 	 17.520 	 126.001
FD10872	111.875 	 17.554 	 126.092
FD10872	112.000 	 17.588 	 126.108
FD10872	112.125 	 17.621 	 125.996
FD10872	112.250 	 17.655 	 125.914
FD10872	112.375 	 17.688 	 125.870
FD10872	112.500 	 17.723 	 125.815
FD10872	112.625 	 17.755 	 125.766
FD10872	112.750 	 17.786 	 125.721
FD10872	112.875 	 17.818 	 125.663
FD10872	113.000 	 17.848 	 125.570
FD10872	113.125 	 17.876 	 125.496
FD10872	113.250 	 17.904 	 125.485
FD10872	113.375 	 17.931 	 125.452
FD10872	113.500 	 17.958 	 125.342
FD10872	113.625 	 17.986 	 125.224
FD10872	113.750 	 18.012 	 125.186
FD10872	113.875 	 18.038 	 125.128
FD10872	114.000 	 18.063 	 125.018
FD10872	114.125 	 18.090 	 125.008
FD10872	114.250 	 18.115 	 124.975
FD10872	114.375 	 18.141 	 124.845
FD10872	114.500 	 18.165 	 124.685
FD10872	114.625 	 18.193 	 124.551
FD10872	114.750 	 18.222 	 124.491
FD10872	114.875 	 18.251 	 124.378
FD10872	115.000 	 18.282 	 124.263
FD10872	115.125 	 18.314 	 124.285
FD10872	115.250 	 18.347 	 124.257
FD10872	115.375 	 18.380 	 124.285
FD10872	115.500 	 18.410 	 124.258
FD10872	115.625 	 18.441 	 124.183
FD10872	115.750 	 18.471 	 124.194
FD10872	115.875 	 18.500 	 124.054
FD10872	116.000 	 18.526 	 123.857
FD10872	116.125 	 18.553 	 123.757
FD10872	116.250 	 18.576 	 123.719
FD10872	116.375 	 18.601 	 123.732
FD10872	116.500 	 18.624 	 123.732
FD10872	116.625 	 18.646 	 123.727
FD10872	116.750 	 18.669 	 123.716
FD10872	116.875 	 18.692 	 123.730
FD10872	117.000 	 18.716 	 123.779
FD10872	117.125 	 18.738 	 123.846
FD10872	117.250 	 18.763 	 123.911
FD10872	117.375 	 18.788 	 123.854
FD10872	117.500 	 18.813 	 123.919
FD10872	117.625 	 18.840 	 124.008
FD10872	117.750 	 18.868 	 124.035
FD10872	117.875 	 18.897 	 123.931
FD10872	118.000 	 18.928 	 123.864
FD10872	118.125 	 18.959 	 123.939
FD10872	118.250 	 18.991 	 123.906
FD10872	118.375 	 19.024 	 123.934
FD10872	118.500 	 19.056 	 123.983
FD10872	118.625 	 19.089 	 123.963
FD10872	118.750 	 19.121 	 123.985
FD10872	118.875 	 19.152 	 123.972
FD10872	119.000 	 19.182 	 123.911
FD10872	119.125 	 19.211 	 123.851
FD10872	119.250 	 19.240 	 123.752
FD10872	119.375 	 19.269 	 123.698
FD10872	119.500 	 19.301 	 123.757
FD10872	119.625 	 19.337 	 123.801
FD10872	119.750 	 19.381 	 123.796
FD10872	119.875 	 19.431 	 123.687
FD10872	120.000 	 19.488 	 123.592
FD10872	120.125 	 19.547 	 123.611
FD10872	120.250 	 19.600 	 123.512
FD10872	120.375 	 19.646 	 123.424
FD10872	120.500 	 19.682 	 123.246
FD10872	120.625 	 19.712 	 123.120
FD10872	120.750 	 19.738 	 123.169
FD10872	120.875 	 19.760 	 123.231
FD10872	121.000 	 19.784 	 123.306
FD10872	121.125 	 19.807 	 123.343
FD10872	121.250 	 19.829 	 123.377
FD10872	121.375 	 19.853 	 123.447
FD10872	121.500 	 19.876 	 123.503
FD10872	121.625 	 19.898 	 123.532
FD10872	121.750 	 19.921 	 123.560
FD10872	121.875 	 19.945 	 123.593
FD10872	122.000 	 19.969 	 123.510
FD10872	122.125 	 19.993 	 123.387
FD10872	122.250 	 20.022 	 123.343
FD10872	122.375 	 20.050 	 123.356
FD10872	122.500 	 20.079 	 123.451
FD10872	122.625 	 20.114 	 123.656
FD10872	122.750 	 20.147 	 123.837
FD10872	122.875 	 20.183 	 123.916
FD10872	123.000 	 20.221 	 123.944
FD10872	123.125 	 20.260 	 124.016
FD10872	123.250 	 20.300 	 124.015
FD10872	123.375 	 20.343 	 124.015
FD10872	123.500 	 20.389 	 124.070
FD10872	123.625 	 20.433 	 123.876
FD10872	123.750 	 20.480 	 123.683
FD10872	123.875 	 20.528 	 123.702
FD10872	124.000 	 20.576 	 123.819
FD10872	124.125 	 20.625 	 123.858
FD10872	124.250 	 20.674 	 123.849
FD10872	124.375 	 20.722 	 123.903
FD10872	124.500 	 20.767 	 123.926
FD10872	124.625 	 20.814 	 123.925
FD10872	124.750 	 20.857 	 123.968
FD10872	124.875 	 20.901 	 124.125
FD10872	125.000 	 20.944 	 124.247
FD10872	125.125 	 20.982 	 124.227
FD10872	125.250 	 21.023 	 124.239
FD10872	125.375 	 21.059 	 124.167
FD10872	125.500 	 21.096 	 124.085
FD10872	125.625 	 21.131 	 124.059
FD10872	125.750 	 21.164 	 124.071
FD10872	125.875 	 21.196 	 124.029
FD10872	126.000 	 21.228 	 123.981
FD10872	126.125 	 21.258 	 124.059
FD10872	126.250 	 21.289 	 124.191
FD10872	126.375 	 21.319 	 124.255
FD10872	126.500 	 21.350 	 124.261
FD10872	126.625 	 21.381 	 124.277
FD10872	126.750 	 21.411 	 124.419
FD10872	126.875 	 21.439 	 124.628
FD10872	127.000 	 21.471 	 124.595
FD10872	127.125 	 21.501 	 124.452
FD10872	127.250 	 21.534 	 124.293
FD10872	127.375 	 21.565 	 124.194
FD10872	127.500 	 21.597 	 124.178
FD10872	127.625 	 21.630 	 124.124
FD10872	127.750 	 21.662 	 123.991
FD10872	127.875 	 21.693 	 123.881
FD10872	128.000 	 21.724 	 123.947
FD10872	128.125 	 21.751 	 123.948
FD10872	128.250 	 21.780 	 123.931
FD10872	128.375 	 21.805 	 123.990
FD10872	128.500 	 21.830 	 124.030
FD10872	128.625 	 21.852 	 123.966
FD10872	128.750 	 21.875 	 123.747
FD10872	128.875 	 21.895 	 123.753
FD10872	129.000 	 21.912 	 123.867
FD10872	129.125 	 21.931 	 123.895
FD10872	129.250 	 21.943 	 123.906
FD10872	129.375 	 21.955 	 123.795
FD10872	129.500 	 21.967 	 123.774
FD10872	129.625 	 21.975 	 123.859
FD10872	129.750 	 21.982 	 123.749
FD10872	129.875 	 21.988 	 123.601
FD10872	130.000 	 21.993 	 123.436
FD10872	130.125 	 21.998 	 123.381
FD10872	130.250 	 22.002 	 123.316
FD10872	130.375 	 22.007 	 123.099
FD10872	130.500 	 22.010 	 122.928
FD10872	130.625 	 22.012 	 122.970
FD10872	130.750 	 22.018 	 123.183
FD10872	130.875 	 22.018 	 123.199
FD10872	131.000 	 22.025 	 123.107
FD10872	131.125 	 22.028 	 122.945
FD10872	131.250 	 22.036 	 122.774
FD10872	131.375 	 22.038 	 122.756
FD10872	131.500 	 22.047 	 122.776
FD10872	131.625 	 22.054 	 122.897
FD10872	131.750 	 22.065 	 123.047
FD10872	131.875 	 22.077 	 123.210
FD10872	132.000 	 22.087 	 123.343
FD10872	132.125 	 22.101 	 123.422
FD10872	132.250 	 22.115 	 123.390
FD10872	132.375 	 22.127 	 123.258
FD10872	132.500 	 22.143 	 123.103
FD10872	132.625 	 22.161 	 122.999
FD10872	132.750 	 22.175 	 122.934
FD10872	132.875 	 22.190 	 122.889
FD10872	133.000 	 22.209 	 122.928
FD10872	133.125 	 22.225 	 122.914
FD10872	133.250 	 22.246 	 122.991
FD10872	133.375 	 22.265 	 123.071
FD10872	133.500 	 22.285 	 123.082
FD10872	133.625 	 22.305 	 123.109
FD10872	133.750 	 22.325 	 123.131
FD10872	133.875 	 22.345 	 123.230
FD10872	134.000 	 22.367 	 123.368
FD10872	134.125 	 22.381 	 123.441
FD10872	134.250 	 22.404 	 123.360
FD10872	134.375 	 22.419 	 123.318
FD10872	134.500 	 22.439 	 123.312
FD10872	134.625 	 22.463 	 123.285
FD10872	134.750 	 22.491 	 123.378
FD10872	134.875 	 22.528 	 123.480
FD10872	135.000 	 22.573 	 123.541
FD10872	135.125 	 22.616 	 123.497
FD10872	135.250 	 22.656 	 123.342
FD10872	135.375 	 22.690 	 123.292
FD10872	135.500 	 22.714 	 123.344
FD10872	135.625 	 22.737 	 123.426
FD10872	135.750 	 22.752 	 123.557
FD10872	135.875 	 22.772 	 123.621
FD10872	136.000 	 22.786 	 123.663
FD10872	136.125 	 22.806 	 123.689
FD10872	136.250 	 22.818 	 123.761
FD10872	136.375 	 22.840 	 123.815
FD10872	136.500 	 22.853 	 123.793
FD10872	136.625 	 22.868 	 123.656
FD10872	136.750 	 22.878 	 123.508
FD10872	136.875 	 22.892 	 123.539
FD10872	137.000 	 22.897 	 123.554
FD10872	137.125 	 22.906 	 123.541
FD10872	137.250 	 22.916 	 123.666
FD10872	137.375 	 22.920 	 123.683
FD10872	137.500 	 22.933 	 123.689
FD10872	137.625 	 22.941 	 123.793
FD10872	137.750 	 22.949 	 123.820
FD10872	137.875 	 22.961 	 123.715
FD10872	138.000 	 22.969 	 123.642
FD10872	138.125 	 22.978 	 123.585
FD10872	138.250 	 22.987 	 123.579
FD10872	138.375 	 22.991 	 123.554
FD10872	138.500 	 22.992 	 123.531
FD10872	138.625 	 23.000 	 123.486
FD10872	138.750 	 22.998 	 123.430
FD10872	138.875 	 22.998 	 123.365
FD10872	139.000 	 22.999 	 123.244
FD10872	139.125 	 22.999 	 123.339
FD10872	139.250 	 23.001 	 123.554
FD10872	139.375 	 22.996 	 123.565
FD10872	139.500 	 23.002 	 123.466
FD10872	139.625 	 23.001 	 123.478
FD10872	139.750 	 23.002 	 123.362
FD10872	139.875 	 23.008 	 123.318
FD10872	140.000 	 23.012 	 123.295
FD10872	140.125 	 23.014 	 123.248
FD10872	140.250 	 23.018 	 123.159
FD10872	140.375 	 23.024 	 123.092
FD10872	140.500 	 23.025 	 123.187
FD10872	140.625 	 23.023 	 123.250
FD10872	140.750 	 23.023 	 123.261
FD10872	140.875 	 23.029 	 123.218
FD10872	141.000 	 23.023 	 123.207
FD10872	141.125 	 23.023 	 123.284
FD10872	141.250 	 23.026 	 123.294
FD10872	141.375 	 23.026 	 123.246
FD10872	141.500 	 23.023 	 123.159
FD10872	141.625 	 23.026 	 123.139
FD10872	141.750 	 23.026 	 123.095
FD10872	141.875 	 23.023 	 123.056
FD10872	142.000 	 23.026 	 123.136
FD10872	142.125 	 23.026 	 123.174
FD10872	142.250 	 23.023 	 123.254
FD10872	142.375 	 23.023 	 123.269
FD10872	142.500 	 23.029 	 123.126
FD10872	142.625 	 23.023 	 123.084
FD10872	142.750 	 23.020 	 123.073
FD10872	142.875 	 23.017 	 123.075
FD10872	143.000 	 23.014 	 123.123
FD10872	143.125 	 23.009 	 123.103
FD10872	143.250 	 23.003 	 123.034
FD10872	143.375 	 22.991 	 123.026
FD10872	143.500 	 22.987 	 122.983
FD10872	143.625 	 22.974 	 122.876
FD10872	143.750 	 22.970 	 122.842
FD10872	143.875 	 22.959 	 122.893
FD10872	144.000 	 22.952 	 122.920
FD10872	144.125 	 22.942 	 122.991
FD10872	144.250 	 22.932 	 123.167
FD10872	144.375 	 22.921 	 123.150
FD10872	144.500 	 22.906 	 123.096
FD10872	144.625 	 22.888 	 123.070
FD10872	144.750 	 22.867 	 122.978
FD10872	144.875 	 22.856 	 123.054
FD10872	145.000 	 22.838 	 123.137
FD10872	145.125 	 22.829 	 122.972
FD10872	145.250 	 22.820 	 122.895
FD10872	145.375 	 22.816 	 122.911
FD10872	145.500 	 22.810 	 122.911
FD10872	145.625 	 22.812 	 122.948
FD10872	145.750 	 22.803 	 122.958
FD10872	145.875 	 22.801 	 122.851
FD10872	146.000 	 22.799 	 122.768
FD10872	146.125 	 22.796 	 122.813
FD10872	146.250 	 22.795 	 122.806
FD10872	146.375 	 22.791 	 122.918
FD10872	146.500 	 22.793 	 123.081
FD10872	146.625 	 22.789 	 123.042
FD10872	146.750 	 22.792 	 122.897
FD10872	146.875 	 22.793 	 122.812
FD10872	147.000 	 22.793 	 122.753
FD10872	147.125 	 22.793 	 122.684
FD10872	147.250 	 22.798 	 122.629
FD10872	147.375 	 22.799 	 122.703
FD10872	147.500 	 22.804 	 122.895
FD10872	147.625 	 22.803 	 123.002
FD10872	147.750 	 22.803 	 123.003
FD10872	147.875 	 22.804 	 123.004
FD10872	148.000 	 22.804 	 122.973
FD10872	148.125 	 22.807 	 123.027
FD10872	148.250 	 22.807 	 123.093
FD10872	148.375 	 22.805 	 123.071
FD10872	148.500 	 22.804 	 123.016
FD10872	148.625 	 22.809 	 122.911
FD10872	148.750 	 22.810 	 122.878
FD10872	148.875 	 22.808 	 122.837
FD10872	149.000 	 22.808 	 122.706
FD10872	149.125 	 22.814 	 122.729
FD10872	149.250 	 22.811 	 122.766
FD10872	149.375 	 22.816 	 122.845
FD10872	149.500 	 22.817 	 122.951
FD10872	149.625 	 22.823 	 122.924
FD10872	149.750 	 22.823 	 122.925
FD10872	149.875 	 22.827 	 122.915
FD10872	150.000 	 22.833 	 122.766
FD10872	150.125 	 22.838 	 122.643
FD10872	150.250 	 22.844 	 122.660
FD10872	150.375 	 22.848 	 122.726
FD10872	150.500 	 22.851 	 122.787
FD10872	150.625 	 22.854 	 122.777
FD10872	150.750 	 22.857 	 122.803
FD10872	150.875 	 22.859 	 122.758
FD10872	151.000 	 22.867 	 122.702
FD10872	151.125 	 22.870 	 122.662
FD10872	151.250 	 22.874 	 122.673
FD10872	151.375 	 22.881 	 122.799
FD10872	151.500 	 22.884 	 122.913
FD10872	151.625 	 22.887 	 122.959
FD10872	151.750 	 22.889 	 122.914
FD10872	151.875 	 22.891 	 122.870
FD10872	152.000 	 22.890 	 122.805
FD10872	152.125 	 22.890 	 122.746
FD10872	152.250 	 22.888 	 122.726
FD10872	152.375 	 22.887 	 122.692
FD10872	152.500 	 22.887 	 122.559
FD10872	152.625 	 22.885 	 122.372
FD10872	152.750 	 22.886 	 122.479
FD10872	152.875 	 22.885 	 122.577
FD10872	153.000 	 22.891 	 122.615
FD10872	153.125 	 22.892 	 122.791
FD10872	153.250 	 22.895 	 122.901
FD10872	153.375 	 22.905 	 123.053
FD10872	153.500 	 22.913 	 123.011
FD10872	153.625 	 22.928 	 122.870
FD10872	153.750 	 22.939 	 122.749
FD10872	153.875 	 22.951 	 122.676
FD10872	154.000 	 22.969 	 122.659
FD10872	154.125 	 22.984 	 122.737
FD10872	154.250 	 23.001 	 122.828
FD10872	154.375 	 23.021 	 122.708
FD10872	154.500 	 23.034 	 122.582
FD10872	154.625 	 23.055 	 122.390
FD10872	154.750 	 23.068 	 122.110
FD10872	154.875 	 23.083 	 121.961
FD10872	155.000 	 23.095 	 122.065
FD10872	155.125 	 23.112 	 122.027
FD10872	155.250 	 23.122 	 121.823
FD10872	155.375 	 23.133 	 121.758
FD10872	155.500 	 23.148 	 121.764
FD10872	155.625 	 23.160 	 121.835
FD10872	155.750 	 23.178 	 121.836
FD10872	155.875 	 23.190 	 121.798
FD10872	156.000 	 23.201 	 121.756
FD10872	156.125 	 23.220 	 121.667
FD10872	156.250 	 23.231 	 121.667
FD10872	156.375 	 23.241 	 121.679
FD10872	156.500 	 23.256 	 121.789
FD10872	156.625 	 23.262 	 121.974
FD10872	156.750 	 23.268 	 122.041
FD10872	156.875 	 23.274 	 121.970
FD10872	157.000 	 23.276 	 121.892
FD10872	157.125 	 23.275 	 121.832
FD10872	157.250 	 23.278 	 121.871
FD10872	157.375 	 23.279 	 121.958
FD10872	157.500 	 23.280 	 122.019
FD10872	157.625 	 23.284 	 122.054
FD10872	157.750 	 23.292 	 122.109
FD10872	157.875 	 23.299 	 122.117
FD10872	158.000 	 23.306 	 122.206
FD10872	158.125 	 23.320 	 122.338
FD10872	158.250 	 23.326 	 122.096
FD10872	158.375 	 23.337 	 122.082
FD10872	158.500 	 23.345 	 122.318
FD10872	158.625 	 23.347 	 122.367
FD10872	158.750 	 23.356 	 122.364
FD10872	158.875 	 23.355 	 122.237
FD10872	159.000 	 23.355 	 122.151
FD10872	159.125 	 23.359 	 122.215
FD10872	159.250 	 23.356 	 122.345
FD10872	159.375 	 23.356 	 122.503
FD10872	159.500 	 23.359 	 122.546
FD10872	159.625 	 23.357 	 122.556
FD10872	159.750 	 23.356 	 122.599
FD10872	159.875 	 23.359 	 122.596
FD10872	160.000 	 23.356 	 122.693
FD10872	160.125 	 23.356 	 122.945
FD10872	160.250 	 23.359 	 123.076
FD10872	160.375 	 23.353 	 123.092
FD10872	160.500 	 23.358 	 122.980
FD10872	160.625 	 23.355 	 122.792
FD10872	160.750 	 23.353 	 122.771
FD10872	160.875 	 23.354 	 122.816
FD10872	161.000 	 23.346 	 122.693
FD10872	161.125 	 23.343 	 122.591
FD10872	161.250 	 23.341 	 122.630
FD10872	161.375 	 23.335 	 122.757
FD10872	161.500 	 23.333 	 122.913
FD10872	161.625 	 23.333 	 122.979
FD10872	161.750 	 23.331 	 122.919
FD10872	161.875 	 23.328 	 122.828
FD10872	162.000 	 23.329 	 122.770
FD10872	162.125 	 23.328 	 122.819
FD10872	162.250 	 23.324 	 122.955
FD10872	162.375 	 23.314 	 123.005
FD10872	162.500 	 23.310 	 122.979
FD10872	162.625 	 23.299 	 122.877
FD10872	162.750 	 23.288 	 122.731
FD10872	162.875 	 23.284 	 122.717
FD10872	163.000 	 23.273 	 122.832
FD10872	163.125 	 23.269 	 122.997
FD10872	163.250 	 23.264 	 123.090
FD10872	163.375 	 23.260 	 123.002
FD10872	163.500 	 23.253 	 122.787
FD10872	163.625 	 23.242 	 122.561
FD10872	163.750 	 23.237 	 122.604
FD10872	163.875 	 23.227 	 122.679
FD10872	164.000 	 23.216 	 122.579
FD10872	164.125 	 23.207 	 122.494
FD10872	164.250 	 23.198 	 122.533
FD10872	164.375 	 23.183 	 122.565
FD10872	164.500 	 23.175 	 122.544
FD10872	164.625 	 23.162 	 122.638
FD10872	164.750 	 23.154 	 122.827
FD10872	164.875 	 23.146 	 122.987
FD10872	165.000 	 23.135 	 122.962
FD10872	165.125 	 23.133 	 122.942
FD10872	165.250 	 23.131 	 122.963
FD10872	165.375 	 23.127 	 122.915
FD10872	165.500 	 23.127 	 122.860
FD10872	165.625 	 23.128 	 122.823
FD10872	165.750 	 23.132 	 122.911
FD10872	165.875 	 23.130 	 122.997
FD10872	166.000 	 23.125 	 123.139
FD10872	166.125 	 23.122 	 123.370
FD10872	166.250 	 23.118 	 123.443
FD10872	166.375 	 23.109 	 123.306
FD10872	166.500 	 23.102 	 123.223
FD10872	166.625 	 23.092 	 123.192
FD10872	166.750 	 23.083 	 123.171
FD10872	166.875 	 23.075 	 123.143
FD10872	167.000 	 23.059 	 123.055
FD10872	167.125 	 23.049 	 123.089
FD10872	167.250 	 23.040 	 123.167
FD10872	167.375 	 23.024 	 123.225
FD10872	167.500 	 23.015 	 123.220
FD10872	167.625 	 23.008 	 123.193
FD10872	167.750 	 23.004 	 123.179
FD10872	167.875 	 22.996 	 123.207
FD10872	168.000 	 23.003 	 123.088
FD10872	168.125 	 23.009 	 123.035
FD10872	168.250 	 23.018 	 123.165
FD10872	168.375 	 23.033 	 123.111
FD10872	168.500 	 23.052 	 123.022
FD10872	168.625 	 23.072 	 122.890
FD10872	168.750 	 23.099 	 122.724
FD10872	168.875 	 23.126 	 122.684
FD10872	169.000 	 23.151 	 122.777
FD10872	169.125 	 23.181 	 122.860
FD10872	169.250 	 23.214 	 122.958
FD10872	169.375 	 23.238 	 122.964
FD10872	169.500 	 23.267 	 122.887
FD10872	169.625 	 23.293 	 122.729
FD10872	169.750 	 23.315 	 122.523
FD10872	169.875 	 23.333 	 122.440
FD10872	170.000 	 23.349 	 122.355
FD10872	170.125 	 23.361 	 122.354
FD10872	170.250 	 23.367 	 122.299
FD10872	170.375 	 23.370 	 122.130
FD10872	170.500 	 23.369 	 122.100
FD10872	170.625 	 23.363 	 122.111
FD10872	170.750 	 23.356 	 122.152
FD10872	170.875 	 23.351 	 122.143
FD10872	171.000 	 23.335 	 122.190
FD10872	171.125 	 23.318 	 122.162
FD10872	171.250 	 23.308 	 121.963
FD10872	171.375 	 23.291 	 121.941
FD10872	171.500 	 23.281 	 121.988
FD10872	171.625 	 23.265 	 122.074
FD10872	171.750 	 23.256 	 122.173
FD10872	171.875 	 23.243 	 122.085
FD10872	172.000 	 23.240 	 121.941
FD10872	172.125 	 23.232 	 121.960
FD10872	172.250 	 23.227 	 122.083
FD10872	172.375 	 23.224 	 122.196
FD10872	172.500 	 23.217 	 122.198
FD10872	172.625 	 23.217 	 122.140
FD10872	172.750 	 23.207 	 122.067
FD10872	172.875 	 23.209 	 122.033
FD10872	173.000 	 23.201 	 122.084
FD10872	173.125 	 23.198 	 122.166
FD10872	173.250 	 23.195 	 122.233
FD10872	173.375 	 23.192 	 122.263
FD10872	173.500 	 23.187 	 122.280
FD10872	173.625 	 23.181 	 122.519
FD10872	173.750 	 23.169 	 122.825
FD10872	173.875 	 23.164 	 122.975
FD10872	174.000 	 23.151 	 123.046
FD10872	174.125 	 23.146 	 122.998
FD10872	174.250 	 23.133 	 122.810
FD10872	174.375 	 23.130 	 122.679
FD10872	174.500 	 23.121 	 122.637
FD10872	174.625 	 23.118 	 122.571
FD10872	174.750 	 23.114 	 122.544
FD10872	174.875 	 23.118 	 122.524
FD10872	175.000 	 23.120 	 122.551
FD10872	175.125 	 23.126 	 122.624
FD10872	175.250 	 23.139 	 122.685
FD10872	175.375 	 23.145 	 122.677
FD10872	175.500 	 23.159 	 122.697
FD10872	175.625 	 23.175 	 122.620
FD10872	175.750 	 23.191 	 122.493
FD10872	175.875 	 23.210 	 122.482
FD10872	176.000 	 23.229 	 122.453
FD10872	176.125 	 23.247 	 122.421
FD10872	176.250 	 23.266 	 122.370
FD10872	176.375 	 23.287 	 122.263
FD10872	176.500 	 23.303 	 122.104
FD10872	176.625 	 23.321 	 121.958
FD10872	176.750 	 23.342 	 121.805
FD10872	176.875 	 23.357 	 121.699
FD10872	177.000 	 23.373 	 121.785
FD10872	177.125 	 23.389 	 121.752
FD10872	177.250 	 23.404 	 121.732
FD10872	177.375 	 23.418 	 121.968
FD10872	177.500 	 23.432 	 122.059
FD10872	177.625 	 23.441 	 121.947
FD10872	177.750 	 23.451 	 121.827
FD10872	177.875 	 23.465 	 121.637
FD10872	178.000 	 23.474 	 121.505
FD10872	178.125 	 23.481 	 121.563
FD10872	178.250 	 23.491 	 121.789
FD10872	178.375 	 23.496 	 122.010
FD10872	178.500 	 23.503 	 122.034
FD10872	178.625 	 23.502 	 121.982
FD10872	178.750 	 23.504 	 121.889
FD10872	178.875 	 23.503 	 121.839
FD10872	179.000 	 23.497 	 121.822
FD10872	179.125 	 23.495 	 121.828
FD10872	179.250 	 23.494 	 121.748
FD10872	179.375 	 23.493 	 121.584
FD10872	179.500 	 23.495 	 121.629
FD10872	179.625 	 23.499 	 121.669
FD10872	179.750 	 23.498 	 121.710
FD10872	179.875 	 23.503 	 121.766
FD10872	180.000 	 23.500 	 121.724
FD10872	180.125 	 23.503 	 121.644
FD10872	180.250 	 23.501 	 121.515
FD10872	180.375 	 23.503 	 121.420
FD10872	180.500 	 23.501 	 121.453
FD10872	180.625 	 23.503 	 121.484
FD10872	180.750 	 23.503 	 121.422
FD10872	180.875 	 23.500 	 121.505
FD10872	181.000 	 23.503 	 121.577
FD10872	181.125 	 23.501 	 121.504
FD10872	181.250 	 23.504 	 121.578
FD10872	181.375 	 23.501 	 121.701
FD10872	181.500 	 23.506 	 121.798
FD10872	181.625 	 23.508 	 121.873
FD10872	181.750 	 23.511 	 121.841
FD10872	181.875 	 23.515 	 121.836
FD10872	182.000 	 23.522 	 121.923
FD10872	182.125 	 23.526 	 121.996
FD10872	182.250 	 23.531 	 122.068
FD10872	182.375 	 23.538 	 122.163
FD10872	182.500 	 23.542 	 122.199
FD10872	182.625 	 23.548 	 122.217
FD10872	182.750 	 23.552 	 122.277
FD10872	182.875 	 23.560 	 122.247
FD10872	183.000 	 23.565 	 122.045
FD10872	183.125 	 23.572 	 121.858
FD10872	183.250 	 23.576 	 121.694
FD10872	183.375 	 23.575 	 121.553
FD10872	183.500 	 23.583 	 121.497
FD10872	183.625 	 23.584 	 121.358
FD10872	183.750 	 23.587 	 121.301
FD10872	183.875 	 23.595 	 121.386
FD10872	184.000 	 23.599 	 121.581
FD10872	184.125 	 23.606 	 121.671
FD10872	184.250 	 23.605 	 121.543
FD10872	184.375 	 23.607 	 121.584
FD10872	184.500 	 23.601 	 121.636
FD10872	184.625 	 23.597 	 121.628
FD10872	184.750 	 23.587 	 121.602
FD10872	184.875 	 23.578 	 121.498
FD10872	185.000 	 23.566 	 121.503
FD10872	185.125 	 23.557 	 121.555
FD10872	185.250 	 23.543 	 121.647
FD10872	185.375 	 23.527 	 121.672
FD10872	185.500 	 23.511 	 121.630
FD10872	185.625 	 23.496 	 121.790
FD10872	185.750 	 23.481 	 121.983
FD10872	185.875 	 23.462 	 122.011
FD10872	186.000 	 23.445 	 122.109
FD10872	186.125 	 23.432 	 122.209
FD10872	186.250 	 23.418 	 122.142
FD10872	186.375 	 23.405 	 122.077
FD10872	186.500 	 23.393 	 122.109
FD10872	186.625 	 23.385 	 122.156
FD10872	186.750 	 23.375 	 122.353
FD10872	186.875 	 23.369 	 122.450
FD10872	187.000 	 23.363 	 122.346
FD10872	187.125 	 23.354 	 122.226
FD10872	187.250 	 23.350 	 122.148
FD10872	187.375 	 23.346 	 122.206
FD10872	187.500 	 23.341 	 122.189
FD10872	187.625 	 23.344 	 122.179
FD10872	187.750 	 23.343 	 122.248
FD10872	187.875 	 23.351 	 122.302
FD10872	188.000 	 23.361 	 122.417
FD10872	188.125 	 23.373 	 122.342
FD10872	188.250 	 23.390 	 122.109
FD10872	188.375 	 23.413 	 122.084
FD10872	188.500 	 23.434 	 122.063
FD10872	188.625 	 23.464 	 121.992
FD10872	188.750 	 23.492 	 121.837
FD10872	188.875 	 23.521 	 121.766
FD10872	189.000 	 23.553 	 121.849
FD10872	189.125 	 23.578 	 121.764
FD10872	189.250 	 23.604 	 121.555
FD10872	189.375 	 23.628 	 121.449
FD10872	189.500 	 23.645 	 121.420
FD10872	189.625 	 23.658 	 121.360
FD10872	189.750 	 23.668 	 121.274
FD10872	189.875 	 23.674 	 121.262
FD10872	190.000 	 23.671 	 121.288
FD10872	190.125 	 23.667 	 121.243
FD10872	190.250 	 23.654 	 121.037
FD10872	190.375 	 23.642 	 120.693
FD10872	190.500 	 23.621 	 120.510
FD10872	190.625 	 23.599 	 120.655
FD10872	190.750 	 23.573 	 120.791
FD10872	190.875 	 23.546 	 120.889
FD10872	191.000 	 23.516 	 121.166
FD10872	191.125 	 23.491 	 121.406
FD10872	191.250 	 23.464 	 121.492
FD10872	191.375 	 23.440 	 121.525
FD10872	191.500 	 23.419 	 121.525
FD10872	191.625 	 23.398 	 121.557
FD10872	191.750 	 23.383 	 121.501
FD10872	191.875 	 23.364 	 121.583
FD10872	192.000 	 23.358 	 121.780
FD10872	192.125 	 23.344 	 121.809
FD10872	192.250 	 23.342 	 121.652
FD10872	192.375 	 23.335 	 121.536
FD10872	192.500 	 23.334 	 121.562
FD10872	192.625 	 23.332 	 121.590
FD10872	192.750 	 23.335 	 121.760
FD10872	192.875 	 23.336 	 121.942
FD10872	193.000 	 23.338 	 122.124
FD10872	193.125 	 23.346 	 122.170
FD10872	193.250 	 23.351 	 122.104
FD10872	193.375 	 23.356 	 122.015
FD10872	193.500 	 23.362 	 121.925
FD10872	193.625 	 23.370 	 121.901
FD10872	193.750 	 23.375 	 121.932
FD10872	193.875 	 23.384 	 121.948
FD10872	194.000 	 23.389 	 121.931
FD10872	194.125 	 23.397 	 121.913
FD10872	194.250 	 23.398 	 121.863
FD10872	194.375 	 23.410 	 121.832
FD10872	194.500 	 23.414 	 121.793
FD10872	194.625 	 23.420 	 121.758
FD10872	194.750 	 23.425 	 121.737
FD10872	194.875 	 23.433 	 121.629
FD10872	195.000 	 23.439 	 121.594
FD10872	195.125 	 23.443 	 121.607
FD10872	195.250 	 23.450 	 121.482
FD10872	195.375 	 23.452 	 121.345
FD10872	195.500 	 23.464 	 121.243
FD10872	195.625 	 23.465 	 121.204
FD10872	195.750 	 23.470 	 121.239
FD10872	195.875 	 23.473 	 121.296
FD10872	196.000 	 23.475 	 121.353
FD10872	196.125 	 23.475 	 121.158
FD10872	196.250 	 23.471 	 121.040
FD10872	196.375 	 23.466 	 121.098
FD10872	196.500 	 23.464 	 121.152
FD10872	196.625 	 23.452 	 121.268
FD10872	196.750 	 23.450 	 121.289
FD10872	196.875 	 23.442 	 121.162
FD10872	197.000 	 23.435 	 121.063
FD10872	197.125 	 23.426 	 121.111
FD10872	197.250 	 23.422 	 121.126
FD10872	197.375 	 23.415 	 121.003
FD10872	197.500 	 23.411 	 121.003
FD10872	197.625 	 23.406 	 121.022
FD10872	197.750 	 23.405 	 120.993
FD10872	197.875 	 23.403 	 121.080
FD10872	198.000 	 23.404 	 121.185
FD10872	198.125 	 23.404 	 121.339
FD10872	198.250 	 23.408 	 121.484
FD10872	198.375 	 23.414 	 121.596
FD10872	198.500 	 23.420 	 121.624
FD10872	198.625 	 23.425 	 121.536
FD10872	198.750 	 23.431 	 121.420
FD10872	198.875 	 23.441 	 121.385
FD10872	199.000 	 23.448 	 121.285
FD10872	199.125 	 23.452 	 121.229
FD10872	199.250 	 23.457 	 121.216
FD10872	199.375 	 23.460 	 121.267
FD10872	199.500 	 23.464 	 121.301
FD10872	199.625 	 23.468 	 121.270
FD10872	199.750 	 23.467 	 121.214
FD10872	199.875 	 23.470 	 121.198
FD10872	200.000 	 23.471 	 120.456
FD10872	200.125 	 23.473 	 119.661
FD10872	200.250 	 23.473 	 119.641
FD10872	200.375 	 23.476 	 119.601
FD10872	200.500 	 23.478 	 119.613
FD10872	200.625 	 23.478 	 119.674
FD10872	200.750 	 23.484 	 119.760
FD10872	200.875 	 23.484 	 119.877
FD10872	201.000 	 23.489 	 119.906
FD10872	201.125 	 23.490 	 119.928
FD10872	201.250 	 23.493 	 119.908
FD10872	201.375 	 23.493 	 119.811
FD10872	201.500 	 23.496 	 119.817
FD10872	201.625 	 23.500 	 119.938
FD10872	201.750 	 23.499 	 119.910
FD10872	201.875 	 23.502 	 119.822
FD10872	202.000 	 23.500 	 119.828
FD10872	202.125 	 23.504 	 119.796
FD10872	202.250 	 23.499 	 119.822
FD10872	202.375 	 23.497 	 119.936
FD10872	202.500 	 23.496 	 120.025
FD10872	202.625 	 23.492 	 120.016
FD10872	202.750 	 23.484 	 120.013
FD10872	202.875 	 23.483 	 119.929
FD10872	203.000 	 23.475 	 119.818
FD10872	203.125 	 23.465 	 119.889
FD10872	203.250 	 23.461 	 119.983
FD10872	203.375 	 23.454 	 120.041
FD10872	203.500 	 23.448 	 120.038
FD10872	203.625 	 23.441 	 119.903
FD10872	203.750 	 23.433 	 119.673
FD10872	203.875 	 23.432 	 119.432
FD10872	204.000 	 23.426 	 119.272
FD10872	204.125 	 23.424 	 119.176
FD10872	204.250 	 23.421 	 119.151
FD10872	204.375 	 23.421 	 119.080
FD10872	204.500 	 23.420 	 118.976
FD10872	204.625 	 23.422 	 118.830
FD10872	204.750 	 23.422 	 118.822
FD10872	204.875 	 23.423 	 118.944
FD10872	205.000 	 23.426 	 119.003
FD10872	205.125 	 23.432 	 119.020
FD10872	205.250 	 23.434 	 118.937
FD10872	205.375 	 23.439 	 118.834
FD10872	205.500 	 23.444 	 118.844
FD10872	205.625 	 23.448 	 118.871
FD10872	205.750 	 23.459 	 118.838
FD10872	205.875 	 23.468 	 118.853
FD10872	206.000 	 23.476 	 118.874
FD10872	206.125 	 23.490 	 118.892
FD10872	206.250 	 23.506 	 119.022
FD10872	206.375 	 23.518 	 119.196
FD10872	206.500 	 23.539 	 119.239
FD10872	206.625 	 23.560 	 119.217
FD10872	206.750 	 23.581 	 119.201
FD10872	206.875 	 23.604 	 119.243
FD10872	207.000 	 23.631 	 119.295
FD10872	207.125 	 23.658 	 119.337
FD10872	207.250 	 23.683 	 119.366
FD10872	207.375 	 23.711 	 119.317
FD10872	207.500 	 23.744 	 119.303
FD10872	207.625 	 23.772 	 119.319
FD10872	207.750 	 23.800 	 119.325
FD10872	207.875 	 23.837 	 119.327
FD10872	208.000 	 23.867 	 119.357
FD10872	208.125 	 23.896 	 119.402
FD10872	208.250 	 23.926 	 119.439
FD10872	208.375 	 23.952 	 119.438
FD10872	208.500 	 23.982 	 119.414
FD10872	208.625 	 24.010 	 119.457
FD10872	208.750 	 24.040 	 119.505
FD10872	208.875 	 24.064 	 119.431
FD10872	209.000 	 24.090 	 119.338
FD10872	209.125 	 24.116 	 119.366
FD10872	209.250 	 24.145 	 119.468
FD10872	209.375 	 24.168 	 119.548
FD10872	209.500 	 24.191 	 119.623
FD10872	209.625 	 24.216 	 119.665
FD10872	209.750 	 24.237 	 119.628
FD10872	209.875 	 24.261 	 119.646
FD10872	210.000 	 24.278 	 119.640
FD10872	210.125 	 24.299 	 119.660
FD10872	210.250 	 24.317 	 119.772
FD10872	210.375 	 24.332 	 119.852
FD10872	210.500 	 24.352 	 119.857
FD10872	210.625 	 24.368 	 119.813
FD10872	210.750 	 24.383 	 119.846
FD10872	210.875 	 24.394 	 119.846
FD10872	211.000 	 24.407 	 119.852
FD10872	211.125 	 24.420 	 119.896
FD10872	211.250 	 24.428 	 120.020
FD10872	211.375 	 24.437 	 120.214
FD10872	211.500 	 24.442 	 120.364
FD10872	211.625 	 24.450 	 120.445
FD10872	211.750 	 24.454 	 120.395
FD10872	211.875 	 24.458 	 120.440
FD10872	212.000 	 24.461 	 120.460
FD10872	212.125 	 24.466 	 120.428
FD10872	212.250 	 24.465 	 120.420
FD10872	212.375 	 24.469 	 120.527
FD10872	212.500 	 24.472 	 120.786
FD10872	212.625 	 24.472 	 120.954
FD10872	212.750 	 24.473 	 121.047
FD10872	212.875 	 24.473 	 121.138
FD10872	213.000 	 24.472 	 121.110
FD10872	213.125 	 24.473 	 120.958
FD10872	213.250 	 24.473 	 120.998
FD10872	213.375 	 24.475 	 121.037
FD10872	213.500 	 24.477 	 120.940
FD10872	213.625 	 24.481 	 120.847
FD10872	213.750 	 24.482 	 120.741
FD10872	213.875 	 24.487 	 120.710
FD10872	214.000 	 24.493 	 120.669
FD10872	214.125 	 24.500 	 120.604
FD10872	214.250 	 24.506 	 120.565
FD10872	214.375 	 24.512 	 120.577
FD10872	214.500 	 24.523 	 120.615
FD10872	214.625 	 24.534 	 120.676
FD10872	214.750 	 24.545 	 120.731
FD10872	214.875 	 24.557 	 120.714
FD10872	215.000 	 24.573 	 120.730
FD10872	215.125 	 24.588 	 120.701
FD10872	215.250 	 24.602 	 120.559
FD10872	215.375 	 24.621 	 120.519
FD10872	215.500 	 24.638 	 120.575
FD10872	215.625 	 24.657 	 120.529
FD10872	215.750 	 24.672 	 120.453
FD10872	215.875 	 24.686 	 120.451
FD10872	216.000 	 24.706 	 120.430
FD10872	216.125 	 24.721 	 120.399
FD10872	216.250 	 24.732 	 120.435
FD10872	216.375 	 24.749 	 120.358
FD10872	216.500 	 24.758 	 120.267
FD10872	216.625 	 24.765 	 120.234
FD10872	216.750 	 24.773 	 120.222
FD10872	216.875 	 24.777 	 120.275
FD10872	217.000 	 24.781 	 120.302
FD10872	217.125 	 24.786 	 120.308
FD10872	217.250 	 24.792 	 120.295
FD10872	217.375 	 24.798 	 120.164
FD10872	217.500 	 24.812 	 120.112
FD10872	217.625 	 24.820 	 120.088
FD10872	217.750 	 24.835 	 119.978
FD10872	217.875 	 24.845 	 120.032
FD10872	218.000 	 24.855 	 120.214
FD10872	218.125 	 24.863 	 120.287
FD10872	218.250 	 24.870 	 120.085
FD10872	218.375 	 24.874 	 119.902
FD10872	218.500 	 24.880 	 119.955
FD10872	218.625 	 24.886 	 119.888
FD10872	218.750 	 24.895 	 119.777
FD10872	218.875 	 24.903 	 119.716
FD10872	219.000 	 24.911 	 119.609
FD10872	219.125 	 24.923 	 119.660
FD10872	219.250 	 24.929 	 119.722
FD10872	219.375 	 24.940 	 119.840
FD10872	219.500 	 24.948 	 119.930
FD10872	219.625 	 24.958 	 119.936
FD10872	219.750 	 24.971 	 120.213
FD10872	219.875 	 24.985 	 120.304
FD10872	220.000 	 24.993 	 120.223
FD10872	220.125 	 25.002 	 120.255
FD10872	220.250 	 25.011 	 120.301
FD10872	220.375 	 25.013 	 120.470
FD10872	220.500 	 25.014 	 120.583
FD10872	220.625 	 25.016 	 120.498
FD10872	220.750 	 25.015 	 120.388
FD10872	220.875 	 25.017 	 120.344
FD10872	221.000 	 25.010 	 120.385
FD10872	221.125 	 25.007 	 120.386
FD10872	221.250 	 24.996 	 120.213
FD10872	221.375 	 24.985 	 120.146
FD10872	221.500 	 24.973 	 120.155
FD10872	221.625 	 24.960 	 120.194
FD10872	221.750 	 24.957 	 120.334
FD10872	221.875 	 24.958 	 120.354
FD10872	222.000 	 24.958 	 120.207
FD10872	222.125 	 24.963 	 120.281
FD10872	222.250 	 24.971 	 120.415
FD10872	222.375 	 24.970 	 120.333
FD10872	222.500 	 24.973 	 120.239
FD10872	222.625 	 24.973 	 120.296
FD10872	222.750 	 24.971 	 120.369
FD10872	222.875 	 24.969 	 120.336
FD10872	223.000 	 24.964 	 120.399
FD10872	223.125 	 24.960 	 120.617
FD10872	223.250 	 24.956 	 120.813
FD10872	223.375 	 24.953 	 120.726
FD10872	223.500 	 24.946 	 120.567
FD10872	223.625 	 24.944 	 120.497
FD10872	223.750 	 24.941 	 120.393
FD10872	223.875 	 24.941 	 120.384
FD10872	224.000 	 24.940 	 120.421
FD10872	224.125 	 24.943 	 120.399
FD10872	224.250 	 24.944 	 120.387
FD10872	224.375 	 24.949 	 120.331
FD10872	224.500 	 24.949 	 120.290
FD10872	224.625 	 24.955 	 120.143
FD10872	224.750 	 24.959 	 119.995
FD10872	224.875 	 24.961 	 120.047
FD10872	225.000 	 24.966 	 120.075
FD10872	225.125 	 24.965 	 120.043
FD10872	225.250 	 24.969 	 120.028
FD10872	225.375 	 24.968 	 120.089
FD10872	225.500 	 24.972 	 120.126
FD10872	225.625 	 24.973 	 120.114
FD10872	225.750 	 24.974 	 120.153
FD10872	225.875 	 24.973 	 120.181
FD10872	226.000 	 24.973 	 120.231
FD10872	226.125 	 24.973 	 120.328
FD10872	226.250 	 24.972 	 120.358
FD10872	226.375 	 24.967 	 120.453
FD10872	226.500 	 24.969 	 120.564
FD10872	226.625 	 24.965 	 120.551
FD10872	226.750 	 24.967 	 120.481
FD10872	226.875 	 24.966 	 120.447
FD10872	227.000 	 24.969 	 120.431
FD10872	227.125 	 24.966 	 120.392
FD10872	227.250 	 24.972 	 120.341
FD10872	227.375 	 24.974 	 120.389
FD10872	227.500 	 24.974 	 120.374
FD10872	227.625 	 24.977 	 120.386
FD10872	227.750 	 24.981 	 120.383
FD10872	227.875 	 24.980 	 120.295
FD10872	228.000 	 24.981 	 120.232
FD10872	228.125 	 24.990 	 120.051
FD10872	228.250 	 24.994 	 119.954
FD10872	228.375 	 25.001 	 119.892
FD10872	228.500 	 25.009 	 119.809
FD10872	228.625 	 25.019 	 119.782
FD10872	228.750 	 25.028 	 119.774
FD10872	228.875 	 25.040 	 119.802
FD10872	229.000 	 25.053 	 119.771
FD10872	229.125 	 25.065 	 119.791
FD10872	229.250 	 25.079 	 119.812
FD10872	229.375 	 25.098 	 119.669
FD10872	229.500 	 25.111 	 119.753
FD10872	229.625 	 25.126 	 119.810
FD10872	229.750 	 25.142 	 119.915
FD10872	229.875 	 25.161 	 119.942
FD10872	230.000 	 25.174 	 119.887
FD10872	230.125 	 25.183 	 120.009
FD10872	230.250 	 25.200 	 120.040
FD10872	230.375 	 25.208 	 120.046
FD10872	230.500 	 25.217 	 120.095
FD10872	230.625 	 25.221 	 120.157
FD10872	230.750 	 25.223 	 120.101
FD10872	230.875 	 25.224 	 120.039
FD10872	231.000 	 25.223 	 119.868
FD10872	231.125 	 25.221 	 119.688
FD10872	231.250 	 25.218 	 119.766
FD10872	231.375 	 25.211 	 119.737
FD10872	231.500 	 25.206 	 119.484
FD10872	231.625 	 25.202 	 119.405
FD10872	231.750 	 25.194 	 119.434
FD10872	231.875 	 25.189 	 119.453
FD10872	232.000 	 25.185 	 119.450
FD10872	232.125 	 25.179 	 119.387
FD10872	232.250 	 25.179 	 119.388
FD10872	232.375 	 25.168 	 119.433
FD10872	232.500 	 25.170 	 119.317
FD10872	232.625 	 25.170 	 119.300
FD10872	232.750 	 25.167 	 119.374
FD10872	232.875 	 25.167 	 119.392
FD10872	233.000 	 25.171 	 119.510
FD10872	233.125 	 25.174 	 119.570
FD10872	233.250 	 25.181 	 119.549
FD10872	233.375 	 25.186 	 119.495
FD10872	233.500 	 25.194 	 119.434
FD10872	233.625 	 25.204 	 119.366
FD10872	233.750 	 25.214 	 119.343
FD10872	233.875 	 25.228 	 119.324
FD10872	234.000 	 25.238 	 119.324
FD10872	234.125 	 25.248 	 119.246
FD10872	234.250 	 25.258 	 119.170
FD10872	234.375 	 25.270 	 119.204
FD10872	234.500 	 25.281 	 119.291
FD10872	234.625 	 25.289 	 119.271
FD10872	234.750 	 25.298 	 119.187
FD10872	234.875 	 25.305 	 119.127
FD10872	235.000 	 25.308 	 119.141
FD10872	235.125 	 25.312 	 119.212
FD10872	235.250 	 25.318 	 119.133
FD10872	235.375 	 25.322 	 119.094
FD10872	235.500 	 25.328 	 119.142
FD10872	235.625 	 25.329 	 119.192
FD10872	235.750 	 25.333 	 119.220
FD10872	235.875 	 25.336 	 119.393
FD10872	236.000 	 25.335 	 119.525
FD10872	236.125 	 25.338 	 119.601
FD10872	236.250 	 25.339 	 119.684
FD10872	236.375 	 25.346 	 119.584
FD10872	236.500 	 25.349 	 119.388
FD10872	236.625 	 25.351 	 119.324
FD10872	236.750 	 25.359 	 119.279
FD10872	236.875 	 25.357 	 119.151
FD10872	237.000 	 25.363 	 119.175
FD10872	237.125 	 25.359 	 119.186
FD10872	237.250 	 25.362 	 119.144
FD10872	237.375 	 25.360 	 119.184
FD10872	237.500 	 25.359 	 119.171
FD10872	237.625 	 25.363 	 119.012
FD10872	237.750 	 25.364 	 118.944
FD10872	237.875 	 25.362 	 119.098
FD10872	238.000 	 25.369 	 119.101
FD10872	238.125 	 25.372 	 119.064
FD10872	238.250 	 25.382 	 119.133
FD10872	238.375 	 25.398 	 119.190
FD10872	238.500 	 25.408 	 119.194
FD10872	238.625 	 25.428 	 119.262
FD10872	238.750 	 25.441 	 119.360
FD10872	238.875 	 25.463 	 119.575
FD10872	239.000 	 25.478 	 119.810
FD10872	239.125 	 25.491 	 120.054
FD10872	239.250 	 25.510 	 120.339
FD10872	239.375 	 25.524 	 120.399
FD10872	239.500 	 25.542 	 120.306
FD10872	239.625 	 25.557 	 120.292
FD10872	239.750 	 25.574 	 120.486
FD10872	239.875 	 25.585 	 120.583
FD10872	240.000 	 25.597 	 120.603
FD10872	240.125 	 25.600 	 120.658
FD10872	240.250 	 25.607 	 120.634
FD10872	240.375 	 25.610 	 120.733
FD10872	240.500 	 25.613 	 120.836
FD10872	240.625 	 25.616 	 120.926
FD10872	240.750 	 25.620 	 121.067
FD10872	240.875 	 25.623 	 121.114
FD10872	241.000 	 25.620 	 121.156
FD10872	241.125 	 25.618 	 121.338
FD10872	241.250 	 25.605 	 121.563
FD10872	241.375 	 25.594 	 121.624
FD10872	241.500 	 25.578 	 121.781
FD10872	241.625 	 25.556 	 122.113
FD10872	241.750 	 25.541 	 122.219
FD10872	241.875 	 25.518 	 122.256
FD10872	242.000 	 25.500 	 122.232
FD10872	242.125 	 25.482 	 122.103
FD10872	242.250 	 25.468 	 122.164
FD10872	242.375 	 25.462 	 122.279
FD10872	242.500 	 25.453 	 122.275
FD10872	242.625 	 25.452 	 122.286
FD10872	242.750 	 25.453 	 122.290
FD10872	242.875 	 25.456 	 122.289
FD10872	243.000 	 25.462 	 122.293
FD10872	243.125 	 25.465 	 122.289
FD10872	243.250 	 25.467 	 122.296
FD10872	243.375 	 25.468 	 122.303
FD10872	243.500 	 25.469 	 122.312
FD10872	243.625 	 25.471 	 122.313
FD10872	243.750 	 25.469 	 122.321
FD10872	243.875 	 25.474 	 122.328
FD10872	244.000 	 25.471 	 122.322
FD10872	244.125 	 25.470 	 122.339
FD10872	244.250 	 25.471 	 122.342
FD10872	244.375 	 25.473 	 122.348
FD10872	244.500 	 25.470 	 122.357
FD10872	244.625 	 25.470 	 122.357
FD10872	244.750 	 25.470 	 122.357
FD10872	244.875 	 25.473 	 122.363
FD10872	245.000 	 25.470 	 122.357
FD10872	245.125 	 25.470 	 122.357
FD10872	245.250 	 25.471 	 122.361
FD10872	245.375 	 25.472 	 122.359
FD10872	245.500 	 25.470 	 122.357
FD10872	245.625 	 25.471 	 122.361
FD10872	245.750 	 25.469 	 122.359
FD10872	245.875 	 25.474 	 122.361
FD10872	246.000 	 25.470 	 122.357
FD10872	246.125 	 25.469 	 122.359
FD10872	246.250 	 25.471 	 122.361
FD10872	246.375 	 25.470 	 122.357
FD10872	246.500 	 25.472 	 122.359
FD10872	246.625 	 25.471 	 122.361
FD10872	246.750 	 25.470 	 122.357
FD10872	246.875 	 25.469 	 122.359
FD10872	247.000 	 25.474 	 122.361
FD10872	247.125 	 25.470 	 122.357
FD10872	247.250 	 25.470 	 122.392
FD10872	247.375 	 25.470 	 122.425
FD10872	247.500 	 25.474 	 122.428
FD10872	247.625 	 25.470 	 122.425
FD10872	247.750 	 25.470 	 122.425
FD10872	247.875 	 25.470 	 122.425
FD10872	248.000 	 25.473 	 122.425
FD10872	248.125 	 25.470 	 122.425
FD10872	248.250 	 25.470 	 122.425
FD10872	248.375 	 25.470 	 122.425
FD10872	248.500 	 25.473 	 122.425
FD10872	248.625 	 25.470 	 122.425
FD10872	248.750 	 25.470 	 122.425
FD10872	248.875 	 25.470 	 122.425
FD10872	249.000 	 25.470 	 122.425
FD10872	249.125 	 25.473 	 122.425
FD10872	249.250 	 25.471 	 122.428
FD10872	249.375 	 25.470 	 122.425
FD10872	249.500 	 25.470 	 122.425
FD10872	249.625 	 25.473 	 122.425
FD10872	249.750 	 25.470 	 122.425
FD10872	249.875 	 25.470 	 122.425
FD10872	250.000 	 25.470 	 122.425
FD10872	250.125 	 25.473 	 122.425
FD10872	250.250 	 25.470 	 122.425
FD10872	250.375 	 25.470 	 122.425
FD10872	250.500 	 25.470 	 122.425
FD10872	250.625 	 25.473 	 122.425
FD10872	250.750 	 25.470 	 122.425
FD10872	250.875 	 25.471 	 122.428
FD10872	251.000 	 25.470 	 122.425
FD10872	251.125 	 25.470 	 122.425
FD10872	251.250 	 25.473 	 122.425
FD10872	251.375 	 25.470 	 122.425
FD10872	251.500 	 25.470 	 122.425
FD10872	251.625 	 25.470 	 122.425
FD10872	251.750 	 25.473 	 122.425
FD10872	251.875 	 25.470 	 122.425
FD10872	252.000 	 25.470 	 122.425
FD10872	252.125 	 25.470 	 122.425
FD10872	252.250 	 25.473 	 122.425
FD10872	252.375 	 25.470 	 122.425
FD10872	252.500 	 25.470 	 122.425
FD10872	252.625 	 25.471 	 122.428
FD10872	252.750 	 25.473 	 122.425
FD10872	252.875 	 25.469 	 122.427
FD10872	253.000 	 25.470 	 122.425
FD10872	253.125 	 25.470 	 122.425
FD10872	253.250 	 25.473 	 122.425
FD10872	253.375 	 25.470 	 122.425
FD10872	253.500 	 25.470 	 122.425
FD10872	253.625 	 25.470 	 122.425
FD10872	253.750 	 25.470 	 122.425
FD10872	253.875 	 25.473 	 122.425
FD10872	254.000 	 25.470 	 122.425
FD10872	254.125 	 25.470 	 122.425
FD10872	254.250 	 25.470 	 122.425
FD10872	254.375 	 25.474 	 122.428
FD10872	254.500 	 25.470 	 122.425
FD10872	254.625 	 25.470 	 122.425
FD10872	254.750 	 25.470 	 122.425
FD10872	254.875 	 25.473 	 122.425
FD10872	255.000 	 25.470 	 122.425
FD10872	255.125 	 25.470 	 122.425
FD10872	255.250 	 25.470 	 122.425
FD10872	255.375 	 25.473 	 122.425
FD10872	255.500 	 25.470 	 122.425
FD10872	255.625 	 25.470 	 122.425
FD10872	255.750 	 25.470 	 122.425
FD10872	255.875 	 25.473 	 122.425
FD10872	256.000 	 25.470 	 122.425
FD10872	256.125 	 25.471 	 122.428
FD10872	256.250 	 25.470 	 122.425
FD10872	256.375 	 25.470 	 122.425
FD10872	256.500 	 25.473 	 122.425
FD10872	256.625 	 25.470 	 122.425
FD10872	256.750 	 25.470 	 122.425
FD10872	256.875 	 25.470 	 122.425
FD10872	257.000 	 25.473 	 122.425
FD10872	257.125 	 0.000 	 90.000
FD10872	257.250 	 0.000 	 90.000
FD10872	257.375 	 0.000 	 90.000
FD10872	257.500 	 0.000 	 90.000
FD10872	257.625 	 0.000 	 90.000
FD10872	257.750 	 0.000 	 90.000
FD10872	257.875 	 0.000 	 90.000
FD10872	258.000 	 0.000 	 90.000
FD10872	258.125 	 0.000 	 90.000
FD10872	258.250 	 0.000 	 90.000
FD10872	258.375 	 0.000 	 90.000
FD10872	258.500 	 0.000 	 90.000
FD10872	258.625 	 0.000 	 90.000
FD10872	258.750 	 0.000 	 90.000
FD10872	258.875 	 0.000 	 90.000
FD10872	259.000 	 0.000 	 90.000
FD10872	259.125 	 0.000 	 90.000
FD10872	259.250 	 0.000 	 90.000
FD10872	259.375 	 0.000 	 90.000
FD10872	259.500 	 0.000 	 90.000
FD10872	259.625 	 0.000 	 90.000
FD10872	259.750 	 0.000 	 90.000
FD10872	259.875 	 0.000 	 90.000
FD10872	260.000 	 0.000 	 90.000
FD10872	260.125 	 0.000 	 90.000
FD10872	260.250 	 0.000 	 90.000
FD10872	260.375 	 0.000 	 90.000
FD10872	260.500 	 0.000 	 90.000
FD10872	260.625 	 0.000 	 90.000
FD10872	260.750 	 0.000 	 90.000
FD10872	260.875 	 0.000 	 90.000
FD10872	261.000 	 0.000 	 90.000
FD10872	261.125 	 0.000 	 90.000
FD10872	261.250 	 0.000 	 90.000
FD10872	261.375 	 0.000 	 90.000
FD10872	261.500 	 0.000 	 90.000
FD10872	261.625 	 0.000 	 90.000
FD10872	261.750 	 0.000 	 90.000
FD10872	261.875 	 0.000 	 90.000
FD10872	262.000 	 0.000 	 90.000
FD10872	262.125 	 0.000 	 90.000
FD10872	262.250 	 0.000 	 90.000
FD10872	262.375 	 0.000 	 90.000
FD10872	262.500 	 0.000 	 90.000
FD10872	262.625 	 0.000 	 90.000
FD10872	262.750 	 0.000 	 90.000
FD10872	262.875 	 0.000 	 90.000
FD10872	263.000 	 0.000 	 90.000
FD10872	263.125 	 0.000 	 90.000
FD10872	263.250 	 0.000 	 90.000
FD10872	263.375 	 0.000 	 90.000
FD10872	263.500 	 0.000 	 90.000
FD10872	263.625 	 0.000 	 90.000
FD10872	263.750 	 0.000 	 90.000
FD10872	263.875 	 0.000 	 90.000
FD10872	264.000 	 0.000 	 90.000
FD10872	264.125 	 0.000 	 90.000
FD10872	264.250 	 0.000 	 90.000
FD10872	264.375 	 0.000 	 90.000
FD10872	264.500 	 0.000 	 90.000
FD10872	264.625 	 0.000 	 90.000
FD10872	264.750 	 0.000 	 90.000
FD10872	264.875 	 0.000 	 90.000
FD10872	265.000 	 0.000 	 90.000
FD10872	265.125 	 0.000 	 90.000
FD10872	265.250 	 0.000 	 90.000
FD10872	265.375 	 0.000 	 90.000
FD10872	265.500 	 0.000 	 90.000
FD10872	265.625 	 0.000 	 90.000
FD10872	265.750 	 0.000 	 90.000
FD10872	265.875 	 0.000 	 90.000
FD10872	266.000 	 0.000 	 90.000
FD10872	266.125 	 0.000 	 90.000
FD10872	266.250 	 0.000 	 90.000
FD10872	266.375 	 0.000 	 90.000
FD10872	266.500 	 0.000 	 90.000
FD10872	266.625 	 0.000 	 90.000
FD10872	266.750 	 0.000 	 90.000
FD10872	266.875 	 0.000 	 90.000
FD10872	267.000 	 0.000 	 90.000
