#WellName	 Depth.M	 INCL	 AZIM 
WellName	 Depth.M	 INCL	 AZIM 
FD10869	0.000 	 0.000 	 0.000
FD10869	0.125 	 0.000 	 90.000
FD10869	0.250 	 0.000 	 90.000
FD10869	0.375 	 0.000 	 90.000
FD10869	0.500 	 0.000 	 90.000
FD10869	0.625 	 0.000 	 90.000
FD10869	0.750 	 0.000 	 90.000
FD10869	0.875 	 0.000 	 90.000
FD10869	1.000 	 0.000 	 90.000
FD10869	1.125 	 0.000 	 90.000
FD10869	1.250 	 0.000 	 90.000
FD10869	1.375 	 0.000 	 90.000
FD10869	1.500 	 0.000 	 90.000
FD10869	1.625 	 0.000 	 90.000
FD10869	1.750 	 0.000 	 90.000
FD10869	1.875 	 0.000 	 90.000
FD10869	2.000 	 0.000 	 90.000
FD10869	2.125 	 0.000 	 90.000
FD10869	2.250 	 0.000 	 90.000
FD10869	2.375 	 0.000 	 90.000
FD10869	2.500 	 0.000 	 90.000
FD10869	2.625 	 0.000 	 90.000
FD10869	2.750 	 0.000 	 90.000
FD10869	2.875 	 0.000 	 90.000
FD10869	3.000 	 0.000 	 90.000
FD10869	3.125 	 0.000 	 90.000
FD10869	3.250 	 0.000 	 90.000
FD10869	3.375 	 0.000 	 90.000
FD10869	3.500 	 0.000 	 90.000
FD10869	3.625 	 0.000 	 90.000
FD10869	3.750 	 0.000 	 90.000
FD10869	3.875 	 0.000 	 90.000
FD10869	4.000 	 0.000 	 90.000
FD10869	4.125 	 0.000 	 90.000
FD10869	4.250 	 0.000 	 90.000
FD10869	4.375 	 0.000 	 90.000
FD10869	4.500 	 0.000 	 90.000
FD10869	4.625 	 0.000 	 90.000
FD10869	4.750 	 0.000 	 90.000
FD10869	4.875 	 0.000 	 90.000
FD10869	5.000 	 0.000 	 90.000
FD10869	5.125 	 0.000 	 90.000
FD10869	5.250 	 0.000 	 90.000
FD10869	5.375 	 0.000 	 90.000
FD10869	5.500 	 0.000 	 90.000
FD10869	5.625 	 0.000 	 90.000
FD10869	5.750 	 0.000 	 90.000
FD10869	5.875 	 0.000 	 90.000
FD10869	6.000 	 0.000 	 90.000
FD10869	6.125 	 0.000 	 90.000
FD10869	6.250 	 0.000 	 90.000
FD10869	6.375 	 0.000 	 90.000
FD10869	6.500 	 0.000 	 90.000
FD10869	6.625 	 0.000 	 90.000
FD10869	6.750 	 0.000 	 90.000
FD10869	6.875 	 0.000 	 90.000
FD10869	7.000 	 0.000 	 90.000
FD10869	7.125 	 0.000 	 90.000
FD10869	7.250 	 0.000 	 90.000
FD10869	7.375 	 0.000 	 90.000
FD10869	7.500 	 0.000 	 90.000
FD10869	7.625 	 0.000 	 90.000
FD10869	7.750 	 0.000 	 90.000
FD10869	7.875 	 0.000 	 90.000
FD10869	8.000 	 0.000 	 90.000
FD10869	8.125 	 0.000 	 90.000
FD10869	8.250 	 0.000 	 90.000
FD10869	8.375 	 0.000 	 90.000
FD10869	8.500 	 0.000 	 90.000
FD10869	8.625 	 0.000 	 90.000
FD10869	8.750 	 0.000 	 90.000
FD10869	8.875 	 0.000 	 90.000
FD10869	9.000 	 0.000 	 90.000
FD10869	9.125 	 0.000 	 90.000
FD10869	9.250 	 0.000 	 90.000
FD10869	9.375 	 0.000 	 90.000
FD10869	9.500 	 0.000 	 90.000
FD10869	9.625 	 0.000 	 90.000
FD10869	9.750 	 0.000 	 90.000
FD10869	9.875 	 0.000 	 90.000
FD10869	10.000 	 0.000 	 90.000
FD10869	10.125 	 0.000 	 90.000
FD10869	10.250 	 0.000 	 90.000
FD10869	10.375 	 0.000 	 90.000
FD10869	10.500 	 0.000 	 90.000
FD10869	10.625 	 0.000 	 90.000
FD10869	10.750 	 0.000 	 90.000
FD10869	10.875 	 0.000 	 90.000
FD10869	11.000 	 0.000 	 90.000
FD10869	11.125 	 0.000 	 90.000
FD10869	11.250 	 0.000 	 90.000
FD10869	11.375 	 0.000 	 90.000
FD10869	11.500 	 0.000 	 90.000
FD10869	11.625 	 0.000 	 90.000
FD10869	11.750 	 0.000 	 90.000
FD10869	11.875 	 0.000 	 90.000
FD10869	12.000 	 0.000 	 90.000
FD10869	12.125 	 0.000 	 90.000
FD10869	12.250 	 0.000 	 90.000
FD10869	12.375 	 0.000 	 90.000
FD10869	12.500 	 0.000 	 90.000
FD10869	12.625 	 0.000 	 90.000
FD10869	12.750 	 0.000 	 90.000
FD10869	12.875 	 0.000 	 90.000
FD10869	13.000 	 0.000 	 90.000
FD10869	13.125 	 0.000 	 90.000
FD10869	13.250 	 0.000 	 90.000
FD10869	13.375 	 0.000 	 90.000
FD10869	13.500 	 0.000 	 90.000
FD10869	13.625 	 0.000 	 90.000
FD10869	13.750 	 0.000 	 90.000
FD10869	13.875 	 0.000 	 90.000
FD10869	14.000 	 0.000 	 90.000
FD10869	14.125 	 0.000 	 90.000
FD10869	14.250 	 0.000 	 90.000
FD10869	14.375 	 0.000 	 90.000
FD10869	14.500 	 0.000 	 90.000
FD10869	14.625 	 0.000 	 90.000
FD10869	14.750 	 0.000 	 90.000
FD10869	14.875 	 0.000 	 90.000
FD10869	15.000 	 0.000 	 90.000
FD10869	15.125 	 0.000 	 90.000
FD10869	15.250 	 0.000 	 90.000
FD10869	15.375 	 0.000 	 90.000
FD10869	15.500 	 0.000 	 90.000
FD10869	15.625 	 0.000 	 90.000
FD10869	15.750 	 0.000 	 90.000
FD10869	15.875 	 0.000 	 90.000
FD10869	16.000 	 0.000 	 90.000
FD10869	16.125 	 0.000 	 90.000
FD10869	16.250 	 0.000 	 90.000
FD10869	16.375 	 0.000 	 90.000
FD10869	16.500 	 0.000 	 90.000
FD10869	16.625 	 0.000 	 90.000
FD10869	16.750 	 0.000 	 90.000
FD10869	16.875 	 0.000 	 90.000
FD10869	17.000 	 0.000 	 90.000
FD10869	17.125 	 0.000 	 90.000
FD10869	17.250 	 0.000 	 90.000
FD10869	17.375 	 0.000 	 90.000
FD10869	17.500 	 0.000 	 90.000
FD10869	17.625 	 0.000 	 90.000
FD10869	17.750 	 0.000 	 90.000
FD10869	17.875 	 0.000 	 90.000
FD10869	18.000 	 0.000 	 90.000
FD10869	18.125 	 0.000 	 90.000
FD10869	18.250 	 0.000 	 90.000
FD10869	18.375 	 0.000 	 90.000
FD10869	18.500 	 0.000 	 90.000
FD10869	18.625 	 0.000 	 90.000
FD10869	18.750 	 0.000 	 90.000
FD10869	18.875 	 0.000 	 90.000
FD10869	19.000 	 0.000 	 90.000
FD10869	19.125 	 0.000 	 90.000
FD10869	19.250 	 0.000 	 90.000
FD10869	19.375 	 0.000 	 90.000
FD10869	19.500 	 0.000 	 90.000
FD10869	19.625 	 0.000 	 90.000
FD10869	19.750 	 0.000 	 90.000
FD10869	19.875 	 0.000 	 90.000
FD10869	20.000 	 0.000 	 90.000
FD10869	20.125 	 0.000 	 90.000
FD10869	20.250 	 0.000 	 90.000
FD10869	20.375 	 0.000 	 90.000
FD10869	20.500 	 0.000 	 90.000
FD10869	20.625 	 0.000 	 90.000
FD10869	20.750 	 0.000 	 90.000
FD10869	20.875 	 0.000 	 90.000
FD10869	21.000 	 0.000 	 90.000
FD10869	21.125 	 0.000 	 90.000
FD10869	21.250 	 0.000 	 90.000
FD10869	21.375 	 0.000 	 90.000
FD10869	21.500 	 0.000 	 90.000
FD10869	21.625 	 0.000 	 90.000
FD10869	21.750 	 0.000 	 90.000
FD10869	21.875 	 0.000 	 90.000
FD10869	22.000 	 0.000 	 90.000
FD10869	22.125 	 0.000 	 90.000
FD10869	22.250 	 0.000 	 90.000
FD10869	22.375 	 0.000 	 90.000
FD10869	22.500 	 0.000 	 90.000
FD10869	22.625 	 0.000 	 90.000
FD10869	22.750 	 0.000 	 90.000
FD10869	22.875 	 0.000 	 90.000
FD10869	23.000 	 0.000 	 90.000
FD10869	23.125 	 0.000 	 90.000
FD10869	23.250 	 0.000 	 90.000
FD10869	23.375 	 0.000 	 90.000
FD10869	23.500 	 0.000 	 90.000
FD10869	23.625 	 0.000 	 90.000
FD10869	23.750 	 0.000 	 90.000
FD10869	23.875 	 0.000 	 90.000
FD10869	24.000 	 0.000 	 90.000
FD10869	24.125 	 0.000 	 90.000
FD10869	24.250 	 0.000 	 90.000
FD10869	24.375 	 0.000 	 90.000
FD10869	24.500 	 0.000 	 90.000
FD10869	24.625 	 0.000 	 90.000
FD10869	24.750 	 0.000 	 90.000
FD10869	24.875 	 0.000 	 90.000
FD10869	25.000 	 0.000 	 90.000
FD10869	25.125 	 0.000 	 90.000
FD10869	25.250 	 0.000 	 90.000
FD10869	25.375 	 0.000 	 90.000
FD10869	25.500 	 0.000 	 90.000
FD10869	25.625 	 0.000 	 90.000
FD10869	25.750 	 0.000 	 90.000
FD10869	25.875 	 0.000 	 90.000
FD10869	26.000 	 0.000 	 90.000
FD10869	26.125 	 0.000 	 90.000
FD10869	26.250 	 0.000 	 90.000
FD10869	26.375 	 0.000 	 90.000
FD10869	26.500 	 0.000 	 90.000
FD10869	26.625 	 0.000 	 90.000
FD10869	26.750 	 0.000 	 90.000
FD10869	26.875 	 0.000 	 90.000
FD10869	27.000 	 0.000 	 90.000
FD10869	27.125 	 0.000 	 90.000
FD10869	27.250 	 0.000 	 90.000
FD10869	27.375 	 0.000 	 90.000
FD10869	27.500 	 0.000 	 90.000
FD10869	27.625 	 0.000 	 90.000
FD10869	27.750 	 0.000 	 90.000
FD10869	27.875 	 0.000 	 90.000
FD10869	28.000 	 0.000 	 90.000
FD10869	28.125 	 0.000 	 90.000
FD10869	28.250 	 0.000 	 90.000
FD10869	28.375 	 0.000 	 90.000
FD10869	28.500 	 0.000 	 90.000
FD10869	28.625 	 0.000 	 90.000
FD10869	28.750 	 0.000 	 90.000
FD10869	28.875 	 0.000 	 90.000
FD10869	29.000 	 0.000 	 90.000
FD10869	29.125 	 0.000 	 90.000
FD10869	29.250 	 0.000 	 90.000
FD10869	29.375 	 0.000 	 90.000
FD10869	29.500 	 0.000 	 90.000
FD10869	29.625 	 0.000 	 90.000
FD10869	29.750 	 0.000 	 90.000
FD10869	29.875 	 0.000 	 90.000
FD10869	30.000 	 0.000 	 90.000
FD10869	30.125 	 0.000 	 90.000
FD10869	30.250 	 0.000 	 90.000
FD10869	30.375 	 0.000 	 90.000
FD10869	30.500 	 0.000 	 90.000
FD10869	30.625 	 0.000 	 90.000
FD10869	30.750 	 0.000 	 90.000
FD10869	30.875 	 0.000 	 90.000
FD10869	31.000 	 0.000 	 90.000
FD10869	31.125 	 0.000 	 90.000
FD10869	31.250 	 0.000 	 90.000
FD10869	31.375 	 0.000 	 90.000
FD10869	31.500 	 0.000 	 90.000
FD10869	31.625 	 0.000 	 90.000
FD10869	31.750 	 0.000 	 90.000
FD10869	31.875 	 0.000 	 90.000
FD10869	32.000 	 0.000 	 90.000
FD10869	32.125 	 0.000 	 90.000
FD10869	32.250 	 0.000 	 90.000
FD10869	32.375 	 0.000 	 90.000
FD10869	32.500 	 0.000 	 90.000
FD10869	32.625 	 0.000 	 90.000
FD10869	32.750 	 0.000 	 90.000
FD10869	32.875 	 0.000 	 90.000
FD10869	33.000 	 0.000 	 90.000
FD10869	33.125 	 0.000 	 90.000
FD10869	33.250 	 0.000 	 90.000
FD10869	33.375 	 0.000 	 90.000
FD10869	33.500 	 0.000 	 90.000
FD10869	33.625 	 0.000 	 90.000
FD10869	33.750 	 0.000 	 90.000
FD10869	33.875 	 0.000 	 90.000
FD10869	34.000 	 0.000 	 90.000
FD10869	34.125 	 0.000 	 90.000
FD10869	34.250 	 0.000 	 90.000
FD10869	34.375 	 0.000 	 90.000
FD10869	34.500 	 0.000 	 90.000
FD10869	34.625 	 0.000 	 90.000
FD10869	34.750 	 0.000 	 90.000
FD10869	34.875 	 0.000 	 90.000
FD10869	35.000 	 0.000 	 90.000
FD10869	35.125 	 0.000 	 90.000
FD10869	35.250 	 0.000 	 90.000
FD10869	35.375 	 0.000 	 90.000
FD10869	35.500 	 0.000 	 90.000
FD10869	35.625 	 0.000 	 90.000
FD10869	35.750 	 0.000 	 90.000
FD10869	35.875 	 0.000 	 90.000
FD10869	36.000 	 0.000 	 90.000
FD10869	36.125 	 0.000 	 90.000
FD10869	36.250 	 0.000 	 90.000
FD10869	36.375 	 0.000 	 90.000
FD10869	36.500 	 0.000 	 90.000
FD10869	36.625 	 0.000 	 90.000
FD10869	36.750 	 0.000 	 90.000
FD10869	36.875 	 0.000 	 90.000
FD10869	37.000 	 0.000 	 90.000
FD10869	37.125 	 0.000 	 90.000
FD10869	37.250 	 0.000 	 90.000
FD10869	37.375 	 0.000 	 90.000
FD10869	37.500 	 0.000 	 90.000
FD10869	37.625 	 0.000 	 90.000
FD10869	37.750 	 0.000 	 90.000
FD10869	37.875 	 0.000 	 90.000
FD10869	38.000 	 0.000 	 90.000
FD10869	38.125 	 0.000 	 90.000
FD10869	38.250 	 0.000 	 90.000
FD10869	38.375 	 0.000 	 90.000
FD10869	38.500 	 0.000 	 90.000
FD10869	38.625 	 0.000 	 90.000
FD10869	38.750 	 0.000 	 90.000
FD10869	38.875 	 0.000 	 90.000
FD10869	39.000 	 0.000 	 90.000
FD10869	39.125 	 0.000 	 90.000
FD10869	39.250 	 0.000 	 90.000
FD10869	39.375 	 0.000 	 90.000
FD10869	39.500 	 0.000 	 90.000
FD10869	39.625 	 0.000 	 90.000
FD10869	39.750 	 0.000 	 90.000
FD10869	39.875 	 0.000 	 90.000
FD10869	40.000 	 0.000 	 90.000
FD10869	40.125 	 0.000 	 90.000
FD10869	40.250 	 0.000 	 90.000
FD10869	40.375 	 0.000 	 90.000
FD10869	40.500 	 0.000 	 90.000
FD10869	40.625 	 0.000 	 90.000
FD10869	40.750 	 0.000 	 90.000
FD10869	40.875 	 0.000 	 90.000
FD10869	41.000 	 0.000 	 90.000
FD10869	41.125 	 0.000 	 90.000
FD10869	41.250 	 0.000 	 90.000
FD10869	41.375 	 0.000 	 90.000
FD10869	41.500 	 0.000 	 90.000
FD10869	41.625 	 0.000 	 90.000
FD10869	41.750 	 0.000 	 90.000
FD10869	41.875 	 0.000 	 90.000
FD10869	42.000 	 0.000 	 90.000
FD10869	42.125 	 0.000 	 90.000
FD10869	42.250 	 0.000 	 90.000
FD10869	42.375 	 0.000 	 90.000
FD10869	42.500 	 0.000 	 90.000
FD10869	42.625 	 0.000 	 90.000
FD10869	42.750 	 0.000 	 90.000
FD10869	42.875 	 0.000 	 90.000
FD10869	43.000 	 0.000 	 90.000
FD10869	43.125 	 0.000 	 90.000
FD10869	43.250 	 0.000 	 90.000
FD10869	43.375 	 0.000 	 90.000
FD10869	43.500 	 0.000 	 90.000
FD10869	43.625 	 0.000 	 90.000
FD10869	43.750 	 0.000 	 90.000
FD10869	43.875 	 0.000 	 90.000
FD10869	44.000 	 0.000 	 90.000
FD10869	44.125 	 0.000 	 90.000
FD10869	44.250 	 0.000 	 90.000
FD10869	44.375 	 0.000 	 90.000
FD10869	44.500 	 0.000 	 90.000
FD10869	44.625 	 0.000 	 90.000
FD10869	44.750 	 0.000 	 90.000
FD10869	44.875 	 0.000 	 90.000
FD10869	45.000 	 0.000 	 90.000
FD10869	45.125 	 0.000 	 90.000
FD10869	45.250 	 0.000 	 90.000
FD10869	45.375 	 0.000 	 90.000
FD10869	45.500 	 0.000 	 90.000
FD10869	45.625 	 0.000 	 90.000
FD10869	45.750 	 0.000 	 90.000
FD10869	45.875 	 0.000 	 90.000
FD10869	46.000 	 0.000 	 90.000
FD10869	46.125 	 0.000 	 90.000
FD10869	46.250 	 0.000 	 90.000
FD10869	46.375 	 0.000 	 90.000
FD10869	46.500 	 0.000 	 90.000
FD10869	46.625 	 0.000 	 90.000
FD10869	46.750 	 0.000 	 90.000
FD10869	46.875 	 0.000 	 90.000
FD10869	47.000 	 0.000 	 90.000
FD10869	47.125 	 0.000 	 90.000
FD10869	47.250 	 0.000 	 90.000
FD10869	47.375 	 0.000 	 90.000
FD10869	47.500 	 0.000 	 90.000
FD10869	47.625 	 0.000 	 90.000
FD10869	47.750 	 0.000 	 90.000
FD10869	47.875 	 0.000 	 90.000
FD10869	48.000 	 0.000 	 90.000
FD10869	48.125 	 0.000 	 90.000
FD10869	48.250 	 0.000 	 90.000
FD10869	48.375 	 0.000 	 90.000
FD10869	48.500 	 0.000 	 90.000
FD10869	48.625 	 0.000 	 90.000
FD10869	48.750 	 0.000 	 90.000
FD10869	48.875 	 0.000 	 90.000
FD10869	49.000 	 0.000 	 90.000
FD10869	49.125 	 0.000 	 90.000
FD10869	49.250 	 0.000 	 90.000
FD10869	49.375 	 0.000 	 90.000
FD10869	49.500 	 0.000 	 90.000
FD10869	49.625 	 0.000 	 90.000
FD10869	49.750 	 0.000 	 90.000
FD10869	49.875 	 0.000 	 90.000
FD10869	50.000 	 0.000 	 90.000
FD10869	50.125 	 0.000 	 90.000
FD10869	50.250 	 0.000 	 90.000
FD10869	50.375 	 0.000 	 90.000
FD10869	50.500 	 0.000 	 90.000
FD10869	50.625 	 0.000 	 90.000
FD10869	50.750 	 0.000 	 90.000
FD10869	50.875 	 0.000 	 90.000
FD10869	51.000 	 0.000 	 90.000
FD10869	51.125 	 0.000 	 90.000
FD10869	51.250 	 0.000 	 90.000
FD10869	51.375 	 0.000 	 90.000
FD10869	51.500 	 0.000 	 90.000
FD10869	51.625 	 0.000 	 90.000
FD10869	51.750 	 0.000 	 90.000
FD10869	51.875 	 0.000 	 90.000
FD10869	52.000 	 0.000 	 90.000
FD10869	52.125 	 0.000 	 90.000
FD10869	52.250 	 0.000 	 90.000
FD10869	52.375 	 0.000 	 90.000
FD10869	52.500 	 0.000 	 90.000
FD10869	52.625 	 0.000 	 90.000
FD10869	52.750 	 0.000 	 90.000
FD10869	52.875 	 0.000 	 90.000
FD10869	53.000 	 0.000 	 90.000
FD10869	53.125 	 0.000 	 90.000
FD10869	53.250 	 0.000 	 90.000
FD10869	53.375 	 0.000 	 90.000
FD10869	53.500 	 0.000 	 90.000
FD10869	53.625 	 0.000 	 90.000
FD10869	53.750 	 0.000 	 90.000
FD10869	53.875 	 0.000 	 90.000
FD10869	54.000 	 0.000 	 90.000
FD10869	54.125 	 1.089 	 116.784
FD10869	54.250 	 1.107 	 116.538
FD10869	54.375 	 1.126 	 116.372
FD10869	54.500 	 1.146 	 116.282
FD10869	54.625 	 1.165 	 116.255
FD10869	54.750 	 1.184 	 116.269
FD10869	54.875 	 1.203 	 116.300
FD10869	55.000 	 1.223 	 116.332
FD10869	55.125 	 1.243 	 116.356
FD10869	55.250 	 1.264 	 116.370
FD10869	55.375 	 1.284 	 116.366
FD10869	55.500 	 1.305 	 116.350
FD10869	55.625 	 1.326 	 116.324
FD10869	55.750 	 1.346 	 116.288
FD10869	55.875 	 1.367 	 116.243
FD10869	56.000 	 1.389 	 116.192
FD10869	56.125 	 1.409 	 116.141
FD10869	56.250 	 1.430 	 116.098
FD10869	56.375 	 1.450 	 116.069
FD10869	56.500 	 1.472 	 116.064
FD10869	56.625 	 1.493 	 116.086
FD10869	56.750 	 1.514 	 116.140
FD10869	56.875 	 1.536 	 116.225
FD10869	57.000 	 1.558 	 116.337
FD10869	57.125 	 1.580 	 116.470
FD10869	57.250 	 1.602 	 116.618
FD10869	57.375 	 1.623 	 116.772
FD10869	57.500 	 1.645 	 116.923
FD10869	57.625 	 1.667 	 117.064
FD10869	57.750 	 1.688 	 117.189
FD10869	57.875 	 1.710 	 117.294
FD10869	58.000 	 1.731 	 117.377
FD10869	58.125 	 1.753 	 117.439
FD10869	58.250 	 1.774 	 117.483
FD10869	58.375 	 1.794 	 117.512
FD10869	58.500 	 1.815 	 117.531
FD10869	58.625 	 1.834 	 117.548
FD10869	58.750 	 1.854 	 117.566
FD10869	58.875 	 1.873 	 117.594
FD10869	59.000 	 1.893 	 117.634
FD10869	59.125 	 1.912 	 117.691
FD10869	59.250 	 1.932 	 117.769
FD10869	59.375 	 1.951 	 117.868
FD10869	59.500 	 1.969 	 117.992
FD10869	59.625 	 1.988 	 118.141
FD10869	59.750 	 2.006 	 118.312
FD10869	59.875 	 2.023 	 118.506
FD10869	60.000 	 2.041 	 118.721
FD10869	60.125 	 2.058 	 118.954
FD10869	60.250 	 2.075 	 119.200
FD10869	60.375 	 2.091 	 119.454
FD10869	60.500 	 2.107 	 119.709
FD10869	60.625 	 2.123 	 119.959
FD10869	60.750 	 2.140 	 120.197
FD10869	60.875 	 2.156 	 120.419
FD10869	61.000 	 2.174 	 120.620
FD10869	61.125 	 2.191 	 120.800
FD10869	61.250 	 2.209 	 120.958
FD10869	61.375 	 2.227 	 121.100
FD10869	61.500 	 2.245 	 121.226
FD10869	61.625 	 2.265 	 121.340
FD10869	61.750 	 2.283 	 121.448
FD10869	61.875 	 2.303 	 121.552
FD10869	62.000 	 2.324 	 121.656
FD10869	62.125 	 2.344 	 121.761
FD10869	62.250 	 2.365 	 121.868
FD10869	62.375 	 2.387 	 121.980
FD10869	62.500 	 2.408 	 122.095
FD10869	62.625 	 2.428 	 122.215
FD10869	62.750 	 2.449 	 122.340
FD10869	62.875 	 2.467 	 122.469
FD10869	63.000 	 2.484 	 122.605
FD10869	63.125 	 2.501 	 122.746
FD10869	63.250 	 2.516 	 122.890
FD10869	63.375 	 2.531 	 123.035
FD10869	63.500 	 2.544 	 123.177
FD10869	63.625 	 2.557 	 123.309
FD10869	63.750 	 2.569 	 123.425
FD10869	63.875 	 2.580 	 123.519
FD10869	64.000 	 2.592 	 123.581
FD10869	64.125 	 2.603 	 123.608
FD10869	64.250 	 2.613 	 123.598
FD10869	64.375 	 2.623 	 123.548
FD10869	64.500 	 2.633 	 123.465
FD10869	64.625 	 2.644 	 123.357
FD10869	64.750 	 2.654 	 123.231
FD10869	64.875 	 2.666 	 123.102
FD10869	65.000 	 2.678 	 122.978
FD10869	65.125 	 2.689 	 122.869
FD10869	65.250 	 2.701 	 122.779
FD10869	65.375 	 2.713 	 122.709
FD10869	65.500 	 2.725 	 122.660
FD10869	65.625 	 2.737 	 122.627
FD10869	65.750 	 2.749 	 122.607
FD10869	65.875 	 2.759 	 122.595
FD10869	66.000 	 2.770 	 122.589
FD10869	66.125 	 2.780 	 122.586
FD10869	66.250 	 2.789 	 122.585
FD10869	66.375 	 2.798 	 122.584
FD10869	66.500 	 2.806 	 122.584
FD10869	66.625 	 2.813 	 122.584
FD10869	66.750 	 2.820 	 122.584
FD10869	66.875 	 2.825 	 122.583
FD10869	67.000 	 2.829 	 122.581
FD10869	67.125 	 2.832 	 122.577
FD10869	67.250 	 2.834 	 122.569
FD10869	67.375 	 2.836 	 122.556
FD10869	67.500 	 2.837 	 122.533
FD10869	67.625 	 2.838 	 122.499
FD10869	67.750 	 2.839 	 122.450
FD10869	67.875 	 2.840 	 122.384
FD10869	68.000 	 2.840 	 122.304
FD10869	68.125 	 2.839 	 122.208
FD10869	68.250 	 2.839 	 122.104
FD10869	68.375 	 2.838 	 121.993
FD10869	68.500 	 2.837 	 121.882
FD10869	68.625 	 2.837 	 121.772
FD10869	68.750 	 2.837 	 121.667
FD10869	68.875 	 2.836 	 121.563
FD10869	69.000 	 2.836 	 121.454
FD10869	69.125 	 2.837 	 121.336
FD10869	69.250 	 2.837 	 121.199
FD10869	69.375 	 2.839 	 121.038
FD10869	69.500 	 2.841 	 120.847
FD10869	69.625 	 2.843 	 120.624
FD10869	69.750 	 2.847 	 120.366
FD10869	69.875 	 2.851 	 120.073
FD10869	70.000 	 2.856 	 119.746
FD10869	70.125 	 2.860 	 119.388
FD10869	70.250 	 2.866 	 119.004
FD10869	70.375 	 2.872 	 118.596
FD10869	70.500 	 2.879 	 118.171
FD10869	70.625 	 2.886 	 117.737
FD10869	70.750 	 2.893 	 117.301
FD10869	70.875 	 2.901 	 116.872
FD10869	71.000 	 2.909 	 116.458
FD10869	71.125 	 2.917 	 116.064
FD10869	71.250 	 2.925 	 115.698
FD10869	71.375 	 2.934 	 115.363
FD10869	71.500 	 2.942 	 115.057
FD10869	71.625 	 2.951 	 114.780
FD10869	71.750 	 2.960 	 114.525
FD10869	71.875 	 2.969 	 114.286
FD10869	72.000 	 2.977 	 114.053
FD10869	72.125 	 2.986 	 113.817
FD10869	72.250 	 2.996 	 113.571
FD10869	72.375 	 3.003 	 113.307
FD10869	72.500 	 3.009 	 113.026
FD10869	72.625 	 3.013 	 112.728
FD10869	72.750 	 3.015 	 112.420
FD10869	72.875 	 3.017 	 112.105
FD10869	73.000 	 3.018 	 111.792
FD10869	73.125 	 3.018 	 111.486
FD10869	73.250 	 3.019 	 111.190
FD10869	73.375 	 3.019 	 110.904
FD10869	73.500 	 3.019 	 110.629
FD10869	73.625 	 3.019 	 110.367
FD10869	73.750 	 3.018 	 110.119
FD10869	73.875 	 3.016 	 109.890
FD10869	74.000 	 3.015 	 109.689
FD10869	74.125 	 3.013 	 109.528
FD10869	74.250 	 3.010 	 109.418
FD10869	74.375 	 3.009 	 109.371
FD10869	74.500 	 3.010 	 109.394
FD10869	74.625 	 3.013 	 109.494
FD10869	74.750 	 3.018 	 109.664
FD10869	74.875 	 3.025 	 109.897
FD10869	75.000 	 3.032 	 110.174
FD10869	75.125 	 3.039 	 110.474
FD10869	75.250 	 3.045 	 110.770
FD10869	75.375 	 3.051 	 111.042
FD10869	75.500 	 3.056 	 111.266
FD10869	75.625 	 3.059 	 111.428
FD10869	75.750 	 3.062 	 111.516
FD10869	75.875 	 3.064 	 111.523
FD10869	76.000 	 3.066 	 111.445
FD10869	76.125 	 3.068 	 111.283
FD10869	76.250 	 3.069 	 111.042
FD10869	76.375 	 3.071 	 110.728
FD10869	76.500 	 3.073 	 110.356
FD10869	76.625 	 3.075 	 109.943
FD10869	76.750 	 3.077 	 109.510
FD10869	76.875 	 3.079 	 109.074
FD10869	77.000 	 3.080 	 108.656
FD10869	77.125 	 3.082 	 108.265
FD10869	77.250 	 3.085 	 107.910
FD10869	77.375 	 3.090 	 107.588
FD10869	77.500 	 3.098 	 107.298
FD10869	77.625 	 3.108 	 107.031
FD10869	77.750 	 3.123 	 106.779
FD10869	77.875 	 3.138 	 106.534
FD10869	78.000 	 3.157 	 106.287
FD10869	78.125 	 3.175 	 106.032
FD10869	78.250 	 3.195 	 105.757
FD10869	78.375 	 3.215 	 105.457
FD10869	78.500 	 3.236 	 105.124
FD10869	78.625 	 3.256 	 104.752
FD10869	78.750 	 3.277 	 104.344
FD10869	78.875 	 3.300 	 103.901
FD10869	79.000 	 3.324 	 103.434
FD10869	79.125 	 3.351 	 102.957
FD10869	79.250 	 3.380 	 102.484
FD10869	79.375 	 3.410 	 102.034
FD10869	79.500 	 3.441 	 101.621
FD10869	79.625 	 3.470 	 101.249
FD10869	79.750 	 3.497 	 100.921
FD10869	79.875 	 3.522 	 100.628
FD10869	80.000 	 3.547 	 100.353
FD10869	80.125 	 3.573 	 100.075
FD10869	80.250 	 3.599 	 99.765
FD10869	80.375 	 3.625 	 99.399
FD10869	80.500 	 3.654 	 98.957
FD10869	80.625 	 3.683 	 98.427
FD10869	80.750 	 3.713 	 97.809
FD10869	80.875 	 3.741 	 97.114
FD10869	81.000 	 3.769 	 96.367
FD10869	81.125 	 3.796 	 95.601
FD10869	81.250 	 3.821 	 94.852
FD10869	81.375 	 3.844 	 94.157
FD10869	81.500 	 3.865 	 93.543
FD10869	81.625 	 3.886 	 93.030
FD10869	81.750 	 3.905 	 92.623
FD10869	81.875 	 3.925 	 92.316
FD10869	82.000 	 3.944 	 92.096
FD10869	82.125 	 3.962 	 91.942
FD10869	82.250 	 3.982 	 91.830
FD10869	82.375 	 4.004 	 91.664
FD10869	82.500 	 4.026 	 91.495
FD10869	82.625 	 4.049 	 91.368
FD10869	82.750 	 4.073 	 91.187
FD10869	82.875 	 4.100 	 90.949
FD10869	83.000 	 4.127 	 90.652
FD10869	83.125 	 4.158 	 90.299
FD10869	83.250 	 4.192 	 89.895
FD10869	83.375 	 4.230 	 89.448
FD10869	83.500 	 4.270 	 88.977
FD10869	83.625 	 4.316 	 88.496
FD10869	83.750 	 4.364 	 88.030
FD10869	83.875 	 4.415 	 87.597
FD10869	84.000 	 4.466 	 87.219
FD10869	84.125 	 4.516 	 86.907
FD10869	84.250 	 4.563 	 86.672
FD10869	84.375 	 4.609 	 86.517
FD10869	84.500 	 4.654 	 86.436
FD10869	84.625 	 4.697 	 86.417
FD10869	84.750 	 4.738 	 86.445
FD10869	84.875 	 4.776 	 86.502
FD10869	85.000 	 4.813 	 86.565
FD10869	85.125 	 4.849 	 86.615
FD10869	85.250 	 4.883 	 86.636
FD10869	85.375 	 4.919 	 86.614
FD10869	85.500 	 4.953 	 86.539
FD10869	85.625 	 4.988 	 86.407
FD10869	85.750 	 5.022 	 86.218
FD10869	85.875 	 5.054 	 85.974
FD10869	86.000 	 5.086 	 85.684
FD10869	86.125 	 5.118 	 85.354
FD10869	86.250 	 5.150 	 84.998
FD10869	86.375 	 5.183 	 84.626
FD10869	86.500 	 5.216 	 84.250
FD10869	86.625 	 5.249 	 83.880
FD10869	86.750 	 5.284 	 83.525
FD10869	86.875 	 5.321 	 83.193
FD10869	87.000 	 5.361 	 82.885
FD10869	87.125 	 5.401 	 82.607
FD10869	87.250 	 5.441 	 82.355
FD10869	87.375 	 5.479 	 82.129
FD10869	87.500 	 5.515 	 81.926
FD10869	87.625 	 5.550 	 81.742
FD10869	87.750 	 5.584 	 81.573
FD10869	87.875 	 5.617 	 81.413
FD10869	88.000 	 5.654 	 81.257
FD10869	88.125 	 5.692 	 81.098
FD10869	88.250 	 5.733 	 80.928
FD10869	88.375 	 5.773 	 80.743
FD10869	88.500 	 5.813 	 80.538
FD10869	88.625 	 5.850 	 80.310
FD10869	88.750 	 5.882 	 80.067
FD10869	88.875 	 5.912 	 79.817
FD10869	89.000 	 5.939 	 79.577
FD10869	89.125 	 5.967 	 79.368
FD10869	89.250 	 5.993 	 79.207
FD10869	89.375 	 6.021 	 79.104
FD10869	89.500 	 6.049 	 79.058
FD10869	89.625 	 6.080 	 79.053
FD10869	89.750 	 6.113 	 79.065
FD10869	89.875 	 6.149 	 79.065
FD10869	90.000 	 6.187 	 79.016
FD10869	90.125 	 6.225 	 78.876
FD10869	90.250 	 6.263 	 78.592
FD10869	90.375 	 6.301 	 78.113
FD10869	90.500 	 6.341 	 77.397
FD10869	90.625 	 6.382 	 76.442
FD10869	90.750 	 6.428 	 75.298
FD10869	90.875 	 6.477 	 74.061
FD10869	91.000 	 6.527 	 72.872
FD10869	91.125 	 6.578 	 71.854
FD10869	91.250 	 6.627 	 71.083
FD10869	91.375 	 6.674 	 70.554
FD10869	91.500 	 6.721 	 70.195
FD10869	91.625 	 6.764 	 69.898
FD10869	91.750 	 6.806 	 69.557
FD10869	91.875 	 6.846 	 69.110
FD10869	92.000 	 6.884 	 68.550
FD10869	92.125 	 6.923 	 67.902
FD10869	92.250 	 6.962 	 67.213
FD10869	92.375 	 7.002 	 66.513
FD10869	92.500 	 7.043 	 65.815
FD10869	92.625 	 7.084 	 65.112
FD10869	92.750 	 7.126 	 64.398
FD10869	92.875 	 7.168 	 63.676
FD10869	93.000 	 7.209 	 62.969
FD10869	93.125 	 7.248 	 62.302
FD10869	93.250 	 7.287 	 61.698
FD10869	93.375 	 7.325 	 61.163
FD10869	93.500 	 7.361 	 60.680
FD10869	93.625 	 7.396 	 60.227
FD10869	93.750 	 7.431 	 59.785
FD10869	93.875 	 7.462 	 59.351
FD10869	94.000 	 7.490 	 58.943
FD10869	94.125 	 7.515 	 58.588
FD10869	94.250 	 7.537 	 58.314
FD10869	94.375 	 7.556 	 58.131
FD10869	94.500 	 7.574 	 58.043
FD10869	94.625 	 7.591 	 58.041
FD10869	94.750 	 7.608 	 58.113
FD10869	94.875 	 7.626 	 58.246
FD10869	95.000 	 7.646 	 58.426
FD10869	95.125 	 7.667 	 58.634
FD10869	95.250 	 7.690 	 58.847
FD10869	95.375 	 7.714 	 59.032
FD10869	95.500 	 7.740 	 59.154
FD10869	95.625 	 7.769 	 59.180
FD10869	95.750 	 7.799 	 59.087
FD10869	95.875 	 7.833 	 58.875
FD10869	96.000 	 7.869 	 58.566
FD10869	96.125 	 7.908 	 58.203
FD10869	96.250 	 7.949 	 57.848
FD10869	96.375 	 7.990 	 57.556
FD10869	96.500 	 8.034 	 57.384
FD10869	96.625 	 8.076 	 57.358
FD10869	96.750 	 8.117 	 57.483
FD10869	96.875 	 8.157 	 57.734
FD10869	97.000 	 8.197 	 58.055
FD10869	97.125 	 8.237 	 58.387
FD10869	97.250 	 8.278 	 58.671
FD10869	97.375 	 8.321 	 58.876
FD10869	97.500 	 8.364 	 58.996
FD10869	97.625 	 8.407 	 59.045
FD10869	97.750 	 8.450 	 59.051
FD10869	97.875 	 8.492 	 59.037
FD10869	98.000 	 8.533 	 59.015
FD10869	98.125 	 8.575 	 58.991
FD10869	98.250 	 8.617 	 58.967
FD10869	98.375 	 8.659 	 58.939
FD10869	98.500 	 8.702 	 58.908
FD10869	98.625 	 8.744 	 58.873
FD10869	98.750 	 8.787 	 58.834
FD10869	98.875 	 8.828 	 58.791
FD10869	99.000 	 8.867 	 58.746
FD10869	99.125 	 8.905 	 58.699
FD10869	99.250 	 8.942 	 58.654
FD10869	99.375 	 8.978 	 58.613
FD10869	99.500 	 9.011 	 58.579
FD10869	99.625 	 9.045 	 58.552
FD10869	99.750 	 9.078 	 58.535
FD10869	99.875 	 9.111 	 58.525
FD10869	100.000 	 9.143 	 58.521
FD10869	100.125 	 9.175 	 58.522
FD10869	100.250 	 9.206 	 58.523
FD10869	100.375 	 9.237 	 58.523
FD10869	100.500 	 9.266 	 58.522
FD10869	100.625 	 9.298 	 58.497
FD10869	100.750 	 9.331 	 58.425
FD10869	100.875 	 9.366 	 58.342
FD10869	101.000 	 9.404 	 58.301
FD10869	101.125 	 9.443 	 58.286
FD10869	101.250 	 9.483 	 58.267
FD10869	101.375 	 9.524 	 58.248
FD10869	101.500 	 9.568 	 58.230
FD10869	101.625 	 9.612 	 58.214
FD10869	101.750 	 9.657 	 58.199
FD10869	101.875 	 9.703 	 58.186
FD10869	102.000 	 9.749 	 58.174
FD10869	102.125 	 9.797 	 58.164
FD10869	102.250 	 9.845 	 58.152
FD10869	102.375 	 9.893 	 58.139
FD10869	102.500 	 9.940 	 58.124
FD10869	102.625 	 9.986 	 58.106
FD10869	102.750 	 10.029 	 58.087
FD10869	102.875 	 10.070 	 58.064
FD10869	103.000 	 10.108 	 58.040
FD10869	103.125 	 10.145 	 58.015
FD10869	103.250 	 10.183 	 57.987
FD10869	103.375 	 10.219 	 57.956
FD10869	103.500 	 10.254 	 57.925
FD10869	103.625 	 10.287 	 57.890
FD10869	103.750 	 10.319 	 57.852
FD10869	103.875 	 10.347 	 57.812
FD10869	104.000 	 10.374 	 57.768
FD10869	104.125 	 10.399 	 57.722
FD10869	104.250 	 10.423 	 57.675
FD10869	104.375 	 10.447 	 57.625
FD10869	104.500 	 10.471 	 57.575
FD10869	104.625 	 10.495 	 57.524
FD10869	104.750 	 10.521 	 57.473
FD10869	104.875 	 10.548 	 57.423
FD10869	105.000 	 10.576 	 57.374
FD10869	105.125 	 10.604 	 57.324
FD10869	105.250 	 10.631 	 57.275
FD10869	105.375 	 10.657 	 57.225
FD10869	105.500 	 10.683 	 57.175
FD10869	105.625 	 10.711 	 57.125
FD10869	105.750 	 10.738 	 57.075
FD10869	105.875 	 10.768 	 57.023
FD10869	106.000 	 10.799 	 56.972
FD10869	106.125 	 10.832 	 56.921
FD10869	106.250 	 10.864 	 56.870
FD10869	106.375 	 10.898 	 56.819
FD10869	106.500 	 10.930 	 56.770
FD10869	106.625 	 10.963 	 56.723
FD10869	106.750 	 10.996 	 56.679
FD10869	106.875 	 11.029 	 56.638
FD10869	107.000 	 11.064 	 56.601
FD10869	107.125 	 11.103 	 56.568
FD10869	107.250 	 11.144 	 56.539
FD10869	107.375 	 11.186 	 56.513
FD10869	107.500 	 11.229 	 56.490
FD10869	107.625 	 11.271 	 56.470
FD10869	107.750 	 11.312 	 56.451
FD10869	107.875 	 11.353 	 56.434
FD10869	108.000 	 11.392 	 56.416
FD10869	108.125 	 11.433 	 56.401
FD10869	108.250 	 11.468 	 56.383
FD10869	108.375 	 11.503 	 56.364
FD10869	108.500 	 11.534 	 56.345
FD10869	108.625 	 11.566 	 56.324
FD10869	108.750 	 11.596 	 56.299
FD10869	108.875 	 11.626 	 56.272
FD10869	109.000 	 11.656 	 56.242
FD10869	109.125 	 11.683 	 56.209
FD10869	109.250 	 11.709 	 56.173
FD10869	109.375 	 11.734 	 56.135
FD10869	109.500 	 11.759 	 56.094
FD10869	109.625 	 11.783 	 56.051
FD10869	109.750 	 11.807 	 56.009
FD10869	109.875 	 11.831 	 55.966
FD10869	110.000 	 11.853 	 55.923
FD10869	110.125 	 11.875 	 55.852
FD10869	110.250 	 11.900 	 55.795
FD10869	110.375 	 11.927 	 55.778
FD10869	110.500 	 11.956 	 55.756
FD10869	110.625 	 11.989 	 55.730
FD10869	110.750 	 12.025 	 55.703
FD10869	110.875 	 12.060 	 55.672
FD10869	111.000 	 12.096 	 55.641
FD10869	111.125 	 12.133 	 55.609
FD10869	111.250 	 12.170 	 55.576
FD10869	111.375 	 12.208 	 55.543
FD10869	111.500 	 12.247 	 55.509
FD10869	111.625 	 12.287 	 55.474
FD10869	111.750 	 12.329 	 55.439
FD10869	111.875 	 12.370 	 55.403
FD10869	112.000 	 12.414 	 55.367
FD10869	112.125 	 12.455 	 55.329
FD10869	112.250 	 12.498 	 55.292
FD10869	112.375 	 12.539 	 55.254
FD10869	112.500 	 12.582 	 55.216
FD10869	112.625 	 12.623 	 55.178
FD10869	112.750 	 12.665 	 55.140
FD10869	112.875 	 12.708 	 55.102
FD10869	113.000 	 12.750 	 55.063
FD10869	113.125 	 12.792 	 55.025
FD10869	113.250 	 12.835 	 54.986
FD10869	113.375 	 12.876 	 54.947
FD10869	113.500 	 12.917 	 54.908
FD10869	113.625 	 12.958 	 54.870
FD10869	113.750 	 12.996 	 54.832
FD10869	113.875 	 13.037 	 54.794
FD10869	114.000 	 13.076 	 54.757
FD10869	114.125 	 13.118 	 54.721
FD10869	114.250 	 13.158 	 54.686
FD10869	114.375 	 13.198 	 54.652
FD10869	114.500 	 13.238 	 54.620
FD10869	114.625 	 13.275 	 54.590
FD10869	114.750 	 13.308 	 54.560
FD10869	114.875 	 13.339 	 54.532
FD10869	115.000 	 13.368 	 54.506
FD10869	115.125 	 13.395 	 54.481
FD10869	115.250 	 13.419 	 54.457
FD10869	115.375 	 13.443 	 54.434
FD10869	115.500 	 13.464 	 54.412
FD10869	115.625 	 13.485 	 54.391
FD10869	115.750 	 13.504 	 54.370
FD10869	115.875 	 13.524 	 54.350
FD10869	116.000 	 13.541 	 54.332
FD10869	116.125 	 13.560 	 54.312
FD10869	116.250 	 13.579 	 54.293
FD10869	116.375 	 13.597 	 54.275
FD10869	116.500 	 13.618 	 54.255
FD10869	116.625 	 13.639 	 54.236
FD10869	116.750 	 13.663 	 54.215
FD10869	116.875 	 13.688 	 54.194
FD10869	117.000 	 13.713 	 54.173
FD10869	117.125 	 13.740 	 54.150
FD10869	117.250 	 13.767 	 54.127
FD10869	117.375 	 13.797 	 54.103
FD10869	117.500 	 13.828 	 54.077
FD10869	117.625 	 13.861 	 54.053
FD10869	117.750 	 13.896 	 54.028
FD10869	117.875 	 13.935 	 54.002
FD10869	118.000 	 13.973 	 53.978
FD10869	118.125 	 14.011 	 53.955
FD10869	118.250 	 14.050 	 53.935
FD10869	118.375 	 14.088 	 53.922
FD10869	118.500 	 14.124 	 53.915
FD10869	118.625 	 14.161 	 53.919
FD10869	118.750 	 14.198 	 53.939
FD10869	118.875 	 14.235 	 53.972
FD10869	119.000 	 14.272 	 54.018
FD10869	119.125 	 14.312 	 54.072
FD10869	119.250 	 14.354 	 54.123
FD10869	119.375 	 14.399 	 54.161
FD10869	119.500 	 14.445 	 54.171
FD10869	119.625 	 14.493 	 54.145
FD10869	119.750 	 14.542 	 54.078
FD10869	119.875 	 14.593 	 53.973
FD10869	120.000 	 14.642 	 53.841
FD10869	120.125 	 14.693 	 53.696
FD10869	120.250 	 14.746 	 53.562
FD10869	120.375 	 14.798 	 53.452
FD10869	120.500 	 14.851 	 53.386
FD10869	120.625 	 14.906 	 53.371
FD10869	120.750 	 14.963 	 53.414
FD10869	120.875 	 15.021 	 53.511
FD10869	121.000 	 15.081 	 53.660
FD10869	121.125 	 15.143 	 53.850
FD10869	121.250 	 15.206 	 54.073
FD10869	121.375 	 15.272 	 54.315
FD10869	121.500 	 15.338 	 54.562
FD10869	121.625 	 15.404 	 54.800
FD10869	121.750 	 15.472 	 55.014
FD10869	121.875 	 15.538 	 55.196
FD10869	122.000 	 15.600 	 55.338
FD10869	122.125 	 15.659 	 55.440
FD10869	122.250 	 15.715 	 55.509
FD10869	122.375 	 15.763 	 55.549
FD10869	122.500 	 15.809 	 55.571
FD10869	122.625 	 15.848 	 55.580
FD10869	122.750 	 15.884 	 55.584
FD10869	122.875 	 15.916 	 55.584
FD10869	123.000 	 15.944 	 55.584
FD10869	123.125 	 15.970 	 55.586
FD10869	123.250 	 15.991 	 55.586
FD10869	123.375 	 16.010 	 55.588
FD10869	123.500 	 16.028 	 55.590
FD10869	123.625 	 16.041 	 55.590
FD10869	123.750 	 16.052 	 55.589
FD10869	123.875 	 16.061 	 55.586
FD10869	124.000 	 16.073 	 55.583
FD10869	124.125 	 16.083 	 55.576
FD10869	124.250 	 16.098 	 55.568
FD10869	124.375 	 16.118 	 55.558
FD10869	124.500 	 16.142 	 55.545
FD10869	124.625 	 16.170 	 55.532
FD10869	124.750 	 16.202 	 55.516
FD10869	124.875 	 16.236 	 55.500
FD10869	125.000 	 16.272 	 55.484
FD10869	125.125 	 16.308 	 55.468
FD10869	125.250 	 16.343 	 55.452
FD10869	125.375 	 16.376 	 55.437
FD10869	125.500 	 16.407 	 55.422
FD10869	125.625 	 16.436 	 55.409
FD10869	125.750 	 16.466 	 55.396
FD10869	125.875 	 16.496 	 55.386
FD10869	126.000 	 16.524 	 55.377
FD10869	126.125 	 16.553 	 55.369
FD10869	126.250 	 16.582 	 55.364
FD10869	126.375 	 16.608 	 55.362
FD10869	126.500 	 16.636 	 55.363
FD10869	126.625 	 16.663 	 55.369
FD10869	126.750 	 16.689 	 55.381
FD10869	126.875 	 16.715 	 55.401
FD10869	127.000 	 16.744 	 55.432
FD10869	127.125 	 16.771 	 55.472
FD10869	127.250 	 16.801 	 55.527
FD10869	127.375 	 16.832 	 55.595
FD10869	127.500 	 16.863 	 55.675
FD10869	127.625 	 16.895 	 55.769
FD10869	127.750 	 16.927 	 55.874
FD10869	127.875 	 16.959 	 55.988
FD10869	128.000 	 16.992 	 56.108
FD10869	128.125 	 17.024 	 56.228
FD10869	128.250 	 17.056 	 56.345
FD10869	128.375 	 17.088 	 56.455
FD10869	128.500 	 17.120 	 56.557
FD10869	128.625 	 17.151 	 56.645
FD10869	128.750 	 17.182 	 56.720
FD10869	128.875 	 17.212 	 56.779
FD10869	129.000 	 17.242 	 56.825
FD10869	129.125 	 17.273 	 56.858
FD10869	129.250 	 17.301 	 56.881
FD10869	129.375 	 17.332 	 56.895
FD10869	129.500 	 17.360 	 56.903
FD10869	129.625 	 17.390 	 56.907
FD10869	129.750 	 17.415 	 56.896
FD10869	129.875 	 17.444 	 56.879
FD10869	130.000 	 17.470 	 56.868
FD10869	130.125 	 17.495 	 56.858
FD10869	130.250 	 17.525 	 56.848
FD10869	130.375 	 17.549 	 56.839
FD10869	130.500 	 17.574 	 56.829
FD10869	130.625 	 17.602 	 56.819
FD10869	130.750 	 17.626 	 56.808
FD10869	130.875 	 17.654 	 56.798
FD10869	131.000 	 17.680 	 56.785
FD10869	131.125 	 17.706 	 56.775
FD10869	131.250 	 17.731 	 56.760
FD10869	131.375 	 17.757 	 56.749
FD10869	131.500 	 17.784 	 56.735
FD10869	131.625 	 17.808 	 56.722
FD10869	131.750 	 17.835 	 56.708
FD10869	131.875 	 17.860 	 56.692
FD10869	132.000 	 17.885 	 56.675
FD10869	132.125 	 17.908 	 56.658
FD10869	132.250 	 17.932 	 56.638
FD10869	132.375 	 17.956 	 56.616
FD10869	132.500 	 17.980 	 56.595
FD10869	132.625 	 18.004 	 56.573
FD10869	132.750 	 18.028 	 56.548
FD10869	132.875 	 18.053 	 56.525
FD10869	133.000 	 18.075 	 56.499
FD10869	133.125 	 18.099 	 56.477
FD10869	133.250 	 18.124 	 56.453
FD10869	133.375 	 18.145 	 56.429
FD10869	133.500 	 18.171 	 56.407
FD10869	133.625 	 18.192 	 56.384
FD10869	133.750 	 18.216 	 56.362
FD10869	133.875 	 18.239 	 56.340
FD10869	134.000 	 18.267 	 56.319
FD10869	134.125 	 18.293 	 56.297
FD10869	134.250 	 18.319 	 56.274
FD10869	134.375 	 18.348 	 56.252
FD10869	134.500 	 18.373 	 56.229
FD10869	134.625 	 18.402 	 56.206
FD10869	134.750 	 18.429 	 56.184
FD10869	134.875 	 18.458 	 56.160
FD10869	135.000 	 18.482 	 56.137
FD10869	135.125 	 18.511 	 56.113
FD10869	135.250 	 18.537 	 56.089
FD10869	135.375 	 18.563 	 56.064
FD10869	135.500 	 18.588 	 56.038
FD10869	135.625 	 18.614 	 56.012
FD10869	135.750 	 18.637 	 55.988
FD10869	135.875 	 18.663 	 55.960
FD10869	136.000 	 18.686 	 55.935
FD10869	136.125 	 18.710 	 55.907
FD10869	136.250 	 18.734 	 55.882
FD10869	136.375 	 18.759 	 55.856
FD10869	136.500 	 18.789 	 55.831
FD10869	136.625 	 18.817 	 55.805
FD10869	136.750 	 18.845 	 55.780
FD10869	136.875 	 18.885 	 55.754
FD10869	137.000 	 18.917 	 55.728
FD10869	137.125 	 18.956 	 55.702
FD10869	137.250 	 18.997 	 55.673
FD10869	137.375 	 19.041 	 55.647
FD10869	137.500 	 19.087 	 55.619
FD10869	137.625 	 19.131 	 55.590
FD10869	137.750 	 19.174 	 55.562
FD10869	137.875 	 19.219 	 55.534
FD10869	138.000 	 19.269 	 55.507
FD10869	138.125 	 19.309 	 55.480
FD10869	138.250 	 19.355 	 55.454
FD10869	138.375 	 19.399 	 55.431
FD10869	138.500 	 19.444 	 55.408
FD10869	138.625 	 19.482 	 55.387
FD10869	138.750 	 19.529 	 55.367
FD10869	138.875 	 19.568 	 55.349
FD10869	139.000 	 19.609 	 55.330
FD10869	139.125 	 19.650 	 55.312
FD10869	139.250 	 19.689 	 55.293
FD10869	139.375 	 19.726 	 55.273
FD10869	139.500 	 19.769 	 55.250
FD10869	139.625 	 19.804 	 55.225
FD10869	139.750 	 19.844 	 55.198
FD10869	139.875 	 19.887 	 55.167
FD10869	140.000 	 19.928 	 55.133
FD10869	140.125 	 19.966 	 55.097
FD10869	140.250 	 20.007 	 55.060
FD10869	140.375 	 20.047 	 55.022
FD10869	140.500 	 20.087 	 54.983
FD10869	140.625 	 20.122 	 54.945
FD10869	140.750 	 20.155 	 54.908
FD10869	140.875 	 20.192 	 54.873
FD10869	141.000 	 20.223 	 54.838
FD10869	141.125 	 20.254 	 54.805
FD10869	141.250 	 20.281 	 54.773
FD10869	141.375 	 20.304 	 54.743
FD10869	141.500 	 20.334 	 54.716
FD10869	141.625 	 20.355 	 54.687
FD10869	141.750 	 20.384 	 54.663
FD10869	141.875 	 20.400 	 54.636
FD10869	142.000 	 20.426 	 54.614
FD10869	142.125 	 20.448 	 54.592
FD10869	142.250 	 20.473 	 54.572
FD10869	142.375 	 20.496 	 54.552
FD10869	142.500 	 20.525 	 54.534
FD10869	142.625 	 20.555 	 54.518
FD10869	142.750 	 20.583 	 54.503
FD10869	142.875 	 20.613 	 54.487
FD10869	143.000 	 20.643 	 54.475
FD10869	143.125 	 20.673 	 54.462
FD10869	143.250 	 20.707 	 54.452
FD10869	143.375 	 20.742 	 54.442
FD10869	143.500 	 20.779 	 54.434
FD10869	143.625 	 20.815 	 54.430
FD10869	143.750 	 20.859 	 54.429
FD10869	143.875 	 20.894 	 54.435
FD10869	144.000 	 20.937 	 54.451
FD10869	144.125 	 20.978 	 54.478
FD10869	144.250 	 21.019 	 54.522
FD10869	144.375 	 21.060 	 54.585
FD10869	144.500 	 21.104 	 54.669
FD10869	144.625 	 21.142 	 54.774
FD10869	144.750 	 21.184 	 54.899
FD10869	144.875 	 21.229 	 55.042
FD10869	145.000 	 21.271 	 55.196
FD10869	145.125 	 21.316 	 55.354
FD10869	145.250 	 21.359 	 55.508
FD10869	145.375 	 21.399 	 55.651
FD10869	145.500 	 21.448 	 55.778
FD10869	145.625 	 21.489 	 55.884
FD10869	145.750 	 21.536 	 55.967
FD10869	145.875 	 21.583 	 56.028
FD10869	146.000 	 21.626 	 56.069
FD10869	146.125 	 21.677 	 56.092
FD10869	146.250 	 21.721 	 56.103
FD10869	146.375 	 21.774 	 56.103
FD10869	146.500 	 21.819 	 56.095
FD10869	146.625 	 21.873 	 56.083
FD10869	146.750 	 21.921 	 56.069
FD10869	146.875 	 21.974 	 56.053
FD10869	147.000 	 22.018 	 56.035
FD10869	147.125 	 22.068 	 56.019
FD10869	147.250 	 22.117 	 56.001
FD10869	147.375 	 22.167 	 55.983
FD10869	147.500 	 22.213 	 55.966
FD10869	147.625 	 22.258 	 55.948
FD10869	147.750 	 22.306 	 55.929
FD10869	147.875 	 22.350 	 55.909
FD10869	148.000 	 22.397 	 55.889
FD10869	148.125 	 22.438 	 55.868
FD10869	148.250 	 22.482 	 55.847
FD10869	148.375 	 22.522 	 55.825
FD10869	148.500 	 22.559 	 55.803
FD10869	148.625 	 22.601 	 55.780
FD10869	148.750 	 22.632 	 55.757
FD10869	148.875 	 22.673 	 55.734
FD10869	149.000 	 22.702 	 55.710
FD10869	149.125 	 22.740 	 55.687
FD10869	149.250 	 22.774 	 55.662
FD10869	149.375 	 22.806 	 55.638
FD10869	149.500 	 22.840 	 55.614
FD10869	149.625 	 22.872 	 55.589
FD10869	149.750 	 22.904 	 55.565
FD10869	149.875 	 22.935 	 55.541
FD10869	150.000 	 22.962 	 55.519
FD10869	150.125 	 22.992 	 55.496
FD10869	150.250 	 23.019 	 55.472
FD10869	150.375 	 23.048 	 55.451
FD10869	150.500 	 23.076 	 55.428
FD10869	150.625 	 23.100 	 55.408
FD10869	150.750 	 23.132 	 55.386
FD10869	150.875 	 23.159 	 55.365
FD10869	151.000 	 23.189 	 55.347
FD10869	151.125 	 23.217 	 55.326
FD10869	151.250 	 23.253 	 55.306
FD10869	151.375 	 23.284 	 55.287
FD10869	151.500 	 23.318 	 55.267
FD10869	151.625 	 23.352 	 55.247
FD10869	151.750 	 23.388 	 55.228
FD10869	151.875 	 23.426 	 55.208
FD10869	152.000 	 23.456 	 55.188
FD10869	152.125 	 23.497 	 55.170
FD10869	152.250 	 23.528 	 55.151
FD10869	152.375 	 23.569 	 55.135
FD10869	152.500 	 23.605 	 55.122
FD10869	152.625 	 23.639 	 55.111
FD10869	152.750 	 23.676 	 55.070
FD10869	152.875 	 23.716 	 55.020
FD10869	153.000 	 23.755 	 54.996
FD10869	153.125 	 23.793 	 54.970
FD10869	153.250 	 23.833 	 54.949
FD10869	153.375 	 23.869 	 54.928
FD10869	153.500 	 23.902 	 54.908
FD10869	153.625 	 23.940 	 54.891
FD10869	153.750 	 23.973 	 54.877
FD10869	153.875 	 24.002 	 54.868
FD10869	154.000 	 24.033 	 54.868
FD10869	154.125 	 24.062 	 54.881
FD10869	154.250 	 24.091 	 54.907
FD10869	154.375 	 24.114 	 54.957
FD10869	154.500 	 24.145 	 55.029
FD10869	154.625 	 24.170 	 55.128
FD10869	154.750 	 24.198 	 55.252
FD10869	154.875 	 24.224 	 55.399
FD10869	155.000 	 24.256 	 55.558
FD10869	155.125 	 24.279 	 55.724
FD10869	155.250 	 24.307 	 55.888
FD10869	155.375 	 24.335 	 56.035
FD10869	155.500 	 24.363 	 56.165
FD10869	155.625 	 24.386 	 56.269
FD10869	155.750 	 24.421 	 56.347
FD10869	155.875 	 24.444 	 56.399
FD10869	156.000 	 24.475 	 56.432
FD10869	156.125 	 24.507 	 56.446
FD10869	156.250 	 24.541 	 56.444
FD10869	156.375 	 24.577 	 56.437
FD10869	156.500 	 24.613 	 56.421
FD10869	156.625 	 24.652 	 56.401
FD10869	156.750 	 24.688 	 56.376
FD10869	156.875 	 24.722 	 56.350
FD10869	157.000 	 24.764 	 56.322
FD10869	157.125 	 24.795 	 56.291
FD10869	157.250 	 24.828 	 56.259
FD10869	157.375 	 24.865 	 56.227
FD10869	157.500 	 24.890 	 56.193
FD10869	157.625 	 24.928 	 56.157
FD10869	157.750 	 24.954 	 56.125
FD10869	157.875 	 24.991 	 56.091
FD10869	158.000 	 25.015 	 56.063
FD10869	158.125 	 25.046 	 56.038
FD10869	158.250 	 25.074 	 56.018
FD10869	158.375 	 25.102 	 56.008
FD10869	158.500 	 25.124 	 56.005
FD10869	158.625 	 25.149 	 56.015
FD10869	158.750 	 25.165 	 56.031
FD10869	158.875 	 25.186 	 56.061
FD10869	159.000 	 25.203 	 56.096
FD10869	159.125 	 25.220 	 56.138
FD10869	159.250 	 25.244 	 56.180
FD10869	159.375 	 25.262 	 56.220
FD10869	159.500 	 25.285 	 56.254
FD10869	159.625 	 25.305 	 56.280
FD10869	159.750 	 25.325 	 56.295
FD10869	159.875 	 25.349 	 56.300
FD10869	160.000 	 25.369 	 56.299
FD10869	160.125 	 25.392 	 56.290
FD10869	160.250 	 25.420 	 56.282
FD10869	160.375 	 25.440 	 56.272
FD10869	160.500 	 25.469 	 56.266
FD10869	160.625 	 25.497 	 56.263
FD10869	160.750 	 25.527 	 56.265
FD10869	160.875 	 25.554 	 56.268
FD10869	161.000 	 25.583 	 56.266
FD10869	161.125 	 25.614 	 56.261
FD10869	161.250 	 25.643 	 56.243
FD10869	161.375 	 25.670 	 56.216
FD10869	161.500 	 25.702 	 56.174
FD10869	161.625 	 25.728 	 56.120
FD10869	161.750 	 25.759 	 56.058
FD10869	161.875 	 25.790 	 55.993
FD10869	162.000 	 25.819 	 55.926
FD10869	162.125 	 25.847 	 55.871
FD10869	162.250 	 25.879 	 55.829
FD10869	162.375 	 25.906 	 55.810
FD10869	162.500 	 25.936 	 55.812
FD10869	162.625 	 25.971 	 55.844
FD10869	162.750 	 25.997 	 55.896
FD10869	162.875 	 26.037 	 55.969
FD10869	163.000 	 26.066 	 56.053
FD10869	163.125 	 26.097 	 56.140
FD10869	163.250 	 26.126 	 56.216
FD10869	163.375 	 26.155 	 56.276
FD10869	163.500 	 26.180 	 56.312
FD10869	163.625 	 26.208 	 56.323
FD10869	163.750 	 26.236 	 56.306
FD10869	163.875 	 26.263 	 56.264
FD10869	164.000 	 26.291 	 56.202
FD10869	164.125 	 26.311 	 56.128
FD10869	164.250 	 26.338 	 56.044
FD10869	164.375 	 26.370 	 55.958
FD10869	164.500 	 26.393 	 55.869
FD10869	164.625 	 26.417 	 55.783
FD10869	164.750 	 26.447 	 55.701
FD10869	164.875 	 26.469 	 55.626
FD10869	165.000 	 26.501 	 55.560
FD10869	165.125 	 26.534 	 55.506
FD10869	165.250 	 26.567 	 55.466
FD10869	165.375 	 26.601 	 55.444
FD10869	165.500 	 26.640 	 55.445
FD10869	165.625 	 26.674 	 55.464
FD10869	165.750 	 26.710 	 55.506
FD10869	165.875 	 26.744 	 55.562
FD10869	166.000 	 26.781 	 55.626
FD10869	166.125 	 26.816 	 55.692
FD10869	166.250 	 26.845 	 55.746
FD10869	166.375 	 26.882 	 55.785
FD10869	166.500 	 26.904 	 55.799
FD10869	166.625 	 26.934 	 55.791
FD10869	166.750 	 26.953 	 55.755
FD10869	166.875 	 26.972 	 55.700
FD10869	167.000 	 26.989 	 55.627
FD10869	167.125 	 27.004 	 55.543
FD10869	167.250 	 27.022 	 55.452
FD10869	167.375 	 27.030 	 55.357
FD10869	167.500 	 27.048 	 55.265
FD10869	167.625 	 27.065 	 55.173
FD10869	167.750 	 27.072 	 55.084
FD10869	167.875 	 27.089 	 54.996
FD10869	168.000 	 27.097 	 54.906
FD10869	168.125 	 27.109 	 54.817
FD10869	168.250 	 27.120 	 54.723
FD10869	168.375 	 27.126 	 54.630
FD10869	168.500 	 27.145 	 54.530
FD10869	168.625 	 27.155 	 54.431
FD10869	168.750 	 27.172 	 54.335
FD10869	168.875 	 27.188 	 54.242
FD10869	169.000 	 27.208 	 54.157
FD10869	169.125 	 27.218 	 54.083
FD10869	169.250 	 27.241 	 54.025
FD10869	169.375 	 27.252 	 53.980
FD10869	169.500 	 27.271 	 53.835
FD10869	169.625 	 27.282 	 53.668
FD10869	169.750 	 27.297 	 53.587
FD10869	169.875 	 27.318 	 53.511
FD10869	170.000 	 27.330 	 53.431
FD10869	170.125 	 27.351 	 53.347
FD10869	170.250 	 27.372 	 53.258
FD10869	170.375 	 27.386 	 53.160
FD10869	170.500 	 27.400 	 53.055
FD10869	170.625 	 27.423 	 52.948
FD10869	170.750 	 27.437 	 52.841
FD10869	170.875 	 27.456 	 52.738
FD10869	171.000 	 27.474 	 52.643
FD10869	171.125 	 27.489 	 52.560
FD10869	171.250 	 27.506 	 52.486
FD10869	171.375 	 27.522 	 52.419
FD10869	171.500 	 27.544 	 52.363
FD10869	171.625 	 27.559 	 52.308
FD10869	171.750 	 27.579 	 52.253
FD10869	171.875 	 27.597 	 52.196
FD10869	172.000 	 27.614 	 52.130
FD10869	172.125 	 27.635 	 52.058
FD10869	172.250 	 27.648 	 51.976
FD10869	172.375 	 27.668 	 51.883
FD10869	172.500 	 27.685 	 51.787
FD10869	172.625 	 27.698 	 51.683
FD10869	172.750 	 27.719 	 51.579
FD10869	172.875 	 27.738 	 51.473
FD10869	173.000 	 27.753 	 51.373
FD10869	173.125 	 27.772 	 51.277
FD10869	173.250 	 27.785 	 51.188
FD10869	173.375 	 27.804 	 51.105
FD10869	173.500 	 27.818 	 51.030
FD10869	173.625 	 27.828 	 50.958
FD10869	173.750 	 27.842 	 50.891
FD10869	173.875 	 27.857 	 50.824
FD10869	174.000 	 27.866 	 50.755
FD10869	174.125 	 27.875 	 50.687
FD10869	174.250 	 27.888 	 50.610
FD10869	174.375 	 27.898 	 50.532
FD10869	174.500 	 27.906 	 50.448
FD10869	174.625 	 27.921 	 50.364
FD10869	174.750 	 27.931 	 50.279
FD10869	174.875 	 27.946 	 50.198
FD10869	175.000 	 27.953 	 50.125
FD10869	175.125 	 27.969 	 50.056
FD10869	175.250 	 27.983 	 50.000
FD10869	175.375 	 27.993 	 49.944
FD10869	175.500 	 28.013 	 49.895
FD10869	175.625 	 28.025 	 49.843
FD10869	175.750 	 28.046 	 49.787
FD10869	175.875 	 28.069 	 49.731
FD10869	176.000 	 28.090 	 49.673
FD10869	176.125 	 28.116 	 49.616
FD10869	176.250 	 28.138 	 49.563
FD10869	176.375 	 28.165 	 49.509
FD10869	176.500 	 28.190 	 49.455
FD10869	176.625 	 28.209 	 49.398
FD10869	176.750 	 28.240 	 49.334
FD10869	176.875 	 28.259 	 49.270
FD10869	177.000 	 28.282 	 49.200
FD10869	177.125 	 28.304 	 49.138
FD10869	177.250 	 28.326 	 49.081
FD10869	177.375 	 28.345 	 49.037
FD10869	177.500 	 28.366 	 49.006
FD10869	177.625 	 28.380 	 48.983
FD10869	177.750 	 28.400 	 48.971
FD10869	177.875 	 28.420 	 48.965
FD10869	178.000 	 28.433 	 48.958
FD10869	178.125 	 28.448 	 48.950
FD10869	178.250 	 28.469 	 48.946
FD10869	178.375 	 28.481 	 48.938
FD10869	178.500 	 28.502 	 48.934
FD10869	178.625 	 28.521 	 48.929
FD10869	178.750 	 28.541 	 48.921
FD10869	178.875 	 28.556 	 48.908
FD10869	179.000 	 28.576 	 48.887
FD10869	179.125 	 28.594 	 48.858
FD10869	179.250 	 28.614 	 48.816
FD10869	179.375 	 28.627 	 48.767
FD10869	179.500 	 28.648 	 48.714
FD10869	179.625 	 28.664 	 48.661
FD10869	179.750 	 28.676 	 48.618
FD10869	179.875 	 28.693 	 48.581
FD10869	180.000 	 28.709 	 48.556
FD10869	180.125 	 28.710 	 48.539
FD10869	180.250 	 28.729 	 48.527
FD10869	180.375 	 28.736 	 48.516
FD10869	180.500 	 28.747 	 48.510
FD10869	180.625 	 28.753 	 48.509
FD10869	180.750 	 28.760 	 48.515
FD10869	180.875 	 28.774 	 48.526
FD10869	181.000 	 28.782 	 48.547
FD10869	181.125 	 28.791 	 48.568
FD10869	181.250 	 28.806 	 48.588
FD10869	181.375 	 28.814 	 48.596
FD10869	181.500 	 28.828 	 48.600
FD10869	181.625 	 28.833 	 48.596
FD10869	181.750 	 28.847 	 48.588
FD10869	181.875 	 28.850 	 48.578
FD10869	182.000 	 28.865 	 48.568
FD10869	182.125 	 28.872 	 48.556
FD10869	182.250 	 28.883 	 48.550
FD10869	182.375 	 28.882 	 48.547
FD10869	182.500 	 28.892 	 48.547
FD10869	182.625 	 28.896 	 48.550
FD10869	182.750 	 28.898 	 48.555
FD10869	182.875 	 28.901 	 48.561
FD10869	183.000 	 28.906 	 48.562
FD10869	183.125 	 28.908 	 48.563
FD10869	183.250 	 28.905 	 48.565
FD10869	183.375 	 28.910 	 48.566
FD10869	183.500 	 28.910 	 48.573
FD10869	183.625 	 28.911 	 48.578
FD10869	183.750 	 28.911 	 48.583
FD10869	183.875 	 28.912 	 48.581
FD10869	184.000 	 28.912 	 48.572
FD10869	184.125 	 28.912 	 48.565
FD10869	184.250 	 28.913 	 48.549
FD10869	184.375 	 28.917 	 48.540
FD10869	184.500 	 28.912 	 48.536
FD10869	184.625 	 28.920 	 48.540
FD10869	184.750 	 28.919 	 48.546
FD10869	184.875 	 28.917 	 48.555
FD10869	185.000 	 28.915 	 48.562
FD10869	185.125 	 28.918 	 48.564
FD10869	185.250 	 28.910 	 48.558
FD10869	185.375 	 28.915 	 48.549
FD10869	185.500 	 28.907 	 48.539
FD10869	185.625 	 28.908 	 48.532
FD10869	185.750 	 28.906 	 48.531
FD10869	185.875 	 28.900 	 48.538
FD10869	186.000 	 28.898 	 48.550
FD10869	186.125 	 28.894 	 48.572
FD10869	186.250 	 28.887 	 48.598
FD10869	186.375 	 28.882 	 48.630
FD10869	186.500 	 28.873 	 48.659
FD10869	186.625 	 28.869 	 48.682
FD10869	186.750 	 28.864 	 48.696
FD10869	186.875 	 28.860 	 48.702
FD10869	187.000 	 28.850 	 48.706
FD10869	187.125 	 28.849 	 48.707
FD10869	187.250 	 28.842 	 48.715
FD10869	187.375 	 28.838 	 48.726
FD10869	187.500 	 28.836 	 48.742
FD10869	187.625 	 28.832 	 48.757
FD10869	187.750 	 28.836 	 48.776
FD10869	187.875 	 28.837 	 48.794
FD10869	188.000 	 28.842 	 48.813
FD10869	188.125 	 28.852 	 48.831
FD10869	188.250 	 28.856 	 48.848
FD10869	188.375 	 28.867 	 48.864
FD10869	188.500 	 28.877 	 48.874
FD10869	188.625 	 28.885 	 48.878
FD10869	188.750 	 28.896 	 48.881
FD10869	188.875 	 28.905 	 48.879
FD10869	189.000 	 28.921 	 48.878
FD10869	189.125 	 28.936 	 48.879
FD10869	189.250 	 28.948 	 48.884
FD10869	189.375 	 28.966 	 48.891
FD10869	189.500 	 28.981 	 48.904
FD10869	189.625 	 28.992 	 48.912
FD10869	189.750 	 29.010 	 48.915
FD10869	189.875 	 29.023 	 48.907
FD10869	190.000 	 29.033 	 48.894
FD10869	190.125 	 29.050 	 48.870
FD10869	190.250 	 29.061 	 48.844
FD10869	190.375 	 29.079 	 48.818
FD10869	190.500 	 29.091 	 48.794
FD10869	190.625 	 29.109 	 48.772
FD10869	190.750 	 29.124 	 48.749
FD10869	190.875 	 29.133 	 48.723
FD10869	191.000 	 29.144 	 48.695
FD10869	191.125 	 29.155 	 48.669
FD10869	191.250 	 29.165 	 48.642
FD10869	191.375 	 29.170 	 48.624
FD10869	191.500 	 29.175 	 48.606
FD10869	191.625 	 29.183 	 48.597
FD10869	191.750 	 29.186 	 48.592
FD10869	191.875 	 29.187 	 48.585
FD10869	192.000 	 29.187 	 48.576
FD10869	192.125 	 29.184 	 48.559
FD10869	192.250 	 29.175 	 48.533
FD10869	192.375 	 29.165 	 48.500
FD10869	192.500 	 29.146 	 48.460
FD10869	192.625 	 29.124 	 48.420
FD10869	192.750 	 29.097 	 48.385
FD10869	192.875 	 29.065 	 48.352
FD10869	193.000 	 29.038 	 48.327
FD10869	193.125 	 29.002 	 48.316
FD10869	193.250 	 28.972 	 48.316
FD10869	193.375 	 28.945 	 48.336
FD10869	193.500 	 28.908 	 48.374
FD10869	193.625 	 28.881 	 48.440
FD10869	193.750 	 28.853 	 48.521
FD10869	193.875 	 28.830 	 48.617
FD10869	194.000 	 28.802 	 48.712
FD10869	194.125 	 28.780 	 48.795
FD10869	194.250 	 28.755 	 48.861
FD10869	194.375 	 28.735 	 48.904
FD10869	194.500 	 28.718 	 48.930
FD10869	194.625 	 28.700 	 48.941
FD10869	194.750 	 28.692 	 48.942
FD10869	194.875 	 28.682 	 48.941
FD10869	195.000 	 28.679 	 48.939
FD10869	195.125 	 28.673 	 48.941
FD10869	195.250 	 28.661 	 48.953
FD10869	195.375 	 28.657 	 48.975
FD10869	195.500 	 28.642 	 49.010
FD10869	195.625 	 28.632 	 49.055
FD10869	195.750 	 28.612 	 49.106
FD10869	195.875 	 28.599 	 49.161
FD10869	196.000 	 28.581 	 49.214
FD10869	196.125 	 28.566 	 49.273
FD10869	196.250 	 28.556 	 49.334
FD10869	196.375 	 28.545 	 49.402
FD10869	196.500 	 28.534 	 49.476
FD10869	196.625 	 28.524 	 49.555
FD10869	196.750 	 28.514 	 49.631
FD10869	196.875 	 28.503 	 49.696
FD10869	197.000 	 28.489 	 49.752
FD10869	197.125 	 28.476 	 49.785
FD10869	197.250 	 28.461 	 49.803
FD10869	197.375 	 28.448 	 49.805
FD10869	197.500 	 28.435 	 49.801
FD10869	197.625 	 28.425 	 49.793
FD10869	197.750 	 28.412 	 49.788
FD10869	197.875 	 28.394 	 49.792
FD10869	198.000 	 28.382 	 49.809
FD10869	198.125 	 28.361 	 49.831
FD10869	198.250 	 28.342 	 49.867
FD10869	198.375 	 28.320 	 49.903
FD10869	198.500 	 28.291 	 49.947
FD10869	198.625 	 28.266 	 49.989
FD10869	198.750 	 28.238 	 50.033
FD10869	198.875 	 28.210 	 50.076
FD10869	199.000 	 28.184 	 50.120
FD10869	199.125 	 28.162 	 50.168
FD10869	199.250 	 28.139 	 50.215
FD10869	199.375 	 28.120 	 50.266
FD10869	199.500 	 28.104 	 50.327
FD10869	199.625 	 28.089 	 50.391
FD10869	199.750 	 28.073 	 50.461
FD10869	199.875 	 28.060 	 50.532
FD10869	200.000 	 28.046 	 50.603
FD10869	200.125 	 28.031 	 50.662
FD10869	200.250 	 28.018 	 50.708
FD10869	200.375 	 28.007 	 50.737
FD10869	200.500 	 27.998 	 50.751
FD10869	200.625 	 27.990 	 50.758
FD10869	200.750 	 27.987 	 50.763
FD10869	200.875 	 27.983 	 50.762
FD10869	201.000 	 27.976 	 50.769
FD10869	201.125 	 27.972 	 50.784
FD10869	201.250 	 27.969 	 50.799
FD10869	201.375 	 27.961 	 50.820
FD10869	201.500 	 27.957 	 50.842
FD10869	201.625 	 27.955 	 50.867
FD10869	201.750 	 27.954 	 50.895
FD10869	201.875 	 27.952 	 50.922
FD10869	202.000 	 27.949 	 50.952
FD10869	202.125 	 27.954 	 50.982
FD10869	202.250 	 27.957 	 51.010
FD10869	202.375 	 27.962 	 51.031
FD10869	202.500 	 27.965 	 51.041
FD10869	202.625 	 27.969 	 51.047
FD10869	202.750 	 27.972 	 51.040
FD10869	202.875 	 27.974 	 51.022
FD10869	203.000 	 27.977 	 51.005
FD10869	203.125 	 27.985 	 50.982
FD10869	203.250 	 27.990 	 50.964
FD10869	203.375 	 27.998 	 50.957
FD10869	203.500 	 28.009 	 50.969
FD10869	203.625 	 28.012 	 50.994
FD10869	203.750 	 28.024 	 51.042
FD10869	203.875 	 28.023 	 51.099
FD10869	204.000 	 28.028 	 51.161
FD10869	204.125 	 28.029 	 51.222
FD10869	204.250 	 28.025 	 51.267
FD10869	204.375 	 28.027 	 51.295
FD10869	204.500 	 28.025 	 51.313
FD10869	204.625 	 28.022 	 51.322
FD10869	204.750 	 28.029 	 51.330
FD10869	204.875 	 28.031 	 51.336
FD10869	205.000 	 28.034 	 51.352
FD10869	205.125 	 28.041 	 51.374
FD10869	205.250 	 28.042 	 51.404
FD10869	205.375 	 28.052 	 51.436
FD10869	205.500 	 28.052 	 51.473
FD10869	205.625 	 28.056 	 51.507
FD10869	205.750 	 28.056 	 51.540
FD10869	205.875 	 28.060 	 51.567
FD10869	206.000 	 28.063 	 51.593
FD10869	206.125 	 28.068 	 51.611
FD10869	206.250 	 28.072 	 51.623
FD10869	206.375 	 28.078 	 51.636
FD10869	206.500 	 28.082 	 51.646
FD10869	206.625 	 28.090 	 51.661
FD10869	206.750 	 28.094 	 51.674
FD10869	206.875 	 28.101 	 51.700
FD10869	207.000 	 28.102 	 51.719
FD10869	207.125 	 28.104 	 51.744
FD10869	207.250 	 28.106 	 51.762
FD10869	207.375 	 28.102 	 51.770
FD10869	207.500 	 28.105 	 51.765
FD10869	207.625 	 28.103 	 51.757
FD10869	207.750 	 28.102 	 51.745
FD10869	207.875 	 28.098 	 51.741
FD10869	208.000 	 28.097 	 51.746
FD10869	208.125 	 28.092 	 51.764
FD10869	208.250 	 28.089 	 51.784
FD10869	208.375 	 28.083 	 51.811
FD10869	208.500 	 28.085 	 51.840
FD10869	208.625 	 28.077 	 51.865
FD10869	208.750 	 28.074 	 51.893
FD10869	208.875 	 28.066 	 51.925
FD10869	209.000 	 28.068 	 51.959
FD10869	209.125 	 28.062 	 51.991
FD10869	209.250 	 28.060 	 52.017
FD10869	209.375 	 28.056 	 52.039
FD10869	209.500 	 28.055 	 52.049
FD10869	209.625 	 28.051 	 52.059
FD10869	209.750 	 28.047 	 52.064
FD10869	209.875 	 28.046 	 52.069
FD10869	210.000 	 28.045 	 52.076
FD10869	210.125 	 28.044 	 52.079
FD10869	210.250 	 28.043 	 52.078
FD10869	210.375 	 28.045 	 52.078
FD10869	210.500 	 28.040 	 52.077
FD10869	210.625 	 28.043 	 52.077
FD10869	210.750 	 28.043 	 52.083
FD10869	210.875 	 28.044 	 52.091
FD10869	211.000 	 28.045 	 52.101
FD10869	211.125 	 28.041 	 52.103
FD10869	211.250 	 28.044 	 52.099
FD10869	211.375 	 28.044 	 52.094
FD10869	211.500 	 28.043 	 52.082
FD10869	211.625 	 28.039 	 52.063
FD10869	211.750 	 28.042 	 52.051
FD10869	211.875 	 28.043 	 52.042
FD10869	212.000 	 28.039 	 52.036
FD10869	212.125 	 28.043 	 52.036
FD10869	212.250 	 28.045 	 52.040
FD10869	212.375 	 28.045 	 52.042
FD10869	212.500 	 28.047 	 52.052
FD10869	212.625 	 28.050 	 52.056
FD10869	212.750 	 28.056 	 52.065
FD10869	212.875 	 28.062 	 52.071
FD10869	213.000 	 28.067 	 52.075
FD10869	213.125 	 28.076 	 52.081
FD10869	213.250 	 28.084 	 52.083
FD10869	213.375 	 28.090 	 52.083
FD10869	213.500 	 28.098 	 52.083
FD10869	213.625 	 28.111 	 52.075
FD10869	213.750 	 28.120 	 52.060
FD10869	213.875 	 28.129 	 52.038
FD10869	214.000 	 28.144 	 52.016
FD10869	214.125 	 28.154 	 51.992
FD10869	214.250 	 28.166 	 51.973
FD10869	214.375 	 28.176 	 51.958
FD10869	214.500 	 28.184 	 51.946
FD10869	214.625 	 28.193 	 51.939
FD10869	214.750 	 28.199 	 51.928
FD10869	214.875 	 28.205 	 51.919
FD10869	215.000 	 28.209 	 51.912
FD10869	215.125 	 28.212 	 51.903
FD10869	215.250 	 28.218 	 51.897
FD10869	215.375 	 28.217 	 51.888
FD10869	215.500 	 28.222 	 51.884
FD10869	215.625 	 28.224 	 51.882
FD10869	215.750 	 28.222 	 51.876
FD10869	215.875 	 28.221 	 51.875
FD10869	216.000 	 28.216 	 51.873
FD10869	216.125 	 28.215 	 51.867
FD10869	216.250 	 28.205 	 51.855
FD10869	216.375 	 28.207 	 51.836
FD10869	216.500 	 28.203 	 51.805
FD10869	216.625 	 28.197 	 51.770
FD10869	216.750 	 28.196 	 51.734
FD10869	216.875 	 28.194 	 51.692
FD10869	217.000 	 28.192 	 51.656
FD10869	217.125 	 28.187 	 51.630
FD10869	217.250 	 28.188 	 51.608
FD10869	217.375 	 28.181 	 51.590
FD10869	217.500 	 28.173 	 51.581
FD10869	217.625 	 28.169 	 51.567
FD10869	217.750 	 28.157 	 51.559
FD10869	217.875 	 28.151 	 51.547
FD10869	218.000 	 28.146 	 51.533
FD10869	218.125 	 28.137 	 51.519
FD10869	218.250 	 28.134 	 51.510
FD10869	218.375 	 28.131 	 51.503
FD10869	218.500 	 28.124 	 51.507
FD10869	218.625 	 28.120 	 51.520
FD10869	218.750 	 28.111 	 51.537
FD10869	218.875 	 28.107 	 51.556
FD10869	219.000 	 28.101 	 51.573
FD10869	219.125 	 28.095 	 51.588
FD10869	219.250 	 28.090 	 51.596
FD10869	219.375 	 28.086 	 51.592
FD10869	219.500 	 28.080 	 51.593
FD10869	219.625 	 28.079 	 51.591
FD10869	219.750 	 28.077 	 51.591
FD10869	219.875 	 28.075 	 51.597
FD10869	220.000 	 28.074 	 51.605
FD10869	220.125 	 28.070 	 51.612
FD10869	220.250 	 28.062 	 51.619
FD10869	220.375 	 28.054 	 51.627
FD10869	220.500 	 28.052 	 51.633
FD10869	220.625 	 28.039 	 51.638
FD10869	220.750 	 28.032 	 51.645
FD10869	220.875 	 28.027 	 51.658
FD10869	221.000 	 28.017 	 51.672
FD10869	221.125 	 28.011 	 51.684
FD10869	221.250 	 28.003 	 51.698
FD10869	221.375 	 27.999 	 51.705
FD10869	221.500 	 27.992 	 51.710
FD10869	221.625 	 27.989 	 51.713
FD10869	221.750 	 27.987 	 51.721
FD10869	221.875 	 27.982 	 51.729
FD10869	222.000 	 27.973 	 51.734
FD10869	222.125 	 27.967 	 51.741
FD10869	222.250 	 27.956 	 51.736
FD10869	222.375 	 27.945 	 51.723
FD10869	222.500 	 27.933 	 51.700
FD10869	222.625 	 27.924 	 51.667
FD10869	222.750 	 27.914 	 51.634
FD10869	222.875 	 27.907 	 51.607
FD10869	223.000 	 27.896 	 51.588
FD10869	223.125 	 27.886 	 51.581
FD10869	223.250 	 27.878 	 51.587
FD10869	223.375 	 27.867 	 51.598
FD10869	223.500 	 27.856 	 51.615
FD10869	223.625 	 27.850 	 51.628
FD10869	223.750 	 27.841 	 51.628
FD10869	223.875 	 27.837 	 51.621
FD10869	224.000 	 27.836 	 51.607
FD10869	224.125 	 27.834 	 51.582
FD10869	224.250 	 27.836 	 51.559
FD10869	224.375 	 27.833 	 51.533
FD10869	224.500 	 27.837 	 51.506
FD10869	224.625 	 27.843 	 51.480
FD10869	224.750 	 27.840 	 51.450
FD10869	224.875 	 27.841 	 51.423
FD10869	225.000 	 27.845 	 51.401
FD10869	225.125 	 27.841 	 51.380
FD10869	225.250 	 27.842 	 51.365
FD10869	225.375 	 27.847 	 51.359
FD10869	225.500 	 27.848 	 51.364
FD10869	225.625 	 27.845 	 51.375
FD10869	225.750 	 27.849 	 51.397
FD10869	225.875 	 27.850 	 51.429
FD10869	226.000 	 27.854 	 51.464
FD10869	226.125 	 27.857 	 51.504
FD10869	226.250 	 27.866 	 51.547
FD10869	226.375 	 27.876 	 51.593
FD10869	226.500 	 27.882 	 51.628
FD10869	226.625 	 27.891 	 51.660
FD10869	226.750 	 27.909 	 51.681
FD10869	226.875 	 27.922 	 51.681
FD10869	227.000 	 27.933 	 51.670
FD10869	227.125 	 27.951 	 51.648
FD10869	227.250 	 27.964 	 51.626
FD10869	227.375 	 27.983 	 51.601
FD10869	227.500 	 28.000 	 51.584
FD10869	227.625 	 28.014 	 51.573
FD10869	227.750 	 28.026 	 51.572
FD10869	227.875 	 28.045 	 51.573
FD10869	228.000 	 28.057 	 51.576
FD10869	228.125 	 28.065 	 51.580
FD10869	228.250 	 28.077 	 51.578
FD10869	228.375 	 28.088 	 51.568
FD10869	228.500 	 28.092 	 51.548
FD10869	228.625 	 28.101 	 51.525
FD10869	228.750 	 28.102 	 51.497
FD10869	228.875 	 28.101 	 51.473
FD10869	229.000 	 28.102 	 51.439
FD10869	229.125 	 28.101 	 51.412
FD10869	229.250 	 28.092 	 51.376
FD10869	229.375 	 28.081 	 51.339
FD10869	229.500 	 28.071 	 51.303
FD10869	229.625 	 28.052 	 51.271
FD10869	229.750 	 28.037 	 51.244
FD10869	229.875 	 28.011 	 51.226
FD10869	230.000 	 27.994 	 51.212
FD10869	230.125 	 27.970 	 51.199
FD10869	230.250 	 27.944 	 51.182
FD10869	230.375 	 27.918 	 51.160
FD10869	230.500 	 27.896 	 51.135
FD10869	230.625 	 27.875 	 51.103
FD10869	230.750 	 27.852 	 51.077
FD10869	230.875 	 27.830 	 51.056
FD10869	231.000 	 27.818 	 51.044
FD10869	231.125 	 27.806 	 51.043
FD10869	231.250 	 27.791 	 51.047
FD10869	231.375 	 27.779 	 51.054
FD10869	231.500 	 27.775 	 51.067
FD10869	231.625 	 27.768 	 51.078
FD10869	231.750 	 27.771 	 51.084
FD10869	231.875 	 27.776 	 51.087
FD10869	232.000 	 27.783 	 51.080
FD10869	232.125 	 27.793 	 51.076
FD10869	232.250 	 27.807 	 51.067
FD10869	232.375 	 27.820 	 51.062
FD10869	232.500 	 27.836 	 51.062
FD10869	232.625 	 27.851 	 51.060
FD10869	232.750 	 27.868 	 51.057
FD10869	232.875 	 27.883 	 51.049
FD10869	233.000 	 27.899 	 51.041
FD10869	233.125 	 27.914 	 51.030
FD10869	233.250 	 27.934 	 51.021
FD10869	233.375 	 27.943 	 51.006
FD10869	233.500 	 27.955 	 51.002
FD10869	233.625 	 27.963 	 50.992
FD10869	233.750 	 27.973 	 50.988
FD10869	233.875 	 27.980 	 50.979
FD10869	234.000 	 27.986 	 50.971
FD10869	234.125 	 27.995 	 50.963
FD10869	234.250 	 28.009 	 50.959
FD10869	234.375 	 28.021 	 50.964
FD10869	234.500 	 28.036 	 50.971
FD10869	234.625 	 28.057 	 50.994
FD10869	234.750 	 28.072 	 51.018
FD10869	234.875 	 28.084 	 51.046
FD10869	235.000 	 28.103 	 51.056
FD10869	235.125 	 28.117 	 51.053
FD10869	235.250 	 28.137 	 51.023
FD10869	235.375 	 28.152 	 50.970
FD10869	235.500 	 28.168 	 50.903
FD10869	235.625 	 28.190 	 50.834
FD10869	235.750 	 28.205 	 50.776
FD10869	235.875 	 28.217 	 50.728
FD10869	236.000 	 28.234 	 50.705
FD10869	236.125 	 28.241 	 50.690
FD10869	236.250 	 28.243 	 50.684
FD10869	236.375 	 28.245 	 50.687
FD10869	236.500 	 28.233 	 50.686
FD10869	236.625 	 28.230 	 50.698
FD10869	236.750 	 28.218 	 50.710
FD10869	236.875 	 28.211 	 50.730
FD10869	237.000 	 28.204 	 50.750
FD10869	237.125 	 28.193 	 50.767
FD10869	237.250 	 28.182 	 50.790
FD10869	237.375 	 28.166 	 50.809
FD10869	237.500 	 28.154 	 50.830
FD10869	237.625 	 28.143 	 50.843
FD10869	237.750 	 28.125 	 50.854
FD10869	237.875 	 28.116 	 50.851
FD10869	238.000 	 28.097 	 50.846
FD10869	238.125 	 28.084 	 50.844
FD10869	238.250 	 28.064 	 50.847
FD10869	238.375 	 28.049 	 50.871
FD10869	238.500 	 28.039 	 50.908
FD10869	238.625 	 28.017 	 50.951
FD10869	238.750 	 27.997 	 51.010
FD10869	238.875 	 27.980 	 51.060
FD10869	239.000 	 27.956 	 51.107
FD10869	239.125 	 27.939 	 51.147
FD10869	239.250 	 27.918 	 51.167
FD10869	239.375 	 27.903 	 51.181
FD10869	239.500 	 27.887 	 51.176
FD10869	239.625 	 27.871 	 51.161
FD10869	239.750 	 27.860 	 51.145
FD10869	239.875 	 27.846 	 51.120
FD10869	240.000 	 27.839 	 51.106
FD10869	240.125 	 27.837 	 51.088
FD10869	240.250 	 27.834 	 51.078
FD10869	240.375 	 27.836 	 51.078
FD10869	240.500 	 27.839 	 51.077
FD10869	240.625 	 27.845 	 51.084
FD10869	240.750 	 27.852 	 51.093
FD10869	240.875 	 27.860 	 51.099
FD10869	241.000 	 27.876 	 51.097
FD10869	241.125 	 27.883 	 51.092
FD10869	241.250 	 27.890 	 51.077
FD10869	241.375 	 27.907 	 51.053
FD10869	241.500 	 27.916 	 51.032
FD10869	241.625 	 27.934 	 50.997
FD10869	241.750 	 27.947 	 50.965
FD10869	241.875 	 27.969 	 50.924
FD10869	242.000 	 27.986 	 50.889
FD10869	242.125 	 28.004 	 50.856
FD10869	242.250 	 28.020 	 50.837
FD10869	242.375 	 28.040 	 50.820
FD10869	242.500 	 28.051 	 50.812
FD10869	242.625 	 28.064 	 50.794
FD10869	242.750 	 28.083 	 50.765
FD10869	242.875 	 28.094 	 50.725
FD10869	243.000 	 28.115 	 50.685
FD10869	243.125 	 28.127 	 50.642
FD10869	243.250 	 28.148 	 50.623
FD10869	243.375 	 28.163 	 50.612
FD10869	243.500 	 28.181 	 50.627
FD10869	243.625 	 28.195 	 50.638
FD10869	243.750 	 28.206 	 50.649
FD10869	243.875 	 28.209 	 50.649
FD10869	244.000 	 28.211 	 50.635
FD10869	244.125 	 28.215 	 50.608
FD10869	244.250 	 28.217 	 50.569
FD10869	244.375 	 28.217 	 50.531
FD10869	244.500 	 28.227 	 50.487
FD10869	244.625 	 28.237 	 50.452
FD10869	244.750 	 28.247 	 50.422
FD10869	244.875 	 28.255 	 50.385
FD10869	245.000 	 28.259 	 50.345
FD10869	245.125 	 28.269 	 50.307
FD10869	245.250 	 28.275 	 50.264
FD10869	245.375 	 28.278 	 50.224
FD10869	245.500 	 28.287 	 50.184
FD10869	245.625 	 28.289 	 50.151
FD10869	245.750 	 28.296 	 50.135
FD10869	245.875 	 28.303 	 50.120
FD10869	246.000 	 28.311 	 50.117
FD10869	246.125 	 28.321 	 50.115
FD10869	246.250 	 28.329 	 50.116
FD10869	246.375 	 28.337 	 50.117
FD10869	246.500 	 28.341 	 50.119
FD10869	246.625 	 28.345 	 50.119
FD10869	246.750 	 28.347 	 50.124
FD10869	246.875 	 28.345 	 50.121
FD10869	247.000 	 28.344 	 50.129
FD10869	247.125 	 28.345 	 50.132
FD10869	247.250 	 28.344 	 50.135
FD10869	247.375 	 28.349 	 50.142
FD10869	247.500 	 28.344 	 50.145
FD10869	247.625 	 28.344 	 50.145
FD10869	247.750 	 28.344 	 50.150
FD10869	247.875 	 28.344 	 50.153
FD10869	248.000 	 28.346 	 50.152
FD10869	248.125 	 28.347 	 50.153
FD10869	248.250 	 28.344 	 50.150
FD10869	248.375 	 28.345 	 50.155
FD10869	248.500 	 28.344 	 50.150
FD10869	248.625 	 28.345 	 50.155
FD10869	248.750 	 28.348 	 50.155
FD10869	248.875 	 28.344 	 50.158
FD10869	249.000 	 28.344 	 50.163
FD10869	249.125 	 28.344 	 50.168
FD10869	249.250 	 28.345 	 50.171
FD10869	249.375 	 28.344 	 50.179
FD10869	249.500 	 28.348 	 50.179
FD10869	249.625 	 28.344 	 50.187
FD10869	249.750 	 28.345 	 50.189
FD10869	249.875 	 28.345 	 50.189
FD10869	250.000 	 28.344 	 50.197
FD10869	250.125 	 28.348 	 50.202
FD10869	250.250 	 28.344 	 50.208
FD10869	250.375 	 28.345 	 50.213
FD10869	250.500 	 28.344 	 50.216
FD10869	250.625 	 28.344 	 50.216
FD10869	250.750 	 28.345 	 50.218
FD10869	250.875 	 28.348 	 50.218
FD10869	251.000 	 28.345 	 50.218
FD10869	251.125 	 28.344 	 50.216
FD10869	251.250 	 28.345 	 50.218
FD10869	251.375 	 28.344 	 50.221
FD10869	251.500 	 28.348 	 50.218
FD10869	251.625 	 28.344 	 50.216
FD10869	251.750 	 28.345 	 50.218
FD10869	251.875 	 28.345 	 50.218
FD10869	252.000 	 28.344 	 50.221
FD10869	252.125 	 28.344 	 50.216
FD10869	252.250 	 28.348 	 50.218
FD10869	252.375 	 28.345 	 50.218
FD10869	252.500 	 28.345 	 50.218
FD10869	252.625 	 28.343 	 50.218
FD10869	252.750 	 28.345 	 50.218
FD10869	252.875 	 28.348 	 50.218
FD10869	253.000 	 28.345 	 50.218
FD10869	253.125 	 28.344 	 50.216
FD10869	253.250 	 28.344 	 50.221
FD10869	253.375 	 28.345 	 50.218
FD10869	253.500 	 28.345 	 50.218
FD10869	253.625 	 28.347 	 50.216
FD10869	253.750 	 28.345 	 50.218
FD10869	253.875 	 28.344 	 50.221
FD10869	254.000 	 28.345 	 50.218
FD10869	254.125 	 28.344 	 50.216
FD10869	254.250 	 28.348 	 50.218
FD10869	254.375 	 28.345 	 50.218
FD10869	254.500 	 28.344 	 50.221
FD10869	254.625 	 28.345 	 50.218
FD10869	254.750 	 28.344 	 50.216
FD10869	254.875 	 28.345 	 50.218
FD10869	255.000 	 28.348 	 50.218
FD10869	255.125 	 28.344 	 50.221
FD10869	255.250 	 28.344 	 50.216
FD10869	255.375 	 28.345 	 50.218
FD10869	255.500 	 28.345 	 50.218
FD10869	255.625 	 28.348 	 50.218
FD10869	255.750 	 28.343 	 50.218
FD10869	255.875 	 28.345 	 50.218
FD10869	256.000 	 28.345 	 50.218
FD10869	256.125 	 28.345 	 50.218
FD10869	256.250 	 28.344 	 50.216
FD10869	256.375 	 28.347 	 50.221
FD10869	256.500 	 28.345 	 50.218
FD10869	256.625 	 28.345 	 50.218
FD10869	256.750 	 28.344 	 50.216
FD10869	256.875 	 28.345 	 50.218
FD10869	257.000 	 28.347 	 50.221
FD10869	257.125 	 28.345 	 50.218
FD10869	257.250 	 28.344 	 50.216
FD10869	257.375 	 28.345 	 50.218
FD10869	257.500 	 28.345 	 50.218
FD10869	257.625 	 28.344 	 50.221
FD10869	257.750 	 28.347 	 50.216
FD10869	257.875 	 28.345 	 50.218
FD10869	258.000 	 28.345 	 50.218
FD10869	258.125 	 28.345 	 50.218
FD10869	258.250 	 28.344 	 50.221
FD10869	258.375 	 28.347 	 50.216
FD10869	258.500 	 28.345 	 50.218
FD10869	258.625 	 28.345 	 50.218
FD10869	258.750 	 28.345 	 50.218
FD10869	258.875 	 28.343 	 50.218
FD10869	259.000 	 28.345 	 50.218
FD10869	259.125 	 28.348 	 50.218
FD10869	259.250 	 28.345 	 50.218
FD10869	259.375 	 28.344 	 50.216
FD10869	259.500 	 28.344 	 50.221
FD10869	259.625 	 28.345 	 50.218
FD10869	259.750 	 28.348 	 50.218
FD10869	259.875 	 28.344 	 50.216
FD10869	260.000 	 28.345 	 50.218
FD10869	260.125 	 0.000 	 90.000
FD10869	260.250 	 0.000 	 90.000
FD10869	260.375 	 0.000 	 90.000
FD10869	260.500 	 0.000 	 90.000
FD10869	260.625 	 0.000 	 90.000
FD10869	260.750 	 0.000 	 90.000
FD10869	260.875 	 0.000 	 90.000
FD10869	261.000 	 0.000 	 90.000
FD10869	261.125 	 0.000 	 90.000
FD10869	261.250 	 0.000 	 90.000
FD10869	261.375 	 0.000 	 90.000
FD10869	261.500 	 0.000 	 90.000
FD10869	261.625 	 0.000 	 90.000
FD10869	261.750 	 0.000 	 90.000
FD10869	261.875 	 0.000 	 90.000
FD10869	262.000 	 0.000 	 90.000
FD10869	262.125 	 0.000 	 90.000
FD10869	262.250 	 0.000 	 90.000
FD10869	262.375 	 0.000 	 90.000
FD10869	262.500 	 0.000 	 90.000
FD10869	262.625 	 0.000 	 90.000
FD10869	262.750 	 0.000 	 90.000
FD10869	262.875 	 0.000 	 90.000
FD10869	263.000 	 0.000 	 90.000
FD10869	263.125 	 0.000 	 90.000
FD10869	263.250 	 0.000 	 90.000
FD10869	263.375 	 0.000 	 90.000
FD10869	263.500 	 0.000 	 90.000
FD10869	263.625 	 0.000 	 90.000
FD10869	263.750 	 0.000 	 90.000
FD10869	263.875 	 0.000 	 90.000
FD10869	264.000 	 0.000 	 90.000
FD10869	264.125 	 0.000 	 90.000
FD10869	264.250 	 0.000 	 90.000
FD10869	264.375 	 0.000 	 90.000
FD10869	264.500 	 0.000 	 90.000
FD10869	264.625 	 0.000 	 90.000
FD10869	264.750 	 0.000 	 90.000
FD10869	264.875 	 0.000 	 90.000
FD10869	265.000 	 0.000 	 90.000
FD10869	265.125 	 0.000 	 90.000
FD10869	265.250 	 0.000 	 90.000
FD10869	265.375 	 0.000 	 90.000
FD10869	265.500 	 0.000 	 90.000
FD10869	265.625 	 0.000 	 90.000
FD10869	265.750 	 0.000 	 90.000
FD10869	265.875 	 0.000 	 90.000
FD10869	266.000 	 0.000 	 90.000
FD10869	266.125 	 0.000 	 90.000
FD10869	266.250 	 0.000 	 90.000
FD10869	266.375 	 0.000 	 90.000
FD10869	266.500 	 0.000 	 90.000
FD10869	266.625 	 0.000 	 90.000
FD10869	266.750 	 0.000 	 90.000
FD10869	266.875 	 0.000 	 90.000
FD10869	267.000 	 0.000 	 90.000
FD10869	267.125 	 0.000 	 90.000
FD10869	267.250 	 0.000 	 90.000
FD10869	267.375 	 0.000 	 90.000
FD10869	267.500 	 0.000 	 90.000
FD10869	267.625 	 0.000 	 90.000
FD10869	267.750 	 0.000 	 90.000
FD10869	267.875 	 0.000 	 90.000
FD10869	268.000 	 0.000 	 90.000
FD10869	268.125 	 0.000 	 90.000
FD10869	268.250 	 0.000 	 90.000
FD10869	268.375 	 0.000 	 90.000
FD10869	268.500 	 0.000 	 90.000
FD10869	268.625 	 0.000 	 90.000
FD10869	268.750 	 0.000 	 90.000
FD10869	268.875 	 0.000 	 90.000
FD10869	269.000 	 0.000 	 90.000
FD10869	269.125 	 0.000 	 90.000
FD10869	269.250 	 0.000 	 90.000
FD10869	269.375 	 0.000 	 90.000
FD10869	269.500 	 0.000 	 90.000
FD10869	269.625 	 0.000 	 90.000
FD10869	269.750 	 0.000 	 90.000
FD10869	269.875 	 0.000 	 90.000
FD10869	270.000 	 0.000 	 90.000
