#WellName	 Depth.M	 INCL	 AZIM 
WellName	 Depth.M	 INCL	 AZIM 
FD10802	0.000 	 0.000 	 0.000
FD10802	0.125 	 0.000 	 90.000
FD10802	0.250 	 0.120 	 148.418
FD10802	0.375 	 0.123 	 149.105
FD10802	0.500 	 0.125 	 148.161
FD10802	0.625 	 0.124 	 148.792
FD10802	0.750 	 0.124 	 149.314
FD10802	0.875 	 0.125 	 148.303
FD10802	1.000 	 0.125 	 148.725
FD10802	1.125 	 0.123 	 149.105
FD10802	1.250 	 0.124 	 148.725
FD10802	1.375 	 0.124 	 148.929
FD10802	1.500 	 0.124 	 149.008
FD10802	1.625 	 0.124 	 149.012
FD10802	1.750 	 0.124 	 149.312
FD10802	1.875 	 0.123 	 149.775
FD10802	2.000 	 0.123 	 149.891
FD10802	2.125 	 0.123 	 149.445
FD10802	2.250 	 0.124 	 148.533
FD10802	2.375 	 0.126 	 147.589
FD10802	2.500 	 0.129 	 146.837
FD10802	2.625 	 0.132 	 145.828
FD10802	2.750 	 0.135 	 144.659
FD10802	2.875 	 0.139 	 143.293
FD10802	3.000 	 0.142 	 141.918
FD10802	3.125 	 0.145 	 140.456
FD10802	3.250 	 0.147 	 139.219
FD10802	3.375 	 0.148 	 138.009
FD10802	3.500 	 0.150 	 137.138
FD10802	3.625 	 0.152 	 137.250
FD10802	3.750 	 0.154 	 137.478
FD10802	3.875 	 0.157 	 136.641
FD10802	4.000 	 0.161 	 135.572
FD10802	4.125 	 0.164 	 134.704
FD10802	4.250 	 0.167 	 134.306
FD10802	4.375 	 0.170 	 133.988
FD10802	4.500 	 0.173 	 133.895
FD10802	4.625 	 0.174 	 133.699
FD10802	4.750 	 0.175 	 133.006
FD10802	4.875 	 0.176 	 132.104
FD10802	5.000 	 0.177 	 130.944
FD10802	5.125 	 0.178 	 129.654
FD10802	5.250 	 0.180 	 129.641
FD10802	5.375 	 0.184 	 130.492
FD10802	5.500 	 0.189 	 131.563
FD10802	5.625 	 0.195 	 132.996
FD10802	5.750 	 0.201 	 134.224
FD10802	5.875 	 0.208 	 135.455
FD10802	6.000 	 0.214 	 136.423
FD10802	6.125 	 0.219 	 137.265
FD10802	6.250 	 0.223 	 138.011
FD10802	6.375 	 0.226 	 138.860
FD10802	6.500 	 0.228 	 139.575
FD10802	6.625 	 0.229 	 140.494
FD10802	6.750 	 0.230 	 141.681
FD10802	6.875 	 0.231 	 142.961
FD10802	7.000 	 0.233 	 143.868
FD10802	7.125 	 0.234 	 144.691
FD10802	7.250 	 0.236 	 145.696
FD10802	7.375 	 0.238 	 146.924
FD10802	7.500 	 0.239 	 147.966
FD10802	7.625 	 0.240 	 148.943
FD10802	7.750 	 0.241 	 149.676
FD10802	7.875 	 0.241 	 150.640
FD10802	8.000 	 0.241 	 151.708
FD10802	8.125 	 0.239 	 152.692
FD10802	8.250 	 0.239 	 153.438
FD10802	8.375 	 0.237 	 154.260
FD10802	8.500 	 0.237 	 155.033
FD10802	8.625 	 0.236 	 155.895
FD10802	8.750 	 0.236 	 156.891
FD10802	8.875 	 0.236 	 158.141
FD10802	9.000 	 0.236 	 159.299
FD10802	9.125 	 0.236 	 160.599
FD10802	9.250 	 0.236 	 161.662
FD10802	9.375 	 0.236 	 162.266
FD10802	9.500 	 0.237 	 162.076
FD10802	9.625 	 0.237 	 161.311
FD10802	9.750 	 0.238 	 160.873
FD10802	9.875 	 0.239 	 161.415
FD10802	10.000 	 0.240 	 162.325
FD10802	10.125 	 0.241 	 163.236
FD10802	10.250 	 0.242 	 164.159
FD10802	10.375 	 0.244 	 165.296
FD10802	10.500 	 0.245 	 166.446
FD10802	10.625 	 0.246 	 167.559
FD10802	10.750 	 0.247 	 168.566
FD10802	10.875 	 0.248 	 180.000
FD10802	11.000 	 0.249 	 180.000
FD10802	11.125 	 0.249 	 180.000
FD10802	11.250 	 0.250 	 180.000
FD10802	11.375 	 0.250 	 180.000
FD10802	11.500 	 0.249 	 180.000
FD10802	11.625 	 0.248 	 180.000
FD10802	11.750 	 0.248 	 180.000
FD10802	11.875 	 0.246 	 180.000
FD10802	12.000 	 0.246 	 180.000
FD10802	12.125 	 0.244 	 180.000
FD10802	12.250 	 0.243 	 180.000
FD10802	12.375 	 0.242 	 180.000
FD10802	12.500 	 0.241 	 180.000
FD10802	12.625 	 0.239 	 180.000
FD10802	12.750 	 0.238 	 180.000
FD10802	12.875 	 0.236 	 180.000
FD10802	13.000 	 0.236 	 180.000
FD10802	13.125 	 0.235 	 180.000
FD10802	13.250 	 0.234 	 180.000
FD10802	13.375 	 0.233 	 180.000
FD10802	13.500 	 0.233 	 180.000
FD10802	13.625 	 0.233 	 180.000
FD10802	13.750 	 0.233 	 180.000
FD10802	13.875 	 0.233 	 180.000
FD10802	14.000 	 0.233 	 180.000
FD10802	14.125 	 0.234 	 180.000
FD10802	14.250 	 0.234 	 180.000
FD10802	14.375 	 0.234 	 180.000
FD10802	14.500 	 0.234 	 180.000
FD10802	14.625 	 0.234 	 180.000
FD10802	14.750 	 0.234 	 180.000
FD10802	14.875 	 0.234 	 180.000
FD10802	15.000 	 0.234 	 180.000
FD10802	15.125 	 0.233 	 180.000
FD10802	15.250 	 0.233 	 180.000
FD10802	15.375 	 0.233 	 180.000
FD10802	15.500 	 0.233 	 180.000
FD10802	15.625 	 0.233 	 180.000
FD10802	15.750 	 0.233 	 180.000
FD10802	15.875 	 0.233 	 180.000
FD10802	16.000 	 0.233 	 180.000
FD10802	16.125 	 0.235 	 180.000
FD10802	16.250 	 0.235 	 180.000
FD10802	16.375 	 0.237 	 180.000
FD10802	16.500 	 0.239 	 180.000
FD10802	16.625 	 0.241 	 180.000
FD10802	16.750 	 0.243 	 180.000
FD10802	16.875 	 0.247 	 180.000
FD10802	17.000 	 0.251 	 180.000
FD10802	17.125 	 0.255 	 180.000
FD10802	17.250 	 0.259 	 180.000
FD10802	17.375 	 0.264 	 180.000
FD10802	17.500 	 0.268 	 180.000
FD10802	17.625 	 0.274 	 180.000
FD10802	17.750 	 0.278 	 180.000
FD10802	17.875 	 0.283 	 180.000
FD10802	18.000 	 0.287 	 169.751
FD10802	18.125 	 0.292 	 168.510
FD10802	18.250 	 0.295 	 167.879
FD10802	18.375 	 0.299 	 167.068
FD10802	18.500 	 0.302 	 165.846
FD10802	18.625 	 0.304 	 164.615
FD10802	18.750 	 0.306 	 163.760
FD10802	18.875 	 0.307 	 163.313
FD10802	19.000 	 0.307 	 162.981
FD10802	19.125 	 0.307 	 162.962
FD10802	19.250 	 0.305 	 163.903
FD10802	19.375 	 0.302 	 165.008
FD10802	19.500 	 0.300 	 165.930
FD10802	19.625 	 0.296 	 166.875
FD10802	19.750 	 0.292 	 167.756
FD10802	19.875 	 0.288 	 168.738
FD10802	20.000 	 0.284 	 169.291
FD10802	20.125 	 0.280 	 169.441
FD10802	20.250 	 0.276 	 169.253
FD10802	20.375 	 0.271 	 169.658
FD10802	20.500 	 0.267 	 180.000
FD10802	20.625 	 0.264 	 180.000
FD10802	20.750 	 0.261 	 180.000
FD10802	20.875 	 0.257 	 180.000
FD10802	21.000 	 0.255 	 180.000
FD10802	21.125 	 0.253 	 180.000
FD10802	21.250 	 0.253 	 180.000
FD10802	21.375 	 0.252 	 180.000
FD10802	21.500 	 0.252 	 180.000
FD10802	21.625 	 0.253 	 180.000
FD10802	21.750 	 0.253 	 180.000
FD10802	21.875 	 0.254 	 180.000
FD10802	22.000 	 0.255 	 180.000
FD10802	22.125 	 0.256 	 180.000
FD10802	22.250 	 0.257 	 180.000
FD10802	22.375 	 0.258 	 180.000
FD10802	22.500 	 0.259 	 180.000
FD10802	22.625 	 0.260 	 180.000
FD10802	22.750 	 0.261 	 180.000
FD10802	22.875 	 0.263 	 180.000
FD10802	23.000 	 0.263 	 180.000
FD10802	23.125 	 0.264 	 180.000
FD10802	23.250 	 0.264 	 180.000
FD10802	23.375 	 0.265 	 180.000
FD10802	23.500 	 0.265 	 180.000
FD10802	23.625 	 0.264 	 180.000
FD10802	23.750 	 0.264 	 180.000
FD10802	23.875 	 0.262 	 180.000
FD10802	24.000 	 0.261 	 180.000
FD10802	24.125 	 0.259 	 180.000
FD10802	24.250 	 0.257 	 180.000
FD10802	24.375 	 0.255 	 180.000
FD10802	24.500 	 0.253 	 180.000
FD10802	24.625 	 0.250 	 180.000
FD10802	24.750 	 0.248 	 180.000
FD10802	24.875 	 0.245 	 180.000
FD10802	25.000 	 0.243 	 180.000
FD10802	25.125 	 0.239 	 180.000
FD10802	25.250 	 0.237 	 180.000
FD10802	25.375 	 0.233 	 180.000
FD10802	25.500 	 0.231 	 180.000
FD10802	25.625 	 0.227 	 180.000
FD10802	25.750 	 0.225 	 180.000
FD10802	25.875 	 0.223 	 180.000
FD10802	26.000 	 0.220 	 180.000
FD10802	26.125 	 0.218 	 180.000
FD10802	26.250 	 0.215 	 180.000
FD10802	26.375 	 0.213 	 180.000
FD10802	26.500 	 0.211 	 180.000
FD10802	26.625 	 0.209 	 180.000
FD10802	26.750 	 0.208 	 180.000
FD10802	26.875 	 0.205 	 180.000
FD10802	27.000 	 0.204 	 180.000
FD10802	27.125 	 0.202 	 180.000
FD10802	27.250 	 0.202 	 180.000
FD10802	27.375 	 0.200 	 180.000
FD10802	27.500 	 0.200 	 180.000
FD10802	27.625 	 0.199 	 166.103
FD10802	27.750 	 0.199 	 165.046
FD10802	27.875 	 0.199 	 163.881
FD10802	28.000 	 0.199 	 162.795
FD10802	28.125 	 0.199 	 161.635
FD10802	28.250 	 0.199 	 160.585
FD10802	28.375 	 0.199 	 159.569
FD10802	28.500 	 0.199 	 159.115
FD10802	28.625 	 0.200 	 158.784
FD10802	28.750 	 0.200 	 158.517
FD10802	28.875 	 0.202 	 158.435
FD10802	29.000 	 0.202 	 158.208
FD10802	29.125 	 0.204 	 157.770
FD10802	29.250 	 0.204 	 157.248
FD10802	29.375 	 0.205 	 156.414
FD10802	29.500 	 0.206 	 155.406
FD10802	29.625 	 0.207 	 154.364
FD10802	29.750 	 0.209 	 153.764
FD10802	29.875 	 0.210 	 153.859
FD10802	30.000 	 0.211 	 154.519
FD10802	30.125 	 0.213 	 155.007
FD10802	30.250 	 0.214 	 155.315
FD10802	30.375 	 0.216 	 155.911
FD10802	30.500 	 0.218 	 156.420
FD10802	30.625 	 0.220 	 156.677
FD10802	30.750 	 0.221 	 157.120
FD10802	30.875 	 0.223 	 157.562
FD10802	31.000 	 0.224 	 157.385
FD10802	31.125 	 0.226 	 157.070
FD10802	31.250 	 0.228 	 157.136
FD10802	31.375 	 0.230 	 157.358
FD10802	31.500 	 0.231 	 157.805
FD10802	31.625 	 0.232 	 158.680
FD10802	31.750 	 0.234 	 159.412
FD10802	31.875 	 0.236 	 159.746
FD10802	32.000 	 0.237 	 159.484
FD10802	32.125 	 0.238 	 158.705
FD10802	32.250 	 0.239 	 157.945
FD10802	32.375 	 0.240 	 157.759
FD10802	32.500 	 0.241 	 158.363
FD10802	32.625 	 0.242 	 159.152
FD10802	32.750 	 0.243 	 159.832
FD10802	32.875 	 0.244 	 160.723
FD10802	33.000 	 0.244 	 161.387
FD10802	33.125 	 0.245 	 162.085
FD10802	33.250 	 0.245 	 162.660
FD10802	33.375 	 0.246 	 163.355
FD10802	33.500 	 0.246 	 164.266
FD10802	33.625 	 0.246 	 165.326
FD10802	33.750 	 0.246 	 166.241
FD10802	33.875 	 0.246 	 167.251
FD10802	34.000 	 0.246 	 168.280
FD10802	34.125 	 0.245 	 180.000
FD10802	34.250 	 0.245 	 180.000
FD10802	34.375 	 0.244 	 180.000
FD10802	34.500 	 0.244 	 180.000
FD10802	34.625 	 0.243 	 180.000
FD10802	34.750 	 0.243 	 180.000
FD10802	34.875 	 0.241 	 180.000
FD10802	35.000 	 0.241 	 180.000
FD10802	35.125 	 0.239 	 180.000
FD10802	35.250 	 0.238 	 180.000
FD10802	35.375 	 0.236 	 180.000
FD10802	35.500 	 0.235 	 180.000
FD10802	35.625 	 0.233 	 180.000
FD10802	35.750 	 0.232 	 168.355
FD10802	35.875 	 0.230 	 167.169
FD10802	36.000 	 0.229 	 166.131
FD10802	36.125 	 0.227 	 165.071
FD10802	36.250 	 0.227 	 164.099
FD10802	36.375 	 0.225 	 163.173
FD10802	36.500 	 0.224 	 162.490
FD10802	36.625 	 0.222 	 162.006
FD10802	36.750 	 0.221 	 161.539
FD10802	36.875 	 0.219 	 160.706
FD10802	37.000 	 0.219 	 159.760
FD10802	37.125 	 0.217 	 158.683
FD10802	37.250 	 0.217 	 157.641
FD10802	37.375 	 0.215 	 156.498
FD10802	37.500 	 0.215 	 155.452
FD10802	37.625 	 0.214 	 154.348
FD10802	37.750 	 0.214 	 153.317
FD10802	37.875 	 0.213 	 152.230
FD10802	38.000 	 0.213 	 151.271
FD10802	38.125 	 0.212 	 150.329
FD10802	38.250 	 0.211 	 149.395
FD10802	38.375 	 0.210 	 148.140
FD10802	38.500 	 0.210 	 146.962
FD10802	38.625 	 0.210 	 145.682
FD10802	38.750 	 0.209 	 144.476
FD10802	38.875 	 0.208 	 143.199
FD10802	39.000 	 0.208 	 142.112
FD10802	39.125 	 0.206 	 140.912
FD10802	39.250 	 0.206 	 139.620
FD10802	39.375 	 0.205 	 138.139
FD10802	39.500 	 0.205 	 137.187
FD10802	39.625 	 0.203 	 136.320
FD10802	39.750 	 0.203 	 135.260
FD10802	39.875 	 0.202 	 134.044
FD10802	40.000 	 0.202 	 132.797
FD10802	40.125 	 0.200 	 131.529
FD10802	40.250 	 0.200 	 130.466
FD10802	40.375 	 0.199 	 129.353
FD10802	40.500 	 0.199 	 128.323
FD10802	40.625 	 0.198 	 127.040
FD10802	40.750 	 0.198 	 125.764
FD10802	40.875 	 0.198 	 124.675
FD10802	41.000 	 0.197 	 123.814
FD10802	41.125 	 0.197 	 122.487
FD10802	41.250 	 0.197 	 121.048
FD10802	41.375 	 0.196 	 119.506
FD10802	41.500 	 0.196 	 118.271
FD10802	41.625 	 0.196 	 117.172
FD10802	41.750 	 0.195 	 116.136
FD10802	41.875 	 0.195 	 115.043
FD10802	42.000 	 0.195 	 114.042
FD10802	42.125 	 0.195 	 112.793
FD10802	42.250 	 0.195 	 111.569
FD10802	42.375 	 0.195 	 110.151
FD10802	42.500 	 0.195 	 108.920
FD10802	42.625 	 0.195 	 107.993
FD10802	42.750 	 0.195 	 106.889
FD10802	42.875 	 0.195 	 105.153
FD10802	43.000 	 0.196 	 103.853
FD10802	43.125 	 0.196 	 102.548
FD10802	43.250 	 0.196 	 101.046
FD10802	43.375 	 0.196 	 99.366
FD10802	43.500 	 0.197 	 97.849
FD10802	43.625 	 0.197 	 96.316
FD10802	43.750 	 0.197 	 94.947
FD10802	43.875 	 0.197 	 93.425
FD10802	44.000 	 0.197 	 91.985
FD10802	44.125 	 0.197 	 90.576
FD10802	44.250 	 0.197 	 89.263
FD10802	44.375 	 0.196 	 87.727
FD10802	44.500 	 0.195 	 86.498
FD10802	44.625 	 0.194 	 86.009
FD10802	44.750 	 0.194 	 86.325
FD10802	44.875 	 0.192 	 86.551
FD10802	45.000 	 0.191 	 86.387
FD10802	45.125 	 0.189 	 86.042
FD10802	45.250 	 0.189 	 86.111
FD10802	45.375 	 0.187 	 86.396
FD10802	45.500 	 0.186 	 86.078
FD10802	45.625 	 0.185 	 85.394
FD10802	45.750 	 0.184 	 84.555
FD10802	45.875 	 0.182 	 83.361
FD10802	46.000 	 0.182 	 82.329
FD10802	46.125 	 0.180 	 81.347
FD10802	46.250 	 0.180 	 80.639
FD10802	46.375 	 0.180 	 79.860
FD10802	46.500 	 0.179 	 78.701
FD10802	46.625 	 0.179 	 77.505
FD10802	46.750 	 0.179 	 76.772
FD10802	46.875 	 0.178 	 76.017
FD10802	47.000 	 0.178 	 75.186
FD10802	47.125 	 0.179 	 74.226
FD10802	47.250 	 0.179 	 73.133
FD10802	47.375 	 0.179 	 71.946
FD10802	47.500 	 0.179 	 71.280
FD10802	47.625 	 0.180 	 70.841
FD10802	47.750 	 0.180 	 70.359
FD10802	47.875 	 0.180 	 69.542
FD10802	48.000 	 0.180 	 68.791
FD10802	48.125 	 0.180 	 68.076
FD10802	48.250 	 0.181 	 67.331
FD10802	48.375 	 0.181 	 66.356
FD10802	48.500 	 0.181 	 65.382
FD10802	48.625 	 0.182 	 64.274
FD10802	48.750 	 0.182 	 63.161
FD10802	48.875 	 0.184 	 62.017
FD10802	49.000 	 0.184 	 61.043
FD10802	49.125 	 0.185 	 59.938
FD10802	49.250 	 0.185 	 59.075
FD10802	49.375 	 0.187 	 58.209
FD10802	49.500 	 0.188 	 57.249
FD10802	49.625 	 0.189 	 56.194
FD10802	49.750 	 0.191 	 55.106
FD10802	49.875 	 0.193 	 53.749
FD10802	50.000 	 0.195 	 52.606
FD10802	50.125 	 0.198 	 51.573
FD10802	50.250 	 0.200 	 50.749
FD10802	50.375 	 0.203 	 49.945
FD10802	50.500 	 0.207 	 49.166
FD10802	50.625 	 0.211 	 48.048
FD10802	50.750 	 0.215 	 46.804
FD10802	50.875 	 0.219 	 45.393
FD10802	51.000 	 0.224 	 43.810
FD10802	51.125 	 0.229 	 42.060
FD10802	51.250 	 0.235 	 40.534
FD10802	51.375 	 0.241 	 39.055
FD10802	51.500 	 0.247 	 37.646
FD10802	51.625 	 0.254 	 35.880
FD10802	51.750 	 0.261 	 34.262
FD10802	51.875 	 0.268 	 32.768
FD10802	52.000 	 0.276 	 31.694
FD10802	52.125 	 0.284 	 30.728
FD10802	52.250 	 0.292 	 29.644
FD10802	52.375 	 0.301 	 27.937
FD10802	52.500 	 0.309 	 26.525
FD10802	52.625 	 0.319 	 25.320
FD10802	52.750 	 0.328 	 24.044
FD10802	52.875 	 0.338 	 22.504
FD10802	53.000 	 0.348 	 21.078
FD10802	53.125 	 0.358 	 19.719
FD10802	53.250 	 0.369 	 18.676
FD10802	53.375 	 0.380 	 17.563
FD10802	53.500 	 0.391 	 16.599
FD10802	53.625 	 0.402 	 15.616
FD10802	53.750 	 0.413 	 14.668
FD10802	53.875 	 0.425 	 13.613
FD10802	54.000 	 0.436 	 12.489
FD10802	54.125 	 0.448 	 11.405
FD10802	54.250 	 0.459 	 10.766
FD10802	54.375 	 0.471 	 10.180
FD10802	54.500 	 0.483 	 9.602
FD10802	54.625 	 0.494 	 9.041
FD10802	54.750 	 0.506 	 8.589
FD10802	54.875 	 0.518 	 8.159
FD10802	55.000 	 0.529 	 7.478
FD10802	55.125 	 0.541 	 6.604
FD10802	55.250 	 0.553 	 6.111
FD10802	55.375 	 0.565 	 5.657
FD10802	55.500 	 0.577 	 5.237
FD10802	55.625 	 0.589 	 4.830
FD10802	55.750 	 0.601 	 4.487
FD10802	55.875 	 0.614 	 0.000
FD10802	56.000 	 0.626 	 0.000
FD10802	56.125 	 0.639 	 0.000
FD10802	56.250 	 0.652 	 0.000
FD10802	56.375 	 0.665 	 0.000
FD10802	56.500 	 0.678 	 0.000
FD10802	56.625 	 0.699 	 0.000
FD10802	56.750 	 0.699 	 0.000
FD10802	56.875 	 0.719 	 349.287
FD10802	57.000 	 0.734 	 343.616
FD10802	57.125 	 0.749 	 343.038
FD10802	57.250 	 0.763 	 342.806
FD10802	57.375 	 0.779 	 342.549
FD10802	57.500 	 0.794 	 342.230
FD10802	57.625 	 0.810 	 341.976
FD10802	57.750 	 0.825 	 341.812
FD10802	57.875 	 0.842 	 341.651
FD10802	58.000 	 0.858 	 341.509
FD10802	58.125 	 0.876 	 341.388
FD10802	58.250 	 0.892 	 341.356
FD10802	58.375 	 0.910 	 341.382
FD10802	58.500 	 0.927 	 341.301
FD10802	58.625 	 0.946 	 341.110
FD10802	58.750 	 0.964 	 341.089
FD10802	58.875 	 0.983 	 341.126
FD10802	59.000 	 1.001 	 341.029
FD10802	59.125 	 1.021 	 340.948
FD10802	59.250 	 1.040 	 340.985
FD10802	59.375 	 1.061 	 340.986
FD10802	59.500 	 1.080 	 340.886
FD10802	59.625 	 1.101 	 340.745
FD10802	59.750 	 1.122 	 340.598
FD10802	59.875 	 1.144 	 340.553
FD10802	60.000 	 1.164 	 340.508
FD10802	60.125 	 1.186 	 340.336
FD10802	60.250 	 1.207 	 340.246
FD10802	60.375 	 1.230 	 340.210
FD10802	60.500 	 1.251 	 340.151
FD10802	60.625 	 1.274 	 340.061
FD10802	60.750 	 1.295 	 340.056
FD10802	60.875 	 1.319 	 340.149
FD10802	61.000 	 1.341 	 340.120
FD10802	61.125 	 1.369 	 339.954
FD10802	61.250 	 1.394 	 339.782
FD10802	61.375 	 1.419 	 339.578
FD10802	61.500 	 1.440 	 339.485
FD10802	61.625 	 1.464 	 339.454
FD10802	61.750 	 1.486 	 339.372
FD10802	61.875 	 1.510 	 339.286
FD10802	62.000 	 1.533 	 339.194
FD10802	62.125 	 1.557 	 339.058
FD10802	62.250 	 1.581 	 338.950
FD10802	62.375 	 1.606 	 338.885
FD10802	62.500 	 1.631 	 338.796
FD10802	62.625 	 1.658 	 338.660
FD10802	62.750 	 1.683 	 338.563
FD10802	62.875 	 1.711 	 338.465
FD10802	63.000 	 1.738 	 338.417
FD10802	63.125 	 1.767 	 338.427
FD10802	63.250 	 1.794 	 338.424
FD10802	63.375 	 1.824 	 338.369
FD10802	63.500 	 1.851 	 338.295
FD10802	63.625 	 1.881 	 338.270
FD10802	63.750 	 1.910 	 338.273
FD10802	63.875 	 1.940 	 338.251
FD10802	64.000 	 1.968 	 338.280
FD10802	64.125 	 1.997 	 338.287
FD10802	64.250 	 2.024 	 338.227
FD10802	64.375 	 2.053 	 338.103
FD10802	64.500 	 2.078 	 337.971
FD10802	64.625 	 2.105 	 337.872
FD10802	64.750 	 2.131 	 337.796
FD10802	64.875 	 2.158 	 337.749
FD10802	65.000 	 2.183 	 337.719
FD10802	65.125 	 2.210 	 337.724
FD10802	65.250 	 2.235 	 337.760
FD10802	65.375 	 2.264 	 337.696
FD10802	65.500 	 2.291 	 337.564
FD10802	65.625 	 2.320 	 337.378
FD10802	65.750 	 2.349 	 337.269
FD10802	65.875 	 2.382 	 337.249
FD10802	66.000 	 2.413 	 337.177
FD10802	66.125 	 2.448 	 337.081
FD10802	66.250 	 2.481 	 336.941
FD10802	66.375 	 2.518 	 336.754
FD10802	66.500 	 2.554 	 336.609
FD10802	66.625 	 2.593 	 336.477
FD10802	66.750 	 2.631 	 336.377
FD10802	66.875 	 2.671 	 336.362
FD10802	67.000 	 2.709 	 336.422
FD10802	67.125 	 2.750 	 336.397
FD10802	67.250 	 2.787 	 336.305
FD10802	67.375 	 2.829 	 336.224
FD10802	67.500 	 2.866 	 336.148
FD10802	67.625 	 2.906 	 336.056
FD10802	67.750 	 2.944 	 336.027
FD10802	67.875 	 2.986 	 336.065
FD10802	68.000 	 3.026 	 336.046
FD10802	68.125 	 3.071 	 336.007
FD10802	68.250 	 3.112 	 335.959
FD10802	68.375 	 3.159 	 335.897
FD10802	68.500 	 3.204 	 335.936
FD10802	68.625 	 3.253 	 335.977
FD10802	68.750 	 3.301 	 335.847
FD10802	68.875 	 3.355 	 335.689
FD10802	69.000 	 3.407 	 335.580
FD10802	69.125 	 3.466 	 335.406
FD10802	69.250 	 3.522 	 335.250
FD10802	69.375 	 3.584 	 335.150
FD10802	69.500 	 3.644 	 335.113
FD10802	69.625 	 3.711 	 335.040
FD10802	69.750 	 3.773 	 334.977
FD10802	69.875 	 3.842 	 334.941
FD10802	70.000 	 3.906 	 334.871
FD10802	70.125 	 3.976 	 334.867
FD10802	70.250 	 4.041 	 334.873
FD10802	70.375 	 4.112 	 334.840
FD10802	70.500 	 4.179 	 334.805
FD10802	70.625 	 4.251 	 334.755
FD10802	70.750 	 4.319 	 334.741
FD10802	70.875 	 4.392 	 334.669
FD10802	71.000 	 4.460 	 334.569
FD10802	71.125 	 4.534 	 334.472
FD10802	71.250 	 4.601 	 334.427
FD10802	71.375 	 4.675 	 334.397
FD10802	71.500 	 4.742 	 334.302
FD10802	71.625 	 4.815 	 334.195
FD10802	71.750 	 4.882 	 334.184
FD10802	71.875 	 4.953 	 334.156
FD10802	72.000 	 5.018 	 334.087
FD10802	72.125 	 5.087 	 334.007
FD10802	72.250 	 5.152 	 333.944
FD10802	72.375 	 5.220 	 333.925
FD10802	72.500 	 5.281 	 333.909
FD10802	72.625 	 5.346 	 333.853
FD10802	72.750 	 5.405 	 333.759
FD10802	72.875 	 5.467 	 333.667
FD10802	73.000 	 5.524 	 333.627
FD10802	73.125 	 5.584 	 333.659
FD10802	73.250 	 5.638 	 333.722
FD10802	73.375 	 5.696 	 333.713
FD10802	73.500 	 5.750 	 333.618
FD10802	73.625 	 5.808 	 333.516
FD10802	73.750 	 5.862 	 333.439
FD10802	73.875 	 5.920 	 333.359
FD10802	74.000 	 5.974 	 333.336
FD10802	74.125 	 6.033 	 333.329
FD10802	74.250 	 6.089 	 333.282
FD10802	74.375 	 6.149 	 333.192
FD10802	74.500 	 6.205 	 333.099
FD10802	74.625 	 6.266 	 333.013
FD10802	74.750 	 6.322 	 332.945
FD10802	74.875 	 6.383 	 332.898
FD10802	75.000 	 6.441 	 332.906
FD10802	75.125 	 6.503 	 332.922
FD10802	75.250 	 6.561 	 332.899
FD10802	75.375 	 6.625 	 332.810
FD10802	75.500 	 6.683 	 332.699
FD10802	75.625 	 6.747 	 332.580
FD10802	75.750 	 6.807 	 332.505
FD10802	75.875 	 6.872 	 332.437
FD10802	76.000 	 6.933 	 332.334
FD10802	76.125 	 6.999 	 332.219
FD10802	76.250 	 7.061 	 332.140
FD10802	76.375 	 7.128 	 332.093
FD10802	76.500 	 7.190 	 332.088
FD10802	76.625 	 7.258 	 332.038
FD10802	76.750 	 7.320 	 331.946
FD10802	76.875 	 7.388 	 331.877
FD10802	77.000 	 7.449 	 331.866
FD10802	77.125 	 7.518 	 331.865
FD10802	77.250 	 7.580 	 331.818
FD10802	77.375 	 7.648 	 331.772
FD10802	77.500 	 7.710 	 331.738
FD10802	77.625 	 7.778 	 331.676
FD10802	77.750 	 7.840 	 331.655
FD10802	77.875 	 7.907 	 331.659
FD10802	78.000 	 7.968 	 331.649
FD10802	78.125 	 8.034 	 331.627
FD10802	78.250 	 8.095 	 331.597
FD10802	78.375 	 8.161 	 331.524
FD10802	78.500 	 8.221 	 331.443
FD10802	78.625 	 8.287 	 331.395
FD10802	78.750 	 8.349 	 331.346
FD10802	78.875 	 8.415 	 331.261
FD10802	79.000 	 8.477 	 331.179
FD10802	79.125 	 8.546 	 331.115
FD10802	79.250 	 8.608 	 331.081
FD10802	79.375 	 8.676 	 331.074
FD10802	79.500 	 8.740 	 331.055
FD10802	79.625 	 8.809 	 331.032
FD10802	79.750 	 8.872 	 330.930
FD10802	79.875 	 8.941 	 330.739
FD10802	80.000 	 9.005 	 330.613
FD10802	80.125 	 9.074 	 330.519
FD10802	80.250 	 9.139 	 330.483
FD10802	80.375 	 9.209 	 330.431
FD10802	80.500 	 9.272 	 330.392
FD10802	80.625 	 9.342 	 330.335
FD10802	80.750 	 9.407 	 330.288
FD10802	80.875 	 9.476 	 330.286
FD10802	81.000 	 9.541 	 330.228
FD10802	81.125 	 9.611 	 330.160
FD10802	81.250 	 9.676 	 330.128
FD10802	81.375 	 9.746 	 330.111
FD10802	81.500 	 9.811 	 330.113
FD10802	81.625 	 9.882 	 330.113
FD10802	81.750 	 9.948 	 330.097
FD10802	81.875 	 10.017 	 330.031
FD10802	82.000 	 10.083 	 329.943
FD10802	82.125 	 10.154 	 329.858
FD10802	82.250 	 10.218 	 329.794
FD10802	82.375 	 10.288 	 329.753
FD10802	82.500 	 10.353 	 329.732
FD10802	82.625 	 10.422 	 329.720
FD10802	82.750 	 10.486 	 329.694
FD10802	82.875 	 10.553 	 329.632
FD10802	83.000 	 10.616 	 329.577
FD10802	83.125 	 10.683 	 329.520
FD10802	83.250 	 10.744 	 329.446
FD10802	83.375 	 10.810 	 329.383
FD10802	83.500 	 10.873 	 329.333
FD10802	83.625 	 10.937 	 329.254
FD10802	83.750 	 10.998 	 329.177
FD10802	83.875 	 11.064 	 329.091
FD10802	84.000 	 11.125 	 329.028
FD10802	84.125 	 11.191 	 328.921
FD10802	84.250 	 11.251 	 328.823
FD10802	84.375 	 11.317 	 328.775
FD10802	84.500 	 11.379 	 328.715
FD10802	84.625 	 11.443 	 328.652
FD10802	84.750 	 11.503 	 328.560
FD10802	84.875 	 11.568 	 328.430
FD10802	85.000 	 11.627 	 328.319
FD10802	85.125 	 11.692 	 328.154
FD10802	85.250 	 11.751 	 328.041
FD10802	85.375 	 11.813 	 327.976
FD10802	85.500 	 11.870 	 327.886
FD10802	85.625 	 11.933 	 327.795
FD10802	85.750 	 11.991 	 327.735
FD10802	85.875 	 12.051 	 327.721
FD10802	86.000 	 12.108 	 327.634
FD10802	86.125 	 12.169 	 327.520
FD10802	86.250 	 12.226 	 327.473
FD10802	86.375 	 12.287 	 327.378
FD10802	86.500 	 12.343 	 327.298
FD10802	86.625 	 12.405 	 327.223
FD10802	86.750 	 12.460 	 327.147
FD10802	86.875 	 12.523 	 327.045
FD10802	87.000 	 12.581 	 326.929
FD10802	87.125 	 12.643 	 326.809
FD10802	87.250 	 12.701 	 326.759
FD10802	87.375 	 12.765 	 326.718
FD10802	87.500 	 12.822 	 326.691
FD10802	87.625 	 12.886 	 326.619
FD10802	87.750 	 12.944 	 326.577
FD10802	87.875 	 13.007 	 326.558
FD10802	88.000 	 13.067 	 326.495
FD10802	88.125 	 13.129 	 326.433
FD10802	88.250 	 13.188 	 326.353
FD10802	88.375 	 13.251 	 326.147
FD10802	88.500 	 13.308 	 325.931
FD10802	88.625 	 13.371 	 325.867
FD10802	88.750 	 13.430 	 325.856
FD10802	88.875 	 13.492 	 325.713
FD10802	89.000 	 13.548 	 325.618
FD10802	89.125 	 13.611 	 325.586
FD10802	89.250 	 13.666 	 325.576
FD10802	89.375 	 13.727 	 325.537
FD10802	89.500 	 13.783 	 325.434
FD10802	89.625 	 13.843 	 325.387
FD10802	89.750 	 13.897 	 325.350
FD10802	89.875 	 13.954 	 325.271
FD10802	90.000 	 14.007 	 325.221
FD10802	90.125 	 14.064 	 325.075
FD10802	90.250 	 14.116 	 324.909
FD10802	90.375 	 14.172 	 324.831
FD10802	90.500 	 14.222 	 324.726
FD10802	90.625 	 14.277 	 324.546
FD10802	90.750 	 14.329 	 324.393
FD10802	90.875 	 14.383 	 324.331
FD10802	91.000 	 14.436 	 324.247
FD10802	91.125 	 14.492 	 324.095
FD10802	91.250 	 14.544 	 324.045
FD10802	91.375 	 14.600 	 323.939
FD10802	91.500 	 14.652 	 323.751
FD10802	91.625 	 14.709 	 323.634
FD10802	91.750 	 14.759 	 323.497
FD10802	91.875 	 14.816 	 323.420
FD10802	92.000 	 14.866 	 323.391
FD10802	92.125 	 14.921 	 323.313
FD10802	92.250 	 14.970 	 323.276
FD10802	92.375 	 15.023 	 323.214
FD10802	92.500 	 15.071 	 323.118
FD10802	92.625 	 15.123 	 323.037
FD10802	92.750 	 15.169 	 322.974
FD10802	92.875 	 15.217 	 322.884
FD10802	93.000 	 15.262 	 322.829
FD10802	93.125 	 15.308 	 322.816
FD10802	93.250 	 15.351 	 322.786
FD10802	93.375 	 15.396 	 322.724
FD10802	93.500 	 15.438 	 322.672
FD10802	93.625 	 15.482 	 322.587
FD10802	93.750 	 15.524 	 322.513
FD10802	93.875 	 15.568 	 322.401
FD10802	94.000 	 15.611 	 322.279
FD10802	94.125 	 15.656 	 322.225
FD10802	94.250 	 15.696 	 322.148
FD10802	94.375 	 15.741 	 322.019
FD10802	94.500 	 15.783 	 321.937
FD10802	94.625 	 15.826 	 321.840
FD10802	94.750 	 15.867 	 321.790
FD10802	94.875 	 15.909 	 321.788
FD10802	95.000 	 15.949 	 321.717
FD10802	95.125 	 15.990 	 321.594
FD10802	95.250 	 16.027 	 321.471
FD10802	95.375 	 16.066 	 321.346
FD10802	95.500 	 16.110 	 321.304
FD10802	95.625 	 16.154 	 321.264
FD10802	95.750 	 16.186 	 321.219
FD10802	95.875 	 16.222 	 321.184
FD10802	96.000 	 16.251 	 321.097
FD10802	96.125 	 16.284 	 320.989
FD10802	96.250 	 16.311 	 320.920
FD10802	96.375 	 16.341 	 320.840
FD10802	96.500 	 16.368 	 320.777
FD10802	96.625 	 16.396 	 320.725
FD10802	96.750 	 16.422 	 320.682
FD10802	96.875 	 16.449 	 320.616
FD10802	97.000 	 16.473 	 320.558
FD10802	97.125 	 16.499 	 320.495
FD10802	97.250 	 16.523 	 320.447
FD10802	97.375 	 16.547 	 320.379
FD10802	97.500 	 16.571 	 320.299
FD10802	97.625 	 16.596 	 320.247
FD10802	97.750 	 16.620 	 320.187
FD10802	97.875 	 16.646 	 320.145
FD10802	98.000 	 16.670 	 320.093
FD10802	98.125 	 16.696 	 320.030
FD10802	98.250 	 16.722 	 319.988
FD10802	98.375 	 16.749 	 319.964
FD10802	98.500 	 16.776 	 319.935
FD10802	98.625 	 16.803 	 319.895
FD10802	98.750 	 16.831 	 319.898
FD10802	98.875 	 16.860 	 319.882
FD10802	99.000 	 16.888 	 319.863
FD10802	99.125 	 16.919 	 319.835
FD10802	99.250 	 16.948 	 319.777
FD10802	99.375 	 16.978 	 319.725
FD10802	99.500 	 17.009 	 319.691
FD10802	99.625 	 17.040 	 319.635
FD10802	99.750 	 17.069 	 319.609
FD10802	99.875 	 17.098 	 319.580
FD10802	100.000 	 17.127 	 319.524
FD10802	100.125 	 17.156 	 319.522
FD10802	100.250 	 17.182 	 319.519
FD10802	100.375 	 17.210 	 319.470
FD10802	100.500 	 17.234 	 319.430
FD10802	100.625 	 17.261 	 319.384
FD10802	100.750 	 17.284 	 319.327
FD10802	100.875 	 17.309 	 319.281
FD10802	101.000 	 17.330 	 319.206
FD10802	101.125 	 17.352 	 319.121
FD10802	101.250 	 17.373 	 319.081
FD10802	101.375 	 17.392 	 319.014
FD10802	101.500 	 17.410 	 318.998
FD10802	101.625 	 17.431 	 318.954
FD10802	101.750 	 17.447 	 318.866
FD10802	101.875 	 17.464 	 318.780
FD10802	102.000 	 17.479 	 318.660
FD10802	102.125 	 17.497 	 318.539
FD10802	102.250 	 17.509 	 318.708
FD10802	102.375 	 17.527 	 319.006
FD10802	102.500 	 17.541 	 319.064
FD10802	102.625 	 17.554 	 319.083
FD10802	102.750 	 17.567 	 319.069
FD10802	102.875 	 17.580 	 318.948
FD10802	103.000 	 17.591 	 318.898
FD10802	103.125 	 17.602 	 318.902
FD10802	103.250 	 17.612 	 318.859
FD10802	103.375 	 17.622 	 318.841
FD10802	103.500 	 17.631 	 318.804
FD10802	103.625 	 17.639 	 318.731
FD10802	103.750 	 17.648 	 318.707
FD10802	103.875 	 17.657 	 318.695
FD10802	104.000 	 17.665 	 318.627
FD10802	104.125 	 17.675 	 318.569
FD10802	104.250 	 17.683 	 318.580
FD10802	104.375 	 17.692 	 318.591
FD10802	104.500 	 17.702 	 318.583
FD10802	104.625 	 17.710 	 318.572
FD10802	104.750 	 17.719 	 318.566
FD10802	104.875 	 17.730 	 318.594
FD10802	105.000 	 17.738 	 318.638
FD10802	105.125 	 17.750 	 318.625
FD10802	105.250 	 17.757 	 318.653
FD10802	105.375 	 17.768 	 318.681
FD10802	105.500 	 17.775 	 318.553
FD10802	105.625 	 17.784 	 318.520
FD10802	105.750 	 17.789 	 318.567
FD10802	105.875 	 17.796 	 318.519
FD10802	106.000 	 17.799 	 318.489
FD10802	106.125 	 17.803 	 318.443
FD10802	106.250 	 17.804 	 318.403
FD10802	106.375 	 17.805 	 318.412
FD10802	106.500 	 17.804 	 318.412
FD10802	106.625 	 17.801 	 318.287
FD10802	106.750 	 17.798 	 318.215
FD10802	106.875 	 17.796 	 318.223
FD10802	107.000 	 17.790 	 318.141
FD10802	107.125 	 17.786 	 318.094
FD10802	107.250 	 17.780 	 318.094
FD10802	107.375 	 17.776 	 318.089
FD10802	107.500 	 17.769 	 318.065
FD10802	107.625 	 17.763 	 318.020
FD10802	107.750 	 17.758 	 317.988
FD10802	107.875 	 17.752 	 317.976
FD10802	108.000 	 17.748 	 317.997
FD10802	108.125 	 17.743 	 317.943
FD10802	108.250 	 17.739 	 317.864
FD10802	108.375 	 17.736 	 317.817
FD10802	108.500 	 17.732 	 317.737
FD10802	108.625 	 17.730 	 317.602
FD10802	108.750 	 17.726 	 317.558
FD10802	108.875 	 17.724 	 317.572
FD10802	109.000 	 17.721 	 317.553
FD10802	109.125 	 17.719 	 317.586
FD10802	109.250 	 17.716 	 317.583
FD10802	109.375 	 17.715 	 317.555
FD10802	109.500 	 17.713 	 317.524
FD10802	109.625 	 17.713 	 317.501
FD10802	109.750 	 17.714 	 317.490
FD10802	109.875 	 17.715 	 317.429
FD10802	110.000 	 17.716 	 317.392
FD10802	110.125 	 17.718 	 317.337
FD10802	110.250 	 17.721 	 317.315
FD10802	110.375 	 17.727 	 317.324
FD10802	110.500 	 17.732 	 317.304
FD10802	110.625 	 17.738 	 317.221
FD10802	110.750 	 17.744 	 317.130
FD10802	110.875 	 17.753 	 317.117
FD10802	111.000 	 17.762 	 317.126
FD10802	111.125 	 17.772 	 317.072
FD10802	111.250 	 17.782 	 317.027
FD10802	111.375 	 17.793 	 317.032
FD10802	111.500 	 17.803 	 316.999
FD10802	111.625 	 17.815 	 317.004
FD10802	111.750 	 17.826 	 317.019
FD10802	111.875 	 17.840 	 317.014
FD10802	112.000 	 17.852 	 317.017
FD10802	112.125 	 17.864 	 316.962
FD10802	112.250 	 17.879 	 316.931
FD10802	112.375 	 17.892 	 316.929
FD10802	112.500 	 17.907 	 316.979
FD10802	112.625 	 17.922 	 317.020
FD10802	112.750 	 17.936 	 316.951
FD10802	112.875 	 17.952 	 316.894
FD10802	113.000 	 17.966 	 316.867
FD10802	113.125 	 17.981 	 316.801
FD10802	113.250 	 17.994 	 316.776
FD10802	113.375 	 18.010 	 316.737
FD10802	113.500 	 18.024 	 316.711
FD10802	113.625 	 18.038 	 316.731
FD10802	113.750 	 18.049 	 316.710
FD10802	113.875 	 18.062 	 316.688
FD10802	114.000 	 18.073 	 316.684
FD10802	114.125 	 18.086 	 316.723
FD10802	114.250 	 18.095 	 316.715
FD10802	114.375 	 18.107 	 316.737
FD10802	114.500 	 18.116 	 316.742
FD10802	114.625 	 18.126 	 316.688
FD10802	114.750 	 18.136 	 316.727
FD10802	114.875 	 18.145 	 316.762
FD10802	115.000 	 18.155 	 316.790
FD10802	115.125 	 18.165 	 316.809
FD10802	115.250 	 18.175 	 316.784
FD10802	115.375 	 18.187 	 316.707
FD10802	115.500 	 18.200 	 316.638
FD10802	115.625 	 18.213 	 316.629
FD10802	115.750 	 18.227 	 316.617
FD10802	115.875 	 18.244 	 316.578
FD10802	116.000 	 18.260 	 316.519
FD10802	116.125 	 18.280 	 316.440
FD10802	116.250 	 18.297 	 316.333
FD10802	116.375 	 18.318 	 316.181
FD10802	116.500 	 18.339 	 316.078
FD10802	116.625 	 18.363 	 316.070
FD10802	116.750 	 18.385 	 316.038
FD10802	116.875 	 18.410 	 315.954
FD10802	117.000 	 18.436 	 315.933
FD10802	117.125 	 18.467 	 315.904
FD10802	117.250 	 18.495 	 315.829
FD10802	117.375 	 18.531 	 315.770
FD10802	117.500 	 18.564 	 315.739
FD10802	117.625 	 18.603 	 315.687
FD10802	117.750 	 18.641 	 315.598
FD10802	117.875 	 18.684 	 315.467
FD10802	118.000 	 18.726 	 315.340
FD10802	118.125 	 18.773 	 315.201
FD10802	118.250 	 18.818 	 315.100
FD10802	118.375 	 18.867 	 315.007
FD10802	118.500 	 18.915 	 314.988
FD10802	118.625 	 18.966 	 315.104
FD10802	118.750 	 19.014 	 315.181
FD10802	118.875 	 19.066 	 315.180
FD10802	119.000 	 19.113 	 315.171
FD10802	119.125 	 19.166 	 315.096
FD10802	119.250 	 19.210 	 315.173
FD10802	119.375 	 19.258 	 315.314
FD10802	119.500 	 19.303 	 315.254
FD10802	119.625 	 19.348 	 315.206
FD10802	119.750 	 19.388 	 315.184
FD10802	119.875 	 19.430 	 315.137
FD10802	120.000 	 19.470 	 315.258
FD10802	120.125 	 19.511 	 315.389
FD10802	120.250 	 19.552 	 315.341
FD10802	120.375 	 19.596 	 315.317
FD10802	120.500 	 19.638 	 315.391
FD10802	120.625 	 19.685 	 315.449
FD10802	120.750 	 19.729 	 315.491
FD10802	120.875 	 19.781 	 315.553
FD10802	121.000 	 19.829 	 315.541
FD10802	121.125 	 19.880 	 315.533
FD10802	121.250 	 19.929 	 315.542
FD10802	121.375 	 19.983 	 315.488
FD10802	121.500 	 20.031 	 315.504
FD10802	121.625 	 20.083 	 315.597
FD10802	121.750 	 20.131 	 315.640
FD10802	121.875 	 20.181 	 315.674
FD10802	122.000 	 20.226 	 315.714
FD10802	122.125 	 20.274 	 315.771
FD10802	122.250 	 20.317 	 315.722
FD10802	122.375 	 20.362 	 315.654
FD10802	122.500 	 20.401 	 315.693
FD10802	122.625 	 20.442 	 315.864
FD10802	122.750 	 20.476 	 315.926
FD10802	122.875 	 20.511 	 315.716
FD10802	123.000 	 20.542 	 315.539
FD10802	123.125 	 20.574 	 315.520
FD10802	123.250 	 20.601 	 315.584
FD10802	123.375 	 20.630 	 315.542
FD10802	123.500 	 20.656 	 315.554
FD10802	123.625 	 20.683 	 315.728
FD10802	123.750 	 20.708 	 315.849
FD10802	123.875 	 20.737 	 315.891
FD10802	124.000 	 20.758 	 315.907
FD10802	124.125 	 20.785 	 315.885
FD10802	124.250 	 20.808 	 315.851
FD10802	124.375 	 20.831 	 315.876
FD10802	124.500 	 20.851 	 315.881
FD10802	124.625 	 20.871 	 315.792
FD10802	124.750 	 20.889 	 315.779
FD10802	124.875 	 20.907 	 315.839
FD10802	125.000 	 20.922 	 315.781
FD10802	125.125 	 20.939 	 315.664
FD10802	125.250 	 20.955 	 315.657
FD10802	125.375 	 20.971 	 315.674
FD10802	125.500 	 20.987 	 315.683
FD10802	125.625 	 21.002 	 315.726
FD10802	125.750 	 21.019 	 315.727
FD10802	125.875 	 21.037 	 315.694
FD10802	126.000 	 21.055 	 315.616
FD10802	126.125 	 21.075 	 315.471
FD10802	126.250 	 21.093 	 315.460
FD10802	126.375 	 21.113 	 315.477
FD10802	126.500 	 21.134 	 315.460
FD10802	126.625 	 21.156 	 315.421
FD10802	126.750 	 21.177 	 315.395
FD10802	126.875 	 21.201 	 315.427
FD10802	127.000 	 21.223 	 315.393
FD10802	127.125 	 21.248 	 315.358
FD10802	127.250 	 21.273 	 315.377
FD10802	127.375 	 21.299 	 315.427
FD10802	127.500 	 21.322 	 315.428
FD10802	127.625 	 21.350 	 315.344
FD10802	127.750 	 21.372 	 315.313
FD10802	127.875 	 21.399 	 315.295
FD10802	128.000 	 21.422 	 315.253
FD10802	128.125 	 21.449 	 315.174
FD10802	128.250 	 21.470 	 315.150
FD10802	128.375 	 21.498 	 315.133
FD10802	128.500 	 21.520 	 315.103
FD10802	128.625 	 21.545 	 315.109
FD10802	128.750 	 21.566 	 315.029
FD10802	128.875 	 21.591 	 314.944
FD10802	129.000 	 21.610 	 314.939
FD10802	129.125 	 21.635 	 314.939
FD10802	129.250 	 21.651 	 314.915
FD10802	129.375 	 21.674 	 314.919
FD10802	129.500 	 21.690 	 314.958
FD10802	129.625 	 21.707 	 314.944
FD10802	129.750 	 21.729 	 314.917
FD10802	129.875 	 21.746 	 314.934
FD10802	130.000 	 21.761 	 314.906
FD10802	130.125 	 21.774 	 314.844
FD10802	130.250 	 21.787 	 314.766
FD10802	130.375 	 21.800 	 314.696
FD10802	130.500 	 21.806 	 314.668
FD10802	130.625 	 21.821 	 314.666
FD10802	130.750 	 21.832 	 314.667
FD10802	130.875 	 21.838 	 314.815
FD10802	131.000 	 21.851 	 314.949
FD10802	131.125 	 21.860 	 314.954
FD10802	131.250 	 21.869 	 314.897
FD10802	131.375 	 21.874 	 314.878
FD10802	131.500 	 21.887 	 314.933
FD10802	131.625 	 21.893 	 314.925
FD10802	131.750 	 21.900 	 314.901
FD10802	131.875 	 21.907 	 314.800
FD10802	132.000 	 21.919 	 314.723
FD10802	132.125 	 21.923 	 314.713
FD10802	132.250 	 21.932 	 314.710
FD10802	132.375 	 21.939 	 314.705
FD10802	132.500 	 21.949 	 314.670
FD10802	132.625 	 21.957 	 314.635
FD10802	132.750 	 21.966 	 314.676
FD10802	132.875 	 21.975 	 314.737
FD10802	133.000 	 21.985 	 314.785
FD10802	133.125 	 21.994 	 314.781
FD10802	133.250 	 22.005 	 314.757
FD10802	133.375 	 22.014 	 314.725
FD10802	133.500 	 22.024 	 314.726
FD10802	133.625 	 22.031 	 314.736
FD10802	133.750 	 22.040 	 314.757
FD10802	133.875 	 22.046 	 314.884
FD10802	134.000 	 22.051 	 314.880
FD10802	134.125 	 22.058 	 314.836
FD10802	134.250 	 22.060 	 314.866
FD10802	134.375 	 22.068 	 314.900
FD10802	134.500 	 22.070 	 314.879
FD10802	134.625 	 22.073 	 314.817
FD10802	134.750 	 22.079 	 314.827
FD10802	134.875 	 22.082 	 314.840
FD10802	135.000 	 22.086 	 314.712
FD10802	135.125 	 22.090 	 314.596
FD10802	135.250 	 22.098 	 314.567
FD10802	135.375 	 22.103 	 314.520
FD10802	135.500 	 22.112 	 314.513
FD10802	135.625 	 22.121 	 314.479
FD10802	135.750 	 22.129 	 314.458
FD10802	135.875 	 22.142 	 314.469
FD10802	136.000 	 22.154 	 314.505
FD10802	136.125 	 22.168 	 314.540
FD10802	136.250 	 22.179 	 314.557
FD10802	136.375 	 22.193 	 314.567
FD10802	136.500 	 22.204 	 314.567
FD10802	136.625 	 22.221 	 314.588
FD10802	136.750 	 22.228 	 314.572
FD10802	136.875 	 22.243 	 314.525
FD10802	137.000 	 22.251 	 314.519
FD10802	137.125 	 22.262 	 314.595
FD10802	137.250 	 22.267 	 314.623
FD10802	137.375 	 22.279 	 314.570
FD10802	137.500 	 22.284 	 314.581
FD10802	137.625 	 22.289 	 314.641
FD10802	137.750 	 22.293 	 314.628
FD10802	137.875 	 22.297 	 314.539
FD10802	138.000 	 22.306 	 314.546
FD10802	138.125 	 22.304 	 314.573
FD10802	138.250 	 22.311 	 314.546
FD10802	138.375 	 22.311 	 314.551
FD10802	138.500 	 22.316 	 314.561
FD10802	138.625 	 22.315 	 314.457
FD10802	138.750 	 22.319 	 314.413
FD10802	138.875 	 22.318 	 314.405
FD10802	139.000 	 22.325 	 314.377
FD10802	139.125 	 22.321 	 314.395
FD10802	139.250 	 22.328 	 314.491
FD10802	139.375 	 22.328 	 314.581
FD10802	139.500 	 22.330 	 314.496
FD10802	139.625 	 22.332 	 314.415
FD10802	139.750 	 22.337 	 314.411
FD10802	139.875 	 22.339 	 314.438
FD10802	140.000 	 22.342 	 314.465
FD10802	140.125 	 22.344 	 314.454
FD10802	140.250 	 22.346 	 314.468
FD10802	140.375 	 22.349 	 314.495
FD10802	140.500 	 22.354 	 314.435
FD10802	140.625 	 22.356 	 314.417
FD10802	140.750 	 22.359 	 314.447
FD10802	140.875 	 22.359 	 314.448
FD10802	141.000 	 22.366 	 314.510
FD10802	141.125 	 22.367 	 314.507
FD10802	141.250 	 22.371 	 314.462
FD10802	141.375 	 22.370 	 314.399
FD10802	141.500 	 22.374 	 314.403
FD10802	141.625 	 22.371 	 314.484
FD10802	141.750 	 22.374 	 314.449
FD10802	141.875 	 22.373 	 314.370
FD10802	142.000 	 22.370 	 314.404
FD10802	142.125 	 22.372 	 314.415
FD10802	142.250 	 22.372 	 314.400
FD10802	142.375 	 22.369 	 314.422
FD10802	142.500 	 22.371 	 314.417
FD10802	142.625 	 22.369 	 314.393
FD10802	142.750 	 22.373 	 314.382
FD10802	142.875 	 22.371 	 314.375
FD10802	143.000 	 22.376 	 314.380
FD10802	143.125 	 22.379 	 314.381
FD10802	143.250 	 22.381 	 314.396
FD10802	143.375 	 22.384 	 314.398
FD10802	143.500 	 22.390 	 314.386
FD10802	143.625 	 22.391 	 314.396
FD10802	143.750 	 22.400 	 314.356
FD10802	143.875 	 22.402 	 314.358
FD10802	144.000 	 22.406 	 314.396
FD10802	144.125 	 22.413 	 314.370
FD10802	144.250 	 22.418 	 314.421
FD10802	144.375 	 22.426 	 314.495
FD10802	144.500 	 22.428 	 314.463
FD10802	144.625 	 22.434 	 314.427
FD10802	144.750 	 22.440 	 314.433
FD10802	144.875 	 22.440 	 314.420
FD10802	145.000 	 22.445 	 314.378
FD10802	145.125 	 22.444 	 314.359
FD10802	145.250 	 22.448 	 314.373
FD10802	145.375 	 22.450 	 314.386
FD10802	145.500 	 22.451 	 314.400
FD10802	145.625 	 22.450 	 314.430
FD10802	145.750 	 22.459 	 314.429
FD10802	145.875 	 22.459 	 314.349
FD10802	146.000 	 22.466 	 314.334
FD10802	146.125 	 22.471 	 314.355
FD10802	146.250 	 22.475 	 314.339
FD10802	146.375 	 22.484 	 314.357
FD10802	146.500 	 22.489 	 314.348
FD10802	146.625 	 22.497 	 314.342
FD10802	146.750 	 22.507 	 314.384
FD10802	146.875 	 22.519 	 314.349
FD10802	147.000 	 22.527 	 314.367
FD10802	147.125 	 22.539 	 314.414
FD10802	147.250 	 22.550 	 314.391
FD10802	147.375 	 22.564 	 314.370
FD10802	147.500 	 22.577 	 314.338
FD10802	147.625 	 22.588 	 314.358
FD10802	147.750 	 22.602 	 314.397
FD10802	147.875 	 22.617 	 314.353
FD10802	148.000 	 22.630 	 314.312
FD10802	148.125 	 22.646 	 314.280
FD10802	148.250 	 22.656 	 314.254
FD10802	148.375 	 22.672 	 314.254
FD10802	148.500 	 22.682 	 314.219
FD10802	148.625 	 22.700 	 314.236
FD10802	148.750 	 22.709 	 314.223
FD10802	148.875 	 22.723 	 314.218
FD10802	149.000 	 22.733 	 314.205
FD10802	149.125 	 22.747 	 314.211
FD10802	149.250 	 22.757 	 314.266
FD10802	149.375 	 22.766 	 314.248
FD10802	149.500 	 22.778 	 314.207
FD10802	149.625 	 22.786 	 314.227
FD10802	149.750 	 22.795 	 314.266
FD10802	149.875 	 22.802 	 314.113
FD10802	150.000 	 22.811 	 314.118
FD10802	150.125 	 22.817 	 314.298
FD10802	150.250 	 22.825 	 314.245
FD10802	150.375 	 22.828 	 314.117
FD10802	150.500 	 22.836 	 314.081
FD10802	150.625 	 22.843 	 314.094
FD10802	150.750 	 22.847 	 314.088
FD10802	150.875 	 22.849 	 314.114
FD10802	151.000 	 22.857 	 314.166
FD10802	151.125 	 22.859 	 314.196
FD10802	151.250 	 22.865 	 314.234
FD10802	151.375 	 22.864 	 314.228
FD10802	151.500 	 22.869 	 314.217
FD10802	151.625 	 22.871 	 314.233
FD10802	151.750 	 22.871 	 314.224
FD10802	151.875 	 22.871 	 314.224
FD10802	152.000 	 22.870 	 314.254
FD10802	152.125 	 22.868 	 314.255
FD10802	152.250 	 22.867 	 314.263
FD10802	152.375 	 22.860 	 314.257
FD10802	152.500 	 22.860 	 314.277
FD10802	152.625 	 22.853 	 314.300
FD10802	152.750 	 22.849 	 314.228
FD10802	152.875 	 22.842 	 314.153
FD10802	153.000 	 22.841 	 314.127
FD10802	153.125 	 22.830 	 314.101
FD10802	153.250 	 22.830 	 314.100
FD10802	153.375 	 22.824 	 314.119
FD10802	153.500 	 22.823 	 314.122
FD10802	153.625 	 22.818 	 314.115
FD10802	153.750 	 22.816 	 314.115
FD10802	153.875 	 22.814 	 314.117
FD10802	154.000 	 22.812 	 314.121
FD10802	154.125 	 22.810 	 314.125
FD10802	154.250 	 22.811 	 314.131
FD10802	154.375 	 22.809 	 314.107
FD10802	154.500 	 22.811 	 314.094
FD10802	154.625 	 22.812 	 314.115
FD10802	154.750 	 22.811 	 314.112
FD10802	154.875 	 22.809 	 314.094
FD10802	155.000 	 22.813 	 314.101
FD10802	155.125 	 22.815 	 314.118
FD10802	155.250 	 22.816 	 314.125
FD10802	155.375 	 22.817 	 314.115
FD10802	155.500 	 22.823 	 314.131
FD10802	155.625 	 22.823 	 314.162
FD10802	155.750 	 22.829 	 314.170
FD10802	155.875 	 22.832 	 314.167
FD10802	156.000 	 22.840 	 314.159
FD10802	156.125 	 22.843 	 314.162
FD10802	156.250 	 22.851 	 314.144
FD10802	156.375 	 22.857 	 314.136
FD10802	156.500 	 22.867 	 314.141
FD10802	156.625 	 22.873 	 314.103
FD10802	156.750 	 22.882 	 314.119
FD10802	156.875 	 22.890 	 314.164
FD10802	157.000 	 22.900 	 314.140
FD10802	157.125 	 22.908 	 314.138
FD10802	157.250 	 22.919 	 314.143
FD10802	157.375 	 22.928 	 314.140
FD10802	157.500 	 22.939 	 314.164
FD10802	157.625 	 22.949 	 314.166
FD10802	157.750 	 22.960 	 314.168
FD10802	157.875 	 22.973 	 314.176
FD10802	158.000 	 22.981 	 314.257
FD10802	158.125 	 22.993 	 314.264
FD10802	158.250 	 23.000 	 314.054
FD10802	158.375 	 23.011 	 313.929
FD10802	158.500 	 23.018 	 314.191
FD10802	158.625 	 23.027 	 314.355
FD10802	158.750 	 23.033 	 314.303
FD10802	158.875 	 23.042 	 314.338
FD10802	159.000 	 23.044 	 314.365
FD10802	159.125 	 23.051 	 314.337
FD10802	159.250 	 23.057 	 314.331
FD10802	159.375 	 23.057 	 314.354
FD10802	159.500 	 23.062 	 314.411
FD10802	159.625 	 23.065 	 314.467
FD10802	159.750 	 23.063 	 314.399
FD10802	159.875 	 23.068 	 314.393
FD10802	160.000 	 23.065 	 314.407
FD10802	160.125 	 23.070 	 314.380
FD10802	160.250 	 23.065 	 314.391
FD10802	160.375 	 23.066 	 314.353
FD10802	160.500 	 23.067 	 314.345
FD10802	160.625 	 23.067 	 314.411
FD10802	160.750 	 23.066 	 314.389
FD10802	160.875 	 23.066 	 314.389
FD10802	161.000 	 23.066 	 314.421
FD10802	161.125 	 23.064 	 314.424
FD10802	161.250 	 23.062 	 314.415
FD10802	161.375 	 23.063 	 314.424
FD10802	161.500 	 23.062 	 314.433
FD10802	161.625 	 23.061 	 314.467
FD10802	161.750 	 23.059 	 314.495
FD10802	161.875 	 23.060 	 314.432
FD10802	162.000 	 23.057 	 314.424
FD10802	162.125 	 23.059 	 314.394
FD10802	162.250 	 23.055 	 314.307
FD10802	162.375 	 23.056 	 314.255
FD10802	162.500 	 23.057 	 314.212
FD10802	162.625 	 23.055 	 314.197
FD10802	162.750 	 23.054 	 314.226
FD10802	162.875 	 23.056 	 314.302
FD10802	163.000 	 23.054 	 314.283
FD10802	163.125 	 23.053 	 314.288
FD10802	163.250 	 23.052 	 314.370
FD10802	163.375 	 23.051 	 314.397
FD10802	163.500 	 23.050 	 314.397
FD10802	163.625 	 23.049 	 314.370
FD10802	163.750 	 23.045 	 314.335
FD10802	163.875 	 23.044 	 314.345
FD10802	164.000 	 23.037 	 314.392
FD10802	164.125 	 23.034 	 314.404
FD10802	164.250 	 23.030 	 314.382
FD10802	164.375 	 23.025 	 314.319
FD10802	164.500 	 23.019 	 314.281
FD10802	164.625 	 23.016 	 314.356
FD10802	164.750 	 23.012 	 314.409
FD10802	164.875 	 23.009 	 314.410
FD10802	165.000 	 23.005 	 314.402
FD10802	165.125 	 23.006 	 314.364
FD10802	165.250 	 23.003 	 314.366
FD10802	165.375 	 23.005 	 314.391
FD10802	165.500 	 23.003 	 314.399
FD10802	165.625 	 23.007 	 314.361
FD10802	165.750 	 23.007 	 314.318
FD10802	165.875 	 23.013 	 314.252
FD10802	166.000 	 23.017 	 314.224
FD10802	166.125 	 23.024 	 314.268
FD10802	166.250 	 23.030 	 314.226
FD10802	166.375 	 23.035 	 314.166
FD10802	166.500 	 23.041 	 314.187
FD10802	166.625 	 23.051 	 314.263
FD10802	166.750 	 23.055 	 314.268
FD10802	166.875 	 23.063 	 314.201
FD10802	167.000 	 23.069 	 314.162
FD10802	167.125 	 23.076 	 314.208
FD10802	167.250 	 23.084 	 314.210
FD10802	167.375 	 23.093 	 314.124
FD10802	167.500 	 23.099 	 314.250
FD10802	167.625 	 23.112 	 314.348
FD10802	167.750 	 23.121 	 314.255
FD10802	167.875 	 23.133 	 314.169
FD10802	168.000 	 23.141 	 314.171
FD10802	168.125 	 23.156 	 314.189
FD10802	168.250 	 23.165 	 314.178
FD10802	168.375 	 23.181 	 314.138
FD10802	168.500 	 23.187 	 314.044
FD10802	168.625 	 23.200 	 313.985
FD10802	168.750 	 23.213 	 313.973
FD10802	168.875 	 23.219 	 313.987
FD10802	169.000 	 23.228 	 314.066
FD10802	169.125 	 23.234 	 314.107
FD10802	169.250 	 23.241 	 314.113
FD10802	169.375 	 23.244 	 314.071
FD10802	169.500 	 23.246 	 314.046
FD10802	169.625 	 23.247 	 314.045
FD10802	169.750 	 23.246 	 314.007
FD10802	169.875 	 23.244 	 314.021
FD10802	170.000 	 23.241 	 314.002
FD10802	170.125 	 23.232 	 313.903
FD10802	170.250 	 23.228 	 313.853
FD10802	170.375 	 23.221 	 313.954
FD10802	170.500 	 23.212 	 313.885
FD10802	170.625 	 23.202 	 313.649
FD10802	170.750 	 23.200 	 313.828
FD10802	170.875 	 23.191 	 314.064
FD10802	171.000 	 23.186 	 314.000
FD10802	171.125 	 23.179 	 313.919
FD10802	171.250 	 23.176 	 313.896
FD10802	171.375 	 23.173 	 313.877
FD10802	171.500 	 23.171 	 313.894
FD10802	171.625 	 23.167 	 313.884
FD10802	171.750 	 23.164 	 313.835
FD10802	171.875 	 23.166 	 313.835
FD10802	172.000 	 23.163 	 313.854
FD10802	172.125 	 23.161 	 313.856
FD10802	172.250 	 23.162 	 313.864
FD10802	172.375 	 23.165 	 313.886
FD10802	172.500 	 23.164 	 313.919
FD10802	172.625 	 23.166 	 313.967
FD10802	172.750 	 23.166 	 313.975
FD10802	172.875 	 23.169 	 313.919
FD10802	173.000 	 23.171 	 313.921
FD10802	173.125 	 23.172 	 313.917
FD10802	173.250 	 23.170 	 313.881
FD10802	173.375 	 23.176 	 313.925
FD10802	173.500 	 23.171 	 313.933
FD10802	173.625 	 23.176 	 313.903
FD10802	173.750 	 23.168 	 313.961
FD10802	173.875 	 23.171 	 314.009
FD10802	174.000 	 23.165 	 313.997
FD10802	174.125 	 23.167 	 314.027
FD10802	174.250 	 23.160 	 314.040
FD10802	174.375 	 23.161 	 314.000
FD10802	174.500 	 23.152 	 314.003
FD10802	174.625 	 23.151 	 314.045
FD10802	174.750 	 23.144 	 314.030
FD10802	174.875 	 23.139 	 313.979
FD10802	175.000 	 23.134 	 313.983
FD10802	175.125 	 23.126 	 313.997
FD10802	175.250 	 23.120 	 313.986
FD10802	175.375 	 23.114 	 313.956
FD10802	175.500 	 23.105 	 313.956
FD10802	175.625 	 23.100 	 313.962
FD10802	175.750 	 23.093 	 313.923
FD10802	175.875 	 23.088 	 313.950
FD10802	176.000 	 23.087 	 314.005
FD10802	176.125 	 23.090 	 313.975
FD10802	176.250 	 23.090 	 313.890
FD10802	176.375 	 23.094 	 313.849
FD10802	176.500 	 23.103 	 313.884
FD10802	176.625 	 23.114 	 313.935
FD10802	176.750 	 23.125 	 314.087
FD10802	176.875 	 23.141 	 314.114
FD10802	177.000 	 23.156 	 313.874
FD10802	177.125 	 23.178 	 313.891
FD10802	177.250 	 23.190 	 314.110
FD10802	177.375 	 23.214 	 314.362
FD10802	177.500 	 23.236 	 314.445
FD10802	177.625 	 23.255 	 314.266
FD10802	177.750 	 23.278 	 314.177
FD10802	177.875 	 23.298 	 314.236
FD10802	178.000 	 23.317 	 314.297
FD10802	178.125 	 23.334 	 314.174
FD10802	178.250 	 23.348 	 314.095
FD10802	178.375 	 23.363 	 314.147
FD10802	178.500 	 23.372 	 314.149
FD10802	178.625 	 23.379 	 314.045
FD10802	178.750 	 23.390 	 314.017
FD10802	178.875 	 23.392 	 314.027
FD10802	179.000 	 23.394 	 313.969
FD10802	179.125 	 23.400 	 313.966
FD10802	179.250 	 23.401 	 313.977
FD10802	179.375 	 23.402 	 314.018
FD10802	179.500 	 23.401 	 313.990
FD10802	179.625 	 23.399 	 313.912
FD10802	179.750 	 23.402 	 313.859
FD10802	179.875 	 23.401 	 313.822
FD10802	180.000 	 23.401 	 313.848
FD10802	180.125 	 23.397 	 313.910
FD10802	180.250 	 23.399 	 313.941
FD10802	180.375 	 23.399 	 313.901
FD10802	180.500 	 23.396 	 313.849
FD10802	180.625 	 23.398 	 313.845
FD10802	180.750 	 23.394 	 313.853
FD10802	180.875 	 23.395 	 313.863
FD10802	181.000 	 23.393 	 313.944
FD10802	181.125 	 23.395 	 313.989
FD10802	181.250 	 23.393 	 313.923
FD10802	181.375 	 23.392 	 313.935
FD10802	181.500 	 23.396 	 313.979
FD10802	181.625 	 23.394 	 313.904
FD10802	181.750 	 23.396 	 313.871
FD10802	181.875 	 23.394 	 313.918
FD10802	182.000 	 23.397 	 313.910
FD10802	182.125 	 23.395 	 313.890
FD10802	182.250 	 23.397 	 313.893
FD10802	182.375 	 23.394 	 313.912
FD10802	182.500 	 23.397 	 313.887
FD10802	182.625 	 23.394 	 313.831
FD10802	182.750 	 23.397 	 313.835
FD10802	182.875 	 23.393 	 313.832
FD10802	183.000 	 23.397 	 313.862
FD10802	183.125 	 23.394 	 313.904
FD10802	183.250 	 23.397 	 313.940
FD10802	183.375 	 23.395 	 313.919
FD10802	183.500 	 23.399 	 313.868
FD10802	183.625 	 23.400 	 313.890
FD10802	183.750 	 23.398 	 313.867
FD10802	183.875 	 23.404 	 313.847
FD10802	184.000 	 23.409 	 313.822
FD10802	184.125 	 23.410 	 313.775
FD10802	184.250 	 23.415 	 313.791
FD10802	184.375 	 23.417 	 313.843
FD10802	184.500 	 23.423 	 313.816
FD10802	184.625 	 23.430 	 313.927
FD10802	184.750 	 23.432 	 313.949
FD10802	184.875 	 23.438 	 313.912
FD10802	185.000 	 23.446 	 313.967
FD10802	185.125 	 23.447 	 313.956
FD10802	185.250 	 23.454 	 314.009
FD10802	185.375 	 23.459 	 314.074
FD10802	185.500 	 23.462 	 314.101
FD10802	185.625 	 23.469 	 314.084
FD10802	185.750 	 23.473 	 314.095
FD10802	185.875 	 23.476 	 314.101
FD10802	186.000 	 23.479 	 314.091
FD10802	186.125 	 23.485 	 314.159
FD10802	186.250 	 23.485 	 314.294
FD10802	186.375 	 23.489 	 314.383
FD10802	186.500 	 23.492 	 314.384
FD10802	186.625 	 23.494 	 314.383
FD10802	186.750 	 23.499 	 314.381
FD10802	186.875 	 23.498 	 314.389
FD10802	187.000 	 23.504 	 314.388
FD10802	187.125 	 23.506 	 314.383
FD10802	187.250 	 23.505 	 314.385
FD10802	187.375 	 23.508 	 314.383
FD10802	187.500 	 23.510 	 314.382
FD10802	187.625 	 23.510 	 314.389
FD10802	187.750 	 23.510 	 314.391
FD10802	187.875 	 23.510 	 314.386
FD10802	188.000 	 23.511 	 314.379
FD10802	188.125 	 23.510 	 314.337
FD10802	188.250 	 23.512 	 314.309
FD10802	188.375 	 23.513 	 314.306
FD10802	188.500 	 23.508 	 314.296
FD10802	188.625 	 23.513 	 314.261
FD10802	188.750 	 23.511 	 314.242
FD10802	188.875 	 23.511 	 314.241
FD10802	189.000 	 23.511 	 314.238
FD10802	189.125 	 23.511 	 314.241
FD10802	189.250 	 23.511 	 314.241
FD10802	189.375 	 23.511 	 314.241
FD10802	189.500 	 23.510 	 314.239
FD10802	189.625 	 23.511 	 314.241
FD10802	189.750 	 23.511 	 314.241
FD10802	189.875 	 23.511 	 314.239
FD10802	190.000 	 23.510 	 314.239
FD10802	190.125 	 23.514 	 314.241
FD10802	190.250 	 23.508 	 314.239
FD10802	190.375 	 23.514 	 314.242
FD10802	190.500 	 23.510 	 314.239
FD10802	190.625 	 23.511 	 314.241
FD10802	190.750 	 23.511 	 314.238
FD10802	190.875 	 23.511 	 314.241
FD10802	191.000 	 23.511 	 314.241
FD10802	191.125 	 23.511 	 314.241
FD10802	191.250 	 23.510 	 314.239
FD10802	191.375 	 23.511 	 314.241
FD10802	191.500 	 23.511 	 314.239
FD10802	191.625 	 23.511 	 314.241
FD10802	191.750 	 23.510 	 314.239
FD10802	191.875 	 23.514 	 314.241
FD10802	192.000 	 23.508 	 314.241
FD10802	192.125 	 23.514 	 314.241
FD10802	192.250 	 23.510 	 314.239
FD10802	192.375 	 23.511 	 314.239
FD10802	192.500 	 23.511 	 314.241
FD10802	192.625 	 23.511 	 314.241
FD10802	192.750 	 23.510 	 314.239
FD10802	192.875 	 23.511 	 314.241
FD10802	193.000 	 23.511 	 314.241
FD10802	193.125 	 23.511 	 314.241
FD10802	193.250 	 23.511 	 314.238
FD10802	193.375 	 23.511 	 314.241
FD10802	193.500 	 23.511 	 314.241
FD10802	193.625 	 23.514 	 314.241
FD10802	193.750 	 23.508 	 314.239
FD10802	193.875 	 23.514 	 314.241
FD10802	194.000 	 23.511 	 314.239
FD10802	194.125 	 23.511 	 314.241
FD10802	194.250 	 23.510 	 314.239
FD10802	194.375 	 23.511 	 314.241
FD10802	194.500 	 23.510 	 314.239
FD10802	194.625 	 23.511 	 314.242
FD10802	194.750 	 23.510 	 314.239
FD10802	194.875 	 23.511 	 314.239
FD10802	195.000 	 23.510 	 314.239
FD10802	195.125 	 23.511 	 314.241
FD10802	195.250 	 23.511 	 314.241
FD10802	195.375 	 23.514 	 314.241
FD10802	195.500 	 23.508 	 314.239
FD10802	195.625 	 23.514 	 314.241
FD10802	195.750 	 23.511 	 314.239
FD10802	195.875 	 23.511 	 314.241
FD10802	196.000 	 23.510 	 314.239
FD10802	196.125 	 23.511 	 314.241
FD10802	196.250 	 23.511 	 314.241
FD10802	196.375 	 23.511 	 314.241
FD10802	196.500 	 23.511 	 314.238
FD10802	196.625 	 23.511 	 314.241
FD10802	196.750 	 23.511 	 314.241
FD10802	196.875 	 23.511 	 314.241
FD10802	197.000 	 23.510 	 314.239
FD10802	197.125 	 23.514 	 314.241
FD10802	197.250 	 23.509 	 314.239
FD10802	197.375 	 23.514 	 314.241
FD10802	197.500 	 23.510 	 314.239
FD10802	197.625 	 23.511 	 314.241
FD10802	197.750 	 23.511 	 314.241
FD10802	197.875 	 23.511 	 314.241
FD10802	198.000 	 23.510 	 314.239
FD10802	198.125 	 0.000 	 90.000
FD10802	198.250 	 0.000 	 90.000
FD10802	198.375 	 0.000 	 90.000
FD10802	198.500 	 0.000 	 90.000
FD10802	198.625 	 0.000 	 90.000
FD10802	198.750 	 0.000 	 90.000
FD10802	198.875 	 0.000 	 90.000
FD10802	199.000 	 0.000 	 90.000
FD10802	199.125 	 0.000 	 90.000
FD10802	199.250 	 0.000 	 90.000
FD10802	199.375 	 0.000 	 90.000
FD10802	199.500 	 0.000 	 90.000
FD10802	199.625 	 0.000 	 90.000
FD10802	199.750 	 0.000 	 90.000
FD10802	199.875 	 0.000 	 90.000
FD10802	200.000 	 0.000 	 90.000
FD10802	200.125 	 0.000 	 90.000
FD10802	200.250 	 0.000 	 90.000
FD10802	200.375 	 0.000 	 90.000
FD10802	200.500 	 0.000 	 90.000
FD10802	200.625 	 0.000 	 90.000
FD10802	200.750 	 0.000 	 90.000
FD10802	200.875 	 0.000 	 90.000
FD10802	201.000 	 0.000 	 90.000
FD10802	201.125 	 0.000 	 90.000
FD10802	201.250 	 0.000 	 90.000
FD10802	201.375 	 0.000 	 90.000
FD10802	201.500 	 0.000 	 90.000
FD10802	201.625 	 0.000 	 90.000
FD10802	201.750 	 0.000 	 90.000
FD10802	201.875 	 0.000 	 90.000
FD10802	202.000 	 0.000 	 90.000
FD10802	202.125 	 0.000 	 90.000
FD10802	202.250 	 0.000 	 90.000
FD10802	202.375 	 0.000 	 90.000
FD10802	202.500 	 0.000 	 90.000
FD10802	202.625 	 0.000 	 90.000
FD10802	202.750 	 0.000 	 90.000
FD10802	202.875 	 0.000 	 90.000
FD10802	203.000 	 0.000 	 90.000
FD10802	203.125 	 0.000 	 90.000
FD10802	203.250 	 0.000 	 90.000
FD10802	203.375 	 0.000 	 90.000
FD10802	203.500 	 0.000 	 90.000
FD10802	203.625 	 0.000 	 90.000
FD10802	203.750 	 0.000 	 90.000
FD10802	203.875 	 0.000 	 90.000
FD10802	204.000 	 0.000 	 90.000
FD10802	204.125 	 0.000 	 90.000
FD10802	204.250 	 0.000 	 90.000
FD10802	204.375 	 0.000 	 90.000
FD10802	204.500 	 0.000 	 90.000
FD10802	204.625 	 0.000 	 90.000
FD10802	204.750 	 0.000 	 90.000
FD10802	204.875 	 0.000 	 90.000
FD10802	205.000 	 0.000 	 90.000
FD10802	205.125 	 0.000 	 90.000
FD10802	205.250 	 0.000 	 90.000
FD10802	205.375 	 0.000 	 90.000
FD10802	205.500 	 0.000 	 90.000
FD10802	205.625 	 0.000 	 90.000
FD10802	205.750 	 0.000 	 90.000
FD10802	205.875 	 0.000 	 90.000
FD10802	206.000 	 0.000 	 90.000
FD10802	206.125 	 0.000 	 90.000
FD10802	206.250 	 0.000 	 90.000
FD10802	206.375 	 0.000 	 90.000
FD10802	206.500 	 0.000 	 90.000
FD10802	206.625 	 0.000 	 90.000
FD10802	206.750 	 0.000 	 90.000
FD10802	206.875 	 0.000 	 90.000
FD10802	207.000 	 0.000 	 90.000
FD10802	207.125 	 0.000 	 90.000
FD10802	207.250 	 0.000 	 90.000
FD10802	207.375 	 0.000 	 90.000
FD10802	207.500 	 0.000 	 90.000
FD10802	207.625 	 0.000 	 90.000
FD10802	207.750 	 0.000 	 90.000
FD10802	207.875 	 0.000 	 90.000
FD10802	208.000 	 0.000 	 90.000
