#WellName	 Depth.M	 INCL	 AZIM 
WellName	 Depth.M	 INCL	 AZIM 
FD10804	0.000 	 0.000 	 0.000
FD10804	0.125 	 0.000 	 90.000
FD10804	0.250 	 0.000 	 90.000
FD10804	0.375 	 0.000 	 90.000
FD10804	0.500 	 0.000 	 90.000
FD10804	0.625 	 0.000 	 90.000
FD10804	0.750 	 0.000 	 90.000
FD10804	0.875 	 0.000 	 90.000
FD10804	1.000 	 0.000 	 90.000
FD10804	1.125 	 0.000 	 90.000
FD10804	1.250 	 0.000 	 90.000
FD10804	1.375 	 0.000 	 90.000
FD10804	1.500 	 0.000 	 90.000
FD10804	1.625 	 0.000 	 90.000
FD10804	1.750 	 0.000 	 90.000
FD10804	1.875 	 0.000 	 90.000
FD10804	2.000 	 0.000 	 90.000
FD10804	2.125 	 0.000 	 90.000
FD10804	2.250 	 0.000 	 90.000
FD10804	2.375 	 0.000 	 90.000
FD10804	2.500 	 0.000 	 90.000
FD10804	2.625 	 0.000 	 90.000
FD10804	2.750 	 0.000 	 90.000
FD10804	2.875 	 0.000 	 90.000
FD10804	3.000 	 0.000 	 90.000
FD10804	3.125 	 0.000 	 90.000
FD10804	3.250 	 0.000 	 90.000
FD10804	3.375 	 0.000 	 90.000
FD10804	3.500 	 0.000 	 90.000
FD10804	3.625 	 0.000 	 90.000
FD10804	3.750 	 0.000 	 90.000
FD10804	3.875 	 0.000 	 90.000
FD10804	4.000 	 0.000 	 90.000
FD10804	4.125 	 0.000 	 90.000
FD10804	4.250 	 0.000 	 90.000
FD10804	4.375 	 0.000 	 90.000
FD10804	4.500 	 0.000 	 90.000
FD10804	4.625 	 0.000 	 90.000
FD10804	4.750 	 0.000 	 90.000
FD10804	4.875 	 0.000 	 90.000
FD10804	5.000 	 0.000 	 90.000
FD10804	5.125 	 0.000 	 90.000
FD10804	5.250 	 0.000 	 90.000
FD10804	5.375 	 0.000 	 90.000
FD10804	5.500 	 0.000 	 90.000
FD10804	5.625 	 0.000 	 90.000
FD10804	5.750 	 0.000 	 90.000
FD10804	5.875 	 0.000 	 90.000
FD10804	6.000 	 0.000 	 90.000
FD10804	6.125 	 0.000 	 90.000
FD10804	6.250 	 0.000 	 90.000
FD10804	6.375 	 0.000 	 90.000
FD10804	6.500 	 0.000 	 90.000
FD10804	6.625 	 0.000 	 90.000
FD10804	6.750 	 0.000 	 90.000
FD10804	6.875 	 0.000 	 90.000
FD10804	7.000 	 0.000 	 90.000
FD10804	7.125 	 0.000 	 90.000
FD10804	7.250 	 0.000 	 90.000
FD10804	7.375 	 0.000 	 90.000
FD10804	7.500 	 0.000 	 90.000
FD10804	7.625 	 0.000 	 90.000
FD10804	7.750 	 0.000 	 90.000
FD10804	7.875 	 0.000 	 90.000
FD10804	8.000 	 0.000 	 90.000
FD10804	8.125 	 0.000 	 90.000
FD10804	8.250 	 0.000 	 90.000
FD10804	8.375 	 0.000 	 90.000
FD10804	8.500 	 0.000 	 90.000
FD10804	8.625 	 0.000 	 90.000
FD10804	8.750 	 0.000 	 90.000
FD10804	8.875 	 0.000 	 90.000
FD10804	9.000 	 0.000 	 90.000
FD10804	9.125 	 0.000 	 90.000
FD10804	9.250 	 0.000 	 90.000
FD10804	9.375 	 0.000 	 90.000
FD10804	9.500 	 0.000 	 90.000
FD10804	9.625 	 0.000 	 90.000
FD10804	9.750 	 0.000 	 90.000
FD10804	9.875 	 0.000 	 90.000
FD10804	10.000 	 0.000 	 90.000
FD10804	10.125 	 0.000 	 90.000
FD10804	10.250 	 0.000 	 90.000
FD10804	10.375 	 0.000 	 90.000
FD10804	10.500 	 0.000 	 90.000
FD10804	10.625 	 0.000 	 90.000
FD10804	10.750 	 0.000 	 90.000
FD10804	10.875 	 0.000 	 90.000
FD10804	11.000 	 0.000 	 90.000
FD10804	11.125 	 0.000 	 90.000
FD10804	11.250 	 0.000 	 90.000
FD10804	11.375 	 0.000 	 90.000
FD10804	11.500 	 0.000 	 90.000
FD10804	11.625 	 0.000 	 90.000
FD10804	11.750 	 0.000 	 90.000
FD10804	11.875 	 0.000 	 90.000
FD10804	12.000 	 0.000 	 90.000
FD10804	12.125 	 0.000 	 90.000
FD10804	12.250 	 0.000 	 90.000
FD10804	12.375 	 0.000 	 90.000
FD10804	12.500 	 0.000 	 90.000
FD10804	12.625 	 0.000 	 90.000
FD10804	12.750 	 0.000 	 90.000
FD10804	12.875 	 0.000 	 90.000
FD10804	13.000 	 0.000 	 90.000
FD10804	13.125 	 0.000 	 90.000
FD10804	13.250 	 0.000 	 90.000
FD10804	13.375 	 0.000 	 90.000
FD10804	13.500 	 0.000 	 90.000
FD10804	13.625 	 0.000 	 90.000
FD10804	13.750 	 0.000 	 90.000
FD10804	13.875 	 0.000 	 90.000
FD10804	14.000 	 0.000 	 90.000
FD10804	14.125 	 0.000 	 90.000
FD10804	14.250 	 0.000 	 90.000
FD10804	14.375 	 0.000 	 90.000
FD10804	14.500 	 0.000 	 90.000
FD10804	14.625 	 0.000 	 90.000
FD10804	14.750 	 0.000 	 90.000
FD10804	14.875 	 0.000 	 90.000
FD10804	15.000 	 0.000 	 90.000
FD10804	15.125 	 0.000 	 90.000
FD10804	15.250 	 0.000 	 90.000
FD10804	15.375 	 0.000 	 90.000
FD10804	15.500 	 0.000 	 90.000
FD10804	15.625 	 0.000 	 90.000
FD10804	15.750 	 0.000 	 90.000
FD10804	15.875 	 0.000 	 90.000
FD10804	16.000 	 0.000 	 90.000
FD10804	16.125 	 0.000 	 90.000
FD10804	16.250 	 0.000 	 90.000
FD10804	16.375 	 0.000 	 90.000
FD10804	16.500 	 0.000 	 90.000
FD10804	16.625 	 0.000 	 90.000
FD10804	16.750 	 0.000 	 90.000
FD10804	16.875 	 0.000 	 90.000
FD10804	17.000 	 0.000 	 90.000
FD10804	17.125 	 0.000 	 90.000
FD10804	17.250 	 0.000 	 90.000
FD10804	17.375 	 0.000 	 90.000
FD10804	17.500 	 0.000 	 90.000
FD10804	17.625 	 0.000 	 90.000
FD10804	17.750 	 0.000 	 90.000
FD10804	17.875 	 0.000 	 90.000
FD10804	18.000 	 0.000 	 90.000
FD10804	18.125 	 0.000 	 90.000
FD10804	18.250 	 0.000 	 90.000
FD10804	18.375 	 0.000 	 90.000
FD10804	18.500 	 0.000 	 90.000
FD10804	18.625 	 0.000 	 90.000
FD10804	18.750 	 0.000 	 90.000
FD10804	18.875 	 0.000 	 90.000
FD10804	19.000 	 0.000 	 90.000
FD10804	19.125 	 0.000 	 90.000
FD10804	19.250 	 0.000 	 90.000
FD10804	19.375 	 0.000 	 90.000
FD10804	19.500 	 0.000 	 90.000
FD10804	19.625 	 0.000 	 90.000
FD10804	19.750 	 0.000 	 90.000
FD10804	19.875 	 0.000 	 90.000
FD10804	20.000 	 0.000 	 90.000
FD10804	20.125 	 0.000 	 90.000
FD10804	20.250 	 0.000 	 90.000
FD10804	20.375 	 0.000 	 90.000
FD10804	20.500 	 0.000 	 90.000
FD10804	20.625 	 0.000 	 90.000
FD10804	20.750 	 0.000 	 90.000
FD10804	20.875 	 0.000 	 90.000
FD10804	21.000 	 0.000 	 90.000
FD10804	21.125 	 0.000 	 90.000
FD10804	21.250 	 0.000 	 90.000
FD10804	21.375 	 0.000 	 90.000
FD10804	21.500 	 0.000 	 90.000
FD10804	21.625 	 0.000 	 90.000
FD10804	21.750 	 0.000 	 90.000
FD10804	21.875 	 0.000 	 90.000
FD10804	22.000 	 0.000 	 90.000
FD10804	22.125 	 0.000 	 90.000
FD10804	22.250 	 0.000 	 90.000
FD10804	22.375 	 0.000 	 90.000
FD10804	22.500 	 0.000 	 90.000
FD10804	22.625 	 0.000 	 90.000
FD10804	22.750 	 0.000 	 90.000
FD10804	22.875 	 0.000 	 90.000
FD10804	23.000 	 0.000 	 90.000
FD10804	23.125 	 0.000 	 90.000
FD10804	23.250 	 0.000 	 90.000
FD10804	23.375 	 0.000 	 90.000
FD10804	23.500 	 0.000 	 90.000
FD10804	23.625 	 0.000 	 90.000
FD10804	23.750 	 0.000 	 90.000
FD10804	23.875 	 0.000 	 90.000
FD10804	24.000 	 0.000 	 90.000
FD10804	24.125 	 0.000 	 90.000
FD10804	24.250 	 0.000 	 90.000
FD10804	24.375 	 0.000 	 90.000
FD10804	24.500 	 0.000 	 90.000
FD10804	24.625 	 0.000 	 90.000
FD10804	24.750 	 0.000 	 90.000
FD10804	24.875 	 0.000 	 90.000
FD10804	25.000 	 0.000 	 90.000
FD10804	25.125 	 0.000 	 90.000
FD10804	25.250 	 0.000 	 90.000
FD10804	25.375 	 0.000 	 90.000
FD10804	25.500 	 0.000 	 90.000
FD10804	25.625 	 0.000 	 90.000
FD10804	25.750 	 0.000 	 90.000
FD10804	25.875 	 0.000 	 90.000
FD10804	26.000 	 0.000 	 90.000
FD10804	26.125 	 0.000 	 90.000
FD10804	26.250 	 0.000 	 90.000
FD10804	26.375 	 0.000 	 90.000
FD10804	26.500 	 0.000 	 90.000
FD10804	26.625 	 0.000 	 90.000
FD10804	26.750 	 0.000 	 90.000
FD10804	26.875 	 0.000 	 90.000
FD10804	27.000 	 0.000 	 90.000
FD10804	27.125 	 0.000 	 90.000
FD10804	27.250 	 0.000 	 90.000
FD10804	27.375 	 0.000 	 90.000
FD10804	27.500 	 0.000 	 90.000
FD10804	27.625 	 0.000 	 90.000
FD10804	27.750 	 0.000 	 90.000
FD10804	27.875 	 0.000 	 90.000
FD10804	28.000 	 0.000 	 90.000
FD10804	28.125 	 0.000 	 90.000
FD10804	28.250 	 0.000 	 90.000
FD10804	28.375 	 0.000 	 90.000
FD10804	28.500 	 0.000 	 90.000
FD10804	28.625 	 0.000 	 90.000
FD10804	28.750 	 0.000 	 90.000
FD10804	28.875 	 0.000 	 90.000
FD10804	29.000 	 0.000 	 90.000
FD10804	29.125 	 0.000 	 90.000
FD10804	29.250 	 0.000 	 90.000
FD10804	29.375 	 0.000 	 90.000
FD10804	29.500 	 0.000 	 90.000
FD10804	29.625 	 0.000 	 90.000
FD10804	29.750 	 0.000 	 90.000
FD10804	29.875 	 0.000 	 90.000
FD10804	30.000 	 0.000 	 90.000
FD10804	30.125 	 0.000 	 90.000
FD10804	30.250 	 0.000 	 90.000
FD10804	30.375 	 0.000 	 90.000
FD10804	30.500 	 0.000 	 90.000
FD10804	30.625 	 0.000 	 90.000
FD10804	30.750 	 0.000 	 90.000
FD10804	30.875 	 0.000 	 90.000
FD10804	31.000 	 0.000 	 90.000
FD10804	31.125 	 0.000 	 90.000
FD10804	31.250 	 0.000 	 90.000
FD10804	31.375 	 0.000 	 90.000
FD10804	31.500 	 0.000 	 90.000
FD10804	31.625 	 0.000 	 90.000
FD10804	31.750 	 0.000 	 90.000
FD10804	31.875 	 0.000 	 90.000
FD10804	32.000 	 0.000 	 90.000
FD10804	32.125 	 0.000 	 90.000
FD10804	32.250 	 0.000 	 90.000
FD10804	32.375 	 0.000 	 90.000
FD10804	32.500 	 0.000 	 90.000
FD10804	32.625 	 0.000 	 90.000
FD10804	32.750 	 0.000 	 90.000
FD10804	32.875 	 0.000 	 90.000
FD10804	33.000 	 0.000 	 90.000
FD10804	33.125 	 0.000 	 90.000
FD10804	33.250 	 0.000 	 90.000
FD10804	33.375 	 0.000 	 90.000
FD10804	33.500 	 0.000 	 90.000
FD10804	33.625 	 0.000 	 90.000
FD10804	33.750 	 0.000 	 90.000
FD10804	33.875 	 0.000 	 90.000
FD10804	34.000 	 0.000 	 90.000
FD10804	34.125 	 0.000 	 90.000
FD10804	34.250 	 0.000 	 90.000
FD10804	34.375 	 0.000 	 90.000
FD10804	34.500 	 0.000 	 90.000
FD10804	34.625 	 0.000 	 90.000
FD10804	34.750 	 0.000 	 90.000
FD10804	34.875 	 0.000 	 90.000
FD10804	35.000 	 0.000 	 90.000
FD10804	35.125 	 0.000 	 90.000
FD10804	35.250 	 0.000 	 90.000
FD10804	35.375 	 0.000 	 90.000
FD10804	35.500 	 0.000 	 90.000
FD10804	35.625 	 0.000 	 90.000
FD10804	35.750 	 0.000 	 90.000
FD10804	35.875 	 0.000 	 90.000
FD10804	36.000 	 0.000 	 90.000
FD10804	36.125 	 0.000 	 90.000
FD10804	36.250 	 0.000 	 90.000
FD10804	36.375 	 0.000 	 90.000
FD10804	36.500 	 0.000 	 90.000
FD10804	36.625 	 0.000 	 90.000
FD10804	36.750 	 0.000 	 90.000
FD10804	36.875 	 0.000 	 90.000
FD10804	37.000 	 0.000 	 90.000
FD10804	37.125 	 0.000 	 90.000
FD10804	37.250 	 0.000 	 90.000
FD10804	37.375 	 0.000 	 90.000
FD10804	37.500 	 0.000 	 90.000
FD10804	37.625 	 0.000 	 90.000
FD10804	37.750 	 0.000 	 90.000
FD10804	37.875 	 0.000 	 90.000
FD10804	38.000 	 0.000 	 90.000
FD10804	38.125 	 0.000 	 90.000
FD10804	38.250 	 0.000 	 90.000
FD10804	38.375 	 0.000 	 90.000
FD10804	38.500 	 0.000 	 90.000
FD10804	38.625 	 0.000 	 90.000
FD10804	38.750 	 0.000 	 90.000
FD10804	38.875 	 0.000 	 90.000
FD10804	39.000 	 0.000 	 90.000
FD10804	39.125 	 0.000 	 90.000
FD10804	39.250 	 0.000 	 90.000
FD10804	39.375 	 0.000 	 90.000
FD10804	39.500 	 0.000 	 90.000
FD10804	39.625 	 0.000 	 90.000
FD10804	39.750 	 0.000 	 90.000
FD10804	39.875 	 0.000 	 90.000
FD10804	40.000 	 0.000 	 90.000
FD10804	40.125 	 0.000 	 90.000
FD10804	40.250 	 0.000 	 90.000
FD10804	40.375 	 0.000 	 90.000
FD10804	40.500 	 0.000 	 90.000
FD10804	40.625 	 0.000 	 90.000
FD10804	40.750 	 0.000 	 90.000
FD10804	40.875 	 0.000 	 90.000
FD10804	41.000 	 0.000 	 90.000
FD10804	41.125 	 0.000 	 90.000
FD10804	41.250 	 0.000 	 90.000
FD10804	41.375 	 0.000 	 90.000
FD10804	41.500 	 0.000 	 90.000
FD10804	41.625 	 0.000 	 90.000
FD10804	41.750 	 0.000 	 90.000
FD10804	41.875 	 0.000 	 90.000
FD10804	42.000 	 0.000 	 90.000
FD10804	42.125 	 0.000 	 90.000
FD10804	42.250 	 0.000 	 90.000
FD10804	42.375 	 0.000 	 90.000
FD10804	42.500 	 0.000 	 90.000
FD10804	42.625 	 0.000 	 90.000
FD10804	42.750 	 0.000 	 90.000
FD10804	42.875 	 0.000 	 90.000
FD10804	43.000 	 0.000 	 90.000
FD10804	43.125 	 0.000 	 90.000
FD10804	43.250 	 0.000 	 90.000
FD10804	43.375 	 0.000 	 90.000
FD10804	43.500 	 0.000 	 90.000
FD10804	43.625 	 0.000 	 90.000
FD10804	43.750 	 0.000 	 90.000
FD10804	43.875 	 0.000 	 90.000
FD10804	44.000 	 0.000 	 90.000
FD10804	44.125 	 0.000 	 90.000
FD10804	44.250 	 0.000 	 90.000
FD10804	44.375 	 0.000 	 90.000
FD10804	44.500 	 0.000 	 90.000
FD10804	44.625 	 0.000 	 90.000
FD10804	44.750 	 0.000 	 90.000
FD10804	44.875 	 0.000 	 90.000
FD10804	45.000 	 0.000 	 90.000
FD10804	45.125 	 0.000 	 90.000
FD10804	45.250 	 0.000 	 90.000
FD10804	45.375 	 0.000 	 90.000
FD10804	45.500 	 0.000 	 90.000
FD10804	45.625 	 0.000 	 90.000
FD10804	45.750 	 0.000 	 90.000
FD10804	45.875 	 0.000 	 90.000
FD10804	46.000 	 0.000 	 90.000
FD10804	46.125 	 0.000 	 90.000
FD10804	46.250 	 0.000 	 90.000
FD10804	46.375 	 0.000 	 90.000
FD10804	46.500 	 0.000 	 90.000
FD10804	46.625 	 0.000 	 90.000
FD10804	46.750 	 0.000 	 90.000
FD10804	46.875 	 0.000 	 90.000
FD10804	47.000 	 0.000 	 90.000
FD10804	47.125 	 0.000 	 90.000
FD10804	47.250 	 0.000 	 90.000
FD10804	47.375 	 0.000 	 90.000
FD10804	47.500 	 0.000 	 90.000
FD10804	47.625 	 0.000 	 90.000
FD10804	47.750 	 0.000 	 90.000
FD10804	47.875 	 0.000 	 90.000
FD10804	48.000 	 0.000 	 90.000
FD10804	48.125 	 0.000 	 90.000
FD10804	48.250 	 0.000 	 90.000
FD10804	48.375 	 0.000 	 90.000
FD10804	48.500 	 0.000 	 90.000
FD10804	48.625 	 0.000 	 90.000
FD10804	48.750 	 0.000 	 90.000
FD10804	48.875 	 0.000 	 90.000
FD10804	49.000 	 0.000 	 90.000
FD10804	49.125 	 0.000 	 90.000
FD10804	49.250 	 0.000 	 90.000
FD10804	49.375 	 0.000 	 90.000
FD10804	49.500 	 0.000 	 90.000
FD10804	49.625 	 0.000 	 90.000
FD10804	49.750 	 0.000 	 90.000
FD10804	49.875 	 0.000 	 90.000
FD10804	50.000 	 0.000 	 90.000
FD10804	50.125 	 0.441 	 259.141
FD10804	50.250 	 0.443 	 260.280
FD10804	50.375 	 0.447 	 260.868
FD10804	50.500 	 0.449 	 260.488
FD10804	50.625 	 0.452 	 259.527
FD10804	50.750 	 0.455 	 258.547
FD10804	50.875 	 0.459 	 257.559
FD10804	51.000 	 0.462 	 257.295
FD10804	51.125 	 0.466 	 258.199
FD10804	51.250 	 0.470 	 259.380
FD10804	51.375 	 0.473 	 260.888
FD10804	51.500 	 0.477 	 262.306
FD10804	51.625 	 0.481 	 264.195
FD10804	51.750 	 0.486 	 266.046
FD10804	51.875 	 0.490 	 267.100
FD10804	52.000 	 0.494 	 267.570
FD10804	52.125 	 0.499 	 267.554
FD10804	52.250 	 0.503 	 267.184
FD10804	52.375 	 0.507 	 266.763
FD10804	52.500 	 0.512 	 266.330
FD10804	52.625 	 0.517 	 265.796
FD10804	52.750 	 0.521 	 265.194
FD10804	52.875 	 0.527 	 264.711
FD10804	53.000 	 0.531 	 265.112
FD10804	53.125 	 0.536 	 266.236
FD10804	53.250 	 0.542 	 267.354
FD10804	53.375 	 0.547 	 268.521
FD10804	53.500 	 0.553 	 269.443
FD10804	53.625 	 0.559 	 270.204
FD10804	53.750 	 0.565 	 270.684
FD10804	53.875 	 0.572 	 270.940
FD10804	54.000 	 0.578 	 270.966
FD10804	54.125 	 0.585 	 270.918
FD10804	54.250 	 0.591 	 270.738
FD10804	54.375 	 0.599 	 270.421
FD10804	54.500 	 0.606 	 270.062
FD10804	54.625 	 0.614 	 269.589
FD10804	54.750 	 0.621 	 269.061
FD10804	54.875 	 0.629 	 268.757
FD10804	55.000 	 0.636 	 269.379
FD10804	55.125 	 0.644 	 270.608
FD10804	55.250 	 0.652 	 271.668
FD10804	55.375 	 0.661 	 272.745
FD10804	55.500 	 0.669 	 273.784
FD10804	55.625 	 0.678 	 274.085
FD10804	55.750 	 0.686 	 273.568
FD10804	55.875 	 0.696 	 273.167
FD10804	56.000 	 0.705 	 272.825
FD10804	56.125 	 0.715 	 272.448
FD10804	56.250 	 0.724 	 272.063
FD10804	56.375 	 0.734 	 271.654
FD10804	56.500 	 0.744 	 271.327
FD10804	56.625 	 0.754 	 270.934
FD10804	56.750 	 0.764 	 270.539
FD10804	56.875 	 0.775 	 270.097
FD10804	57.000 	 0.785 	 269.696
FD10804	57.125 	 0.796 	 269.289
FD10804	57.250 	 0.807 	 268.904
FD10804	57.375 	 0.819 	 268.490
FD10804	57.500 	 0.830 	 268.110
FD10804	57.625 	 0.842 	 267.677
FD10804	57.750 	 0.853 	 267.287
FD10804	57.875 	 0.865 	 266.878
FD10804	58.000 	 0.877 	 266.514
FD10804	58.125 	 0.889 	 266.148
FD10804	58.250 	 0.901 	 265.826
FD10804	58.375 	 0.914 	 265.460
FD10804	58.500 	 0.926 	 265.133
FD10804	58.625 	 0.940 	 264.815
FD10804	58.750 	 0.952 	 264.535
FD10804	58.875 	 0.966 	 264.241
FD10804	59.000 	 0.978 	 263.983
FD10804	59.125 	 0.992 	 263.733
FD10804	59.250 	 1.004 	 263.516
FD10804	59.375 	 1.019 	 263.274
FD10804	59.500 	 1.032 	 263.053
FD10804	59.625 	 1.046 	 262.843
FD10804	59.750 	 1.059 	 262.663
FD10804	59.875 	 1.074 	 262.469
FD10804	60.000 	 1.087 	 262.285
FD10804	60.125 	 1.102 	 262.094
FD10804	60.250 	 1.116 	 261.924
FD10804	60.375 	 1.131 	 261.728
FD10804	60.500 	 1.145 	 261.559
FD10804	60.625 	 1.160 	 261.388
FD10804	60.750 	 1.174 	 261.213
FD10804	60.875 	 1.189 	 261.013
FD10804	61.000 	 1.203 	 260.850
FD10804	61.125 	 1.218 	 260.704
FD10804	61.250 	 1.232 	 260.571
FD10804	61.375 	 1.248 	 260.440
FD10804	61.500 	 1.261 	 260.318
FD10804	61.625 	 1.277 	 260.160
FD10804	61.750 	 1.290 	 260.002
FD10804	61.875 	 1.306 	 259.816
FD10804	62.000 	 1.319 	 259.647
FD10804	62.125 	 1.335 	 259.495
FD10804	62.250 	 1.349 	 259.358
FD10804	62.375 	 1.366 	 259.187
FD10804	62.500 	 1.380 	 259.034
FD10804	62.625 	 1.397 	 258.885
FD10804	62.750 	 1.413 	 258.759
FD10804	62.875 	 1.430 	 258.618
FD10804	63.000 	 1.447 	 258.497
FD10804	63.125 	 1.465 	 258.385
FD10804	63.250 	 1.482 	 258.264
FD10804	63.375 	 1.501 	 258.143
FD10804	63.500 	 1.520 	 258.070
FD10804	63.625 	 1.540 	 257.987
FD10804	63.750 	 1.559 	 257.929
FD10804	63.875 	 1.580 	 257.927
FD10804	64.000 	 1.601 	 257.937
FD10804	64.125 	 1.623 	 257.982
FD10804	64.250 	 1.643 	 258.092
FD10804	64.375 	 1.666 	 258.190
FD10804	64.500 	 1.686 	 258.164
FD10804	64.625 	 1.710 	 258.094
FD10804	64.750 	 1.731 	 258.052
FD10804	64.875 	 1.755 	 257.981
FD10804	65.000 	 1.776 	 257.886
FD10804	65.125 	 1.800 	 257.762
FD10804	65.250 	 1.822 	 257.662
FD10804	65.375 	 1.846 	 257.559
FD10804	65.500 	 1.867 	 257.453
FD10804	65.625 	 1.892 	 257.361
FD10804	65.750 	 1.913 	 257.292
FD10804	65.875 	 1.937 	 257.194
FD10804	66.000 	 1.958 	 257.088
FD10804	66.125 	 1.981 	 256.971
FD10804	66.250 	 2.002 	 256.791
FD10804	66.375 	 2.025 	 256.532
FD10804	66.500 	 2.046 	 256.304
FD10804	66.625 	 2.068 	 256.039
FD10804	66.750 	 2.087 	 255.771
FD10804	66.875 	 2.109 	 255.546
FD10804	67.000 	 2.128 	 255.398
FD10804	67.125 	 2.149 	 255.235
FD10804	67.250 	 2.170 	 255.066
FD10804	67.375 	 2.192 	 254.870
FD10804	67.500 	 2.214 	 254.669
FD10804	67.625 	 2.238 	 254.490
FD10804	67.750 	 2.259 	 254.370
FD10804	67.875 	 2.284 	 254.221
FD10804	68.000 	 2.308 	 254.095
FD10804	68.125 	 2.335 	 254.005
FD10804	68.250 	 2.360 	 253.967
FD10804	68.375 	 2.388 	 253.920
FD10804	68.500 	 2.415 	 253.851
FD10804	68.625 	 2.444 	 253.760
FD10804	68.750 	 2.472 	 253.660
FD10804	68.875 	 2.502 	 253.538
FD10804	69.000 	 2.531 	 253.406
FD10804	69.125 	 2.562 	 253.276
FD10804	69.250 	 2.591 	 253.171
FD10804	69.375 	 2.622 	 253.057
FD10804	69.500 	 2.650 	 252.951
FD10804	69.625 	 2.680 	 252.837
FD10804	69.750 	 2.708 	 252.753
FD10804	69.875 	 2.737 	 252.687
FD10804	70.000 	 2.762 	 252.660
FD10804	70.125 	 2.790 	 252.662
FD10804	70.250 	 2.815 	 252.677
FD10804	70.375 	 2.840 	 252.722
FD10804	70.500 	 2.862 	 252.790
FD10804	70.625 	 2.887 	 252.864
FD10804	70.750 	 2.908 	 252.870
FD10804	70.875 	 2.930 	 252.812
FD10804	71.000 	 2.951 	 252.765
FD10804	71.125 	 2.973 	 252.749
FD10804	71.250 	 2.994 	 252.760
FD10804	71.375 	 3.016 	 252.821
FD10804	71.500 	 3.037 	 252.926
FD10804	71.625 	 3.060 	 253.004
FD10804	71.750 	 3.083 	 253.042
FD10804	71.875 	 3.107 	 253.060
FD10804	72.000 	 3.130 	 253.060
FD10804	72.125 	 3.156 	 253.026
FD10804	72.250 	 3.181 	 252.942
FD10804	72.375 	 3.210 	 252.851
FD10804	72.500 	 3.237 	 252.751
FD10804	72.625 	 3.268 	 252.599
FD10804	72.750 	 3.298 	 252.466
FD10804	72.875 	 3.332 	 252.305
FD10804	73.000 	 3.363 	 252.125
FD10804	73.125 	 3.399 	 251.980
FD10804	73.250 	 3.432 	 251.870
FD10804	73.375 	 3.468 	 251.736
FD10804	73.500 	 3.503 	 251.625
FD10804	73.625 	 3.542 	 251.577
FD10804	73.750 	 3.577 	 251.566
FD10804	73.875 	 3.617 	 251.525
FD10804	74.000 	 3.653 	 251.488
FD10804	74.125 	 3.694 	 251.436
FD10804	74.250 	 3.733 	 251.357
FD10804	74.375 	 3.776 	 251.222
FD10804	74.500 	 3.815 	 251.069
FD10804	74.625 	 3.859 	 250.937
FD10804	74.750 	 3.900 	 250.868
FD10804	74.875 	 3.946 	 250.832
FD10804	75.000 	 3.989 	 250.785
FD10804	75.125 	 4.035 	 250.695
FD10804	75.250 	 4.079 	 250.584
FD10804	75.375 	 4.127 	 250.461
FD10804	75.500 	 4.172 	 250.329
FD10804	75.625 	 4.220 	 250.143
FD10804	75.750 	 4.264 	 249.953
FD10804	75.875 	 4.313 	 249.769
FD10804	76.000 	 4.357 	 249.622
FD10804	76.125 	 4.404 	 249.479
FD10804	76.250 	 4.447 	 249.373
FD10804	76.375 	 4.493 	 249.269
FD10804	76.500 	 4.535 	 249.164
FD10804	76.625 	 4.579 	 249.058
FD10804	76.750 	 4.620 	 249.037
FD10804	76.875 	 4.662 	 249.036
FD10804	77.000 	 4.700 	 248.999
FD10804	77.125 	 4.741 	 248.961
FD10804	77.250 	 4.778 	 248.914
FD10804	77.375 	 4.816 	 248.855
FD10804	77.500 	 4.851 	 248.802
FD10804	77.625 	 4.887 	 248.754
FD10804	77.750 	 4.920 	 248.722
FD10804	77.875 	 4.954 	 248.682
FD10804	78.000 	 4.986 	 248.629
FD10804	78.125 	 5.020 	 248.558
FD10804	78.250 	 5.049 	 248.495
FD10804	78.375 	 5.081 	 248.448
FD10804	78.500 	 5.111 	 248.422
FD10804	78.625 	 5.141 	 248.391
FD10804	78.750 	 5.170 	 248.369
FD10804	78.875 	 5.199 	 248.346
FD10804	79.000 	 5.226 	 248.304
FD10804	79.125 	 5.255 	 248.236
FD10804	79.250 	 5.282 	 248.147
FD10804	79.375 	 5.309 	 248.006
FD10804	79.500 	 5.334 	 247.827
FD10804	79.625 	 5.360 	 247.616
FD10804	79.750 	 5.385 	 247.431
FD10804	79.875 	 5.410 	 247.239
FD10804	80.000 	 5.432 	 247.071
FD10804	80.125 	 5.457 	 246.919
FD10804	80.250 	 5.478 	 246.786
FD10804	80.375 	 5.502 	 246.636
FD10804	80.500 	 5.522 	 246.509
FD10804	80.625 	 5.543 	 246.382
FD10804	80.750 	 5.562 	 246.288
FD10804	80.875 	 5.581 	 246.188
FD10804	81.000 	 5.599 	 246.077
FD10804	81.125 	 5.616 	 245.974
FD10804	81.250 	 5.632 	 245.889
FD10804	81.375 	 5.649 	 245.795
FD10804	81.500 	 5.663 	 245.805
FD10804	81.625 	 5.679 	 245.792
FD10804	81.750 	 5.693 	 245.718
FD10804	81.875 	 5.709 	 245.663
FD10804	82.000 	 5.723 	 245.558
FD10804	82.125 	 5.738 	 245.411
FD10804	82.250 	 5.753 	 245.241
FD10804	82.375 	 5.768 	 245.045
FD10804	82.500 	 5.784 	 244.913
FD10804	82.625 	 5.800 	 244.806
FD10804	82.750 	 5.815 	 244.696
FD10804	82.875 	 5.833 	 244.562
FD10804	83.000 	 5.849 	 244.446
FD10804	83.125 	 5.869 	 244.279
FD10804	83.250 	 5.886 	 244.105
FD10804	83.375 	 5.906 	 243.963
FD10804	83.500 	 5.925 	 243.832
FD10804	83.625 	 5.946 	 243.724
FD10804	83.750 	 5.966 	 243.692
FD10804	83.875 	 5.987 	 243.669
FD10804	84.000 	 6.008 	 243.627
FD10804	84.125 	 6.031 	 243.560
FD10804	84.250 	 6.052 	 243.496
FD10804	84.375 	 6.075 	 243.428
FD10804	84.500 	 6.097 	 243.348
FD10804	84.625 	 6.120 	 243.249
FD10804	84.750 	 6.143 	 243.148
FD10804	84.875 	 6.166 	 243.046
FD10804	85.000 	 6.189 	 242.977
FD10804	85.125 	 6.214 	 242.922
FD10804	85.250 	 6.237 	 242.885
FD10804	85.375 	 6.262 	 242.865
FD10804	85.500 	 6.285 	 242.838
FD10804	85.625 	 6.310 	 242.785
FD10804	85.750 	 6.333 	 242.700
FD10804	85.875 	 6.358 	 242.601
FD10804	86.000 	 6.381 	 242.553
FD10804	86.125 	 6.406 	 242.545
FD10804	86.250 	 6.428 	 242.567
FD10804	86.375 	 6.451 	 242.606
FD10804	86.500 	 6.472 	 242.627
FD10804	86.625 	 6.495 	 242.604
FD10804	86.750 	 6.516 	 242.561
FD10804	86.875 	 6.537 	 242.515
FD10804	87.000 	 6.556 	 242.463
FD10804	87.125 	 6.577 	 242.403
FD10804	87.250 	 6.596 	 242.365
FD10804	87.375 	 6.616 	 242.337
FD10804	87.500 	 6.633 	 242.311
FD10804	87.625 	 6.653 	 242.285
FD10804	87.750 	 6.670 	 242.248
FD10804	87.875 	 6.689 	 242.194
FD10804	88.000 	 6.704 	 242.115
FD10804	88.125 	 6.723 	 242.030
FD10804	88.250 	 6.739 	 241.972
FD10804	88.375 	 6.757 	 241.914
FD10804	88.500 	 6.772 	 241.856
FD10804	88.625 	 6.789 	 241.776
FD10804	88.750 	 6.804 	 241.724
FD10804	88.875 	 6.821 	 241.705
FD10804	89.000 	 6.836 	 241.710
FD10804	89.125 	 6.851 	 241.697
FD10804	89.250 	 6.866 	 241.665
FD10804	89.375 	 6.881 	 241.642
FD10804	89.500 	 6.894 	 241.647
FD10804	89.625 	 6.909 	 241.647
FD10804	89.750 	 6.922 	 241.611
FD10804	89.875 	 6.937 	 241.562
FD10804	90.000 	 6.951 	 241.520
FD10804	90.125 	 6.965 	 241.461
FD10804	90.250 	 6.977 	 241.393
FD10804	90.375 	 6.992 	 241.307
FD10804	90.500 	 7.005 	 241.175
FD10804	90.625 	 7.021 	 240.985
FD10804	90.750 	 7.035 	 240.817
FD10804	90.875 	 7.051 	 240.645
FD10804	91.000 	 7.066 	 240.503
FD10804	91.125 	 7.083 	 240.346
FD10804	91.250 	 7.100 	 240.166
FD10804	91.375 	 7.120 	 239.958
FD10804	91.500 	 7.138 	 239.785
FD10804	91.625 	 7.158 	 239.599
FD10804	91.750 	 7.178 	 239.446
FD10804	91.875 	 7.200 	 239.357
FD10804	92.000 	 7.222 	 239.320
FD10804	92.125 	 7.246 	 239.280
FD10804	92.250 	 7.269 	 239.254
FD10804	92.375 	 7.295 	 239.195
FD10804	92.500 	 7.320 	 239.073
FD10804	92.625 	 7.348 	 238.918
FD10804	92.750 	 7.375 	 238.817
FD10804	92.875 	 7.405 	 238.733
FD10804	93.000 	 7.434 	 238.623
FD10804	93.125 	 7.465 	 238.483
FD10804	93.250 	 7.496 	 238.394
FD10804	93.375 	 7.530 	 238.313
FD10804	93.500 	 7.563 	 238.229
FD10804	93.625 	 7.599 	 238.121
FD10804	93.750 	 7.632 	 237.978
FD10804	93.875 	 7.670 	 237.813
FD10804	94.000 	 7.705 	 237.656
FD10804	94.125 	 7.744 	 237.489
FD10804	94.250 	 7.780 	 237.337
FD10804	94.375 	 7.820 	 237.127
FD10804	94.500 	 7.855 	 236.942
FD10804	94.625 	 7.893 	 236.775
FD10804	94.750 	 7.927 	 236.612
FD10804	94.875 	 7.965 	 236.481
FD10804	95.000 	 7.997 	 236.392
FD10804	95.125 	 8.033 	 236.261
FD10804	95.250 	 8.064 	 236.098
FD10804	95.375 	 8.098 	 235.926
FD10804	95.500 	 8.127 	 235.779
FD10804	95.625 	 8.159 	 235.625
FD10804	95.750 	 8.188 	 235.508
FD10804	95.875 	 8.217 	 235.399
FD10804	96.000 	 8.243 	 235.315
FD10804	96.125 	 8.271 	 235.223
FD10804	96.250 	 8.295 	 235.160
FD10804	96.375 	 8.322 	 235.070
FD10804	96.500 	 8.346 	 234.901
FD10804	96.625 	 8.373 	 234.674
FD10804	96.750 	 8.396 	 234.473
FD10804	96.875 	 8.422 	 234.262
FD10804	97.000 	 8.446 	 234.083
FD10804	97.125 	 8.471 	 233.910
FD10804	97.250 	 8.495 	 233.763
FD10804	97.375 	 8.520 	 233.613
FD10804	97.500 	 8.543 	 233.503
FD10804	97.625 	 8.568 	 233.381
FD10804	97.750 	 8.590 	 233.270
FD10804	97.875 	 8.615 	 233.183
FD10804	98.000 	 8.637 	 233.087
FD10804	98.125 	 8.662 	 232.974
FD10804	98.250 	 8.683 	 232.895
FD10804	98.375 	 8.708 	 232.817
FD10804	98.500 	 8.729 	 232.743
FD10804	98.625 	 8.752 	 232.688
FD10804	98.750 	 8.773 	 232.652
FD10804	98.875 	 8.794 	 232.642
FD10804	99.000 	 8.815 	 232.647
FD10804	99.125 	 8.834 	 232.656
FD10804	99.250 	 8.855 	 232.645
FD10804	99.375 	 8.875 	 232.584
FD10804	99.500 	 8.894 	 232.536
FD10804	99.625 	 8.915 	 232.496
FD10804	99.750 	 8.934 	 232.433
FD10804	99.875 	 8.954 	 232.345
FD10804	100.000 	 8.972 	 232.261
FD10804	100.125 	 8.993 	 232.224
FD10804	100.250 	 9.010 	 232.230
FD10804	100.375 	 9.031 	 232.238
FD10804	100.500 	 9.048 	 232.259
FD10804	100.625 	 9.067 	 232.235
FD10804	100.750 	 9.084 	 232.182
FD10804	100.875 	 9.103 	 232.163
FD10804	101.000 	 9.119 	 232.153
FD10804	101.125 	 9.138 	 232.095
FD10804	101.250 	 9.155 	 232.021
FD10804	101.375 	 9.174 	 231.954
FD10804	101.500 	 9.192 	 231.970
FD10804	101.625 	 9.211 	 232.007
FD10804	101.750 	 9.229 	 231.996
FD10804	101.875 	 9.249 	 231.974
FD10804	102.000 	 9.268 	 231.880
FD10804	102.125 	 9.289 	 231.763
FD10804	102.250 	 9.312 	 231.747
FD10804	102.375 	 9.335 	 231.743
FD10804	102.500 	 9.358 	 231.723
FD10804	102.625 	 9.384 	 231.719
FD10804	102.750 	 9.410 	 231.687
FD10804	102.875 	 9.437 	 231.614
FD10804	103.000 	 9.463 	 231.557
FD10804	103.125 	 9.491 	 231.488
FD10804	103.250 	 9.518 	 231.414
FD10804	103.375 	 9.546 	 231.342
FD10804	103.500 	 9.571 	 231.316
FD10804	103.625 	 9.599 	 231.326
FD10804	103.750 	 9.625 	 231.321
FD10804	103.875 	 9.652 	 231.268
FD10804	104.000 	 9.675 	 231.221
FD10804	104.125 	 9.703 	 231.208
FD10804	104.250 	 9.726 	 231.191
FD10804	104.375 	 9.753 	 231.174
FD10804	104.500 	 9.775 	 231.138
FD10804	104.625 	 9.801 	 231.073
FD10804	104.750 	 9.825 	 231.021
FD10804	104.875 	 9.849 	 230.955
FD10804	105.000 	 9.872 	 230.871
FD10804	105.125 	 9.896 	 230.776
FD10804	105.250 	 9.922 	 230.702
FD10804	105.375 	 9.947 	 230.677
FD10804	105.500 	 9.972 	 230.715
FD10804	105.625 	 10.000 	 230.675
FD10804	105.750 	 10.027 	 230.543
FD10804	105.875 	 10.055 	 230.442
FD10804	106.000 	 10.082 	 230.430
FD10804	106.125 	 10.111 	 230.482
FD10804	106.250 	 10.138 	 230.514
FD10804	106.375 	 10.169 	 230.469
FD10804	106.500 	 10.196 	 230.427
FD10804	106.625 	 10.227 	 230.400
FD10804	106.750 	 10.256 	 230.353
FD10804	106.875 	 10.289 	 230.320
FD10804	107.000 	 10.320 	 230.305
FD10804	107.125 	 10.353 	 230.264
FD10804	107.250 	 10.384 	 230.205
FD10804	107.375 	 10.419 	 230.200
FD10804	107.500 	 10.452 	 230.179
FD10804	107.625 	 10.487 	 230.133
FD10804	107.750 	 10.520 	 230.092
FD10804	107.875 	 10.556 	 230.011
FD10804	108.000 	 10.590 	 229.994
FD10804	108.125 	 10.627 	 229.991
FD10804	108.250 	 10.660 	 230.012
FD10804	108.375 	 10.698 	 229.986
FD10804	108.500 	 10.731 	 229.901
FD10804	108.625 	 10.769 	 229.901
FD10804	108.750 	 10.804 	 229.896
FD10804	108.875 	 10.840 	 229.832
FD10804	109.000 	 10.874 	 229.821
FD10804	109.125 	 10.912 	 229.765
FD10804	109.250 	 10.947 	 229.735
FD10804	109.375 	 10.984 	 229.727
FD10804	109.500 	 11.020 	 229.675
FD10804	109.625 	 11.057 	 229.636
FD10804	109.750 	 11.094 	 229.615
FD10804	109.875 	 11.133 	 229.609
FD10804	110.000 	 11.169 	 229.593
FD10804	110.125 	 11.210 	 229.634
FD10804	110.250 	 11.247 	 229.739
FD10804	110.375 	 11.287 	 229.717
FD10804	110.500 	 11.327 	 229.522
FD10804	110.625 	 11.367 	 229.354
FD10804	110.750 	 11.406 	 229.307
FD10804	110.875 	 11.447 	 229.262
FD10804	111.000 	 11.483 	 229.148
FD10804	111.125 	 11.522 	 229.032
FD10804	111.250 	 11.557 	 229.033
FD10804	111.375 	 11.595 	 229.082
FD10804	111.500 	 11.624 	 229.077
FD10804	111.625 	 11.658 	 229.010
FD10804	111.750 	 11.686 	 228.984
FD10804	111.875 	 11.717 	 228.964
FD10804	112.000 	 11.744 	 228.969
FD10804	112.125 	 11.770 	 228.989
FD10804	112.250 	 11.795 	 228.957
FD10804	112.375 	 11.818 	 228.991
FD10804	112.500 	 11.841 	 229.092
FD10804	112.625 	 11.863 	 229.071
FD10804	112.750 	 11.885 	 229.034
FD10804	112.875 	 11.908 	 228.983
FD10804	113.000 	 11.930 	 228.788
FD10804	113.125 	 11.955 	 228.677
FD10804	113.250 	 11.977 	 228.664
FD10804	113.375 	 12.004 	 228.640
FD10804	113.500 	 12.029 	 228.613
FD10804	113.625 	 12.057 	 228.594
FD10804	113.750 	 12.084 	 228.631
FD10804	113.875 	 12.113 	 228.711
FD10804	114.000 	 12.142 	 228.717
FD10804	114.125 	 12.173 	 228.579
FD10804	114.250 	 12.204 	 228.485
FD10804	114.375 	 12.236 	 228.560
FD10804	114.500 	 12.267 	 228.676
FD10804	114.625 	 12.300 	 228.709
FD10804	114.750 	 12.331 	 228.634
FD10804	114.875 	 12.363 	 228.475
FD10804	115.000 	 12.393 	 228.390
FD10804	115.125 	 12.426 	 228.327
FD10804	115.250 	 12.452 	 228.285
FD10804	115.375 	 12.482 	 228.264
FD10804	115.500 	 12.509 	 228.190
FD10804	115.625 	 12.537 	 228.132
FD10804	115.750 	 12.565 	 228.168
FD10804	115.875 	 12.593 	 228.208
FD10804	116.000 	 12.620 	 228.240
FD10804	116.125 	 12.647 	 228.234
FD10804	116.250 	 12.672 	 228.101
FD10804	116.375 	 12.699 	 227.978
FD10804	116.500 	 12.722 	 227.909
FD10804	116.625 	 12.748 	 227.866
FD10804	116.750 	 12.772 	 227.928
FD10804	116.875 	 12.796 	 227.986
FD10804	117.000 	 12.819 	 227.965
FD10804	117.125 	 12.844 	 227.980
FD10804	117.250 	 12.868 	 227.954
FD10804	117.375 	 12.895 	 227.846
FD10804	117.500 	 12.920 	 227.804
FD10804	117.625 	 12.948 	 227.871
FD10804	117.750 	 12.974 	 227.792
FD10804	117.875 	 13.003 	 227.648
FD10804	118.000 	 13.030 	 227.617
FD10804	118.125 	 13.059 	 227.525
FD10804	118.250 	 13.086 	 227.425
FD10804	118.375 	 13.116 	 227.300
FD10804	118.500 	 13.143 	 227.252
FD10804	118.625 	 13.172 	 227.300
FD10804	118.750 	 13.199 	 227.352
FD10804	118.875 	 13.226 	 227.423
FD10804	119.000 	 13.251 	 227.386
FD10804	119.125 	 13.277 	 227.305
FD10804	119.250 	 13.300 	 227.310
FD10804	119.375 	 13.325 	 227.308
FD10804	119.500 	 13.347 	 227.317
FD10804	119.625 	 13.369 	 227.404
FD10804	119.750 	 13.390 	 227.378
FD10804	119.875 	 13.411 	 227.280
FD10804	120.000 	 13.430 	 227.280
FD10804	120.125 	 13.449 	 227.217
FD10804	120.250 	 13.469 	 227.096
FD10804	120.375 	 13.488 	 227.030
FD10804	120.500 	 13.507 	 227.021
FD10804	120.625 	 13.529 	 227.072
FD10804	120.750 	 13.548 	 227.150
FD10804	120.875 	 13.573 	 227.155
FD10804	121.000 	 13.594 	 227.084
FD10804	121.125 	 13.619 	 226.994
FD10804	121.250 	 13.642 	 226.964
FD10804	121.375 	 13.667 	 226.946
FD10804	121.500 	 13.692 	 226.866
FD10804	121.625 	 13.718 	 226.826
FD10804	121.750 	 13.743 	 226.869
FD10804	121.875 	 13.768 	 226.869
FD10804	122.000 	 13.793 	 226.869
FD10804	122.125 	 13.817 	 226.882
FD10804	122.250 	 13.840 	 226.903
FD10804	122.375 	 13.863 	 226.937
FD10804	122.500 	 13.884 	 226.916
FD10804	122.625 	 13.904 	 226.898
FD10804	122.750 	 13.922 	 226.909
FD10804	122.875 	 13.941 	 226.924
FD10804	123.000 	 13.956 	 226.950
FD10804	123.125 	 13.972 	 226.998
FD10804	123.250 	 13.985 	 227.024
FD10804	123.375 	 13.999 	 226.959
FD10804	123.500 	 14.008 	 226.923
FD10804	123.625 	 14.020 	 226.929
FD10804	123.750 	 14.030 	 226.956
FD10804	123.875 	 14.039 	 226.920
FD10804	124.000 	 14.049 	 226.889
FD10804	124.125 	 14.057 	 226.921
FD10804	124.250 	 14.067 	 226.894
FD10804	124.375 	 14.075 	 226.865
FD10804	124.500 	 14.085 	 226.871
FD10804	124.625 	 14.094 	 226.879
FD10804	124.750 	 14.104 	 226.869
FD10804	124.875 	 14.114 	 226.847
FD10804	125.000 	 14.123 	 226.814
FD10804	125.125 	 14.134 	 226.765
FD10804	125.250 	 14.144 	 226.690
FD10804	125.375 	 14.154 	 226.747
FD10804	125.500 	 14.165 	 226.800
FD10804	125.625 	 14.177 	 226.786
FD10804	125.750 	 14.188 	 226.797
FD10804	125.875 	 14.200 	 226.730
FD10804	126.000 	 14.210 	 226.700
FD10804	126.125 	 14.222 	 226.701
FD10804	126.250 	 14.233 	 226.706
FD10804	126.375 	 14.243 	 226.698
FD10804	126.500 	 14.253 	 226.651
FD10804	126.625 	 14.264 	 226.620
FD10804	126.750 	 14.274 	 226.606
FD10804	126.875 	 14.285 	 226.624
FD10804	127.000 	 14.295 	 226.639
FD10804	127.125 	 14.308 	 226.621
FD10804	127.250 	 14.321 	 226.621
FD10804	127.375 	 14.336 	 226.624
FD10804	127.500 	 14.348 	 226.634
FD10804	127.625 	 14.364 	 226.652
FD10804	127.750 	 14.378 	 226.641
FD10804	127.875 	 14.392 	 226.599
FD10804	128.000 	 14.409 	 226.615
FD10804	128.125 	 14.423 	 226.664
FD10804	128.250 	 14.439 	 226.682
FD10804	128.375 	 14.454 	 226.660
FD10804	128.500 	 14.469 	 226.638
FD10804	128.625 	 14.486 	 226.613
FD10804	128.750 	 14.500 	 226.571
FD10804	128.875 	 14.517 	 226.605
FD10804	129.000 	 14.530 	 226.710
FD10804	129.125 	 14.548 	 226.780
FD10804	129.250 	 14.562 	 226.807
FD10804	129.375 	 14.577 	 226.849
FD10804	129.500 	 14.595 	 226.833
FD10804	129.625 	 14.610 	 226.748
FD10804	129.750 	 14.627 	 226.721
FD10804	129.875 	 14.643 	 226.696
FD10804	130.000 	 14.660 	 226.674
FD10804	130.125 	 14.677 	 226.689
FD10804	130.250 	 14.694 	 226.668
FD10804	130.375 	 14.711 	 226.646
FD10804	130.500 	 14.729 	 226.636
FD10804	130.625 	 14.749 	 226.659
FD10804	130.750 	 14.762 	 226.681
FD10804	130.875 	 14.777 	 226.706
FD10804	131.000 	 14.795 	 226.753
FD10804	131.125 	 14.805 	 226.822
FD10804	131.250 	 14.820 	 226.901
FD10804	131.375 	 14.832 	 226.877
FD10804	131.500 	 14.841 	 226.781
FD10804	131.625 	 14.854 	 226.788
FD10804	131.750 	 14.863 	 226.820
FD10804	131.875 	 14.873 	 226.706
FD10804	132.000 	 14.879 	 226.532
FD10804	132.125 	 14.889 	 226.412
FD10804	132.250 	 14.897 	 226.402
FD10804	132.375 	 14.902 	 226.359
FD10804	132.500 	 14.910 	 226.319
FD10804	132.625 	 14.916 	 226.312
FD10804	132.750 	 14.923 	 226.272
FD10804	132.875 	 14.933 	 226.280
FD10804	133.000 	 14.941 	 226.286
FD10804	133.125 	 14.949 	 226.270
FD10804	133.250 	 14.959 	 226.253
FD10804	133.375 	 14.969 	 226.207
FD10804	133.500 	 14.978 	 226.180
FD10804	133.625 	 14.990 	 226.134
FD10804	133.750 	 15.000 	 226.072
FD10804	133.875 	 15.011 	 226.033
FD10804	134.000 	 15.024 	 226.103
FD10804	134.125 	 15.035 	 226.242
FD10804	134.250 	 15.049 	 226.336
FD10804	134.375 	 15.064 	 226.388
FD10804	134.500 	 15.075 	 226.303
FD10804	134.625 	 15.094 	 226.228
FD10804	134.750 	 15.110 	 226.187
FD10804	134.875 	 15.131 	 226.096
FD10804	135.000 	 15.145 	 226.081
FD10804	135.125 	 15.172 	 226.094
FD10804	135.250 	 15.187 	 226.072
FD10804	135.375 	 15.214 	 226.074
FD10804	135.500 	 15.240 	 226.154
FD10804	135.625 	 15.262 	 226.259
FD10804	135.750 	 15.289 	 226.389
FD10804	135.875 	 15.318 	 226.508
FD10804	136.000 	 15.347 	 226.562
FD10804	136.125 	 15.374 	 226.563
FD10804	136.250 	 15.406 	 226.601
FD10804	136.375 	 15.435 	 226.706
FD10804	136.500 	 15.467 	 226.786
FD10804	136.625 	 15.499 	 226.936
FD10804	136.750 	 15.529 	 227.074
FD10804	136.875 	 15.559 	 227.208
FD10804	137.000 	 15.590 	 227.267
FD10804	137.125 	 15.618 	 227.225
FD10804	137.250 	 15.647 	 227.277
FD10804	137.375 	 15.673 	 227.305
FD10804	137.500 	 15.701 	 227.284
FD10804	137.625 	 15.729 	 227.408
FD10804	137.750 	 15.751 	 227.599
FD10804	137.875 	 15.783 	 227.686
FD10804	138.000 	 15.804 	 227.709
FD10804	138.125 	 15.834 	 227.748
FD10804	138.250 	 15.860 	 227.742
FD10804	138.375 	 15.886 	 227.785
FD10804	138.500 	 15.916 	 227.813
FD10804	138.625 	 15.945 	 227.864
FD10804	138.750 	 15.975 	 227.878
FD10804	138.875 	 16.005 	 227.869
FD10804	139.000 	 16.037 	 227.946
FD10804	139.125 	 16.073 	 227.928
FD10804	139.250 	 16.103 	 227.955
FD10804	139.375 	 16.140 	 228.063
FD10804	139.500 	 16.173 	 228.047
FD10804	139.625 	 16.212 	 228.039
FD10804	139.750 	 16.247 	 228.106
FD10804	139.875 	 16.286 	 228.156
FD10804	140.000 	 16.319 	 228.183
FD10804	140.125 	 16.364 	 228.176
FD10804	140.250 	 16.399 	 228.143
FD10804	140.375 	 16.440 	 228.105
FD10804	140.500 	 16.477 	 228.078
FD10804	140.625 	 16.516 	 227.983
FD10804	140.750 	 16.559 	 227.920
FD10804	140.875 	 16.595 	 227.931
FD10804	141.000 	 16.633 	 227.909
FD10804	141.125 	 16.671 	 227.858
FD10804	141.250 	 16.707 	 227.799
FD10804	141.375 	 16.743 	 227.814
FD10804	141.500 	 16.777 	 227.798
FD10804	141.625 	 16.811 	 227.808
FD10804	141.750 	 16.843 	 227.950
FD10804	141.875 	 16.880 	 228.074
FD10804	142.000 	 16.907 	 228.137
FD10804	142.125 	 16.938 	 228.200
FD10804	142.250 	 16.966 	 228.253
FD10804	142.375 	 16.994 	 228.190
FD10804	142.500 	 17.017 	 228.168
FD10804	142.625 	 17.044 	 228.302
FD10804	142.750 	 17.064 	 228.277
FD10804	142.875 	 17.088 	 228.183
FD10804	143.000 	 17.106 	 228.148
FD10804	143.125 	 17.127 	 228.162
FD10804	143.250 	 17.149 	 228.226
FD10804	143.375 	 17.164 	 228.330
FD10804	143.500 	 17.184 	 228.319
FD10804	143.625 	 17.203 	 228.257
FD10804	143.750 	 17.217 	 228.201
FD10804	143.875 	 17.234 	 228.136
FD10804	144.000 	 17.252 	 228.063
FD10804	144.125 	 17.268 	 228.046
FD10804	144.250 	 17.287 	 228.153
FD10804	144.375 	 17.300 	 228.192
FD10804	144.500 	 17.320 	 228.197
FD10804	144.625 	 17.335 	 228.203
FD10804	144.750 	 17.356 	 228.304
FD10804	144.875 	 17.378 	 228.375
FD10804	145.000 	 17.394 	 228.414
FD10804	145.125 	 17.418 	 228.409
FD10804	145.250 	 17.438 	 228.383
FD10804	145.375 	 17.463 	 228.357
FD10804	145.500 	 17.482 	 228.357
FD10804	145.625 	 17.509 	 228.393
FD10804	145.750 	 17.529 	 228.413
FD10804	145.875 	 17.556 	 228.420
FD10804	146.000 	 17.577 	 228.441
FD10804	146.125 	 17.604 	 228.454
FD10804	146.250 	 17.628 	 228.437
FD10804	146.375 	 17.652 	 228.454
FD10804	146.500 	 17.678 	 228.473
FD10804	146.625 	 17.704 	 228.483
FD10804	146.750 	 17.728 	 228.479
FD10804	146.875 	 17.751 	 228.538
FD10804	147.000 	 17.779 	 228.570
FD10804	147.125 	 17.802 	 228.590
FD10804	147.250 	 17.826 	 228.606
FD10804	147.375 	 17.848 	 228.708
FD10804	147.500 	 17.872 	 228.873
FD10804	147.625 	 17.893 	 228.959
FD10804	147.750 	 17.915 	 228.953
FD10804	147.875 	 17.939 	 228.895
FD10804	148.000 	 17.961 	 228.869
FD10804	148.125 	 17.983 	 228.928
FD10804	148.250 	 18.008 	 229.028
FD10804	148.375 	 18.028 	 229.043
FD10804	148.500 	 18.049 	 229.049
FD10804	148.625 	 18.074 	 229.152
FD10804	148.750 	 18.090 	 229.229
FD10804	148.875 	 18.115 	 229.278
FD10804	149.000 	 18.136 	 229.302
FD10804	149.125 	 18.160 	 229.369
FD10804	149.250 	 18.177 	 229.409
FD10804	149.375 	 18.201 	 229.450
FD10804	149.500 	 18.220 	 229.482
FD10804	149.625 	 18.244 	 229.462
FD10804	149.750 	 18.265 	 229.446
FD10804	149.875 	 18.286 	 229.419
FD10804	150.000 	 18.307 	 229.426
FD10804	150.125 	 18.327 	 229.470
FD10804	150.250 	 18.349 	 229.479
FD10804	150.375 	 18.368 	 229.541
FD10804	150.500 	 18.387 	 229.619
FD10804	150.625 	 18.409 	 229.690
FD10804	150.750 	 18.428 	 229.747
FD10804	150.875 	 18.448 	 229.713
FD10804	151.000 	 18.468 	 229.751
FD10804	151.125 	 18.488 	 229.764
FD10804	151.250 	 18.507 	 229.735
FD10804	151.375 	 18.526 	 229.786
FD10804	151.500 	 18.548 	 229.700
FD10804	151.625 	 18.567 	 229.644
FD10804	151.750 	 18.591 	 229.652
FD10804	151.875 	 18.611 	 229.617
FD10804	152.000 	 18.633 	 229.639
FD10804	152.125 	 18.658 	 229.654
FD10804	152.250 	 18.677 	 229.620
FD10804	152.375 	 18.702 	 229.672
FD10804	152.500 	 18.721 	 229.752
FD10804	152.625 	 18.746 	 229.829
FD10804	152.750 	 18.765 	 229.923
FD10804	152.875 	 18.791 	 229.934
FD10804	153.000 	 18.813 	 229.886
FD10804	153.125 	 18.833 	 229.884
FD10804	153.250 	 18.858 	 229.895
FD10804	153.375 	 18.879 	 229.925
FD10804	153.500 	 18.903 	 230.003
FD10804	153.625 	 18.927 	 230.102
FD10804	153.750 	 18.950 	 230.221
FD10804	153.875 	 18.974 	 230.284
FD10804	154.000 	 18.998 	 230.269
FD10804	154.125 	 19.026 	 230.267
FD10804	154.250 	 19.049 	 230.355
FD10804	154.375 	 19.078 	 230.384
FD10804	154.500 	 19.105 	 230.325
FD10804	154.625 	 19.131 	 230.378
FD10804	154.750 	 19.160 	 230.446
FD10804	154.875 	 19.191 	 230.549
FD10804	155.000 	 19.217 	 230.548
FD10804	155.125 	 19.249 	 230.533
FD10804	155.250 	 19.278 	 230.505
FD10804	155.375 	 19.312 	 230.436
FD10804	155.500 	 19.341 	 230.411
FD10804	155.625 	 19.376 	 230.402
FD10804	155.750 	 19.408 	 230.335
FD10804	155.875 	 19.440 	 230.241
FD10804	156.000 	 19.471 	 230.258
FD10804	156.125 	 19.505 	 230.275
FD10804	156.250 	 19.538 	 230.299
FD10804	156.375 	 19.570 	 230.313
FD10804	156.500 	 19.603 	 230.327
FD10804	156.625 	 19.636 	 230.386
FD10804	156.750 	 19.672 	 230.419
FD10804	156.875 	 19.702 	 230.476
FD10804	157.000 	 19.735 	 230.520
FD10804	157.125 	 19.770 	 230.481
FD10804	157.250 	 19.803 	 230.369
FD10804	157.375 	 19.835 	 230.288
FD10804	157.500 	 19.866 	 230.297
FD10804	157.625 	 19.901 	 230.342
FD10804	157.750 	 19.934 	 230.475
FD10804	157.875 	 19.967 	 230.567
FD10804	158.000 	 20.003 	 230.631
FD10804	158.125 	 20.038 	 230.757
FD10804	158.250 	 20.070 	 230.806
FD10804	158.375 	 20.108 	 230.759
FD10804	158.500 	 20.147 	 230.766
FD10804	158.625 	 20.182 	 230.764
FD10804	158.750 	 20.225 	 230.698
FD10804	158.875 	 20.263 	 230.727
FD10804	159.000 	 20.304 	 230.743
FD10804	159.125 	 20.348 	 230.757
FD10804	159.250 	 20.390 	 230.795
FD10804	159.375 	 20.437 	 230.765
FD10804	159.500 	 20.487 	 230.787
FD10804	159.625 	 20.533 	 230.797
FD10804	159.750 	 20.581 	 230.796
FD10804	159.875 	 20.633 	 230.839
FD10804	160.000 	 20.677 	 230.804
FD10804	160.125 	 20.731 	 230.689
FD10804	160.250 	 20.777 	 230.583
FD10804	160.375 	 20.826 	 230.486
FD10804	160.500 	 20.870 	 230.427
FD10804	160.625 	 20.918 	 230.372
FD10804	160.750 	 20.960 	 230.436
FD10804	160.875 	 21.003 	 230.536
FD10804	161.000 	 21.042 	 230.550
FD10804	161.125 	 21.084 	 230.590
FD10804	161.250 	 21.118 	 230.575
FD10804	161.375 	 21.159 	 230.606
FD10804	161.500 	 21.187 	 230.696
FD10804	161.625 	 21.224 	 230.679
FD10804	161.750 	 21.253 	 230.783
FD10804	161.875 	 21.286 	 230.840
FD10804	162.000 	 21.313 	 230.676
FD10804	162.125 	 21.344 	 230.540
FD10804	162.250 	 21.370 	 230.445
FD10804	162.375 	 21.401 	 230.422
FD10804	162.500 	 21.426 	 230.485
FD10804	162.625 	 21.456 	 230.549
FD10804	162.750 	 21.482 	 230.675
FD10804	162.875 	 21.512 	 230.857
FD10804	163.000 	 21.535 	 230.945
FD10804	163.125 	 21.568 	 230.959
FD10804	163.250 	 21.594 	 230.857
FD10804	163.375 	 21.620 	 230.780
FD10804	163.500 	 21.648 	 230.801
FD10804	163.625 	 21.677 	 230.745
FD10804	163.750 	 21.698 	 230.680
FD10804	163.875 	 21.726 	 230.735
FD10804	164.000 	 21.750 	 230.730
FD10804	164.125 	 21.777 	 230.755
FD10804	164.250 	 21.799 	 230.791
FD10804	164.375 	 21.828 	 230.829
FD10804	164.500 	 21.849 	 230.840
FD10804	164.625 	 21.877 	 230.837
FD10804	164.750 	 21.903 	 230.917
FD10804	164.875 	 21.926 	 230.933
FD10804	165.000 	 21.953 	 230.986
FD10804	165.125 	 21.983 	 231.058
FD10804	165.250 	 22.006 	 231.046
FD10804	165.375 	 22.040 	 231.044
FD10804	165.500 	 22.070 	 231.058
FD10804	165.625 	 22.100 	 231.055
FD10804	165.750 	 22.130 	 231.033
FD10804	165.875 	 22.164 	 231.005
FD10804	166.000 	 22.194 	 231.015
FD10804	166.125 	 22.229 	 231.006
FD10804	166.250 	 22.257 	 230.999
FD10804	166.375 	 22.290 	 231.016
FD10804	166.500 	 22.322 	 231.016
FD10804	166.625 	 22.351 	 231.039
FD10804	166.750 	 22.384 	 231.127
FD10804	166.875 	 22.410 	 231.148
FD10804	167.000 	 22.440 	 231.104
FD10804	167.125 	 22.464 	 231.054
FD10804	167.250 	 22.493 	 231.007
FD10804	167.375 	 22.513 	 230.957
FD10804	167.500 	 22.533 	 230.886
FD10804	167.625 	 22.555 	 230.861
FD10804	167.750 	 22.571 	 230.978
FD10804	167.875 	 22.591 	 231.104
FD10804	168.000 	 22.604 	 231.118
FD10804	168.125 	 22.623 	 231.097
FD10804	168.250 	 22.633 	 231.089
FD10804	168.375 	 22.645 	 231.077
FD10804	168.500 	 22.660 	 230.976
FD10804	168.625 	 22.669 	 230.825
FD10804	168.750 	 22.678 	 230.637
FD10804	168.875 	 22.689 	 230.454
FD10804	169.000 	 22.697 	 230.397
FD10804	169.125 	 22.708 	 230.430
FD10804	169.250 	 22.716 	 230.456
FD10804	169.375 	 22.730 	 230.511
FD10804	169.500 	 22.733 	 230.584
FD10804	169.625 	 22.743 	 230.653
FD10804	169.750 	 22.753 	 230.680
FD10804	169.875 	 22.755 	 230.769
FD10804	170.000 	 22.762 	 230.836
FD10804	170.125 	 22.769 	 230.884
FD10804	170.250 	 22.776 	 230.916
FD10804	170.375 	 22.781 	 230.826
FD10804	170.500 	 22.790 	 230.832
FD10804	170.625 	 22.792 	 230.906
FD10804	170.750 	 22.803 	 230.999
FD10804	170.875 	 22.807 	 231.083
FD10804	171.000 	 22.815 	 231.076
FD10804	171.125 	 22.825 	 231.035
FD10804	171.250 	 22.830 	 231.098
FD10804	171.375 	 22.838 	 231.236
FD10804	171.500 	 22.844 	 231.245
FD10804	171.625 	 22.854 	 231.206
FD10804	171.750 	 22.864 	 231.184
FD10804	171.875 	 22.872 	 231.077
FD10804	172.000 	 22.882 	 230.970
FD10804	172.125 	 22.887 	 231.040
FD10804	172.250 	 22.902 	 231.141
FD10804	172.375 	 22.912 	 231.176
FD10804	172.500 	 22.927 	 231.156
FD10804	172.625 	 22.937 	 231.222
FD10804	172.750 	 22.947 	 231.334
FD10804	172.875 	 22.958 	 231.340
FD10804	173.000 	 22.972 	 231.333
FD10804	173.125 	 22.986 	 231.292
FD10804	173.250 	 22.997 	 231.300
FD10804	173.375 	 23.011 	 231.430
FD10804	173.500 	 23.022 	 231.535
FD10804	173.625 	 23.040 	 231.533
FD10804	173.750 	 23.053 	 231.479
FD10804	173.875 	 23.069 	 231.544
FD10804	174.000 	 23.080 	 231.664
FD10804	174.125 	 23.104 	 231.798
FD10804	174.250 	 23.114 	 231.894
FD10804	174.375 	 23.134 	 231.889
FD10804	174.500 	 23.146 	 231.815
FD10804	174.625 	 23.166 	 231.698
FD10804	174.750 	 23.178 	 231.643
FD10804	174.875 	 23.195 	 231.649
FD10804	175.000 	 23.208 	 231.588
FD10804	175.125 	 23.222 	 231.518
FD10804	175.250 	 23.240 	 231.534
FD10804	175.375 	 23.252 	 231.479
FD10804	175.500 	 23.270 	 231.338
FD10804	175.625 	 23.282 	 231.187
FD10804	175.750 	 23.294 	 231.164
FD10804	175.875 	 23.306 	 231.165
FD10804	176.000 	 23.320 	 231.105
FD10804	176.125 	 23.335 	 231.071
FD10804	176.250 	 23.341 	 231.055
FD10804	176.375 	 23.353 	 231.125
FD10804	176.500 	 23.364 	 231.031
FD10804	176.625 	 23.371 	 230.807
FD10804	176.750 	 23.379 	 230.701
FD10804	176.875 	 23.393 	 230.615
FD10804	177.000 	 23.399 	 230.556
FD10804	177.125 	 23.404 	 230.536
FD10804	177.250 	 23.417 	 230.598
FD10804	177.375 	 23.425 	 230.680
FD10804	177.500 	 23.439 	 230.713
FD10804	177.625 	 23.445 	 230.715
FD10804	177.750 	 23.458 	 230.801
FD10804	177.875 	 23.469 	 230.872
FD10804	178.000 	 23.480 	 230.933
FD10804	178.125 	 23.493 	 231.035
FD10804	178.250 	 23.505 	 231.044
FD10804	178.375 	 23.516 	 231.042
FD10804	178.500 	 23.527 	 231.098
FD10804	178.625 	 23.540 	 231.084
FD10804	178.750 	 23.546 	 231.026
FD10804	178.875 	 23.557 	 231.061
FD10804	179.000 	 23.560 	 231.053
FD10804	179.125 	 23.571 	 231.063
FD10804	179.250 	 23.572 	 231.247
FD10804	179.375 	 23.570 	 231.477
FD10804	179.500 	 23.569 	 231.509
FD10804	179.625 	 23.570 	 231.495
FD10804	179.750 	 23.564 	 231.465
FD10804	179.875 	 23.560 	 231.284
FD10804	180.000 	 23.552 	 231.048
FD10804	180.125 	 23.550 	 230.993
FD10804	180.250 	 23.540 	 231.120
FD10804	180.375 	 23.538 	 231.169
FD10804	180.500 	 23.531 	 231.111
FD10804	180.625 	 23.531 	 231.054
FD10804	180.750 	 23.522 	 231.066
FD10804	180.875 	 23.523 	 231.043
FD10804	181.000 	 23.518 	 230.987
FD10804	181.125 	 23.521 	 230.976
FD10804	181.250 	 23.517 	 230.957
FD10804	181.375 	 23.523 	 230.884
FD10804	181.500 	 23.521 	 230.783
FD10804	181.625 	 23.530 	 230.814
FD10804	181.750 	 23.531 	 230.849
FD10804	181.875 	 23.538 	 230.817
FD10804	182.000 	 23.539 	 230.740
FD10804	182.125 	 23.549 	 230.674
FD10804	182.250 	 23.550 	 230.776
FD10804	182.375 	 23.557 	 230.856
FD10804	182.500 	 23.558 	 230.957
FD10804	182.625 	 23.567 	 230.967
FD10804	182.750 	 23.568 	 230.924
FD10804	182.875 	 23.574 	 230.990
FD10804	183.000 	 23.573 	 230.993
FD10804	183.125 	 23.579 	 230.976
FD10804	183.250 	 23.581 	 230.977
FD10804	183.375 	 23.584 	 230.974
FD10804	183.500 	 23.580 	 231.128
FD10804	183.625 	 23.585 	 231.232
FD10804	183.750 	 23.583 	 231.224
FD10804	183.875 	 23.582 	 231.233
FD10804	184.000 	 23.581 	 231.220
FD10804	184.125 	 23.578 	 231.214
FD10804	184.250 	 23.578 	 231.176
FD10804	184.375 	 23.575 	 231.049
FD10804	184.500 	 23.569 	 230.921
FD10804	184.625 	 23.570 	 230.805
FD10804	184.750 	 23.562 	 230.830
FD10804	184.875 	 23.567 	 230.907
FD10804	185.000 	 23.560 	 230.952
FD10804	185.125 	 23.564 	 231.085
FD10804	185.250 	 23.558 	 231.149
FD10804	185.375 	 23.564 	 231.121
FD10804	185.500 	 23.559 	 231.004
FD10804	185.625 	 23.565 	 230.932
FD10804	185.750 	 23.560 	 230.849
FD10804	185.875 	 23.568 	 230.620
FD10804	186.000 	 23.568 	 230.387
FD10804	186.125 	 23.573 	 230.184
FD10804	186.250 	 23.573 	 230.115
FD10804	186.375 	 23.584 	 230.103
FD10804	186.500 	 23.584 	 230.068
FD10804	186.625 	 23.593 	 230.104
FD10804	186.750 	 23.597 	 230.172
FD10804	186.875 	 23.609 	 230.271
FD10804	187.000 	 23.616 	 230.451
FD10804	187.125 	 23.627 	 230.484
FD10804	187.250 	 23.635 	 230.422
FD10804	187.375 	 23.644 	 230.440
FD10804	187.500 	 23.658 	 230.586
FD10804	187.625 	 23.667 	 230.721
FD10804	187.750 	 23.678 	 230.701
FD10804	187.875 	 23.685 	 230.632
FD10804	188.000 	 23.702 	 230.583
FD10804	188.125 	 23.707 	 230.534
FD10804	188.250 	 23.719 	 230.509
FD10804	188.375 	 23.726 	 230.538
FD10804	188.500 	 23.736 	 230.564
FD10804	188.625 	 23.747 	 230.568
FD10804	188.750 	 23.752 	 230.553
FD10804	188.875 	 23.759 	 230.471
FD10804	189.000 	 23.767 	 230.414
FD10804	189.125 	 23.772 	 230.479
FD10804	189.250 	 23.776 	 230.666
FD10804	189.375 	 23.784 	 230.794
FD10804	189.500 	 23.787 	 230.862
FD10804	189.625 	 23.791 	 230.767
FD10804	189.750 	 23.794 	 230.600
FD10804	189.875 	 23.800 	 230.573
FD10804	190.000 	 23.802 	 230.537
FD10804	190.125 	 23.803 	 230.550
FD10804	190.250 	 23.810 	 230.526
FD10804	190.375 	 23.809 	 230.494
FD10804	190.500 	 23.810 	 230.609
FD10804	190.625 	 23.812 	 230.561
FD10804	190.750 	 23.815 	 230.507
FD10804	190.875 	 23.812 	 230.554
FD10804	191.000 	 23.815 	 230.501
FD10804	191.125 	 23.812 	 230.514
FD10804	191.250 	 23.814 	 230.644
FD10804	191.375 	 23.809 	 230.777
FD10804	191.500 	 23.808 	 230.788
FD10804	191.625 	 23.806 	 230.693
FD10804	191.750 	 23.804 	 230.684
FD10804	191.875 	 23.799 	 230.726
FD10804	192.000 	 23.800 	 230.796
FD10804	192.125 	 23.796 	 230.698
FD10804	192.250 	 23.797 	 230.486
FD10804	192.375 	 23.794 	 230.517
FD10804	192.500 	 23.796 	 230.614
FD10804	192.625 	 23.795 	 230.731
FD10804	192.750 	 23.795 	 230.752
FD10804	192.875 	 23.799 	 230.681
FD10804	193.000 	 23.800 	 230.638
FD10804	193.125 	 23.797 	 230.722
FD10804	193.250 	 23.801 	 230.884
FD10804	193.375 	 23.798 	 230.865
FD10804	193.500 	 23.801 	 230.747
FD10804	193.625 	 23.800 	 230.614
FD10804	193.750 	 23.797 	 230.590
FD10804	193.875 	 23.798 	 230.726
FD10804	194.000 	 23.793 	 230.876
FD10804	194.125 	 23.790 	 230.940
FD10804	194.250 	 23.788 	 230.970
FD10804	194.375 	 23.783 	 230.885
FD10804	194.500 	 23.778 	 230.693
FD10804	194.625 	 23.774 	 230.714
FD10804	194.750 	 23.770 	 230.733
FD10804	194.875 	 23.767 	 230.620
FD10804	195.000 	 23.761 	 230.573
FD10804	195.125 	 23.762 	 230.528
FD10804	195.250 	 23.757 	 230.409
FD10804	195.375 	 23.756 	 230.402
FD10804	195.500 	 23.755 	 230.435
FD10804	195.625 	 23.755 	 230.496
FD10804	195.750 	 23.754 	 230.682
FD10804	195.875 	 23.754 	 230.705
FD10804	196.000 	 23.753 	 230.691
FD10804	196.125 	 23.754 	 230.794
FD10804	196.250 	 23.755 	 230.803
FD10804	196.375 	 23.756 	 230.714
FD10804	196.500 	 23.760 	 230.635
FD10804	196.625 	 23.759 	 230.657
FD10804	196.750 	 23.766 	 230.648
FD10804	196.875 	 23.767 	 230.766
FD10804	197.000 	 23.777 	 230.907
FD10804	197.125 	 23.779 	 230.800
FD10804	197.250 	 23.788 	 230.628
FD10804	197.375 	 23.798 	 230.517
FD10804	197.500 	 23.805 	 230.499
FD10804	197.625 	 23.814 	 230.586
FD10804	197.750 	 23.826 	 230.495
FD10804	197.875 	 23.838 	 230.480
FD10804	198.000 	 23.850 	 230.691
FD10804	198.125 	 23.859 	 230.675
FD10804	198.250 	 23.866 	 230.633
FD10804	198.375 	 23.877 	 230.649
FD10804	198.500 	 23.886 	 230.551
FD10804	198.625 	 23.890 	 230.461
FD10804	198.750 	 23.894 	 230.349
FD10804	198.875 	 23.897 	 230.255
FD10804	199.000 	 23.901 	 230.355
FD10804	199.125 	 23.898 	 230.365
FD10804	199.250 	 23.897 	 230.300
FD10804	199.375 	 23.899 	 230.357
FD10804	199.500 	 23.893 	 230.414
FD10804	199.625 	 23.892 	 230.295
FD10804	199.750 	 23.889 	 230.155
FD10804	199.875 	 23.895 	 230.172
FD10804	200.000 	 23.890 	 230.276
FD10804	200.125 	 23.899 	 230.225
FD10804	200.250 	 23.901 	 230.198
FD10804	200.375 	 23.910 	 230.320
FD10804	200.500 	 23.918 	 230.518
FD10804	200.625 	 23.927 	 230.658
FD10804	200.750 	 23.935 	 230.543
FD10804	200.875 	 23.950 	 230.476
FD10804	201.000 	 23.956 	 230.377
FD10804	201.125 	 23.971 	 230.222
FD10804	201.250 	 23.979 	 230.138
FD10804	201.375 	 23.990 	 230.180
FD10804	201.500 	 23.994 	 230.195
FD10804	201.625 	 24.006 	 230.165
FD10804	201.750 	 24.011 	 230.150
FD10804	201.875 	 24.014 	 230.160
FD10804	202.000 	 24.018 	 230.169
FD10804	202.125 	 24.020 	 230.197
FD10804	202.250 	 24.017 	 230.261
FD10804	202.375 	 24.015 	 230.190
FD10804	202.500 	 24.012 	 230.183
FD10804	202.625 	 24.008 	 230.350
FD10804	202.750 	 24.002 	 230.403
FD10804	202.875 	 23.998 	 230.329
FD10804	203.000 	 23.991 	 230.413
FD10804	203.125 	 23.984 	 230.408
FD10804	203.250 	 23.980 	 230.277
FD10804	203.375 	 23.974 	 230.227
FD10804	203.500 	 23.966 	 230.223
FD10804	203.625 	 23.961 	 230.202
FD10804	203.750 	 23.956 	 230.224
FD10804	203.875 	 23.949 	 230.261
FD10804	204.000 	 23.945 	 230.324
FD10804	204.125 	 23.940 	 230.363
FD10804	204.250 	 23.934 	 230.434
FD10804	204.375 	 23.934 	 230.639
FD10804	204.500 	 23.924 	 230.729
FD10804	204.625 	 23.923 	 230.794
FD10804	204.750 	 23.922 	 230.819
FD10804	204.875 	 23.915 	 230.818
FD10804	205.000 	 23.914 	 230.869
FD10804	205.125 	 23.914 	 230.910
FD10804	205.250 	 23.911 	 230.988
FD10804	205.375 	 23.910 	 231.013
FD10804	205.500 	 23.911 	 231.030
FD10804	205.625 	 23.913 	 231.055
FD10804	205.750 	 23.914 	 231.073
FD10804	205.875 	 23.921 	 231.100
FD10804	206.000 	 23.921 	 231.044
FD10804	206.125 	 23.931 	 231.041
FD10804	206.250 	 23.932 	 231.128
FD10804	206.375 	 23.940 	 231.155
FD10804	206.500 	 23.945 	 231.178
FD10804	206.625 	 23.950 	 231.282
FD10804	206.750 	 23.957 	 231.371
FD10804	206.875 	 23.962 	 231.377
FD10804	207.000 	 23.967 	 231.454
FD10804	207.125 	 23.976 	 231.590
FD10804	207.250 	 23.980 	 231.631
FD10804	207.375 	 23.987 	 231.797
FD10804	207.500 	 23.988 	 231.799
FD10804	207.625 	 23.993 	 231.801
FD10804	207.750 	 23.997 	 231.953
FD10804	207.875 	 23.998 	 231.988
FD10804	208.000 	 23.999 	 231.994
FD10804	208.125 	 24.002 	 231.992
FD10804	208.250 	 23.999 	 231.992
FD10804	208.375 	 24.000 	 231.993
FD10804	208.500 	 24.000 	 231.993
FD10804	208.625 	 24.003 	 231.992
FD10804	208.750 	 24.000 	 231.993
FD10804	208.875 	 24.003 	 231.993
FD10804	209.000 	 24.000 	 231.993
FD10804	209.125 	 24.000 	 231.993
FD10804	209.250 	 24.000 	 231.993
FD10804	209.375 	 24.003 	 231.992
FD10804	209.500 	 24.000 	 231.993
FD10804	209.625 	 24.000 	 231.993
FD10804	209.750 	 24.000 	 231.993
FD10804	209.875 	 24.003 	 231.992
FD10804	210.000 	 24.000 	 231.993
FD10804	210.125 	 24.003 	 231.993
FD10804	210.250 	 24.000 	 231.993
FD10804	210.375 	 24.000 	 231.990
FD10804	210.500 	 24.000 	 231.993
FD10804	210.625 	 24.003 	 231.993
FD10804	210.750 	 24.000 	 231.993
FD10804	210.875 	 24.000 	 231.993
FD10804	211.000 	 24.000 	 231.993
FD10804	211.125 	 24.003 	 231.992
FD10804	211.250 	 24.000 	 231.993
FD10804	211.375 	 24.003 	 231.993
FD10804	211.500 	 23.997 	 231.993
FD10804	211.625 	 24.003 	 231.992
FD10804	211.750 	 24.000 	 231.993
FD10804	211.875 	 24.003 	 231.993
FD10804	212.000 	 24.000 	 231.993
FD10804	212.125 	 24.001 	 231.992
FD10804	212.250 	 24.000 	 231.993
FD10804	212.375 	 24.003 	 231.993
FD10804	212.500 	 24.000 	 231.993
FD10804	212.625 	 24.000 	 231.993
FD10804	212.750 	 24.000 	 231.993
FD10804	212.875 	 24.003 	 231.990
FD10804	213.000 	 24.000 	 231.993
FD10804	213.125 	 24.003 	 231.993
FD10804	213.250 	 24.000 	 231.993
FD10804	213.375 	 24.001 	 231.992
FD10804	213.500 	 24.000 	 231.993
FD10804	213.625 	 24.003 	 231.993
FD10804	213.750 	 24.000 	 231.993
FD10804	213.875 	 24.001 	 231.992
FD10804	214.000 	 24.000 	 231.993
FD10804	214.125 	 24.003 	 231.993
FD10804	214.250 	 24.000 	 231.993
FD10804	214.375 	 24.003 	 231.993
FD10804	214.500 	 24.000 	 231.993
FD10804	214.625 	 24.001 	 231.992
FD10804	214.750 	 24.000 	 231.993
FD10804	214.875 	 24.003 	 231.993
FD10804	215.000 	 24.000 	 231.993
FD10804	215.125 	 24.001 	 231.992
FD10804	215.250 	 24.000 	 231.993
FD10804	215.375 	 24.002 	 231.992
FD10804	215.500 	 24.000 	 231.993
FD10804	215.625 	 24.003 	 231.992
FD10804	215.750 	 23.997 	 231.993
FD10804	215.875 	 24.003 	 231.993
FD10804	216.000 	 24.000 	 231.993
FD10804	216.125 	 24.003 	 231.993
FD10804	216.250 	 24.001 	 231.992
FD10804	216.375 	 24.001 	 231.995
FD10804	216.500 	 24.000 	 231.993
FD10804	216.625 	 24.003 	 231.993
FD10804	216.750 	 23.999 	 231.991
FD10804	216.875 	 24.001 	 231.992
FD10804	217.000 	 24.000 	 231.993
FD10804	217.125 	 24.003 	 231.993
FD10804	217.250 	 24.000 	 231.993
FD10804	217.375 	 24.003 	 231.992
FD10804	217.500 	 24.000 	 231.993
FD10804	217.625 	 24.000 	 231.993
FD10804	217.750 	 24.000 	 231.993
FD10804	217.875 	 24.003 	 231.992
FD10804	218.000 	 24.000 	 231.993
FD10804	218.125 	 24.000 	 231.993
FD10804	218.250 	 24.000 	 231.993
FD10804	218.375 	 24.003 	 231.993
FD10804	218.500 	 24.000 	 231.993
FD10804	218.625 	 24.003 	 231.992
FD10804	218.750 	 24.000 	 231.993
FD10804	218.875 	 24.000 	 231.993
FD10804	219.000 	 24.000 	 231.993
FD10804	219.125 	 0.000 	 90.000
FD10804	219.250 	 0.000 	 90.000
FD10804	219.375 	 0.000 	 90.000
FD10804	219.500 	 0.000 	 90.000
FD10804	219.625 	 0.000 	 90.000
FD10804	219.750 	 0.000 	 90.000
FD10804	219.875 	 0.000 	 90.000
FD10804	220.000 	 0.000 	 90.000
FD10804	220.125 	 0.000 	 90.000
FD10804	220.250 	 0.000 	 90.000
FD10804	220.375 	 0.000 	 90.000
FD10804	220.500 	 0.000 	 90.000
FD10804	220.625 	 0.000 	 90.000
FD10804	220.750 	 0.000 	 90.000
FD10804	220.875 	 0.000 	 90.000
FD10804	221.000 	 0.000 	 90.000
FD10804	221.125 	 0.000 	 90.000
FD10804	221.250 	 0.000 	 90.000
FD10804	221.375 	 0.000 	 90.000
FD10804	221.500 	 0.000 	 90.000
FD10804	221.625 	 0.000 	 90.000
FD10804	221.750 	 0.000 	 90.000
FD10804	221.875 	 0.000 	 90.000
FD10804	222.000 	 0.000 	 90.000
FD10804	222.125 	 0.000 	 90.000
FD10804	222.250 	 0.000 	 90.000
FD10804	222.375 	 0.000 	 90.000
FD10804	222.500 	 0.000 	 90.000
FD10804	222.625 	 0.000 	 90.000
FD10804	222.750 	 0.000 	 90.000
FD10804	222.875 	 0.000 	 90.000
FD10804	223.000 	 0.000 	 90.000
FD10804	223.125 	 0.000 	 90.000
FD10804	223.250 	 0.000 	 90.000
FD10804	223.375 	 0.000 	 90.000
FD10804	223.500 	 0.000 	 90.000
FD10804	223.625 	 0.000 	 90.000
FD10804	223.750 	 0.000 	 90.000
FD10804	223.875 	 0.000 	 90.000
FD10804	224.000 	 0.000 	 90.000
FD10804	224.125 	 0.000 	 90.000
FD10804	224.250 	 0.000 	 90.000
FD10804	224.375 	 0.000 	 90.000
FD10804	224.500 	 0.000 	 90.000
FD10804	224.625 	 0.000 	 90.000
FD10804	224.750 	 0.000 	 90.000
FD10804	224.875 	 0.000 	 90.000
FD10804	225.000 	 0.000 	 90.000
FD10804	225.125 	 0.000 	 90.000
FD10804	225.250 	 0.000 	 90.000
FD10804	225.375 	 0.000 	 90.000
FD10804	225.500 	 0.000 	 90.000
FD10804	225.625 	 0.000 	 90.000
FD10804	225.750 	 0.000 	 90.000
FD10804	225.875 	 0.000 	 90.000
FD10804	226.000 	 0.000 	 90.000
FD10804	226.125 	 0.000 	 90.000
FD10804	226.250 	 0.000 	 90.000
FD10804	226.375 	 0.000 	 90.000
FD10804	226.500 	 0.000 	 90.000
FD10804	226.625 	 0.000 	 90.000
FD10804	226.750 	 0.000 	 90.000
FD10804	226.875 	 0.000 	 90.000
FD10804	227.000 	 0.000 	 90.000
FD10804	227.125 	 0.000 	 90.000
FD10804	227.250 	 0.000 	 90.000
FD10804	227.375 	 0.000 	 90.000
FD10804	227.500 	 0.000 	 90.000
FD10804	227.625 	 0.000 	 90.000
FD10804	227.750 	 0.000 	 90.000
FD10804	227.875 	 0.000 	 90.000
FD10804	228.000 	 0.000 	 90.000
FD10804	228.125 	 0.000 	 90.000
FD10804	228.250 	 0.000 	 90.000
FD10804	228.375 	 0.000 	 90.000
FD10804	228.500 	 0.000 	 90.000
FD10804	228.625 	 0.000 	 90.000
FD10804	228.750 	 0.000 	 90.000
FD10804	228.875 	 0.000 	 90.000
FD10804	229.000 	 0.000 	 90.000
