#WellName	 Depth.M	 INCL	 AZIM 
WellName	 Depth.M	 INCL	 AZIM 
FD10870	0.000 	 0.000 	 0.000
FD10870	0.125 	 0.000 	 90.000
FD10870	0.250 	 0.000 	 90.000
FD10870	0.375 	 0.000 	 90.000
FD10870	0.500 	 0.000 	 90.000
FD10870	0.625 	 0.000 	 90.000
FD10870	0.750 	 0.000 	 90.000
FD10870	0.875 	 0.000 	 90.000
FD10870	1.000 	 0.000 	 90.000
FD10870	1.125 	 0.000 	 90.000
FD10870	1.250 	 0.000 	 90.000
FD10870	1.375 	 0.000 	 90.000
FD10870	1.500 	 0.000 	 90.000
FD10870	1.625 	 0.000 	 90.000
FD10870	1.750 	 0.000 	 90.000
FD10870	1.875 	 0.000 	 90.000
FD10870	2.000 	 0.000 	 90.000
FD10870	2.125 	 0.000 	 90.000
FD10870	2.250 	 0.000 	 90.000
FD10870	2.375 	 0.000 	 90.000
FD10870	2.500 	 0.000 	 90.000
FD10870	2.625 	 0.000 	 90.000
FD10870	2.750 	 0.000 	 90.000
FD10870	2.875 	 0.000 	 90.000
FD10870	3.000 	 0.000 	 90.000
FD10870	3.125 	 0.000 	 90.000
FD10870	3.250 	 0.000 	 90.000
FD10870	3.375 	 0.000 	 90.000
FD10870	3.500 	 0.000 	 90.000
FD10870	3.625 	 0.000 	 90.000
FD10870	3.750 	 0.000 	 90.000
FD10870	3.875 	 0.000 	 90.000
FD10870	4.000 	 0.000 	 90.000
FD10870	4.125 	 0.000 	 90.000
FD10870	4.250 	 0.000 	 90.000
FD10870	4.375 	 0.000 	 90.000
FD10870	4.500 	 0.000 	 90.000
FD10870	4.625 	 0.000 	 90.000
FD10870	4.750 	 0.000 	 90.000
FD10870	4.875 	 0.000 	 90.000
FD10870	5.000 	 0.000 	 90.000
FD10870	5.125 	 0.000 	 90.000
FD10870	5.250 	 0.000 	 90.000
FD10870	5.375 	 0.000 	 90.000
FD10870	5.500 	 0.000 	 90.000
FD10870	5.625 	 0.000 	 90.000
FD10870	5.750 	 0.000 	 90.000
FD10870	5.875 	 0.000 	 90.000
FD10870	6.000 	 0.000 	 90.000
FD10870	6.125 	 0.000 	 90.000
FD10870	6.250 	 0.000 	 90.000
FD10870	6.375 	 0.000 	 90.000
FD10870	6.500 	 0.000 	 90.000
FD10870	6.625 	 0.000 	 90.000
FD10870	6.750 	 0.000 	 90.000
FD10870	6.875 	 0.000 	 90.000
FD10870	7.000 	 0.000 	 90.000
FD10870	7.125 	 0.000 	 90.000
FD10870	7.250 	 0.000 	 90.000
FD10870	7.375 	 0.000 	 90.000
FD10870	7.500 	 0.000 	 90.000
FD10870	7.625 	 0.000 	 90.000
FD10870	7.750 	 0.000 	 90.000
FD10870	7.875 	 0.000 	 90.000
FD10870	8.000 	 0.000 	 90.000
FD10870	8.125 	 0.000 	 90.000
FD10870	8.250 	 0.000 	 90.000
FD10870	8.375 	 0.000 	 90.000
FD10870	8.500 	 0.000 	 90.000
FD10870	8.625 	 0.000 	 90.000
FD10870	8.750 	 0.000 	 90.000
FD10870	8.875 	 0.000 	 90.000
FD10870	9.000 	 0.000 	 90.000
FD10870	9.125 	 0.000 	 90.000
FD10870	9.250 	 0.000 	 90.000
FD10870	9.375 	 0.000 	 90.000
FD10870	9.500 	 0.000 	 90.000
FD10870	9.625 	 0.000 	 90.000
FD10870	9.750 	 0.000 	 90.000
FD10870	9.875 	 0.000 	 90.000
FD10870	10.000 	 0.000 	 90.000
FD10870	10.125 	 0.000 	 90.000
FD10870	10.250 	 0.000 	 90.000
FD10870	10.375 	 0.000 	 90.000
FD10870	10.500 	 0.000 	 90.000
FD10870	10.625 	 0.000 	 90.000
FD10870	10.750 	 0.000 	 90.000
FD10870	10.875 	 0.000 	 90.000
FD10870	11.000 	 0.000 	 90.000
FD10870	11.125 	 0.000 	 90.000
FD10870	11.250 	 0.000 	 90.000
FD10870	11.375 	 0.000 	 90.000
FD10870	11.500 	 0.000 	 90.000
FD10870	11.625 	 0.000 	 90.000
FD10870	11.750 	 0.000 	 90.000
FD10870	11.875 	 0.000 	 90.000
FD10870	12.000 	 0.000 	 90.000
FD10870	12.125 	 0.000 	 90.000
FD10870	12.250 	 0.000 	 90.000
FD10870	12.375 	 0.000 	 90.000
FD10870	12.500 	 0.000 	 90.000
FD10870	12.625 	 0.000 	 90.000
FD10870	12.750 	 0.000 	 90.000
FD10870	12.875 	 0.000 	 90.000
FD10870	13.000 	 0.000 	 90.000
FD10870	13.125 	 0.000 	 90.000
FD10870	13.250 	 0.000 	 90.000
FD10870	13.375 	 0.000 	 90.000
FD10870	13.500 	 0.000 	 90.000
FD10870	13.625 	 0.000 	 90.000
FD10870	13.750 	 0.000 	 90.000
FD10870	13.875 	 0.000 	 90.000
FD10870	14.000 	 0.000 	 90.000
FD10870	14.125 	 0.000 	 90.000
FD10870	14.250 	 0.000 	 90.000
FD10870	14.375 	 0.000 	 90.000
FD10870	14.500 	 0.000 	 90.000
FD10870	14.625 	 0.000 	 90.000
FD10870	14.750 	 0.000 	 90.000
FD10870	14.875 	 0.000 	 90.000
FD10870	15.000 	 0.000 	 90.000
FD10870	15.125 	 0.000 	 90.000
FD10870	15.250 	 0.000 	 90.000
FD10870	15.375 	 0.000 	 90.000
FD10870	15.500 	 0.000 	 90.000
FD10870	15.625 	 0.000 	 90.000
FD10870	15.750 	 0.000 	 90.000
FD10870	15.875 	 0.000 	 90.000
FD10870	16.000 	 0.000 	 90.000
FD10870	16.125 	 0.000 	 90.000
FD10870	16.250 	 0.000 	 90.000
FD10870	16.375 	 0.000 	 90.000
FD10870	16.500 	 0.000 	 90.000
FD10870	16.625 	 0.000 	 90.000
FD10870	16.750 	 0.000 	 90.000
FD10870	16.875 	 0.000 	 90.000
FD10870	17.000 	 0.000 	 90.000
FD10870	17.125 	 0.000 	 90.000
FD10870	17.250 	 0.000 	 90.000
FD10870	17.375 	 0.000 	 90.000
FD10870	17.500 	 0.000 	 90.000
FD10870	17.625 	 0.000 	 90.000
FD10870	17.750 	 0.000 	 90.000
FD10870	17.875 	 0.000 	 90.000
FD10870	18.000 	 0.000 	 90.000
FD10870	18.125 	 0.000 	 90.000
FD10870	18.250 	 0.000 	 90.000
FD10870	18.375 	 0.000 	 90.000
FD10870	18.500 	 0.000 	 90.000
FD10870	18.625 	 0.000 	 90.000
FD10870	18.750 	 0.000 	 90.000
FD10870	18.875 	 0.000 	 90.000
FD10870	19.000 	 0.000 	 90.000
FD10870	19.125 	 0.000 	 90.000
FD10870	19.250 	 0.000 	 90.000
FD10870	19.375 	 0.000 	 90.000
FD10870	19.500 	 0.000 	 90.000
FD10870	19.625 	 0.000 	 90.000
FD10870	19.750 	 0.000 	 90.000
FD10870	19.875 	 0.000 	 90.000
FD10870	20.000 	 0.000 	 90.000
FD10870	20.125 	 0.000 	 90.000
FD10870	20.250 	 0.000 	 90.000
FD10870	20.375 	 0.000 	 90.000
FD10870	20.500 	 0.000 	 90.000
FD10870	20.625 	 0.000 	 90.000
FD10870	20.750 	 0.000 	 90.000
FD10870	20.875 	 0.000 	 90.000
FD10870	21.000 	 0.000 	 90.000
FD10870	21.125 	 0.000 	 90.000
FD10870	21.250 	 0.000 	 90.000
FD10870	21.375 	 0.000 	 90.000
FD10870	21.500 	 0.000 	 90.000
FD10870	21.625 	 0.000 	 90.000
FD10870	21.750 	 0.000 	 90.000
FD10870	21.875 	 0.000 	 90.000
FD10870	22.000 	 0.000 	 90.000
FD10870	22.125 	 0.000 	 90.000
FD10870	22.250 	 0.000 	 90.000
FD10870	22.375 	 0.000 	 90.000
FD10870	22.500 	 0.000 	 90.000
FD10870	22.625 	 0.000 	 90.000
FD10870	22.750 	 0.000 	 90.000
FD10870	22.875 	 0.000 	 90.000
FD10870	23.000 	 0.000 	 90.000
FD10870	23.125 	 0.000 	 90.000
FD10870	23.250 	 0.000 	 90.000
FD10870	23.375 	 0.000 	 90.000
FD10870	23.500 	 0.000 	 90.000
FD10870	23.625 	 0.000 	 90.000
FD10870	23.750 	 0.000 	 90.000
FD10870	23.875 	 0.000 	 90.000
FD10870	24.000 	 0.000 	 90.000
FD10870	24.125 	 0.000 	 90.000
FD10870	24.250 	 0.000 	 90.000
FD10870	24.375 	 0.000 	 90.000
FD10870	24.500 	 0.000 	 90.000
FD10870	24.625 	 0.000 	 90.000
FD10870	24.750 	 0.000 	 90.000
FD10870	24.875 	 0.000 	 90.000
FD10870	25.000 	 0.000 	 90.000
FD10870	25.125 	 0.000 	 90.000
FD10870	25.250 	 0.000 	 90.000
FD10870	25.375 	 0.000 	 90.000
FD10870	25.500 	 0.000 	 90.000
FD10870	25.625 	 0.000 	 90.000
FD10870	25.750 	 0.000 	 90.000
FD10870	25.875 	 0.000 	 90.000
FD10870	26.000 	 0.000 	 90.000
FD10870	26.125 	 0.000 	 90.000
FD10870	26.250 	 0.000 	 90.000
FD10870	26.375 	 0.000 	 90.000
FD10870	26.500 	 0.000 	 90.000
FD10870	26.625 	 0.000 	 90.000
FD10870	26.750 	 0.000 	 90.000
FD10870	26.875 	 0.000 	 90.000
FD10870	27.000 	 0.000 	 90.000
FD10870	27.125 	 0.000 	 90.000
FD10870	27.250 	 0.000 	 90.000
FD10870	27.375 	 0.000 	 90.000
FD10870	27.500 	 0.000 	 90.000
FD10870	27.625 	 0.000 	 90.000
FD10870	27.750 	 0.000 	 90.000
FD10870	27.875 	 0.000 	 90.000
FD10870	28.000 	 0.000 	 90.000
FD10870	28.125 	 0.000 	 90.000
FD10870	28.250 	 0.000 	 90.000
FD10870	28.375 	 0.000 	 90.000
FD10870	28.500 	 0.000 	 90.000
FD10870	28.625 	 0.000 	 90.000
FD10870	28.750 	 0.000 	 90.000
FD10870	28.875 	 0.000 	 90.000
FD10870	29.000 	 0.000 	 90.000
FD10870	29.125 	 0.000 	 90.000
FD10870	29.250 	 0.000 	 90.000
FD10870	29.375 	 0.000 	 90.000
FD10870	29.500 	 0.000 	 90.000
FD10870	29.625 	 0.000 	 90.000
FD10870	29.750 	 0.000 	 90.000
FD10870	29.875 	 0.000 	 90.000
FD10870	30.000 	 0.000 	 90.000
FD10870	30.125 	 0.000 	 90.000
FD10870	30.250 	 0.000 	 90.000
FD10870	30.375 	 0.000 	 90.000
FD10870	30.500 	 0.000 	 90.000
FD10870	30.625 	 0.000 	 90.000
FD10870	30.750 	 0.000 	 90.000
FD10870	30.875 	 0.000 	 90.000
FD10870	31.000 	 0.000 	 90.000
FD10870	31.125 	 0.000 	 90.000
FD10870	31.250 	 0.000 	 90.000
FD10870	31.375 	 0.000 	 90.000
FD10870	31.500 	 0.000 	 90.000
FD10870	31.625 	 0.000 	 90.000
FD10870	31.750 	 0.000 	 90.000
FD10870	31.875 	 0.000 	 90.000
FD10870	32.000 	 0.000 	 90.000
FD10870	32.125 	 0.000 	 90.000
FD10870	32.250 	 0.000 	 90.000
FD10870	32.375 	 0.000 	 90.000
FD10870	32.500 	 0.000 	 90.000
FD10870	32.625 	 0.000 	 90.000
FD10870	32.750 	 0.000 	 90.000
FD10870	32.875 	 0.000 	 90.000
FD10870	33.000 	 0.000 	 90.000
FD10870	33.125 	 0.000 	 90.000
FD10870	33.250 	 0.000 	 90.000
FD10870	33.375 	 0.000 	 90.000
FD10870	33.500 	 0.000 	 90.000
FD10870	33.625 	 0.000 	 90.000
FD10870	33.750 	 0.000 	 90.000
FD10870	33.875 	 0.000 	 90.000
FD10870	34.000 	 0.000 	 90.000
FD10870	34.125 	 0.000 	 90.000
FD10870	34.250 	 0.000 	 90.000
FD10870	34.375 	 0.000 	 90.000
FD10870	34.500 	 0.000 	 90.000
FD10870	34.625 	 0.000 	 90.000
FD10870	34.750 	 0.000 	 90.000
FD10870	34.875 	 0.000 	 90.000
FD10870	35.000 	 0.000 	 90.000
FD10870	35.125 	 0.000 	 90.000
FD10870	35.250 	 0.000 	 90.000
FD10870	35.375 	 0.000 	 90.000
FD10870	35.500 	 0.000 	 90.000
FD10870	35.625 	 0.000 	 90.000
FD10870	35.750 	 0.000 	 90.000
FD10870	35.875 	 0.000 	 90.000
FD10870	36.000 	 0.000 	 90.000
FD10870	36.125 	 0.000 	 90.000
FD10870	36.250 	 0.000 	 90.000
FD10870	36.375 	 0.000 	 90.000
FD10870	36.500 	 0.000 	 90.000
FD10870	36.625 	 0.000 	 90.000
FD10870	36.750 	 0.000 	 90.000
FD10870	36.875 	 0.000 	 90.000
FD10870	37.000 	 0.000 	 90.000
FD10870	37.125 	 0.000 	 90.000
FD10870	37.250 	 0.000 	 90.000
FD10870	37.375 	 0.000 	 90.000
FD10870	37.500 	 0.000 	 90.000
FD10870	37.625 	 0.000 	 90.000
FD10870	37.750 	 0.000 	 90.000
FD10870	37.875 	 0.000 	 90.000
FD10870	38.000 	 0.000 	 90.000
FD10870	38.125 	 0.000 	 90.000
FD10870	38.250 	 0.000 	 90.000
FD10870	38.375 	 0.000 	 90.000
FD10870	38.500 	 0.000 	 90.000
FD10870	38.625 	 0.000 	 90.000
FD10870	38.750 	 0.000 	 90.000
FD10870	38.875 	 0.000 	 90.000
FD10870	39.000 	 0.000 	 90.000
FD10870	39.125 	 0.000 	 90.000
FD10870	39.250 	 0.000 	 90.000
FD10870	39.375 	 0.000 	 90.000
FD10870	39.500 	 0.000 	 90.000
FD10870	39.625 	 0.000 	 90.000
FD10870	39.750 	 0.000 	 90.000
FD10870	39.875 	 0.000 	 90.000
FD10870	40.000 	 0.000 	 90.000
FD10870	40.125 	 0.000 	 90.000
FD10870	40.250 	 0.000 	 90.000
FD10870	40.375 	 0.000 	 90.000
FD10870	40.500 	 0.000 	 90.000
FD10870	40.625 	 0.000 	 90.000
FD10870	40.750 	 0.000 	 90.000
FD10870	40.875 	 0.000 	 90.000
FD10870	41.000 	 0.000 	 90.000
FD10870	41.125 	 0.000 	 90.000
FD10870	41.250 	 0.000 	 90.000
FD10870	41.375 	 0.000 	 90.000
FD10870	41.500 	 0.000 	 90.000
FD10870	41.625 	 0.000 	 90.000
FD10870	41.750 	 0.000 	 90.000
FD10870	41.875 	 0.000 	 90.000
FD10870	42.000 	 0.000 	 90.000
FD10870	42.125 	 0.000 	 90.000
FD10870	42.250 	 0.000 	 90.000
FD10870	42.375 	 0.000 	 90.000
FD10870	42.500 	 0.000 	 90.000
FD10870	42.625 	 0.000 	 90.000
FD10870	42.750 	 0.000 	 90.000
FD10870	42.875 	 0.000 	 90.000
FD10870	43.000 	 0.000 	 90.000
FD10870	43.125 	 0.000 	 90.000
FD10870	43.250 	 0.000 	 90.000
FD10870	43.375 	 0.000 	 90.000
FD10870	43.500 	 0.000 	 90.000
FD10870	43.625 	 0.000 	 90.000
FD10870	43.750 	 0.000 	 90.000
FD10870	43.875 	 0.000 	 90.000
FD10870	44.000 	 0.000 	 90.000
FD10870	44.125 	 0.000 	 90.000
FD10870	44.250 	 0.000 	 90.000
FD10870	44.375 	 0.000 	 90.000
FD10870	44.500 	 0.000 	 90.000
FD10870	44.625 	 0.000 	 90.000
FD10870	44.750 	 0.000 	 90.000
FD10870	44.875 	 0.000 	 90.000
FD10870	45.000 	 0.000 	 90.000
FD10870	45.125 	 0.000 	 90.000
FD10870	45.250 	 0.000 	 90.000
FD10870	45.375 	 0.000 	 90.000
FD10870	45.500 	 0.000 	 90.000
FD10870	45.625 	 0.000 	 90.000
FD10870	45.750 	 0.000 	 90.000
FD10870	45.875 	 0.000 	 90.000
FD10870	46.000 	 0.000 	 90.000
FD10870	46.125 	 0.000 	 90.000
FD10870	46.250 	 0.000 	 90.000
FD10870	46.375 	 0.000 	 90.000
FD10870	46.500 	 0.000 	 90.000
FD10870	46.625 	 0.000 	 90.000
FD10870	46.750 	 0.000 	 90.000
FD10870	46.875 	 0.000 	 90.000
FD10870	47.000 	 0.000 	 90.000
FD10870	47.125 	 0.000 	 90.000
FD10870	47.250 	 0.000 	 90.000
FD10870	47.375 	 0.000 	 90.000
FD10870	47.500 	 0.000 	 90.000
FD10870	47.625 	 0.000 	 90.000
FD10870	47.750 	 0.000 	 90.000
FD10870	47.875 	 0.000 	 90.000
FD10870	48.000 	 0.000 	 90.000
FD10870	48.125 	 0.000 	 90.000
FD10870	48.250 	 0.000 	 90.000
FD10870	48.375 	 0.000 	 90.000
FD10870	48.500 	 0.000 	 90.000
FD10870	48.625 	 0.000 	 90.000
FD10870	48.750 	 0.000 	 90.000
FD10870	48.875 	 0.000 	 90.000
FD10870	49.000 	 0.000 	 90.000
FD10870	49.125 	 0.000 	 90.000
FD10870	49.250 	 0.000 	 90.000
FD10870	49.375 	 0.000 	 90.000
FD10870	49.500 	 0.000 	 90.000
FD10870	49.625 	 0.000 	 90.000
FD10870	49.750 	 0.000 	 90.000
FD10870	49.875 	 0.000 	 90.000
FD10870	50.000 	 0.000 	 90.000
FD10870	50.125 	 0.000 	 90.000
FD10870	50.250 	 0.000 	 90.000
FD10870	50.375 	 0.000 	 90.000
FD10870	50.500 	 0.000 	 90.000
FD10870	50.625 	 0.000 	 90.000
FD10870	50.750 	 0.000 	 90.000
FD10870	50.875 	 0.000 	 90.000
FD10870	51.000 	 0.000 	 90.000
FD10870	51.125 	 0.000 	 90.000
FD10870	51.250 	 0.000 	 90.000
FD10870	51.375 	 0.000 	 90.000
FD10870	51.500 	 0.000 	 90.000
FD10870	51.625 	 0.000 	 90.000
FD10870	51.750 	 0.000 	 90.000
FD10870	51.875 	 0.000 	 90.000
FD10870	52.000 	 0.000 	 90.000
FD10870	52.125 	 0.000 	 90.000
FD10870	52.250 	 0.000 	 90.000
FD10870	52.375 	 0.000 	 90.000
FD10870	52.500 	 0.000 	 90.000
FD10870	52.625 	 0.000 	 90.000
FD10870	52.750 	 0.000 	 90.000
FD10870	52.875 	 0.000 	 90.000
FD10870	53.000 	 0.000 	 90.000
FD10870	53.125 	 0.870 	 180.000
FD10870	53.250 	 0.868 	 180.000
FD10870	53.375 	 0.864 	 180.000
FD10870	53.500 	 0.862 	 180.000
FD10870	53.625 	 0.860 	 180.000
FD10870	53.750 	 0.859 	 180.000
FD10870	53.875 	 0.860 	 180.000
FD10870	54.000 	 0.861 	 176.641
FD10870	54.125 	 0.863 	 176.212
FD10870	54.250 	 0.866 	 175.855
FD10870	54.375 	 0.870 	 175.254
FD10870	54.500 	 0.874 	 174.584
FD10870	54.625 	 0.879 	 174.068
FD10870	54.750 	 0.884 	 173.766
FD10870	54.875 	 0.889 	 173.622
FD10870	55.000 	 0.893 	 173.524
FD10870	55.125 	 0.897 	 173.425
FD10870	55.250 	 0.898 	 173.535
FD10870	55.375 	 0.898 	 173.957
FD10870	55.500 	 0.897 	 174.441
FD10870	55.625 	 0.893 	 174.864
FD10870	55.750 	 0.889 	 175.145
FD10870	55.875 	 0.883 	 175.205
FD10870	56.000 	 0.877 	 175.331
FD10870	56.125 	 0.871 	 175.529
FD10870	56.250 	 0.866 	 175.716
FD10870	56.375 	 0.861 	 175.711
FD10870	56.500 	 0.859 	 175.902
FD10870	56.625 	 0.858 	 176.257
FD10870	56.750 	 0.857 	 176.454
FD10870	56.875 	 0.858 	 176.767
FD10870	57.000 	 0.859 	 180.000
FD10870	57.125 	 0.860 	 180.000
FD10870	57.250 	 0.860 	 180.000
FD10870	57.375 	 0.861 	 180.000
FD10870	57.500 	 0.861 	 180.000
FD10870	57.625 	 0.860 	 180.000
FD10870	57.750 	 0.859 	 180.000
FD10870	57.875 	 0.857 	 180.000
FD10870	58.000 	 0.854 	 180.000
FD10870	58.125 	 0.852 	 180.000
FD10870	58.250 	 0.849 	 180.000
FD10870	58.375 	 0.847 	 180.000
FD10870	58.500 	 0.844 	 180.000
FD10870	58.625 	 0.841 	 180.000
FD10870	58.750 	 0.839 	 180.000
FD10870	58.875 	 0.837 	 180.000
FD10870	59.000 	 0.837 	 180.000
FD10870	59.125 	 0.836 	 180.000
FD10870	59.250 	 0.836 	 180.000
FD10870	59.375 	 0.836 	 180.000
FD10870	59.500 	 0.838 	 180.000
FD10870	59.625 	 0.840 	 180.000
FD10870	59.750 	 0.843 	 180.000
FD10870	59.875 	 0.846 	 180.000
FD10870	60.000 	 0.852 	 180.000
FD10870	60.125 	 0.859 	 180.000
FD10870	60.250 	 0.868 	 180.000
FD10870	60.375 	 0.881 	 180.000
FD10870	60.500 	 0.895 	 180.000
FD10870	60.625 	 0.910 	 180.000
FD10870	60.750 	 0.928 	 180.000
FD10870	60.875 	 0.946 	 180.000
FD10870	61.000 	 0.964 	 180.000
FD10870	61.125 	 0.981 	 180.000
FD10870	61.250 	 0.999 	 180.000
FD10870	61.375 	 1.017 	 180.000
FD10870	61.500 	 1.035 	 180.000
FD10870	61.625 	 1.053 	 180.000
FD10870	61.750 	 1.073 	 180.000
FD10870	61.875 	 1.093 	 180.000
FD10870	62.000 	 1.114 	 180.000
FD10870	62.125 	 1.136 	 180.000
FD10870	62.250 	 1.159 	 180.000
FD10870	62.375 	 1.181 	 180.000
FD10870	62.500 	 1.205 	 182.198
FD10870	62.625 	 1.230 	 182.525
FD10870	62.750 	 1.257 	 182.821
FD10870	62.875 	 1.288 	 183.055
FD10870	63.000 	 1.322 	 183.071
FD10870	63.125 	 1.361 	 183.035
FD10870	63.250 	 1.403 	 183.080
FD10870	63.375 	 1.450 	 183.247
FD10870	63.500 	 1.499 	 183.280
FD10870	63.625 	 1.550 	 183.162
FD10870	63.750 	 1.602 	 183.244
FD10870	63.875 	 1.653 	 183.365
FD10870	64.000 	 1.705 	 183.392
FD10870	64.125 	 1.757 	 183.510
FD10870	64.250 	 1.808 	 183.555
FD10870	64.375 	 1.861 	 183.447
FD10870	64.500 	 1.914 	 183.316
FD10870	64.625 	 1.968 	 183.292
FD10870	64.750 	 2.022 	 183.383
FD10870	64.875 	 2.078 	 183.430
FD10870	65.000 	 2.134 	 183.423
FD10870	65.125 	 2.191 	 183.406
FD10870	65.250 	 2.250 	 183.376
FD10870	65.375 	 2.313 	 183.336
FD10870	65.500 	 2.376 	 183.291
FD10870	65.625 	 2.443 	 183.247
FD10870	65.750 	 2.511 	 183.208
FD10870	65.875 	 2.580 	 183.174
FD10870	66.000 	 2.647 	 183.142
FD10870	66.125 	 2.713 	 183.104
FD10870	66.250 	 2.776 	 183.049
FD10870	66.375 	 2.837 	 182.969
FD10870	66.500 	 2.897 	 182.858
FD10870	66.625 	 2.958 	 182.719
FD10870	66.750 	 3.020 	 182.559
FD10870	66.875 	 3.083 	 182.391
FD10870	67.000 	 3.150 	 182.227
FD10870	67.125 	 3.219 	 182.079
FD10870	67.250 	 3.289 	 181.957
FD10870	67.375 	 3.361 	 181.857
FD10870	67.500 	 3.433 	 181.776
FD10870	67.625 	 3.503 	 181.709
FD10870	67.750 	 3.572 	 181.652
FD10870	67.875 	 3.639 	 181.604
FD10870	68.000 	 3.704 	 181.574
FD10870	68.125 	 3.767 	 181.576
FD10870	68.250 	 3.828 	 181.625
FD10870	68.375 	 3.889 	 181.730
FD10870	68.500 	 3.949 	 181.895
FD10870	68.625 	 4.007 	 182.110
FD10870	68.750 	 4.066 	 182.361
FD10870	68.875 	 4.124 	 182.623
FD10870	69.000 	 4.181 	 182.875
FD10870	69.125 	 4.239 	 183.099
FD10870	69.250 	 4.295 	 183.285
FD10870	69.375 	 4.350 	 183.433
FD10870	69.500 	 4.406 	 183.547
FD10870	69.625 	 4.461 	 183.638
FD10870	69.750 	 4.516 	 183.716
FD10870	69.875 	 4.570 	 183.793
FD10870	70.000 	 4.625 	 183.879
FD10870	70.125 	 4.678 	 183.978
FD10870	70.250 	 4.732 	 184.094
FD10870	70.375 	 4.784 	 184.223
FD10870	70.500 	 4.837 	 184.361
FD10870	70.625 	 4.890 	 184.504
FD10870	70.750 	 4.943 	 184.644
FD10870	70.875 	 4.995 	 184.778
FD10870	71.000 	 5.049 	 184.906
FD10870	71.125 	 5.103 	 185.028
FD10870	71.250 	 5.158 	 185.148
FD10870	71.375 	 5.215 	 185.271
FD10870	71.500 	 5.272 	 185.395
FD10870	71.625 	 5.331 	 185.518
FD10870	71.750 	 5.392 	 185.642
FD10870	71.875 	 5.452 	 185.765
FD10870	72.000 	 5.514 	 185.888
FD10870	72.125 	 5.576 	 186.013
FD10870	72.250 	 5.639 	 186.142
FD10870	72.375 	 5.700 	 186.280
FD10870	72.500 	 5.761 	 186.424
FD10870	72.625 	 5.820 	 186.572
FD10870	72.750 	 5.877 	 186.719
FD10870	72.875 	 5.942 	 186.862
FD10870	73.000 	 6.004 	 186.996
FD10870	73.125 	 6.048 	 187.116
FD10870	73.250 	 6.086 	 187.220
FD10870	73.375 	 6.130 	 187.307
FD10870	73.500 	 6.175 	 187.376
FD10870	73.625 	 6.220 	 187.425
FD10870	73.750 	 6.264 	 187.453
FD10870	73.875 	 6.305 	 187.466
FD10870	74.000 	 6.346 	 187.470
FD10870	74.125 	 6.387 	 187.475
FD10870	74.250 	 6.427 	 187.493
FD10870	74.375 	 6.465 	 187.534
FD10870	74.500 	 6.503 	 187.605
FD10870	74.625 	 6.539 	 187.711
FD10870	74.750 	 6.574 	 187.850
FD10870	74.875 	 6.608 	 188.014
FD10870	75.000 	 6.640 	 188.197
FD10870	75.125 	 6.671 	 188.389
FD10870	75.250 	 6.701 	 188.579
FD10870	75.375 	 6.729 	 188.763
FD10870	75.500 	 6.755 	 188.937
FD10870	75.625 	 6.781 	 189.103
FD10870	75.750 	 6.805 	 189.265
FD10870	75.875 	 6.829 	 189.424
FD10870	76.000 	 6.851 	 189.584
FD10870	76.125 	 6.873 	 189.741
FD10870	76.250 	 6.895 	 189.890
FD10870	76.375 	 6.915 	 190.025
FD10870	76.500 	 6.937 	 190.142
FD10870	76.625 	 6.958 	 190.243
FD10870	76.750 	 6.980 	 190.337
FD10870	76.875 	 7.002 	 190.438
FD10870	77.000 	 7.024 	 190.559
FD10870	77.125 	 7.047 	 190.713
FD10870	77.250 	 7.071 	 190.908
FD10870	77.375 	 7.095 	 191.137
FD10870	77.500 	 7.121 	 191.394
FD10870	77.625 	 7.147 	 191.665
FD10870	77.750 	 7.173 	 191.941
FD10870	77.875 	 7.197 	 192.214
FD10870	78.000 	 7.221 	 192.481
FD10870	78.125 	 7.248 	 192.745
FD10870	78.250 	 7.281 	 193.011
FD10870	78.375 	 7.315 	 193.281
FD10870	78.500 	 7.352 	 193.560
FD10870	78.625 	 7.391 	 193.849
FD10870	78.750 	 7.434 	 194.147
FD10870	78.875 	 7.474 	 194.453
FD10870	79.000 	 7.509 	 194.762
FD10870	79.125 	 7.544 	 195.074
FD10870	79.250 	 7.578 	 195.388
FD10870	79.375 	 7.609 	 195.698
FD10870	79.500 	 7.640 	 196.003
FD10870	79.625 	 7.669 	 196.294
FD10870	79.750 	 7.696 	 196.567
FD10870	79.875 	 7.721 	 196.816
FD10870	80.000 	 7.743 	 197.042
FD10870	80.125 	 7.763 	 197.243
FD10870	80.250 	 7.783 	 197.427
FD10870	80.375 	 7.802 	 197.602
FD10870	80.500 	 7.821 	 197.777
FD10870	80.625 	 7.839 	 197.961
FD10870	80.750 	 7.857 	 198.159
FD10870	80.875 	 7.875 	 198.375
FD10870	81.000 	 7.892 	 198.609
FD10870	81.125 	 7.908 	 198.858
FD10870	81.250 	 7.923 	 199.121
FD10870	81.375 	 7.941 	 199.393
FD10870	81.500 	 7.962 	 199.672
FD10870	81.625 	 7.985 	 199.958
FD10870	81.750 	 8.009 	 200.249
FD10870	81.875 	 8.036 	 200.544
FD10870	82.000 	 8.063 	 200.845
FD10870	82.125 	 8.092 	 201.153
FD10870	82.250 	 8.121 	 201.469
FD10870	82.375 	 8.150 	 201.797
FD10870	82.500 	 8.178 	 202.136
FD10870	82.625 	 8.206 	 202.488
FD10870	82.750 	 8.234 	 202.851
FD10870	82.875 	 8.261 	 203.223
FD10870	83.000 	 8.287 	 203.602
FD10870	83.125 	 8.315 	 203.984
FD10870	83.250 	 8.342 	 204.369
FD10870	83.375 	 8.370 	 204.756
FD10870	83.500 	 8.397 	 205.146
FD10870	83.625 	 8.423 	 205.537
FD10870	83.750 	 8.446 	 205.932
FD10870	83.875 	 8.468 	 206.327
FD10870	84.000 	 8.487 	 206.720
FD10870	84.125 	 8.504 	 207.101
FD10870	84.250 	 8.521 	 207.465
FD10870	84.375 	 8.537 	 207.801
FD10870	84.500 	 8.549 	 208.101
FD10870	84.625 	 8.564 	 208.358
FD10870	84.750 	 8.586 	 208.574
FD10870	84.875 	 8.607 	 208.750
FD10870	85.000 	 8.627 	 208.897
FD10870	85.125 	 8.645 	 209.028
FD10870	85.250 	 8.662 	 209.156
FD10870	85.375 	 8.678 	 209.288
FD10870	85.500 	 8.692 	 209.429
FD10870	85.625 	 8.707 	 209.578
FD10870	85.750 	 8.721 	 209.733
FD10870	85.875 	 8.741 	 209.887
FD10870	86.000 	 8.764 	 210.038
FD10870	86.125 	 8.790 	 210.192
FD10870	86.250 	 8.818 	 210.353
FD10870	86.375 	 8.849 	 210.533
FD10870	86.500 	 8.879 	 210.735
FD10870	86.625 	 8.910 	 210.970
FD10870	86.750 	 8.939 	 211.234
FD10870	86.875 	 8.970 	 211.525
FD10870	87.000 	 9.000 	 211.832
FD10870	87.125 	 9.031 	 212.146
FD10870	87.250 	 9.060 	 212.454
FD10870	87.375 	 9.091 	 212.749
FD10870	87.500 	 9.124 	 213.026
FD10870	87.625 	 9.155 	 213.284
FD10870	87.750 	 9.186 	 213.524
FD10870	87.875 	 9.215 	 213.751
FD10870	88.000 	 9.241 	 213.971
FD10870	88.125 	 9.265 	 214.191
FD10870	88.250 	 9.287 	 214.410
FD10870	88.375 	 9.309 	 214.632
FD10870	88.500 	 9.331 	 214.857
FD10870	88.625 	 9.354 	 215.081
FD10870	88.750 	 9.377 	 215.306
FD10870	88.875 	 9.400 	 215.532
FD10870	89.000 	 9.424 	 215.758
FD10870	89.125 	 9.451 	 215.990
FD10870	89.250 	 9.479 	 216.229
FD10870	89.375 	 9.509 	 216.474
FD10870	89.500 	 9.539 	 216.720
FD10870	89.625 	 9.569 	 216.960
FD10870	89.750 	 9.599 	 217.190
FD10870	89.875 	 9.631 	 217.400
FD10870	90.000 	 9.661 	 217.587
FD10870	90.125 	 9.692 	 217.753
FD10870	90.250 	 9.723 	 217.903
FD10870	90.375 	 9.755 	 218.044
FD10870	90.500 	 9.785 	 218.180
FD10870	90.625 	 9.817 	 218.320
FD10870	90.750 	 9.849 	 218.465
FD10870	90.875 	 9.881 	 218.615
FD10870	91.000 	 9.914 	 218.768
FD10870	91.125 	 9.946 	 218.922
FD10870	91.250 	 9.977 	 219.078
FD10870	91.375 	 10.006 	 219.236
FD10870	91.500 	 10.034 	 219.402
FD10870	91.625 	 10.059 	 219.577
FD10870	91.750 	 10.084 	 219.767
FD10870	91.875 	 10.106 	 219.971
FD10870	92.000 	 10.128 	 220.189
FD10870	92.125 	 10.149 	 220.421
FD10870	92.250 	 10.169 	 220.662
FD10870	92.375 	 10.189 	 220.906
FD10870	92.500 	 10.209 	 221.149
FD10870	92.625 	 10.231 	 221.390
FD10870	92.750 	 10.252 	 221.628
FD10870	92.875 	 10.275 	 221.862
FD10870	93.000 	 10.297 	 222.092
FD10870	93.125 	 10.318 	 222.319
FD10870	93.250 	 10.342 	 222.547
FD10870	93.375 	 10.366 	 222.774
FD10870	93.500 	 10.391 	 223.000
FD10870	93.625 	 10.416 	 223.225
FD10870	93.750 	 10.443 	 223.452
FD10870	93.875 	 10.471 	 223.680
FD10870	94.000 	 10.499 	 223.904
FD10870	94.125 	 10.527 	 224.126
FD10870	94.250 	 10.556 	 224.346
FD10870	94.375 	 10.585 	 224.565
FD10870	94.500 	 10.613 	 224.783
FD10870	94.625 	 10.639 	 225.000
FD10870	94.750 	 10.664 	 225.216
FD10870	94.875 	 10.687 	 225.431
FD10870	95.000 	 10.709 	 225.643
FD10870	95.125 	 10.732 	 225.846
FD10870	95.250 	 10.756 	 226.038
FD10870	95.375 	 10.780 	 226.221
FD10870	95.500 	 10.807 	 226.395
FD10870	95.625 	 10.834 	 226.565
FD10870	95.750 	 10.865 	 226.735
FD10870	95.875 	 10.896 	 226.911
FD10870	96.000 	 10.930 	 227.101
FD10870	96.125 	 10.964 	 227.308
FD10870	96.250 	 10.999 	 227.529
FD10870	96.375 	 11.035 	 227.767
FD10870	96.500 	 11.070 	 228.022
FD10870	96.625 	 11.104 	 228.288
FD10870	96.750 	 11.137 	 228.563
FD10870	96.875 	 11.168 	 228.845
FD10870	97.000 	 11.195 	 229.132
FD10870	97.125 	 11.221 	 229.417
FD10870	97.250 	 11.244 	 229.695
FD10870	97.375 	 11.265 	 229.959
FD10870	97.500 	 11.284 	 230.201
FD10870	97.625 	 11.301 	 230.414
FD10870	97.750 	 11.317 	 230.589
FD10870	97.875 	 11.330 	 230.727
FD10870	98.000 	 11.344 	 230.831
FD10870	98.125 	 11.359 	 230.907
FD10870	98.250 	 11.373 	 230.964
FD10870	98.375 	 11.387 	 231.018
FD10870	98.500 	 11.404 	 231.077
FD10870	98.625 	 11.421 	 231.144
FD10870	98.750 	 11.442 	 231.224
FD10870	98.875 	 11.463 	 231.315
FD10870	99.000 	 11.489 	 231.412
FD10870	99.125 	 11.518 	 231.512
FD10870	99.250 	 11.548 	 231.617
FD10870	99.375 	 11.580 	 231.728
FD10870	99.500 	 11.608 	 231.851
FD10870	99.625 	 11.638 	 231.986
FD10870	99.750 	 11.664 	 232.132
FD10870	99.875 	 11.689 	 232.284
FD10870	100.000 	 11.712 	 232.433
FD10870	100.125 	 11.737 	 232.564
FD10870	100.250 	 11.761 	 232.668
FD10870	100.375 	 11.786 	 232.737
FD10870	100.500 	 11.813 	 232.773
FD10870	100.625 	 11.840 	 232.780
FD10870	100.750 	 11.870 	 232.771
FD10870	100.875 	 11.900 	 232.760
FD10870	101.000 	 11.933 	 232.764
FD10870	101.125 	 11.966 	 232.791
FD10870	101.250 	 11.999 	 232.847
FD10870	101.375 	 12.036 	 232.933
FD10870	101.500 	 12.072 	 233.039
FD10870	101.625 	 12.111 	 233.157
FD10870	101.750 	 12.152 	 233.274
FD10870	101.875 	 12.197 	 233.382
FD10870	102.000 	 12.244 	 233.476
FD10870	102.125 	 12.291 	 233.554
FD10870	102.250 	 12.341 	 233.623
FD10870	102.375 	 12.391 	 233.692
FD10870	102.500 	 12.440 	 233.770
FD10870	102.625 	 12.487 	 233.866
FD10870	102.750 	 12.532 	 233.985
FD10870	102.875 	 12.576 	 234.128
FD10870	103.000 	 12.619 	 234.296
FD10870	103.125 	 12.663 	 234.480
FD10870	103.250 	 12.704 	 234.677
FD10870	103.375 	 12.746 	 234.877
FD10870	103.500 	 12.786 	 235.076
FD10870	103.625 	 12.826 	 235.269
FD10870	103.750 	 12.865 	 235.449
FD10870	103.875 	 12.904 	 235.618
FD10870	104.000 	 12.940 	 235.780
FD10870	104.125 	 12.975 	 235.938
FD10870	104.250 	 13.009 	 236.094
FD10870	104.375 	 13.041 	 236.250
FD10870	104.500 	 13.072 	 236.403
FD10870	104.625 	 13.105 	 236.548
FD10870	104.750 	 13.137 	 236.685
FD10870	104.875 	 13.165 	 236.804
FD10870	105.000 	 13.192 	 236.909
FD10870	105.125 	 13.217 	 237.005
FD10870	105.250 	 13.241 	 237.106
FD10870	105.375 	 13.265 	 237.221
FD10870	105.500 	 13.287 	 237.361
FD10870	105.625 	 13.310 	 237.531
FD10870	105.750 	 13.334 	 237.731
FD10870	105.875 	 13.358 	 237.956
FD10870	106.000 	 13.383 	 238.190
FD10870	106.125 	 13.407 	 238.419
FD10870	106.250 	 13.430 	 238.629
FD10870	106.375 	 13.450 	 238.814
FD10870	106.500 	 13.465 	 238.965
FD10870	106.625 	 13.480 	 239.085
FD10870	106.750 	 13.492 	 239.181
FD10870	106.875 	 13.504 	 239.261
FD10870	107.000 	 13.519 	 239.336
FD10870	107.125 	 13.534 	 239.420
FD10870	107.250 	 13.549 	 239.519
FD10870	107.375 	 13.565 	 239.638
FD10870	107.500 	 13.583 	 239.777
FD10870	107.625 	 13.601 	 239.935
FD10870	107.750 	 13.620 	 240.104
FD10870	107.875 	 13.639 	 240.275
FD10870	108.000 	 13.659 	 240.441
FD10870	108.125 	 13.680 	 240.599
FD10870	108.250 	 13.704 	 240.747
FD10870	108.375 	 13.729 	 240.886
FD10870	108.500 	 13.758 	 241.018
FD10870	108.625 	 13.791 	 241.149
FD10870	108.750 	 13.828 	 241.278
FD10870	108.875 	 13.866 	 241.407
FD10870	109.000 	 13.906 	 241.538
FD10870	109.125 	 13.949 	 241.666
FD10870	109.250 	 13.991 	 241.792
FD10870	109.375 	 14.033 	 241.916
FD10870	109.500 	 14.074 	 242.033
FD10870	109.625 	 14.112 	 242.143
FD10870	109.750 	 14.147 	 242.243
FD10870	109.875 	 14.181 	 242.332
FD10870	110.000 	 14.214 	 242.408
FD10870	110.125 	 14.247 	 242.473
FD10870	110.250 	 14.278 	 242.531
FD10870	110.375 	 14.309 	 242.590
FD10870	110.500 	 14.337 	 242.657
FD10870	110.625 	 14.364 	 242.739
FD10870	110.750 	 14.392 	 242.841
FD10870	110.875 	 14.415 	 242.957
FD10870	111.000 	 14.438 	 243.085
FD10870	111.125 	 14.459 	 243.215
FD10870	111.250 	 14.476 	 243.339
FD10870	111.375 	 14.491 	 243.448
FD10870	111.500 	 14.507 	 243.541
FD10870	111.625 	 14.519 	 243.621
FD10870	111.750 	 14.536 	 243.696
FD10870	111.875 	 14.550 	 243.769
FD10870	112.000 	 14.566 	 243.847
FD10870	112.125 	 14.581 	 243.935
FD10870	112.250 	 14.595 	 244.034
FD10870	112.375 	 14.609 	 244.140
FD10870	112.500 	 14.625 	 244.252
FD10870	112.625 	 14.640 	 244.367
FD10870	112.750 	 14.654 	 244.486
FD10870	112.875 	 14.668 	 244.605
FD10870	113.000 	 14.683 	 244.727
FD10870	113.125 	 14.698 	 244.853
FD10870	113.250 	 14.717 	 244.986
FD10870	113.375 	 14.736 	 245.127
FD10870	113.500 	 14.758 	 245.282
FD10870	113.625 	 14.780 	 245.446
FD10870	113.750 	 14.803 	 245.624
FD10870	113.875 	 14.824 	 245.814
FD10870	114.000 	 14.845 	 246.013
FD10870	114.125 	 14.863 	 246.214
FD10870	114.250 	 14.880 	 246.414
FD10870	114.375 	 14.899 	 246.609
FD10870	114.500 	 14.914 	 246.794
FD10870	114.625 	 14.928 	 246.961
FD10870	114.750 	 14.942 	 247.114
FD10870	114.875 	 14.955 	 247.252
FD10870	115.000 	 14.965 	 247.382
FD10870	115.125 	 14.973 	 247.509
FD10870	115.250 	 14.981 	 247.642
FD10870	115.375 	 14.988 	 247.784
FD10870	115.500 	 14.994 	 247.940
FD10870	115.625 	 15.003 	 248.104
FD10870	115.750 	 15.011 	 248.269
FD10870	115.875 	 15.020 	 248.432
FD10870	116.000 	 15.032 	 248.579
FD10870	116.125 	 15.043 	 248.711
FD10870	116.250 	 15.056 	 248.827
FD10870	116.375 	 15.068 	 248.935
FD10870	116.500 	 15.080 	 249.042
FD10870	116.625 	 15.093 	 249.156
FD10870	116.750 	 15.103 	 249.285
FD10870	116.875 	 15.112 	 249.431
FD10870	117.000 	 15.122 	 249.595
FD10870	117.125 	 15.131 	 249.770
FD10870	117.250 	 15.140 	 249.951
FD10870	117.375 	 15.151 	 250.138
FD10870	117.500 	 15.160 	 250.326
FD10870	117.625 	 15.169 	 250.513
FD10870	117.750 	 15.177 	 250.701
FD10870	117.875 	 15.185 	 250.891
FD10870	118.000 	 15.192 	 251.090
FD10870	118.125 	 15.199 	 251.296
FD10870	118.250 	 15.207 	 251.511
FD10870	118.375 	 15.214 	 251.734
FD10870	118.500 	 15.221 	 251.966
FD10870	118.625 	 15.226 	 252.202
FD10870	118.750 	 15.230 	 252.441
FD10870	118.875 	 15.234 	 252.680
FD10870	119.000 	 15.236 	 252.919
FD10870	119.125 	 15.238 	 253.153
FD10870	119.250 	 15.241 	 253.383
FD10870	119.375 	 15.245 	 253.605
FD10870	119.500 	 15.249 	 253.818
FD10870	119.625 	 15.254 	 254.024
FD10870	119.750 	 15.262 	 254.220
FD10870	119.875 	 15.268 	 254.414
FD10870	120.000 	 15.275 	 254.607
FD10870	120.125 	 15.281 	 254.804
FD10870	120.250 	 15.288 	 255.008
FD10870	120.375 	 15.293 	 255.219
FD10870	120.500 	 15.298 	 255.435
FD10870	120.625 	 15.302 	 255.649
FD10870	120.750 	 15.311 	 255.853
FD10870	120.875 	 15.321 	 256.044
FD10870	121.000 	 15.336 	 256.212
FD10870	121.125 	 15.351 	 256.358
FD10870	121.250 	 15.367 	 256.481
FD10870	121.375 	 15.381 	 256.587
FD10870	121.500 	 15.391 	 256.678
FD10870	121.625 	 15.401 	 256.758
FD10870	121.750 	 15.404 	 256.834
FD10870	121.875 	 15.407 	 256.909
FD10870	122.000 	 15.408 	 256.988
FD10870	122.125 	 15.408 	 257.070
FD10870	122.250 	 15.406 	 257.159
FD10870	122.375 	 15.407 	 257.256
FD10870	122.500 	 15.408 	 257.362
FD10870	122.625 	 15.409 	 257.475
FD10870	122.750 	 15.411 	 257.599
FD10870	122.875 	 15.415 	 257.732
FD10870	123.000 	 15.417 	 257.874
FD10870	123.125 	 15.421 	 258.026
FD10870	123.250 	 15.424 	 258.183
FD10870	123.375 	 15.428 	 258.347
FD10870	123.500 	 15.433 	 258.514
FD10870	123.625 	 15.438 	 258.680
FD10870	123.750 	 15.447 	 258.846
FD10870	123.875 	 15.456 	 259.012
FD10870	124.000 	 15.467 	 259.176
FD10870	124.125 	 15.479 	 259.342
FD10870	124.250 	 15.494 	 259.509
FD10870	124.375 	 15.509 	 259.682
FD10870	124.500 	 15.527 	 259.862
FD10870	124.625 	 15.547 	 260.050
FD10870	124.750 	 15.566 	 260.250
FD10870	124.875 	 15.585 	 260.463
FD10870	125.000 	 15.604 	 260.688
FD10870	125.125 	 15.621 	 260.924
FD10870	125.250 	 15.638 	 261.168
FD10870	125.375 	 15.651 	 261.415
FD10870	125.500 	 15.663 	 261.666
FD10870	125.625 	 15.676 	 261.915
FD10870	125.750 	 15.686 	 262.165
FD10870	125.875 	 15.696 	 262.416
FD10870	126.000 	 15.703 	 262.672
FD10870	126.125 	 15.713 	 262.932
FD10870	126.250 	 15.718 	 263.202
FD10870	126.375 	 15.726 	 263.479
FD10870	126.500 	 15.730 	 263.762
FD10870	126.625 	 15.733 	 264.050
FD10870	126.750 	 15.736 	 264.341
FD10870	126.875 	 15.738 	 264.635
FD10870	127.000 	 15.740 	 264.925
FD10870	127.125 	 15.740 	 265.213
FD10870	127.250 	 15.743 	 265.498
FD10870	127.375 	 15.745 	 265.777
FD10870	127.500 	 15.752 	 266.048
FD10870	127.625 	 15.756 	 266.310
FD10870	127.750 	 15.765 	 266.563
FD10870	127.875 	 15.772 	 266.810
FD10870	128.000 	 15.781 	 267.052
FD10870	128.125 	 15.790 	 267.295
FD10870	128.250 	 15.800 	 267.541
FD10870	128.375 	 15.812 	 267.795
FD10870	128.500 	 15.825 	 268.058
FD10870	128.625 	 15.840 	 268.329
FD10870	128.750 	 15.857 	 268.598
FD10870	128.875 	 15.874 	 268.864
FD10870	129.000 	 15.895 	 269.117
FD10870	129.125 	 15.916 	 269.352
FD10870	129.250 	 15.937 	 269.565
FD10870	129.375 	 15.960 	 269.755
FD10870	129.500 	 15.984 	 269.928
FD10870	129.625 	 16.010 	 270.087
FD10870	129.750 	 16.034 	 270.239
FD10870	129.875 	 16.065 	 270.389
FD10870	130.000 	 16.098 	 270.541
FD10870	130.125 	 16.127 	 270.694
FD10870	130.250 	 16.161 	 270.847
FD10870	130.375 	 16.191 	 270.992
FD10870	130.500 	 16.223 	 271.127
FD10870	130.625 	 16.253 	 271.247
FD10870	130.750 	 16.280 	 271.351
FD10870	130.875 	 16.309 	 271.442
FD10870	131.000 	 16.338 	 271.524
FD10870	131.125 	 16.366 	 271.607
FD10870	131.250 	 16.396 	 271.698
FD10870	131.375 	 16.425 	 271.807
FD10870	131.500 	 16.452 	 271.936
FD10870	131.625 	 16.474 	 272.087
FD10870	131.750 	 16.495 	 272.260
FD10870	131.875 	 16.512 	 272.448
FD10870	132.000 	 16.525 	 272.641
FD10870	132.125 	 16.531 	 272.834
FD10870	132.250 	 16.539 	 273.019
FD10870	132.375 	 16.546 	 273.190
FD10870	132.500 	 16.553 	 273.348
FD10870	132.625 	 16.559 	 273.499
FD10870	132.750 	 16.565 	 273.649
FD10870	132.875 	 16.571 	 273.801
FD10870	133.000 	 16.575 	 273.964
FD10870	133.125 	 16.578 	 274.141
FD10870	133.250 	 16.584 	 274.330
FD10870	133.375 	 16.582 	 274.530
FD10870	133.500 	 16.586 	 274.737
FD10870	133.625 	 16.590 	 274.950
FD10870	133.750 	 16.597 	 275.164
FD10870	133.875 	 16.606 	 275.376
FD10870	134.000 	 16.615 	 275.583
FD10870	134.125 	 16.629 	 275.774
FD10870	134.250 	 16.640 	 275.946
FD10870	134.375 	 16.659 	 276.094
FD10870	134.500 	 16.676 	 276.216
FD10870	134.625 	 16.692 	 276.309
FD10870	134.750 	 16.712 	 276.378
FD10870	134.875 	 16.732 	 276.426
FD10870	135.000 	 16.750 	 276.466
FD10870	135.125 	 16.772 	 276.501
FD10870	135.250 	 16.791 	 276.542
FD10870	135.375 	 16.812 	 276.596
FD10870	135.500 	 16.835 	 276.669
FD10870	135.625 	 16.855 	 276.764
FD10870	135.750 	 16.874 	 276.882
FD10870	135.875 	 16.899 	 277.017
FD10870	136.000 	 16.921 	 277.169
FD10870	136.125 	 16.947 	 277.332
FD10870	136.250 	 16.972 	 277.500
FD10870	136.375 	 16.996 	 277.669
FD10870	136.500 	 17.020 	 277.837
FD10870	136.625 	 17.043 	 278.003
FD10870	136.750 	 17.062 	 278.166
FD10870	136.875 	 17.088 	 278.321
FD10870	137.000 	 17.109 	 278.472
FD10870	137.125 	 17.136 	 278.614
FD10870	137.250 	 17.160 	 278.746
FD10870	137.375 	 17.191 	 278.869
FD10870	137.500 	 17.223 	 278.985
FD10870	137.625 	 17.255 	 279.097
FD10870	137.750 	 17.292 	 279.211
FD10870	137.875 	 17.336 	 279.328
FD10870	138.000 	 17.374 	 279.453
FD10870	138.125 	 17.420 	 279.587
FD10870	138.250 	 17.467 	 279.732
FD10870	138.375 	 17.514 	 279.883
FD10870	138.500 	 17.562 	 280.040
FD10870	138.625 	 17.610 	 280.203
FD10870	138.750 	 17.658 	 280.370
FD10870	138.875 	 17.707 	 280.545
FD10870	139.000 	 17.754 	 280.726
FD10870	139.125 	 17.802 	 280.916
FD10870	139.250 	 17.850 	 281.115
FD10870	139.375 	 17.902 	 281.317
FD10870	139.500 	 17.951 	 281.521
FD10870	139.625 	 17.997 	 281.720
FD10870	139.750 	 18.048 	 281.910
FD10870	139.875 	 18.088 	 282.088
FD10870	140.000 	 18.135 	 282.252
FD10870	140.125 	 18.171 	 282.403
FD10870	140.250 	 18.209 	 282.545
FD10870	140.375 	 18.248 	 282.676
FD10870	140.500 	 18.286 	 282.803
FD10870	140.625 	 18.323 	 282.924
FD10870	140.750 	 18.362 	 283.035
FD10870	140.875 	 18.406 	 283.134
FD10870	141.000 	 18.443 	 283.215
FD10870	141.125 	 18.487 	 283.285
FD10870	141.250 	 18.527 	 283.342
FD10870	141.375 	 18.564 	 283.395
FD10870	141.500 	 18.600 	 283.453
FD10870	141.625 	 18.633 	 283.521
FD10870	141.750 	 18.666 	 283.609
FD10870	141.875 	 18.696 	 283.711
FD10870	142.000 	 18.730 	 283.826
FD10870	142.125 	 18.761 	 283.945
FD10870	142.250 	 18.795 	 284.059
FD10870	142.375 	 18.827 	 284.165
FD10870	142.500 	 18.860 	 284.256
FD10870	142.625 	 18.893 	 284.333
FD10870	142.750 	 18.920 	 284.406
FD10870	142.875 	 18.950 	 284.482
FD10870	143.000 	 18.979 	 284.570
FD10870	143.125 	 19.000 	 284.672
FD10870	143.250 	 19.025 	 284.791
FD10870	143.375 	 19.053 	 284.925
FD10870	143.500 	 19.078 	 285.064
FD10870	143.625 	 19.103 	 285.199
FD10870	143.750 	 19.133 	 285.320
FD10870	143.875 	 19.161 	 285.424
FD10870	144.000 	 19.188 	 285.515
FD10870	144.125 	 19.224 	 285.598
FD10870	144.250 	 19.252 	 285.681
FD10870	144.375 	 19.282 	 285.775
FD10870	144.500 	 19.314 	 285.887
FD10870	144.625 	 19.345 	 286.017
FD10870	144.750 	 19.378 	 286.162
FD10870	144.875 	 19.409 	 286.319
FD10870	145.000 	 19.440 	 286.482
FD10870	145.125 	 19.473 	 286.646
FD10870	145.250 	 19.506 	 286.807
FD10870	145.375 	 19.542 	 286.966
FD10870	145.500 	 19.580 	 287.123
FD10870	145.625 	 19.617 	 287.276
FD10870	145.750 	 19.657 	 287.420
FD10870	145.875 	 19.700 	 287.551
FD10870	146.000 	 19.737 	 287.666
FD10870	146.125 	 19.776 	 287.762
FD10870	146.250 	 19.819 	 287.835
FD10870	146.375 	 19.855 	 287.891
FD10870	146.500 	 19.901 	 287.936
FD10870	146.625 	 19.940 	 287.983
FD10870	146.750 	 19.981 	 288.035
FD10870	146.875 	 20.022 	 288.103
FD10870	147.000 	 20.062 	 288.192
FD10870	147.125 	 20.102 	 288.301
FD10870	147.250 	 20.141 	 288.427
FD10870	147.375 	 20.180 	 288.564
FD10870	147.500 	 20.216 	 288.709
FD10870	147.625 	 20.249 	 288.849
FD10870	147.750 	 20.281 	 288.979
FD10870	147.875 	 20.311 	 289.089
FD10870	148.000 	 20.344 	 289.178
FD10870	148.125 	 20.373 	 289.249
FD10870	148.250 	 20.405 	 289.301
FD10870	148.375 	 20.436 	 289.347
FD10870	148.500 	 20.467 	 289.392
FD10870	148.625 	 20.492 	 289.448
FD10870	148.750 	 20.522 	 289.516
FD10870	148.875 	 20.550 	 289.600
FD10870	149.000 	 20.583 	 289.698
FD10870	149.125 	 20.614 	 289.809
FD10870	149.250 	 20.652 	 289.922
FD10870	149.375 	 20.687 	 290.037
FD10870	149.500 	 20.723 	 290.147
FD10870	149.625 	 20.760 	 290.252
FD10870	149.750 	 20.794 	 290.350
FD10870	149.875 	 20.834 	 290.440
FD10870	150.000 	 20.874 	 290.523
FD10870	150.125 	 20.914 	 290.603
FD10870	150.250 	 20.957 	 290.680
FD10870	150.375 	 21.000 	 290.760
FD10870	150.500 	 21.045 	 290.840
FD10870	150.625 	 21.094 	 290.926
FD10870	150.750 	 21.140 	 291.020
FD10870	150.875 	 21.187 	 291.122
FD10870	151.000 	 21.229 	 291.231
FD10870	151.125 	 21.268 	 291.346
FD10870	151.250 	 21.302 	 291.469
FD10870	151.375 	 21.330 	 291.604
FD10870	151.500 	 21.364 	 291.750
FD10870	151.625 	 21.388 	 291.908
FD10870	151.750 	 21.413 	 292.078
FD10870	151.875 	 21.440 	 292.258
FD10870	152.000 	 21.464 	 292.437
FD10870	152.125 	 21.490 	 292.603
FD10870	152.250 	 21.511 	 292.741
FD10870	152.375 	 21.535 	 292.842
FD10870	152.500 	 21.555 	 292.900
FD10870	152.625 	 21.576 	 292.918
FD10870	152.750 	 21.598 	 292.901
FD10870	152.875 	 21.619 	 292.864
FD10870	153.000 	 21.644 	 292.822
FD10870	153.125 	 21.672 	 292.786
FD10870	153.250 	 21.705 	 292.770
FD10870	153.375 	 21.738 	 292.778
FD10870	153.500 	 21.783 	 292.815
FD10870	153.625 	 21.820 	 292.883
FD10870	153.750 	 21.868 	 292.982
FD10870	153.875 	 21.912 	 293.102
FD10870	154.000 	 21.958 	 293.232
FD10870	154.125 	 22.002 	 293.365
FD10870	154.250 	 22.052 	 293.487
FD10870	154.375 	 22.096 	 293.591
FD10870	154.500 	 22.141 	 293.669
FD10870	154.625 	 22.186 	 293.724
FD10870	154.750 	 22.233 	 293.765
FD10870	154.875 	 22.278 	 293.803
FD10870	155.000 	 22.329 	 293.846
FD10870	155.125 	 22.374 	 293.905
FD10870	155.250 	 22.416 	 293.990
FD10870	155.375 	 22.465 	 294.101
FD10870	155.500 	 22.504 	 294.238
FD10870	155.625 	 22.542 	 294.393
FD10870	155.750 	 22.577 	 294.562
FD10870	155.875 	 22.610 	 294.741
FD10870	156.000 	 22.637 	 294.923
FD10870	156.125 	 22.673 	 295.101
FD10870	156.250 	 22.698 	 295.273
FD10870	156.375 	 22.731 	 295.430
FD10870	156.500 	 22.766 	 295.568
FD10870	156.625 	 22.804 	 295.683
FD10870	156.750 	 22.838 	 295.773
FD10870	156.875 	 22.881 	 295.837
FD10870	157.000 	 22.918 	 295.877
FD10870	157.125 	 22.964 	 295.901
FD10870	157.250 	 22.998 	 295.912
FD10870	157.375 	 23.043 	 295.916
FD10870	157.500 	 23.086 	 295.916
FD10870	157.625 	 23.133 	 295.917
FD10870	157.750 	 23.184 	 295.923
FD10870	157.875 	 23.244 	 295.937
FD10870	158.000 	 23.298 	 295.960
FD10870	158.125 	 23.353 	 295.995
FD10870	158.250 	 23.415 	 296.042
FD10870	158.375 	 23.471 	 296.106
FD10870	158.500 	 23.528 	 296.178
FD10870	158.625 	 23.582 	 296.255
FD10870	158.750 	 23.641 	 296.334
FD10870	158.875 	 23.694 	 296.419
FD10870	159.000 	 23.754 	 296.507
FD10870	159.125 	 23.815 	 296.593
FD10870	159.250 	 23.874 	 296.673
FD10870	159.375 	 23.944 	 296.752
FD10870	159.500 	 24.002 	 296.826
FD10870	159.625 	 24.066 	 296.882
FD10870	159.750 	 24.127 	 296.925
FD10870	159.875 	 24.183 	 296.953
FD10870	160.000 	 24.246 	 296.973
FD10870	160.125 	 24.303 	 296.981
FD10870	160.250 	 24.359 	 296.984
FD10870	160.375 	 24.416 	 296.983
FD10870	160.500 	 24.463 	 296.985
FD10870	160.625 	 24.511 	 296.984
FD10870	160.750 	 24.558 	 296.984
FD10870	160.875 	 24.589 	 296.984
FD10870	161.000 	 24.629 	 296.984
FD10870	161.125 	 24.654 	 296.984
FD10870	161.250 	 24.686 	 296.984
FD10870	161.375 	 24.714 	 296.984
FD10870	161.500 	 24.740 	 296.984
FD10870	161.625 	 24.766 	 296.984
FD10870	161.750 	 24.798 	 296.984
FD10870	161.875 	 24.835 	 296.984
FD10870	162.000 	 24.871 	 296.983
FD10870	162.125 	 24.909 	 296.985
FD10870	162.250 	 24.951 	 296.983
FD10870	162.375 	 25.000 	 296.984
FD10870	162.500 	 25.045 	 296.984
FD10870	162.625 	 25.098 	 296.984
FD10870	162.750 	 25.146 	 296.984
FD10870	162.875 	 25.201 	 296.984
FD10870	163.000 	 25.251 	 296.984
FD10870	163.125 	 25.307 	 296.985
FD10870	163.250 	 25.363 	 296.984
FD10870	163.375 	 25.416 	 296.980
FD10870	163.500 	 25.467 	 296.970
FD10870	163.625 	 25.517 	 296.946
FD10870	163.750 	 25.567 	 296.904
FD10870	163.875 	 25.617 	 296.841
FD10870	164.000 	 25.662 	 296.748
FD10870	164.125 	 25.703 	 296.633
FD10870	164.250 	 25.750 	 296.505
FD10870	164.375 	 25.790 	 296.370
FD10870	164.500 	 25.830 	 296.243
FD10870	164.625 	 25.873 	 296.132
FD10870	164.750 	 25.917 	 296.045
FD10870	164.875 	 25.961 	 295.985
FD10870	165.000 	 25.999 	 295.947
FD10870	165.125 	 26.045 	 295.927
FD10870	165.250 	 26.093 	 295.917
FD10870	165.375 	 26.127 	 295.917
FD10870	165.500 	 26.174 	 295.916
FD10870	165.625 	 26.221 	 295.916
FD10870	165.750 	 26.258 	 295.916
FD10870	165.875 	 26.301 	 295.916
FD10870	166.000 	 26.345 	 295.914
FD10870	166.125 	 26.384 	 295.907
FD10870	166.250 	 26.427 	 295.889
FD10870	166.375 	 26.467 	 295.858
FD10870	166.500 	 26.501 	 295.806
FD10870	166.625 	 26.544 	 295.734
FD10870	166.750 	 26.583 	 295.641
FD10870	166.875 	 26.619 	 295.543
FD10870	167.000 	 26.664 	 295.450
FD10870	167.125 	 26.700 	 295.379
FD10870	167.250 	 26.743 	 295.343
FD10870	167.375 	 26.786 	 295.355
FD10870	167.500 	 26.832 	 295.416
FD10870	167.625 	 26.875 	 295.522
FD10870	167.750 	 26.917 	 295.660
FD10870	167.875 	 26.962 	 295.821
FD10870	168.000 	 27.000 	 295.991
FD10870	168.125 	 27.035 	 296.163
FD10870	168.250 	 27.070 	 296.323
FD10870	168.375 	 27.109 	 296.464
FD10870	168.500 	 27.143 	 296.591
FD10870	168.625 	 27.179 	 296.698
FD10870	168.750 	 27.213 	 296.783
FD10870	168.875 	 27.248 	 296.846
FD10870	169.000 	 27.282 	 296.897
FD10870	169.125 	 27.318 	 296.945
FD10870	169.250 	 27.350 	 296.995
FD10870	169.375 	 27.377 	 297.054
FD10870	169.500 	 27.407 	 297.130
FD10870	169.625 	 27.440 	 297.230
FD10870	169.750 	 27.470 	 297.348
FD10870	169.875 	 27.496 	 297.479
FD10870	170.000 	 27.527 	 297.612
FD10870	170.125 	 27.560 	 297.743
FD10870	170.250 	 27.591 	 297.868
FD10870	170.375 	 27.618 	 297.981
FD10870	170.500 	 27.652 	 298.077
FD10870	170.625 	 27.678 	 298.161
FD10870	170.750 	 27.710 	 298.227
FD10870	170.875 	 27.730 	 298.265
FD10870	171.000 	 27.762 	 298.261
FD10870	171.125 	 27.780 	 298.208
FD10870	171.250 	 27.798 	 298.105
FD10870	171.375 	 27.819 	 297.957
FD10870	171.500 	 27.835 	 297.777
FD10870	171.625 	 27.848 	 297.586
FD10870	171.750 	 27.866 	 297.409
FD10870	171.875 	 27.884 	 297.262
FD10870	172.000 	 27.896 	 297.153
FD10870	172.125 	 27.908 	 297.086
FD10870	172.250 	 27.926 	 297.051
FD10870	172.375 	 27.941 	 297.040
FD10870	172.500 	 27.956 	 297.044
FD10870	172.625 	 27.972 	 297.050
FD10870	172.750 	 27.989 	 297.053
FD10870	172.875 	 28.011 	 297.050
FD10870	173.000 	 28.025 	 297.044
FD10870	173.125 	 28.053 	 297.028
FD10870	173.250 	 28.068 	 297.020
FD10870	173.375 	 28.094 	 297.023
FD10870	173.500 	 28.110 	 297.034
FD10870	173.625 	 28.131 	 297.054
FD10870	173.750 	 28.145 	 297.088
FD10870	173.875 	 28.168 	 297.137
FD10870	174.000 	 28.191 	 297.203
FD10870	174.125 	 28.214 	 297.287
FD10870	174.250 	 28.232 	 297.381
FD10870	174.375 	 28.253 	 297.485
FD10870	174.500 	 28.271 	 297.586
FD10870	174.625 	 28.285 	 297.680
FD10870	174.750 	 28.297 	 297.758
FD10870	174.875 	 28.307 	 297.813
FD10870	175.000 	 28.310 	 297.840
FD10870	175.125 	 28.312 	 297.836
FD10870	175.250 	 28.308 	 297.804
FD10870	175.375 	 28.311 	 297.743
FD10870	175.500 	 28.304 	 297.662
FD10870	175.625 	 28.305 	 297.566
FD10870	175.750 	 28.298 	 297.464
FD10870	175.875 	 28.294 	 297.363
FD10870	176.000 	 28.285 	 297.269
FD10870	176.125 	 28.276 	 297.188
FD10870	176.250 	 28.267 	 297.122
FD10870	176.375 	 28.254 	 297.073
FD10870	176.500 	 28.247 	 297.036
FD10870	176.625 	 28.232 	 297.016
FD10870	176.750 	 28.226 	 297.008
FD10870	176.875 	 28.222 	 297.008
FD10870	177.000 	 28.218 	 297.023
FD10870	177.125 	 28.215 	 297.049
FD10870	177.250 	 28.217 	 297.089
FD10870	177.375 	 28.224 	 297.145
FD10870	177.500 	 28.233 	 297.219
FD10870	177.625 	 28.242 	 297.305
FD10870	177.750 	 28.254 	 297.403
FD10870	177.875 	 28.272 	 297.508
FD10870	178.000 	 28.283 	 297.613
FD10870	178.125 	 28.295 	 297.713
FD10870	178.250 	 28.312 	 297.802
FD10870	178.375 	 28.329 	 297.878
FD10870	178.500 	 28.333 	 297.938
FD10870	178.625 	 28.339 	 297.985
FD10870	178.750 	 28.347 	 298.021
FD10870	178.875 	 28.342 	 298.053
FD10870	179.000 	 28.333 	 298.085
FD10870	179.125 	 28.322 	 298.120
FD10870	179.250 	 28.301 	 298.138
FD10870	179.375 	 28.283 	 298.120
FD10870	179.500 	 28.259 	 298.065
FD10870	179.625 	 28.240 	 297.969
FD10870	179.750 	 28.209 	 297.823
FD10870	179.875 	 28.192 	 297.631
FD10870	180.000 	 28.166 	 297.428
FD10870	180.125 	 28.145 	 297.230
FD10870	180.250 	 28.119 	 297.036
FD10870	180.375 	 28.098 	 296.847
FD10870	180.500 	 28.071 	 296.669
FD10870	180.625 	 28.056 	 296.499
FD10870	180.750 	 28.034 	 296.337
FD10870	180.875 	 28.019 	 296.194
FD10870	181.000 	 28.006 	 296.082
FD10870	181.125 	 28.006 	 295.999
FD10870	181.250 	 27.998 	 295.945
FD10870	181.375 	 28.005 	 295.921
FD10870	181.500 	 27.999 	 295.916
FD10870	181.625 	 28.007 	 295.916
FD10870	181.750 	 28.004 	 295.916
FD10870	181.875 	 28.001 	 295.916
FD10870	182.000 	 27.993 	 295.916
FD10870	182.125 	 27.987 	 295.916
FD10870	182.250 	 27.981 	 295.916
FD10870	182.375 	 27.971 	 295.916
FD10870	182.500 	 27.964 	 295.917
FD10870	182.625 	 27.949 	 295.929
FD10870	182.750 	 27.943 	 295.965
FD10870	182.875 	 27.934 	 296.030
FD10870	183.000 	 27.928 	 296.125
FD10870	183.125 	 27.921 	 296.251
FD10870	183.250 	 27.912 	 296.401
FD10870	183.375 	 27.904 	 296.562
FD10870	183.500 	 27.895 	 296.704
FD10870	183.625 	 27.882 	 296.815
FD10870	183.750 	 27.878 	 296.883
FD10870	183.875 	 27.868 	 296.883
FD10870	184.000 	 27.862 	 296.809
FD10870	184.125 	 27.854 	 296.697
FD10870	184.250 	 27.852 	 296.572
FD10870	184.375 	 27.849 	 296.440
FD10870	184.500 	 27.847 	 296.315
FD10870	184.625 	 27.855 	 296.247
FD10870	184.750 	 27.850 	 296.244
FD10870	184.875 	 27.858 	 296.251
FD10870	185.000 	 27.855 	 296.238
FD10870	185.125 	 27.855 	 296.216
FD10870	185.250 	 27.859 	 296.182
FD10870	185.375 	 27.849 	 296.123
FD10870	185.500 	 27.849 	 296.038
FD10870	185.625 	 27.846 	 295.958
FD10870	185.750 	 27.837 	 295.909
FD10870	185.875 	 27.833 	 295.884
FD10870	186.000 	 27.821 	 295.883
FD10870	186.125 	 27.817 	 295.905
FD10870	186.250 	 27.804 	 295.945
FD10870	186.375 	 27.788 	 296.001
FD10870	186.500 	 27.767 	 296.068
FD10870	186.625 	 27.747 	 296.144
FD10870	186.750 	 27.727 	 296.228
FD10870	186.875 	 27.700 	 296.318
FD10870	187.000 	 27.684 	 296.411
FD10870	187.125 	 27.665 	 296.508
FD10870	187.250 	 27.644 	 296.607
FD10870	187.375 	 27.626 	 296.707
FD10870	187.500 	 27.607 	 296.807
FD10870	187.625 	 27.596 	 296.904
FD10870	187.750 	 27.582 	 297.000
FD10870	187.875 	 27.573 	 297.095
FD10870	188.000 	 27.560 	 297.190
FD10870	188.125 	 27.560 	 297.287
FD10870	188.250 	 27.555 	 297.390
FD10870	188.375 	 27.560 	 297.498
FD10870	188.500 	 27.561 	 297.616
FD10870	188.625 	 27.573 	 297.744
FD10870	188.750 	 27.582 	 297.879
FD10870	188.875 	 27.595 	 298.025
FD10870	189.000 	 27.610 	 298.177
FD10870	189.125 	 27.626 	 298.336
FD10870	189.250 	 27.641 	 298.504
FD10870	189.375 	 27.653 	 298.677
FD10870	189.500 	 27.670 	 298.857
FD10870	189.625 	 27.682 	 299.045
FD10870	189.750 	 27.691 	 299.236
FD10870	189.875 	 27.702 	 299.430
FD10870	190.000 	 27.712 	 299.627
FD10870	190.125 	 27.717 	 299.821
FD10870	190.250 	 27.721 	 300.013
FD10870	190.375 	 27.727 	 300.194
FD10870	190.500 	 27.725 	 300.362
FD10870	190.625 	 27.727 	 300.508
FD10870	190.750 	 27.721 	 300.626
FD10870	190.875 	 27.719 	 300.769
FD10870	191.000 	 27.714 	 300.984
FD10870	191.125 	 27.705 	 301.170
FD10870	191.250 	 27.699 	 301.299
FD10870	191.375 	 27.693 	 301.416
FD10870	191.500 	 27.692 	 301.526
FD10870	191.625 	 27.688 	 301.626
FD10870	191.750 	 27.688 	 301.729
FD10870	191.875 	 27.689 	 301.837
FD10870	192.000 	 27.691 	 301.953
FD10870	192.125 	 27.696 	 302.081
FD10870	192.250 	 27.695 	 302.224
FD10870	192.375 	 27.700 	 302.383
FD10870	192.500 	 27.701 	 302.556
FD10870	192.625 	 27.703 	 302.735
FD10870	192.750 	 27.705 	 302.916
FD10870	192.875 	 27.711 	 303.094
FD10870	193.000 	 27.715 	 303.265
FD10870	193.125 	 27.719 	 303.418
FD10870	193.250 	 27.726 	 303.552
FD10870	193.375 	 27.740 	 303.667
FD10870	193.500 	 27.747 	 303.767
FD10870	193.625 	 27.755 	 303.851
FD10870	193.750 	 27.769 	 303.926
FD10870	193.875 	 27.777 	 303.999
FD10870	194.000 	 27.786 	 304.073
FD10870	194.125 	 27.803 	 304.143
FD10870	194.250 	 27.819 	 304.210
FD10870	194.375 	 27.840 	 304.273
FD10870	194.500 	 27.865 	 304.334
FD10870	194.625 	 27.895 	 304.383
FD10870	194.750 	 27.930 	 304.421
FD10870	194.875 	 27.969 	 304.458
FD10870	195.000 	 28.010 	 304.490
FD10870	195.125 	 28.061 	 304.522
FD10870	195.250 	 28.113 	 304.555
FD10870	195.375 	 28.166 	 304.593
FD10870	195.500 	 28.226 	 304.637
FD10870	195.625 	 28.287 	 304.688
FD10870	195.750 	 28.355 	 304.742
FD10870	195.875 	 28.425 	 304.803
FD10870	196.000 	 28.494 	 304.865
FD10870	196.125 	 28.567 	 304.922
FD10870	196.250 	 28.644 	 304.970
FD10870	196.375 	 28.712 	 305.109
FD10870	196.500 	 28.781 	 305.237
FD10870	196.625 	 28.850 	 305.298
FD10870	196.750 	 28.912 	 305.579
FD10870	196.875 	 28.973 	 305.895
FD10870	197.000 	 29.035 	 305.978
FD10870	197.125 	 29.087 	 306.018
FD10870	197.250 	 29.140 	 306.155
FD10870	197.375 	 29.186 	 306.368
FD10870	197.500 	 29.233 	 306.383
FD10870	197.625 	 29.280 	 306.338
FD10870	197.750 	 29.321 	 306.320
FD10870	197.875 	 29.367 	 306.331
FD10870	198.000 	 29.403 	 306.491
FD10870	198.125 	 29.443 	 306.487
FD10870	198.250 	 29.483 	 306.397
FD10870	198.375 	 29.519 	 306.494
FD10870	198.500 	 29.562 	 306.581
FD10870	198.625 	 29.598 	 306.554
FD10870	198.750 	 29.635 	 306.696
FD10870	198.875 	 29.677 	 306.849
FD10870	199.000 	 29.714 	 306.787
FD10870	199.125 	 29.754 	 306.768
FD10870	199.250 	 29.796 	 306.981
FD10870	199.375 	 29.837 	 307.192
FD10870	199.500 	 29.879 	 307.218
FD10870	199.625 	 29.917 	 307.185
FD10870	199.750 	 29.960 	 307.224
FD10870	199.875 	 29.997 	 307.373
FD10870	200.000 	 30.042 	 307.383
FD10870	200.125 	 30.079 	 307.303
FD10870	200.250 	 30.119 	 307.381
FD10870	200.375 	 30.160 	 307.524
FD10870	200.500 	 30.203 	 307.605
FD10870	200.625 	 30.245 	 307.690
FD10870	200.750 	 30.293 	 307.875
FD10870	200.875 	 30.334 	 307.880
FD10870	201.000 	 30.382 	 307.722
FD10870	201.125 	 30.431 	 307.779
FD10870	201.250 	 30.476 	 308.032
FD10870	201.375 	 30.521 	 308.182
FD10870	201.500 	 30.566 	 308.116
FD10870	201.625 	 30.616 	 308.179
FD10870	201.750 	 30.659 	 308.347
FD10870	201.875 	 30.709 	 308.514
FD10870	202.000 	 30.754 	 308.597
FD10870	202.125 	 30.800 	 308.610
FD10870	202.250 	 30.849 	 308.701
FD10870	202.375 	 30.901 	 308.780
FD10870	202.500 	 30.948 	 308.732
FD10870	202.625 	 31.003 	 308.657
FD10870	202.750 	 31.054 	 308.785
FD10870	202.875 	 31.102 	 308.935
FD10870	203.000 	 31.158 	 308.985
FD10870	203.125 	 31.210 	 308.839
FD10870	203.250 	 31.259 	 308.762
FD10870	203.375 	 31.312 	 308.907
FD10870	203.500 	 31.364 	 308.968
FD10870	203.625 	 31.416 	 308.839
FD10870	203.750 	 31.471 	 308.822
FD10870	203.875 	 31.526 	 309.068
FD10870	204.000 	 31.588 	 309.178
FD10870	204.125 	 31.647 	 308.998
FD10870	204.250 	 31.708 	 308.889
FD10870	204.375 	 31.767 	 309.054
FD10870	204.500 	 31.827 	 309.162
FD10870	204.625 	 31.884 	 308.984
FD10870	204.750 	 31.938 	 308.788
FD10870	204.875 	 31.994 	 308.838
FD10870	205.000 	 32.052 	 308.950
FD10870	205.125 	 32.108 	 309.011
FD10870	205.250 	 32.162 	 308.896
FD10870	205.375 	 32.220 	 308.785
FD10870	205.500 	 32.272 	 309.041
FD10870	205.625 	 32.329 	 309.098
FD10870	205.750 	 32.381 	 308.895
FD10870	205.875 	 32.429 	 308.984
FD10870	206.000 	 32.481 	 309.122
FD10870	206.125 	 32.521 	 309.092
FD10870	206.250 	 32.572 	 308.993
FD10870	206.375 	 32.611 	 308.908
FD10870	206.500 	 32.662 	 309.023
FD10870	206.625 	 32.702 	 309.156
FD10870	206.750 	 32.758 	 309.034
FD10870	206.875 	 32.810 	 309.059
FD10870	207.000 	 32.864 	 309.371
FD10870	207.125 	 32.917 	 309.398
FD10870	207.250 	 32.977 	 309.182
FD10870	207.375 	 33.032 	 309.172
FD10870	207.500 	 33.091 	 309.259
FD10870	207.625 	 33.145 	 309.216
FD10870	207.750 	 33.200 	 309.094
FD10870	207.875 	 33.259 	 309.267
FD10870	208.000 	 33.314 	 309.592
FD10870	208.125 	 33.374 	 309.613
FD10870	208.250 	 33.427 	 309.598
FD10870	208.375 	 33.485 	 309.761
FD10870	208.500 	 33.533 	 309.790
FD10870	208.625 	 33.588 	 309.794
FD10870	208.750 	 33.640 	 309.967
FD10870	208.875 	 33.685 	 309.952
FD10870	209.000 	 33.739 	 309.897
FD10870	209.125 	 33.785 	 309.971
FD10870	209.250 	 33.838 	 309.887
FD10870	209.375 	 33.883 	 309.894
FD10870	209.500 	 33.931 	 309.915
FD10870	209.625 	 33.978 	 309.816
FD10870	209.750 	 34.022 	 309.774
FD10870	209.875 	 34.067 	 309.755
FD10870	210.000 	 34.110 	 309.797
FD10870	210.125 	 34.156 	 309.865
FD10870	210.250 	 34.199 	 309.868
FD10870	210.375 	 34.236 	 309.828
FD10870	210.500 	 34.280 	 309.905
FD10870	210.625 	 34.318 	 310.132
FD10870	210.750 	 34.354 	 310.139
FD10870	210.875 	 34.389 	 310.010
FD10870	211.000 	 34.416 	 310.113
FD10870	211.125 	 34.442 	 310.153
FD10870	211.250 	 34.465 	 310.092
FD10870	211.375 	 34.488 	 310.264
FD10870	211.500 	 34.506 	 310.391
FD10870	211.625 	 34.528 	 310.267
FD10870	211.750 	 34.550 	 310.289
FD10870	211.875 	 34.569 	 310.336
FD10870	212.000 	 34.595 	 310.291
FD10870	212.125 	 34.608 	 310.272
FD10870	212.250 	 34.633 	 310.201
FD10870	212.375 	 34.650 	 310.108
FD10870	212.500 	 34.667 	 310.032
FD10870	212.625 	 34.689 	 310.059
FD10870	212.750 	 34.712 	 310.152
FD10870	212.875 	 34.735 	 310.186
FD10870	213.000 	 34.753 	 310.183
FD10870	213.125 	 34.779 	 310.353
FD10870	213.250 	 34.798 	 310.396
FD10870	213.375 	 34.814 	 310.277
FD10870	213.500 	 34.832 	 310.257
FD10870	213.625 	 34.840 	 310.282
FD10870	213.750 	 34.857 	 310.422
FD10870	213.875 	 34.862 	 310.444
FD10870	214.000 	 34.871 	 310.470
FD10870	214.125 	 34.879 	 310.578
FD10870	214.250 	 34.877 	 310.561
FD10870	214.375 	 34.884 	 310.568
FD10870	214.500 	 34.883 	 310.510
FD10870	214.625 	 34.884 	 310.257
FD10870	214.750 	 34.884 	 310.233
FD10870	214.875 	 34.881 	 310.344
FD10870	215.000 	 34.880 	 310.279
FD10870	215.125 	 34.876 	 310.218
FD10870	215.250 	 34.881 	 310.333
FD10870	215.375 	 34.878 	 310.413
FD10870	215.500 	 34.883 	 310.297
FD10870	215.625 	 34.885 	 310.283
FD10870	215.750 	 34.890 	 310.470
FD10870	215.875 	 34.888 	 310.414
FD10870	216.000 	 34.894 	 310.111
FD10870	216.125 	 34.897 	 310.129
FD10870	216.250 	 34.903 	 310.477
FD10870	216.375 	 34.902 	 310.725
FD10870	216.500 	 34.910 	 310.730
FD10870	216.625 	 34.918 	 310.612
FD10870	216.750 	 34.922 	 310.572
FD10870	216.875 	 34.931 	 310.631
FD10870	217.000 	 34.933 	 310.583
FD10870	217.125 	 34.934 	 310.529
FD10870	217.250 	 34.934 	 310.638
FD10870	217.375 	 34.934 	 310.586
FD10870	217.500 	 34.939 	 310.416
FD10870	217.625 	 34.938 	 310.554
FD10870	217.750 	 34.945 	 310.666
FD10870	217.875 	 34.955 	 310.737
FD10870	218.000 	 34.961 	 310.923
FD10870	218.125 	 34.975 	 310.841
FD10870	218.250 	 34.983 	 310.612
FD10870	218.375 	 34.996 	 310.635
FD10870	218.500 	 35.008 	 310.878
FD10870	218.625 	 35.024 	 310.843
FD10870	218.750 	 35.032 	 310.778
FD10870	218.875 	 35.044 	 310.942
FD10870	219.000 	 35.057 	 310.955
FD10870	219.125 	 35.074 	 310.897
FD10870	219.250 	 35.084 	 310.886
FD10870	219.375 	 35.103 	 310.936
FD10870	219.500 	 35.117 	 310.959
FD10870	219.625 	 35.133 	 310.924
FD10870	219.750 	 35.142 	 310.955
FD10870	219.875 	 35.152 	 311.100
FD10870	220.000 	 35.161 	 311.144
FD10870	220.125 	 35.168 	 311.049
FD10870	220.250 	 35.174 	 311.055
FD10870	220.375 	 35.177 	 311.158
FD10870	220.500 	 35.180 	 311.185
FD10870	220.625 	 35.189 	 311.191
FD10870	220.750 	 35.194 	 311.177
FD10870	220.875 	 35.193 	 311.187
FD10870	221.000 	 35.199 	 311.271
FD10870	221.125 	 35.203 	 311.330
FD10870	221.250 	 35.207 	 311.369
FD10870	221.375 	 35.205 	 311.316
FD10870	221.500 	 35.204 	 311.223
FD10870	221.625 	 35.207 	 311.267
FD10870	221.750 	 35.202 	 311.403
FD10870	221.875 	 35.199 	 311.387
FD10870	222.000 	 35.194 	 311.342
FD10870	222.125 	 35.196 	 311.368
FD10870	222.250 	 35.189 	 311.478
FD10870	222.375 	 35.186 	 311.506
FD10870	222.500 	 35.179 	 311.429
FD10870	222.625 	 35.175 	 311.503
FD10870	222.750 	 35.165 	 311.516
FD10870	222.875 	 35.157 	 311.420
FD10870	223.000 	 35.150 	 311.416
FD10870	223.125 	 35.140 	 311.558
FD10870	223.250 	 35.129 	 311.630
FD10870	223.375 	 35.123 	 311.550
FD10870	223.500 	 35.114 	 311.648
FD10870	223.625 	 35.105 	 311.745
FD10870	223.750 	 35.095 	 311.822
FD10870	223.875 	 35.091 	 311.822
FD10870	224.000 	 35.086 	 311.729
FD10870	224.125 	 35.074 	 311.768
FD10870	224.250 	 35.073 	 311.715
FD10870	224.375 	 35.059 	 311.684
FD10870	224.500 	 35.056 	 311.740
FD10870	224.625 	 35.049 	 311.729
FD10870	224.750 	 35.036 	 311.658
FD10870	224.875 	 35.031 	 311.724
FD10870	225.000 	 35.029 	 311.974
FD10870	225.125 	 35.026 	 311.958
FD10870	225.250 	 35.022 	 311.775
FD10870	225.375 	 35.026 	 311.830
FD10870	225.500 	 35.024 	 311.895
FD10870	225.625 	 35.030 	 311.885
FD10870	225.750 	 35.036 	 311.776
FD10870	225.875 	 35.034 	 311.630
FD10870	226.000 	 35.039 	 311.697
FD10870	226.125 	 35.043 	 311.801
FD10870	226.250 	 35.043 	 311.809
FD10870	226.375 	 35.043 	 311.816
FD10870	226.500 	 35.044 	 311.805
FD10870	226.625 	 35.050 	 311.836
FD10870	226.750 	 35.048 	 311.869
FD10870	226.875 	 35.056 	 311.888
FD10870	227.000 	 35.063 	 311.817
FD10870	227.125 	 35.067 	 311.730
FD10870	227.250 	 35.069 	 311.797
FD10870	227.375 	 35.074 	 311.787
FD10870	227.500 	 35.072 	 311.605
FD10870	227.625 	 35.078 	 311.512
FD10870	227.750 	 35.080 	 311.440
FD10870	227.875 	 35.088 	 311.436
FD10870	228.000 	 35.092 	 311.629
FD10870	228.125 	 35.102 	 311.734
FD10870	228.250 	 35.114 	 311.592
FD10870	228.375 	 35.126 	 311.512
FD10870	228.500 	 35.143 	 311.555
FD10870	228.625 	 35.163 	 311.466
FD10870	228.750 	 35.179 	 311.458
FD10870	228.875 	 35.201 	 311.524
FD10870	229.000 	 35.224 	 311.471
FD10870	229.125 	 35.248 	 311.396
FD10870	229.250 	 35.273 	 311.395
FD10870	229.375 	 35.296 	 311.367
FD10870	229.500 	 35.314 	 311.333
FD10870	229.625 	 35.337 	 311.390
FD10870	229.750 	 35.358 	 311.472
FD10870	229.875 	 35.377 	 311.421
FD10870	230.000 	 35.387 	 311.307
FD10870	230.125 	 35.401 	 311.423
FD10870	230.250 	 35.405 	 311.665
FD10870	230.375 	 35.406 	 311.677
FD10870	230.500 	 35.405 	 311.687
FD10870	230.625 	 35.398 	 311.703
FD10870	230.750 	 35.396 	 311.757
FD10870	230.875 	 35.389 	 311.903
FD10870	231.000 	 35.373 	 312.001
FD10870	231.125 	 35.358 	 312.089
FD10870	231.250 	 35.339 	 312.071
FD10870	231.375 	 35.326 	 311.997
FD10870	231.500 	 35.302 	 311.833
FD10870	231.625 	 35.283 	 311.630
FD10870	231.750 	 35.261 	 311.592
FD10870	231.875 	 35.241 	 311.745
FD10870	232.000 	 35.224 	 311.746
FD10870	232.125 	 35.212 	 311.604
FD10870	232.250 	 35.199 	 311.665
FD10870	232.375 	 35.190 	 311.745
FD10870	232.500 	 35.188 	 311.675
FD10870	232.625 	 35.185 	 311.658
FD10870	232.750 	 35.182 	 311.656
FD10870	232.875 	 35.184 	 311.571
FD10870	233.000 	 35.188 	 311.575
FD10870	233.125 	 35.191 	 311.542
FD10870	233.250 	 35.201 	 311.398
FD10870	233.375 	 35.205 	 311.410
FD10870	233.500 	 35.221 	 311.406
FD10870	233.625 	 35.233 	 311.348
FD10870	233.750 	 35.240 	 311.350
FD10870	233.875 	 35.250 	 311.305
FD10870	234.000 	 35.260 	 311.186
FD10870	234.125 	 35.264 	 311.196
FD10870	234.250 	 35.270 	 311.426
FD10870	234.375 	 35.265 	 311.409
FD10870	234.500 	 35.267 	 311.308
FD10870	234.625 	 35.255 	 311.344
FD10870	234.750 	 35.250 	 311.327
FD10870	234.875 	 35.243 	 311.489
FD10870	235.000 	 35.229 	 311.470
FD10870	235.125 	 35.214 	 311.427
FD10870	235.250 	 35.200 	 311.525
FD10870	235.375 	 35.186 	 311.456
FD10870	235.500 	 35.166 	 311.373
FD10870	235.625 	 35.152 	 311.195
FD10870	235.750 	 35.137 	 311.087
FD10870	235.875 	 35.119 	 311.269
FD10870	236.000 	 35.110 	 311.377
FD10870	236.125 	 35.096 	 311.330
FD10870	236.250 	 35.092 	 311.490
FD10870	236.375 	 35.090 	 311.568
FD10870	236.500 	 35.089 	 311.521
FD10870	236.625 	 35.091 	 311.575
FD10870	236.750 	 35.093 	 311.612
FD10870	236.875 	 35.091 	 311.558
FD10870	237.000 	 35.091 	 311.510
FD10870	237.125 	 35.083 	 311.575
FD10870	237.250 	 35.085 	 311.629
FD10870	237.375 	 35.073 	 311.652
FD10870	237.500 	 35.075 	 311.761
FD10870	237.625 	 35.067 	 311.890
FD10870	237.750 	 35.058 	 311.909
FD10870	237.875 	 35.051 	 311.939
FD10870	238.000 	 35.035 	 311.924
FD10870	238.125 	 35.026 	 311.747
FD10870	238.250 	 35.009 	 311.616
FD10870	238.375 	 34.995 	 311.610
FD10870	238.500 	 34.981 	 311.517
FD10870	238.625 	 34.960 	 311.555
FD10870	238.750 	 34.943 	 311.645
FD10870	238.875 	 34.928 	 311.501
FD10870	239.000 	 34.909 	 311.493
FD10870	239.125 	 34.896 	 311.426
FD10870	239.250 	 34.884 	 311.240
FD10870	239.375 	 34.873 	 311.289
FD10870	239.500 	 34.870 	 311.356
FD10870	239.625 	 34.864 	 311.377
FD10870	239.750 	 34.869 	 311.409
FD10870	239.875 	 34.869 	 311.344
FD10870	240.000 	 34.867 	 311.159
FD10870	240.125 	 34.876 	 311.300
FD10870	240.250 	 34.873 	 311.571
FD10870	240.375 	 34.872 	 311.591
FD10870	240.500 	 34.871 	 311.430
FD10870	240.625 	 34.865 	 311.450
FD10870	240.750 	 34.871 	 311.592
FD10870	240.875 	 34.879 	 311.684
FD10870	241.000 	 34.884 	 311.657
FD10870	241.125 	 34.889 	 311.506
FD10870	241.250 	 34.896 	 311.551
FD10870	241.375 	 34.898 	 311.588
FD10870	241.500 	 34.896 	 311.616
FD10870	241.625 	 34.895 	 311.511
FD10870	241.750 	 34.885 	 311.469
FD10870	241.875 	 34.881 	 311.461
FD10870	242.000 	 34.873 	 311.469
FD10870	242.125 	 34.869 	 311.560
FD10870	242.250 	 34.860 	 311.489
FD10870	242.375 	 34.858 	 311.410
FD10870	242.500 	 34.858 	 311.614
FD10870	242.625 	 34.862 	 311.715
FD10870	242.750 	 34.871 	 311.864
FD10870	242.875 	 34.875 	 311.984
FD10870	243.000 	 34.884 	 311.762
FD10870	243.125 	 34.890 	 311.712
FD10870	243.250 	 34.889 	 311.724
FD10870	243.375 	 34.894 	 311.651
FD10870	243.500 	 34.896 	 311.559
FD10870	243.625 	 34.898 	 311.633
FD10870	243.750 	 34.905 	 311.725
FD10870	243.875 	 34.902 	 311.745
FD10870	244.000 	 34.913 	 311.848
FD10870	244.125 	 34.914 	 311.973
FD10870	244.250 	 34.922 	 312.094
FD10870	244.375 	 34.933 	 312.028
FD10870	244.500 	 34.940 	 311.912
FD10870	244.625 	 34.937 	 311.974
FD10870	244.750 	 34.942 	 311.962
FD10870	244.875 	 34.940 	 312.031
FD10870	245.000 	 34.934 	 312.276
FD10870	245.125 	 34.928 	 312.234
FD10870	245.250 	 34.930 	 312.202
FD10870	245.375 	 34.932 	 312.349
FD10870	245.500 	 34.935 	 312.354
FD10870	245.625 	 34.940 	 312.356
FD10870	245.750 	 34.936 	 312.349
FD10870	245.875 	 34.942 	 312.345
FD10870	246.000 	 34.944 	 312.344
FD10870	246.125 	 34.946 	 312.344
FD10870	246.250 	 34.947 	 312.343
FD10870	246.375 	 34.946 	 312.345
FD10870	246.500 	 34.947 	 312.338
FD10870	246.625 	 34.951 	 312.305
FD10870	246.750 	 34.947 	 312.257
FD10870	246.875 	 34.947 	 312.233
FD10870	247.000 	 34.947 	 312.234
FD10870	247.125 	 34.951 	 312.234
FD10870	247.250 	 34.947 	 312.229
FD10870	247.375 	 34.947 	 312.223
FD10870	247.500 	 34.947 	 312.223
FD10870	247.625 	 34.952 	 312.222
FD10870	247.750 	 34.947 	 312.223
FD10870	247.875 	 34.947 	 312.223
FD10870	248.000 	 34.947 	 312.224
FD10870	248.125 	 34.952 	 312.221
FD10870	248.250 	 34.947 	 312.223
FD10870	248.375 	 34.947 	 312.224
FD10870	248.500 	 34.948 	 312.221
FD10870	248.625 	 34.951 	 312.223
FD10870	248.750 	 34.947 	 312.224
FD10870	248.875 	 34.947 	 312.223
FD10870	249.000 	 34.948 	 312.221
FD10870	249.125 	 34.951 	 312.224
FD10870	249.250 	 34.947 	 312.223
FD10870	249.375 	 34.947 	 312.223
FD10870	249.500 	 34.948 	 312.222
FD10870	249.625 	 34.951 	 312.223
FD10870	249.750 	 34.947 	 312.223
FD10870	249.875 	 34.948 	 312.222
FD10870	250.000 	 34.947 	 312.223
FD10870	250.125 	 34.951 	 312.224
FD10870	250.250 	 34.947 	 312.223
FD10870	250.375 	 34.948 	 312.221
FD10870	250.500 	 34.947 	 312.224
FD10870	250.625 	 34.951 	 312.223
FD10870	250.750 	 34.947 	 312.223
FD10870	250.875 	 34.948 	 312.222
FD10870	251.000 	 34.947 	 312.223
FD10870	251.125 	 34.951 	 312.223
FD10870	251.250 	 34.948 	 312.222
FD10870	251.375 	 34.947 	 312.223
FD10870	251.500 	 34.947 	 312.223
FD10870	251.625 	 34.947 	 312.224
FD10870	251.750 	 34.952 	 312.221
FD10870	251.875 	 34.947 	 312.223
FD10870	252.000 	 34.947 	 312.224
FD10870	252.125 	 34.947 	 312.223
FD10870	252.250 	 34.952 	 312.221
FD10870	252.375 	 34.947 	 312.224
FD10870	252.500 	 34.947 	 312.223
FD10870	252.625 	 34.948 	 312.221
FD10870	252.750 	 34.951 	 312.224
FD10870	252.875 	 34.947 	 312.223
FD10870	253.000 	 34.947 	 312.223
FD10870	253.125 	 34.948 	 312.222
FD10870	253.250 	 34.951 	 312.223
FD10870	253.375 	 34.947 	 312.223
FD10870	253.500 	 34.948 	 312.222
FD10870	253.625 	 34.947 	 312.223
FD10870	253.750 	 34.951 	 312.223
FD10870	253.875 	 34.947 	 312.224
FD10870	254.000 	 34.948 	 312.221
FD10870	254.125 	 34.947 	 312.223
FD10870	254.250 	 34.951 	 312.224
FD10870	254.375 	 34.947 	 312.223
FD10870	254.500 	 34.948 	 312.221
FD10870	254.625 	 34.947 	 312.224
FD10870	254.750 	 34.951 	 312.223
FD10870	254.875 	 34.948 	 312.221
FD10870	255.000 	 34.947 	 312.224
FD10870	255.125 	 34.947 	 312.223
FD10870	255.250 	 34.951 	 312.223
FD10870	255.375 	 34.948 	 312.222
FD10870	255.500 	 34.947 	 312.223
FD10870	255.625 	 34.947 	 312.223
FD10870	255.750 	 34.951 	 312.224
FD10870	255.875 	 34.948 	 312.221
FD10870	256.000 	 34.947 	 312.223
FD10870	256.125 	 34.947 	 312.224
FD10870	256.250 	 34.952 	 312.221
FD10870	256.375 	 34.947 	 312.223
FD10870	256.500 	 34.947 	 312.224
FD10870	256.625 	 34.947 	 312.223
FD10870	256.750 	 34.952 	 312.221
FD10870	256.875 	 34.947 	 312.224
FD10870	257.000 	 34.947 	 312.223
FD10870	257.125 	 0.000 	 90.000
FD10870	257.250 	 0.000 	 90.000
FD10870	257.375 	 0.000 	 90.000
FD10870	257.500 	 0.000 	 90.000
FD10870	257.625 	 0.000 	 90.000
FD10870	257.750 	 0.000 	 90.000
FD10870	257.875 	 0.000 	 90.000
FD10870	258.000 	 0.000 	 90.000
FD10870	258.125 	 0.000 	 90.000
FD10870	258.250 	 0.000 	 90.000
FD10870	258.375 	 0.000 	 90.000
FD10870	258.500 	 0.000 	 90.000
FD10870	258.625 	 0.000 	 90.000
FD10870	258.750 	 0.000 	 90.000
FD10870	258.875 	 0.000 	 90.000
FD10870	259.000 	 0.000 	 90.000
FD10870	259.125 	 0.000 	 90.000
FD10870	259.250 	 0.000 	 90.000
FD10870	259.375 	 0.000 	 90.000
FD10870	259.500 	 0.000 	 90.000
FD10870	259.625 	 0.000 	 90.000
FD10870	259.750 	 0.000 	 90.000
FD10870	259.875 	 0.000 	 90.000
FD10870	260.000 	 0.000 	 90.000
FD10870	260.125 	 0.000 	 90.000
FD10870	260.250 	 0.000 	 90.000
FD10870	260.375 	 0.000 	 90.000
FD10870	260.500 	 0.000 	 90.000
FD10870	260.625 	 0.000 	 90.000
FD10870	260.750 	 0.000 	 90.000
FD10870	260.875 	 0.000 	 90.000
FD10870	261.000 	 0.000 	 90.000
FD10870	261.125 	 0.000 	 90.000
FD10870	261.250 	 0.000 	 90.000
FD10870	261.375 	 0.000 	 90.000
FD10870	261.500 	 0.000 	 90.000
FD10870	261.625 	 0.000 	 90.000
FD10870	261.750 	 0.000 	 90.000
FD10870	261.875 	 0.000 	 90.000
FD10870	262.000 	 0.000 	 90.000
FD10870	262.125 	 0.000 	 90.000
FD10870	262.250 	 0.000 	 90.000
FD10870	262.375 	 0.000 	 90.000
FD10870	262.500 	 0.000 	 90.000
FD10870	262.625 	 0.000 	 90.000
FD10870	262.750 	 0.000 	 90.000
FD10870	262.875 	 0.000 	 90.000
FD10870	263.000 	 0.000 	 90.000
FD10870	263.125 	 0.000 	 90.000
FD10870	263.250 	 0.000 	 90.000
FD10870	263.375 	 0.000 	 90.000
FD10870	263.500 	 0.000 	 90.000
FD10870	263.625 	 0.000 	 90.000
FD10870	263.750 	 0.000 	 90.000
FD10870	263.875 	 0.000 	 90.000
FD10870	264.000 	 0.000 	 90.000
FD10870	264.125 	 0.000 	 90.000
FD10870	264.250 	 0.000 	 90.000
FD10870	264.375 	 0.000 	 90.000
FD10870	264.500 	 0.000 	 90.000
FD10870	264.625 	 0.000 	 90.000
FD10870	264.750 	 0.000 	 90.000
FD10870	264.875 	 0.000 	 90.000
FD10870	265.000 	 0.000 	 90.000
FD10870	265.125 	 0.000 	 90.000
FD10870	265.250 	 0.000 	 90.000
FD10870	265.375 	 0.000 	 90.000
FD10870	265.500 	 0.000 	 90.000
FD10870	265.625 	 0.000 	 90.000
FD10870	265.750 	 0.000 	 90.000
FD10870	265.875 	 0.000 	 90.000
FD10870	266.000 	 0.000 	 90.000
FD10870	266.125 	 0.000 	 90.000
FD10870	266.250 	 0.000 	 90.000
FD10870	266.375 	 0.000 	 90.000
FD10870	266.500 	 0.000 	 90.000
FD10870	266.625 	 0.000 	 90.000
FD10870	266.750 	 0.000 	 90.000
FD10870	266.875 	 0.000 	 90.000
FD10870	267.000 	 0.000 	 90.000
FD10870	267.125 	 0.000 	 90.000
FD10870	267.250 	 0.000 	 90.000
FD10870	267.375 	 0.000 	 90.000
FD10870	267.500 	 0.000 	 90.000
FD10870	267.625 	 0.000 	 90.000
FD10870	267.750 	 0.000 	 90.000
FD10870	267.875 	 0.000 	 90.000
FD10870	268.000 	 0.000 	 90.000
