#WellName	 Depth.M	 INCL	 AZIM 
WellName	 Depth.M	 INCL	 AZIM 
FD10895	0.000 	 0.000 	 0.000
FD10895	0.125 	 0.000 	 90.000
FD10895	0.250 	 0.000 	 90.000
FD10895	0.375 	 0.000 	 90.000
FD10895	0.500 	 0.000 	 90.000
FD10895	0.625 	 0.000 	 90.000
FD10895	0.750 	 0.000 	 90.000
FD10895	0.875 	 0.000 	 90.000
FD10895	1.000 	 0.000 	 90.000
FD10895	1.125 	 0.000 	 90.000
FD10895	1.250 	 0.000 	 90.000
FD10895	1.375 	 0.000 	 90.000
FD10895	1.500 	 0.000 	 90.000
FD10895	1.625 	 0.000 	 90.000
FD10895	1.750 	 0.000 	 90.000
FD10895	1.875 	 0.000 	 90.000
FD10895	2.000 	 0.000 	 90.000
FD10895	2.125 	 0.000 	 90.000
FD10895	2.250 	 0.000 	 90.000
FD10895	2.375 	 0.000 	 90.000
FD10895	2.500 	 0.000 	 90.000
FD10895	2.625 	 0.000 	 90.000
FD10895	2.750 	 0.000 	 90.000
FD10895	2.875 	 0.000 	 90.000
FD10895	3.000 	 0.000 	 90.000
FD10895	3.125 	 0.000 	 90.000
FD10895	3.250 	 0.000 	 90.000
FD10895	3.375 	 0.000 	 90.000
FD10895	3.500 	 0.000 	 90.000
FD10895	3.625 	 0.000 	 90.000
FD10895	3.750 	 0.000 	 90.000
FD10895	3.875 	 0.000 	 90.000
FD10895	4.000 	 0.000 	 90.000
FD10895	4.125 	 0.000 	 90.000
FD10895	4.250 	 0.000 	 90.000
FD10895	4.375 	 0.000 	 90.000
FD10895	4.500 	 0.000 	 90.000
FD10895	4.625 	 0.000 	 90.000
FD10895	4.750 	 0.000 	 90.000
FD10895	4.875 	 0.000 	 90.000
FD10895	5.000 	 0.000 	 90.000
FD10895	5.125 	 0.000 	 90.000
FD10895	5.250 	 0.000 	 90.000
FD10895	5.375 	 0.000 	 90.000
FD10895	5.500 	 0.000 	 90.000
FD10895	5.625 	 0.000 	 90.000
FD10895	5.750 	 0.000 	 90.000
FD10895	5.875 	 0.000 	 90.000
FD10895	6.000 	 0.000 	 90.000
FD10895	6.125 	 0.000 	 90.000
FD10895	6.250 	 0.000 	 90.000
FD10895	6.375 	 0.000 	 90.000
FD10895	6.500 	 0.000 	 90.000
FD10895	6.625 	 0.000 	 90.000
FD10895	6.750 	 0.000 	 90.000
FD10895	6.875 	 0.000 	 90.000
FD10895	7.000 	 0.000 	 90.000
FD10895	7.125 	 0.000 	 90.000
FD10895	7.250 	 0.000 	 90.000
FD10895	7.375 	 0.000 	 90.000
FD10895	7.500 	 0.000 	 90.000
FD10895	7.625 	 0.000 	 90.000
FD10895	7.750 	 0.000 	 90.000
FD10895	7.875 	 0.000 	 90.000
FD10895	8.000 	 0.000 	 90.000
FD10895	8.125 	 0.000 	 90.000
FD10895	8.250 	 0.000 	 90.000
FD10895	8.375 	 0.000 	 90.000
FD10895	8.500 	 0.000 	 90.000
FD10895	8.625 	 0.000 	 90.000
FD10895	8.750 	 0.000 	 90.000
FD10895	8.875 	 0.000 	 90.000
FD10895	9.000 	 0.000 	 90.000
FD10895	9.125 	 0.000 	 90.000
FD10895	9.250 	 0.000 	 90.000
FD10895	9.375 	 0.000 	 90.000
FD10895	9.500 	 0.000 	 90.000
FD10895	9.625 	 0.000 	 90.000
FD10895	9.750 	 0.000 	 90.000
FD10895	9.875 	 0.000 	 90.000
FD10895	10.000 	 0.000 	 90.000
FD10895	10.125 	 0.000 	 90.000
FD10895	10.250 	 0.000 	 90.000
FD10895	10.375 	 0.000 	 90.000
FD10895	10.500 	 0.000 	 90.000
FD10895	10.625 	 0.000 	 90.000
FD10895	10.750 	 0.000 	 90.000
FD10895	10.875 	 0.000 	 90.000
FD10895	11.000 	 0.000 	 90.000
FD10895	11.125 	 0.000 	 90.000
FD10895	11.250 	 0.000 	 90.000
FD10895	11.375 	 0.000 	 90.000
FD10895	11.500 	 0.000 	 90.000
FD10895	11.625 	 0.000 	 90.000
FD10895	11.750 	 0.000 	 90.000
FD10895	11.875 	 0.000 	 90.000
FD10895	12.000 	 0.000 	 90.000
FD10895	12.125 	 0.000 	 90.000
FD10895	12.250 	 0.000 	 90.000
FD10895	12.375 	 0.000 	 90.000
FD10895	12.500 	 0.000 	 90.000
FD10895	12.625 	 0.000 	 90.000
FD10895	12.750 	 0.000 	 90.000
FD10895	12.875 	 0.000 	 90.000
FD10895	13.000 	 0.000 	 90.000
FD10895	13.125 	 0.000 	 90.000
FD10895	13.250 	 0.000 	 90.000
FD10895	13.375 	 0.000 	 90.000
FD10895	13.500 	 0.000 	 90.000
FD10895	13.625 	 0.000 	 90.000
FD10895	13.750 	 0.000 	 90.000
FD10895	13.875 	 0.000 	 90.000
FD10895	14.000 	 0.000 	 90.000
FD10895	14.125 	 0.000 	 90.000
FD10895	14.250 	 0.000 	 90.000
FD10895	14.375 	 0.000 	 90.000
FD10895	14.500 	 0.000 	 90.000
FD10895	14.625 	 0.000 	 90.000
FD10895	14.750 	 0.000 	 90.000
FD10895	14.875 	 0.000 	 90.000
FD10895	15.000 	 0.000 	 90.000
FD10895	15.125 	 0.000 	 90.000
FD10895	15.250 	 0.000 	 90.000
FD10895	15.375 	 0.000 	 90.000
FD10895	15.500 	 0.000 	 90.000
FD10895	15.625 	 0.000 	 90.000
FD10895	15.750 	 0.000 	 90.000
FD10895	15.875 	 0.000 	 90.000
FD10895	16.000 	 0.000 	 90.000
FD10895	16.125 	 0.000 	 90.000
FD10895	16.250 	 0.000 	 90.000
FD10895	16.375 	 0.000 	 90.000
FD10895	16.500 	 0.000 	 90.000
FD10895	16.625 	 0.000 	 90.000
FD10895	16.750 	 0.000 	 90.000
FD10895	16.875 	 0.000 	 90.000
FD10895	17.000 	 0.000 	 90.000
FD10895	17.125 	 0.000 	 90.000
FD10895	17.250 	 0.000 	 90.000
FD10895	17.375 	 0.000 	 90.000
FD10895	17.500 	 0.000 	 90.000
FD10895	17.625 	 0.000 	 90.000
FD10895	17.750 	 0.000 	 90.000
FD10895	17.875 	 0.000 	 90.000
FD10895	18.000 	 0.000 	 90.000
FD10895	18.125 	 0.000 	 90.000
FD10895	18.250 	 0.000 	 90.000
FD10895	18.375 	 0.000 	 90.000
FD10895	18.500 	 0.000 	 90.000
FD10895	18.625 	 0.000 	 90.000
FD10895	18.750 	 0.000 	 90.000
FD10895	18.875 	 0.000 	 90.000
FD10895	19.000 	 0.000 	 90.000
FD10895	19.125 	 0.000 	 90.000
FD10895	19.250 	 0.000 	 90.000
FD10895	19.375 	 0.000 	 90.000
FD10895	19.500 	 0.000 	 90.000
FD10895	19.625 	 0.000 	 90.000
FD10895	19.750 	 0.000 	 90.000
FD10895	19.875 	 0.000 	 90.000
FD10895	20.000 	 0.000 	 90.000
FD10895	20.125 	 0.000 	 90.000
FD10895	20.250 	 0.000 	 90.000
FD10895	20.375 	 0.000 	 90.000
FD10895	20.500 	 0.000 	 90.000
FD10895	20.625 	 0.000 	 90.000
FD10895	20.750 	 0.000 	 90.000
FD10895	20.875 	 0.000 	 90.000
FD10895	21.000 	 0.000 	 90.000
FD10895	21.125 	 0.000 	 90.000
FD10895	21.250 	 0.000 	 90.000
FD10895	21.375 	 0.000 	 90.000
FD10895	21.500 	 0.000 	 90.000
FD10895	21.625 	 0.000 	 90.000
FD10895	21.750 	 0.000 	 90.000
FD10895	21.875 	 0.000 	 90.000
FD10895	22.000 	 0.000 	 90.000
FD10895	22.125 	 0.000 	 90.000
FD10895	22.250 	 0.000 	 90.000
FD10895	22.375 	 0.000 	 90.000
FD10895	22.500 	 0.000 	 90.000
FD10895	22.625 	 0.000 	 90.000
FD10895	22.750 	 0.000 	 90.000
FD10895	22.875 	 0.000 	 90.000
FD10895	23.000 	 0.000 	 90.000
FD10895	23.125 	 0.794 	 245.077
FD10895	23.250 	 0.794 	 245.312
FD10895	23.375 	 0.794 	 245.540
FD10895	23.500 	 0.794 	 245.758
FD10895	23.625 	 0.794 	 245.958
FD10895	23.750 	 0.794 	 246.135
FD10895	23.875 	 0.794 	 246.290
FD10895	24.000 	 0.794 	 246.433
FD10895	24.125 	 0.794 	 246.572
FD10895	24.250 	 0.794 	 246.715
FD10895	24.375 	 0.794 	 246.866
FD10895	24.500 	 0.794 	 247.023
FD10895	24.625 	 0.794 	 247.183
FD10895	24.750 	 0.794 	 247.341
FD10895	24.875 	 0.795 	 247.493
FD10895	25.000 	 0.795 	 247.636
FD10895	25.125 	 0.795 	 247.776
FD10895	25.250 	 0.796 	 247.915
FD10895	25.375 	 0.798 	 248.054
FD10895	25.500 	 0.800 	 248.189
FD10895	25.625 	 0.802 	 248.313
FD10895	25.750 	 0.806 	 248.425
FD10895	25.875 	 0.809 	 248.526
FD10895	26.000 	 0.812 	 248.620
FD10895	26.125 	 0.816 	 248.708
FD10895	26.250 	 0.820 	 248.791
FD10895	26.375 	 0.823 	 248.870
FD10895	26.500 	 0.827 	 248.943
FD10895	26.625 	 0.830 	 249.017
FD10895	26.750 	 0.833 	 249.096
FD10895	26.875 	 0.837 	 249.177
FD10895	27.000 	 0.839 	 249.254
FD10895	27.125 	 0.842 	 249.318
FD10895	27.250 	 0.846 	 249.359
FD10895	27.375 	 0.849 	 249.380
FD10895	27.500 	 0.853 	 249.389
FD10895	27.625 	 0.856 	 249.396
FD10895	27.750 	 0.859 	 249.416
FD10895	27.875 	 0.863 	 249.456
FD10895	28.000 	 0.865 	 249.520
FD10895	28.125 	 0.869 	 249.607
FD10895	28.250 	 0.871 	 249.711
FD10895	28.375 	 0.873 	 249.826
FD10895	28.500 	 0.874 	 249.942
FD10895	28.625 	 0.874 	 250.058
FD10895	28.750 	 0.875 	 250.169
FD10895	28.875 	 0.875 	 250.277
FD10895	29.000 	 0.875 	 250.384
FD10895	29.125 	 0.875 	 250.494
FD10895	29.250 	 0.875 	 250.610
FD10895	29.375 	 0.875 	 250.734
FD10895	29.500 	 0.875 	 250.862
FD10895	29.625 	 0.875 	 250.993
FD10895	29.750 	 0.875 	 251.125
FD10895	29.875 	 0.875 	 251.257
FD10895	30.000 	 0.875 	 251.388
FD10895	30.125 	 0.875 	 251.516
FD10895	30.250 	 0.875 	 251.638
FD10895	30.375 	 0.875 	 251.749
FD10895	30.500 	 0.875 	 251.848
FD10895	30.625 	 0.875 	 251.935
FD10895	30.750 	 0.875 	 252.013
FD10895	30.875 	 0.876 	 252.088
FD10895	31.000 	 0.877 	 252.168
FD10895	31.125 	 0.879 	 252.259
FD10895	31.250 	 0.882 	 252.357
FD10895	31.375 	 0.886 	 252.460
FD10895	31.500 	 0.891 	 252.555
FD10895	31.625 	 0.896 	 252.636
FD10895	31.750 	 0.901 	 252.702
FD10895	31.875 	 0.907 	 252.761
FD10895	32.000 	 0.912 	 252.829
FD10895	32.125 	 0.917 	 252.914
FD10895	32.250 	 0.921 	 253.018
FD10895	32.375 	 0.925 	 253.135
FD10895	32.500 	 0.926 	 253.258
FD10895	32.625 	 0.928 	 253.380
FD10895	32.750 	 0.928 	 253.498
FD10895	32.875 	 0.929 	 253.614
FD10895	33.000 	 0.929 	 253.727
FD10895	33.125 	 0.929 	 253.833
FD10895	33.250 	 0.929 	 253.928
FD10895	33.375 	 0.929 	 254.008
FD10895	33.500 	 0.929 	 254.066
FD10895	33.625 	 0.929 	 254.102
FD10895	33.750 	 0.929 	 254.111
FD10895	33.875 	 0.929 	 254.099
FD10895	34.000 	 0.929 	 254.072
FD10895	34.125 	 0.929 	 254.045
FD10895	34.250 	 0.929 	 254.030
FD10895	34.375 	 0.929 	 254.034
FD10895	34.500 	 0.929 	 254.060
FD10895	34.625 	 0.929 	 254.106
FD10895	34.750 	 0.929 	 254.175
FD10895	34.875 	 0.931 	 254.275
FD10895	35.000 	 0.932 	 254.413
FD10895	35.125 	 0.935 	 254.583
FD10895	35.250 	 0.939 	 254.770
FD10895	35.375 	 0.943 	 254.945
FD10895	35.500 	 0.949 	 255.078
FD10895	35.625 	 0.955 	 255.150
FD10895	35.750 	 0.961 	 255.155
FD10895	35.875 	 0.968 	 255.098
FD10895	36.000 	 0.975 	 254.998
FD10895	36.125 	 0.982 	 254.881
FD10895	36.250 	 0.990 	 254.778
FD10895	36.375 	 0.998 	 254.715
FD10895	36.500 	 1.007 	 254.702
FD10895	36.625 	 1.015 	 254.733
FD10895	36.750 	 1.023 	 254.783
FD10895	36.875 	 1.028 	 254.824
FD10895	37.000 	 1.033 	 254.836
FD10895	37.125 	 1.038 	 254.821
FD10895	37.250 	 1.042 	 254.800
FD10895	37.375 	 1.048 	 254.799
FD10895	37.500 	 1.057 	 254.840
FD10895	37.625 	 1.067 	 254.929
FD10895	37.750 	 1.080 	 255.055
FD10895	37.875 	 1.095 	 255.199
FD10895	38.000 	 1.113 	 255.343
FD10895	38.125 	 1.132 	 255.474
FD10895	38.250 	 1.152 	 255.593
FD10895	38.375 	 1.172 	 255.702
FD10895	38.500 	 1.192 	 255.802
FD10895	38.625 	 1.213 	 255.892
FD10895	38.750 	 1.236 	 255.968
FD10895	38.875 	 1.260 	 256.022
FD10895	39.000 	 1.286 	 256.059
FD10895	39.125 	 1.313 	 256.084
FD10895	39.250 	 1.343 	 256.106
FD10895	39.375 	 1.372 	 256.130
FD10895	39.500 	 1.401 	 256.156
FD10895	39.625 	 1.429 	 256.178
FD10895	39.750 	 1.453 	 256.185
FD10895	39.875 	 1.471 	 256.170
FD10895	40.000 	 1.487 	 256.131
FD10895	40.125 	 1.498 	 256.073
FD10895	40.250 	 1.508 	 256.009
FD10895	40.375 	 1.517 	 255.945
FD10895	40.500 	 1.527 	 255.883
FD10895	40.625 	 1.538 	 255.818
FD10895	40.750 	 1.550 	 255.739
FD10895	40.875 	 1.565 	 255.641
FD10895	41.000 	 1.580 	 255.533
FD10895	41.125 	 1.595 	 255.430
FD10895	41.250 	 1.613 	 255.354
FD10895	41.375 	 1.633 	 255.318
FD10895	41.500 	 1.655 	 255.319
FD10895	41.625 	 1.678 	 255.342
FD10895	41.750 	 1.703 	 255.359
FD10895	41.875 	 1.731 	 255.350
FD10895	42.000 	 1.758 	 255.299
FD10895	42.125 	 1.785 	 255.212
FD10895	42.250 	 1.811 	 255.104
FD10895	42.375 	 1.833 	 254.996
FD10895	42.500 	 1.851 	 254.910
FD10895	42.625 	 1.865 	 254.854
FD10895	42.750 	 1.877 	 254.828
FD10895	42.875 	 1.886 	 254.825
FD10895	43.000 	 1.894 	 254.835
FD10895	43.125 	 1.902 	 254.847
FD10895	43.250 	 1.912 	 254.861
FD10895	43.375 	 1.925 	 254.873
FD10895	43.500 	 1.940 	 254.890
FD10895	43.625 	 1.957 	 254.916
FD10895	43.750 	 1.978 	 254.959
FD10895	43.875 	 2.001 	 255.027
FD10895	44.000 	 2.027 	 255.127
FD10895	44.125 	 2.054 	 255.253
FD10895	44.250 	 2.081 	 255.389
FD10895	44.375 	 2.109 	 255.505
FD10895	44.500 	 2.137 	 255.572
FD10895	44.625 	 2.167 	 255.578
FD10895	44.750 	 2.196 	 255.536
FD10895	44.875 	 2.226 	 255.476
FD10895	45.000 	 2.256 	 255.426
FD10895	45.125 	 2.286 	 255.400
FD10895	45.250 	 2.317 	 255.389
FD10895	45.375 	 2.348 	 255.369
FD10895	45.500 	 2.378 	 255.316
FD10895	45.625 	 2.409 	 255.222
FD10895	45.750 	 2.439 	 255.089
FD10895	45.875 	 2.470 	 254.931
FD10895	46.000 	 2.500 	 254.768
FD10895	46.125 	 2.530 	 254.614
FD10895	46.250 	 2.559 	 254.486
FD10895	46.375 	 2.586 	 254.391
FD10895	46.500 	 2.612 	 254.336
FD10895	46.625 	 2.635 	 254.313
FD10895	46.750 	 2.654 	 254.310
FD10895	46.875 	 2.672 	 254.307
FD10895	47.000 	 2.687 	 254.286
FD10895	47.125 	 2.700 	 254.242
FD10895	47.250 	 2.714 	 254.179
FD10895	47.375 	 2.726 	 254.117
FD10895	47.500 	 2.739 	 254.075
FD10895	47.625 	 2.754 	 254.063
FD10895	47.750 	 2.772 	 254.078
FD10895	47.875 	 2.794 	 254.104
FD10895	48.000 	 2.819 	 254.125
FD10895	48.125 	 2.848 	 254.124
FD10895	48.250 	 2.877 	 254.097
FD10895	48.375 	 2.908 	 254.043
FD10895	48.500 	 2.940 	 253.973
FD10895	48.625 	 2.972 	 253.908
FD10895	48.750 	 3.006 	 253.884
FD10895	48.875 	 3.040 	 253.937
FD10895	49.000 	 3.077 	 254.089
FD10895	49.125 	 3.115 	 254.333
FD10895	49.250 	 3.154 	 254.632
FD10895	49.375 	 3.195 	 254.940
FD10895	49.500 	 3.236 	 255.217
FD10895	49.625 	 3.277 	 255.448
FD10895	49.750 	 3.319 	 255.637
FD10895	49.875 	 3.362 	 255.795
FD10895	50.000 	 3.404 	 255.929
FD10895	50.125 	 3.444 	 256.046
FD10895	50.250 	 3.483 	 256.153
FD10895	50.375 	 3.520 	 256.255
FD10895	50.500 	 3.553 	 256.357
FD10895	50.625 	 3.585 	 256.462
FD10895	50.750 	 3.614 	 256.566
FD10895	50.875 	 3.640 	 256.661
FD10895	51.000 	 3.665 	 256.737
FD10895	51.125 	 3.688 	 256.786
FD10895	51.250 	 3.711 	 256.799
FD10895	51.375 	 3.734 	 256.778
FD10895	51.500 	 3.758 	 256.724
FD10895	51.625 	 3.782 	 256.647
FD10895	51.750 	 3.808 	 256.559
FD10895	51.875 	 3.831 	 256.471
FD10895	52.000 	 3.854 	 256.398
FD10895	52.125 	 3.879 	 256.348
FD10895	52.250 	 3.904 	 256.330
FD10895	52.375 	 3.931 	 256.343
FD10895	52.500 	 3.961 	 256.383
FD10895	52.625 	 3.991 	 256.443
FD10895	52.750 	 4.021 	 256.513
FD10895	52.875 	 4.050 	 256.587
FD10895	53.000 	 4.081 	 256.662
FD10895	53.125 	 4.114 	 256.734
FD10895	53.250 	 4.149 	 256.803
FD10895	53.375 	 4.184 	 256.871
FD10895	53.500 	 4.218 	 256.948
FD10895	53.625 	 4.251 	 257.041
FD10895	53.750 	 4.284 	 257.155
FD10895	53.875 	 4.314 	 257.288
FD10895	54.000 	 4.345 	 257.424
FD10895	54.125 	 4.377 	 257.548
FD10895	54.250 	 4.410 	 257.645
FD10895	54.375 	 4.443 	 257.712
FD10895	54.500 	 4.477 	 257.758
FD10895	54.625 	 4.511 	 257.794
FD10895	54.750 	 4.542 	 257.835
FD10895	54.875 	 4.574 	 257.886
FD10895	55.000 	 4.604 	 257.945
FD10895	55.125 	 4.633 	 257.998
FD10895	55.250 	 4.660 	 258.022
FD10895	55.375 	 4.686 	 258.003
FD10895	55.500 	 4.709 	 257.937
FD10895	55.625 	 4.731 	 257.837
FD10895	55.750 	 4.751 	 257.724
FD10895	55.875 	 4.772 	 257.619
FD10895	56.000 	 4.795 	 257.536
FD10895	56.125 	 4.819 	 257.481
FD10895	56.250 	 4.842 	 257.453
FD10895	56.375 	 4.865 	 257.450
FD10895	56.500 	 4.890 	 257.477
FD10895	56.625 	 4.916 	 257.530
FD10895	56.750 	 4.946 	 257.611
FD10895	56.875 	 4.979 	 257.715
FD10895	57.000 	 5.012 	 257.837
FD10895	57.125 	 5.046 	 257.973
FD10895	57.250 	 5.078 	 258.112
FD10895	57.375 	 5.109 	 258.244
FD10895	57.500 	 5.141 	 258.356
FD10895	57.625 	 5.170 	 258.444
FD10895	57.750 	 5.199 	 258.508
FD10895	57.875 	 5.226 	 258.554
FD10895	58.000 	 5.254 	 258.587
FD10895	58.125 	 5.282 	 258.614
FD10895	58.250 	 5.313 	 258.636
FD10895	58.375 	 5.344 	 258.658
FD10895	58.500 	 5.375 	 258.682
FD10895	58.625 	 5.406 	 258.708
FD10895	58.750 	 5.434 	 258.738
FD10895	58.875 	 5.460 	 258.772
FD10895	59.000 	 5.483 	 258.807
FD10895	59.125 	 5.504 	 258.842
FD10895	59.250 	 5.524 	 258.872
FD10895	59.375 	 5.546 	 258.892
FD10895	59.500 	 5.570 	 258.897
FD10895	59.625 	 5.597 	 258.883
FD10895	59.750 	 5.626 	 258.845
FD10895	59.875 	 5.656 	 258.785
FD10895	60.000 	 5.684 	 258.704
FD10895	60.125 	 5.712 	 258.610
FD10895	60.250 	 5.739 	 258.513
FD10895	60.375 	 5.768 	 258.427
FD10895	60.500 	 5.796 	 258.361
FD10895	60.625 	 5.827 	 258.319
FD10895	60.750 	 5.858 	 258.301
FD10895	60.875 	 5.891 	 258.307
FD10895	61.000 	 5.923 	 258.348
FD10895	61.125 	 5.956 	 258.437
FD10895	61.250 	 5.988 	 258.597
FD10895	61.375 	 6.020 	 258.831
FD10895	61.500 	 6.052 	 259.113
FD10895	61.625 	 6.083 	 259.403
FD10895	61.750 	 6.115 	 259.647
FD10895	61.875 	 6.146 	 259.812
FD10895	62.000 	 6.178 	 259.892
FD10895	62.125 	 6.213 	 259.898
FD10895	62.250 	 6.250 	 259.856
FD10895	62.375 	 6.289 	 259.792
FD10895	62.500 	 6.332 	 259.728
FD10895	62.625 	 6.377 	 259.679
FD10895	62.750 	 6.423 	 259.650
FD10895	62.875 	 6.471 	 259.641
FD10895	63.000 	 6.517 	 259.648
FD10895	63.125 	 6.560 	 259.666
FD10895	63.250 	 6.601 	 259.690
FD10895	63.375 	 6.640 	 259.717
FD10895	63.500 	 6.676 	 259.745
FD10895	63.625 	 6.711 	 259.777
FD10895	63.750 	 6.745 	 259.819
FD10895	63.875 	 6.781 	 259.878
FD10895	64.000 	 6.818 	 259.954
FD10895	64.125 	 6.857 	 260.040
FD10895	64.250 	 6.898 	 260.120
FD10895	64.375 	 6.939 	 260.179
FD10895	64.500 	 6.980 	 260.209
FD10895	64.625 	 7.021 	 260.213
FD10895	64.750 	 7.060 	 260.201
FD10895	64.875 	 7.100 	 260.189
FD10895	65.000 	 7.138 	 260.185
FD10895	65.125 	 7.176 	 260.193
FD10895	65.250 	 7.216 	 260.212
FD10895	65.375 	 7.256 	 260.243
FD10895	65.500 	 7.295 	 260.285
FD10895	65.625 	 7.332 	 260.339
FD10895	65.750 	 7.369 	 260.404
FD10895	65.875 	 7.403 	 260.465
FD10895	66.000 	 7.438 	 260.507
FD10895	66.125 	 7.476 	 260.518
FD10895	66.250 	 7.518 	 260.499
FD10895	66.375 	 7.562 	 260.462
FD10895	66.500 	 7.611 	 260.429
FD10895	66.625 	 7.659 	 260.417
FD10895	66.750 	 7.708 	 260.427
FD10895	66.875 	 7.756 	 260.456
FD10895	67.000 	 7.801 	 260.491
FD10895	67.125 	 7.844 	 260.525
FD10895	67.250 	 7.884 	 260.558
FD10895	67.375 	 7.921 	 260.588
FD10895	67.500 	 7.958 	 260.622
FD10895	67.625 	 7.993 	 260.657
FD10895	67.750 	 8.027 	 260.686
FD10895	67.875 	 8.063 	 260.695
FD10895	68.000 	 8.100 	 260.666
FD10895	68.125 	 8.140 	 260.578
FD10895	68.250 	 8.184 	 260.422
FD10895	68.375 	 8.229 	 260.201
FD10895	68.500 	 8.274 	 259.938
FD10895	68.625 	 8.314 	 259.665
FD10895	68.750 	 8.348 	 259.411
FD10895	68.875 	 8.375 	 259.196
FD10895	69.000 	 8.395 	 259.020
FD10895	69.125 	 8.414 	 258.868
FD10895	69.250 	 8.432 	 258.725
FD10895	69.375 	 8.454 	 258.581
FD10895	69.500 	 8.479 	 258.445
FD10895	69.625 	 8.505 	 258.331
FD10895	69.750 	 8.536 	 258.253
FD10895	69.875 	 8.568 	 258.213
FD10895	70.000 	 8.600 	 258.206
FD10895	70.125 	 8.634 	 258.224
FD10895	70.250 	 8.666 	 258.272
FD10895	70.375 	 8.700 	 258.366
FD10895	70.500 	 8.733 	 258.530
FD10895	70.625 	 8.767 	 258.771
FD10895	70.750 	 8.801 	 259.073
FD10895	70.875 	 8.834 	 259.402
FD10895	71.000 	 8.867 	 259.712
FD10895	71.125 	 8.899 	 259.973
FD10895	71.250 	 8.931 	 260.171
FD10895	71.375 	 8.964 	 260.307
FD10895	71.500 	 8.998 	 260.392
FD10895	71.625 	 9.031 	 260.439
FD10895	71.750 	 9.065 	 260.466
FD10895	71.875 	 9.098 	 260.488
FD10895	72.000 	 9.132 	 260.523
FD10895	72.125 	 9.163 	 260.576
FD10895	72.250 	 9.196 	 260.648
FD10895	72.375 	 9.227 	 260.730
FD10895	72.500 	 9.258 	 260.815
FD10895	72.625 	 9.287 	 260.898
FD10895	72.750 	 9.315 	 260.984
FD10895	72.875 	 9.341 	 261.082
FD10895	73.000 	 9.367 	 261.203
FD10895	73.125 	 9.391 	 261.348
FD10895	73.250 	 9.416 	 261.507
FD10895	73.375 	 9.441 	 261.670
FD10895	73.500 	 9.467 	 261.821
FD10895	73.625 	 9.496 	 261.954
FD10895	73.750 	 9.525 	 262.071
FD10895	73.875 	 9.558 	 262.186
FD10895	74.000 	 9.592 	 262.309
FD10895	74.125 	 9.629 	 262.447
FD10895	74.250 	 9.667 	 262.598
FD10895	74.375 	 9.705 	 262.755
FD10895	74.500 	 9.742 	 262.906
FD10895	74.625 	 9.777 	 263.040
FD10895	74.750 	 9.811 	 263.153
FD10895	74.875 	 9.842 	 263.243
FD10895	75.000 	 9.873 	 263.315
FD10895	75.125 	 9.903 	 263.375
FD10895	75.250 	 9.932 	 263.429
FD10895	75.375 	 9.961 	 263.478
FD10895	75.500 	 9.987 	 263.521
FD10895	75.625 	 10.014 	 263.556
FD10895	75.750 	 10.039 	 263.577
FD10895	75.875 	 10.065 	 263.581
FD10895	76.000 	 10.090 	 263.572
FD10895	76.125 	 10.114 	 263.556
FD10895	76.250 	 10.140 	 263.545
FD10895	76.375 	 10.164 	 263.545
FD10895	76.500 	 10.188 	 263.555
FD10895	76.625 	 10.212 	 263.570
FD10895	76.750 	 10.238 	 263.579
FD10895	76.875 	 10.264 	 263.574
FD10895	77.000 	 10.290 	 263.549
FD10895	77.125 	 10.316 	 263.502
FD10895	77.250 	 10.344 	 263.435
FD10895	77.375 	 10.369 	 263.359
FD10895	77.500 	 10.397 	 263.286
FD10895	77.625 	 10.424 	 263.230
FD10895	77.750 	 10.452 	 263.205
FD10895	77.875 	 10.481 	 263.210
FD10895	78.000 	 10.511 	 263.238
FD10895	78.125 	 10.540 	 263.276
FD10895	78.250 	 10.570 	 263.306
FD10895	78.375 	 10.600 	 263.323
FD10895	78.500 	 10.631 	 263.327
FD10895	78.625 	 10.662 	 263.323
FD10895	78.750 	 10.694 	 263.321
FD10895	78.875 	 10.728 	 263.328
FD10895	79.000 	 10.763 	 263.350
FD10895	79.125 	 10.798 	 263.392
FD10895	79.250 	 10.834 	 263.447
FD10895	79.375 	 10.870 	 263.505
FD10895	79.500 	 10.906 	 263.548
FD10895	79.625 	 10.939 	 263.562
FD10895	79.750 	 10.973 	 263.540
FD10895	79.875 	 11.006 	 263.491
FD10895	80.000 	 11.035 	 263.432
FD10895	80.125 	 11.065 	 263.385
FD10895	80.250 	 11.093 	 263.365
FD10895	80.375 	 11.124 	 263.379
FD10895	80.500 	 11.155 	 263.423
FD10895	80.625 	 11.187 	 263.489
FD10895	80.750 	 11.222 	 263.563
FD10895	80.875 	 11.255 	 263.638
FD10895	81.000 	 11.291 	 263.707
FD10895	81.125 	 11.325 	 263.768
FD10895	81.250 	 11.361 	 263.821
FD10895	81.375 	 11.394 	 263.870
FD10895	81.500 	 11.431 	 263.922
FD10895	81.625 	 11.465 	 263.987
FD10895	81.750 	 11.503 	 264.069
FD10895	81.875 	 11.540 	 264.170
FD10895	82.000 	 11.579 	 264.287
FD10895	82.125 	 11.620 	 264.405
FD10895	82.250 	 11.665 	 264.514
FD10895	82.375 	 11.712 	 264.603
FD10895	82.500 	 11.757 	 264.666
FD10895	82.625 	 11.802 	 264.706
FD10895	82.750 	 11.843 	 264.729
FD10895	82.875 	 11.883 	 264.742
FD10895	83.000 	 11.919 	 264.747
FD10895	83.125 	 11.958 	 264.743
FD10895	83.250 	 11.998 	 264.723
FD10895	83.375 	 12.040 	 264.685
FD10895	83.500 	 12.086 	 264.629
FD10895	83.625 	 12.133 	 264.566
FD10895	83.750 	 12.179 	 264.508
FD10895	83.875 	 12.228 	 264.468
FD10895	84.000 	 12.273 	 264.446
FD10895	84.125 	 12.320 	 264.438
FD10895	84.250 	 12.365 	 264.436
FD10895	84.375 	 12.410 	 264.437
FD10895	84.500 	 12.457 	 264.445
FD10895	84.625 	 12.501 	 264.466
FD10895	84.750 	 12.544 	 264.503
FD10895	84.875 	 12.586 	 264.553
FD10895	85.000 	 12.625 	 264.607
FD10895	85.125 	 12.662 	 264.668
FD10895	85.250 	 12.698 	 264.744
FD10895	85.375 	 12.732 	 264.843
FD10895	85.500 	 12.767 	 264.963
FD10895	85.625 	 12.804 	 265.091
FD10895	85.750 	 12.844 	 265.197
FD10895	85.875 	 12.885 	 265.260
FD10895	86.000 	 12.929 	 265.272
FD10895	86.125 	 12.973 	 265.243
FD10895	86.250 	 13.018 	 265.194
FD10895	86.375 	 13.059 	 265.147
FD10895	86.500 	 13.102 	 265.115
FD10895	86.625 	 13.142 	 265.104
FD10895	86.750 	 13.183 	 265.113
FD10895	86.875 	 13.225 	 265.142
FD10895	87.000 	 13.266 	 265.192
FD10895	87.125 	 13.308 	 265.257
FD10895	87.250 	 13.352 	 265.330
FD10895	87.375 	 13.394 	 265.406
FD10895	87.500 	 13.438 	 265.477
FD10895	87.625 	 13.478 	 265.542
FD10895	87.750 	 13.517 	 265.603
FD10895	87.875 	 13.552 	 265.663
FD10895	88.000 	 13.587 	 265.724
FD10895	88.125 	 13.618 	 265.780
FD10895	88.250 	 13.651 	 265.831
FD10895	88.375 	 13.682 	 265.873
FD10895	88.500 	 13.714 	 265.909
FD10895	88.625 	 13.749 	 265.941
FD10895	88.750 	 13.782 	 265.973
FD10895	88.875 	 13.819 	 266.005
FD10895	89.000 	 13.853 	 266.028
FD10895	89.125 	 13.889 	 266.034
FD10895	89.250 	 13.925 	 266.020
FD10895	89.375 	 13.961 	 265.982
FD10895	89.500 	 13.995 	 265.927
FD10895	89.625 	 14.030 	 265.866
FD10895	89.750 	 14.064 	 265.813
FD10895	89.875 	 14.097 	 265.776
FD10895	90.000 	 14.130 	 265.762
FD10895	90.125 	 14.161 	 265.773
FD10895	90.250 	 14.193 	 265.805
FD10895	90.375 	 14.226 	 265.847
FD10895	90.500 	 14.257 	 265.885
FD10895	90.625 	 14.292 	 265.908
FD10895	90.750 	 14.329 	 265.906
FD10895	90.875 	 14.365 	 265.884
FD10895	91.000 	 14.403 	 265.853
FD10895	91.125 	 14.440 	 265.826
FD10895	91.250 	 14.477 	 265.810
FD10895	91.375 	 14.515 	 265.808
FD10895	91.500 	 14.553 	 265.816
FD10895	91.625 	 14.591 	 265.831
FD10895	91.750 	 14.630 	 265.854
FD10895	91.875 	 14.668 	 265.885
FD10895	92.000 	 14.707 	 265.925
FD10895	92.125 	 14.745 	 265.971
FD10895	92.250 	 14.783 	 266.022
FD10895	92.375 	 14.822 	 266.076
FD10895	92.500 	 14.861 	 266.131
FD10895	92.625 	 14.899 	 266.187
FD10895	92.750 	 14.938 	 266.238
FD10895	92.875 	 14.976 	 266.275
FD10895	93.000 	 15.014 	 266.293
FD10895	93.125 	 15.054 	 266.293
FD10895	93.250 	 15.091 	 266.291
FD10895	93.375 	 15.130 	 266.306
FD10895	93.500 	 15.167 	 266.353
FD10895	93.625 	 15.206 	 266.430
FD10895	93.750 	 15.243 	 266.521
FD10895	93.875 	 15.283 	 266.601
FD10895	94.000 	 15.320 	 266.650
FD10895	94.125 	 15.358 	 266.662
FD10895	94.250 	 15.396 	 266.648
FD10895	94.375 	 15.433 	 266.622
FD10895	94.500 	 15.469 	 266.600
FD10895	94.625 	 15.507 	 266.593
FD10895	94.750 	 15.543 	 266.599
FD10895	94.875 	 15.579 	 266.615
FD10895	95.000 	 15.613 	 266.638
FD10895	95.125 	 15.649 	 266.658
FD10895	95.250 	 15.683 	 266.675
FD10895	95.375 	 15.716 	 266.683
FD10895	95.500 	 15.750 	 266.684
FD10895	95.625 	 15.784 	 266.679
FD10895	95.750 	 15.816 	 266.672
FD10895	95.875 	 15.851 	 266.666
FD10895	96.000 	 15.884 	 266.659
FD10895	96.125 	 15.917 	 266.653
FD10895	96.250 	 15.950 	 266.647
FD10895	96.375 	 15.982 	 266.643
FD10895	96.500 	 16.016 	 266.636
FD10895	96.625 	 16.049 	 266.626
FD10895	96.750 	 16.083 	 266.609
FD10895	96.875 	 16.116 	 266.590
FD10895	97.000 	 16.150 	 266.574
FD10895	97.125 	 16.185 	 266.572
FD10895	97.250 	 16.219 	 266.588
FD10895	97.375 	 16.255 	 266.620
FD10895	97.500 	 16.289 	 266.657
FD10895	97.625 	 16.325 	 266.692
FD10895	97.750 	 16.360 	 266.720
FD10895	97.875 	 16.396 	 266.738
FD10895	98.000 	 16.433 	 266.750
FD10895	98.125 	 16.468 	 266.751
FD10895	98.250 	 16.504 	 266.741
FD10895	98.375 	 16.539 	 266.715
FD10895	98.500 	 16.574 	 266.672
FD10895	98.625 	 16.611 	 266.617
FD10895	98.750 	 16.646 	 266.561
FD10895	98.875 	 16.680 	 266.510
FD10895	99.000 	 16.715 	 266.467
FD10895	99.125 	 16.751 	 266.430
FD10895	99.250 	 16.784 	 266.398
FD10895	99.375 	 16.817 	 266.367
FD10895	99.500 	 16.852 	 266.339
FD10895	99.625 	 16.884 	 266.310
FD10895	99.750 	 16.918 	 266.281
FD10895	99.875 	 16.950 	 266.250
FD10895	100.000 	 16.982 	 266.216
FD10895	100.125 	 17.014 	 266.175
FD10895	100.250 	 17.046 	 266.129
FD10895	100.375 	 17.079 	 266.075
FD10895	100.500 	 17.110 	 266.012
FD10895	100.625 	 17.142 	 265.940
FD10895	100.750 	 17.174 	 265.858
FD10895	100.875 	 17.207 	 265.766
FD10895	101.000 	 17.241 	 265.664
FD10895	101.125 	 17.274 	 265.558
FD10895	101.250 	 17.306 	 265.453
FD10895	101.375 	 17.341 	 265.357
FD10895	101.500 	 17.376 	 265.274
FD10895	101.625 	 17.410 	 265.209
FD10895	101.750 	 17.445 	 265.155
FD10895	101.875 	 17.479 	 265.107
FD10895	102.000 	 17.516 	 265.060
FD10895	102.125 	 17.551 	 265.016
FD10895	102.250 	 17.585 	 264.981
FD10895	102.375 	 17.621 	 264.958
FD10895	102.500 	 17.657 	 264.950
FD10895	102.625 	 17.692 	 264.954
FD10895	102.750 	 17.727 	 264.970
FD10895	102.875 	 17.763 	 264.994
FD10895	103.000 	 17.797 	 265.026
FD10895	103.125 	 17.832 	 265.068
FD10895	103.250 	 17.868 	 265.119
FD10895	103.375 	 17.904 	 265.174
FD10895	103.500 	 17.939 	 265.227
FD10895	103.625 	 17.975 	 265.275
FD10895	103.750 	 18.009 	 265.312
FD10895	103.875 	 18.046 	 265.340
FD10895	104.000 	 18.083 	 265.358
FD10895	104.125 	 18.118 	 265.369
FD10895	104.250 	 18.153 	 265.374
FD10895	104.375 	 18.190 	 265.370
FD10895	104.500 	 18.226 	 265.360
FD10895	104.625 	 18.262 	 265.341
FD10895	104.750 	 18.300 	 265.319
FD10895	104.875 	 18.335 	 265.296
FD10895	105.000 	 18.371 	 265.276
FD10895	105.125 	 18.406 	 265.262
FD10895	105.250 	 18.441 	 265.252
FD10895	105.375 	 18.476 	 265.247
FD10895	105.500 	 18.510 	 265.244
FD10895	105.625 	 18.545 	 265.240
FD10895	105.750 	 18.578 	 265.235
FD10895	105.875 	 18.611 	 265.230
FD10895	106.000 	 18.644 	 265.228
FD10895	106.125 	 18.677 	 265.228
FD10895	106.250 	 18.710 	 265.233
FD10895	106.375 	 18.741 	 265.239
FD10895	106.500 	 18.772 	 265.247
FD10895	106.625 	 18.805 	 265.256
FD10895	106.750 	 18.837 	 265.264
FD10895	106.875 	 18.870 	 265.269
FD10895	107.000 	 18.900 	 265.272
FD10895	107.125 	 18.934 	 265.270
FD10895	107.250 	 18.965 	 265.266
FD10895	107.375 	 18.998 	 265.259
FD10895	107.500 	 19.032 	 265.251
FD10895	107.625 	 19.065 	 265.242
FD10895	107.750 	 19.099 	 265.230
FD10895	107.875 	 19.133 	 265.216
FD10895	108.000 	 19.167 	 265.195
FD10895	108.125 	 19.201 	 265.170
FD10895	108.250 	 19.237 	 265.141
FD10895	108.375 	 19.273 	 265.112
FD10895	108.500 	 19.310 	 265.086
FD10895	108.625 	 19.345 	 265.063
FD10895	108.750 	 19.383 	 265.040
FD10895	108.875 	 19.420 	 265.013
FD10895	109.000 	 19.456 	 264.976
FD10895	109.125 	 19.494 	 264.930
FD10895	109.250 	 19.533 	 264.875
FD10895	109.375 	 19.571 	 264.816
FD10895	109.500 	 19.610 	 264.761
FD10895	109.625 	 19.650 	 264.716
FD10895	109.750 	 19.689 	 264.678
FD10895	109.875 	 19.730 	 264.647
FD10895	110.000 	 19.771 	 264.616
FD10895	110.125 	 19.811 	 264.581
FD10895	110.250 	 19.853 	 264.540
FD10895	110.375 	 19.896 	 264.492
FD10895	110.500 	 19.939 	 264.439
FD10895	110.625 	 19.981 	 264.378
FD10895	110.750 	 20.025 	 264.315
FD10895	110.875 	 20.070 	 264.250
FD10895	111.000 	 20.114 	 264.189
FD10895	111.125 	 20.160 	 264.133
FD10895	111.250 	 20.206 	 264.083
FD10895	111.375 	 20.253 	 264.036
FD10895	111.500 	 20.301 	 263.991
FD10895	111.625 	 20.349 	 263.944
FD10895	111.750 	 20.398 	 263.897
FD10895	111.875 	 20.448 	 263.854
FD10895	112.000 	 20.499 	 263.820
FD10895	112.125 	 20.548 	 263.797
FD10895	112.250 	 20.601 	 263.779
FD10895	112.375 	 20.654 	 263.763
FD10895	112.500 	 20.706 	 263.741
FD10895	112.625 	 20.761 	 263.712
FD10895	112.750 	 20.814 	 263.678
FD10895	112.875 	 20.870 	 263.649
FD10895	113.000 	 20.925 	 263.631
FD10895	113.125 	 20.981 	 263.628
FD10895	113.250 	 21.037 	 263.635
FD10895	113.375 	 21.094 	 263.646
FD10895	113.500 	 21.149 	 263.653
FD10895	113.625 	 21.208 	 263.657
FD10895	113.750 	 21.264 	 263.659
FD10895	113.875 	 21.322 	 263.668
FD10895	114.000 	 21.378 	 263.691
FD10895	114.125 	 21.435 	 263.731
FD10895	114.250 	 21.492 	 263.783
FD10895	114.375 	 21.547 	 263.836
FD10895	114.500 	 21.601 	 263.872
FD10895	114.625 	 21.658 	 263.881
FD10895	114.750 	 21.712 	 263.860
FD10895	114.875 	 21.766 	 263.819
FD10895	115.000 	 21.821 	 263.776
FD10895	115.125 	 21.875 	 263.747
FD10895	115.250 	 21.927 	 263.740
FD10895	115.375 	 21.981 	 263.753
FD10895	115.500 	 22.034 	 263.774
FD10895	115.625 	 22.086 	 263.792
FD10895	115.750 	 22.139 	 263.802
FD10895	115.875 	 22.191 	 263.803
FD10895	116.000 	 22.242 	 263.799
FD10895	116.125 	 22.293 	 263.795
FD10895	116.250 	 22.344 	 263.792
FD10895	116.375 	 22.396 	 263.788
FD10895	116.500 	 22.446 	 263.778
FD10895	116.625 	 22.497 	 263.763
FD10895	116.750 	 22.548 	 263.749
FD10895	116.875 	 22.596 	 263.742
FD10895	117.000 	 22.648 	 263.745
FD10895	117.125 	 22.695 	 263.757
FD10895	117.250 	 22.745 	 263.773
FD10895	117.375 	 22.795 	 263.784
FD10895	117.500 	 22.843 	 263.786
FD10895	117.625 	 22.891 	 263.774
FD10895	117.750 	 22.940 	 263.752
FD10895	117.875 	 22.988 	 263.721
FD10895	118.000 	 23.037 	 263.685
FD10895	118.125 	 23.084 	 263.649
FD10895	118.250 	 23.132 	 263.614
FD10895	118.375 	 23.179 	 263.582
FD10895	118.500 	 23.228 	 263.554
FD10895	118.625 	 23.277 	 263.529
FD10895	118.750 	 23.324 	 263.510
FD10895	118.875 	 23.371 	 263.497
FD10895	119.000 	 23.419 	 263.494
FD10895	119.125 	 23.466 	 263.503
FD10895	119.250 	 23.513 	 263.522
FD10895	119.375 	 23.561 	 263.550
FD10895	119.500 	 23.608 	 263.585
FD10895	119.625 	 23.656 	 263.623
FD10895	119.750 	 23.702 	 263.662
FD10895	119.875 	 23.750 	 263.697
FD10895	120.000 	 23.797 	 263.725
FD10895	120.125 	 23.844 	 263.740
FD10895	120.250 	 23.891 	 263.740
FD10895	120.375 	 23.938 	 263.728
FD10895	120.500 	 23.986 	 263.710
FD10895	120.625 	 24.033 	 263.695
FD10895	120.750 	 24.081 	 263.693
FD10895	120.875 	 24.130 	 263.706
FD10895	121.000 	 24.176 	 263.728
FD10895	121.125 	 24.222 	 263.754
FD10895	121.250 	 24.271 	 263.781
FD10895	121.375 	 24.319 	 263.808
FD10895	121.500 	 24.365 	 263.838
FD10895	121.625 	 24.412 	 263.871
FD10895	121.750 	 24.461 	 263.905
FD10895	121.875 	 24.506 	 263.929
FD10895	122.000 	 24.551 	 263.938
FD10895	122.125 	 24.596 	 263.927
FD10895	122.250 	 24.642 	 263.902
FD10895	122.375 	 24.685 	 263.871
FD10895	122.500 	 24.729 	 263.848
FD10895	122.625 	 24.773 	 263.846
FD10895	122.750 	 24.816 	 263.875
FD10895	122.875 	 24.857 	 263.933
FD10895	123.000 	 24.899 	 264.015
FD10895	123.125 	 24.939 	 264.103
FD10895	123.250 	 24.980 	 264.183
FD10895	123.375 	 25.020 	 264.244
FD10895	123.500 	 25.060 	 264.282
FD10895	123.625 	 25.100 	 264.301
FD10895	123.750 	 25.139 	 264.310
FD10895	123.875 	 25.178 	 264.317
FD10895	124.000 	 25.218 	 264.324
FD10895	124.125 	 25.256 	 264.329
FD10895	124.250 	 25.294 	 264.325
FD10895	124.375 	 25.333 	 264.309
FD10895	124.500 	 25.372 	 264.284
FD10895	124.625 	 25.408 	 264.261
FD10895	124.750 	 25.448 	 264.253
FD10895	124.875 	 25.484 	 264.269
FD10895	125.000 	 25.521 	 264.311
FD10895	125.125 	 25.557 	 264.373
FD10895	125.250 	 25.593 	 264.441
FD10895	125.375 	 25.629 	 264.502
FD10895	125.500 	 25.666 	 264.549
FD10895	125.625 	 25.701 	 264.582
FD10895	125.750 	 25.735 	 264.603
FD10895	125.875 	 25.769 	 264.616
FD10895	126.000 	 25.805 	 264.617
FD10895	126.125 	 25.839 	 264.602
FD10895	126.250 	 25.873 	 264.567
FD10895	126.375 	 25.909 	 264.514
FD10895	126.500 	 25.944 	 264.453
FD10895	126.625 	 25.980 	 264.391
FD10895	126.750 	 26.016 	 264.335
FD10895	126.875 	 26.054 	 264.288
FD10895	127.000 	 26.093 	 264.247
FD10895	127.125 	 26.130 	 264.207
FD10895	127.250 	 26.171 	 264.167
FD10895	127.375 	 26.212 	 264.125
FD10895	127.500 	 26.253 	 264.084
FD10895	127.625 	 26.295 	 264.048
FD10895	127.750 	 26.339 	 264.020
FD10895	127.875 	 26.384 	 264.001
FD10895	128.000 	 26.428 	 263.989
FD10895	128.125 	 26.474 	 263.977
FD10895	128.250 	 26.521 	 263.958
FD10895	128.375 	 26.568 	 263.928
FD10895	128.500 	 26.614 	 263.892
FD10895	128.625 	 26.662 	 263.862
FD10895	128.750 	 26.710 	 263.846
FD10895	128.875 	 26.759 	 263.848
FD10895	129.000 	 26.807 	 263.867
FD10895	129.125 	 26.852 	 263.902
FD10895	129.250 	 26.901 	 263.948
FD10895	129.375 	 26.949 	 264.002
FD10895	129.500 	 26.997 	 264.060
FD10895	129.625 	 27.043 	 264.120
FD10895	129.750 	 27.092 	 264.172
FD10895	129.875 	 27.136 	 264.208
FD10895	130.000 	 27.184 	 264.224
FD10895	130.125 	 27.229 	 264.216
FD10895	130.250 	 27.276 	 264.193
FD10895	130.375 	 27.321 	 264.159
FD10895	130.500 	 27.366 	 264.124
FD10895	130.625 	 27.412 	 264.091
FD10895	130.750 	 27.456 	 264.068
FD10895	130.875 	 27.502 	 264.054
FD10895	131.000 	 27.545 	 264.051
FD10895	131.125 	 27.589 	 264.056
FD10895	131.250 	 27.632 	 264.066
FD10895	131.375 	 27.679 	 264.075
FD10895	131.500 	 27.720 	 264.079
FD10895	131.625 	 27.764 	 264.082
FD10895	131.750 	 27.807 	 264.085
FD10895	131.875 	 27.851 	 264.099
FD10895	132.000 	 27.894 	 264.128
FD10895	132.125 	 27.936 	 264.173
FD10895	132.250 	 27.982 	 264.228
FD10895	132.375 	 28.023 	 264.284
FD10895	132.500 	 28.071 	 264.333
FD10895	132.625 	 28.113 	 264.372
FD10895	132.750 	 28.161 	 264.401
FD10895	132.875 	 28.207 	 264.421
FD10895	133.000 	 28.252 	 264.431
FD10895	133.125 	 28.299 	 264.431
FD10895	133.250 	 28.346 	 264.422
FD10895	133.375 	 28.396 	 264.405
FD10895	133.500 	 28.445 	 264.386
FD10895	133.625 	 28.497 	 264.374
FD10895	133.750 	 28.542 	 264.370
FD10895	133.875 	 28.595 	 264.376
FD10895	134.000 	 28.651 	 264.385
FD10895	134.125 	 28.698 	 264.395
FD10895	134.250 	 28.752 	 264.398
FD10895	134.375 	 28.807 	 264.396
FD10895	134.500 	 28.854 	 264.386
FD10895	134.625 	 28.916 	 264.373
FD10895	134.750 	 28.964 	 264.359
FD10895	134.875 	 29.022 	 264.353
FD10895	135.000 	 29.073 	 264.356
FD10895	135.125 	 29.128 	 264.371
FD10895	135.250 	 29.183 	 264.394
FD10895	135.375 	 29.234 	 264.424
FD10895	135.500 	 29.294 	 264.461
FD10895	135.625 	 29.344 	 264.505
FD10895	135.750 	 29.399 	 264.559
FD10895	135.875 	 29.454 	 264.623
FD10895	136.000 	 29.507 	 264.688
FD10895	136.125 	 29.559 	 264.748
FD10895	136.250 	 29.614 	 264.792
FD10895	136.375 	 29.667 	 264.818
FD10895	136.500 	 29.718 	 264.833
FD10895	136.625 	 29.771 	 264.846
FD10895	136.750 	 29.825 	 264.867
FD10895	136.875 	 29.878 	 264.902
FD10895	137.000 	 29.928 	 264.949
FD10895	137.125 	 29.986 	 265.000
FD10895	137.250 	 30.036 	 265.047
FD10895	137.375 	 30.090 	 265.083
FD10895	137.500 	 30.140 	 265.105
FD10895	137.625 	 30.197 	 265.111
FD10895	137.750 	 30.250 	 265.110
FD10895	137.875 	 30.297 	 265.108
FD10895	138.000 	 30.357 	 265.109
FD10895	138.125 	 30.404 	 265.115
FD10895	138.250 	 30.460 	 265.123
FD10895	138.375 	 30.509 	 265.136
FD10895	138.500 	 30.561 	 265.154
FD10895	138.625 	 30.609 	 265.181
FD10895	138.750 	 30.665 	 265.220
FD10895	138.875 	 30.712 	 265.270
FD10895	139.000 	 30.763 	 265.324
FD10895	139.125 	 30.808 	 265.373
FD10895	139.250 	 30.855 	 265.411
FD10895	139.375 	 30.903 	 265.437
FD10895	139.500 	 30.947 	 265.454
FD10895	139.625 	 30.994 	 265.468
FD10895	139.750 	 31.034 	 265.485
FD10895	139.875 	 31.079 	 265.507
FD10895	140.000 	 31.124 	 265.532
FD10895	140.125 	 31.162 	 265.556
FD10895	140.250 	 31.198 	 265.576
FD10895	140.375 	 31.242 	 265.586
FD10895	140.500 	 31.280 	 265.585
FD10895	140.625 	 31.319 	 265.575
FD10895	140.750 	 31.354 	 265.554
FD10895	140.875 	 31.392 	 265.526
FD10895	141.000 	 31.429 	 265.490
FD10895	141.125 	 31.467 	 265.455
FD10895	141.250 	 31.500 	 265.422
FD10895	141.375 	 31.537 	 265.398
FD10895	141.500 	 31.571 	 265.387
FD10895	141.625 	 31.611 	 265.388
FD10895	141.750 	 31.644 	 265.405
FD10895	141.875 	 31.678 	 265.433
FD10895	142.000 	 31.718 	 265.473
FD10895	142.125 	 31.751 	 265.523
FD10895	142.250 	 31.785 	 265.583
FD10895	142.375 	 31.825 	 265.648
FD10895	142.500 	 31.858 	 265.715
FD10895	142.625 	 31.896 	 265.776
FD10895	142.750 	 31.928 	 265.821
FD10895	142.875 	 31.970 	 265.845
FD10895	143.000 	 32.003 	 265.851
FD10895	143.125 	 32.040 	 265.845
FD10895	143.250 	 32.074 	 265.838
FD10895	143.375 	 32.115 	 265.835
FD10895	143.500 	 32.148 	 265.840
FD10895	143.625 	 32.182 	 265.848
FD10895	143.750 	 32.223 	 265.850
FD10895	143.875 	 32.256 	 265.841
FD10895	144.000 	 32.298 	 265.820
FD10895	144.125 	 32.331 	 265.792
FD10895	144.250 	 32.366 	 265.764
FD10895	144.375 	 32.406 	 265.740
FD10895	144.500 	 32.440 	 265.724
FD10895	144.625 	 32.481 	 265.714
FD10895	144.750 	 32.515 	 265.704
FD10895	144.875 	 32.552 	 265.694
FD10895	145.000 	 32.587 	 265.684
FD10895	145.125 	 32.632 	 265.673
FD10895	145.250 	 32.661 	 265.663
FD10895	145.375 	 32.703 	 265.656
FD10895	145.500 	 32.733 	 265.650
FD10895	145.625 	 32.773 	 265.645
FD10895	145.750 	 32.815 	 265.642
FD10895	145.875 	 32.844 	 265.643
FD10895	146.000 	 32.885 	 265.650
FD10895	146.125 	 32.919 	 265.664
FD10895	146.250 	 32.959 	 265.684
FD10895	146.375 	 32.988 	 265.707
FD10895	146.500 	 33.028 	 265.723
FD10895	146.625 	 33.061 	 265.729
FD10895	146.750 	 33.101 	 265.722
FD10895	146.875 	 33.134 	 265.704
FD10895	147.000 	 33.166 	 265.681
FD10895	147.125 	 33.205 	 265.658
FD10895	147.250 	 33.237 	 265.643
FD10895	147.375 	 33.276 	 265.637
FD10895	147.500 	 33.305 	 265.645
FD10895	147.625 	 33.345 	 265.666
FD10895	147.750 	 33.373 	 265.697
FD10895	147.875 	 33.413 	 265.737
FD10895	148.000 	 33.449 	 265.783
FD10895	148.125 	 33.481 	 265.830
FD10895	148.250 	 33.517 	 265.872
FD10895	148.375 	 33.558 	 265.906
FD10895	148.500 	 33.590 	 265.924
FD10895	148.625 	 33.623 	 265.924
FD10895	148.750 	 33.665 	 265.907
FD10895	148.875 	 33.703 	 265.882
FD10895	149.000 	 33.736 	 265.855
FD10895	149.125 	 33.782 	 265.835
FD10895	149.250 	 33.817 	 265.825
FD10895	149.375 	 33.851 	 265.823
FD10895	149.500 	 33.894 	 265.828
FD10895	149.625 	 33.937 	 265.836
FD10895	149.750 	 33.972 	 265.848
FD10895	149.875 	 34.016 	 265.866
FD10895	150.000 	 34.051 	 265.890
FD10895	150.125 	 34.100 	 265.919
FD10895	150.250 	 34.136 	 265.946
FD10895	150.375 	 34.184 	 265.967
FD10895	150.500 	 34.221 	 265.977
FD10895	150.625 	 34.265 	 265.973
FD10895	150.750 	 34.302 	 265.959
FD10895	150.875 	 34.350 	 265.938
FD10895	151.000 	 34.391 	 265.917
FD10895	151.125 	 34.432 	 265.903
FD10895	151.250 	 34.476 	 265.898
FD10895	151.375 	 34.517 	 265.901
FD10895	151.500 	 34.562 	 265.912
FD10895	151.625 	 34.602 	 265.927
FD10895	151.750 	 34.642 	 265.942
FD10895	151.875 	 34.686 	 265.953
FD10895	152.000 	 34.730 	 265.959
FD10895	152.125 	 34.766 	 265.957
FD10895	152.250 	 34.809 	 265.949
FD10895	152.375 	 34.848 	 265.939
FD10895	152.500 	 34.891 	 265.934
FD10895	152.625 	 34.924 	 265.935
FD10895	152.750 	 34.967 	 265.948
FD10895	152.875 	 35.000 	 265.971
FD10895	153.000 	 35.040 	 266.002
FD10895	153.125 	 35.076 	 266.040
FD10895	153.250 	 35.109 	 266.080
FD10895	153.375 	 35.147 	 266.118
FD10895	153.500 	 35.178 	 266.152
FD10895	153.625 	 35.208 	 266.179
FD10895	153.750 	 35.245 	 266.203
FD10895	153.875 	 35.275 	 266.226
FD10895	154.000 	 35.309 	 266.250
FD10895	154.125 	 35.337 	 266.272
FD10895	154.250 	 35.368 	 266.287
FD10895	154.375 	 35.402 	 266.294
FD10895	154.500 	 35.430 	 266.292
FD10895	154.625 	 35.457 	 266.286
FD10895	154.750 	 35.489 	 266.284
FD10895	154.875 	 35.518 	 266.289
FD10895	155.000 	 35.549 	 266.303
FD10895	155.125 	 35.582 	 266.322
FD10895	155.250 	 35.607 	 266.339
FD10895	155.375 	 35.641 	 266.353
FD10895	155.500 	 35.668 	 266.365
FD10895	155.625 	 35.703 	 266.378
FD10895	155.750 	 35.732 	 266.398
FD10895	155.875 	 35.765 	 266.421
FD10895	156.000 	 35.800 	 266.440
FD10895	156.125 	 35.830 	 266.448
FD10895	156.250 	 35.864 	 266.437
FD10895	156.375 	 35.899 	 266.408
FD10895	156.500 	 35.939 	 266.369
FD10895	156.625 	 35.970 	 266.323
FD10895	156.750 	 36.001 	 266.281
FD10895	156.875 	 36.039 	 266.246
FD10895	157.000 	 36.077 	 266.222
FD10895	157.125 	 36.111 	 266.213
FD10895	157.250 	 36.147 	 266.220
FD10895	157.375 	 36.182 	 266.242
FD10895	157.500 	 36.212 	 266.273
FD10895	157.625 	 36.252 	 266.308
FD10895	157.750 	 36.282 	 266.340
FD10895	157.875 	 36.320 	 266.365
FD10895	158.000 	 36.349 	 266.383
FD10895	158.125 	 36.378 	 266.396
FD10895	158.250 	 36.415 	 266.413
FD10895	158.375 	 36.443 	 266.438
FD10895	158.500 	 36.471 	 266.477
FD10895	158.625 	 36.503 	 266.528
FD10895	158.750 	 36.534 	 266.582
FD10895	158.875 	 36.562 	 266.627
FD10895	159.000 	 36.587 	 266.648
FD10895	159.125 	 36.619 	 266.639
FD10895	159.250 	 36.644 	 266.596
FD10895	159.375 	 36.674 	 266.528
FD10895	159.500 	 36.695 	 266.448
FD10895	159.625 	 36.723 	 266.370
FD10895	159.750 	 36.749 	 266.307
FD10895	159.875 	 36.773 	 266.266
FD10895	160.000 	 36.801 	 266.251
FD10895	160.125 	 36.821 	 266.265
FD10895	160.250 	 36.843 	 266.304
FD10895	160.375 	 36.866 	 266.366
FD10895	160.500 	 36.888 	 266.443
FD10895	160.625 	 36.908 	 266.521
FD10895	160.750 	 36.926 	 266.592
FD10895	160.875 	 36.947 	 266.644
FD10895	161.000 	 36.961 	 266.678
FD10895	161.125 	 36.980 	 266.693
FD10895	161.250 	 36.994 	 266.698
FD10895	161.375 	 37.008 	 266.699
FD10895	161.500 	 37.025 	 266.698
FD10895	161.625 	 37.039 	 266.699
FD10895	161.750 	 37.051 	 266.699
FD10895	161.875 	 37.063 	 266.693
FD10895	162.000 	 37.076 	 266.676
FD10895	162.125 	 37.087 	 266.644
FD10895	162.250 	 37.098 	 266.597
FD10895	162.375 	 37.109 	 266.539
FD10895	162.500 	 37.119 	 266.481
FD10895	162.625 	 37.126 	 266.431
FD10895	162.750 	 37.142 	 266.393
FD10895	162.875 	 37.147 	 266.368
FD10895	163.000 	 37.161 	 266.356
FD10895	163.125 	 37.166 	 266.356
FD10895	163.250 	 37.173 	 266.367
FD10895	163.375 	 37.186 	 266.390
FD10895	163.500 	 37.193 	 266.421
FD10895	163.625 	 37.201 	 266.453
FD10895	163.750 	 37.206 	 266.482
FD10895	163.875 	 37.219 	 266.507
FD10895	164.000 	 37.224 	 266.535
FD10895	164.125 	 37.229 	 266.574
FD10895	164.250 	 37.237 	 266.627
FD10895	164.375 	 37.246 	 266.690
FD10895	164.500 	 37.249 	 266.750
FD10895	164.625 	 37.252 	 266.800
FD10895	164.750 	 37.260 	 266.838
FD10895	164.875 	 37.267 	 266.868
FD10895	165.000 	 37.270 	 266.903
FD10895	165.125 	 37.272 	 266.949
FD10895	165.250 	 37.276 	 267.008
FD10895	165.375 	 37.281 	 267.071
FD10895	165.500 	 37.284 	 267.129
FD10895	165.625 	 37.286 	 267.172
FD10895	165.750 	 37.292 	 267.198
FD10895	165.875 	 37.293 	 267.205
FD10895	166.000 	 37.296 	 267.198
FD10895	166.125 	 37.302 	 267.180
FD10895	166.250 	 37.299 	 267.155
FD10895	166.375 	 37.308 	 267.124
FD10895	166.500 	 37.313 	 267.088
FD10895	166.625 	 37.317 	 267.051
FD10895	166.750 	 37.319 	 267.014
FD10895	166.875 	 37.321 	 266.978
FD10895	167.000 	 37.329 	 266.943
FD10895	167.125 	 37.337 	 266.906
FD10895	167.250 	 37.341 	 266.865
FD10895	167.375 	 37.349 	 266.823
FD10895	167.500 	 37.353 	 266.784
FD10895	167.625 	 37.357 	 266.754
FD10895	167.750 	 37.371 	 266.739
FD10895	167.875 	 37.374 	 266.740
FD10895	168.000 	 37.380 	 266.761
FD10895	168.125 	 37.388 	 266.796
FD10895	168.250 	 37.398 	 266.842
FD10895	168.375 	 37.406 	 266.892
FD10895	168.500 	 37.410 	 266.938
FD10895	168.625 	 37.421 	 266.973
FD10895	168.750 	 37.426 	 266.993
FD10895	168.875 	 37.438 	 266.996
FD10895	169.000 	 37.439 	 266.986
FD10895	169.125 	 37.452 	 266.969
FD10895	169.250 	 37.458 	 266.954
FD10895	169.375 	 37.466 	 266.943
FD10895	169.500 	 37.471 	 266.938
FD10895	169.625 	 37.485 	 266.935
FD10895	169.750 	 37.485 	 266.929
FD10895	169.875 	 37.498 	 266.917
FD10895	170.000 	 37.504 	 266.899
FD10895	170.125 	 37.512 	 266.871
FD10895	170.250 	 37.522 	 266.835
FD10895	170.375 	 37.528 	 266.794
FD10895	170.500 	 37.539 	 266.753
FD10895	170.625 	 37.552 	 266.715
FD10895	170.750 	 37.559 	 266.683
FD10895	170.875 	 37.566 	 266.657
FD10895	171.000 	 37.581 	 266.630
FD10895	171.125 	 37.592 	 266.596
FD10895	171.250 	 37.605 	 266.555
FD10895	171.375 	 37.616 	 266.504
FD10895	171.500 	 37.629 	 266.452
FD10895	171.625 	 37.641 	 266.405
FD10895	171.750 	 37.656 	 266.372
FD10895	171.875 	 37.666 	 266.358
FD10895	172.000 	 37.681 	 266.355
FD10895	172.125 	 37.690 	 266.354
FD10895	172.250 	 37.705 	 266.338
FD10895	172.375 	 37.713 	 266.303
FD10895	172.500 	 37.729 	 266.256
FD10895	172.625 	 37.740 	 266.219
FD10895	172.750 	 37.747 	 266.215
FD10895	172.875 	 37.761 	 266.254
FD10895	173.000 	 37.767 	 266.332
FD10895	173.125 	 37.776 	 266.426
FD10895	173.250 	 37.785 	 266.514
FD10895	173.375 	 37.791 	 266.583
FD10895	173.500 	 37.798 	 266.628
FD10895	173.625 	 37.805 	 266.652
FD10895	173.750 	 37.816 	 266.659
FD10895	173.875 	 37.816 	 266.655
FD10895	174.000 	 37.828 	 266.640
FD10895	174.125 	 37.828 	 266.618
FD10895	174.250 	 37.840 	 266.592
FD10895	174.375 	 37.839 	 266.567
FD10895	174.500 	 37.853 	 266.545
FD10895	174.625 	 37.855 	 266.528
FD10895	174.750 	 37.859 	 266.517
FD10895	174.875 	 37.868 	 266.513
FD10895	175.000 	 37.872 	 266.516
FD10895	175.125 	 37.878 	 266.525
FD10895	175.250 	 37.888 	 266.540
FD10895	175.375 	 37.892 	 266.555
FD10895	175.500 	 37.900 	 266.564
FD10895	175.625 	 37.905 	 266.561
FD10895	175.750 	 37.914 	 266.540
FD10895	175.875 	 37.924 	 266.505
FD10895	176.000 	 37.934 	 266.459
FD10895	176.125 	 37.945 	 266.407
FD10895	176.250 	 37.950 	 266.350
FD10895	176.375 	 37.961 	 266.288
FD10895	176.500 	 37.971 	 266.217
FD10895	176.625 	 37.989 	 266.140
FD10895	176.750 	 37.995 	 266.063
FD10895	176.875 	 38.008 	 265.995
FD10895	177.000 	 38.023 	 265.947
FD10895	177.125 	 38.037 	 265.923
FD10895	177.250 	 38.051 	 265.923
FD10895	177.375 	 38.063 	 265.942
FD10895	177.500 	 38.080 	 265.971
FD10895	177.625 	 38.094 	 266.000
FD10895	177.750 	 38.108 	 266.020
FD10895	177.875 	 38.123 	 266.030
FD10895	178.000 	 38.140 	 266.029
FD10895	178.125 	 38.154 	 266.024
FD10895	178.250 	 38.172 	 266.017
FD10895	178.375 	 38.186 	 266.013
FD10895	178.500 	 38.206 	 266.007
FD10895	178.625 	 38.221 	 265.994
FD10895	178.750 	 38.238 	 265.970
FD10895	178.875 	 38.255 	 265.935
FD10895	179.000 	 38.269 	 265.892
FD10895	179.125 	 38.293 	 265.846
FD10895	179.250 	 38.306 	 265.806
FD10895	179.375 	 38.329 	 265.774
FD10895	179.500 	 38.344 	 265.756
FD10895	179.625 	 38.365 	 265.756
FD10895	179.750 	 38.387 	 265.770
FD10895	179.875 	 38.403 	 265.796
FD10895	180.000 	 38.423 	 265.828
FD10895	180.125 	 38.445 	 265.865
FD10895	180.250 	 38.466 	 265.901
FD10895	180.375 	 38.483 	 265.936
FD10895	180.500 	 38.510 	 265.970
FD10895	180.625 	 38.526 	 266.001
FD10895	180.750 	 38.554 	 266.027
FD10895	180.875 	 38.571 	 266.040
FD10895	181.000 	 38.598 	 266.034
FD10895	181.125 	 38.617 	 266.004
FD10895	181.250 	 38.644 	 265.950
FD10895	181.375 	 38.662 	 265.879
FD10895	181.500 	 38.690 	 265.800
FD10895	181.625 	 38.713 	 265.720
FD10895	181.750 	 38.731 	 265.648
FD10895	181.875 	 38.760 	 265.587
FD10895	182.000 	 38.781 	 265.536
FD10895	182.125 	 38.810 	 265.491
FD10895	182.250 	 38.827 	 265.449
FD10895	182.375 	 38.851 	 265.412
FD10895	182.500 	 38.872 	 265.379
FD10895	182.625 	 38.900 	 265.353
FD10895	182.750 	 38.916 	 265.333
FD10895	182.875 	 38.936 	 265.316
FD10895	183.000 	 38.952 	 265.296
FD10895	183.125 	 38.973 	 265.274
FD10895	183.250 	 38.991 	 265.250
FD10895	183.375 	 39.005 	 265.232
FD10895	183.500 	 39.021 	 265.223
FD10895	183.625 	 39.031 	 265.226
FD10895	183.750 	 39.048 	 265.232
FD10895	183.875 	 39.057 	 265.232
FD10895	184.000 	 39.065 	 265.223
FD10895	184.125 	 39.077 	 265.203
FD10895	184.250 	 39.082 	 265.178
FD10895	184.375 	 39.087 	 265.154
FD10895	184.500 	 39.098 	 265.134
FD10895	184.625 	 39.096 	 265.119
FD10895	184.750 	 39.105 	 265.107
FD10895	184.875 	 39.107 	 265.095
FD10895	185.000 	 39.112 	 265.072
FD10895	185.125 	 39.114 	 265.034
FD10895	185.250 	 39.115 	 264.975
FD10895	185.375 	 39.117 	 264.900
FD10895	185.500 	 39.118 	 264.818
FD10895	185.625 	 39.123 	 264.740
FD10895	185.750 	 39.118 	 264.680
FD10895	185.875 	 39.125 	 264.642
FD10895	186.000 	 39.124 	 264.623
FD10895	186.125 	 39.126 	 264.621
FD10895	186.250 	 39.121 	 264.632
FD10895	186.375 	 39.126 	 264.659
FD10895	186.500 	 39.126 	 264.701
FD10895	186.625 	 39.127 	 264.759
FD10895	186.750 	 39.131 	 264.828
FD10895	186.875 	 39.127 	 264.897
FD10895	187.000 	 39.128 	 264.953
FD10895	187.125 	 39.127 	 264.988
FD10895	187.250 	 39.129 	 265.001
FD10895	187.375 	 39.132 	 264.997
FD10895	187.500 	 39.130 	 264.986
FD10895	187.625 	 39.135 	 264.975
FD10895	187.750 	 39.130 	 264.967
FD10895	187.875 	 39.135 	 264.959
FD10895	188.000 	 39.137 	 264.948
FD10895	188.125 	 39.139 	 264.931
FD10895	188.250 	 39.144 	 264.911
FD10895	188.375 	 39.141 	 264.886
FD10895	188.500 	 39.148 	 264.863
FD10895	188.625 	 39.150 	 264.843
FD10895	188.750 	 39.157 	 264.825
FD10895	188.875 	 39.157 	 264.808
FD10895	189.000 	 39.161 	 264.790
FD10895	189.125 	 39.162 	 264.768
FD10895	189.250 	 39.169 	 264.744
FD10895	189.375 	 39.170 	 264.719
FD10895	189.500 	 39.172 	 264.698
FD10895	189.625 	 39.178 	 264.678
FD10895	189.750 	 39.175 	 264.662
FD10895	189.875 	 39.180 	 264.651
FD10895	190.000 	 39.182 	 264.650
FD10895	190.125 	 39.184 	 264.658
FD10895	190.250 	 39.188 	 264.675
FD10895	190.375 	 39.185 	 264.695
FD10895	190.500 	 39.189 	 264.715
FD10895	190.625 	 39.186 	 264.739
FD10895	190.750 	 39.189 	 264.772
FD10895	190.875 	 39.185 	 264.820
FD10895	191.000 	 39.189 	 264.885
FD10895	191.125 	 39.186 	 264.957
FD10895	191.250 	 39.184 	 265.024
FD10895	191.375 	 39.188 	 265.075
FD10895	191.500 	 39.183 	 265.107
FD10895	191.625 	 39.184 	 265.122
FD10895	191.750 	 39.183 	 265.125
FD10895	191.875 	 39.187 	 265.121
FD10895	192.000 	 39.183 	 265.112
FD10895	192.125 	 39.184 	 265.102
FD10895	192.250 	 39.184 	 265.098
FD10895	192.375 	 39.189 	 265.101
FD10895	192.500 	 39.184 	 265.112
FD10895	192.625 	 39.191 	 265.127
FD10895	192.750 	 39.192 	 265.137
FD10895	192.875 	 39.193 	 265.138
FD10895	193.000 	 39.195 	 265.129
FD10895	193.125 	 39.200 	 265.106
FD10895	193.250 	 39.203 	 265.074
FD10895	193.375 	 39.205 	 265.033
FD10895	193.500 	 39.208 	 264.989
FD10895	193.625 	 39.215 	 264.942
FD10895	193.750 	 39.222 	 264.893
FD10895	193.875 	 39.223 	 264.841
FD10895	194.000 	 39.228 	 264.787
FD10895	194.125 	 39.234 	 264.732
FD10895	194.250 	 39.239 	 264.685
FD10895	194.375 	 39.241 	 264.649
FD10895	194.500 	 39.250 	 264.630
FD10895	194.625 	 39.256 	 264.623
FD10895	194.750 	 39.261 	 264.622
FD10895	194.875 	 39.269 	 264.620
FD10895	195.000 	 39.278 	 264.612
FD10895	195.125 	 39.281 	 264.596
FD10895	195.250 	 39.285 	 264.572
FD10895	195.375 	 39.293 	 264.544
FD10895	195.500 	 39.302 	 264.517
FD10895	195.625 	 39.311 	 264.497
FD10895	195.750 	 39.316 	 264.488
FD10895	195.875 	 39.324 	 264.494
FD10895	196.000 	 39.329 	 264.512
FD10895	196.125 	 39.337 	 264.540
FD10895	196.250 	 39.347 	 264.579
FD10895	196.375 	 39.354 	 264.630
FD10895	196.500 	 39.359 	 264.698
FD10895	196.625 	 39.362 	 264.780
FD10895	196.750 	 39.371 	 264.867
FD10895	196.875 	 39.380 	 264.945
FD10895	197.000 	 39.387 	 265.003
FD10895	197.125 	 39.391 	 265.036
FD10895	197.250 	 39.394 	 265.047
FD10895	197.375 	 39.402 	 265.048
FD10895	197.500 	 39.405 	 265.046
FD10895	197.625 	 39.412 	 265.050
FD10895	197.750 	 39.414 	 265.062
FD10895	197.875 	 39.416 	 265.079
FD10895	198.000 	 39.424 	 265.099
FD10895	198.125 	 39.424 	 265.121
FD10895	198.250 	 39.426 	 265.144
FD10895	198.375 	 39.432 	 265.168
FD10895	198.500 	 39.428 	 265.190
FD10895	198.625 	 39.433 	 265.209
FD10895	198.750 	 39.433 	 265.222
FD10895	198.875 	 39.429 	 265.227
FD10895	199.000 	 39.432 	 265.224
FD10895	199.125 	 39.427 	 265.218
FD10895	199.250 	 39.426 	 265.214
FD10895	199.375 	 39.424 	 265.212
FD10895	199.500 	 39.423 	 265.213
FD10895	199.625 	 39.416 	 265.211
FD10895	199.750 	 39.414 	 265.203
FD10895	199.875 	 39.412 	 265.186
FD10895	200.000 	 39.404 	 265.161
FD10895	200.125 	 39.401 	 265.128
FD10895	200.250 	 39.399 	 265.091
FD10895	200.375 	 39.392 	 265.050
FD10895	200.500 	 39.384 	 265.007
FD10895	200.625 	 39.382 	 264.963
FD10895	200.750 	 39.378 	 264.920
FD10895	200.875 	 39.377 	 264.883
FD10895	201.000 	 39.370 	 264.852
FD10895	201.125 	 39.363 	 264.830
FD10895	201.250 	 39.366 	 264.816
FD10895	201.375 	 39.360 	 264.807
FD10895	201.500 	 39.359 	 264.798
FD10895	201.625 	 39.358 	 264.786
FD10895	201.750 	 39.356 	 264.769
FD10895	201.875 	 39.350 	 264.747
FD10895	202.000 	 39.351 	 264.725
FD10895	202.125 	 39.353 	 264.704
FD10895	202.250 	 39.348 	 264.688
FD10895	202.375 	 39.349 	 264.678
FD10895	202.500 	 39.349 	 264.677
FD10895	202.625 	 39.348 	 264.686
FD10895	202.750 	 39.348 	 264.704
FD10895	202.875 	 39.353 	 264.732
FD10895	203.000 	 39.350 	 264.766
FD10895	203.125 	 39.350 	 264.804
FD10895	203.250 	 39.355 	 264.844
FD10895	203.375 	 39.351 	 264.880
FD10895	203.500 	 39.358 	 264.909
FD10895	203.625 	 39.357 	 264.927
FD10895	203.750 	 39.359 	 264.933
FD10895	203.875 	 39.360 	 264.928
FD10895	204.000 	 39.360 	 264.917
FD10895	204.125 	 39.366 	 264.907
FD10895	204.250 	 39.367 	 264.902
FD10895	204.375 	 39.363 	 264.903
FD10895	204.500 	 39.369 	 264.906
FD10895	204.625 	 39.369 	 264.902
FD10895	204.750 	 39.376 	 264.890
FD10895	204.875 	 39.375 	 264.876
FD10895	205.000 	 39.377 	 264.863
FD10895	205.125 	 39.380 	 264.859
FD10895	205.250 	 39.382 	 264.865
FD10895	205.375 	 39.382 	 264.873
FD10895	205.500 	 39.389 	 264.879
FD10895	205.625 	 39.387 	 264.881
FD10895	205.750 	 39.396 	 264.878
FD10895	205.875 	 39.394 	 264.875
FD10895	206.000 	 39.402 	 264.874
FD10895	206.125 	 39.402 	 264.871
FD10895	206.250 	 39.407 	 264.868
FD10895	206.375 	 39.415 	 264.858
FD10895	206.500 	 39.420 	 264.839
FD10895	206.625 	 39.424 	 264.811
FD10895	206.750 	 39.428 	 264.776
FD10895	206.875 	 39.434 	 264.741
FD10895	207.000 	 39.435 	 264.716
FD10895	207.125 	 39.446 	 264.709
FD10895	207.250 	 39.448 	 264.721
FD10895	207.375 	 39.454 	 264.749
FD10895	207.500 	 39.458 	 264.784
FD10895	207.625 	 39.461 	 264.818
FD10895	207.750 	 39.465 	 264.845
FD10895	207.875 	 39.469 	 264.864
FD10895	208.000 	 39.471 	 264.879
FD10895	208.125 	 39.471 	 264.895
FD10895	208.250 	 39.477 	 264.919
FD10895	208.375 	 39.478 	 264.952
FD10895	208.500 	 39.474 	 264.994
FD10895	208.625 	 39.480 	 265.043
FD10895	208.750 	 39.478 	 265.090
FD10895	208.875 	 39.478 	 265.132
FD10895	209.000 	 39.480 	 265.166
FD10895	209.125 	 39.479 	 265.191
FD10895	209.250 	 39.471 	 265.210
FD10895	209.375 	 39.470 	 265.223
FD10895	209.500 	 39.474 	 265.231
FD10895	209.625 	 39.463 	 265.232
FD10895	209.750 	 39.465 	 265.224
FD10895	209.875 	 39.458 	 265.209
FD10895	210.000 	 39.449 	 265.191
FD10895	210.125 	 39.447 	 265.175
FD10895	210.250 	 39.445 	 265.168
FD10895	210.375 	 39.435 	 265.171
FD10895	210.500 	 39.427 	 265.183
FD10895	210.625 	 39.423 	 265.203
FD10895	210.750 	 39.415 	 265.224
FD10895	210.875 	 39.412 	 265.246
FD10895	211.000 	 39.404 	 265.264
FD10895	211.125 	 39.398 	 265.277
FD10895	211.250 	 39.386 	 265.283
FD10895	211.375 	 39.385 	 265.282
FD10895	211.500 	 39.374 	 265.275
FD10895	211.625 	 39.372 	 265.264
FD10895	211.750 	 39.367 	 265.256
FD10895	211.875 	 39.360 	 265.252
FD10895	212.000 	 39.357 	 265.256
FD10895	212.125 	 39.349 	 265.268
FD10895	212.250 	 39.346 	 265.283
FD10895	212.375 	 39.345 	 265.298
FD10895	212.500 	 39.338 	 265.308
FD10895	212.625 	 39.330 	 265.314
FD10895	212.750 	 39.332 	 265.319
FD10895	212.875 	 39.327 	 265.326
FD10895	213.000 	 39.324 	 265.335
FD10895	213.125 	 39.319 	 265.347
FD10895	213.250 	 39.320 	 265.355
FD10895	213.375 	 39.313 	 265.355
FD10895	213.500 	 39.306 	 265.346
FD10895	213.625 	 39.304 	 265.328
FD10895	213.750 	 39.305 	 265.307
FD10895	213.875 	 39.301 	 265.284
FD10895	214.000 	 39.299 	 265.268
FD10895	214.125 	 39.292 	 265.262
FD10895	214.250 	 39.287 	 265.268
FD10895	214.375 	 39.288 	 265.282
FD10895	214.500 	 39.283 	 265.300
FD10895	214.625 	 39.280 	 265.317
FD10895	214.750 	 39.272 	 265.329
FD10895	214.875 	 39.272 	 265.336
FD10895	215.000 	 39.269 	 265.335
FD10895	215.125 	 39.267 	 265.325
FD10895	215.250 	 39.261 	 265.303
FD10895	215.375 	 39.259 	 265.269
FD10895	215.500 	 39.258 	 265.224
FD10895	215.625 	 39.251 	 265.172
FD10895	215.750 	 39.254 	 265.123
FD10895	215.875 	 39.249 	 265.082
FD10895	216.000 	 39.248 	 265.053
FD10895	216.125 	 39.246 	 265.033
FD10895	216.250 	 39.242 	 265.020
FD10895	216.375 	 39.247 	 265.007
FD10895	216.500 	 39.240 	 264.987
FD10895	216.625 	 39.246 	 264.959
FD10895	216.750 	 39.245 	 264.924
FD10895	216.875 	 39.247 	 264.885
FD10895	217.000 	 39.244 	 264.844
FD10895	217.125 	 39.247 	 264.806
FD10895	217.250 	 39.249 	 264.773
FD10895	217.375 	 39.254 	 264.751
FD10895	217.500 	 39.250 	 264.741
FD10895	217.625 	 39.255 	 264.745
FD10895	217.750 	 39.252 	 264.766
FD10895	217.875 	 39.258 	 264.798
FD10895	218.000 	 39.259 	 264.835
FD10895	218.125 	 39.260 	 264.874
FD10895	218.250 	 39.258 	 264.908
FD10895	218.375 	 39.260 	 264.934
FD10895	218.500 	 39.262 	 264.948
FD10895	218.625 	 39.262 	 264.948
FD10895	218.750 	 39.264 	 264.935
FD10895	218.875 	 39.261 	 264.915
FD10895	219.000 	 39.261 	 264.896
FD10895	219.125 	 39.259 	 264.880
FD10895	219.250 	 39.260 	 264.875
FD10895	219.375 	 39.259 	 264.881
FD10895	219.500 	 39.256 	 264.897
FD10895	219.625 	 39.258 	 264.923
FD10895	219.750 	 39.254 	 264.958
FD10895	219.875 	 39.254 	 264.999
FD10895	220.000 	 39.251 	 265.045
FD10895	220.125 	 39.249 	 265.087
FD10895	220.250 	 39.250 	 265.121
FD10895	220.375 	 39.247 	 265.139
FD10895	220.500 	 39.246 	 265.143
FD10895	220.625 	 39.247 	 265.136
FD10895	220.750 	 39.240 	 265.123
FD10895	220.875 	 39.242 	 265.112
FD10895	221.000 	 39.241 	 265.107
FD10895	221.125 	 39.238 	 265.108
FD10895	221.250 	 39.242 	 265.113
FD10895	221.375 	 39.238 	 265.118
FD10895	221.500 	 39.237 	 265.123
FD10895	221.625 	 39.237 	 265.129
FD10895	221.750 	 39.237 	 265.141
FD10895	221.875 	 39.239 	 265.162
FD10895	222.000 	 39.235 	 265.190
FD10895	222.125 	 39.236 	 265.224
FD10895	222.250 	 39.233 	 265.257
FD10895	222.375 	 39.233 	 265.285
FD10895	222.500 	 39.235 	 265.310
FD10895	222.625 	 39.232 	 265.336
FD10895	222.750 	 39.233 	 265.367
FD10895	222.875 	 39.230 	 265.404
FD10895	223.000 	 39.233 	 265.442
FD10895	223.125 	 39.234 	 265.476
FD10895	223.250 	 39.231 	 265.501
FD10895	223.375 	 39.232 	 265.517
FD10895	223.500 	 39.230 	 265.530
FD10895	223.625 	 39.237 	 265.544
FD10895	223.750 	 39.236 	 265.561
FD10895	223.875 	 39.236 	 265.580
FD10895	224.000 	 39.240 	 265.602
FD10895	224.125 	 39.239 	 265.624
FD10895	224.250 	 39.243 	 265.645
FD10895	224.375 	 39.248 	 265.666
FD10895	224.500 	 39.250 	 265.684
FD10895	224.625 	 39.256 	 265.695
FD10895	224.750 	 39.259 	 265.697
FD10895	224.875 	 39.259 	 265.690
FD10895	225.000 	 39.265 	 265.677
FD10895	225.125 	 39.270 	 265.655
FD10895	225.250 	 39.276 	 265.622
FD10895	225.375 	 39.281 	 265.576
FD10895	225.500 	 39.285 	 265.517
FD10895	225.625 	 39.293 	 265.448
FD10895	225.750 	 39.300 	 265.378
FD10895	225.875 	 39.302 	 265.318
FD10895	226.000 	 39.307 	 265.274
FD10895	226.125 	 39.315 	 265.253
FD10895	226.250 	 39.325 	 265.251
FD10895	226.375 	 39.327 	 265.264
FD10895	226.500 	 39.333 	 265.281
FD10895	226.625 	 39.341 	 265.295
FD10895	226.750 	 39.345 	 265.299
FD10895	226.875 	 39.355 	 265.301
FD10895	227.000 	 39.360 	 265.307
FD10895	227.125 	 39.362 	 265.328
FD10895	227.250 	 39.367 	 265.369
FD10895	227.375 	 39.378 	 265.429
FD10895	227.500 	 39.373 	 265.499
FD10895	227.625 	 39.383 	 265.573
FD10895	227.750 	 39.388 	 265.642
FD10895	227.875 	 39.391 	 265.703
FD10895	228.000 	 39.391 	 265.756
FD10895	228.125 	 39.393 	 265.800
FD10895	228.250 	 39.401 	 265.838
FD10895	228.375 	 39.403 	 265.869
FD10895	228.500 	 39.402 	 265.894
FD10895	228.625 	 39.406 	 265.914
FD10895	228.750 	 39.410 	 265.926
FD10895	228.875 	 39.406 	 265.930
FD10895	229.000 	 39.416 	 265.927
FD10895	229.125 	 39.418 	 265.921
FD10895	229.250 	 39.419 	 265.918
FD10895	229.375 	 39.423 	 265.921
FD10895	229.500 	 39.426 	 265.933
FD10895	229.625 	 39.429 	 265.950
FD10895	229.750 	 39.430 	 265.968
FD10895	229.875 	 39.437 	 265.979
FD10895	230.000 	 39.444 	 265.982
FD10895	230.125 	 39.447 	 265.974
FD10895	230.250 	 39.447 	 265.958
FD10895	230.375 	 39.455 	 265.941
FD10895	230.500 	 39.458 	 265.930
FD10895	230.625 	 39.460 	 265.935
FD10895	230.750 	 39.462 	 265.961
FD10895	230.875 	 39.472 	 266.008
FD10895	231.000 	 39.471 	 266.070
FD10895	231.125 	 39.479 	 266.134
FD10895	231.250 	 39.480 	 266.190
FD10895	231.375 	 39.481 	 266.228
FD10895	231.500 	 39.488 	 266.244
FD10895	231.625 	 39.491 	 266.241
FD10895	231.750 	 39.491 	 266.228
FD10895	231.875 	 39.494 	 266.213
FD10895	232.000 	 39.499 	 266.205
FD10895	232.125 	 39.494 	 266.206
FD10895	232.250 	 39.499 	 266.216
FD10895	232.375 	 39.501 	 266.230
FD10895	232.500 	 39.503 	 266.240
FD10895	232.625 	 39.500 	 266.241
FD10895	232.750 	 39.503 	 266.234
FD10895	232.875 	 39.504 	 266.218
FD10895	233.000 	 39.509 	 266.199
FD10895	233.125 	 39.502 	 266.184
FD10895	233.250 	 39.510 	 266.173
FD10895	233.375 	 39.506 	 266.167
FD10895	233.500 	 39.510 	 266.163
FD10895	233.625 	 39.506 	 266.162
FD10895	233.750 	 39.513 	 266.164
FD10895	233.875 	 39.513 	 266.170
FD10895	234.000 	 39.512 	 266.180
FD10895	234.125 	 39.519 	 266.195
FD10895	234.250 	 39.517 	 266.211
FD10895	234.375 	 39.521 	 266.222
FD10895	234.500 	 39.516 	 266.224
FD10895	234.625 	 39.524 	 266.216
FD10895	234.750 	 39.524 	 266.196
FD10895	234.875 	 39.530 	 266.171
FD10895	235.000 	 39.529 	 266.148
FD10895	235.125 	 39.534 	 266.129
FD10895	235.250 	 39.534 	 266.117
FD10895	235.375 	 39.534 	 266.112
FD10895	235.500 	 39.534 	 266.116
FD10895	235.625 	 39.543 	 266.131
FD10895	235.750 	 39.536 	 266.154
FD10895	235.875 	 39.544 	 266.186
FD10895	236.000 	 39.539 	 266.221
FD10895	236.125 	 39.542 	 266.255
FD10895	236.250 	 39.544 	 266.285
FD10895	236.375 	 39.541 	 266.306
FD10895	236.500 	 39.543 	 266.320
FD10895	236.625 	 39.545 	 266.332
FD10895	236.750 	 39.542 	 266.343
FD10895	236.875 	 39.540 	 266.359
FD10895	237.000 	 39.544 	 266.378
FD10895	237.125 	 39.543 	 266.399
FD10895	237.250 	 39.541 	 266.423
FD10895	237.375 	 39.542 	 266.445
FD10895	237.500 	 39.537 	 266.464
FD10895	237.625 	 39.543 	 266.482
FD10895	237.750 	 39.536 	 266.497
FD10895	237.875 	 39.538 	 266.511
FD10895	238.000 	 39.539 	 266.521
FD10895	238.125 	 39.537 	 266.529
FD10895	238.250 	 39.534 	 266.533
FD10895	238.375 	 39.534 	 266.534
FD10895	238.500 	 39.534 	 266.534
FD10895	238.625 	 39.534 	 266.536
FD10895	238.750 	 39.534 	 266.543
FD10895	238.875 	 39.534 	 266.557
FD10895	239.000 	 39.529 	 266.576
FD10895	239.125 	 39.535 	 266.599
FD10895	239.250 	 39.532 	 266.627
FD10895	239.375 	 39.526 	 266.659
FD10895	239.500 	 39.532 	 266.695
FD10895	239.625 	 39.524 	 266.733
FD10895	239.750 	 39.526 	 266.770
FD10895	239.875 	 39.522 	 266.802
FD10895	240.000 	 39.522 	 266.830
FD10895	240.125 	 39.516 	 266.858
FD10895	240.250 	 39.517 	 266.888
FD10895	240.375 	 39.515 	 266.923
FD10895	240.500 	 39.511 	 266.957
FD10895	240.625 	 39.506 	 266.981
FD10895	240.750 	 39.507 	 266.992
FD10895	240.875 	 39.503 	 266.990
FD10895	241.000 	 39.503 	 266.980
FD10895	241.125 	 39.501 	 266.968
FD10895	241.250 	 39.501 	 266.957
FD10895	241.375 	 39.494 	 266.947
FD10895	241.500 	 39.499 	 266.938
FD10895	241.625 	 39.492 	 266.928
FD10895	241.750 	 39.497 	 266.915
FD10895	241.875 	 39.493 	 266.899
FD10895	242.000 	 39.493 	 266.882
FD10895	242.125 	 39.498 	 266.863
FD10895	242.250 	 39.492 	 266.844
FD10895	242.375 	 39.495 	 266.827
FD10895	242.500 	 39.497 	 266.814
FD10895	242.625 	 39.493 	 266.808
FD10895	242.750 	 39.500 	 266.816
FD10895	242.875 	 39.494 	 266.840
FD10895	243.000 	 39.498 	 266.884
FD10895	243.125 	 39.502 	 266.944
FD10895	243.250 	 39.495 	 267.009
FD10895	243.375 	 39.501 	 267.069
FD10895	243.500 	 39.503 	 267.113
FD10895	243.625 	 39.502 	 267.135
FD10895	243.750 	 39.509 	 267.137
FD10895	243.875 	 39.505 	 267.122
FD10895	244.000 	 39.510 	 267.104
FD10895	244.125 	 39.513 	 267.086
FD10895	244.250 	 39.513 	 267.076
FD10895	244.375 	 39.518 	 267.075
FD10895	244.500 	 39.516 	 267.085
FD10895	244.625 	 39.523 	 267.105
FD10895	244.750 	 39.517 	 267.132
FD10895	244.875 	 39.524 	 267.163
FD10895	245.000 	 39.523 	 267.193
FD10895	245.125 	 39.523 	 267.216
FD10895	245.250 	 39.525 	 267.231
FD10895	245.375 	 39.525 	 267.234
FD10895	245.500 	 39.522 	 267.230
FD10895	245.625 	 39.522 	 267.221
FD10895	245.750 	 39.520 	 267.208
FD10895	245.875 	 39.516 	 267.195
FD10895	246.000 	 39.521 	 267.183
FD10895	246.125 	 39.511 	 267.171
FD10895	246.250 	 39.507 	 267.162
FD10895	246.375 	 39.511 	 267.157
FD10895	246.500 	 39.502 	 267.154
FD10895	246.625 	 39.502 	 267.154
FD10895	246.750 	 39.499 	 267.151
FD10895	246.875 	 39.492 	 267.141
FD10895	247.000 	 39.493 	 267.123
FD10895	247.125 	 39.488 	 267.092
FD10895	247.250 	 39.482 	 267.047
FD10895	247.375 	 39.481 	 266.986
FD10895	247.500 	 39.477 	 266.914
FD10895	247.625 	 39.472 	 266.840
FD10895	247.750 	 39.476 	 266.774
FD10895	247.875 	 39.467 	 266.727
FD10895	248.000 	 39.463 	 266.704
FD10895	248.125 	 39.465 	 266.702
FD10895	248.250 	 39.460 	 266.714
FD10895	248.375 	 39.457 	 266.728
FD10895	248.500 	 39.454 	 266.736
FD10895	248.625 	 39.450 	 266.734
FD10895	248.750 	 39.455 	 266.720
FD10895	248.875 	 39.448 	 266.700
FD10895	249.000 	 39.446 	 266.680
FD10895	249.125 	 39.439 	 266.664
FD10895	249.250 	 39.444 	 266.653
FD10895	249.375 	 39.440 	 266.644
FD10895	249.500 	 39.442 	 266.629
FD10895	249.625 	 39.436 	 266.599
FD10895	249.750 	 39.437 	 266.552
FD10895	249.875 	 39.436 	 266.489
FD10895	250.000 	 39.438 	 266.417
FD10895	250.125 	 39.440 	 266.344
FD10895	250.250 	 39.437 	 266.281
FD10895	250.375 	 39.436 	 266.230
FD10895	250.500 	 39.437 	 266.192
FD10895	250.625 	 39.443 	 266.160
FD10895	250.750 	 39.437 	 266.130
FD10895	250.875 	 39.445 	 266.097
FD10895	251.000 	 39.439 	 266.063
FD10895	251.125 	 39.445 	 266.031
FD10895	251.250 	 39.448 	 266.004
FD10895	251.375 	 39.446 	 265.984
FD10895	251.500 	 39.446 	 265.975
FD10895	251.625 	 39.446 	 265.978
FD10895	251.750 	 39.446 	 265.997
FD10895	251.875 	 39.447 	 266.031
FD10895	252.000 	 39.446 	 266.077
FD10895	252.125 	 39.447 	 266.127
FD10895	252.250 	 39.441 	 266.171
FD10895	252.375 	 39.442 	 266.200
FD10895	252.500 	 39.439 	 266.214
FD10895	252.625 	 39.441 	 266.210
FD10895	252.750 	 39.435 	 266.196
FD10895	252.875 	 39.431 	 266.178
FD10895	253.000 	 39.430 	 266.166
FD10895	253.125 	 39.426 	 266.169
FD10895	253.250 	 39.425 	 266.195
FD10895	253.375 	 39.416 	 266.246
FD10895	253.500 	 39.414 	 266.314
FD10895	253.625 	 39.414 	 266.386
FD10895	253.750 	 39.410 	 266.446
FD10895	253.875 	 39.404 	 266.489
FD10895	254.000 	 39.403 	 266.516
FD10895	254.125 	 39.400 	 266.533
FD10895	254.250 	 39.395 	 266.547
FD10895	254.375 	 39.399 	 266.557
FD10895	254.500 	 39.392 	 266.559
FD10895	254.625 	 39.392 	 266.547
FD10895	254.750 	 39.390 	 266.522
FD10895	254.875 	 39.391 	 266.488
FD10895	255.000 	 39.385 	 266.455
FD10895	255.125 	 39.390 	 266.431
FD10895	255.250 	 39.391 	 266.423
FD10895	255.375 	 39.391 	 266.427
FD10895	255.500 	 39.393 	 266.437
FD10895	255.625 	 39.390 	 266.445
FD10895	255.750 	 39.393 	 266.443
FD10895	255.875 	 39.400 	 266.433
FD10895	256.000 	 39.394 	 266.415
FD10895	256.125 	 39.401 	 266.396
FD10895	256.250 	 39.399 	 266.381
FD10895	256.375 	 39.398 	 266.372
FD10895	256.500 	 39.402 	 266.369
FD10895	256.625 	 39.409 	 266.373
FD10895	256.750 	 39.402 	 266.379
FD10895	256.875 	 39.404 	 266.386
FD10895	257.000 	 39.404 	 266.389
FD10895	257.125 	 39.412 	 266.389
FD10895	257.250 	 39.404 	 266.387
FD10895	257.375 	 39.412 	 266.381
FD10895	257.500 	 39.405 	 266.373
FD10895	257.625 	 39.410 	 266.359
FD10895	257.750 	 39.406 	 266.346
FD10895	257.875 	 39.406 	 266.339
FD10895	258.000 	 39.407 	 266.344
FD10895	258.125 	 39.405 	 266.367
FD10895	258.250 	 39.401 	 266.399
FD10895	258.375 	 39.403 	 266.430
FD10895	258.500 	 39.403 	 266.444
FD10895	258.625 	 39.400 	 266.440
FD10895	258.750 	 39.396 	 266.416
FD10895	258.875 	 39.402 	 266.383
FD10895	259.000 	 39.400 	 266.349
FD10895	259.125 	 39.397 	 266.318
FD10895	259.250 	 39.399 	 266.293
FD10895	259.375 	 39.400 	 266.271
FD10895	259.500 	 39.403 	 266.248
FD10895	259.625 	 39.402 	 266.220
FD10895	259.750 	 39.403 	 266.182
FD10895	259.875 	 39.404 	 266.139
FD10895	260.000 	 39.406 	 266.097
FD10895	260.125 	 39.411 	 266.063
FD10895	260.250 	 39.415 	 266.042
FD10895	260.375 	 39.415 	 266.030
FD10895	260.500 	 39.422 	 266.022
FD10895	260.625 	 39.423 	 266.009
FD10895	260.750 	 39.429 	 265.988
FD10895	260.875 	 39.435 	 265.958
FD10895	261.000 	 39.443 	 265.929
FD10895	261.125 	 39.442 	 265.904
FD10895	261.250 	 39.451 	 265.891
FD10895	261.375 	 39.457 	 265.885
FD10895	261.500 	 39.462 	 265.882
FD10895	261.625 	 39.467 	 265.877
FD10895	261.750 	 39.477 	 265.870
FD10895	261.875 	 39.480 	 265.863
FD10895	262.000 	 39.485 	 265.860
FD10895	262.125 	 39.497 	 265.862
FD10895	262.250 	 39.502 	 265.864
FD10895	262.375 	 39.510 	 265.864
FD10895	262.500 	 39.518 	 265.858
FD10895	262.625 	 39.523 	 265.845
FD10895	262.750 	 39.536 	 265.832
FD10895	262.875 	 39.543 	 265.819
FD10895	263.000 	 39.546 	 265.809
FD10895	263.125 	 39.559 	 265.802
FD10895	263.250 	 39.567 	 265.794
FD10895	263.375 	 39.574 	 265.787
FD10895	263.500 	 39.582 	 265.784
FD10895	263.625 	 39.589 	 265.788
FD10895	263.750 	 39.599 	 265.802
FD10895	263.875 	 39.603 	 265.825
FD10895	264.000 	 39.617 	 265.850
FD10895	264.125 	 39.617 	 265.873
FD10895	264.250 	 39.631 	 265.884
FD10895	264.375 	 39.633 	 265.888
FD10895	264.500 	 39.643 	 265.889
FD10895	264.625 	 39.646 	 265.895
FD10895	264.750 	 39.655 	 265.909
FD10895	264.875 	 39.664 	 265.933
FD10895	265.000 	 39.666 	 265.958
FD10895	265.125 	 39.670 	 265.982
FD10895	265.250 	 39.684 	 265.999
FD10895	265.375 	 39.682 	 266.009
FD10895	265.500 	 39.694 	 266.011
FD10895	265.625 	 39.692 	 266.006
FD10895	265.750 	 39.700 	 265.991
FD10895	265.875 	 39.708 	 265.969
FD10895	266.000 	 39.711 	 265.942
FD10895	266.125 	 39.712 	 265.916
FD10895	266.250 	 39.720 	 265.895
FD10895	266.375 	 39.728 	 265.881
FD10895	266.500 	 39.724 	 265.874
FD10895	266.625 	 39.734 	 265.868
FD10895	266.750 	 39.741 	 265.860
FD10895	266.875 	 39.742 	 265.845
FD10895	267.000 	 39.745 	 265.825
FD10895	267.125 	 39.753 	 265.798
FD10895	267.250 	 39.757 	 265.770
FD10895	267.375 	 39.765 	 265.743
FD10895	267.500 	 39.771 	 265.715
FD10895	267.625 	 39.774 	 265.691
FD10895	267.750 	 39.778 	 265.671
FD10895	267.875 	 39.785 	 265.656
FD10895	268.000 	 39.788 	 265.643
FD10895	268.125 	 39.796 	 265.630
FD10895	268.250 	 39.797 	 265.614
FD10895	268.375 	 39.800 	 265.603
FD10895	268.500 	 39.807 	 265.603
FD10895	268.625 	 39.802 	 265.622
FD10895	268.750 	 39.810 	 265.665
FD10895	268.875 	 39.808 	 265.725
FD10895	269.000 	 39.808 	 265.797
FD10895	269.125 	 39.808 	 265.868
FD10895	269.250 	 39.806 	 265.932
FD10895	269.375 	 39.799 	 265.986
FD10895	269.500 	 39.798 	 266.037
FD10895	269.625 	 39.793 	 266.087
FD10895	269.750 	 39.787 	 266.139
FD10895	269.875 	 39.778 	 266.193
FD10895	270.000 	 39.774 	 266.245
FD10895	270.125 	 39.760 	 266.298
FD10895	270.250 	 39.758 	 266.349
FD10895	270.375 	 39.745 	 266.400
FD10895	270.500 	 39.736 	 266.447
FD10895	270.625 	 39.730 	 266.480
FD10895	270.750 	 39.717 	 266.493
FD10895	270.875 	 39.705 	 266.489
FD10895	271.000 	 39.695 	 266.469
FD10895	271.125 	 39.686 	 266.448
FD10895	271.250 	 39.669 	 266.429
FD10895	271.375 	 39.665 	 266.412
FD10895	271.500 	 39.648 	 266.398
FD10895	271.625 	 39.640 	 266.382
FD10895	271.750 	 39.627 	 266.360
FD10895	271.875 	 39.619 	 266.334
FD10895	272.000 	 39.603 	 266.305
FD10895	272.125 	 39.596 	 266.275
FD10895	272.250 	 39.583 	 266.246
FD10895	272.375 	 39.573 	 266.221
FD10895	272.500 	 39.562 	 266.203
FD10895	272.625 	 39.554 	 266.191
FD10895	272.750 	 39.544 	 266.186
FD10895	272.875 	 39.535 	 266.182
FD10895	273.000 	 39.525 	 266.173
FD10895	273.125 	 39.516 	 266.154
FD10895	273.250 	 39.511 	 266.123
FD10895	273.375 	 39.510 	 266.080
FD10895	273.500 	 39.495 	 266.035
FD10895	273.625 	 39.498 	 265.997
FD10895	273.750 	 39.489 	 265.973
FD10895	273.875 	 39.484 	 265.966
FD10895	274.000 	 39.482 	 265.971
FD10895	274.125 	 39.479 	 265.979
FD10895	274.250 	 39.478 	 265.986
FD10895	274.375 	 39.478 	 265.986
FD10895	274.500 	 39.471 	 265.982
FD10895	274.625 	 39.479 	 265.977
FD10895	274.750 	 39.476 	 265.971
FD10895	274.875 	 39.472 	 265.966
FD10895	275.000 	 39.477 	 265.956
FD10895	275.125 	 39.473 	 265.940
FD10895	275.250 	 39.478 	 265.915
FD10895	275.375 	 39.479 	 265.891
FD10895	275.500 	 39.480 	 265.873
FD10895	275.625 	 39.477 	 265.866
FD10895	275.750 	 39.482 	 265.874
FD10895	275.875 	 39.479 	 265.888
FD10895	276.000 	 39.481 	 265.905
FD10895	276.125 	 39.485 	 265.920
FD10895	276.250 	 39.483 	 265.934
FD10895	276.375 	 39.482 	 265.948
FD10895	276.500 	 39.479 	 265.967
FD10895	276.625 	 39.481 	 265.995
FD10895	276.750 	 39.479 	 266.033
FD10895	276.875 	 39.478 	 266.078
FD10895	277.000 	 39.479 	 266.126
FD10895	277.125 	 39.470 	 266.170
FD10895	277.250 	 39.469 	 266.207
FD10895	277.375 	 39.468 	 266.235
FD10895	277.500 	 39.465 	 266.254
FD10895	277.625 	 39.457 	 266.266
FD10895	277.750 	 39.460 	 266.274
FD10895	277.875 	 39.455 	 266.274
FD10895	278.000 	 39.448 	 266.262
FD10895	278.125 	 39.448 	 266.240
FD10895	278.250 	 39.447 	 266.211
FD10895	278.375 	 39.442 	 266.179
FD10895	278.500 	 39.439 	 266.153
FD10895	278.625 	 39.437 	 266.135
FD10895	278.750 	 39.437 	 266.122
FD10895	278.875 	 39.435 	 266.113
FD10895	279.000 	 39.435 	 266.106
FD10895	279.125 	 39.435 	 266.101
FD10895	279.250 	 39.435 	 266.104
FD10895	279.375 	 39.435 	 266.116
FD10895	279.500 	 39.427 	 266.135
FD10895	279.625 	 39.436 	 266.159
FD10895	279.750 	 39.433 	 266.177
FD10895	279.875 	 39.428 	 266.185
FD10895	280.000 	 39.435 	 266.185
FD10895	280.125 	 39.433 	 266.178
FD10895	280.250 	 39.428 	 266.173
FD10895	280.375 	 39.435 	 266.176
FD10895	280.500 	 39.432 	 266.186
FD10895	280.625 	 39.430 	 266.206
FD10895	280.750 	 39.434 	 266.227
FD10895	280.875 	 39.433 	 266.247
FD10895	281.000 	 39.428 	 266.265
FD10895	281.125 	 39.435 	 266.280
FD10895	281.250 	 39.434 	 266.295
FD10895	281.375 	 39.429 	 266.310
FD10895	281.500 	 39.433 	 266.328
FD10895	281.625 	 39.433 	 266.346
FD10895	281.750 	 39.435 	 266.365
FD10895	281.875 	 39.430 	 266.383
FD10895	282.000 	 39.433 	 266.403
FD10895	282.125 	 39.436 	 266.423
FD10895	282.250 	 39.435 	 266.440
FD10895	282.375 	 39.435 	 266.454
FD10895	282.500 	 39.437 	 266.464
FD10895	282.625 	 39.437 	 266.471
FD10895	282.750 	 39.437 	 266.481
FD10895	282.875 	 39.443 	 266.493
FD10895	283.000 	 39.438 	 266.506
FD10895	283.125 	 39.443 	 266.516
FD10895	283.250 	 39.441 	 266.515
FD10895	283.375 	 39.446 	 266.501
FD10895	283.500 	 39.447 	 266.472
FD10895	283.625 	 39.445 	 266.432
FD10895	283.750 	 39.449 	 266.388
FD10895	283.875 	 39.455 	 266.345
FD10895	284.000 	 39.449 	 266.308
FD10895	284.125 	 39.457 	 266.284
FD10895	284.250 	 39.457 	 266.274
FD10895	284.375 	 39.457 	 266.279
FD10895	284.500 	 39.459 	 266.302
FD10895	284.625 	 39.465 	 266.341
FD10895	284.750 	 39.462 	 266.392
FD10895	284.875 	 39.467 	 266.451
FD10895	285.000 	 39.468 	 266.507
FD10895	285.125 	 39.467 	 266.554
FD10895	285.250 	 39.468 	 266.588
FD10895	285.375 	 39.471 	 266.605
FD10895	285.500 	 39.468 	 266.601
FD10895	285.625 	 39.471 	 266.583
FD10895	285.750 	 39.469 	 266.550
FD10895	285.875 	 39.475 	 266.509
FD10895	286.000 	 39.472 	 266.468
FD10895	286.125 	 39.475 	 266.428
FD10895	286.250 	 39.471 	 266.393
FD10895	286.375 	 39.472 	 266.362
FD10895	286.500 	 39.478 	 266.329
FD10895	286.625 	 39.476 	 266.292
FD10895	286.750 	 39.473 	 266.251
FD10895	286.875 	 39.479 	 266.208
FD10895	287.000 	 39.478 	 266.168
FD10895	287.125 	 39.481 	 266.140
FD10895	287.250 	 39.482 	 266.125
FD10895	287.375 	 39.486 	 266.121
FD10895	287.500 	 39.482 	 266.126
FD10895	287.625 	 39.489 	 266.137
FD10895	287.750 	 39.488 	 266.147
FD10895	287.875 	 39.491 	 266.160
FD10895	288.000 	 39.493 	 266.177
FD10895	288.125 	 39.492 	 266.198
FD10895	288.250 	 39.494 	 266.225
FD10895	288.375 	 39.497 	 266.256
FD10895	288.500 	 39.499 	 266.288
FD10895	288.625 	 39.496 	 266.321
FD10895	288.750 	 39.500 	 266.349
FD10895	288.875 	 39.502 	 266.372
FD10895	289.000 	 39.501 	 266.388
FD10895	289.125 	 39.504 	 266.400
FD10895	289.250 	 39.501 	 266.410
FD10895	289.375 	 39.503 	 266.421
FD10895	289.500 	 39.500 	 266.433
FD10895	289.625 	 39.502 	 266.447
FD10895	289.750 	 39.502 	 266.461
FD10895	289.875 	 39.499 	 266.473
FD10895	290.000 	 39.501 	 266.483
FD10895	290.125 	 39.494 	 266.485
FD10895	290.250 	 39.498 	 266.483
FD10895	290.375 	 39.494 	 266.475
FD10895	290.500 	 39.492 	 266.463
FD10895	290.625 	 39.499 	 266.451
FD10895	290.750 	 39.495 	 266.440
FD10895	290.875 	 39.507 	 266.428
FD10895	291.000 	 39.506 	 266.419
FD10895	291.125 	 39.513 	 266.410
FD10895	291.250 	 39.530 	 266.408
FD10895	291.375 	 39.533 	 266.413
FD10895	291.500 	 39.540 	 266.425
FD10895	291.625 	 39.552 	 266.440
FD10895	291.750 	 39.552 	 266.451
FD10895	291.875 	 39.564 	 266.453
FD10895	292.000 	 39.564 	 266.443
FD10895	292.125 	 39.563 	 266.425
FD10895	292.250 	 39.568 	 266.407
FD10895	292.375 	 39.568 	 266.391
FD10895	292.500 	 39.573 	 266.383
FD10895	292.625 	 39.566 	 266.381
FD10895	292.750 	 39.569 	 266.383
FD10895	292.875 	 39.569 	 266.384
FD10895	293.000 	 39.566 	 266.381
FD10895	293.125 	 39.569 	 266.377
FD10895	293.250 	 39.569 	 266.374
FD10895	293.375 	 39.566 	 266.377
FD10895	293.500 	 39.569 	 266.385
FD10895	293.625 	 39.568 	 266.396
FD10895	293.750 	 39.568 	 266.409
FD10895	293.875 	 39.572 	 266.417
FD10895	294.000 	 39.563 	 266.418
FD10895	294.125 	 39.563 	 266.404
FD10895	294.250 	 39.573 	 266.375
FD10895	294.375 	 39.572 	 266.331
FD10895	294.500 	 39.562 	 266.280
FD10895	294.625 	 39.564 	 266.232
FD10895	294.750 	 39.574 	 266.197
FD10895	294.875 	 39.571 	 266.179
FD10895	295.000 	 39.563 	 266.180
FD10895	295.125 	 39.565 	 266.194
FD10895	295.250 	 39.573 	 266.213
FD10895	295.375 	 39.572 	 266.231
FD10895	295.500 	 39.563 	 266.244
FD10895	295.625 	 39.572 	 266.254
FD10895	295.750 	 39.572 	 266.258
FD10895	295.875 	 39.563 	 266.255
FD10895	296.000 	 39.563 	 266.244
FD10895	296.125 	 39.573 	 266.222
FD10895	296.250 	 39.574 	 266.196
FD10895	296.375 	 39.563 	 266.169
FD10895	296.500 	 39.564 	 266.147
FD10895	296.625 	 39.573 	 266.130
FD10895	296.750 	 39.574 	 266.117
FD10895	296.875 	 39.565 	 266.104
FD10895	297.000 	 39.577 	 266.089
FD10895	297.125 	 39.580 	 266.071
FD10895	297.250 	 39.590 	 266.053
FD10895	297.375 	 39.584 	 266.033
FD10895	297.500 	 39.588 	 266.018
FD10895	297.625 	 39.597 	 266.003
FD10895	297.750 	 39.600 	 265.993
FD10895	297.875 	 39.600 	 265.984
FD10895	298.000 	 39.615 	 265.978
FD10895	298.125 	 39.615 	 265.975
FD10895	298.250 	 39.612 	 265.969
FD10895	298.375 	 39.618 	 265.959
FD10895	298.500 	 39.622 	 265.939
FD10895	298.625 	 39.614 	 265.903
FD10895	298.750 	 39.631 	 265.856
FD10895	298.875 	 39.612 	 265.805
FD10895	299.000 	 39.632 	 265.760
FD10895	299.125 	 39.615 	 265.727
FD10895	299.250 	 39.631 	 265.710
FD10895	299.375 	 39.613 	 265.708
FD10895	299.500 	 39.631 	 265.712
FD10895	299.625 	 39.613 	 265.720
FD10895	299.750 	 39.633 	 265.730
FD10895	299.875 	 39.612 	 265.740
FD10895	300.000 	 39.632 	 265.754
FD10895	300.125 	 39.613 	 265.773
FD10895	300.250 	 39.630 	 265.796
FD10895	300.375 	 39.612 	 265.821
FD10895	300.500 	 39.620 	 265.843
FD10895	300.625 	 39.617 	 265.856
FD10895	300.750 	 39.608 	 265.859
FD10895	300.875 	 39.602 	 265.853
FD10895	301.000 	 39.603 	 265.842
FD10895	301.125 	 39.600 	 265.832
FD10895	301.250 	 39.598 	 265.831
FD10895	301.375 	 39.597 	 265.839
FD10895	301.500 	 39.597 	 265.855
FD10895	301.625 	 39.599 	 265.879
FD10895	301.750 	 39.595 	 265.906
FD10895	301.875 	 39.590 	 265.940
FD10895	302.000 	 39.595 	 265.977
FD10895	302.125 	 39.590 	 266.018
FD10895	302.250 	 39.595 	 266.060
FD10895	302.375 	 39.599 	 266.102
FD10895	302.500 	 39.598 	 266.139
FD10895	302.625 	 39.599 	 266.174
FD10895	302.750 	 39.598 	 266.207
FD10895	302.875 	 39.603 	 266.235
FD10895	303.000 	 39.605 	 266.253
FD10895	303.125 	 39.617 	 266.255
FD10895	303.250 	 39.620 	 266.239
FD10895	303.375 	 39.612 	 266.207
FD10895	303.500 	 39.628 	 266.173
FD10895	303.625 	 39.614 	 266.145
FD10895	303.750 	 39.624 	 266.124
FD10895	303.875 	 39.624 	 266.112
FD10895	304.000 	 39.633 	 266.098
FD10895	304.125 	 39.625 	 266.080
FD10895	304.250 	 39.628 	 266.059
FD10895	304.375 	 39.641 	 266.042
FD10895	304.500 	 39.643 	 266.043
FD10895	304.625 	 39.645 	 266.065
FD10895	304.750 	 39.644 	 266.107
FD10895	304.875 	 39.647 	 266.161
FD10895	305.000 	 39.646 	 266.211
FD10895	305.125 	 39.647 	 266.251
FD10895	305.250 	 39.649 	 266.275
FD10895	305.375 	 39.655 	 266.286
FD10895	305.500 	 39.646 	 266.291
FD10895	305.625 	 39.655 	 266.292
FD10895	305.750 	 39.651 	 266.292
FD10895	305.875 	 39.646 	 266.292
FD10895	306.000 	 39.646 	 266.292
FD10895	306.125 	 39.646 	 266.292
FD10895	306.250 	 39.651 	 266.292
FD10895	306.375 	 39.646 	 266.292
FD10895	306.500 	 39.655 	 266.292
FD10895	306.625 	 39.646 	 266.292
FD10895	306.750 	 39.660 	 266.292
FD10895	306.875 	 39.646 	 266.292
FD10895	307.000 	 39.651 	 266.292
FD10895	307.125 	 39.660 	 266.292
FD10895	307.250 	 39.666 	 266.292
FD10895	307.375 	 39.657 	 266.292
FD10895	307.500 	 39.680 	 266.292
FD10895	307.625 	 39.666 	 266.292
FD10895	307.750 	 39.671 	 266.292
FD10895	307.875 	 39.680 	 266.292
FD10895	308.000 	 39.676 	 266.293
FD10895	308.125 	 39.671 	 266.292
FD10895	308.250 	 39.680 	 266.292
FD10895	308.375 	 39.680 	 266.292
FD10895	308.500 	 39.676 	 266.292
FD10895	308.625 	 39.685 	 266.292
FD10895	308.750 	 39.685 	 266.292
FD10895	308.875 	 39.691 	 266.293
FD10895	309.000 	 39.691 	 266.292
FD10895	309.125 	 39.705 	 266.292
FD10895	309.250 	 39.691 	 266.292
FD10895	309.375 	 39.696 	 266.292
FD10895	309.500 	 39.714 	 266.292
FD10895	309.625 	 39.701 	 266.293
FD10895	309.750 	 39.696 	 266.292
FD10895	309.875 	 39.714 	 266.292
FD10895	310.000 	 39.696 	 266.292
FD10895	310.125 	 39.696 	 266.292
FD10895	310.250 	 39.714 	 266.292
FD10895	310.375 	 39.696 	 266.292
FD10895	310.500 	 39.701 	 266.293
FD10895	310.625 	 39.714 	 266.292
FD10895	310.750 	 39.696 	 266.292
FD10895	310.875 	 39.696 	 266.292
FD10895	311.000 	 39.714 	 266.292
FD10895	311.125 	 39.696 	 266.292
FD10895	311.250 	 39.710 	 266.293
FD10895	311.375 	 39.705 	 266.292
FD10895	311.500 	 39.696 	 266.292
FD10895	311.625 	 39.705 	 266.292
FD10895	311.750 	 39.705 	 266.292
FD10895	311.875 	 39.696 	 266.292
FD10895	312.000 	 39.710 	 266.293
FD10895	312.125 	 39.705 	 266.292
FD10895	312.250 	 39.696 	 266.292
FD10895	312.375 	 39.705 	 266.292
FD10895	312.500 	 39.705 	 266.292
FD10895	312.625 	 39.696 	 266.292
FD10895	312.750 	 39.710 	 266.293
FD10895	312.875 	 39.705 	 266.292
FD10895	313.000 	 39.696 	 266.292
FD10895	313.125 	 39.710 	 266.293
FD10895	313.250 	 39.710 	 266.292
FD10895	313.375 	 39.719 	 266.292
FD10895	313.500 	 39.707 	 266.293
FD10895	313.625 	 39.725 	 266.292
FD10895	313.750 	 39.725 	 266.291
FD10895	313.875 	 39.730 	 266.292
FD10895	314.000 	 39.730 	 266.293
FD10895	314.125 	 39.730 	 266.292
FD10895	314.250 	 39.721 	 266.292
FD10895	314.375 	 39.730 	 266.292
FD10895	314.500 	 39.730 	 266.292
FD10895	314.625 	 39.721 	 266.292
FD10895	314.750 	 39.730 	 266.292
FD10895	314.875 	 39.730 	 266.292
FD10895	315.000 	 39.730 	 266.292
FD10895	315.125 	 39.730 	 266.292
FD10895	315.250 	 39.730 	 266.293
FD10895	315.375 	 39.730 	 266.292
FD10895	315.500 	 39.730 	 266.292
FD10895	315.625 	 39.730 	 266.292
FD10895	315.750 	 39.730 	 266.292
FD10895	315.875 	 39.730 	 266.292
FD10895	316.000 	 39.721 	 266.292
FD10895	316.125 	 39.730 	 266.292
FD10895	316.250 	 39.730 	 266.292
FD10895	316.375 	 39.730 	 266.292
FD10895	316.500 	 39.721 	 266.292
FD10895	316.625 	 39.730 	 266.293
FD10895	316.750 	 39.730 	 266.292
FD10895	316.875 	 39.730 	 266.292
FD10895	317.000 	 39.736 	 266.293
FD10895	317.125 	 39.730 	 266.292
FD10895	317.250 	 39.730 	 266.292
FD10895	317.375 	 39.730 	 266.291
FD10895	317.500 	 39.730 	 266.292
FD10895	317.625 	 39.736 	 266.293
FD10895	317.750 	 39.736 	 266.292
FD10895	317.875 	 39.730 	 266.291
FD10895	318.000 	 39.736 	 266.292
FD10895	318.125 	 0.000 	 90.000
FD10895	318.250 	 0.000 	 90.000
FD10895	318.375 	 0.000 	 90.000
FD10895	318.500 	 0.000 	 90.000
FD10895	318.625 	 0.000 	 90.000
FD10895	318.750 	 0.000 	 90.000
FD10895	318.875 	 0.000 	 90.000
FD10895	319.000 	 0.000 	 90.000
FD10895	319.125 	 0.000 	 90.000
FD10895	319.250 	 0.000 	 90.000
FD10895	319.375 	 0.000 	 90.000
FD10895	319.500 	 0.000 	 90.000
FD10895	319.625 	 0.000 	 90.000
FD10895	319.750 	 0.000 	 90.000
FD10895	319.875 	 0.000 	 90.000
FD10895	320.000 	 0.000 	 90.000
FD10895	320.125 	 0.000 	 90.000
FD10895	320.250 	 0.000 	 90.000
FD10895	320.375 	 0.000 	 90.000
FD10895	320.500 	 0.000 	 90.000
FD10895	320.625 	 0.000 	 90.000
FD10895	320.750 	 0.000 	 90.000
FD10895	320.875 	 0.000 	 90.000
FD10895	321.000 	 0.000 	 90.000
FD10895	321.125 	 0.000 	 90.000
FD10895	321.250 	 0.000 	 90.000
FD10895	321.375 	 0.000 	 90.000
FD10895	321.500 	 0.000 	 90.000
FD10895	321.625 	 0.000 	 90.000
FD10895	321.750 	 0.000 	 90.000
FD10895	321.875 	 0.000 	 90.000
FD10895	322.000 	 0.000 	 90.000
FD10895	322.125 	 0.000 	 90.000
FD10895	322.250 	 0.000 	 90.000
FD10895	322.375 	 0.000 	 90.000
FD10895	322.500 	 0.000 	 90.000
FD10895	322.625 	 0.000 	 90.000
FD10895	322.750 	 0.000 	 90.000
FD10895	322.875 	 0.000 	 90.000
FD10895	323.000 	 0.000 	 90.000
FD10895	323.125 	 0.000 	 90.000
FD10895	323.250 	 0.000 	 90.000
FD10895	323.375 	 0.000 	 90.000
FD10895	323.500 	 0.000 	 90.000
FD10895	323.625 	 0.000 	 90.000
FD10895	323.750 	 0.000 	 90.000
FD10895	323.875 	 0.000 	 90.000
FD10895	324.000 	 0.000 	 90.000
FD10895	324.125 	 0.000 	 90.000
FD10895	324.250 	 0.000 	 90.000
FD10895	324.375 	 0.000 	 90.000
FD10895	324.500 	 0.000 	 90.000
FD10895	324.625 	 0.000 	 90.000
FD10895	324.750 	 0.000 	 90.000
FD10895	324.875 	 0.000 	 90.000
FD10895	325.000 	 0.000 	 90.000
FD10895	325.125 	 0.000 	 90.000
FD10895	325.250 	 0.000 	 90.000
FD10895	325.375 	 0.000 	 90.000
FD10895	325.500 	 0.000 	 90.000
FD10895	325.625 	 0.000 	 90.000
FD10895	325.750 	 0.000 	 90.000
FD10895	325.875 	 0.000 	 90.000
FD10895	326.000 	 0.000 	 90.000
FD10895	326.125 	 0.000 	 90.000
FD10895	326.250 	 0.000 	 90.000
FD10895	326.375 	 0.000 	 90.000
FD10895	326.500 	 0.000 	 90.000
FD10895	326.625 	 0.000 	 90.000
FD10895	326.750 	 0.000 	 90.000
FD10895	326.875 	 0.000 	 90.000
FD10895	327.000 	 0.000 	 90.000
FD10895	327.125 	 0.000 	 90.000
FD10895	327.250 	 0.000 	 90.000
FD10895	327.375 	 0.000 	 90.000
FD10895	327.500 	 0.000 	 90.000
FD10895	327.625 	 0.000 	 90.000
FD10895	327.750 	 0.000 	 90.000
FD10895	327.875 	 0.000 	 90.000
FD10895	328.000 	 0.000 	 90.000
