#WellName	 Depth.M	 INCL	 AZIM 
WellName	 Depth.M	 INCL	 AZIM 
FD10911	0.000 	 0.000 	 0.000
FD10911	0.125 	 0.000 	 90.000
FD10911	0.250 	 0.000 	 90.000
FD10911	0.375 	 0.000 	 90.000
FD10911	0.500 	 0.000 	 90.000
FD10911	0.625 	 0.000 	 90.000
FD10911	0.750 	 0.000 	 90.000
FD10911	0.875 	 0.000 	 90.000
FD10911	1.000 	 0.000 	 90.000
FD10911	1.125 	 0.000 	 90.000
FD10911	1.250 	 0.000 	 90.000
FD10911	1.375 	 0.000 	 90.000
FD10911	1.500 	 0.000 	 90.000
FD10911	1.625 	 0.000 	 90.000
FD10911	1.750 	 0.000 	 90.000
FD10911	1.875 	 0.000 	 90.000
FD10911	2.000 	 0.000 	 90.000
FD10911	2.125 	 0.000 	 90.000
FD10911	2.250 	 0.000 	 90.000
FD10911	2.375 	 0.000 	 90.000
FD10911	2.500 	 0.000 	 90.000
FD10911	2.625 	 0.000 	 90.000
FD10911	2.750 	 0.000 	 90.000
FD10911	2.875 	 0.000 	 90.000
FD10911	3.000 	 0.000 	 90.000
FD10911	3.125 	 0.000 	 90.000
FD10911	3.250 	 0.000 	 90.000
FD10911	3.375 	 0.000 	 90.000
FD10911	3.500 	 0.000 	 90.000
FD10911	3.625 	 0.000 	 90.000
FD10911	3.750 	 0.000 	 90.000
FD10911	3.875 	 0.000 	 90.000
FD10911	4.000 	 0.000 	 90.000
FD10911	4.125 	 0.000 	 90.000
FD10911	4.250 	 0.000 	 90.000
FD10911	4.375 	 0.000 	 90.000
FD10911	4.500 	 0.000 	 90.000
FD10911	4.625 	 0.000 	 90.000
FD10911	4.750 	 0.000 	 90.000
FD10911	4.875 	 0.000 	 90.000
FD10911	5.000 	 0.000 	 90.000
FD10911	5.125 	 0.000 	 90.000
FD10911	5.250 	 0.000 	 90.000
FD10911	5.375 	 0.000 	 90.000
FD10911	5.500 	 0.000 	 90.000
FD10911	5.625 	 0.000 	 90.000
FD10911	5.750 	 0.000 	 90.000
FD10911	5.875 	 0.000 	 90.000
FD10911	6.000 	 0.000 	 90.000
FD10911	6.125 	 0.000 	 90.000
FD10911	6.250 	 0.000 	 90.000
FD10911	6.375 	 0.000 	 90.000
FD10911	6.500 	 0.000 	 90.000
FD10911	6.625 	 0.000 	 90.000
FD10911	6.750 	 0.000 	 90.000
FD10911	6.875 	 0.000 	 90.000
FD10911	7.000 	 0.000 	 90.000
FD10911	7.125 	 0.000 	 90.000
FD10911	7.250 	 0.000 	 90.000
FD10911	7.375 	 0.000 	 90.000
FD10911	7.500 	 0.000 	 90.000
FD10911	7.625 	 0.000 	 90.000
FD10911	7.750 	 0.000 	 90.000
FD10911	7.875 	 0.000 	 90.000
FD10911	8.000 	 0.000 	 90.000
FD10911	8.125 	 0.000 	 90.000
FD10911	8.250 	 0.000 	 90.000
FD10911	8.375 	 0.000 	 90.000
FD10911	8.500 	 0.000 	 90.000
FD10911	8.625 	 0.000 	 90.000
FD10911	8.750 	 0.000 	 90.000
FD10911	8.875 	 0.000 	 90.000
FD10911	9.000 	 0.000 	 90.000
FD10911	9.125 	 0.000 	 90.000
FD10911	9.250 	 0.000 	 90.000
FD10911	9.375 	 0.000 	 90.000
FD10911	9.500 	 0.000 	 90.000
FD10911	9.625 	 0.000 	 90.000
FD10911	9.750 	 0.000 	 90.000
FD10911	9.875 	 0.000 	 90.000
FD10911	10.000 	 0.000 	 90.000
FD10911	10.125 	 0.000 	 90.000
FD10911	10.250 	 0.000 	 90.000
FD10911	10.375 	 0.000 	 90.000
FD10911	10.500 	 0.000 	 90.000
FD10911	10.625 	 0.000 	 90.000
FD10911	10.750 	 0.000 	 90.000
FD10911	10.875 	 0.000 	 90.000
FD10911	11.000 	 0.000 	 90.000
FD10911	11.125 	 0.000 	 90.000
FD10911	11.250 	 0.000 	 90.000
FD10911	11.375 	 0.000 	 90.000
FD10911	11.500 	 0.000 	 90.000
FD10911	11.625 	 0.000 	 90.000
FD10911	11.750 	 0.000 	 90.000
FD10911	11.875 	 0.000 	 90.000
FD10911	12.000 	 0.000 	 90.000
FD10911	12.125 	 0.000 	 90.000
FD10911	12.250 	 0.000 	 90.000
FD10911	12.375 	 0.000 	 90.000
FD10911	12.500 	 0.000 	 90.000
FD10911	12.625 	 0.000 	 90.000
FD10911	12.750 	 0.000 	 90.000
FD10911	12.875 	 0.000 	 90.000
FD10911	13.000 	 0.000 	 90.000
FD10911	13.125 	 0.000 	 90.000
FD10911	13.250 	 0.000 	 90.000
FD10911	13.375 	 0.000 	 90.000
FD10911	13.500 	 0.000 	 90.000
FD10911	13.625 	 0.000 	 90.000
FD10911	13.750 	 0.000 	 90.000
FD10911	13.875 	 0.000 	 90.000
FD10911	14.000 	 0.000 	 90.000
FD10911	14.125 	 0.000 	 90.000
FD10911	14.250 	 0.000 	 90.000
FD10911	14.375 	 0.000 	 90.000
FD10911	14.500 	 0.000 	 90.000
FD10911	14.625 	 0.000 	 90.000
FD10911	14.750 	 0.000 	 90.000
FD10911	14.875 	 0.000 	 90.000
FD10911	15.000 	 0.000 	 90.000
FD10911	15.125 	 0.000 	 90.000
FD10911	15.250 	 0.000 	 90.000
FD10911	15.375 	 0.000 	 90.000
FD10911	15.500 	 0.000 	 90.000
FD10911	15.625 	 0.000 	 90.000
FD10911	15.750 	 0.000 	 90.000
FD10911	15.875 	 0.000 	 90.000
FD10911	16.000 	 0.000 	 90.000
FD10911	16.125 	 0.000 	 90.000
FD10911	16.250 	 0.000 	 90.000
FD10911	16.375 	 0.000 	 90.000
FD10911	16.500 	 0.000 	 90.000
FD10911	16.625 	 0.000 	 90.000
FD10911	16.750 	 0.000 	 90.000
FD10911	16.875 	 0.000 	 90.000
FD10911	17.000 	 0.000 	 90.000
FD10911	17.125 	 0.000 	 90.000
FD10911	17.250 	 0.000 	 90.000
FD10911	17.375 	 0.000 	 90.000
FD10911	17.500 	 0.000 	 90.000
FD10911	17.625 	 0.000 	 90.000
FD10911	17.750 	 0.000 	 90.000
FD10911	17.875 	 0.000 	 90.000
FD10911	18.000 	 0.000 	 90.000
FD10911	18.125 	 0.000 	 90.000
FD10911	18.250 	 0.000 	 90.000
FD10911	18.375 	 0.000 	 90.000
FD10911	18.500 	 0.000 	 90.000
FD10911	18.625 	 0.000 	 90.000
FD10911	18.750 	 0.000 	 90.000
FD10911	18.875 	 0.000 	 90.000
FD10911	19.000 	 0.000 	 90.000
FD10911	19.125 	 0.000 	 90.000
FD10911	19.250 	 0.000 	 90.000
FD10911	19.375 	 0.000 	 90.000
FD10911	19.500 	 0.000 	 90.000
FD10911	19.625 	 0.000 	 90.000
FD10911	19.750 	 0.000 	 90.000
FD10911	19.875 	 0.000 	 90.000
FD10911	20.000 	 0.000 	 90.000
FD10911	20.125 	 0.000 	 90.000
FD10911	20.250 	 0.000 	 90.000
FD10911	20.375 	 0.000 	 90.000
FD10911	20.500 	 0.000 	 90.000
FD10911	20.625 	 0.000 	 90.000
FD10911	20.750 	 0.000 	 90.000
FD10911	20.875 	 0.000 	 90.000
FD10911	21.000 	 0.000 	 90.000
FD10911	21.125 	 0.000 	 90.000
FD10911	21.250 	 0.000 	 90.000
FD10911	21.375 	 0.000 	 90.000
FD10911	21.500 	 0.000 	 90.000
FD10911	21.625 	 0.000 	 90.000
FD10911	21.750 	 0.000 	 90.000
FD10911	21.875 	 0.000 	 90.000
FD10911	22.000 	 0.000 	 90.000
FD10911	22.125 	 0.000 	 90.000
FD10911	22.250 	 0.000 	 90.000
FD10911	22.375 	 0.000 	 90.000
FD10911	22.500 	 0.000 	 90.000
FD10911	22.625 	 0.000 	 90.000
FD10911	22.750 	 0.000 	 90.000
FD10911	22.875 	 0.000 	 90.000
FD10911	23.000 	 0.000 	 90.000
FD10911	23.125 	 0.000 	 90.000
FD10911	23.250 	 0.000 	 90.000
FD10911	23.375 	 0.000 	 90.000
FD10911	23.500 	 0.000 	 90.000
FD10911	23.625 	 0.000 	 90.000
FD10911	23.750 	 0.000 	 90.000
FD10911	23.875 	 0.000 	 90.000
FD10911	24.000 	 0.000 	 90.000
FD10911	24.125 	 1.193 	 242.869
FD10911	24.250 	 1.207 	 243.378
FD10911	24.375 	 1.220 	 243.773
FD10911	24.500 	 1.231 	 244.065
FD10911	24.625 	 1.241 	 244.235
FD10911	24.750 	 1.250 	 244.263
FD10911	24.875 	 1.255 	 244.174
FD10911	25.000 	 1.261 	 244.051
FD10911	25.125 	 1.267 	 244.005
FD10911	25.250 	 1.274 	 244.137
FD10911	25.375 	 1.280 	 244.488
FD10911	25.500 	 1.287 	 245.029
FD10911	25.625 	 1.295 	 245.690
FD10911	25.750 	 1.304 	 246.371
FD10911	25.875 	 1.313 	 246.996
FD10911	26.000 	 1.322 	 247.510
FD10911	26.125 	 1.327 	 247.900
FD10911	26.250 	 1.333 	 248.179
FD10911	26.375 	 1.338 	 248.373
FD10911	26.500 	 1.345 	 248.505
FD10911	26.625 	 1.355 	 248.589
FD10911	26.750 	 1.366 	 248.626
FD10911	26.875 	 1.378 	 248.618
FD10911	27.000 	 1.388 	 248.567
FD10911	27.125 	 1.399 	 248.475
FD10911	27.250 	 1.409 	 248.350
FD10911	27.375 	 1.422 	 248.206
FD10911	27.500 	 1.434 	 248.064
FD10911	27.625 	 1.447 	 247.932
FD10911	27.750 	 1.458 	 247.820
FD10911	27.875 	 1.469 	 247.728
FD10911	28.000 	 1.481 	 247.651
FD10911	28.125 	 1.495 	 247.584
FD10911	28.250 	 1.515 	 247.519
FD10911	28.375 	 1.539 	 247.446
FD10911	28.500 	 1.566 	 247.362
FD10911	28.625 	 1.595 	 247.263
FD10911	28.750 	 1.623 	 247.149
FD10911	28.875 	 1.652 	 247.022
FD10911	29.000 	 1.680 	 246.880
FD10911	29.125 	 1.706 	 246.724
FD10911	29.250 	 1.729 	 246.556
FD10911	29.375 	 1.750 	 246.383
FD10911	29.500 	 1.769 	 246.211
FD10911	29.625 	 1.789 	 246.041
FD10911	29.750 	 1.808 	 245.871
FD10911	29.875 	 1.831 	 245.698
FD10911	30.000 	 1.853 	 245.518
FD10911	30.125 	 1.875 	 245.328
FD10911	30.250 	 1.899 	 245.133
FD10911	30.375 	 1.923 	 244.931
FD10911	30.500 	 1.946 	 244.729
FD10911	30.625 	 1.969 	 244.531
FD10911	30.750 	 1.991 	 244.347
FD10911	30.875 	 2.016 	 244.185
FD10911	31.000 	 2.041 	 244.047
FD10911	31.125 	 2.069 	 243.930
FD10911	31.250 	 2.097 	 243.829
FD10911	31.375 	 2.126 	 243.737
FD10911	31.500 	 2.158 	 243.654
FD10911	31.625 	 2.193 	 243.576
FD10911	31.750 	 2.229 	 243.492
FD10911	31.875 	 2.266 	 243.398
FD10911	32.000 	 2.303 	 243.290
FD10911	32.125 	 2.340 	 243.169
FD10911	32.250 	 2.377 	 243.037
FD10911	32.375 	 2.412 	 242.897
FD10911	32.500 	 2.448 	 242.749
FD10911	32.625 	 2.482 	 242.595
FD10911	32.750 	 2.517 	 242.444
FD10911	32.875 	 2.550 	 242.303
FD10911	33.000 	 2.582 	 242.183
FD10911	33.125 	 2.611 	 242.084
FD10911	33.250 	 2.636 	 242.003
FD10911	33.375 	 2.658 	 241.928
FD10911	33.500 	 2.676 	 241.852
FD10911	33.625 	 2.692 	 241.767
FD10911	33.750 	 2.710 	 241.673
FD10911	33.875 	 2.732 	 241.564
FD10911	34.000 	 2.758 	 241.441
FD10911	34.125 	 2.786 	 241.307
FD10911	34.250 	 2.815 	 241.170
FD10911	34.375 	 2.840 	 241.048
FD10911	34.500 	 2.862 	 240.951
FD10911	34.625 	 2.879 	 240.885
FD10911	34.750 	 2.895 	 240.842
FD10911	34.875 	 2.909 	 240.812
FD10911	35.000 	 2.924 	 240.777
FD10911	35.125 	 2.937 	 240.729
FD10911	35.250 	 2.951 	 240.661
FD10911	35.375 	 2.968 	 240.573
FD10911	35.500 	 2.991 	 240.466
FD10911	35.625 	 3.017 	 240.344
FD10911	35.750 	 3.049 	 240.216
FD10911	35.875 	 3.082 	 240.087
FD10911	36.000 	 3.115 	 239.969
FD10911	36.125 	 3.146 	 239.863
FD10911	36.250 	 3.175 	 239.768
FD10911	36.375 	 3.200 	 239.680
FD10911	36.500 	 3.222 	 239.597
FD10911	36.625 	 3.238 	 239.523
FD10911	36.750 	 3.253 	 239.457
FD10911	36.875 	 3.265 	 239.402
FD10911	37.000 	 3.279 	 239.355
FD10911	37.125 	 3.293 	 239.311
FD10911	37.250 	 3.309 	 239.264
FD10911	37.375 	 3.323 	 239.209
FD10911	37.500 	 3.339 	 239.139
FD10911	37.625 	 3.354 	 239.053
FD10911	37.750 	 3.369 	 238.956
FD10911	37.875 	 3.384 	 238.852
FD10911	38.000 	 3.397 	 238.742
FD10911	38.125 	 3.410 	 238.618
FD10911	38.250 	 3.422 	 238.469
FD10911	38.375 	 3.432 	 238.285
FD10911	38.500 	 3.445 	 238.065
FD10911	38.625 	 3.460 	 237.816
FD10911	38.750 	 3.478 	 237.550
FD10911	38.875 	 3.498 	 237.272
FD10911	39.000 	 3.519 	 236.985
FD10911	39.125 	 3.541 	 236.696
FD10911	39.250 	 3.563 	 236.413
FD10911	39.375 	 3.585 	 236.144
FD10911	39.500 	 3.606 	 235.891
FD10911	39.625 	 3.631 	 235.648
FD10911	39.750 	 3.655 	 235.409
FD10911	39.875 	 3.679 	 235.171
FD10911	40.000 	 3.701 	 234.936
FD10911	40.125 	 3.718 	 234.707
FD10911	40.250 	 3.732 	 234.490
FD10911	40.375 	 3.742 	 234.283
FD10911	40.500 	 3.751 	 234.085
FD10911	40.625 	 3.761 	 233.893
FD10911	40.750 	 3.773 	 233.703
FD10911	40.875 	 3.786 	 233.511
FD10911	41.000 	 3.800 	 233.318
FD10911	41.125 	 3.814 	 233.120
FD10911	41.250 	 3.828 	 232.917
FD10911	41.375 	 3.842 	 232.701
FD10911	41.500 	 3.857 	 232.463
FD10911	41.625 	 3.872 	 232.203
FD10911	41.750 	 3.886 	 231.927
FD10911	41.875 	 3.902 	 231.647
FD10911	42.000 	 3.918 	 231.370
FD10911	42.125 	 3.932 	 231.098
FD10911	42.250 	 3.948 	 230.828
FD10911	42.375 	 3.962 	 230.554
FD10911	42.500 	 3.978 	 230.268
FD10911	42.625 	 3.992 	 229.969
FD10911	42.750 	 4.007 	 229.663
FD10911	42.875 	 4.022 	 229.354
FD10911	43.000 	 4.036 	 229.053
FD10911	43.125 	 4.050 	 228.764
FD10911	43.250 	 4.064 	 228.487
FD10911	43.375 	 4.077 	 228.219
FD10911	43.500 	 4.091 	 227.957
FD10911	43.625 	 4.103 	 227.697
FD10911	43.750 	 4.116 	 227.435
FD10911	43.875 	 4.130 	 227.168
FD10911	44.000 	 4.142 	 226.893
FD10911	44.125 	 4.154 	 226.611
FD10911	44.250 	 4.166 	 226.320
FD10911	44.375 	 4.177 	 226.028
FD10911	44.500 	 4.189 	 225.740
FD10911	44.625 	 4.200 	 225.460
FD10911	44.750 	 4.211 	 225.189
FD10911	44.875 	 4.223 	 224.922
FD10911	45.000 	 4.233 	 224.657
FD10911	45.125 	 4.244 	 224.387
FD10911	45.250 	 4.254 	 224.112
FD10911	45.375 	 4.264 	 223.835
FD10911	45.500 	 4.274 	 223.556
FD10911	45.625 	 4.285 	 223.281
FD10911	45.750 	 4.295 	 223.012
FD10911	45.875 	 4.306 	 222.747
FD10911	46.000 	 4.316 	 222.481
FD10911	46.125 	 4.326 	 222.210
FD10911	46.250 	 4.336 	 221.928
FD10911	46.375 	 4.347 	 221.631
FD10911	46.500 	 4.357 	 221.324
FD10911	46.625 	 4.369 	 221.015
FD10911	46.750 	 4.379 	 220.712
FD10911	46.875 	 4.390 	 220.429
FD10911	47.000 	 4.402 	 220.169
FD10911	47.125 	 4.412 	 219.929
FD10911	47.250 	 4.422 	 219.703
FD10911	47.375 	 4.433 	 219.482
FD10911	47.500 	 4.445 	 219.258
FD10911	47.625 	 4.455 	 219.029
FD10911	47.750 	 4.466 	 218.789
FD10911	47.875 	 4.476 	 218.536
FD10911	48.000 	 4.487 	 218.270
FD10911	48.125 	 4.498 	 217.989
FD10911	48.250 	 4.508 	 217.700
FD10911	48.375 	 4.520 	 217.412
FD10911	48.500 	 4.530 	 217.129
FD10911	48.625 	 4.542 	 216.857
FD10911	48.750 	 4.552 	 216.596
FD10911	48.875 	 4.563 	 216.349
FD10911	49.000 	 4.575 	 216.113
FD10911	49.125 	 4.587 	 215.883
FD10911	49.250 	 4.599 	 215.653
FD10911	49.375 	 4.611 	 215.419
FD10911	49.500 	 4.623 	 215.178
FD10911	49.625 	 4.637 	 214.928
FD10911	49.750 	 4.651 	 214.671
FD10911	49.875 	 4.664 	 214.406
FD10911	50.000 	 4.678 	 214.138
FD10911	50.125 	 4.693 	 213.867
FD10911	50.250 	 4.709 	 213.598
FD10911	50.375 	 4.723 	 213.331
FD10911	50.500 	 4.739 	 213.063
FD10911	50.625 	 4.756 	 212.788
FD10911	50.750 	 4.772 	 212.500
FD10911	50.875 	 4.789 	 212.200
FD10911	51.000 	 4.806 	 211.892
FD10911	51.125 	 4.824 	 211.583
FD10911	51.250 	 4.841 	 211.275
FD10911	51.375 	 4.859 	 210.972
FD10911	51.500 	 4.877 	 210.677
FD10911	51.625 	 4.895 	 210.392
FD10911	51.750 	 4.913 	 210.120
FD10911	51.875 	 4.932 	 209.857
FD10911	52.000 	 4.950 	 209.603
FD10911	52.125 	 4.969 	 209.353
FD10911	52.250 	 4.988 	 209.105
FD10911	52.375 	 5.007 	 208.860
FD10911	52.500 	 5.025 	 208.619
FD10911	52.625 	 5.044 	 208.379
FD10911	52.750 	 5.063 	 208.141
FD10911	52.875 	 5.083 	 207.905
FD10911	53.000 	 5.101 	 207.671
FD10911	53.125 	 5.120 	 207.437
FD10911	53.250 	 5.140 	 207.205
FD10911	53.375 	 5.158 	 206.976
FD10911	53.500 	 5.178 	 206.750
FD10911	53.625 	 5.198 	 206.527
FD10911	53.750 	 5.217 	 206.305
FD10911	53.875 	 5.236 	 206.084
FD10911	54.000 	 5.255 	 205.863
FD10911	54.125 	 5.275 	 205.642
FD10911	54.250 	 5.294 	 205.422
FD10911	54.375 	 5.314 	 205.203
FD10911	54.500 	 5.334 	 204.988
FD10911	54.625 	 5.354 	 204.774
FD10911	54.750 	 5.374 	 204.563
FD10911	54.875 	 5.394 	 204.355
FD10911	55.000 	 5.415 	 204.150
FD10911	55.125 	 5.435 	 203.951
FD10911	55.250 	 5.456 	 203.758
FD10911	55.375 	 5.477 	 203.570
FD10911	55.500 	 5.498 	 203.387
FD10911	55.625 	 5.518 	 203.213
FD10911	55.750 	 5.539 	 203.046
FD10911	55.875 	 5.559 	 202.889
FD10911	56.000 	 5.580 	 202.733
FD10911	56.125 	 5.602 	 202.576
FD10911	56.250 	 5.622 	 202.411
FD10911	56.375 	 5.643 	 202.234
FD10911	56.500 	 5.664 	 202.047
FD10911	56.625 	 5.684 	 201.846
FD10911	56.750 	 5.705 	 201.638
FD10911	56.875 	 5.725 	 201.425
FD10911	57.000 	 5.747 	 201.212
FD10911	57.125 	 5.768 	 201.000
FD10911	57.250 	 5.788 	 200.792
FD10911	57.375 	 5.809 	 200.587
FD10911	57.500 	 5.831 	 200.384
FD10911	57.625 	 5.853 	 200.180
FD10911	57.750 	 5.874 	 199.973
FD10911	57.875 	 5.897 	 199.764
FD10911	58.000 	 5.919 	 199.554
FD10911	58.125 	 5.941 	 199.346
FD10911	58.250 	 5.965 	 199.138
FD10911	58.375 	 5.988 	 198.931
FD10911	58.500 	 6.011 	 198.725
FD10911	58.625 	 6.034 	 198.517
FD10911	58.750 	 6.058 	 198.308
FD10911	58.875 	 6.083 	 198.100
FD10911	59.000 	 6.107 	 197.894
FD10911	59.125 	 6.131 	 197.692
FD10911	59.250 	 6.156 	 197.491
FD10911	59.375 	 6.181 	 197.295
FD10911	59.500 	 6.205 	 197.102
FD10911	59.625 	 6.230 	 196.912
FD10911	59.750 	 6.255 	 196.725
FD10911	59.875 	 6.281 	 196.538
FD10911	60.000 	 6.305 	 196.350
FD10911	60.125 	 6.331 	 196.161
FD10911	60.250 	 6.356 	 195.975
FD10911	60.375 	 6.381 	 195.796
FD10911	60.500 	 6.407 	 195.622
FD10911	60.625 	 6.432 	 195.454
FD10911	60.750 	 6.458 	 195.289
FD10911	60.875 	 6.483 	 195.128
FD10911	61.000 	 6.508 	 194.971
FD10911	61.125 	 6.534 	 194.821
FD10911	61.250 	 6.559 	 194.676
FD10911	61.375 	 6.585 	 194.534
FD10911	61.500 	 6.611 	 194.389
FD10911	61.625 	 6.636 	 194.237
FD10911	61.750 	 6.662 	 194.072
FD10911	61.875 	 6.688 	 193.896
FD10911	62.000 	 6.714 	 193.715
FD10911	62.125 	 6.740 	 193.536
FD10911	62.250 	 6.766 	 193.364
FD10911	62.375 	 6.794 	 193.200
FD10911	62.500 	 6.820 	 193.035
FD10911	62.625 	 6.848 	 192.866
FD10911	62.750 	 6.876 	 192.693
FD10911	62.875 	 6.904 	 192.515
FD10911	63.000 	 6.933 	 192.339
FD10911	63.125 	 6.962 	 192.167
FD10911	63.250 	 6.990 	 191.999
FD10911	63.375 	 7.020 	 191.835
FD10911	63.500 	 7.048 	 191.681
FD10911	63.625 	 7.078 	 191.541
FD10911	63.750 	 7.107 	 191.423
FD10911	63.875 	 7.135 	 191.325
FD10911	64.000 	 7.163 	 191.242
FD10911	64.125 	 7.193 	 191.168
FD10911	64.250 	 7.221 	 191.094
FD10911	64.375 	 7.249 	 191.018
FD10911	64.500 	 7.277 	 190.938
FD10911	64.625 	 7.305 	 190.854
FD10911	64.750 	 7.332 	 190.762
FD10911	64.875 	 7.358 	 190.661
FD10911	65.000 	 7.386 	 190.551
FD10911	65.125 	 7.412 	 190.430
FD10911	65.250 	 7.439 	 190.299
FD10911	65.375 	 7.465 	 190.161
FD10911	65.500 	 7.492 	 190.020
FD10911	65.625 	 7.518 	 189.877
FD10911	65.750 	 7.544 	 189.738
FD10911	65.875 	 7.571 	 189.603
FD10911	66.000 	 7.597 	 189.475
FD10911	66.125 	 7.623 	 189.356
FD10911	66.250 	 7.650 	 189.247
FD10911	66.375 	 7.676 	 189.149
FD10911	66.500 	 7.702 	 189.060
FD10911	66.625 	 7.729 	 188.981
FD10911	66.750 	 7.756 	 188.908
FD10911	66.875 	 7.783 	 188.841
FD10911	67.000 	 7.809 	 188.778
FD10911	67.125 	 7.835 	 188.716
FD10911	67.250 	 7.863 	 188.651
FD10911	67.375 	 7.890 	 188.573
FD10911	67.500 	 7.917 	 188.477
FD10911	67.625 	 7.945 	 188.365
FD10911	67.750 	 7.972 	 188.241
FD10911	67.875 	 7.999 	 188.111
FD10911	68.000 	 8.027 	 187.974
FD10911	68.125 	 8.055 	 187.827
FD10911	68.250 	 8.083 	 187.664
FD10911	68.375 	 8.112 	 187.489
FD10911	68.500 	 8.140 	 187.310
FD10911	68.625 	 8.170 	 187.136
FD10911	68.750 	 8.198 	 186.977
FD10911	68.875 	 8.228 	 186.837
FD10911	69.000 	 8.257 	 186.713
FD10911	69.125 	 8.286 	 186.600
FD10911	69.250 	 8.316 	 186.490
FD10911	69.375 	 8.346 	 186.380
FD10911	69.500 	 8.376 	 186.266
FD10911	69.625 	 8.404 	 186.147
FD10911	69.750 	 8.435 	 186.019
FD10911	69.875 	 8.465 	 185.881
FD10911	70.000 	 8.495 	 185.730
FD10911	70.125 	 8.525 	 185.569
FD10911	70.250 	 8.556 	 185.406
FD10911	70.375 	 8.586 	 185.253
FD10911	70.500 	 8.616 	 185.117
FD10911	70.625 	 8.646 	 185.000
FD10911	70.750 	 8.676 	 184.893
FD10911	70.875 	 8.705 	 184.786
FD10911	71.000 	 8.735 	 184.671
FD10911	71.125 	 8.765 	 184.551
FD10911	71.250 	 8.793 	 184.428
FD10911	71.375 	 8.823 	 184.305
FD10911	71.500 	 8.852 	 184.177
FD10911	71.625 	 8.880 	 184.043
FD10911	71.750 	 8.910 	 183.909
FD10911	71.875 	 8.937 	 183.786
FD10911	72.000 	 8.966 	 183.684
FD10911	72.125 	 8.994 	 183.605
FD10911	72.250 	 9.021 	 183.537
FD10911	72.375 	 9.049 	 183.464
FD10911	72.500 	 9.076 	 183.374
FD10911	72.625 	 9.102 	 183.266
FD10911	72.750 	 9.128 	 183.146
FD10911	72.875 	 9.153 	 183.024
FD10911	73.000 	 9.179 	 182.900
FD10911	73.125 	 9.205 	 182.776
FD10911	73.250 	 9.229 	 182.647
FD10911	73.375 	 9.254 	 182.511
FD10911	73.500 	 9.278 	 182.367
FD10911	73.625 	 9.303 	 182.216
FD10911	73.750 	 9.327 	 182.056
FD10911	73.875 	 9.352 	 181.889
FD10911	74.000 	 9.377 	 181.720
FD10911	74.125 	 9.400 	 181.551
FD10911	74.250 	 9.424 	 181.388
FD10911	74.375 	 9.449 	 181.236
FD10911	74.500 	 9.473 	 181.103
FD10911	74.625 	 9.499 	 180.993
FD10911	74.750 	 9.523 	 180.911
FD10911	74.875 	 9.548 	 180.860
FD10911	75.000 	 9.572 	 180.836
FD10911	75.125 	 9.597 	 180.826
FD10911	75.250 	 9.623 	 180.815
FD10911	75.375 	 9.648 	 180.781
FD10911	75.500 	 9.672 	 180.715
FD10911	75.625 	 9.698 	 180.612
FD10911	75.750 	 9.724 	 180.479
FD10911	75.875 	 9.748 	 180.324
FD10911	76.000 	 9.774 	 180.000
FD10911	76.125 	 9.799 	 180.000
FD10911	76.250 	 9.825 	 180.000
FD10911	76.375 	 9.849 	 179.666
FD10911	76.500 	 9.875 	 179.512
FD10911	76.625 	 9.900 	 179.361
FD10911	76.750 	 9.924 	 179.204
FD10911	76.875 	 9.949 	 179.040
FD10911	77.000 	 9.975 	 178.869
FD10911	77.125 	 10.000 	 178.692
FD10911	77.250 	 10.024 	 178.516
FD10911	77.375 	 10.049 	 178.350
FD10911	77.500 	 10.075 	 178.198
FD10911	77.625 	 10.100 	 178.064
FD10911	77.750 	 10.125 	 177.942
FD10911	77.875 	 10.151 	 177.822
FD10911	78.000 	 10.176 	 177.694
FD10911	78.125 	 10.202 	 177.552
FD10911	78.250 	 10.228 	 177.398
FD10911	78.375 	 10.254 	 177.241
FD10911	78.500 	 10.280 	 177.086
FD10911	78.625 	 10.306 	 176.934
FD10911	78.750 	 10.332 	 176.785
FD10911	78.875 	 10.358 	 176.637
FD10911	79.000 	 10.384 	 176.488
FD10911	79.125 	 10.411 	 176.339
FD10911	79.250 	 10.438 	 176.188
FD10911	79.375 	 10.464 	 176.035
FD10911	79.500 	 10.492 	 175.873
FD10911	79.625 	 10.518 	 175.706
FD10911	79.750 	 10.545 	 175.535
FD10911	79.875 	 10.571 	 175.364
FD10911	80.000 	 10.599 	 175.196
FD10911	80.125 	 10.625 	 175.032
FD10911	80.250 	 10.652 	 174.870
FD10911	80.375 	 10.680 	 174.710
FD10911	80.500 	 10.706 	 174.552
FD10911	80.625 	 10.732 	 174.393
FD10911	80.750 	 10.759 	 174.233
FD10911	80.875 	 10.785 	 174.069
FD10911	81.000 	 10.810 	 173.902
FD10911	81.125 	 10.837 	 173.733
FD10911	81.250 	 10.863 	 173.569
FD10911	81.375 	 10.888 	 173.411
FD10911	81.500 	 10.913 	 173.258
FD10911	81.625 	 10.937 	 173.110
FD10911	81.750 	 10.962 	 172.964
FD10911	81.875 	 10.987 	 172.824
FD10911	82.000 	 11.011 	 172.690
FD10911	82.125 	 11.035 	 172.561
FD10911	82.250 	 11.058 	 172.439
FD10911	82.375 	 11.082 	 172.323
FD10911	82.500 	 11.106 	 172.217
FD10911	82.625 	 11.129 	 172.127
FD10911	82.750 	 11.151 	 172.054
FD10911	82.875 	 11.175 	 171.993
FD10911	83.000 	 11.197 	 171.934
FD10911	83.125 	 11.221 	 171.872
FD10911	83.250 	 11.245 	 171.799
FD10911	83.375 	 11.268 	 171.713
FD10911	83.500 	 11.291 	 171.603
FD10911	83.625 	 11.315 	 171.463
FD10911	83.750 	 11.340 	 171.293
FD10911	83.875 	 11.365 	 171.099
FD10911	84.000 	 11.388 	 170.901
FD10911	84.125 	 11.414 	 170.715
FD10911	84.250 	 11.439 	 170.550
FD10911	84.375 	 11.463 	 170.405
FD10911	84.500 	 11.489 	 170.276
FD10911	84.625 	 11.515 	 170.154
FD10911	84.750 	 11.541 	 170.033
FD10911	84.875 	 11.565 	 169.911
FD10911	85.000 	 11.592 	 169.786
FD10911	85.125 	 11.618 	 169.653
FD10911	85.250 	 11.644 	 169.509
FD10911	85.375 	 11.670 	 169.349
FD10911	85.500 	 11.695 	 169.174
FD10911	85.625 	 11.721 	 168.988
FD10911	85.750 	 11.745 	 168.798
FD10911	85.875 	 11.771 	 168.616
FD10911	86.000 	 11.796 	 168.447
FD10911	86.125 	 11.820 	 168.296
FD10911	86.250 	 11.846 	 168.162
FD10911	86.375 	 11.870 	 168.039
FD10911	86.500 	 11.896 	 167.918
FD10911	86.625 	 11.920 	 167.790
FD10911	86.750 	 11.945 	 167.654
FD10911	86.875 	 11.970 	 167.507
FD10911	87.000 	 11.996 	 167.359
FD10911	87.125 	 12.021 	 167.218
FD10911	87.250 	 12.047 	 167.097
FD10911	87.375 	 12.073 	 167.001
FD10911	87.500 	 12.100 	 166.926
FD10911	87.625 	 12.127 	 166.860
FD10911	87.750 	 12.154 	 166.794
FD10911	87.875 	 12.182 	 166.726
FD10911	88.000 	 12.209 	 166.656
FD10911	88.125 	 12.239 	 166.582
FD10911	88.250 	 12.266 	 166.498
FD10911	88.375 	 12.296 	 166.394
FD10911	88.500 	 12.324 	 166.268
FD10911	88.625 	 12.354 	 166.123
FD10911	88.750 	 12.383 	 165.968
FD10911	88.875 	 12.412 	 165.816
FD10911	89.000 	 12.442 	 165.670
FD10911	89.125 	 12.471 	 165.530
FD10911	89.250 	 12.501 	 165.391
FD10911	89.375 	 12.529 	 165.250
FD10911	89.500 	 12.558 	 165.106
FD10911	89.625 	 12.587 	 164.958
FD10911	89.750 	 12.615 	 164.803
FD10911	89.875 	 12.643 	 164.640
FD10911	90.000 	 12.671 	 164.470
FD10911	90.125 	 12.699 	 164.292
FD10911	90.250 	 12.726 	 164.111
FD10911	90.375 	 12.754 	 163.928
FD10911	90.500 	 12.781 	 163.748
FD10911	90.625 	 12.809 	 163.574
FD10911	90.750 	 12.836 	 163.410
FD10911	90.875 	 12.864 	 163.258
FD10911	91.000 	 12.892 	 163.119
FD10911	91.125 	 12.920 	 162.987
FD10911	91.250 	 12.949 	 162.859
FD10911	91.375 	 12.977 	 162.729
FD10911	91.500 	 13.005 	 162.592
FD10911	91.625 	 13.035 	 162.447
FD10911	91.750 	 13.063 	 162.292
FD10911	91.875 	 13.091 	 162.127
FD10911	92.000 	 13.121 	 161.956
FD10911	92.125 	 13.150 	 161.785
FD10911	92.250 	 13.179 	 161.618
FD10911	92.375 	 13.209 	 161.462
FD10911	92.500 	 13.238 	 161.313
FD10911	92.625 	 13.267 	 161.167
FD10911	92.750 	 13.298 	 161.028
FD10911	92.875 	 13.326 	 160.896
FD10911	93.000 	 13.356 	 160.780
FD10911	93.125 	 13.386 	 160.680
FD10911	93.250 	 13.415 	 160.593
FD10911	93.375 	 13.445 	 160.513
FD10911	93.500 	 13.474 	 160.429
FD10911	93.625 	 13.504 	 160.338
FD10911	93.750 	 13.533 	 160.238
FD10911	93.875 	 13.563 	 160.134
FD10911	94.000 	 13.593 	 160.031
FD10911	94.125 	 13.622 	 159.928
FD10911	94.250 	 13.650 	 159.826
FD10911	94.375 	 13.681 	 159.726
FD10911	94.500 	 13.710 	 159.629
FD10911	94.625 	 13.739 	 159.532
FD10911	94.750 	 13.766 	 159.431
FD10911	94.875 	 13.796 	 159.323
FD10911	95.000 	 13.824 	 159.204
FD10911	95.125 	 13.852 	 159.078
FD10911	95.250 	 13.881 	 158.949
FD10911	95.375 	 13.909 	 158.819
FD10911	95.500 	 13.937 	 158.694
FD10911	95.625 	 13.967 	 158.574
FD10911	95.750 	 13.994 	 158.463
FD10911	95.875 	 14.023 	 158.364
FD10911	96.000 	 14.054 	 158.277
FD10911	96.125 	 14.082 	 158.198
FD10911	96.250 	 14.112 	 158.124
FD10911	96.375 	 14.142 	 158.054
FD10911	96.500 	 14.173 	 157.990
FD10911	96.625 	 14.204 	 157.935
FD10911	96.750 	 14.235 	 157.893
FD10911	96.875 	 14.267 	 157.861
FD10911	97.000 	 14.299 	 157.832
FD10911	97.125 	 14.331 	 157.797
FD10911	97.250 	 14.365 	 157.749
FD10911	97.375 	 14.397 	 157.687
FD10911	97.500 	 14.431 	 157.613
FD10911	97.625 	 14.466 	 157.534
FD10911	97.750 	 14.501 	 157.459
FD10911	97.875 	 14.535 	 157.386
FD10911	98.000 	 14.570 	 157.316
FD10911	98.125 	 14.606 	 157.248
FD10911	98.250 	 14.642 	 157.177
FD10911	98.375 	 14.678 	 157.106
FD10911	98.500 	 14.714 	 157.032
FD10911	98.625 	 14.750 	 156.963
FD10911	98.750 	 14.787 	 156.903
FD10911	98.875 	 14.823 	 156.854
FD10911	99.000 	 14.860 	 156.815
FD10911	99.125 	 14.897 	 156.774
FD10911	99.250 	 14.933 	 156.717
FD10911	99.375 	 14.969 	 156.635
FD10911	99.500 	 15.006 	 156.531
FD10911	99.625 	 15.042 	 156.414
FD10911	99.750 	 15.078 	 156.298
FD10911	99.875 	 15.114 	 156.194
FD10911	100.000 	 15.150 	 156.107
FD10911	100.125 	 15.186 	 156.034
FD10911	100.250 	 15.222 	 155.974
FD10911	100.375 	 15.258 	 155.921
FD10911	100.500 	 15.293 	 155.872
FD10911	100.625 	 15.328 	 155.822
FD10911	100.750 	 15.364 	 155.771
FD10911	100.875 	 15.400 	 155.713
FD10911	101.000 	 15.436 	 155.653
FD10911	101.125 	 15.470 	 155.586
FD10911	101.250 	 15.508 	 155.516
FD10911	101.375 	 15.542 	 155.442
FD10911	101.500 	 15.578 	 155.370
FD10911	101.625 	 15.614 	 155.303
FD10911	101.750 	 15.652 	 155.242
FD10911	101.875 	 15.687 	 155.188
FD10911	102.000 	 15.723 	 155.139
FD10911	102.125 	 15.761 	 155.095
FD10911	102.250 	 15.797 	 155.055
FD10911	102.375 	 15.833 	 155.021
FD10911	102.500 	 15.871 	 154.994
FD10911	102.625 	 15.907 	 154.976
FD10911	102.750 	 15.944 	 154.966
FD10911	102.875 	 15.980 	 154.962
FD10911	103.000 	 16.016 	 154.967
FD10911	103.125 	 16.051 	 154.980
FD10911	103.250 	 16.088 	 155.001
FD10911	103.375 	 16.124 	 155.029
FD10911	103.500 	 16.158 	 155.057
FD10911	103.625 	 16.193 	 155.087
FD10911	103.750 	 16.229 	 155.122
FD10911	103.875 	 16.263 	 155.163
FD10911	104.000 	 16.299 	 155.211
FD10911	104.125 	 16.332 	 155.254
FD10911	104.250 	 16.367 	 155.279
FD10911	104.375 	 16.400 	 155.282
FD10911	104.500 	 16.436 	 155.272
FD10911	104.625 	 16.470 	 155.258
FD10911	104.750 	 16.504 	 155.248
FD10911	104.875 	 16.539 	 155.242
FD10911	105.000 	 16.573 	 155.235
FD10911	105.125 	 16.607 	 155.232
FD10911	105.250 	 16.641 	 155.233
FD10911	105.375 	 16.675 	 155.236
FD10911	105.500 	 16.709 	 155.238
FD10911	105.625 	 16.743 	 155.233
FD10911	105.750 	 16.776 	 155.221
FD10911	105.875 	 16.809 	 155.201
FD10911	106.000 	 16.843 	 155.183
FD10911	106.125 	 16.875 	 155.170
FD10911	106.250 	 16.908 	 155.160
FD10911	106.375 	 16.941 	 155.142
FD10911	106.500 	 16.974 	 155.106
FD10911	106.625 	 17.007 	 155.044
FD10911	106.750 	 17.039 	 154.968
FD10911	106.875 	 17.071 	 154.887
FD10911	107.000 	 17.102 	 154.815
FD10911	107.125 	 17.135 	 154.756
FD10911	107.250 	 17.167 	 154.705
FD10911	107.375 	 17.199 	 154.654
FD10911	107.500 	 17.231 	 154.601
FD10911	107.625 	 17.262 	 154.546
FD10911	107.750 	 17.294 	 154.501
FD10911	107.875 	 17.325 	 154.476
FD10911	108.000 	 17.356 	 154.474
FD10911	108.125 	 17.388 	 154.490
FD10911	108.250 	 17.418 	 154.511
FD10911	108.375 	 17.449 	 154.518
FD10911	108.500 	 17.480 	 154.498
FD10911	108.625 	 17.510 	 154.443
FD10911	108.750 	 17.540 	 154.363
FD10911	108.875 	 17.569 	 154.269
FD10911	109.000 	 17.599 	 154.180
FD10911	109.125 	 17.628 	 154.109
FD10911	109.250 	 17.658 	 154.067
FD10911	109.375 	 17.688 	 154.057
FD10911	109.500 	 17.717 	 154.068
FD10911	109.625 	 17.746 	 154.089
FD10911	109.750 	 17.776 	 154.097
FD10911	109.875 	 17.804 	 154.078
FD10911	110.000 	 17.835 	 154.021
FD10911	110.125 	 17.863 	 153.936
FD10911	110.250 	 17.893 	 153.844
FD10911	110.375 	 17.923 	 153.765
FD10911	110.500 	 17.952 	 153.710
FD10911	110.625 	 17.981 	 153.678
FD10911	110.750 	 18.011 	 153.654
FD10911	110.875 	 18.040 	 153.626
FD10911	111.000 	 18.072 	 153.581
FD10911	111.125 	 18.100 	 153.514
FD10911	111.250 	 18.132 	 153.425
FD10911	111.375 	 18.161 	 153.320
FD10911	111.500 	 18.191 	 153.210
FD10911	111.625 	 18.222 	 153.102
FD10911	111.750 	 18.252 	 153.005
FD10911	111.875 	 18.284 	 152.920
FD10911	112.000 	 18.316 	 152.846
FD10911	112.125 	 18.347 	 152.783
FD10911	112.250 	 18.380 	 152.731
FD10911	112.375 	 18.411 	 152.684
FD10911	112.500 	 18.445 	 152.639
FD10911	112.625 	 18.478 	 152.593
FD10911	112.750 	 18.509 	 152.544
FD10911	112.875 	 18.544 	 152.502
FD10911	113.000 	 18.577 	 152.474
FD10911	113.125 	 18.610 	 152.469
FD10911	113.250 	 18.644 	 152.490
FD10911	113.375 	 18.678 	 152.536
FD10911	113.500 	 18.711 	 152.599
FD10911	113.625 	 18.744 	 152.666
FD10911	113.750 	 18.777 	 152.724
FD10911	113.875 	 18.811 	 152.768
FD10911	114.000 	 18.844 	 152.798
FD10911	114.125 	 18.877 	 152.816
FD10911	114.250 	 18.912 	 152.825
FD10911	114.375 	 18.944 	 152.827
FD10911	114.500 	 18.979 	 152.821
FD10911	114.625 	 19.011 	 152.804
FD10911	114.750 	 19.047 	 152.781
FD10911	114.875 	 19.083 	 152.758
FD10911	115.000 	 19.116 	 152.735
FD10911	115.125 	 19.153 	 152.714
FD10911	115.250 	 19.188 	 152.692
FD10911	115.375 	 19.225 	 152.671
FD10911	115.500 	 19.261 	 152.654
FD10911	115.625 	 19.299 	 152.643
FD10911	115.750 	 19.337 	 152.636
FD10911	115.875 	 19.375 	 152.623
FD10911	116.000 	 19.414 	 152.601
FD10911	116.125 	 19.451 	 152.573
FD10911	116.250 	 19.489 	 152.546
FD10911	116.375 	 19.530 	 152.526
FD10911	116.500 	 19.569 	 152.503
FD10911	116.625 	 19.610 	 152.467
FD10911	116.750 	 19.647 	 152.406
FD10911	116.875 	 19.687 	 152.319
FD10911	117.000 	 19.727 	 152.220
FD10911	117.125 	 19.765 	 152.127
FD10911	117.250 	 19.805 	 152.059
FD10911	117.375 	 19.845 	 152.021
FD10911	117.500 	 19.885 	 152.011
FD10911	117.625 	 19.924 	 152.013
FD10911	117.750 	 19.962 	 152.016
FD10911	117.875 	 20.001 	 152.011
FD10911	118.000 	 20.040 	 151.996
FD10911	118.125 	 20.079 	 151.965
FD10911	118.250 	 20.116 	 151.916
FD10911	118.375 	 20.156 	 151.845
FD10911	118.500 	 20.194 	 151.760
FD10911	118.625 	 20.232 	 151.666
FD10911	118.750 	 20.269 	 151.575
FD10911	118.875 	 20.308 	 151.488
FD10911	119.000 	 20.345 	 151.405
FD10911	119.125 	 20.382 	 151.321
FD10911	119.250 	 20.418 	 151.243
FD10911	119.375 	 20.455 	 151.184
FD10911	119.500 	 20.493 	 151.162
FD10911	119.625 	 20.528 	 151.184
FD10911	119.750 	 20.565 	 151.244
FD10911	119.875 	 20.602 	 151.321
FD10911	120.000 	 20.639 	 151.390
FD10911	120.125 	 20.675 	 151.436
FD10911	120.250 	 20.713 	 151.460
FD10911	120.375 	 20.750 	 151.467
FD10911	120.500 	 20.786 	 151.471
FD10911	120.625 	 20.824 	 151.469
FD10911	120.750 	 20.862 	 151.470
FD10911	120.875 	 20.900 	 151.476
FD10911	121.000 	 20.938 	 151.493
FD10911	121.125 	 20.977 	 151.530
FD10911	121.250 	 21.015 	 151.578
FD10911	121.375 	 21.053 	 151.632
FD10911	121.500 	 21.093 	 151.675
FD10911	121.625 	 21.132 	 151.702
FD10911	121.750 	 21.172 	 151.714
FD10911	121.875 	 21.212 	 151.715
FD10911	122.000 	 21.253 	 151.715
FD10911	122.125 	 21.294 	 151.715
FD10911	122.250 	 21.335 	 151.721
FD10911	122.375 	 21.376 	 151.730
FD10911	122.500 	 21.416 	 151.744
FD10911	122.625 	 21.459 	 151.765
FD10911	122.750 	 21.500 	 151.789
FD10911	122.875 	 21.541 	 151.817
FD10911	123.000 	 21.585 	 151.848
FD10911	123.125 	 21.626 	 151.881
FD10911	123.250 	 21.670 	 151.922
FD10911	123.375 	 21.714 	 151.970
FD10911	123.500 	 21.756 	 152.018
FD10911	123.625 	 21.799 	 152.059
FD10911	123.750 	 21.844 	 152.079
FD10911	123.875 	 21.887 	 152.074
FD10911	124.000 	 21.930 	 152.045
FD10911	124.125 	 21.974 	 152.001
FD10911	124.250 	 22.018 	 151.945
FD10911	124.375 	 22.061 	 151.884
FD10911	124.500 	 22.104 	 151.819
FD10911	124.625 	 22.147 	 151.753
FD10911	124.750 	 22.188 	 151.697
FD10911	124.875 	 22.231 	 151.658
FD10911	125.000 	 22.272 	 151.636
FD10911	125.125 	 22.315 	 151.626
FD10911	125.250 	 22.357 	 151.619
FD10911	125.375 	 22.397 	 151.606
FD10911	125.500 	 22.437 	 151.587
FD10911	125.625 	 22.477 	 151.564
FD10911	125.750 	 22.517 	 151.541
FD10911	125.875 	 22.557 	 151.518
FD10911	126.000 	 22.597 	 151.499
FD10911	126.125 	 22.636 	 151.486
FD10911	126.250 	 22.676 	 151.481
FD10911	126.375 	 22.716 	 151.478
FD10911	126.500 	 22.756 	 151.480
FD10911	126.625 	 22.794 	 151.488
FD10911	126.750 	 22.834 	 151.500
FD10911	126.875 	 22.872 	 151.518
FD10911	127.000 	 22.913 	 151.539
FD10911	127.125 	 22.951 	 151.557
FD10911	127.250 	 22.990 	 151.566
FD10911	127.375 	 23.029 	 151.558
FD10911	127.500 	 23.067 	 151.534
FD10911	127.625 	 23.105 	 151.502
FD10911	127.750 	 23.145 	 151.472
FD10911	127.875 	 23.182 	 151.452
FD10911	128.000 	 23.219 	 151.447
FD10911	128.125 	 23.257 	 151.454
FD10911	128.250 	 23.295 	 151.465
FD10911	128.375 	 23.330 	 151.481
FD10911	128.500 	 23.369 	 151.493
FD10911	128.625 	 23.405 	 151.502
FD10911	128.750 	 23.443 	 151.507
FD10911	128.875 	 23.478 	 151.511
FD10911	129.000 	 23.515 	 151.518
FD10911	129.125 	 23.552 	 151.528
FD10911	129.250 	 23.586 	 151.539
FD10911	129.375 	 23.622 	 151.548
FD10911	129.500 	 23.658 	 151.556
FD10911	129.625 	 23.693 	 151.560
FD10911	129.750 	 23.727 	 151.563
FD10911	129.875 	 23.761 	 151.570
FD10911	130.000 	 23.794 	 151.581
FD10911	130.125 	 23.828 	 151.592
FD10911	130.250 	 23.860 	 151.602
FD10911	130.375 	 23.893 	 151.603
FD10911	130.500 	 23.925 	 151.601
FD10911	130.625 	 23.957 	 151.597
FD10911	130.750 	 23.988 	 151.600
FD10911	130.875 	 24.022 	 151.610
FD10911	131.000 	 24.055 	 151.625
FD10911	131.125 	 24.082 	 151.640
FD10911	131.250 	 24.120 	 151.651
FD10911	131.375 	 24.150 	 151.663
FD10911	131.500 	 24.183 	 151.676
FD10911	131.625 	 24.214 	 151.690
FD10911	131.750 	 24.253 	 151.696
FD10911	131.875 	 24.282 	 151.692
FD10911	132.000 	 24.323 	 151.673
FD10911	132.125 	 24.352 	 151.647
FD10911	132.250 	 24.394 	 151.627
FD10911	132.375 	 24.427 	 151.617
FD10911	132.500 	 24.463 	 151.616
FD10911	132.625 	 24.503 	 151.624
FD10911	132.750 	 24.540 	 151.630
FD10911	132.875 	 24.578 	 151.635
FD10911	133.000 	 24.615 	 151.632
FD10911	133.125 	 24.659 	 151.626
FD10911	133.250 	 24.691 	 151.621
FD10911	133.375 	 24.734 	 151.624
FD10911	133.500 	 24.772 	 151.648
FD10911	133.625 	 24.810 	 151.690
FD10911	133.750 	 24.848 	 151.747
FD10911	133.875 	 24.892 	 151.809
FD10911	134.000 	 24.924 	 151.866
FD10911	134.125 	 24.968 	 151.907
FD10911	134.250 	 25.005 	 151.928
FD10911	134.375 	 25.043 	 151.932
FD10911	134.500 	 25.081 	 151.924
FD10911	134.625 	 25.121 	 151.914
FD10911	134.750 	 25.158 	 151.912
FD10911	134.875 	 25.198 	 151.927
FD10911	135.000 	 25.235 	 151.962
FD10911	135.125 	 25.272 	 152.017
FD10911	135.250 	 25.308 	 152.084
FD10911	135.375 	 25.344 	 152.149
FD10911	135.500 	 25.383 	 152.202
FD10911	135.625 	 25.420 	 152.232
FD10911	135.750 	 25.458 	 152.237
FD10911	135.875 	 25.491 	 152.226
FD10911	136.000 	 25.530 	 152.212
FD10911	136.125 	 25.565 	 152.202
FD10911	136.250 	 25.600 	 152.201
FD10911	136.375 	 25.638 	 152.199
FD10911	136.500 	 25.671 	 152.191
FD10911	136.625 	 25.708 	 152.168
FD10911	136.750 	 25.743 	 152.132
FD10911	136.875 	 25.781 	 152.093
FD10911	137.000 	 25.813 	 152.060
FD10911	137.125 	 25.848 	 152.034
FD10911	137.250 	 25.885 	 152.009
FD10911	137.375 	 25.920 	 151.980
FD10911	137.500 	 25.958 	 151.949
FD10911	137.625 	 25.992 	 151.921
FD10911	137.750 	 26.024 	 151.908
FD10911	137.875 	 26.062 	 151.917
FD10911	138.000 	 26.096 	 151.945
FD10911	138.125 	 26.134 	 151.983
FD10911	138.250 	 26.169 	 152.018
FD10911	138.375 	 26.201 	 152.042
FD10911	138.500 	 26.242 	 152.057
FD10911	138.625 	 26.274 	 152.069
FD10911	138.750 	 26.308 	 152.090
FD10911	138.875 	 26.351 	 152.120
FD10911	139.000 	 26.379 	 152.145
FD10911	139.125 	 26.421 	 152.152
FD10911	139.250 	 26.457 	 152.129
FD10911	139.375 	 26.492 	 152.079
FD10911	139.500 	 26.532 	 152.031
FD10911	139.625 	 26.568 	 152.004
FD10911	139.750 	 26.608 	 152.009
FD10911	139.875 	 26.644 	 152.038
FD10911	140.000 	 26.680 	 152.062
FD10911	140.125 	 26.717 	 152.066
FD10911	140.250 	 26.759 	 152.041
FD10911	140.375 	 26.796 	 152.001
FD10911	140.500 	 26.832 	 151.961
FD10911	140.625 	 26.870 	 151.933
FD10911	140.750 	 26.909 	 151.913
FD10911	140.875 	 26.946 	 151.899
FD10911	141.000 	 26.985 	 151.893
FD10911	141.125 	 27.022 	 151.905
FD10911	141.250 	 27.064 	 151.940
FD10911	141.375 	 27.098 	 151.999
FD10911	141.500 	 27.134 	 152.074
FD10911	141.625 	 27.173 	 152.150
FD10911	141.750 	 27.216 	 152.219
FD10911	141.875 	 27.245 	 152.279
FD10911	142.000 	 27.288 	 152.328
FD10911	142.125 	 27.324 	 152.367
FD10911	142.250 	 27.359 	 152.393
FD10911	142.375 	 27.402 	 152.409
FD10911	142.500 	 27.430 	 152.414
FD10911	142.625 	 27.472 	 152.410
FD10911	142.750 	 27.508 	 152.401
FD10911	142.875 	 27.546 	 152.389
FD10911	143.000 	 27.581 	 152.381
FD10911	143.125 	 27.620 	 152.383
FD10911	143.250 	 27.652 	 152.403
FD10911	143.375 	 27.693 	 152.443
FD10911	143.500 	 27.724 	 152.493
FD10911	143.625 	 27.763 	 152.547
FD10911	143.750 	 27.797 	 152.587
FD10911	143.875 	 27.835 	 152.610
FD10911	144.000 	 27.870 	 152.615
FD10911	144.125 	 27.908 	 152.604
FD10911	144.250 	 27.943 	 152.585
FD10911	144.375 	 27.980 	 152.562
FD10911	144.500 	 28.016 	 152.538
FD10911	144.625 	 28.050 	 152.510
FD10911	144.750 	 28.089 	 152.480
FD10911	144.875 	 28.124 	 152.450
FD10911	145.000 	 28.162 	 152.421
FD10911	145.125 	 28.197 	 152.407
FD10911	145.250 	 28.232 	 152.410
FD10911	145.375 	 28.273 	 152.439
FD10911	145.500 	 28.308 	 152.492
FD10911	145.625 	 28.342 	 152.565
FD10911	145.750 	 28.376 	 152.646
FD10911	145.875 	 28.410 	 152.729
FD10911	146.000 	 28.450 	 152.805
FD10911	146.125 	 28.481 	 152.868
FD10911	146.250 	 28.516 	 152.912
FD10911	146.375 	 28.549 	 152.935
FD10911	146.500 	 28.586 	 152.944
FD10911	146.625 	 28.614 	 152.943
FD10911	146.750 	 28.649 	 152.945
FD10911	146.875 	 28.680 	 152.959
FD10911	147.000 	 28.716 	 152.989
FD10911	147.125 	 28.743 	 153.026
FD10911	147.250 	 28.778 	 153.061
FD10911	147.375 	 28.806 	 153.080
FD10911	147.500 	 28.844 	 153.077
FD10911	147.625 	 28.872 	 153.060
FD10911	147.750 	 28.907 	 153.039
FD10911	147.875 	 28.935 	 153.031
FD10911	148.000 	 28.974 	 153.043
FD10911	148.125 	 29.003 	 153.076
FD10911	148.250 	 29.035 	 153.114
FD10911	148.375 	 29.070 	 153.142
FD10911	148.500 	 29.106 	 153.150
FD10911	148.625 	 29.139 	 153.134
FD10911	148.750 	 29.168 	 153.102
FD10911	148.875 	 29.208 	 153.070
FD10911	149.000 	 29.240 	 153.048
FD10911	149.125 	 29.274 	 153.040
FD10911	149.250 	 29.307 	 153.048
FD10911	149.375 	 29.346 	 153.064
FD10911	149.500 	 29.380 	 153.087
FD10911	149.625 	 29.410 	 153.114
FD10911	149.750 	 29.449 	 153.145
FD10911	149.875 	 29.478 	 153.181
FD10911	150.000 	 29.518 	 153.214
FD10911	150.125 	 29.547 	 153.241
FD10911	150.250 	 29.585 	 153.250
FD10911	150.375 	 29.617 	 153.236
FD10911	150.500 	 29.652 	 153.202
FD10911	150.625 	 29.686 	 153.152
FD10911	150.750 	 29.717 	 153.088
FD10911	150.875 	 29.754 	 153.021
FD10911	151.000 	 29.789 	 152.947
FD10911	151.125 	 29.820 	 152.870
FD10911	151.250 	 29.849 	 152.786
FD10911	151.375 	 29.888 	 152.697
FD10911	151.500 	 29.920 	 152.610
FD10911	151.625 	 29.951 	 152.533
FD10911	151.750 	 29.982 	 152.468
FD10911	151.875 	 30.012 	 152.420
FD10911	152.000 	 30.046 	 152.385
FD10911	152.125 	 30.077 	 152.357
FD10911	152.250 	 30.109 	 152.330
FD10911	152.375 	 30.133 	 152.307
FD10911	152.500 	 30.168 	 152.284
FD10911	152.625 	 30.197 	 152.263
FD10911	152.750 	 30.226 	 152.236
FD10911	152.875 	 30.250 	 152.202
FD10911	153.000 	 30.278 	 152.162
FD10911	153.125 	 30.309 	 152.120
FD10911	153.250 	 30.336 	 152.082
FD10911	153.375 	 30.359 	 152.042
FD10911	153.500 	 30.387 	 152.002
FD10911	153.625 	 30.416 	 151.953
FD10911	153.750 	 30.439 	 151.897
FD10911	153.875 	 30.466 	 151.834
FD10911	154.000 	 30.491 	 151.774
FD10911	154.125 	 30.518 	 151.725
FD10911	154.250 	 30.540 	 151.696
FD10911	154.375 	 30.565 	 151.686
FD10911	154.500 	 30.594 	 151.691
FD10911	154.625 	 30.615 	 151.700
FD10911	154.750 	 30.638 	 151.700
FD10911	154.875 	 30.666 	 151.682
FD10911	155.000 	 30.687 	 151.643
FD10911	155.125 	 30.711 	 151.588
FD10911	155.250 	 30.731 	 151.525
FD10911	155.375 	 30.756 	 151.467
FD10911	155.500 	 30.779 	 151.417
FD10911	155.625 	 30.803 	 151.384
FD10911	155.750 	 30.823 	 151.367
FD10911	155.875 	 30.846 	 151.360
FD10911	156.000 	 30.864 	 151.362
FD10911	156.125 	 30.887 	 151.364
FD10911	156.250 	 30.907 	 151.361
FD10911	156.375 	 30.928 	 151.345
FD10911	156.500 	 30.948 	 151.319
FD10911	156.625 	 30.969 	 151.283
FD10911	156.750 	 30.988 	 151.254
FD10911	156.875 	 31.009 	 151.236
FD10911	157.000 	 31.028 	 151.240
FD10911	157.125 	 31.049 	 151.257
FD10911	157.250 	 31.063 	 151.283
FD10911	157.375 	 31.084 	 151.308
FD10911	157.500 	 31.105 	 151.329
FD10911	157.625 	 31.127 	 151.348
FD10911	157.750 	 31.140 	 151.361
FD10911	157.875 	 31.161 	 151.369
FD10911	158.000 	 31.177 	 151.360
FD10911	158.125 	 31.197 	 151.331
FD10911	158.250 	 31.213 	 151.282
FD10911	158.375 	 31.229 	 151.224
FD10911	158.500 	 31.245 	 151.158
FD10911	158.625 	 31.259 	 151.091
FD10911	158.750 	 31.278 	 151.026
FD10911	158.875 	 31.289 	 150.961
FD10911	159.000 	 31.307 	 150.900
FD10911	159.125 	 31.321 	 150.846
FD10911	159.250 	 31.335 	 150.798
FD10911	159.375 	 31.344 	 150.759
FD10911	159.500 	 31.360 	 150.725
FD10911	159.625 	 31.374 	 150.695
FD10911	159.750 	 31.382 	 150.663
FD10911	159.875 	 31.399 	 150.632
FD10911	160.000 	 31.407 	 150.600
FD10911	160.125 	 31.420 	 150.571
FD10911	160.250 	 31.436 	 150.541
FD10911	160.375 	 31.445 	 150.512
FD10911	160.500 	 31.457 	 150.485
FD10911	160.625 	 31.470 	 150.461
FD10911	160.750 	 31.479 	 150.442
FD10911	160.875 	 31.495 	 150.429
FD10911	161.000 	 31.509 	 150.423
FD10911	161.125 	 31.521 	 150.424
FD10911	161.250 	 31.531 	 150.433
FD10911	161.375 	 31.548 	 150.443
FD10911	161.500 	 31.561 	 150.451
FD10911	161.625 	 31.572 	 150.457
FD10911	161.750 	 31.589 	 150.455
FD10911	161.875 	 31.603 	 150.453
FD10911	162.000 	 31.616 	 150.452
FD10911	162.125 	 31.631 	 150.464
FD10911	162.250 	 31.645 	 150.482
FD10911	162.375 	 31.659 	 150.505
FD10911	162.500 	 31.673 	 150.528
FD10911	162.625 	 31.687 	 150.547
FD10911	162.750 	 31.705 	 150.560
FD10911	162.875 	 31.715 	 150.565
FD10911	163.000 	 31.729 	 150.560
FD10911	163.125 	 31.746 	 150.547
FD10911	163.250 	 31.755 	 150.524
FD10911	163.375 	 31.773 	 150.495
FD10911	163.500 	 31.781 	 150.457
FD10911	163.625 	 31.793 	 150.418
FD10911	163.750 	 31.805 	 150.376
FD10911	163.875 	 31.816 	 150.330
FD10911	164.000 	 31.827 	 150.279
FD10911	164.125 	 31.833 	 150.213
FD10911	164.250 	 31.844 	 150.130
FD10911	164.375 	 31.854 	 150.026
FD10911	164.500 	 31.859 	 149.900
FD10911	164.625 	 31.867 	 149.764
FD10911	164.750 	 31.872 	 149.634
FD10911	164.875 	 31.877 	 149.518
FD10911	165.000 	 31.890 	 149.430
FD10911	165.125 	 31.889 	 149.364
FD10911	165.250 	 31.896 	 149.323
FD10911	165.375 	 31.901 	 149.299
FD10911	165.500 	 31.907 	 149.286
FD10911	165.625 	 31.909 	 149.288
FD10911	165.750 	 31.912 	 149.303
FD10911	165.875 	 31.920 	 149.335
FD10911	166.000 	 31.922 	 149.373
FD10911	166.125 	 31.923 	 149.414
FD10911	166.250 	 31.926 	 149.454
FD10911	166.375 	 31.928 	 149.486
FD10911	166.500 	 31.932 	 149.503
FD10911	166.625 	 31.935 	 149.512
FD10911	166.750 	 31.936 	 149.514
FD10911	166.875 	 31.938 	 149.518
FD10911	167.000 	 31.940 	 149.527
FD10911	167.125 	 31.945 	 149.546
FD10911	167.250 	 31.942 	 149.568
FD10911	167.375 	 31.949 	 149.591
FD10911	167.500 	 31.949 	 149.603
FD10911	167.625 	 31.951 	 149.613
FD10911	167.750 	 31.953 	 149.619
FD10911	167.875 	 31.958 	 149.622
FD10911	168.000 	 31.962 	 149.626
FD10911	168.125 	 31.963 	 149.622
FD10911	168.250 	 31.967 	 149.615
FD10911	168.375 	 31.972 	 149.603
FD10911	168.500 	 31.976 	 149.592
FD10911	168.625 	 31.977 	 149.583
FD10911	168.750 	 31.982 	 149.583
FD10911	168.875 	 31.988 	 149.584
FD10911	169.000 	 31.996 	 149.581
FD10911	169.125 	 31.995 	 149.563
FD10911	169.250 	 32.003 	 149.533
FD10911	169.375 	 32.005 	 149.484
FD10911	169.500 	 32.012 	 149.429
FD10911	169.625 	 32.016 	 149.375
FD10911	169.750 	 32.018 	 149.333
FD10911	169.875 	 32.025 	 149.314
FD10911	170.000 	 32.028 	 149.323
FD10911	170.125 	 32.032 	 149.355
FD10911	170.250 	 32.034 	 149.394
FD10911	170.375 	 32.041 	 149.432
FD10911	170.500 	 32.042 	 149.460
FD10911	170.625 	 32.049 	 149.485
FD10911	170.750 	 32.048 	 149.510
FD10911	170.875 	 32.053 	 149.543
FD10911	171.000 	 32.055 	 149.575
FD10911	171.125 	 32.056 	 149.603
FD10911	171.250 	 32.059 	 149.624
FD10911	171.375 	 32.063 	 149.631
FD10911	171.500 	 32.061 	 149.630
FD10911	171.625 	 32.066 	 149.627
FD10911	171.750 	 32.068 	 149.625
FD10911	171.875 	 32.068 	 149.630
FD10911	172.000 	 32.069 	 149.640
FD10911	172.125 	 32.069 	 149.651
FD10911	172.250 	 32.071 	 149.658
FD10911	172.375 	 32.072 	 149.662
FD10911	172.500 	 32.077 	 149.664
FD10911	172.625 	 32.073 	 149.664
FD10911	172.750 	 32.078 	 149.658
FD10911	172.875 	 32.076 	 149.645
FD10911	173.000 	 32.080 	 149.619
FD10911	173.125 	 32.081 	 149.588
FD10911	173.250 	 32.082 	 149.552
FD10911	173.375 	 32.082 	 149.513
FD10911	173.500 	 32.088 	 149.478
FD10911	173.625 	 32.084 	 149.439
FD10911	173.750 	 32.086 	 149.402
FD10911	173.875 	 32.091 	 149.364
FD10911	174.000 	 32.087 	 149.327
FD10911	174.125 	 32.093 	 149.298
FD10911	174.250 	 32.093 	 149.272
FD10911	174.375 	 32.094 	 149.249
FD10911	174.500 	 32.096 	 149.222
FD10911	174.625 	 32.096 	 149.185
FD10911	174.750 	 32.098 	 149.144
FD10911	174.875 	 32.102 	 149.098
FD10911	175.000 	 32.100 	 149.061
FD10911	175.125 	 32.103 	 149.043
FD10911	175.250 	 32.102 	 149.058
FD10911	175.375 	 32.105 	 149.093
FD10911	175.500 	 32.107 	 149.144
FD10911	175.625 	 32.108 	 149.187
FD10911	175.750 	 32.110 	 149.209
FD10911	175.875 	 32.109 	 149.206
FD10911	176.000 	 32.115 	 149.192
FD10911	176.125 	 32.114 	 149.177
FD10911	176.250 	 32.119 	 149.166
FD10911	176.375 	 32.120 	 149.156
FD10911	176.500 	 32.121 	 149.137
FD10911	176.625 	 32.122 	 149.096
FD10911	176.750 	 32.126 	 149.030
FD10911	176.875 	 32.131 	 148.942
FD10911	177.000 	 32.133 	 148.852
FD10911	177.125 	 32.136 	 148.783
FD10911	177.250 	 32.138 	 148.750
FD10911	177.375 	 32.146 	 148.763
FD10911	177.500 	 32.149 	 148.808
FD10911	177.625 	 32.156 	 148.873
FD10911	177.750 	 32.159 	 148.942
FD10911	177.875 	 32.163 	 149.006
FD10911	178.000 	 32.167 	 149.066
FD10911	178.125 	 32.174 	 149.120
FD10911	178.250 	 32.182 	 149.172
FD10911	178.375 	 32.185 	 149.212
FD10911	178.500 	 32.190 	 149.235
FD10911	178.625 	 32.197 	 149.232
FD10911	178.750 	 32.202 	 149.202
FD10911	178.875 	 32.206 	 149.144
FD10911	179.000 	 32.218 	 149.068
FD10911	179.125 	 32.218 	 148.979
FD10911	179.250 	 32.226 	 148.894
FD10911	179.375 	 32.229 	 148.822
FD10911	179.500 	 32.237 	 148.777
FD10911	179.625 	 32.241 	 148.761
FD10911	179.750 	 32.249 	 148.771
FD10911	179.875 	 32.252 	 148.798
FD10911	180.000 	 32.257 	 148.831
FD10911	180.125 	 32.265 	 148.861
FD10911	180.250 	 32.268 	 148.887
FD10911	180.375 	 32.276 	 148.914
FD10911	180.500 	 32.278 	 148.945
FD10911	180.625 	 32.284 	 148.983
FD10911	180.750 	 32.289 	 149.014
FD10911	180.875 	 32.293 	 149.040
FD10911	181.000 	 32.300 	 149.052
FD10911	181.125 	 32.303 	 149.045
FD10911	181.250 	 32.306 	 149.022
FD10911	181.375 	 32.309 	 148.982
FD10911	181.500 	 32.316 	 148.931
FD10911	181.625 	 32.319 	 148.876
FD10911	181.750 	 32.323 	 148.829
FD10911	181.875 	 32.328 	 148.791
FD10911	182.000 	 32.332 	 148.766
FD10911	182.125 	 32.339 	 148.752
FD10911	182.250 	 32.338 	 148.739
FD10911	182.375 	 32.344 	 148.728
FD10911	182.500 	 32.351 	 148.722
FD10911	182.625 	 32.355 	 148.716
FD10911	182.750 	 32.358 	 148.718
FD10911	182.875 	 32.361 	 148.720
FD10911	183.000 	 32.367 	 148.728
FD10911	183.125 	 32.370 	 148.744
FD10911	183.250 	 32.373 	 148.764
FD10911	183.375 	 32.378 	 148.785
FD10911	183.500 	 32.383 	 148.804
FD10911	183.625 	 32.390 	 148.818
FD10911	183.750 	 32.389 	 148.827
FD10911	183.875 	 32.397 	 148.843
FD10911	184.000 	 32.403 	 148.865
FD10911	184.125 	 32.405 	 148.903
FD10911	184.250 	 32.414 	 148.941
FD10911	184.375 	 32.416 	 148.977
FD10911	184.500 	 32.424 	 149.000
FD10911	184.625 	 32.432 	 149.015
FD10911	184.750 	 32.438 	 149.025
FD10911	184.875 	 32.446 	 149.032
FD10911	185.000 	 32.453 	 149.034
FD10911	185.125 	 32.462 	 149.032
FD10911	185.250 	 32.473 	 149.025
FD10911	185.375 	 32.485 	 149.014
FD10911	185.500 	 32.492 	 148.989
FD10911	185.625 	 32.504 	 148.957
FD10911	185.750 	 32.518 	 148.909
FD10911	185.875 	 32.528 	 148.854
FD10911	186.000 	 32.541 	 148.795
FD10911	186.125 	 32.554 	 148.743
FD10911	186.250 	 32.568 	 148.706
FD10911	186.375 	 32.580 	 148.682
FD10911	186.500 	 32.597 	 148.677
FD10911	186.625 	 32.608 	 148.689
FD10911	186.750 	 32.622 	 148.719
FD10911	186.875 	 32.639 	 148.765
FD10911	187.000 	 32.654 	 148.821
FD10911	187.125 	 32.664 	 148.883
FD10911	187.250 	 32.683 	 148.937
FD10911	187.375 	 32.700 	 148.976
FD10911	187.500 	 32.713 	 148.993
FD10911	187.625 	 32.725 	 148.989
FD10911	187.750 	 32.745 	 148.973
FD10911	187.875 	 32.757 	 148.949
FD10911	188.000 	 32.772 	 148.920
FD10911	188.125 	 32.786 	 148.886
FD10911	188.250 	 32.800 	 148.848
FD10911	188.375 	 32.813 	 148.802
FD10911	188.500 	 32.827 	 148.759
FD10911	188.625 	 32.839 	 148.723
FD10911	188.750 	 32.851 	 148.703
FD10911	188.875 	 32.865 	 148.693
FD10911	189.000 	 32.878 	 148.692
FD10911	189.125 	 32.889 	 148.677
FD10911	189.250 	 32.902 	 148.651
FD10911	189.375 	 32.912 	 148.608
FD10911	189.500 	 32.925 	 148.558
FD10911	189.625 	 32.932 	 148.513
FD10911	189.750 	 32.948 	 148.480
FD10911	189.875 	 32.955 	 148.471
FD10911	190.000 	 32.965 	 148.487
FD10911	190.125 	 32.972 	 148.527
FD10911	190.250 	 32.987 	 148.577
FD10911	190.375 	 32.993 	 148.630
FD10911	190.500 	 32.999 	 148.675
FD10911	190.625 	 33.012 	 148.700
FD10911	190.750 	 33.019 	 148.718
FD10911	190.875 	 33.024 	 148.729
FD10911	191.000 	 33.036 	 148.738
FD10911	191.125 	 33.037 	 148.741
FD10911	191.250 	 33.050 	 148.745
FD10911	191.375 	 33.050 	 148.744
FD10911	191.500 	 33.063 	 148.744
FD10911	191.625 	 33.062 	 148.740
FD10911	191.750 	 33.070 	 148.742
FD10911	191.875 	 33.078 	 148.746
FD10911	192.000 	 33.082 	 148.758
FD10911	192.125 	 33.085 	 148.783
FD10911	192.250 	 33.093 	 148.818
FD10911	192.375 	 33.096 	 148.868
FD10911	192.500 	 33.104 	 148.927
FD10911	192.625 	 33.102 	 148.988
FD10911	192.750 	 33.113 	 149.039
FD10911	192.875 	 33.113 	 149.081
FD10911	193.000 	 33.120 	 149.102
FD10911	193.125 	 33.128 	 149.109
FD10911	193.250 	 33.126 	 149.110
FD10911	193.375 	 33.135 	 149.115
FD10911	193.500 	 33.141 	 149.120
FD10911	193.625 	 33.144 	 149.122
FD10911	193.750 	 33.149 	 149.122
FD10911	193.875 	 33.156 	 149.104
FD10911	194.000 	 33.158 	 149.067
FD10911	194.125 	 33.162 	 149.006
FD10911	194.250 	 33.169 	 148.921
FD10911	194.375 	 33.173 	 148.826
FD10911	194.500 	 33.176 	 148.724
FD10911	194.625 	 33.183 	 148.640
FD10911	194.750 	 33.191 	 148.581
FD10911	194.875 	 33.190 	 148.554
FD10911	195.000 	 33.198 	 148.556
FD10911	195.125 	 33.203 	 148.581
FD10911	195.250 	 33.205 	 148.616
FD10911	195.375 	 33.210 	 148.644
FD10911	195.500 	 33.218 	 148.657
FD10911	195.625 	 33.223 	 148.660
FD10911	195.750 	 33.226 	 148.650
FD10911	195.875 	 33.234 	 148.647
FD10911	196.000 	 33.237 	 148.649
FD10911	196.125 	 33.246 	 148.660
FD10911	196.250 	 33.249 	 148.674
FD10911	196.375 	 33.258 	 148.693
FD10911	196.500 	 33.261 	 148.706
FD10911	196.625 	 33.265 	 148.727
FD10911	196.750 	 33.274 	 148.748
FD10911	196.875 	 33.281 	 148.771
FD10911	197.000 	 33.286 	 148.795
FD10911	197.125 	 33.291 	 148.816
FD10911	197.250 	 33.299 	 148.831
FD10911	197.375 	 33.302 	 148.839
FD10911	197.500 	 33.313 	 148.840
FD10911	197.625 	 33.320 	 148.833
FD10911	197.750 	 33.324 	 148.820
FD10911	197.875 	 33.328 	 148.809
FD10911	198.000 	 33.337 	 148.793
FD10911	198.125 	 33.345 	 148.778
FD10911	198.250 	 33.344 	 148.760
FD10911	198.375 	 33.356 	 148.745
FD10911	198.500 	 33.356 	 148.730
FD10911	198.625 	 33.363 	 148.713
FD10911	198.750 	 33.369 	 148.698
FD10911	198.875 	 33.369 	 148.680
FD10911	199.000 	 33.376 	 148.658
FD10911	199.125 	 33.383 	 148.638
FD10911	199.250 	 33.380 	 148.623
FD10911	199.375 	 33.387 	 148.623
FD10911	199.500 	 33.390 	 148.645
FD10911	199.625 	 33.394 	 148.681
FD10911	199.750 	 33.390 	 148.717
FD10911	199.875 	 33.393 	 148.738
FD10911	200.000 	 33.398 	 148.739
FD10911	200.125 	 33.399 	 148.719
FD10911	200.250 	 33.398 	 148.689
FD10911	200.375 	 33.397 	 148.664
FD10911	200.500 	 33.400 	 148.642
FD10911	200.625 	 33.401 	 148.625
FD10911	200.750 	 33.402 	 148.615
FD10911	200.875 	 33.400 	 148.604
FD10911	201.000 	 33.401 	 148.590
FD10911	201.125 	 33.401 	 148.575
FD10911	201.250 	 33.401 	 148.557
FD10911	201.375 	 33.401 	 148.535
FD10911	201.500 	 33.402 	 148.524
FD10911	201.625 	 33.401 	 148.521
FD10911	201.750 	 33.400 	 148.524
FD10911	201.875 	 33.402 	 148.531
FD10911	202.000 	 33.406 	 148.534
FD10911	202.125 	 33.401 	 148.527
FD10911	202.250 	 33.403 	 148.509
FD10911	202.375 	 33.404 	 148.480
FD10911	202.500 	 33.408 	 148.443
FD10911	202.625 	 33.404 	 148.406
FD10911	202.750 	 33.410 	 148.371
FD10911	202.875 	 33.407 	 148.344
FD10911	203.000 	 33.412 	 148.319
FD10911	203.125 	 33.413 	 148.298
FD10911	203.250 	 33.415 	 148.274
FD10911	203.375 	 33.415 	 148.254
FD10911	203.500 	 33.422 	 148.249
FD10911	203.625 	 33.423 	 148.257
FD10911	203.750 	 33.422 	 148.285
FD10911	203.875 	 33.431 	 148.318
FD10911	204.000 	 33.429 	 148.357
FD10911	204.125 	 33.430 	 148.386
FD10911	204.250 	 33.436 	 148.402
FD10911	204.375 	 33.437 	 148.403
FD10911	204.500 	 33.439 	 148.391
FD10911	204.625 	 33.440 	 148.363
FD10911	204.750 	 33.440 	 148.326
FD10911	204.875 	 33.447 	 148.288
FD10911	205.000 	 33.444 	 148.254
FD10911	205.125 	 33.450 	 148.223
FD10911	205.250 	 33.449 	 148.188
FD10911	205.375 	 33.447 	 148.157
FD10911	205.500 	 33.452 	 148.123
FD10911	205.625 	 33.456 	 148.095
FD10911	205.750 	 33.455 	 148.084
FD10911	205.875 	 33.455 	 148.083
FD10911	206.000 	 33.460 	 148.097
FD10911	206.125 	 33.456 	 148.114
FD10911	206.250 	 33.463 	 148.129
FD10911	206.375 	 33.465 	 148.129
FD10911	206.500 	 33.466 	 148.120
FD10911	206.625 	 33.472 	 148.100
FD10911	206.750 	 33.471 	 148.077
FD10911	206.875 	 33.475 	 148.047
FD10911	207.000 	 33.478 	 148.025
FD10911	207.125 	 33.485 	 148.014
FD10911	207.250 	 33.483 	 148.014
FD10911	207.375 	 33.490 	 148.031
FD10911	207.500 	 33.496 	 148.059
FD10911	207.625 	 33.496 	 148.090
FD10911	207.750 	 33.502 	 148.125
FD10911	207.875 	 33.509 	 148.165
FD10911	208.000 	 33.507 	 148.207
FD10911	208.125 	 33.514 	 148.256
FD10911	208.250 	 33.517 	 148.306
FD10911	208.375 	 33.525 	 148.358
FD10911	208.500 	 33.527 	 148.401
FD10911	208.625 	 33.531 	 148.442
FD10911	208.750 	 33.537 	 148.470
FD10911	208.875 	 33.538 	 148.483
FD10911	209.000 	 33.541 	 148.484
FD10911	209.125 	 33.544 	 148.480
FD10911	209.250 	 33.550 	 148.468
FD10911	209.375 	 33.547 	 148.458
FD10911	209.500 	 33.553 	 148.449
FD10911	209.625 	 33.560 	 148.445
FD10911	209.750 	 33.556 	 148.435
FD10911	209.875 	 33.563 	 148.430
FD10911	210.000 	 33.559 	 148.421
FD10911	210.125 	 33.564 	 148.419
FD10911	210.250 	 33.565 	 148.426
FD10911	210.375 	 33.568 	 148.442
FD10911	210.500 	 33.572 	 148.469
FD10911	210.625 	 33.569 	 148.505
FD10911	210.750 	 33.570 	 148.549
FD10911	210.875 	 33.575 	 148.595
FD10911	211.000 	 33.576 	 148.646
FD10911	211.125 	 33.578 	 148.693
FD10911	211.250 	 33.580 	 148.735
FD10911	211.375 	 33.579 	 148.760
FD10911	211.500 	 33.582 	 148.770
FD10911	211.625 	 33.587 	 148.758
FD10911	211.750 	 33.588 	 148.730
FD10911	211.875 	 33.585 	 148.696
FD10911	212.000 	 33.592 	 148.667
FD10911	212.125 	 33.598 	 148.643
FD10911	212.250 	 33.595 	 148.626
FD10911	212.375 	 33.601 	 148.614
FD10911	212.500 	 33.604 	 148.607
FD10911	212.625 	 33.605 	 148.594
FD10911	212.750 	 33.612 	 148.582
FD10911	212.875 	 33.611 	 148.564
FD10911	213.000 	 33.620 	 148.538
FD10911	213.125 	 33.621 	 148.503
FD10911	213.250 	 33.626 	 148.454
FD10911	213.375 	 33.629 	 148.398
FD10911	213.500 	 33.632 	 148.343
FD10911	213.625 	 33.639 	 148.292
FD10911	213.750 	 33.642 	 148.256
FD10911	213.875 	 33.646 	 148.234
FD10911	214.000 	 33.652 	 148.215
FD10911	214.125 	 33.657 	 148.205
FD10911	214.250 	 33.663 	 148.191
FD10911	214.375 	 33.667 	 148.176
FD10911	214.500 	 33.674 	 148.154
FD10911	214.625 	 33.679 	 148.131
FD10911	214.750 	 33.684 	 148.108
FD10911	214.875 	 33.692 	 148.089
FD10911	215.000 	 33.696 	 148.067
FD10911	215.125 	 33.709 	 148.055
FD10911	215.250 	 33.710 	 148.045
FD10911	215.375 	 33.720 	 148.042
FD10911	215.500 	 33.729 	 148.042
FD10911	215.625 	 33.739 	 148.043
FD10911	215.750 	 33.744 	 148.038
FD10911	215.875 	 33.755 	 148.037
FD10911	216.000 	 33.766 	 148.037
FD10911	216.125 	 33.776 	 148.050
FD10911	216.250 	 33.784 	 148.072
FD10911	216.375 	 33.795 	 148.106
FD10911	216.500 	 33.808 	 148.152
FD10911	216.625 	 33.824 	 148.201
FD10911	216.750 	 33.831 	 148.254
FD10911	216.875 	 33.843 	 148.307
FD10911	217.000 	 33.857 	 148.356
FD10911	217.125 	 33.869 	 148.393
FD10911	217.250 	 33.883 	 148.418
FD10911	217.375 	 33.901 	 148.437
FD10911	217.500 	 33.911 	 148.450
FD10911	217.625 	 33.927 	 148.463
FD10911	217.750 	 33.941 	 148.481
FD10911	217.875 	 33.956 	 148.509
FD10911	218.000 	 33.969 	 148.549
FD10911	218.125 	 33.984 	 148.593
FD10911	218.250 	 34.002 	 148.636
FD10911	218.375 	 34.011 	 148.670
FD10911	218.500 	 34.030 	 148.695
FD10911	218.625 	 34.043 	 148.705
FD10911	218.750 	 34.057 	 148.705
FD10911	218.875 	 34.070 	 148.696
FD10911	219.000 	 34.088 	 148.692
FD10911	219.125 	 34.097 	 148.689
FD10911	219.250 	 34.115 	 148.685
FD10911	219.375 	 34.124 	 148.671
FD10911	219.500 	 34.139 	 148.644
FD10911	219.625 	 34.148 	 148.607
FD10911	219.750 	 34.165 	 148.564
FD10911	219.875 	 34.177 	 148.527
FD10911	220.000 	 34.183 	 148.506
FD10911	220.125 	 34.195 	 148.508
FD10911	220.250 	 34.206 	 148.520
FD10911	220.375 	 34.217 	 148.541
FD10911	220.500 	 34.222 	 148.556
FD10911	220.625 	 34.236 	 148.563
FD10911	220.750 	 34.241 	 148.550
FD10911	220.875 	 34.246 	 148.523
FD10911	221.000 	 34.254 	 148.483
FD10911	221.125 	 34.259 	 148.438
FD10911	221.250 	 34.265 	 148.388
FD10911	221.375 	 34.268 	 148.348
FD10911	221.500 	 34.271 	 148.315
FD10911	221.625 	 34.276 	 148.290
FD10911	221.750 	 34.273 	 148.272
FD10911	221.875 	 34.278 	 148.262
FD10911	222.000 	 34.279 	 148.253
FD10911	222.125 	 34.277 	 148.246
FD10911	222.250 	 34.272 	 148.239
FD10911	222.375 	 34.276 	 148.232
FD10911	222.500 	 34.269 	 148.220
FD10911	222.625 	 34.267 	 148.214
FD10911	222.750 	 34.261 	 148.211
FD10911	222.875 	 34.261 	 148.224
FD10911	223.000 	 34.250 	 148.253
FD10911	223.125 	 34.251 	 148.294
FD10911	223.250 	 34.243 	 148.343
FD10911	223.375 	 34.235 	 148.397
FD10911	223.500 	 34.230 	 148.446
FD10911	223.625 	 34.228 	 148.489
FD10911	223.750 	 34.218 	 148.513
FD10911	223.875 	 34.215 	 148.524
FD10911	224.000 	 34.206 	 148.515
FD10911	224.125 	 34.199 	 148.496
FD10911	224.250 	 34.198 	 148.470
FD10911	224.375 	 34.187 	 148.452
FD10911	224.500 	 34.187 	 148.446
FD10911	224.625 	 34.180 	 148.453
FD10911	224.750 	 34.173 	 148.474
FD10911	224.875 	 34.171 	 148.500
FD10911	225.000 	 34.168 	 148.524
FD10911	225.125 	 34.166 	 148.536
FD10911	225.250 	 34.165 	 148.540
FD10911	225.375 	 34.157 	 148.535
FD10911	225.500 	 34.156 	 148.533
FD10911	225.625 	 34.155 	 148.536
FD10911	225.750 	 34.149 	 148.543
FD10911	225.875 	 34.152 	 148.547
FD10911	226.000 	 34.147 	 148.545
FD10911	226.125 	 34.151 	 148.531
FD10911	226.250 	 34.146 	 148.501
FD10911	226.375 	 34.151 	 148.461
FD10911	226.500 	 34.147 	 148.415
FD10911	226.625 	 34.147 	 148.370
FD10911	226.750 	 34.152 	 148.327
FD10911	226.875 	 34.151 	 148.299
FD10911	227.000 	 34.150 	 148.285
FD10911	227.125 	 34.154 	 148.291
FD10911	227.250 	 34.157 	 148.322
FD10911	227.375 	 34.159 	 148.369
FD10911	227.500 	 34.165 	 148.421
FD10911	227.625 	 34.166 	 148.474
FD10911	227.750 	 34.168 	 148.521
FD10911	227.875 	 34.172 	 148.557
FD10911	228.000 	 34.177 	 148.583
FD10911	228.125 	 34.181 	 148.611
FD10911	228.250 	 34.183 	 148.638
FD10911	228.375 	 34.189 	 148.674
FD10911	228.500 	 34.192 	 148.715
FD10911	228.625 	 34.193 	 148.753
FD10911	228.750 	 34.197 	 148.777
FD10911	228.875 	 34.202 	 148.789
FD10911	229.000 	 34.204 	 148.788
FD10911	229.125 	 34.206 	 148.781
FD10911	229.250 	 34.207 	 148.767
FD10911	229.375 	 34.208 	 148.757
FD10911	229.500 	 34.208 	 148.744
FD10911	229.625 	 34.213 	 148.734
FD10911	229.750 	 34.210 	 148.727
FD10911	229.875 	 34.214 	 148.727
FD10911	230.000 	 34.209 	 148.731
FD10911	230.125 	 34.212 	 148.738
FD10911	230.250 	 34.208 	 148.741
FD10911	230.375 	 34.206 	 148.735
FD10911	230.500 	 34.207 	 148.726
FD10911	230.625 	 34.204 	 148.711
FD10911	230.750 	 34.204 	 148.700
FD10911	230.875 	 34.199 	 148.698
FD10911	231.000 	 34.202 	 148.701
FD10911	231.125 	 34.196 	 148.709
FD10911	231.250 	 34.195 	 148.717
FD10911	231.375 	 34.199 	 148.728
FD10911	231.500 	 34.194 	 148.732
FD10911	231.625 	 34.193 	 148.736
FD10911	231.750 	 34.193 	 148.743
FD10911	231.875 	 34.192 	 148.742
FD10911	232.000 	 34.188 	 148.740
FD10911	232.125 	 34.191 	 148.730
FD10911	232.250 	 34.192 	 148.711
FD10911	232.375 	 34.192 	 148.693
FD10911	232.500 	 34.192 	 148.675
FD10911	232.625 	 34.190 	 148.663
FD10911	232.750 	 34.192 	 148.661
FD10911	232.875 	 34.189 	 148.661
FD10911	233.000 	 34.194 	 148.657
FD10911	233.125 	 34.195 	 148.640
FD10911	233.250 	 34.196 	 148.601
FD10911	233.375 	 34.196 	 148.553
FD10911	233.500 	 34.194 	 148.487
FD10911	233.625 	 34.195 	 148.414
FD10911	233.750 	 34.200 	 148.351
FD10911	233.875 	 34.196 	 148.290
FD10911	234.000 	 34.197 	 148.240
FD10911	234.125 	 34.200 	 148.195
FD10911	234.250 	 34.197 	 148.158
FD10911	234.375 	 34.203 	 148.126
FD10911	234.500 	 34.202 	 148.096
FD10911	234.625 	 34.199 	 148.080
FD10911	234.750 	 34.205 	 148.074
FD10911	234.875 	 34.204 	 148.076
FD10911	235.000 	 34.208 	 148.097
FD10911	235.125 	 34.205 	 148.119
FD10911	235.250 	 34.211 	 148.160
FD10911	235.375 	 34.210 	 148.208
FD10911	235.500 	 34.213 	 148.248
FD10911	235.625 	 34.211 	 148.288
FD10911	235.750 	 34.216 	 148.322
FD10911	235.875 	 34.217 	 148.353
FD10911	236.000 	 34.220 	 148.389
FD10911	236.125 	 34.220 	 148.426
FD10911	236.250 	 34.228 	 148.457
FD10911	236.375 	 34.223 	 148.474
FD10911	236.500 	 34.231 	 148.472
FD10911	236.625 	 34.234 	 148.452
FD10911	236.750 	 34.234 	 148.425
FD10911	236.875 	 34.234 	 148.389
FD10911	237.000 	 34.241 	 148.356
FD10911	237.125 	 34.245 	 148.329
FD10911	237.250 	 34.243 	 148.300
FD10911	237.375 	 34.252 	 148.284
FD10911	237.500 	 34.252 	 148.271
FD10911	237.625 	 34.248 	 148.271
FD10911	237.750 	 34.256 	 148.280
FD10911	237.875 	 34.260 	 148.291
FD10911	238.000 	 34.258 	 148.308
FD10911	238.125 	 34.260 	 148.328
FD10911	238.250 	 34.262 	 148.355
FD10911	238.375 	 34.266 	 148.401
FD10911	238.500 	 34.262 	 148.448
FD10911	238.625 	 34.264 	 148.504
FD10911	238.750 	 34.268 	 148.560
FD10911	238.875 	 34.265 	 148.596
FD10911	239.000 	 34.268 	 148.621
FD10911	239.125 	 34.267 	 148.624
FD10911	239.250 	 34.262 	 148.615
FD10911	239.375 	 34.265 	 148.596
FD10911	239.500 	 34.268 	 148.574
FD10911	239.625 	 34.265 	 148.548
FD10911	239.750 	 34.268 	 148.524
FD10911	239.875 	 34.265 	 148.490
FD10911	240.000 	 34.268 	 148.465
FD10911	240.125 	 34.267 	 148.421
FD10911	240.250 	 34.269 	 148.379
FD10911	240.375 	 34.267 	 148.328
FD10911	240.500 	 34.270 	 148.282
FD10911	240.625 	 34.275 	 148.243
FD10911	240.750 	 34.274 	 148.221
FD10911	240.875 	 34.276 	 148.204
FD10911	241.000 	 34.282 	 148.208
FD10911	241.125 	 34.282 	 148.219
FD10911	241.250 	 34.283 	 148.225
FD10911	241.375 	 34.290 	 148.239
FD10911	241.500 	 34.293 	 148.251
FD10911	241.625 	 34.299 	 148.257
FD10911	241.750 	 34.299 	 148.266
FD10911	241.875 	 34.304 	 148.264
FD10911	242.000 	 34.313 	 148.256
FD10911	242.125 	 34.311 	 148.251
FD10911	242.250 	 34.316 	 148.246
FD10911	242.375 	 34.325 	 148.252
FD10911	242.500 	 34.323 	 148.247
FD10911	242.625 	 34.328 	 148.242
FD10911	242.750 	 34.339 	 148.229
FD10911	242.875 	 34.333 	 148.201
FD10911	243.000 	 34.341 	 148.165
FD10911	243.125 	 34.343 	 148.146
FD10911	243.250 	 34.349 	 148.138
FD10911	243.375 	 34.347 	 148.167
FD10911	243.500 	 34.353 	 148.220
FD10911	243.625 	 34.355 	 148.295
FD10911	243.750 	 34.355 	 148.376
FD10911	243.875 	 34.358 	 148.463
FD10911	244.000 	 34.363 	 148.541
FD10911	244.125 	 34.363 	 148.611
FD10911	244.250 	 34.365 	 148.675
FD10911	244.375 	 34.369 	 148.723
FD10911	244.500 	 34.370 	 148.765
FD10911	244.625 	 34.371 	 148.787
FD10911	244.750 	 34.377 	 148.804
FD10911	244.875 	 34.381 	 148.802
FD10911	245.000 	 34.385 	 148.777
FD10911	245.125 	 34.386 	 148.736
FD10911	245.250 	 34.390 	 148.689
FD10911	245.375 	 34.392 	 148.645
FD10911	245.500 	 34.395 	 148.609
FD10911	245.625 	 34.401 	 148.593
FD10911	245.750 	 34.404 	 148.580
FD10911	245.875 	 34.404 	 148.569
FD10911	246.000 	 34.408 	 148.544
FD10911	246.125 	 34.412 	 148.494
FD10911	246.250 	 34.414 	 148.428
FD10911	246.375 	 34.410 	 148.334
FD10911	246.500 	 34.416 	 148.245
FD10911	246.625 	 34.416 	 148.151
FD10911	246.750 	 34.421 	 148.067
FD10911	246.875 	 34.418 	 147.993
FD10911	247.000 	 34.420 	 147.940
FD10911	247.125 	 34.418 	 147.901
FD10911	247.250 	 34.420 	 147.893
FD10911	247.375 	 34.422 	 147.909
FD10911	247.500 	 34.419 	 147.943
FD10911	247.625 	 34.418 	 147.993
FD10911	247.750 	 34.424 	 148.054
FD10911	247.875 	 34.419 	 148.107
FD10911	248.000 	 34.417 	 148.159
FD10911	248.125 	 34.423 	 148.199
FD10911	248.250 	 34.419 	 148.223
FD10911	248.375 	 34.422 	 148.224
FD10911	248.500 	 34.422 	 148.215
FD10911	248.625 	 34.421 	 148.204
FD10911	248.750 	 34.426 	 148.202
FD10911	248.875 	 34.422 	 148.202
FD10911	249.000 	 34.429 	 148.214
FD10911	249.125 	 34.428 	 148.219
FD10911	249.250 	 34.434 	 148.222
FD10911	249.375 	 34.433 	 148.223
FD10911	249.500 	 34.436 	 148.214
FD10911	249.625 	 34.437 	 148.223
FD10911	249.750 	 34.446 	 148.240
FD10911	249.875 	 34.447 	 148.261
FD10911	250.000 	 34.451 	 148.294
FD10911	250.125 	 34.456 	 148.326
FD10911	250.250 	 34.462 	 148.365
FD10911	250.375 	 34.466 	 148.396
FD10911	250.500 	 34.469 	 148.422
FD10911	250.625 	 34.477 	 148.433
FD10911	250.750 	 34.481 	 148.429
FD10911	250.875 	 34.491 	 148.397
FD10911	251.000 	 34.499 	 148.347
FD10911	251.125 	 34.502 	 148.301
FD10911	251.250 	 34.506 	 148.263
FD10911	251.375 	 34.516 	 148.256
FD10911	251.500 	 34.523 	 148.267
FD10911	251.625 	 34.530 	 148.291
FD10911	251.750 	 34.538 	 148.314
FD10911	251.875 	 34.542 	 148.334
FD10911	252.000 	 34.552 	 148.349
FD10911	252.125 	 34.555 	 148.349
FD10911	252.250 	 34.565 	 148.340
FD10911	252.375 	 34.575 	 148.307
FD10911	252.500 	 34.578 	 148.250
FD10911	252.625 	 34.588 	 148.193
FD10911	252.750 	 34.599 	 148.136
FD10911	252.875 	 34.604 	 148.096
FD10911	253.000 	 34.611 	 148.083
FD10911	253.125 	 34.618 	 148.106
FD10911	253.250 	 34.628 	 148.143
FD10911	253.375 	 34.635 	 148.191
FD10911	253.500 	 34.644 	 148.231
FD10911	253.625 	 34.655 	 148.254
FD10911	253.750 	 34.656 	 148.238
FD10911	253.875 	 34.664 	 148.189
FD10911	254.000 	 34.673 	 148.102
FD10911	254.125 	 34.679 	 147.990
FD10911	254.250 	 34.687 	 147.861
FD10911	254.375 	 34.696 	 147.738
FD10911	254.500 	 34.694 	 147.628
FD10911	254.625 	 34.704 	 147.554
FD10911	254.750 	 34.707 	 147.528
FD10911	254.875 	 34.712 	 147.539
FD10911	255.000 	 34.718 	 147.578
FD10911	255.125 	 34.718 	 147.654
FD10911	255.250 	 34.723 	 147.731
FD10911	255.375 	 34.728 	 147.807
FD10911	255.500 	 34.733 	 147.873
FD10911	255.625 	 34.737 	 147.929
FD10911	255.750 	 34.737 	 147.973
FD10911	255.875 	 34.744 	 148.021
FD10911	256.000 	 34.742 	 148.073
FD10911	256.125 	 34.749 	 148.132
FD10911	256.250 	 34.752 	 148.204
FD10911	256.375 	 34.757 	 148.270
FD10911	256.500 	 34.754 	 148.337
FD10911	256.625 	 34.760 	 148.400
FD10911	256.750 	 34.762 	 148.450
FD10911	256.875 	 34.766 	 148.475
FD10911	257.000 	 34.766 	 148.473
FD10911	257.125 	 34.764 	 148.431
FD10911	257.250 	 34.771 	 148.377
FD10911	257.375 	 34.771 	 148.316
FD10911	257.500 	 34.772 	 148.278
FD10911	257.625 	 34.770 	 148.262
FD10911	257.750 	 34.773 	 148.253
FD10911	257.875 	 34.773 	 148.251
FD10911	258.000 	 34.772 	 148.245
FD10911	258.125 	 34.775 	 148.245
FD10911	258.250 	 34.774 	 148.237
FD10911	258.375 	 34.774 	 148.237
FD10911	258.500 	 34.772 	 148.242
FD10911	258.625 	 34.775 	 148.257
FD10911	258.750 	 34.774 	 148.273
FD10911	258.875 	 34.775 	 148.292
FD10911	259.000 	 34.774 	 148.309
FD10911	259.125 	 34.773 	 148.322
FD10911	259.250 	 34.779 	 148.328
FD10911	259.375 	 34.773 	 148.322
FD10911	259.500 	 34.775 	 148.314
FD10911	259.625 	 34.769 	 148.286
FD10911	259.750 	 34.773 	 148.253
FD10911	259.875 	 34.770 	 148.214
FD10911	260.000 	 34.772 	 148.187
FD10911	260.125 	 34.771 	 148.165
FD10911	260.250 	 34.768 	 148.151
FD10911	260.375 	 34.768 	 148.142
FD10911	260.500 	 34.765 	 148.137
FD10911	260.625 	 34.764 	 148.129
FD10911	260.750 	 34.762 	 148.136
FD10911	260.875 	 34.762 	 148.161
FD10911	261.000 	 34.759 	 148.194
FD10911	261.125 	 34.759 	 148.240
FD10911	261.250 	 34.759 	 148.276
FD10911	261.375 	 34.752 	 148.287
FD10911	261.500 	 34.753 	 148.281
FD10911	261.625 	 34.750 	 148.259
FD10911	261.750 	 34.749 	 148.239
FD10911	261.875 	 34.748 	 148.231
FD10911	262.000 	 34.748 	 148.231
FD10911	262.125 	 34.747 	 148.244
FD10911	262.250 	 34.741 	 148.263
FD10911	262.375 	 34.747 	 148.280
FD10911	262.500 	 34.746 	 148.294
FD10911	262.625 	 34.743 	 148.302
FD10911	262.750 	 34.746 	 148.305
FD10911	262.875 	 34.748 	 148.311
FD10911	263.000 	 34.748 	 148.311
FD10911	263.125 	 34.750 	 148.328
FD10911	263.250 	 34.751 	 148.358
FD10911	263.375 	 34.751 	 148.394
FD10911	263.500 	 34.757 	 148.436
FD10911	263.625 	 34.757 	 148.480
FD10911	263.750 	 34.760 	 148.505
FD10911	263.875 	 34.767 	 148.530
FD10911	264.000 	 34.764 	 148.539
FD10911	264.125 	 34.765 	 148.547
FD10911	264.250 	 34.772 	 148.559
FD10911	264.375 	 34.773 	 148.567
FD10911	264.500 	 34.782 	 148.574
FD10911	264.625 	 34.776 	 148.568
FD10911	264.750 	 34.783 	 148.546
FD10911	264.875 	 34.781 	 148.505
FD10911	265.000 	 34.786 	 148.456
FD10911	265.125 	 34.785 	 148.401
FD10911	265.250 	 34.792 	 148.341
FD10911	265.375 	 34.788 	 148.283
FD10911	265.500 	 34.789 	 148.223
FD10911	265.625 	 34.795 	 148.157
FD10911	265.750 	 34.791 	 148.088
FD10911	265.875 	 34.792 	 148.016
FD10911	266.000 	 34.793 	 147.954
FD10911	266.125 	 34.795 	 147.893
FD10911	266.250 	 34.794 	 147.848
FD10911	266.375 	 34.791 	 147.821
FD10911	266.500 	 34.793 	 147.793
FD10911	266.625 	 34.791 	 147.788
FD10911	266.750 	 34.796 	 147.796
FD10911	266.875 	 34.791 	 147.810
FD10911	267.000 	 34.793 	 147.829
FD10911	267.125 	 34.788 	 147.845
FD10911	267.250 	 34.793 	 147.862
FD10911	267.375 	 34.787 	 147.870
FD10911	267.500 	 34.786 	 147.884
FD10911	267.625 	 34.785 	 147.900
FD10911	267.750 	 34.786 	 147.933
FD10911	267.875 	 34.776 	 147.965
FD10911	268.000 	 34.775 	 148.012
FD10911	268.125 	 34.775 	 148.061
FD10911	268.250 	 34.769 	 148.104
FD10911	268.375 	 34.765 	 148.151
FD10911	268.500 	 34.760 	 148.180
FD10911	268.625 	 34.751 	 148.207
FD10911	268.750 	 34.750 	 148.234
FD10911	268.875 	 34.744 	 148.255
FD10911	269.000 	 34.738 	 148.274
FD10911	269.125 	 34.730 	 148.287
FD10911	269.250 	 34.724 	 148.297
FD10911	269.375 	 34.720 	 148.310
FD10911	269.500 	 34.712 	 148.325
FD10911	269.625 	 34.705 	 148.336
FD10911	269.750 	 34.700 	 148.340
FD10911	269.875 	 34.697 	 148.340
FD10911	270.000 	 34.686 	 148.327
FD10911	270.125 	 34.679 	 148.316
FD10911	270.250 	 34.675 	 148.304
FD10911	270.375 	 34.674 	 148.298
FD10911	270.500 	 34.664 	 148.294
FD10911	270.625 	 34.656 	 148.296
FD10911	270.750 	 34.657 	 148.296
FD10911	270.875 	 34.652 	 148.298
FD10911	271.000 	 34.644 	 148.300
FD10911	271.125 	 34.646 	 148.308
FD10911	271.250 	 34.640 	 148.338
FD10911	271.375 	 34.639 	 148.377
FD10911	271.500 	 34.638 	 148.426
FD10911	271.625 	 34.634 	 148.475
FD10911	271.750 	 34.632 	 148.528
FD10911	271.875 	 34.635 	 148.567
FD10911	272.000 	 34.637 	 148.597
FD10911	272.125 	 34.631 	 148.616
FD10911	272.250 	 34.636 	 148.622
FD10911	272.375 	 34.638 	 148.617
FD10911	272.500 	 34.638 	 148.592
FD10911	272.625 	 34.638 	 148.567
FD10911	272.750 	 34.640 	 148.537
FD10911	272.875 	 34.641 	 148.512
FD10911	273.000 	 34.646 	 148.496
FD10911	273.125 	 34.644 	 148.477
FD10911	273.250 	 34.651 	 148.444
FD10911	273.375 	 34.651 	 148.395
FD10911	273.500 	 34.651 	 148.315
FD10911	273.625 	 34.657 	 148.224
FD10911	273.750 	 34.656 	 148.122
FD10911	273.875 	 34.659 	 148.009
FD10911	274.000 	 34.656 	 147.912
FD10911	274.125 	 34.661 	 147.816
FD10911	274.250 	 34.660 	 147.738
FD10911	274.375 	 34.664 	 147.681
FD10911	274.500 	 34.664 	 147.634
FD10911	274.625 	 34.662 	 147.606
FD10911	274.750 	 34.664 	 147.601
FD10911	274.875 	 34.663 	 147.604
FD10911	275.000 	 34.663 	 147.626
FD10911	275.125 	 34.656 	 147.647
FD10911	275.250 	 34.660 	 147.669
FD10911	275.375 	 34.659 	 147.686
FD10911	275.500 	 34.653 	 147.669
FD10911	275.625 	 34.650 	 147.621
FD10911	275.750 	 34.645 	 147.543
FD10911	275.875 	 34.644 	 147.437
FD10911	276.000 	 34.639 	 147.326
FD10911	276.125 	 34.637 	 147.218
FD10911	276.250 	 34.628 	 147.131
FD10911	276.375 	 34.624 	 147.066
FD10911	276.500 	 34.618 	 147.041
FD10911	276.625 	 34.613 	 147.031
FD10911	276.750 	 34.605 	 147.022
FD10911	276.875 	 34.603 	 147.019
FD10911	277.000 	 34.597 	 147.006
FD10911	277.125 	 34.589 	 147.008
FD10911	277.250 	 34.582 	 147.040
FD10911	277.375 	 34.577 	 147.111
FD10911	277.500 	 34.573 	 147.216
FD10911	277.625 	 34.565 	 147.345
FD10911	277.750 	 34.564 	 147.473
FD10911	277.875 	 34.554 	 147.574
FD10911	278.000 	 34.551 	 147.653
FD10911	278.125 	 34.544 	 147.697
FD10911	278.250 	 34.545 	 147.708
FD10911	278.375 	 34.532 	 147.701
FD10911	278.500 	 34.527 	 147.672
FD10911	278.625 	 34.526 	 147.641
FD10911	278.750 	 34.520 	 147.602
FD10911	278.875 	 34.516 	 147.571
FD10911	279.000 	 34.511 	 147.542
FD10911	279.125 	 34.507 	 147.542
FD10911	279.250 	 34.502 	 147.546
FD10911	279.375 	 34.498 	 147.559
FD10911	279.500 	 34.490 	 147.572
FD10911	279.625 	 34.483 	 147.594
FD10911	279.750 	 34.479 	 147.607
FD10911	279.875 	 34.476 	 147.620
FD10911	280.000 	 34.473 	 147.630
FD10911	280.125 	 34.461 	 147.644
FD10911	280.250 	 34.463 	 147.662
FD10911	280.375 	 34.454 	 147.700
FD10911	280.500 	 34.449 	 147.763
FD10911	280.625 	 34.445 	 147.846
FD10911	280.750 	 34.438 	 147.928
FD10911	280.875 	 34.433 	 148.014
FD10911	281.000 	 34.430 	 148.083
FD10911	281.125 	 34.426 	 148.141
FD10911	281.250 	 34.419 	 148.187
FD10911	281.375 	 34.414 	 148.228
FD10911	281.500 	 34.408 	 148.261
FD10911	281.625 	 34.411 	 148.286
FD10911	281.750 	 34.404 	 148.285
FD10911	281.875 	 34.397 	 148.260
FD10911	282.000 	 34.398 	 148.212
FD10911	282.125 	 34.394 	 148.153
FD10911	282.250 	 34.391 	 148.092
FD10911	282.375 	 34.384 	 148.046
FD10911	282.500 	 34.387 	 148.013
FD10911	282.625 	 34.384 	 147.999
FD10911	282.750 	 34.378 	 147.995
FD10911	282.875 	 34.376 	 148.012
FD10911	283.000 	 34.383 	 148.040
FD10911	283.125 	 34.380 	 148.062
FD10911	283.250 	 34.364 	 148.087
FD10911	283.375 	 34.381 	 148.092
FD10911	283.500 	 34.370 	 148.081
FD10911	283.625 	 34.371 	 148.064
FD10911	283.750 	 34.377 	 148.047
FD10911	283.875 	 34.360 	 148.041
FD10911	284.000 	 34.376 	 148.052
FD10911	284.125 	 34.360 	 148.075
FD10911	284.250 	 34.373 	 148.096
FD10911	284.375 	 34.358 	 148.116
FD10911	284.500 	 34.371 	 148.138
FD10911	284.625 	 34.353 	 148.159
FD10911	284.750 	 34.355 	 148.199
FD10911	284.875 	 34.367 	 148.234
FD10911	285.000 	 34.349 	 148.267
FD10911	285.125 	 34.348 	 148.303
FD10911	285.250 	 34.345 	 148.328
FD10911	285.375 	 34.344 	 148.355
FD10911	285.500 	 34.340 	 148.380
FD10911	285.625 	 34.340 	 148.391
FD10911	285.750 	 34.336 	 148.382
FD10911	285.875 	 34.325 	 148.345
FD10911	286.000 	 34.322 	 148.286
FD10911	286.125 	 34.328 	 148.233
FD10911	286.250 	 34.310 	 148.171
FD10911	286.375 	 34.324 	 148.129
FD10911	286.500 	 34.304 	 148.086
FD10911	286.625 	 34.310 	 148.055
FD10911	286.750 	 34.300 	 148.018
FD10911	286.875 	 34.302 	 147.989
FD10911	287.000 	 34.295 	 147.964
FD10911	287.125 	 34.290 	 147.933
FD10911	287.250 	 34.279 	 147.885
FD10911	287.375 	 34.286 	 147.831
FD10911	287.500 	 34.276 	 147.758
FD10911	287.625 	 34.281 	 147.674
FD10911	287.750 	 34.265 	 147.582
FD10911	287.875 	 34.276 	 147.472
FD10911	288.000 	 34.258 	 147.363
FD10911	288.125 	 34.271 	 147.233
FD10911	288.250 	 34.252 	 147.107
FD10911	288.375 	 34.251 	 146.984
FD10911	288.500 	 34.258 	 146.874
FD10911	288.625 	 34.246 	 146.786
FD10911	288.750 	 34.243 	 146.727
FD10911	288.875 	 34.243 	 146.705
FD10911	289.000 	 34.239 	 146.695
FD10911	289.125 	 34.232 	 146.715
FD10911	289.250 	 34.235 	 146.742
FD10911	289.375 	 34.233 	 146.783
FD10911	289.500 	 34.224 	 146.831
FD10911	289.625 	 34.223 	 146.881
FD10911	289.750 	 34.228 	 146.914
FD10911	289.875 	 34.210 	 146.930
FD10911	290.000 	 34.225 	 146.921
FD10911	290.125 	 34.209 	 146.890
FD10911	290.250 	 34.213 	 146.867
FD10911	290.375 	 34.213 	 146.867
FD10911	290.500 	 34.205 	 146.892
FD10911	290.625 	 34.211 	 146.931
FD10911	290.750 	 34.211 	 146.978
FD10911	290.875 	 34.203 	 147.012
FD10911	291.000 	 34.201 	 147.029
FD10911	291.125 	 34.210 	 147.037
FD10911	291.250 	 34.211 	 147.023
FD10911	291.375 	 34.202 	 147.004
FD10911	291.500 	 34.200 	 146.975
FD10911	291.625 	 34.218 	 146.956
FD10911	291.750 	 34.204 	 146.940
FD10911	291.875 	 34.203 	 146.931
FD10911	292.000 	 34.211 	 146.931
FD10911	292.125 	 34.214 	 146.954
FD10911	292.250 	 34.205 	 146.993
FD10911	292.375 	 34.225 	 147.072
FD10911	292.500 	 34.206 	 147.172
FD10911	292.625 	 34.225 	 147.299
FD10911	292.750 	 34.210 	 147.436
FD10911	292.875 	 34.215 	 147.561
FD10911	293.000 	 34.218 	 147.668
FD10911	293.125 	 34.218 	 147.738
FD10911	293.250 	 34.215 	 147.771
FD10911	293.375 	 34.217 	 147.777
FD10911	293.500 	 34.212 	 147.759
FD10911	293.625 	 34.207 	 147.737
FD10911	293.750 	 34.211 	 147.692
FD10911	293.875 	 34.210 	 147.625
FD10911	294.000 	 34.201 	 147.524
FD10911	294.125 	 34.201 	 147.398
FD10911	294.250 	 34.198 	 147.269
FD10911	294.375 	 34.205 	 147.179
FD10911	294.500 	 34.196 	 147.150
FD10911	294.625 	 34.204 	 147.184
FD10911	294.750 	 34.196 	 147.276
FD10911	294.875 	 34.196 	 147.369
FD10911	295.000 	 34.198 	 147.442
FD10911	295.125 	 34.201 	 147.479
FD10911	295.250 	 34.211 	 147.493
FD10911	295.375 	 34.212 	 147.525
FD10911	295.500 	 34.210 	 147.598
FD10911	295.625 	 34.229 	 147.714
FD10911	295.750 	 34.233 	 147.854
FD10911	295.875 	 34.231 	 147.984
FD10911	296.000 	 34.240 	 148.076
FD10911	296.125 	 34.245 	 148.116
FD10911	296.250 	 34.258 	 148.112
FD10911	296.375 	 34.253 	 148.079
FD10911	296.500 	 34.265 	 148.041
FD10911	296.625 	 34.269 	 148.014
FD10911	296.750 	 34.271 	 147.995
FD10911	296.875 	 34.274 	 147.987
FD10911	297.000 	 34.282 	 147.984
FD10911	297.125 	 34.285 	 147.985
FD10911	297.250 	 34.278 	 147.985
FD10911	297.375 	 34.280 	 147.988
FD10911	297.500 	 34.285 	 147.985
FD10911	297.625 	 34.289 	 147.985
FD10911	297.750 	 34.285 	 147.985
FD10911	297.875 	 34.289 	 147.985
FD10911	298.000 	 34.278 	 147.985
FD10911	298.125 	 34.289 	 147.985
FD10911	298.250 	 34.280 	 147.988
FD10911	298.375 	 34.288 	 147.988
FD10911	298.500 	 34.286 	 147.982
FD10911	298.625 	 34.288 	 147.988
FD10911	298.750 	 34.288 	 147.988
FD10911	298.875 	 34.278 	 147.982
FD10911	299.000 	 34.280 	 147.988
FD10911	299.125 	 34.288 	 147.988
FD10911	299.250 	 34.286 	 147.982
FD10911	299.375 	 34.288 	 147.988
FD10911	299.500 	 34.288 	 147.988
FD10911	299.625 	 34.278 	 147.982
FD10911	299.750 	 34.288 	 147.988
FD10911	299.875 	 34.281 	 147.985
FD10911	300.000 	 34.285 	 147.985
FD10911	300.125 	 34.288 	 147.988
FD10911	300.250 	 34.289 	 147.985
FD10911	300.375 	 34.285 	 147.985
FD10911	300.500 	 34.280 	 147.988
FD10911	300.625 	 34.289 	 147.985
FD10911	300.750 	 34.278 	 147.985
FD10911	300.875 	 34.288 	 147.988
FD10911	301.000 	 34.289 	 147.985
FD10911	301.125 	 34.285 	 147.985
FD10911	301.250 	 34.280 	 147.988
FD10911	301.375 	 34.289 	 147.985
FD10911	301.500 	 34.278 	 147.985
FD10911	301.625 	 34.289 	 147.985
FD10911	301.750 	 34.288 	 147.988
FD10911	301.875 	 34.285 	 147.985
FD10911	302.000 	 34.289 	 147.985
FD10911	302.125 	 34.280 	 147.988
FD10911	302.250 	 34.285 	 147.985
FD10911	302.375 	 34.281 	 147.985
FD10911	302.500 	 34.288 	 147.988
FD10911	302.625 	 34.285 	 147.985
FD10911	302.750 	 34.289 	 147.985
FD10911	302.875 	 34.288 	 147.988
FD10911	303.000 	 34.278 	 147.982
FD10911	303.125 	 34.280 	 147.988
FD10911	303.250 	 34.288 	 147.988
FD10911	303.375 	 34.286 	 147.982
FD10911	303.500 	 34.288 	 147.988
FD10911	303.625 	 34.288 	 147.988
FD10911	303.750 	 34.278 	 147.982
FD10911	303.875 	 34.288 	 147.988
FD10911	304.000 	 34.280 	 147.988
FD10911	304.125 	 34.286 	 147.982
FD10911	304.250 	 34.288 	 147.988
FD10911	304.375 	 34.288 	 147.988
FD10911	304.500 	 34.286 	 147.982
FD10911	304.625 	 34.280 	 147.988
FD10911	304.750 	 34.289 	 147.985
FD10911	304.875 	 34.278 	 147.985
FD10911	305.000 	 34.288 	 147.988
FD10911	305.125 	 34.289 	 147.985
FD10911	305.250 	 34.285 	 147.985
FD10911	305.375 	 34.288 	 147.988
FD10911	305.500 	 34.281 	 147.985
FD10911	305.625 	 34.278 	 147.985
FD10911	305.750 	 34.288 	 147.988
FD10911	305.875 	 34.289 	 147.985
FD10911	306.000 	 34.285 	 147.985
FD10911	306.125 	 34.288 	 147.988
FD10911	306.250 	 34.281 	 147.985
FD10911	306.375 	 34.285 	 147.985
FD10911	306.500 	 34.281 	 147.985
FD10911	306.625 	 34.288 	 147.988
FD10911	306.750 	 34.285 	 147.985
FD10911	306.875 	 34.289 	 147.985
FD10911	307.000 	 34.288 	 147.988
FD10911	307.125 	 34.278 	 147.985
FD10911	307.250 	 34.281 	 147.985
FD10911	307.375 	 34.288 	 147.988
FD10911	307.500 	 34.285 	 147.985
FD10911	307.625 	 34.289 	 147.985
FD10911	307.750 	 34.288 	 147.988
FD10911	307.875 	 34.278 	 147.985
FD10911	308.000 	 34.289 	 147.985
FD10911	308.125 	 34.280 	 147.988
FD10911	308.250 	 34.286 	 147.982
FD10911	308.375 	 34.288 	 147.988
FD10911	308.500 	 34.288 	 147.988
FD10911	308.625 	 34.286 	 147.982
FD10911	308.750 	 34.280 	 147.988
FD10911	308.875 	 34.288 	 147.988
FD10911	309.000 	 34.278 	 147.982
