#WellName	 Depth.M	 INCL	 AZIM 
WellName	 Depth.M	 INCL	 AZIM 
FD10684	0.000 	 0.000 	 0.000
FD10684	0.125 	 0.458 	 180.000
FD10684	0.250 	 0.000 	 90.000
FD10684	0.375 	 0.458 	 180.000
FD10684	0.500 	 0.458 	 180.000
FD10684	0.625 	 0.458 	 90.000
FD10684	0.750 	 0.458 	 180.000
FD10684	0.875 	 0.458 	 180.000
FD10684	1.000 	 0.000 	 90.000
FD10684	1.125 	 0.458 	 180.000
FD10684	1.250 	 0.000 	 90.000
FD10684	1.375 	 0.458 	 180.000
FD10684	1.500 	 0.458 	 180.000
FD10684	1.625 	 0.000 	 90.000
FD10684	1.750 	 0.648 	 135.000
FD10684	1.875 	 0.458 	 180.000
FD10684	2.000 	 0.000 	 90.000
FD10684	2.125 	 0.458 	 180.000
FD10684	2.250 	 0.458 	 180.000
FD10684	2.375 	 0.000 	 90.000
FD10684	2.500 	 0.458 	 180.000
FD10684	2.625 	 0.458 	 180.000
FD10684	2.750 	 0.458 	 90.000
FD10684	2.875 	 0.458 	 180.000
FD10684	3.000 	 0.000 	 90.000
FD10684	3.125 	 0.458 	 180.000
FD10684	3.250 	 0.458 	 180.000
FD10684	3.375 	 0.000 	 90.000
FD10684	3.500 	 0.458 	 180.000
FD10684	3.625 	 0.458 	 180.000
FD10684	3.750 	 0.000 	 90.000
FD10684	3.875 	 0.648 	 135.000
FD10684	4.000 	 0.458 	 180.000
FD10684	4.125 	 0.000 	 90.000
FD10684	4.250 	 0.458 	 180.000
FD10684	4.375 	 0.458 	 180.000
FD10684	4.500 	 0.000 	 90.000
FD10684	4.625 	 0.458 	 180.000
FD10684	4.750 	 0.000 	 90.000
FD10684	4.875 	 0.458 	 180.000
FD10684	5.000 	 0.648 	 135.000
FD10684	5.125 	 0.000 	 90.000
FD10684	5.250 	 0.458 	 180.000
FD10684	5.375 	 0.458 	 180.000
FD10684	5.500 	 0.000 	 90.000
FD10684	5.625 	 0.458 	 180.000
FD10684	5.750 	 0.458 	 180.000
FD10684	5.875 	 0.000 	 90.000
FD10684	6.000 	 0.458 	 180.000
FD10684	6.125 	 0.648 	 135.000
FD10684	6.250 	 0.000 	 90.000
FD10684	6.375 	 0.458 	 180.000
FD10684	6.500 	 0.458 	 180.000
FD10684	6.625 	 0.000 	 90.000
FD10684	6.750 	 0.458 	 180.000
FD10684	6.875 	 0.000 	 90.000
FD10684	7.000 	 0.458 	 180.000
FD10684	7.125 	 0.458 	 180.000
FD10684	7.250 	 0.458 	 90.000
FD10684	7.375 	 0.458 	 180.000
FD10684	7.500 	 0.458 	 180.000
FD10684	7.625 	 0.000 	 90.000
FD10684	7.750 	 0.458 	 180.000
FD10684	7.875 	 0.458 	 180.000
FD10684	8.000 	 0.000 	 90.000
FD10684	8.125 	 0.458 	 180.000
FD10684	8.250 	 0.648 	 135.000
FD10684	8.375 	 0.000 	 90.000
FD10684	8.500 	 0.458 	 180.000
FD10684	8.625 	 0.000 	 90.000
FD10684	8.750 	 0.458 	 180.000
FD10684	8.875 	 0.458 	 180.000
FD10684	9.000 	 0.000 	 90.000
FD10684	9.125 	 0.458 	 180.000
FD10684	9.250 	 0.458 	 180.000
FD10684	9.375 	 0.458 	 90.000
FD10684	9.500 	 0.458 	 180.000
FD10684	9.625 	 0.458 	 180.000
FD10684	9.750 	 0.000 	 90.000
FD10684	9.875 	 0.458 	 180.000
FD10684	10.000 	 0.458 	 180.000
FD10684	10.125 	 0.000 	 90.000
FD10684	10.250 	 0.458 	 180.000
FD10684	10.375 	 0.000 	 90.000
FD10684	10.500 	 0.648 	 135.000
FD10684	10.625 	 0.458 	 180.000
FD10684	10.750 	 0.000 	 90.000
FD10684	10.875 	 0.458 	 180.000
FD10684	11.000 	 0.458 	 180.000
FD10684	11.125 	 0.000 	 90.000
FD10684	11.250 	 0.458 	 180.000
FD10684	11.375 	 0.458 	 180.000
FD10684	11.500 	 0.000 	 90.000
FD10684	11.625 	 0.648 	 135.000
FD10684	11.750 	 0.458 	 180.000
FD10684	11.875 	 0.000 	 90.000
FD10684	12.000 	 0.458 	 180.000
FD10684	12.125 	 0.458 	 180.000
FD10684	12.250 	 0.000 	 90.000
FD10684	12.375 	 0.458 	 180.000
FD10684	12.500 	 0.000 	 90.000
FD10684	12.625 	 0.458 	 180.000
FD10684	12.750 	 0.648 	 135.000
FD10684	12.875 	 0.000 	 90.000
FD10684	13.000 	 0.458 	 180.000
FD10684	13.125 	 0.458 	 180.000
FD10684	13.250 	 0.000 	 90.000
FD10684	13.375 	 0.458 	 180.000
FD10684	13.500 	 0.458 	 180.000
FD10684	13.625 	 0.000 	 90.000
FD10684	13.750 	 0.648 	 135.000
FD10684	13.875 	 0.458 	 180.000
FD10684	14.000 	 0.000 	 90.000
FD10684	14.125 	 0.458 	 180.000
FD10684	14.250 	 0.000 	 90.000
FD10684	14.375 	 0.458 	 180.000
FD10684	14.500 	 0.458 	 180.000
FD10684	14.625 	 0.000 	 90.000
FD10684	14.750 	 0.458 	 180.000
FD10684	14.875 	 0.648 	 135.000
FD10684	15.000 	 0.000 	 90.000
FD10684	15.125 	 0.458 	 180.000
FD10684	15.250 	 0.458 	 180.000
FD10684	15.375 	 0.000 	 90.000
FD10684	15.500 	 0.458 	 180.000
FD10684	15.625 	 0.458 	 180.000
FD10684	15.750 	 0.000 	 90.000
FD10684	15.875 	 0.458 	 180.000
FD10684	16.000 	 0.648 	 135.000
FD10684	16.125 	 0.000 	 90.000
FD10684	16.250 	 0.458 	 180.000
FD10684	16.375 	 0.000 	 90.000
FD10684	16.500 	 0.458 	 180.000
FD10684	16.625 	 0.458 	 180.000
FD10684	16.750 	 0.000 	 90.000
FD10684	16.875 	 0.458 	 180.000
FD10684	17.000 	 0.458 	 180.000
FD10684	17.125 	 0.458 	 90.000
FD10684	17.250 	 0.458 	 180.000
FD10684	17.375 	 0.458 	 180.000
FD10684	17.500 	 0.000 	 90.000
FD10684	17.625 	 0.458 	 180.000
FD10684	17.750 	 0.458 	 180.000
FD10684	17.875 	 0.000 	 90.000
FD10684	18.000 	 0.458 	 180.000
FD10684	18.125 	 0.000 	 90.000
FD10684	18.250 	 0.648 	 135.000
FD10684	18.375 	 0.458 	 180.000
FD10684	18.500 	 0.000 	 90.000
FD10684	18.625 	 0.458 	 180.000
FD10684	18.750 	 0.458 	 180.000
FD10684	18.875 	 0.000 	 90.000
FD10684	19.000 	 0.458 	 180.000
FD10684	19.125 	 0.458 	 180.000
FD10684	19.250 	 0.458 	 90.000
FD10684	19.375 	 0.458 	 180.000
FD10684	19.500 	 0.458 	 180.000
FD10684	19.625 	 0.000 	 90.000
FD10684	19.750 	 0.458 	 180.000
FD10684	19.875 	 0.000 	 90.000
FD10684	20.000 	 0.458 	 180.000
FD10684	20.125 	 0.458 	 180.000
FD10684	20.250 	 0.000 	 90.000
FD10684	20.375 	 0.648 	 135.000
FD10684	20.500 	 0.458 	 180.000
FD10684	20.625 	 0.000 	 90.000
FD10684	20.750 	 0.458 	 180.000
FD10684	20.875 	 0.458 	 180.000
FD10684	21.000 	 0.000 	 90.000
FD10684	21.125 	 0.458 	 180.000
FD10684	21.250 	 0.458 	 180.000
FD10684	21.375 	 0.000 	 90.000
FD10684	21.500 	 0.648 	 135.000
FD10684	21.625 	 0.458 	 180.000
FD10684	21.750 	 0.000 	 90.000
FD10684	21.875 	 0.458 	 180.000
FD10684	22.000 	 0.000 	 90.000
FD10684	22.125 	 0.458 	 180.000
FD10684	22.250 	 0.458 	 180.000
FD10684	22.375 	 0.000 	 90.000
FD10684	22.500 	 0.458 	 180.000
FD10684	22.625 	 0.648 	 135.000
FD10684	22.750 	 0.000 	 90.000
FD10684	22.875 	 0.458 	 180.000
FD10684	23.000 	 0.458 	 180.000
FD10684	23.125 	 0.000 	 90.000
FD10684	23.250 	 0.458 	 180.000
FD10684	23.375 	 0.458 	 180.000
FD10684	23.500 	 0.000 	 90.000
FD10684	23.625 	 0.458 	 180.000
FD10684	23.750 	 0.458 	 90.000
FD10684	23.875 	 0.458 	 180.000
FD10684	24.000 	 0.458 	 180.000
FD10684	24.125 	 0.000 	 90.000
FD10684	24.250 	 0.458 	 180.000
FD10684	24.375 	 0.458 	 180.000
FD10684	24.500 	 0.000 	 90.000
FD10684	24.625 	 0.458 	 180.000
FD10684	24.750 	 0.648 	 135.000
FD10684	24.875 	 0.000 	 90.000
FD10684	25.000 	 0.458 	 180.000
FD10684	25.125 	 0.458 	 180.000
FD10684	25.250 	 0.000 	 90.000
FD10684	25.375 	 0.458 	 180.000
FD10684	25.500 	 0.000 	 90.000
FD10684	25.625 	 0.458 	 180.000
FD10684	25.750 	 0.458 	 180.000
FD10684	25.875 	 0.458 	 90.000
FD10684	26.000 	 0.458 	 180.000
FD10684	26.125 	 0.458 	 180.000
FD10684	26.250 	 0.000 	 90.000
FD10684	26.375 	 0.458 	 180.000
FD10684	26.500 	 0.458 	 180.000
FD10684	26.625 	 0.000 	 90.000
FD10684	26.750 	 0.458 	 180.000
FD10684	26.875 	 0.458 	 180.000
FD10684	27.000 	 0.458 	 90.000
FD10684	27.125 	 0.458 	 180.000
FD10684	27.250 	 0.458 	 180.000
FD10684	27.375 	 0.000 	 90.000
FD10684	27.500 	 0.458 	 180.000
FD10684	27.625 	 0.000 	 90.000
FD10684	27.750 	 0.458 	 180.000
FD10684	27.875 	 0.458 	 180.000
FD10684	28.000 	 0.000 	 90.000
FD10684	28.125 	 0.648 	 135.000
FD10684	28.250 	 0.458 	 180.000
FD10684	28.375 	 0.000 	 90.000
FD10684	28.500 	 0.458 	 180.000
FD10684	28.625 	 0.458 	 180.000
FD10684	28.750 	 0.000 	 90.000
FD10684	28.875 	 0.458 	 180.000
FD10684	29.000 	 0.458 	 180.000
FD10684	29.125 	 0.000 	 90.000
FD10684	29.250 	 0.648 	 135.000
FD10684	29.375 	 0.000 	 90.000
FD10684	29.500 	 0.458 	 180.000
FD10684	29.625 	 0.458 	 180.000
FD10684	29.750 	 0.000 	 90.000
FD10684	29.875 	 0.458 	 180.000
FD10684	30.000 	 0.458 	 180.000
FD10684	30.125 	 0.648 	 135.000
FD10684	30.250 	 0.458 	 180.000
FD10684	30.375 	 0.648 	 135.000
FD10684	30.500 	 0.458 	 180.000
FD10684	30.625 	 0.648 	 135.000
FD10684	30.750 	 0.917 	 180.000
FD10684	30.875 	 0.648 	 135.000
FD10684	31.000 	 0.458 	 180.000
FD10684	31.125 	 0.653 	 135.000
FD10684	31.250 	 0.458 	 180.000
FD10684	31.375 	 0.648 	 135.000
FD10684	31.500 	 0.458 	 180.000
FD10684	31.625 	 0.917 	 180.000
FD10684	31.750 	 0.648 	 135.000
FD10684	31.875 	 0.458 	 180.000
FD10684	32.000 	 0.648 	 135.000
FD10684	32.125 	 0.458 	 180.000
FD10684	32.250 	 0.648 	 135.000
FD10684	32.375 	 0.917 	 180.000
FD10684	32.500 	 0.648 	 135.000
FD10684	32.625 	 0.458 	 180.000
FD10684	32.750 	 0.648 	 135.000
FD10684	32.875 	 0.458 	 180.000
FD10684	33.000 	 0.648 	 135.000
FD10684	33.125 	 0.458 	 180.000
FD10684	33.250 	 1.025 	 153.435
FD10684	33.375 	 0.458 	 180.000
FD10684	33.500 	 0.648 	 135.000
FD10684	33.625 	 0.458 	 180.000
FD10684	33.750 	 0.648 	 135.000
FD10684	33.875 	 0.458 	 180.000
FD10684	34.000 	 0.648 	 135.000
FD10684	34.125 	 0.917 	 180.000
FD10684	34.250 	 0.458 	 180.000
FD10684	34.375 	 0.648 	 135.000
FD10684	34.500 	 0.458 	 180.000
FD10684	34.625 	 0.648 	 135.000
FD10684	34.750 	 0.458 	 180.000
FD10684	34.875 	 1.025 	 153.435
FD10684	35.000 	 0.458 	 180.000
FD10684	35.125 	 0.648 	 135.000
FD10684	35.250 	 0.458 	 180.000
FD10684	35.375 	 0.648 	 135.000
FD10684	35.500 	 0.458 	 180.000
FD10684	35.625 	 0.648 	 135.000
FD10684	35.750 	 0.917 	 180.000
FD10684	35.875 	 0.648 	 135.000
FD10684	36.000 	 0.458 	 180.000
FD10684	36.125 	 0.648 	 135.000
FD10684	36.250 	 0.458 	 180.000
FD10684	36.375 	 0.648 	 135.000
FD10684	36.500 	 0.458 	 180.000
FD10684	36.625 	 1.025 	 153.435
FD10684	36.750 	 0.458 	 180.000
FD10684	36.875 	 0.458 	 180.000
FD10684	37.000 	 0.648 	 135.000
FD10684	37.125 	 0.458 	 180.000
FD10684	37.250 	 0.648 	 135.000
FD10684	37.375 	 0.917 	 180.000
FD10684	37.500 	 0.648 	 135.000
FD10684	37.625 	 0.458 	 180.000
FD10684	37.750 	 0.648 	 135.000
FD10684	37.875 	 0.458 	 180.000
FD10684	38.000 	 0.648 	 135.000
FD10684	38.125 	 0.458 	 180.000
FD10684	38.250 	 1.025 	 153.435
FD10684	38.375 	 0.458 	 180.000
FD10684	38.500 	 0.648 	 135.000
FD10684	38.625 	 0.458 	 180.000
FD10684	38.750 	 0.648 	 135.000
FD10684	38.875 	 0.458 	 180.000
FD10684	39.000 	 0.648 	 135.000
FD10684	39.125 	 0.917 	 180.000
FD10684	39.250 	 0.648 	 135.000
FD10684	39.375 	 0.458 	 180.000
FD10684	39.500 	 0.458 	 180.000
FD10684	39.625 	 0.648 	 135.000
FD10684	39.750 	 0.458 	 180.000
FD10684	39.875 	 1.025 	 153.435
FD10684	40.000 	 0.458 	 180.000
FD10684	40.125 	 0.648 	 135.000
FD10684	40.250 	 0.458 	 180.000
FD10684	40.375 	 0.648 	 135.000
FD10684	40.500 	 0.458 	 180.000
FD10684	40.625 	 0.648 	 135.000
FD10684	40.750 	 0.917 	 180.000
FD10684	40.875 	 0.648 	 135.000
FD10684	41.000 	 0.458 	 180.000
FD10684	41.125 	 0.648 	 135.000
FD10684	41.250 	 0.458 	 180.000
FD10684	41.375 	 0.648 	 135.000
FD10684	41.500 	 0.458 	 180.000
FD10684	41.625 	 1.025 	 153.435
FD10684	41.750 	 0.458 	 180.000
FD10684	41.875 	 0.648 	 135.000
FD10684	42.000 	 0.458 	 180.000
FD10684	42.125 	 0.458 	 180.000
FD10684	42.250 	 0.648 	 135.000
FD10684	42.375 	 0.917 	 180.000
FD10684	42.500 	 0.648 	 135.000
FD10684	42.625 	 0.458 	 180.000
FD10684	42.750 	 0.648 	 135.001
FD10684	42.875 	 0.458 	 180.000
FD10684	43.000 	 0.648 	 135.000
FD10684	43.125 	 0.458 	 180.000
FD10684	43.250 	 1.025 	 153.435
FD10684	43.375 	 0.458 	 180.000
FD10684	43.500 	 0.648 	 135.000
FD10684	43.625 	 0.458 	 180.000
FD10684	43.750 	 0.648 	 135.000
FD10684	43.875 	 0.458 	 180.000
FD10684	44.000 	 0.648 	 135.000
FD10684	44.125 	 0.917 	 180.000
FD10684	44.250 	 0.648 	 135.000
FD10684	44.375 	 0.458 	 180.000
FD10684	44.500 	 0.648 	 135.000
FD10684	44.625 	 0.458 	 180.000
FD10684	44.750 	 0.458 	 180.000
FD10684	44.875 	 1.025 	 153.435
FD10684	45.000 	 0.458 	 180.000
FD10684	45.125 	 0.648 	 135.000
FD10684	45.250 	 0.458 	 180.000
FD10684	45.375 	 0.648 	 135.000
FD10684	45.500 	 0.458 	 180.000
FD10684	45.625 	 0.648 	 135.001
FD10684	45.750 	 0.917 	 180.000
FD10684	45.875 	 0.648 	 135.000
FD10684	46.000 	 0.458 	 180.000
FD10684	46.125 	 0.648 	 135.000
FD10684	46.250 	 0.458 	 180.000
FD10684	46.375 	 0.648 	 135.000
FD10684	46.500 	 0.458 	 180.000
FD10684	46.625 	 1.025 	 153.435
FD10684	46.750 	 0.458 	 180.000
FD10684	46.875 	 0.648 	 135.000
FD10684	47.000 	 0.458 	 180.000
FD10684	47.125 	 0.648 	 135.000
FD10684	47.250 	 0.458 	 180.000
FD10684	47.375 	 0.917 	 180.000
FD10684	47.500 	 0.648 	 135.001
FD10684	47.625 	 0.458 	 180.000
FD10684	47.750 	 0.648 	 135.000
FD10684	47.875 	 0.458 	 180.000
FD10684	48.000 	 0.648 	 135.000
FD10684	48.125 	 0.458 	 180.000
FD10684	48.250 	 1.025 	 153.435
FD10684	48.375 	 0.458 	 180.000
FD10684	48.500 	 0.648 	 135.000
FD10684	48.625 	 0.458 	 180.000
FD10684	48.750 	 0.648 	 135.000
FD10684	48.875 	 0.458 	 180.000
FD10684	49.000 	 0.648 	 135.000
FD10684	49.125 	 0.917 	 180.000
FD10684	49.250 	 0.648 	 135.000
FD10684	49.375 	 0.458 	 180.000
FD10684	49.500 	 0.648 	 135.000
FD10684	49.625 	 0.458 	 180.000
FD10684	49.750 	 0.648 	 135.000
FD10684	49.875 	 0.917 	 180.000
FD10684	50.000 	 0.458 	 180.000
FD10684	50.125 	 0.648 	 135.000
FD10684	50.250 	 0.458 	 180.000
FD10684	50.375 	 0.648 	 135.001
FD10684	50.500 	 0.458 	 180.000
FD10684	50.625 	 0.648 	 135.000
FD10684	50.750 	 0.924 	 180.000
FD10684	50.875 	 0.648 	 135.000
FD10684	51.000 	 0.458 	 180.000
FD10684	51.125 	 0.648 	 135.000
FD10684	51.250 	 0.458 	 180.000
FD10684	51.375 	 0.648 	 135.001
FD10684	51.500 	 0.458 	 180.000
FD10684	51.625 	 1.025 	 153.435
FD10684	51.750 	 0.458 	 180.000
FD10684	51.875 	 0.648 	 135.000
FD10684	52.000 	 0.458 	 180.000
FD10684	52.125 	 0.648 	 135.000
FD10684	52.250 	 0.458 	 180.000
FD10684	52.375 	 1.025 	 153.435
FD10684	52.500 	 0.458 	 180.000
FD10684	52.625 	 0.458 	 180.000
FD10684	52.750 	 0.648 	 135.000
FD10684	52.875 	 0.458 	 180.000
FD10684	53.000 	 0.648 	 135.000
FD10684	53.125 	 0.458 	 180.000
FD10684	53.250 	 1.025 	 153.435
FD10684	53.375 	 0.458 	 180.000
FD10684	53.500 	 0.648 	 135.000
FD10684	53.625 	 0.458 	 180.000
FD10684	53.750 	 0.648 	 135.000
FD10684	53.875 	 0.458 	 180.000
FD10684	54.000 	 0.648 	 135.000
FD10684	54.125 	 0.917 	 180.000
FD10684	54.250 	 0.648 	 135.000
FD10684	54.375 	 0.458 	 180.000
FD10684	54.500 	 0.648 	 135.000
FD10684	54.625 	 0.458 	 180.000
FD10684	54.750 	 0.648 	 135.000
FD10684	54.875 	 0.458 	 180.000
FD10684	55.000 	 1.025 	 153.435
FD10684	55.125 	 0.458 	 180.000
FD10684	55.250 	 0.458 	 180.000
FD10684	55.375 	 0.648 	 135.001
FD10684	55.500 	 0.458 	 180.000
FD10684	55.625 	 0.648 	 135.000
FD10684	55.750 	 0.917 	 180.000
FD10684	55.875 	 0.648 	 135.000
FD10684	56.000 	 0.458 	 180.000
FD10684	56.125 	 0.648 	 135.000
FD10684	56.250 	 0.458 	 180.000
FD10684	56.375 	 0.648 	 135.000
FD10684	56.500 	 0.458 	 180.000
FD10684	56.625 	 1.025 	 153.435
FD10684	56.750 	 0.458 	 180.000
FD10684	56.875 	 0.648 	 135.000
FD10684	57.000 	 0.458 	 180.000
FD10684	57.125 	 0.648 	 135.000
FD10684	57.250 	 0.458 	 180.000
FD10684	57.375 	 0.648 	 135.000
FD10684	57.500 	 0.917 	 180.000
FD10684	57.625 	 0.648 	 135.000
FD10684	57.750 	 0.458 	 180.000
FD10684	57.875 	 0.458 	 180.000
FD10684	58.000 	 0.648 	 135.000
FD10684	58.125 	 0.458 	 180.000
FD10684	58.250 	 1.025 	 153.435
FD10684	58.375 	 0.458 	 180.000
FD10684	58.500 	 0.648 	 135.000
FD10684	58.625 	 0.458 	 180.000
FD10684	58.750 	 0.648 	 135.000
FD10684	58.875 	 0.458 	 180.000
FD10684	59.000 	 0.648 	 135.000
FD10684	59.125 	 0.917 	 180.000
FD10684	59.250 	 0.648 	 135.000
FD10684	59.375 	 0.458 	 180.000
FD10684	59.500 	 0.648 	 135.000
FD10684	59.625 	 0.458 	 180.000
FD10684	59.750 	 0.648 	 135.000
FD10684	59.875 	 0.458 	 180.000
FD10684	60.000 	 1.025 	 153.435
FD10684	60.125 	 0.648 	 135.000
FD10684	60.250 	 0.648 	 135.000
FD10684	60.375 	 0.648 	 135.000
FD10684	60.500 	 1.025 	 116.565
FD10684	60.625 	 0.648 	 135.000
FD10684	60.750 	 0.648 	 135.000
FD10684	60.875 	 0.648 	 135.000
FD10684	61.000 	 0.648 	 135.001
FD10684	61.125 	 1.025 	 116.565
FD10684	61.250 	 0.648 	 135.000
FD10684	61.375 	 0.648 	 135.000
FD10684	61.500 	 0.648 	 135.000
FD10684	61.625 	 1.025 	 116.565
FD10684	61.750 	 0.648 	 135.000
FD10684	61.875 	 0.648 	 135.000
FD10684	62.000 	 0.648 	 135.000
FD10684	62.125 	 1.025 	 116.565
FD10684	62.250 	 0.648 	 135.000
FD10684	62.375 	 0.648 	 135.000
FD10684	62.500 	 0.648 	 135.001
FD10684	62.625 	 1.025 	 116.565
FD10684	62.750 	 1.025 	 153.435
FD10684	62.875 	 0.648 	 135.000
FD10684	63.000 	 0.648 	 135.000
FD10684	63.125 	 1.025 	 116.565
FD10684	63.250 	 0.648 	 135.000
FD10684	63.375 	 0.648 	 135.000
FD10684	63.500 	 0.648 	 135.000
FD10684	63.625 	 1.025 	 116.565
FD10684	63.750 	 0.648 	 135.000
FD10684	63.875 	 0.648 	 135.000
FD10684	64.000 	 0.648 	 135.000
FD10684	64.125 	 0.648 	 135.000
FD10684	64.250 	 1.025 	 116.565
FD10684	64.375 	 0.648 	 135.000
FD10684	64.500 	 0.648 	 135.000
FD10684	64.625 	 0.648 	 135.000
FD10684	64.750 	 1.025 	 116.565
FD10684	64.875 	 0.648 	 135.000
FD10684	65.000 	 0.648 	 135.000
FD10684	65.125 	 0.648 	 135.000
FD10684	65.250 	 1.025 	 116.565
FD10684	65.375 	 0.648 	 135.000
FD10684	65.500 	 0.648 	 135.000
FD10684	65.625 	 0.648 	 135.000
FD10684	65.750 	 1.025 	 116.565
FD10684	65.875 	 1.025 	 153.435
FD10684	66.000 	 0.648 	 135.000
FD10684	66.125 	 0.653 	 135.000
FD10684	66.250 	 1.025 	 116.566
FD10684	66.375 	 0.648 	 135.000
FD10684	66.500 	 0.648 	 135.000
FD10684	66.625 	 0.648 	 135.000
FD10684	66.750 	 0.648 	 135.000
FD10684	66.875 	 1.025 	 116.566
FD10684	67.000 	 0.648 	 135.000
FD10684	67.125 	 0.648 	 135.000
FD10684	67.250 	 0.648 	 135.000
FD10684	67.375 	 1.025 	 116.565
FD10684	67.500 	 0.648 	 135.000
FD10684	67.625 	 0.648 	 135.000
FD10684	67.750 	 0.648 	 135.000
FD10684	67.875 	 1.025 	 116.565
FD10684	68.000 	 0.648 	 135.000
FD10684	68.125 	 0.648 	 135.000
FD10684	68.250 	 0.648 	 135.000
FD10684	68.375 	 1.025 	 116.565
FD10684	68.500 	 0.648 	 135.000
FD10684	68.625 	 0.648 	 135.000
FD10684	68.750 	 0.648 	 135.001
FD10684	68.875 	 1.025 	 116.565
FD10684	69.000 	 1.025 	 153.435
FD10684	69.125 	 0.648 	 135.002
FD10684	69.250 	 0.648 	 135.000
FD10684	69.375 	 1.025 	 116.565
FD10684	69.500 	 0.648 	 135.000
FD10684	69.625 	 0.648 	 135.000
FD10684	69.750 	 0.648 	 135.001
FD10684	69.875 	 0.648 	 135.000
FD10684	70.000 	 1.025 	 116.565
FD10684	70.125 	 0.648 	 135.000
FD10684	70.250 	 0.648 	 135.000
FD10684	70.375 	 0.648 	 135.001
FD10684	70.500 	 1.025 	 116.565
FD10684	70.625 	 0.648 	 135.000
FD10684	70.750 	 0.648 	 135.000
FD10684	70.875 	 0.648 	 135.001
FD10684	71.000 	 1.025 	 116.565
FD10684	71.125 	 0.648 	 134.999
FD10684	71.250 	 0.648 	 135.000
FD10684	71.375 	 0.648 	 134.999
FD10684	71.500 	 1.025 	 116.566
FD10684	71.625 	 0.648 	 135.000
FD10684	71.750 	 0.648 	 135.000
FD10684	71.875 	 0.648 	 134.999
FD10684	72.000 	 1.025 	 116.565
FD10684	72.125 	 0.648 	 135.002
FD10684	72.250 	 1.025 	 153.434
FD10684	72.375 	 0.648 	 135.000
FD10684	72.500 	 0.648 	 135.002
FD10684	72.625 	 1.025 	 116.565
FD10684	72.750 	 0.648 	 134.999
FD10684	72.875 	 0.648 	 135.000
FD10684	73.000 	 0.648 	 134.999
FD10684	73.125 	 1.025 	 116.566
FD10684	73.250 	 0.648 	 135.000
FD10684	73.375 	 0.648 	 135.000
FD10684	73.500 	 0.648 	 134.999
FD10684	73.625 	 1.025 	 116.566
FD10684	73.750 	 0.648 	 135.000
FD10684	73.875 	 0.648 	 134.999
FD10684	74.000 	 0.648 	 135.000
FD10684	74.125 	 1.025 	 116.565
FD10684	74.250 	 0.648 	 135.002
FD10684	74.375 	 0.648 	 134.999
FD10684	74.500 	 0.648 	 135.000
FD10684	74.625 	 1.025 	 116.565
FD10684	74.750 	 0.648 	 135.000
FD10684	74.875 	 0.648 	 135.001
FD10684	75.000 	 0.648 	 135.000
FD10684	75.125 	 1.025 	 116.565
FD10684	75.250 	 0.648 	 134.999
FD10684	75.375 	 1.025 	 153.436
FD10684	75.500 	 0.648 	 135.000
FD10684	75.625 	 0.648 	 134.999
FD10684	75.750 	 1.025 	 116.565
FD10684	75.875 	 0.648 	 135.002
FD10684	76.000 	 0.648 	 134.999
FD10684	76.125 	 0.648 	 135.000
FD10684	76.250 	 1.025 	 116.565
FD10684	76.375 	 0.648 	 135.000
FD10684	76.500 	 0.648 	 135.001
FD10684	76.625 	 0.648 	 135.000
FD10684	76.750 	 1.025 	 116.565
FD10684	76.875 	 0.648 	 135.000
FD10684	77.000 	 0.648 	 135.001
FD10684	77.125 	 0.648 	 135.000
FD10684	77.250 	 1.025 	 116.565
FD10684	77.375 	 0.648 	 134.999
FD10684	77.500 	 0.648 	 135.000
FD10684	77.625 	 0.648 	 135.001
FD10684	77.750 	 1.025 	 116.565
FD10684	77.875 	 0.653 	 134.999
FD10684	78.000 	 0.648 	 135.000
FD10684	78.125 	 0.648 	 134.999
FD10684	78.250 	 0.648 	 135.002
FD10684	78.375 	 1.025 	 116.565
FD10684	78.500 	 1.025 	 153.435
FD10684	78.625 	 0.648 	 135.001
FD10684	78.750 	 0.648 	 135.000
FD10684	78.875 	 1.025 	 116.565
FD10684	79.000 	 0.648 	 134.999
FD10684	79.125 	 0.648 	 135.000
FD10684	79.250 	 0.648 	 135.002
FD10684	79.375 	 1.025 	 116.565
FD10684	79.500 	 0.648 	 134.999
FD10684	79.625 	 0.648 	 135.000
FD10684	79.750 	 0.648 	 135.001
FD10684	79.875 	 1.025 	 116.565
FD10684	80.000 	 0.648 	 134.999
FD10684	80.125 	 0.648 	 135.000
FD10684	80.250 	 0.648 	 134.999
FD10684	80.375 	 1.025 	 116.566
FD10684	80.500 	 0.648 	 135.000
FD10684	80.625 	 0.648 	 135.000
FD10684	80.750 	 0.648 	 134.999
FD10684	80.875 	 1.025 	 116.565
FD10684	81.000 	 0.648 	 135.002
FD10684	81.125 	 0.648 	 134.999
FD10684	81.250 	 0.648 	 135.000
FD10684	81.375 	 0.648 	 135.000
FD10684	81.500 	 1.025 	 116.566
FD10684	81.625 	 1.025 	 153.434
FD10684	81.750 	 0.648 	 135.000
FD10684	81.875 	 0.648 	 134.999
FD10684	82.000 	 1.025 	 116.566
FD10684	82.125 	 0.648 	 135.000
FD10684	82.250 	 0.648 	 135.000
FD10684	82.375 	 0.648 	 134.999
FD10684	82.500 	 1.025 	 116.565
FD10684	82.625 	 0.648 	 135.002
FD10684	82.750 	 0.648 	 134.999
FD10684	82.875 	 0.648 	 135.000
FD10684	83.000 	 1.025 	 116.565
FD10684	83.125 	 0.648 	 135.002
FD10684	83.250 	 0.648 	 134.999
FD10684	83.375 	 0.648 	 135.000
FD10684	83.500 	 1.025 	 116.565
FD10684	83.625 	 0.648 	 135.000
FD10684	83.750 	 0.648 	 135.001
FD10684	83.875 	 0.648 	 135.000
FD10684	84.000 	 0.648 	 134.999
FD10684	84.125 	 1.025 	 116.565
FD10684	84.250 	 0.648 	 135.002
FD10684	84.375 	 0.648 	 135.000
FD10684	84.500 	 0.648 	 134.999
FD10684	84.625 	 1.025 	 116.565
FD10684	84.750 	 1.025 	 153.436
FD10684	84.875 	 0.648 	 134.999
FD10684	85.000 	 0.648 	 135.000
FD10684	85.125 	 1.025 	 116.565
FD10684	85.250 	 0.648 	 135.000
FD10684	85.375 	 0.648 	 135.001
FD10684	85.500 	 0.648 	 135.000
FD10684	85.625 	 1.025 	 116.565
FD10684	85.750 	 0.648 	 134.999
FD10684	85.875 	 0.648 	 135.002
FD10684	86.000 	 0.648 	 135.000
FD10684	86.125 	 1.025 	 116.565
FD10684	86.250 	 0.648 	 134.999
FD10684	86.375 	 0.648 	 135.000
FD10684	86.500 	 0.648 	 135.001
FD10684	86.625 	 1.025 	 116.565
FD10684	86.750 	 0.648 	 134.999
FD10684	86.875 	 0.648 	 135.000
FD10684	87.000 	 0.648 	 134.999
FD10684	87.125 	 0.648 	 135.002
FD10684	87.250 	 1.025 	 116.565
FD10684	87.375 	 0.648 	 135.000
FD10684	87.500 	 0.648 	 134.999
FD10684	87.625 	 0.648 	 135.002
FD10684	87.750 	 1.025 	 116.565
FD10684	87.875 	 1.025 	 153.434
FD10684	88.000 	 0.648 	 135.000
FD10684	88.125 	 0.648 	 135.002
FD10684	88.250 	 1.025 	 116.565
FD10684	88.375 	 0.648 	 134.999
FD10684	88.500 	 0.648 	 135.000
FD10684	88.625 	 0.648 	 135.001
FD10684	88.750 	 1.025 	 116.565
FD10684	88.875 	 0.648 	 134.999
FD10684	89.000 	 0.648 	 135.000
FD10684	89.125 	 0.648 	 134.999
FD10684	89.250 	 1.025 	 116.566
FD10684	89.375 	 0.648 	 135.000
FD10684	89.500 	 0.653 	 135.000
FD10684	89.625 	 0.648 	 134.999
FD10684	89.750 	 0.648 	 135.000
FD10684	89.875 	 1.025 	 116.566
FD10684	90.000 	 0.648 	 134.999
FD10684	90.125 	 1.375 	 180.000
FD10684	90.250 	 1.833 	 180.000
FD10684	90.375 	 1.375 	 180.000
FD10684	90.500 	 1.449 	 161.565
FD10684	90.625 	 1.375 	 180.000
FD10684	90.750 	 1.375 	 180.000
FD10684	90.875 	 1.833 	 180.000
FD10684	91.000 	 1.375 	 180.000
FD10684	91.125 	 1.375 	 180.000
FD10684	91.250 	 1.375 	 180.000
FD10684	91.375 	 1.449 	 161.565
FD10684	91.500 	 1.375 	 180.000
FD10684	91.625 	 1.833 	 180.000
FD10684	91.750 	 1.386 	 180.000
FD10684	91.875 	 1.375 	 180.000
FD10684	92.000 	 1.375 	 180.000
FD10684	92.125 	 1.375 	 180.000
FD10684	92.250 	 1.833 	 180.000
FD10684	92.375 	 1.449 	 161.565
FD10684	92.500 	 1.375 	 180.000
FD10684	92.625 	 1.375 	 180.000
FD10684	92.750 	 1.375 	 180.000
FD10684	92.875 	 1.833 	 180.000
FD10684	93.000 	 1.375 	 180.000
FD10684	93.125 	 1.375 	 180.000
FD10684	93.250 	 1.449 	 161.565
FD10684	93.375 	 1.375 	 180.000
FD10684	93.500 	 1.375 	 180.000
FD10684	93.625 	 1.848 	 180.000
FD10684	93.750 	 1.375 	 180.000
FD10684	93.875 	 1.375 	 180.000
FD10684	94.000 	 1.375 	 180.000
FD10684	94.125 	 1.449 	 161.565
FD10684	94.250 	 1.833 	 180.000
FD10684	94.375 	 1.375 	 180.000
FD10684	94.500 	 1.375 	 180.000
FD10684	94.625 	 1.375 	 180.000
FD10684	94.750 	 1.375 	 180.000
FD10684	94.875 	 1.833 	 180.000
FD10684	95.000 	 1.449 	 161.565
FD10684	95.125 	 1.375 	 180.000
FD10684	95.250 	 1.375 	 180.000
FD10684	95.375 	 1.375 	 180.000
FD10684	95.500 	 1.848 	 180.000
FD10684	95.625 	 1.375 	 180.000
FD10684	95.750 	 1.375 	 180.000
FD10684	95.875 	 1.449 	 161.565
FD10684	96.000 	 1.375 	 180.000
FD10684	96.125 	 1.375 	 180.000
FD10684	96.250 	 1.833 	 180.000
FD10684	96.375 	 1.375 	 180.000
FD10684	96.500 	 1.375 	 180.000
FD10684	96.625 	 1.375 	 180.000
FD10684	96.750 	 1.375 	 180.000
FD10684	96.875 	 1.889 	 165.964
FD10684	97.000 	 1.375 	 180.000
FD10684	97.125 	 1.375 	 180.000
FD10684	97.250 	 1.375 	 180.000
FD10684	97.375 	 1.386 	 180.000
FD10684	97.500 	 1.833 	 180.000
FD10684	97.625 	 1.375 	 180.000
FD10684	97.750 	 1.449 	 161.565
FD10684	97.875 	 1.375 	 180.000
FD10684	98.000 	 1.375 	 180.000
FD10684	98.125 	 1.375 	 180.000
FD10684	98.250 	 1.833 	 180.000
FD10684	98.375 	 1.375 	 180.000
FD10684	98.500 	 1.375 	 180.000
FD10684	98.625 	 1.449 	 161.565
FD10684	98.750 	 1.375 	 180.000
FD10684	98.875 	 1.833 	 180.000
FD10684	99.000 	 1.375 	 180.000
FD10684	99.125 	 1.386 	 180.000
FD10684	99.250 	 1.375 	 180.000
FD10684	99.375 	 1.375 	 180.000
FD10684	99.500 	 1.889 	 165.964
FD10684	99.625 	 1.375 	 180.000
FD10684	99.750 	 1.375 	 180.000
FD10684	99.875 	 1.375 	 180.000
FD10684	100.000 	 1.375 	 180.000
FD10684	100.125 	 1.833 	 180.000
FD10684	100.250 	 1.375 	 180.000
FD10684	100.375 	 1.449 	 161.565
FD10684	100.500 	 1.375 	 180.000
FD10684	100.625 	 1.375 	 180.000
FD10684	100.750 	 1.375 	 180.000
FD10684	100.875 	 1.833 	 180.000
FD10684	101.000 	 1.386 	 180.000
FD10684	101.125 	 1.375 	 180.000
FD10684	101.250 	 1.449 	 161.565
FD10684	101.375 	 1.375 	 180.000
FD10684	101.500 	 1.833 	 180.000
FD10684	101.625 	 1.375 	 180.000
FD10684	101.750 	 1.375 	 180.000
FD10684	101.875 	 1.375 	 180.000
FD10684	102.000 	 1.375 	 180.000
FD10684	102.125 	 1.833 	 180.000
FD10684	102.250 	 1.449 	 161.565
FD10684	102.375 	 1.375 	 180.000
FD10684	102.500 	 1.375 	 180.000
FD10684	102.625 	 1.375 	 180.000
FD10684	102.750 	 1.833 	 180.000
FD10684	102.875 	 1.386 	 180.000
FD10684	103.000 	 1.375 	 180.000
FD10684	103.125 	 1.449 	 161.565
FD10684	103.250 	 1.375 	 180.000
FD10684	103.375 	 1.375 	 180.000
FD10684	103.500 	 1.833 	 180.000
FD10684	103.625 	 1.375 	 180.000
FD10684	103.750 	 1.375 	 180.000
FD10684	103.875 	 1.375 	 180.000
FD10684	104.000 	 1.449 	 161.564
FD10684	104.125 	 1.833 	 180.000
FD10684	104.250 	 1.375 	 180.000
FD10684	104.375 	 1.375 	 180.000
FD10684	104.500 	 1.375 	 180.000
FD10684	104.625 	 1.386 	 180.000
FD10684	104.750 	 1.833 	 180.000
FD10684	104.875 	 1.449 	 161.565
FD10684	105.000 	 1.375 	 180.000
FD10684	105.125 	 1.375 	 180.000
FD10684	105.250 	 1.375 	 180.000
FD10684	105.375 	 1.375 	 180.000
FD10684	105.500 	 1.833 	 180.000
FD10684	105.625 	 1.375 	 180.000
FD10684	105.750 	 1.449 	 161.565
FD10684	105.875 	 1.375 	 180.000
FD10684	106.000 	 1.375 	 180.000
FD10684	106.125 	 1.833 	 180.000
FD10684	106.250 	 1.375 	 180.000
FD10684	106.375 	 1.375 	 180.000
FD10684	106.500 	 1.386 	 180.000
FD10684	106.625 	 1.375 	 180.000
FD10684	106.750 	 1.889 	 165.964
FD10684	106.875 	 1.375 	 180.000
FD10684	107.000 	 1.375 	 180.000
FD10684	107.125 	 1.375 	 180.000
FD10684	107.250 	 1.375 	 180.000
FD10684	107.375 	 1.833 	 180.000
FD10684	107.500 	 1.375 	 180.000
FD10684	107.625 	 1.449 	 161.565
FD10684	107.750 	 1.375 	 180.000
FD10684	107.875 	 1.375 	 180.000
FD10684	108.000 	 1.375 	 180.000
FD10684	108.125 	 1.833 	 180.000
FD10684	108.250 	 1.375 	 180.000
FD10684	108.375 	 1.386 	 180.000
FD10684	108.500 	 1.449 	 161.564
FD10684	108.625 	 1.375 	 180.000
FD10684	108.750 	 1.833 	 180.000
FD10684	108.875 	 1.375 	 180.000
FD10684	109.000 	 1.375 	 180.000
FD10684	109.125 	 1.375 	 180.000
FD10684	109.250 	 1.375 	 180.000
FD10684	109.375 	 1.889 	 165.964
FD10684	109.500 	 1.375 	 180.000
FD10684	109.625 	 1.375 	 180.000
FD10684	109.750 	 1.375 	 180.000
FD10684	109.875 	 1.375 	 180.000
FD10684	110.000 	 1.833 	 180.000
FD10684	110.125 	 1.386 	 180.000
FD10684	110.250 	 1.449 	 161.565
FD10684	110.375 	 1.375 	 180.000
FD10684	110.500 	 1.375 	 180.000
FD10684	110.625 	 1.375 	 180.000
FD10684	110.750 	 1.833 	 180.000
FD10684	110.875 	 1.375 	 180.000
FD10684	111.000 	 1.375 	 180.000
FD10684	111.125 	 1.449 	 161.565
FD10684	111.250 	 1.375 	 180.000
FD10684	111.375 	 1.833 	 180.000
FD10684	111.500 	 1.375 	 180.000
FD10684	111.625 	 1.375 	 180.000
FD10684	111.750 	 1.375 	 180.000
FD10684	111.875 	 1.375 	 180.000
FD10684	112.000 	 1.848 	 180.000
FD10684	112.125 	 1.449 	 161.565
FD10684	112.250 	 1.375 	 180.000
FD10684	112.375 	 1.375 	 180.000
FD10684	112.500 	 1.375 	 180.000
FD10684	112.625 	 1.375 	 180.000
FD10684	112.750 	 1.833 	 180.000
FD10684	112.875 	 1.375 	 180.000
FD10684	113.000 	 1.449 	 161.564
FD10684	113.125 	 1.375 	 180.000
FD10684	113.250 	 1.375 	 180.000
FD10684	113.375 	 1.833 	 180.000
FD10684	113.500 	 1.375 	 180.000
FD10684	113.625 	 1.375 	 180.000
FD10684	113.750 	 1.375 	 180.000
FD10684	113.875 	 1.461 	 161.565
FD10684	114.000 	 1.833 	 180.000
FD10684	114.125 	 1.375 	 180.000
FD10684	114.250 	 1.375 	 180.000
FD10684	114.375 	 1.375 	 180.000
FD10684	114.500 	 1.375 	 180.000
FD10684	114.625 	 1.833 	 180.000
FD10684	114.750 	 1.449 	 161.565
FD10684	114.875 	 1.375 	 180.000
FD10684	115.000 	 1.375 	 180.000
FD10684	115.125 	 1.375 	 180.000
FD10684	115.250 	 1.375 	 180.000
FD10684	115.375 	 1.833 	 180.000
FD10684	115.500 	 1.375 	 180.000
FD10684	115.625 	 1.449 	 161.565
FD10684	115.750 	 1.386 	 180.000
FD10684	115.875 	 1.375 	 180.000
FD10684	116.000 	 1.833 	 180.000
FD10684	116.125 	 1.375 	 180.000
FD10684	116.250 	 1.375 	 180.000
FD10684	116.375 	 1.375 	 180.000
FD10684	116.500 	 1.375 	 180.000
FD10684	116.625 	 1.889 	 165.964
FD10684	116.750 	 1.375 	 180.000
FD10684	116.875 	 1.375 	 180.000
FD10684	117.000 	 1.375 	 180.000
FD10684	117.125 	 1.375 	 180.000
FD10684	117.250 	 1.375 	 180.000
FD10684	117.375 	 1.833 	 180.000
FD10684	117.500 	 1.461 	 161.565
FD10684	117.625 	 1.375 	 180.000
FD10684	117.750 	 1.375 	 180.000
FD10684	117.875 	 1.375 	 180.000
FD10684	118.000 	 1.833 	 180.000
FD10684	118.125 	 1.375 	 180.000
FD10684	118.250 	 1.375 	 180.000
FD10684	118.375 	 1.449 	 161.565
FD10684	118.500 	 1.375 	 180.000
FD10684	118.625 	 1.833 	 180.000
FD10684	118.750 	 1.375 	 180.000
FD10684	118.875 	 1.375 	 180.000
FD10684	119.000 	 1.375 	 180.000
FD10684	119.125 	 1.375 	 180.000
FD10684	119.250 	 1.889 	 165.964
FD10684	119.375 	 1.386 	 180.000
FD10684	119.500 	 1.375 	 180.000
FD10684	119.625 	 1.375 	 180.000
FD10684	119.750 	 1.375 	 180.000
FD10684	119.875 	 1.375 	 180.000
FD10684	120.000 	 1.833 	 180.000
FD10684	120.125 	 6.260 	 233.973
FD10684	120.250 	 6.392 	 239.744
FD10684	120.375 	 6.634 	 236.310
FD10684	120.500 	 6.210 	 233.973
FD10684	120.625 	 6.634 	 236.310
FD10684	120.750 	 6.634 	 236.310
FD10684	120.875 	 6.634 	 236.310
FD10684	121.000 	 6.260 	 233.973
FD10684	121.125 	 6.634 	 236.310
FD10684	121.250 	 6.634 	 236.310
FD10684	121.375 	 6.260 	 233.973
FD10684	121.500 	 6.392 	 239.744
FD10684	121.625 	 6.582 	 236.310
FD10684	121.750 	 6.634 	 236.310
FD10684	121.875 	 6.260 	 233.973
FD10684	122.000 	 6.635 	 236.310
FD10684	122.125 	 6.634 	 236.310
FD10684	122.250 	 6.260 	 233.973
FD10684	122.375 	 6.634 	 236.310
FD10684	122.500 	 6.634 	 236.310
FD10684	122.625 	 6.634 	 236.310
FD10684	122.750 	 5.955 	 237.529
FD10684	122.875 	 6.634 	 236.310
FD10684	123.000 	 6.634 	 236.310
FD10684	123.125 	 6.260 	 233.973
FD10684	123.250 	 6.634 	 236.310
FD10684	123.375 	 6.634 	 236.310
FD10684	123.500 	 6.634 	 236.310
FD10684	123.625 	 6.260 	 233.973
FD10684	123.750 	 6.634 	 236.310
FD10684	123.875 	 6.582 	 236.310
FD10684	124.000 	 6.003 	 237.529
FD10684	124.125 	 6.634 	 236.310
FD10684	124.250 	 6.634 	 236.310
FD10684	124.375 	 6.634 	 236.310
FD10684	124.500 	 6.260 	 233.973
FD10684	124.625 	 6.634 	 236.310
FD10684	124.750 	 6.634 	 236.310
FD10684	124.875 	 6.260 	 233.973
FD10684	125.000 	 6.582 	 236.310
FD10684	125.125 	 6.634 	 236.310
FD10684	125.250 	 6.392 	 239.744
FD10684	125.375 	 6.260 	 233.973
FD10684	125.500 	 6.634 	 236.310
FD10684	125.625 	 6.634 	 236.310
FD10684	125.750 	 6.260 	 233.973
FD10684	125.875 	 6.635 	 236.310
FD10684	126.000 	 6.634 	 236.310
FD10684	126.125 	 6.582 	 236.310
FD10684	126.250 	 6.260 	 233.973
FD10684	126.375 	 6.634 	 236.310
FD10684	126.500 	 6.634 	 236.310
FD10684	126.625 	 6.002 	 237.529
FD10684	126.750 	 6.634 	 236.310
FD10684	126.875 	 6.634 	 236.310
FD10684	127.000 	 6.634 	 236.310
FD10684	127.125 	 6.260 	 233.973
FD10684	127.250 	 6.582 	 236.310
FD10684	127.375 	 6.634 	 236.310
FD10684	127.500 	 6.260 	 233.973
FD10684	127.625 	 6.634 	 236.310
FD10684	127.750 	 6.634 	 236.310
FD10684	127.875 	 6.393 	 239.744
FD10684	128.000 	 6.260 	 233.973
FD10684	128.125 	 6.634 	 236.310
FD10684	128.250 	 6.635 	 236.310
FD10684	128.375 	 6.210 	 233.973
FD10684	128.500 	 6.634 	 236.310
FD10684	128.625 	 6.635 	 236.310
FD10684	128.750 	 6.634 	 236.310
FD10684	128.875 	 6.260 	 233.973
FD10684	129.000 	 6.635 	 236.309
FD10684	129.125 	 6.392 	 239.744
FD10684	129.250 	 6.260 	 233.973
FD10684	129.375 	 6.634 	 236.309
FD10684	129.500 	 6.635 	 236.310
FD10684	129.625 	 6.582 	 236.310
FD10684	129.750 	 6.259 	 233.972
FD10684	129.875 	 6.635 	 236.310
FD10684	130.000 	 6.634 	 236.309
FD10684	130.125 	 6.260 	 233.973
FD10684	130.250 	 6.634 	 236.309
FD10684	130.375 	 6.393 	 239.744
FD10684	130.500 	 6.634 	 236.310
FD10684	130.625 	 6.260 	 233.972
FD10684	130.750 	 6.582 	 236.310
FD10684	130.875 	 6.634 	 236.310
FD10684	131.000 	 6.259 	 233.972
FD10684	131.125 	 6.634 	 236.310
FD10684	131.250 	 6.634 	 236.310
FD10684	131.375 	 6.634 	 236.310
FD10684	131.500 	 6.259 	 233.972
FD10684	131.625 	 6.393 	 239.744
FD10684	131.750 	 6.634 	 236.310
FD10684	131.875 	 6.210 	 233.972
FD10684	132.000 	 6.635 	 236.310
FD10684	132.125 	 6.634 	 236.310
FD10684	132.250 	 6.635 	 236.310
FD10684	132.375 	 6.259 	 233.973
FD10684	132.500 	 6.635 	 236.310
FD10684	132.625 	 6.634 	 236.310
FD10684	132.750 	 6.260 	 233.972
FD10684	132.875 	 6.393 	 239.744
FD10684	133.000 	 6.582 	 236.310
FD10684	133.125 	 6.634 	 236.310
FD10684	133.250 	 6.260 	 233.973
FD10684	133.375 	 6.634 	 236.310
FD10684	133.500 	 6.635 	 236.309
FD10684	133.625 	 6.259 	 233.973
FD10684	133.750 	 6.635 	 236.309
FD10684	133.875 	 6.634 	 236.310
FD10684	134.000 	 6.635 	 236.309
FD10684	134.125 	 5.955 	 237.529
FD10684	134.250 	 6.634 	 236.310
FD10684	134.375 	 6.635 	 236.310
FD10684	134.500 	 6.259 	 233.973
FD10684	134.625 	 6.635 	 236.310
FD10684	134.750 	 6.635 	 236.310
FD10684	134.875 	 6.634 	 236.310
FD10684	135.000 	 6.260 	 233.972
FD10684	135.125 	 6.634 	 236.310
FD10684	135.250 	 6.582 	 236.310
FD10684	135.375 	 6.003 	 237.529
FD10684	135.500 	 6.634 	 236.310
FD10684	135.625 	 6.635 	 236.309
FD10684	135.750 	 6.634 	 236.310
FD10684	135.875 	 6.260 	 233.973
FD10684	136.000 	 6.634 	 236.309
FD10684	136.125 	 6.635 	 236.310
FD10684	136.250 	 6.259 	 233.972
FD10684	136.375 	 6.582 	 236.310
FD10684	136.500 	 6.635 	 236.309
FD10684	136.625 	 6.393 	 239.744
FD10684	136.750 	 6.259 	 233.973
FD10684	136.875 	 6.635 	 236.309
FD10684	137.000 	 6.634 	 236.310
FD10684	137.125 	 6.260 	 233.972
FD10684	137.250 	 6.634 	 236.310
FD10684	137.375 	 6.634 	 236.310
FD10684	137.500 	 6.582 	 236.309
FD10684	137.625 	 6.259 	 233.973
FD10684	137.750 	 6.635 	 236.309
FD10684	137.875 	 6.392 	 239.744
FD10684	138.000 	 6.260 	 233.973
FD10684	138.125 	 6.634 	 236.309
FD10684	138.250 	 6.635 	 236.310
FD10684	138.375 	 6.634 	 236.309
FD10684	138.500 	 6.260 	 233.973
FD10684	138.625 	 6.582 	 236.310
FD10684	138.750 	 6.635 	 236.309
FD10684	138.875 	 6.259 	 233.973
FD10684	139.000 	 6.635 	 236.309
FD10684	139.125 	 6.392 	 239.744
FD10684	139.250 	 6.260 	 233.973
FD10684	139.375 	 6.634 	 236.310
FD10684	139.500 	 6.634 	 236.310
FD10684	139.625 	 6.634 	 236.309
FD10684	139.750 	 6.210 	 233.973
FD10684	139.875 	 6.634 	 236.310
FD10684	140.000 	 6.634 	 236.309
FD10684	140.125 	 6.260 	 233.973
FD10684	140.250 	 6.634 	 236.309
FD10684	140.375 	 6.635 	 236.310
FD10684	140.500 	 6.393 	 239.744
FD10684	140.625 	 6.259 	 233.972
FD10684	140.750 	 6.634 	 236.310
FD10684	140.875 	 6.582 	 236.309
FD10684	141.000 	 6.259 	 233.973
FD10684	141.125 	 6.634 	 236.310
FD10684	141.250 	 6.634 	 236.310
FD10684	141.375 	 6.634 	 236.310
FD10684	141.500 	 6.259 	 233.972
FD10684	141.625 	 6.634 	 236.310
FD10684	141.750 	 6.392 	 239.744
FD10684	141.875 	 6.260 	 233.972
FD10684	142.000 	 6.582 	 236.310
FD10684	142.125 	 6.634 	 236.309
FD10684	142.250 	 6.635 	 236.310
FD10684	142.375 	 6.259 	 233.973
FD10684	142.500 	 6.635 	 236.310
FD10684	142.625 	 6.634 	 236.310
FD10684	142.750 	 6.259 	 233.972
FD10684	142.875 	 6.634 	 236.310
FD10684	143.000 	 6.392 	 239.744
FD10684	143.125 	 6.635 	 236.310
FD10684	143.250 	 6.210 	 233.973
FD10684	143.375 	 6.634 	 236.310
FD10684	143.500 	 6.634 	 236.310
FD10684	143.625 	 6.259 	 233.973
FD10684	143.750 	 6.635 	 236.309
FD10684	143.875 	 6.634 	 236.310
FD10684	144.000 	 6.635 	 236.309
FD10684	144.125 	 6.259 	 233.973
FD10684	144.250 	 6.342 	 239.744
FD10684	144.375 	 6.635 	 236.310
FD10684	144.500 	 6.260 	 233.973
FD10684	144.625 	 6.634 	 236.310
FD10684	144.750 	 6.634 	 236.310
FD10684	144.875 	 6.634 	 236.310
FD10684	145.000 	 6.260 	 233.972
FD10684	145.125 	 6.634 	 236.310
FD10684	145.250 	 6.635 	 236.310
FD10684	145.375 	 6.259 	 233.973
FD10684	145.500 	 6.342 	 239.744
FD10684	145.625 	 6.635 	 236.309
FD10684	145.750 	 6.634 	 236.310
FD10684	145.875 	 6.260 	 233.972
FD10684	146.000 	 6.634 	 236.310
FD10684	146.125 	 6.634 	 236.310
FD10684	146.250 	 6.259 	 233.972
FD10684	146.375 	 6.634 	 236.310
FD10684	146.500 	 6.635 	 236.309
FD10684	146.625 	 6.582 	 236.310
FD10684	146.750 	 6.002 	 237.529
FD10684	146.875 	 6.635 	 236.310
FD10684	147.000 	 6.634 	 236.310
FD10684	147.125 	 6.260 	 233.972
FD10684	147.250 	 6.634 	 236.310
FD10684	147.375 	 6.635 	 236.309
FD10684	147.500 	 6.634 	 236.310
FD10684	147.625 	 6.260 	 233.973
FD10684	147.750 	 6.582 	 236.310
FD10684	147.875 	 6.634 	 236.310
FD10684	148.000 	 6.003 	 237.529
FD10684	148.125 	 6.634 	 236.310
FD10684	148.250 	 6.634 	 236.310
FD10684	148.375 	 6.635 	 236.310
FD10684	148.500 	 6.259 	 233.973
FD10684	148.625 	 6.635 	 236.310
FD10684	148.750 	 6.634 	 236.310
FD10684	148.875 	 6.210 	 233.973
FD10684	149.000 	 6.635 	 236.309
FD10684	149.125 	 6.634 	 236.310
FD10684	149.250 	 6.393 	 239.744
FD10684	149.375 	 6.259 	 233.972
FD10684	149.500 	 6.635 	 236.310
FD10684	149.625 	 6.634 	 236.309
FD10684	149.750 	 6.260 	 233.973
FD10684	149.875 	 6.634 	 236.309
FD10684	150.000 	 6.582 	 236.310
FD10684	150.125 	 12.143 	 229.636
FD10684	150.250 	 11.857 	 231.340
FD10684	150.375 	 12.141 	 229.636
FD10684	150.500 	 11.710 	 228.180
FD10684	150.625 	 11.857 	 231.340
FD10684	150.750 	 12.143 	 229.636
FD10684	150.875 	 12.141 	 229.635
FD10684	151.000 	 11.763 	 231.341
FD10684	151.125 	 12.143 	 229.635
FD10684	151.250 	 12.141 	 229.636
FD10684	151.375 	 12.143 	 229.636
FD10684	151.500 	 11.763 	 231.340
FD10684	151.625 	 12.143 	 229.636
FD10684	151.750 	 11.803 	 228.180
FD10684	151.875 	 11.857 	 231.340
FD10684	152.000 	 12.046 	 229.636
FD10684	152.125 	 12.143 	 229.636
FD10684	152.250 	 11.856 	 231.340
FD10684	152.375 	 12.143 	 229.636
FD10684	152.500 	 12.046 	 229.635
FD10684	152.625 	 12.143 	 229.636
FD10684	152.750 	 11.856 	 231.340
FD10684	152.875 	 12.143 	 229.636
FD10684	153.000 	 11.710 	 228.180
FD10684	153.125 	 11.856 	 231.340
FD10684	153.250 	 12.143 	 229.636
FD10684	153.375 	 12.143 	 229.636
FD10684	153.500 	 11.763 	 231.340
FD10684	153.625 	 12.141 	 229.636
FD10684	153.750 	 12.143 	 229.636
FD10684	153.875 	 12.143 	 229.636
FD10684	154.000 	 11.763 	 231.340
FD10684	154.125 	 12.141 	 229.636
FD10684	154.250 	 12.143 	 229.635
FD10684	154.375 	 11.507 	 229.899
FD10684	154.500 	 12.046 	 229.636
FD10684	154.625 	 12.143 	 229.636
FD10684	154.750 	 11.857 	 231.340
FD10684	154.875 	 12.141 	 229.636
FD10684	155.000 	 12.046 	 229.635
FD10684	155.125 	 12.143 	 229.636
FD10684	155.250 	 11.857 	 231.340
FD10684	155.375 	 12.141 	 229.636
FD10684	155.500 	 12.143 	 229.635
FD10684	155.625 	 11.417 	 229.900
FD10684	155.750 	 12.141 	 229.635
FD10684	155.875 	 12.143 	 229.636
FD10684	156.000 	 11.857 	 231.340
FD10684	156.125 	 12.046 	 229.636
FD10684	156.250 	 12.142 	 229.635
FD10684	156.375 	 12.143 	 229.636
FD10684	156.500 	 11.857 	 231.340
FD10684	156.625 	 12.046 	 229.635
FD10684	156.750 	 12.141 	 229.636
FD10684	156.875 	 11.509 	 229.899
FD10684	157.000 	 12.143 	 229.636
FD10684	157.125 	 12.046 	 229.635
FD10684	157.250 	 11.855 	 231.341
FD10684	157.375 	 12.143 	 229.635
FD10684	157.500 	 12.141 	 229.636
FD10684	157.625 	 12.046 	 229.635
FD10684	157.750 	 11.857 	 231.341
FD10684	157.875 	 12.143 	 229.635
FD10684	158.000 	 12.141 	 229.636
FD10684	158.125 	 11.417 	 229.899
FD10684	158.250 	 12.143 	 229.636
FD10684	158.375 	 12.143 	 229.635
FD10684	158.500 	 11.856 	 231.340
FD10684	158.625 	 12.046 	 229.636
FD10684	158.750 	 12.143 	 229.635
FD10684	158.875 	 12.141 	 229.636
FD10684	159.000 	 11.857 	 231.340
FD10684	159.125 	 12.046 	 229.636
FD10684	159.250 	 12.143 	 229.635
FD10684	159.375 	 11.507 	 229.900
FD10684	159.500 	 12.143 	 229.635
FD10684	159.625 	 12.046 	 229.636
FD10684	159.750 	 11.857 	 231.340
FD10684	159.875 	 12.141 	 229.636
FD10684	160.000 	 12.143 	 229.635
FD10684	160.125 	 12.046 	 229.635
FD10684	160.250 	 11.857 	 231.341
FD10684	160.375 	 12.141 	 229.635
FD10684	160.500 	 12.143 	 229.636
FD10684	160.625 	 11.417 	 229.899
FD10684	160.750 	 12.141 	 229.636
FD10684	160.875 	 12.143 	 229.635
FD10684	161.000 	 11.857 	 231.341
FD10684	161.125 	 12.046 	 229.635
FD10684	161.250 	 12.141 	 229.636
FD10684	161.375 	 12.143 	 229.635
FD10684	161.500 	 11.857 	 231.341
FD10684	161.625 	 12.046 	 229.635
FD10684	161.750 	 12.141 	 229.635
FD10684	161.875 	 11.509 	 229.900
FD10684	162.000 	 12.141 	 229.635
FD10684	162.125 	 12.048 	 229.636
FD10684	162.250 	 11.856 	 231.340
FD10684	162.375 	 12.143 	 229.636
FD10684	162.500 	 12.141 	 229.635
FD10684	162.625 	 11.763 	 231.341
FD10684	162.750 	 12.143 	 229.635
FD10684	162.875 	 12.143 	 229.636
FD10684	163.000 	 12.141 	 229.635
FD10684	163.125 	 11.763 	 231.341
FD10684	163.250 	 11.804 	 228.180
FD10684	163.375 	 12.143 	 229.635
FD10684	163.500 	 11.855 	 231.341
FD10684	163.625 	 12.046 	 229.635
FD10684	163.750 	 12.143 	 229.636
FD10684	163.875 	 11.856 	 231.340
FD10684	164.000 	 12.143 	 229.636
FD10684	164.125 	 12.046 	 229.635
FD10684	164.250 	 12.143 	 229.636
FD10684	164.375 	 11.856 	 231.340
FD10684	164.500 	 11.804 	 228.180
FD10684	164.625 	 12.046 	 229.635
FD10684	164.750 	 11.857 	 231.341
FD10684	164.875 	 12.141 	 229.635
FD10684	165.000 	 12.143 	 229.636
FD10684	165.125 	 11.763 	 231.341
FD10684	165.250 	 12.143 	 229.635
FD10684	165.375 	 12.141 	 229.636
FD10684	165.500 	 12.143 	 229.635
FD10684	165.625 	 11.763 	 231.341
FD10684	165.750 	 11.803 	 228.180
FD10684	165.875 	 12.143 	 229.636
FD10684	166.000 	 11.857 	 231.340
FD10684	166.125 	 12.046 	 229.636
FD10684	166.250 	 12.141 	 229.635
FD10684	166.375 	 11.857 	 231.341
FD10684	166.500 	 12.143 	 229.635
FD10684	166.625 	 12.046 	 229.635
FD10684	166.750 	 12.141 	 229.636
FD10684	166.875 	 11.857 	 231.340
FD10684	167.000 	 11.803 	 228.180
FD10684	167.125 	 12.046 	 229.635
FD10684	167.250 	 11.857 	 231.341
FD10684	167.375 	 12.143 	 229.635
FD10684	167.500 	 12.141 	 229.636
FD10684	167.625 	 11.763 	 231.340
FD10684	167.750 	 12.143 	 229.636
FD10684	167.875 	 12.143 	 229.635
FD10684	168.000 	 12.141 	 229.635
FD10684	168.125 	 11.763 	 231.341
FD10684	168.250 	 11.804 	 228.180
FD10684	168.375 	 12.143 	 229.636
FD10684	168.500 	 11.856 	 231.340
FD10684	168.625 	 12.046 	 229.636
FD10684	168.750 	 12.143 	 229.635
FD10684	168.875 	 11.855 	 231.341
FD10684	169.000 	 12.143 	 229.635
FD10684	169.125 	 12.046 	 229.636
FD10684	169.250 	 12.143 	 229.635
FD10684	169.375 	 11.855 	 231.341
FD10684	169.500 	 11.804 	 228.180
FD10684	169.625 	 12.046 	 229.635
FD10684	169.750 	 11.857 	 231.341
FD10684	169.875 	 12.141 	 229.635
FD10684	170.000 	 12.143 	 229.636
FD10684	170.125 	 11.763 	 231.340
FD10684	170.250 	 12.141 	 229.636
FD10684	170.375 	 12.143 	 229.635
FD10684	170.500 	 12.143 	 229.636
FD10684	170.625 	 11.763 	 231.340
FD10684	170.750 	 11.803 	 228.180
FD10684	170.875 	 12.143 	 229.635
FD10684	171.000 	 11.857 	 231.341
FD10684	171.125 	 12.046 	 229.635
FD10684	171.250 	 12.141 	 229.635
FD10684	171.375 	 11.857 	 231.341
FD10684	171.500 	 12.141 	 229.635
FD10684	171.625 	 12.048 	 229.636
FD10684	171.750 	 12.141 	 229.635
FD10684	171.875 	 11.857 	 231.341
FD10684	172.000 	 12.141 	 229.635
FD10684	172.125 	 11.710 	 228.180
FD10684	172.250 	 11.857 	 231.340
FD10684	172.375 	 12.143 	 229.636
FD10684	172.500 	 12.141 	 229.635
FD10684	172.625 	 11.763 	 231.341
FD10684	172.750 	 12.143 	 229.635
FD10684	172.875 	 12.143 	 229.636
FD10684	173.000 	 12.141 	 229.635
FD10684	173.125 	 11.763 	 231.340
FD10684	173.250 	 12.143 	 229.636
FD10684	173.375 	 11.803 	 228.180
FD10684	173.500 	 11.857 	 231.341
FD10684	173.625 	 12.143 	 229.635
FD10684	173.750 	 12.046 	 229.636
FD10684	173.875 	 11.856 	 231.340
FD10684	174.000 	 12.143 	 229.636
FD10684	174.125 	 12.143 	 229.635
FD10684	174.250 	 12.046 	 229.636
FD10684	174.375 	 11.856 	 231.340
FD10684	174.500 	 12.143 	 229.636
FD10684	174.625 	 11.803 	 228.180
FD10684	174.750 	 11.764 	 231.341
FD10684	174.875 	 12.141 	 229.635
FD10684	175.000 	 12.143 	 229.635
FD10684	175.125 	 11.856 	 231.341
FD10684	175.250 	 12.046 	 229.635
FD10684	175.375 	 12.143 	 229.636
FD10684	175.500 	 12.143 	 229.635
FD10684	175.625 	 11.855 	 231.341
FD10684	175.750 	 12.046 	 229.635
FD10684	175.875 	 11.804 	 228.180
FD10684	176.000 	 11.857 	 231.340
FD10684	176.125 	 12.141 	 229.636
FD10684	176.250 	 12.046 	 229.635
FD10684	176.375 	 11.857 	 231.341
FD10684	176.500 	 12.141 	 229.635
FD10684	176.625 	 12.143 	 229.635
FD10684	176.750 	 12.046 	 229.636
FD10684	176.875 	 11.857 	 231.340
FD10684	177.000 	 12.141 	 229.636
FD10684	177.125 	 11.804 	 228.180
FD10684	177.250 	 11.763 	 231.341
FD10684	177.375 	 12.143 	 229.635
FD10684	177.500 	 12.141 	 229.636
FD10684	177.625 	 11.857 	 231.340
FD10684	177.750 	 12.046 	 229.636
FD10684	177.875 	 12.143 	 229.635
FD10684	178.000 	 12.141 	 229.635
FD10684	178.125 	 11.857 	 231.341
FD10684	178.250 	 12.046 	 229.635
FD10684	178.375 	 11.803 	 228.180
FD10684	178.500 	 11.857 	 231.340
FD10684	178.625 	 12.143 	 229.636
FD10684	178.750 	 12.046 	 229.635
FD10684	178.875 	 11.855 	 231.341
FD10684	179.000 	 12.143 	 229.635
FD10684	179.125 	 12.143 	 229.636
FD10684	179.250 	 11.763 	 231.340
FD10684	179.375 	 12.141 	 229.636
FD10684	179.500 	 12.143 	 229.635
FD10684	179.625 	 11.803 	 228.180
FD10684	179.750 	 11.764 	 231.341
FD10684	179.875 	 12.141 	 229.635
FD10684	180.000 	 12.143 	 229.636
FD10684	180.125 	 16.728 	 226.123
FD10684	180.250 	 17.184 	 227.203
FD10684	180.375 	 16.427 	 227.290
FD10684	180.500 	 16.864 	 226.123
FD10684	180.625 	 17.046 	 227.203
FD10684	180.750 	 16.730 	 226.123
FD10684	180.875 	 16.862 	 226.123
FD10684	181.000 	 16.730 	 226.124
FD10684	181.125 	 17.182 	 227.203
FD10684	181.250 	 16.730 	 226.123
FD10684	181.375 	 16.728 	 226.123
FD10684	181.500 	 16.864 	 226.123
FD10684	181.625 	 17.046 	 227.203
FD10684	181.750 	 16.862 	 226.123
FD10684	181.875 	 16.730 	 226.123
FD10684	182.000 	 16.862 	 226.123
FD10684	182.125 	 16.754 	 228.367
FD10684	182.250 	 16.730 	 226.123
FD10684	182.375 	 16.862 	 226.123
FD10684	182.500 	 17.048 	 227.202
FD10684	182.625 	 16.862 	 226.123
FD10684	182.750 	 16.730 	 226.124
FD10684	182.875 	 16.862 	 226.123
FD10684	183.000 	 17.046 	 227.202
FD10684	183.125 	 16.730 	 226.123
FD10684	183.250 	 16.862 	 226.123
FD10684	183.375 	 16.730 	 226.124
FD10684	183.500 	 17.182 	 227.202
FD10684	183.625 	 16.730 	 226.124
FD10684	183.750 	 16.559 	 227.290
FD10684	183.875 	 16.730 	 226.124
FD10684	184.000 	 17.046 	 227.202
FD10684	184.125 	 16.864 	 226.124
FD10684	184.250 	 16.728 	 226.124
FD10684	184.375 	 17.184 	 227.201
FD10684	184.500 	 16.728 	 226.124
FD10684	184.625 	 16.730 	 226.123
FD10684	184.750 	 16.862 	 226.124
FD10684	184.875 	 17.048 	 227.203
FD10684	185.000 	 16.862 	 226.123
FD10684	185.125 	 16.730 	 226.124
FD10684	185.250 	 16.862 	 226.123
FD10684	185.375 	 17.048 	 227.202
FD10684	185.500 	 16.428 	 227.290
FD10684	185.625 	 16.864 	 226.124
FD10684	185.750 	 16.728 	 226.123
FD10684	185.875 	 17.182 	 227.203
FD10684	186.000 	 16.730 	 226.124
FD10684	186.125 	 16.862 	 226.123
FD10684	186.250 	 17.048 	 227.202
FD10684	186.375 	 16.730 	 226.123
FD10684	186.500 	 16.862 	 226.124
FD10684	186.625 	 16.730 	 226.124
FD10684	186.750 	 17.182 	 227.202
FD10684	186.875 	 16.728 	 226.124
FD10684	187.000 	 16.864 	 226.123
FD10684	187.125 	 16.728 	 226.124
FD10684	187.250 	 16.754 	 228.366
FD10684	187.375 	 16.862 	 226.124
FD10684	187.500 	 16.730 	 226.123
FD10684	187.625 	 16.862 	 226.124
FD10684	187.750 	 17.049 	 227.202
FD10684	187.875 	 16.728 	 226.124
FD10684	188.000 	 16.863 	 226.123
FD10684	188.125 	 17.047 	 227.202
FD10684	188.250 	 16.864 	 226.124
FD10684	188.375 	 16.728 	 226.123
FD10684	188.500 	 16.864 	 226.124
FD10684	188.625 	 17.046 	 227.203
FD10684	188.750 	 16.730 	 226.123
FD10684	188.875 	 16.559 	 227.289
FD10684	189.000 	 16.730 	 226.124
FD10684	189.125 	 17.182 	 227.203
FD10684	189.250 	 16.730 	 226.123
FD10684	189.375 	 16.862 	 226.124
FD10684	189.500 	 17.049 	 227.202
FD10684	189.625 	 16.728 	 226.123
FD10684	189.750 	 16.862 	 226.124
FD10684	189.875 	 16.730 	 226.123
FD10684	190.000 	 17.182 	 227.203
FD10684	190.125 	 16.730 	 226.123
FD10684	190.250 	 16.862 	 226.124
FD10684	190.375 	 16.730 	 226.124
FD10684	190.500 	 17.048 	 227.201
FD10684	190.625 	 16.559 	 227.290
FD10684	190.750 	 16.728 	 226.124
FD10684	190.875 	 16.864 	 226.124
FD10684	191.000 	 17.047 	 227.202
FD10684	191.125 	 16.730 	 226.124
FD10684	191.250 	 16.862 	 226.123
FD10684	191.375 	 17.048 	 227.202
FD10684	191.500 	 16.862 	 226.124
FD10684	191.625 	 16.730 	 226.123
FD10684	191.750 	 16.862 	 226.124
FD10684	191.875 	 17.049 	 227.202
FD10684	192.000 	 16.728 	 226.124
FD10684	192.125 	 16.864 	 226.124
FD10684	192.250 	 16.728 	 226.123
FD10684	192.375 	 16.888 	 228.366
FD10684	192.500 	 16.728 	 226.124
FD10684	192.625 	 16.862 	 226.124
FD10684	192.750 	 16.730 	 226.123
FD10684	192.875 	 17.048 	 227.203
FD10684	193.000 	 16.862 	 226.123
FD10684	193.125 	 16.730 	 226.124
FD10684	193.250 	 17.182 	 227.202
FD10684	193.375 	 16.730 	 226.123
FD10684	193.500 	 16.862 	 226.124
FD10684	193.625 	 16.728 	 226.123
FD10684	193.750 	 17.048 	 227.203
FD10684	193.875 	 16.862 	 226.124
FD10684	194.000 	 16.430 	 227.290
FD10684	194.125 	 16.862 	 226.123
FD10684	194.250 	 17.048 	 227.202
FD10684	194.375 	 16.730 	 226.124
FD10684	194.500 	 16.862 	 226.123
FD10684	194.625 	 16.730 	 226.124
FD10684	194.750 	 17.182 	 227.202
FD10684	194.875 	 16.728 	 226.124
FD10684	195.000 	 16.864 	 226.124
FD10684	195.125 	 17.046 	 227.201
FD10684	195.250 	 16.730 	 226.124
FD10684	195.375 	 16.862 	 226.123
FD10684	195.500 	 16.730 	 226.124
FD10684	195.625 	 17.182 	 227.203
FD10684	195.750 	 16.430 	 227.290
FD10684	195.875 	 16.862 	 226.123
FD10684	196.000 	 16.730 	 226.124
FD10684	196.125 	 17.046 	 227.202
FD10684	196.250 	 16.864 	 226.123
FD10684	196.375 	 16.728 	 226.124
FD10684	196.500 	 16.862 	 226.123
FD10684	196.625 	 17.048 	 227.203
FD10684	196.750 	 16.862 	 226.124
FD10684	196.875 	 16.730 	 226.123
FD10684	197.000 	 17.048 	 227.202
FD10684	197.125 	 16.862 	 226.123
FD10684	197.250 	 16.730 	 226.124
FD10684	197.375 	 16.862 	 226.124
FD10684	197.500 	 16.755 	 228.367
FD10684	197.625 	 16.862 	 226.123
FD10684	197.750 	 16.728 	 226.124
FD10684	197.875 	 16.730 	 226.124
FD10684	198.000 	 17.182 	 227.201
FD10684	198.125 	 16.730 	 226.124
FD10684	198.250 	 16.862 	 226.123
FD10684	198.375 	 16.730 	 226.124
FD10684	198.500 	 17.048 	 227.203
FD10684	198.625 	 16.862 	 226.123
FD10684	198.750 	 16.728 	 226.124
FD10684	198.875 	 17.184 	 227.201
FD10684	199.000 	 16.728 	 226.124
FD10684	199.125 	 16.561 	 227.290
FD10684	199.250 	 16.728 	 226.124
FD10684	199.375 	 17.049 	 227.202
FD10684	199.500 	 16.862 	 226.124
FD10684	199.625 	 16.730 	 226.124
FD10684	199.750 	 16.862 	 226.123
FD10684	199.875 	 17.048 	 227.202
FD10684	200.000 	 16.862 	 226.123
FD10684	200.125 	 16.730 	 226.124
FD10684	200.250 	 17.046 	 227.203
FD10684	200.375 	 16.864 	 226.123
FD10684	200.500 	 16.728 	 226.124
FD10684	200.625 	 16.862 	 226.123
FD10684	200.750 	 17.048 	 227.202
FD10684	200.875 	 16.430 	 227.290
FD10684	201.000 	 16.862 	 226.124
FD10684	201.125 	 16.730 	 226.123
FD10684	201.250 	 17.182 	 227.203
FD10684	201.375 	 16.730 	 226.123
FD10684	201.500 	 16.862 	 226.124
FD10684	201.625 	 16.728 	 226.124
FD10684	201.750 	 17.048 	 227.201
FD10684	201.875 	 16.862 	 226.124
FD10684	202.000 	 16.730 	 226.123
FD10684	202.125 	 17.182 	 227.203
FD10684	202.250 	 16.730 	 226.124
FD10684	202.375 	 16.862 	 226.123
FD10684	202.500 	 16.730 	 226.124
FD10684	202.625 	 16.754 	 228.366
FD10684	202.750 	 16.862 	 226.124
FD10684	202.875 	 16.728 	 226.123
FD10684	203.000 	 16.864 	 226.124
FD10684	203.125 	 17.047 	 227.202
FD10684	203.250 	 16.864 	 226.124
FD10684	203.375 	 16.728 	 226.124
FD10684	203.500 	 16.730 	 226.123
FD10684	203.625 	 17.182 	 227.202
FD10684	203.750 	 16.730 	 226.123
FD10684	203.875 	 16.862 	 226.124
FD10684	204.000 	 17.048 	 227.203
FD10684	204.125 	 16.728 	 226.123
FD10684	204.250 	 16.561 	 227.290
FD10684	204.375 	 16.728 	 226.124
FD10684	204.500 	 17.182 	 227.202
FD10684	204.625 	 16.730 	 226.123
FD10684	204.750 	 16.862 	 226.124
FD10684	204.875 	 16.730 	 226.123
FD10684	205.000 	 17.048 	 227.203
FD10684	205.125 	 16.862 	 226.124
FD10684	205.250 	 16.730 	 226.122
FD10684	205.375 	 16.862 	 226.124
FD10684	205.500 	 17.049 	 227.202
FD10684	205.625 	 16.862 	 226.124
FD10684	205.750 	 16.728 	 226.124
FD10684	205.875 	 17.049 	 227.202
FD10684	206.000 	 16.559 	 227.290
FD10684	206.125 	 16.730 	 226.123
FD10684	206.250 	 16.862 	 226.124
FD10684	206.375 	 17.049 	 227.202
FD10684	206.500 	 16.862 	 226.124
FD10684	206.625 	 16.730 	 226.123
FD10684	206.750 	 16.728 	 226.124
FD10684	206.875 	 17.184 	 227.202
FD10684	207.000 	 16.728 	 226.123
FD10684	207.125 	 16.864 	 226.124
FD10684	207.250 	 16.728 	 226.123
FD10684	207.375 	 17.048 	 227.203
FD10684	207.500 	 16.862 	 226.124
FD10684	207.625 	 16.730 	 226.123
FD10684	207.750 	 16.886 	 228.366
FD10684	207.875 	 16.730 	 226.124
FD10684	208.000 	 16.862 	 226.124
FD10684	208.125 	 16.730 	 226.123
FD10684	208.250 	 17.046 	 227.203
FD10684	208.375 	 16.864 	 226.123
FD10684	208.500 	 16.728 	 226.124
FD10684	208.625 	 16.862 	 226.124
FD10684	208.750 	 17.048 	 227.201
FD10684	208.875 	 16.862 	 226.124
FD10684	209.000 	 16.730 	 226.123
FD10684	209.125 	 16.730 	 226.124
FD10684	209.250 	 17.182 	 227.203
FD10684	209.375 	 16.430 	 227.290
FD10684	209.500 	 16.862 	 226.123
FD10684	209.625 	 17.046 	 227.202
FD10684	209.750 	 16.864 	 226.124
FD10684	209.875 	 16.728 	 226.123
FD10684	210.000 	 16.730 	 226.124
FD10684	210.125 	 21.926 	 226.736
FD10684	210.250 	 21.617 	 225.882
FD10684	210.375 	 21.916 	 225.000
FD10684	210.500 	 21.923 	 226.736
FD10684	210.625 	 21.617 	 225.882
FD10684	210.750 	 21.617 	 225.882
FD10684	210.875 	 21.925 	 226.735
FD10684	211.000 	 21.617 	 225.882
FD10684	211.125 	 21.914 	 225.000
FD10684	211.250 	 21.618 	 225.881
FD10684	211.375 	 21.757 	 226.736
FD10684	211.500 	 21.615 	 225.881
FD10684	211.625 	 21.617 	 225.882
FD10684	211.750 	 21.925 	 226.736
FD10684	211.875 	 21.916 	 225.000
FD10684	212.000 	 21.618 	 225.881
FD10684	212.125 	 21.925 	 226.736
FD10684	212.250 	 21.615 	 225.881
FD10684	212.375 	 21.617 	 225.882
FD10684	212.500 	 22.219 	 225.855
FD10684	212.625 	 21.618 	 225.881
FD10684	212.750 	 21.617 	 225.882
FD10684	212.875 	 21.923 	 226.736
FD10684	213.000 	 21.451 	 225.881
FD10684	213.125 	 21.617 	 225.882
FD10684	213.250 	 21.914 	 225.000
FD10684	213.375 	 21.926 	 226.736
FD10684	213.500 	 21.617 	 225.882
FD10684	213.625 	 21.618 	 225.881
FD10684	213.750 	 21.925 	 226.736
FD10684	213.875 	 21.618 	 225.881
FD10684	214.000 	 21.914 	 225.000
FD10684	214.125 	 21.925 	 226.736
FD10684	214.250 	 21.617 	 225.882
FD10684	214.375 	 21.618 	 225.881
FD10684	214.500 	 21.754 	 226.736
FD10684	214.625 	 21.618 	 225.881
FD10684	214.750 	 21.916 	 225.000
FD10684	214.875 	 21.925 	 226.736
FD10684	215.000 	 21.615 	 225.881
FD10684	215.125 	 21.617 	 225.882
FD10684	215.250 	 21.617 	 225.882
FD10684	215.375 	 21.926 	 226.736
FD10684	215.500 	 21.916 	 225.000
FD10684	215.625 	 21.617 	 225.882
FD10684	215.750 	 21.923 	 226.735
FD10684	215.875 	 21.617 	 225.882
FD10684	216.000 	 21.448 	 225.881
FD10684	216.125 	 21.925 	 226.736
FD10684	216.250 	 21.916 	 225.000
FD10684	216.375 	 21.617 	 225.882
FD10684	216.500 	 21.926 	 226.736
FD10684	216.625 	 21.617 	 225.882
FD10684	216.750 	 21.615 	 225.881
FD10684	216.875 	 21.925 	 226.736
FD10684	217.000 	 21.916 	 225.000
FD10684	217.125 	 21.618 	 225.881
FD10684	217.250 	 21.617 	 225.882
FD10684	217.375 	 21.925 	 226.736
FD10684	217.500 	 21.615 	 225.881
FD10684	217.625 	 21.451 	 225.882
FD10684	217.750 	 22.216 	 225.855
FD10684	217.875 	 21.618 	 225.881
FD10684	218.000 	 21.617 	 225.882
FD10684	218.125 	 21.926 	 226.736
FD10684	218.250 	 21.617 	 225.882
FD10684	218.375 	 21.618 	 225.881
FD10684	218.500 	 22.216 	 225.855
FD10684	218.625 	 21.617 	 225.882
FD10684	218.750 	 21.617 	 225.882
FD10684	218.875 	 21.925 	 226.735
FD10684	219.000 	 21.617 	 225.882
FD10684	219.125 	 21.448 	 225.881
FD10684	219.250 	 21.916 	 225.000
FD10684	219.375 	 21.925 	 226.736
FD10684	219.500 	 21.615 	 225.881
FD10684	219.625 	 21.617 	 225.882
FD10684	219.750 	 21.925 	 226.736
FD10684	219.875 	 21.618 	 225.882
FD10684	220.000 	 21.916 	 224.999
FD10684	220.125 	 21.925 	 226.736
FD10684	220.250 	 21.615 	 225.880
FD10684	220.375 	 21.618 	 225.882
FD10684	220.500 	 21.925 	 226.736
FD10684	220.625 	 21.448 	 225.881
FD10684	220.750 	 21.917 	 225.000
FD10684	220.875 	 21.925 	 226.736
FD10684	221.000 	 21.617 	 225.881
FD10684	221.125 	 21.618 	 225.883
FD10684	221.250 	 21.614 	 225.881
FD10684	221.375 	 22.219 	 225.855
FD10684	221.500 	 21.617 	 225.881
FD10684	221.625 	 21.618 	 225.883
FD10684	221.750 	 21.926 	 226.735
FD10684	221.875 	 21.617 	 225.881
FD10684	222.000 	 21.615 	 225.883
FD10684	222.125 	 22.218 	 225.855
FD10684	222.250 	 21.452 	 225.881
FD10684	222.375 	 21.614 	 225.881
FD10684	222.500 	 21.925 	 226.736
FD10684	222.625 	 21.618 	 225.883
FD10684	222.750 	 21.618 	 225.879
FD10684	222.875 	 22.218 	 225.856
FD10684	223.000 	 21.615 	 225.883
FD10684	223.125 	 21.617 	 225.881
FD10684	223.250 	 21.618 	 225.881
FD10684	223.375 	 21.925 	 226.735
FD10684	223.500 	 21.618 	 225.883
FD10684	223.625 	 21.916 	 224.998
FD10684	223.750 	 21.754 	 226.736
FD10684	223.875 	 21.618 	 225.883
FD10684	224.000 	 21.617 	 225.881
FD10684	224.125 	 21.923 	 226.736
FD10684	224.250 	 21.618 	 225.879
FD10684	224.375 	 21.916 	 225.002
FD10684	224.500 	 21.925 	 226.736
FD10684	224.625 	 21.618 	 225.879
FD10684	224.750 	 21.615 	 225.883
FD10684	224.875 	 21.617 	 225.881
FD10684	225.000 	 21.925 	 226.736
FD10684	225.125 	 21.917 	 225.000
FD10684	225.250 	 21.617 	 225.881
FD10684	225.375 	 21.754 	 226.736
FD10684	225.500 	 21.617 	 225.881
FD10684	225.625 	 21.618 	 225.881
FD10684	225.750 	 21.925 	 226.736
FD10684	225.875 	 21.913 	 225.000
FD10684	226.000 	 21.618 	 225.881
FD10684	226.125 	 21.925 	 226.735
FD10684	226.250 	 21.618 	 225.883
FD10684	226.375 	 21.618 	 225.883
FD10684	226.500 	 21.922 	 226.735
FD10684	226.625 	 21.917 	 225.000
FD10684	226.750 	 21.617 	 225.881
FD10684	226.875 	 21.448 	 225.883
FD10684	227.000 	 21.926 	 226.735
FD10684	227.125 	 21.617 	 225.881
FD10684	227.250 	 21.618 	 225.883
FD10684	227.375 	 22.218 	 225.853
FD10684	227.500 	 21.618 	 225.883
FD10684	227.625 	 21.614 	 225.881
FD10684	227.750 	 21.925 	 226.736
FD10684	227.875 	 21.618 	 225.883
FD10684	228.000 	 21.618 	 225.879
FD10684	228.125 	 22.218 	 225.856
FD10684	228.250 	 21.615 	 225.883
FD10684	228.375 	 21.451 	 225.879
FD10684	228.500 	 21.925 	 226.736
FD10684	228.625 	 21.614 	 225.881
FD10684	228.750 	 21.618 	 225.883
FD10684	228.875 	 21.916 	 224.998
FD10684	229.000 	 21.925 	 226.736
FD10684	229.125 	 21.618 	 225.883
FD10684	229.250 	 21.617 	 225.881
FD10684	229.375 	 21.923 	 226.735
FD10684	229.500 	 21.916 	 225.000
FD10684	229.625 	 21.618 	 225.883
FD10684	229.750 	 21.926 	 226.735
FD10684	229.875 	 21.448 	 225.881
FD10684	230.000 	 21.618 	 225.883
FD10684	230.125 	 21.925 	 226.736
FD10684	230.250 	 21.916 	 224.998
FD10684	230.375 	 21.615 	 225.883
FD10684	230.500 	 21.925 	 226.735
FD10684	230.625 	 21.618 	 225.883
FD10684	230.750 	 21.618 	 225.879
FD10684	230.875 	 21.618 	 225.883
FD10684	231.000 	 22.218 	 225.856
FD10684	231.125 	 21.614 	 225.881
FD10684	231.250 	 21.618 	 225.881
FD10684	231.375 	 21.925 	 226.735
FD10684	231.500 	 21.448 	 225.883
FD10684	231.625 	 21.617 	 225.881
FD10684	231.750 	 22.219 	 225.855
FD10684	231.875 	 21.618 	 225.883
FD10684	232.000 	 21.617 	 225.881
FD10684	232.125 	 21.923 	 226.736
FD10684	232.250 	 21.618 	 225.881
FD10684	232.375 	 21.617 	 225.881
FD10684	232.500 	 22.218 	 225.856
FD10684	232.625 	 21.618 	 225.879
FD10684	232.750 	 21.618 	 225.883
FD10684	232.875 	 21.614 	 225.881
FD10684	233.000 	 21.757 	 226.736
FD10684	233.125 	 21.616 	 225.881
FD10684	233.250 	 21.916 	 225.000
FD10684	233.375 	 21.925 	 226.736
FD10684	233.500 	 21.617 	 225.881
FD10684	233.625 	 21.618 	 225.881
FD10684	233.750 	 21.925 	 226.736
FD10684	233.875 	 21.614 	 225.881
FD10684	234.000 	 21.917 	 225.000
FD10684	234.125 	 21.925 	 226.736
FD10684	234.250 	 21.617 	 225.881
FD10684	234.375 	 21.618 	 225.883
FD10684	234.500 	 21.754 	 226.735
FD10684	234.625 	 21.618 	 225.881
FD10684	234.750 	 21.916 	 225.000
FD10684	234.875 	 21.615 	 225.883
FD10684	235.000 	 21.926 	 226.735
FD10684	235.125 	 21.617 	 225.881
FD10684	235.250 	 21.618 	 225.883
FD10684	235.375 	 21.925 	 226.735
FD10684	235.500 	 21.917 	 225.000
FD10684	235.625 	 21.614 	 225.881
FD10684	235.750 	 21.925 	 226.736
FD10684	235.875 	 21.618 	 225.883
FD10684	236.000 	 21.618 	 225.879
FD10684	236.125 	 21.754 	 226.736
FD10684	236.250 	 21.916 	 225.002
FD10684	236.375 	 21.618 	 225.879
FD10684	236.500 	 21.925 	 226.736
FD10684	236.625 	 21.614 	 225.881
FD10684	236.750 	 21.618 	 225.883
FD10684	236.875 	 21.617 	 225.881
FD10684	237.000 	 22.219 	 225.855
FD10684	237.125 	 21.618 	 225.883
FD10684	237.250 	 21.617 	 225.881
FD10684	237.375 	 21.923 	 226.735
FD10684	237.500 	 21.617 	 225.881
FD10684	237.625 	 21.748 	 225.002
FD10684	237.750 	 21.923 	 226.735
FD10684	237.875 	 21.617 	 225.881
FD10684	238.000 	 21.618 	 225.883
FD10684	238.125 	 21.925 	 226.736
FD10684	238.250 	 21.617 	 225.881
FD10684	238.375 	 21.914 	 225.000
FD10684	238.500 	 21.925 	 226.735
FD10684	238.625 	 21.618 	 225.883
FD10684	238.750 	 21.618 	 225.879
FD10684	238.875 	 21.618 	 225.883
FD10684	239.000 	 21.925 	 226.736
FD10684	239.125 	 21.745 	 225.000
FD10684	239.250 	 21.618 	 225.881
FD10684	239.375 	 21.925 	 226.735
FD10684	239.500 	 21.615 	 225.883
FD10684	239.625 	 21.617 	 225.881
FD10684	239.750 	 21.926 	 226.735
FD10684	239.875 	 21.916 	 225.002
FD10684	240.000 	 21.617 	 225.881
FD10684	240.125 	 25.773 	 228.715
FD10684	240.250 	 25.664 	 228.014
FD10684	240.375 	 26.045 	 227.934
FD10684	240.500 	 25.664 	 228.014
FD10684	240.625 	 25.745 	 227.230
FD10684	240.750 	 25.974 	 228.716
FD10684	240.875 	 25.464 	 228.014
FD10684	241.000 	 26.248 	 227.935
FD10684	241.125 	 25.467 	 228.013
FD10684	241.250 	 25.944 	 227.231
FD10684	241.375 	 25.772 	 228.715
FD10684	241.500 	 25.664 	 228.012
FD10684	241.625 	 26.045 	 227.937
FD10684	241.750 	 25.664 	 228.011
FD10684	241.875 	 26.048 	 227.935
FD10684	242.000 	 25.664 	 228.014
FD10684	242.125 	 25.464 	 228.013
FD10684	242.250 	 26.248 	 227.935
FD10684	242.375 	 25.467 	 228.013
FD10684	242.500 	 26.248 	 227.935
FD10684	242.625 	 25.464 	 228.014
FD10684	242.750 	 25.664 	 228.011
FD10684	242.875 	 26.045 	 227.937
FD10684	243.000 	 25.664 	 228.012
FD10684	243.125 	 26.047 	 227.936
FD10684	243.250 	 25.664 	 228.012
FD10684	243.375 	 25.772 	 228.716
FD10684	243.500 	 25.943 	 227.230
FD10684	243.625 	 25.467 	 228.014
FD10684	243.750 	 25.974 	 228.716
FD10684	243.875 	 25.742 	 227.230
FD10684	244.000 	 25.974 	 228.716
FD10684	244.125 	 25.742 	 227.230
FD10684	244.250 	 25.664 	 228.012
FD10684	244.375 	 25.775 	 228.716
FD10684	244.500 	 25.742 	 227.230
FD10684	244.625 	 25.974 	 228.716
FD10684	244.750 	 25.746 	 227.231
FD10684	244.875 	 25.973 	 228.715
FD10684	245.000 	 25.464 	 228.014
FD10684	245.125 	 25.943 	 227.230
FD10684	245.250 	 25.772 	 228.716
FD10684	245.375 	 25.944 	 227.231
FD10684	245.500 	 25.775 	 228.716
FD10684	245.625 	 25.664 	 228.011
FD10684	245.750 	 25.742 	 227.233
FD10684	245.875 	 25.973 	 228.713
FD10684	246.000 	 25.745 	 227.233
FD10684	246.125 	 25.974 	 228.715
FD10684	246.250 	 25.464 	 228.013
FD10684	246.375 	 26.248 	 227.935
FD10684	246.500 	 25.464 	 228.014
FD10684	246.625 	 25.943 	 227.230
FD10684	246.750 	 25.775 	 228.716
FD10684	246.875 	 25.664 	 228.011
FD10684	247.000 	 26.045 	 227.937
FD10684	247.125 	 25.664 	 228.012
FD10684	247.250 	 25.775 	 228.716
FD10684	247.375 	 25.943 	 227.230
FD10684	247.500 	 25.464 	 228.014
FD10684	247.625 	 26.248 	 227.934
FD10684	247.750 	 25.464 	 228.014
FD10684	247.875 	 25.974 	 228.716
FD10684	248.000 	 25.745 	 227.230
FD10684	248.125 	 25.664 	 228.014
FD10684	248.250 	 26.045 	 227.935
FD10684	248.375 	 25.663 	 228.013
FD10684	248.500 	 25.776 	 228.715
FD10684	248.625 	 25.943 	 227.231
FD10684	248.750 	 25.773 	 228.715
FD10684	248.875 	 25.943 	 227.233
FD10684	249.000 	 25.464 	 228.011
FD10684	249.125 	 25.974 	 228.716
FD10684	249.250 	 25.746 	 227.231
FD10684	249.375 	 25.973 	 228.715
FD10684	249.500 	 25.742 	 227.231
FD10684	249.625 	 25.467 	 228.013
FD10684	249.750 	 25.974 	 228.715
FD10684	249.875 	 25.742 	 227.233
FD10684	250.000 	 25.974 	 228.715
FD10684	250.125 	 25.744 	 227.231
FD10684	250.250 	 25.971 	 228.715
FD10684	250.375 	 25.467 	 228.013
FD10684	250.500 	 25.944 	 227.231
FD10684	250.625 	 25.772 	 228.716
FD10684	250.750 	 25.663 	 228.013
FD10684	250.875 	 26.048 	 227.935
FD10684	251.000 	 25.664 	 228.014
FD10684	251.125 	 25.742 	 227.230
FD10684	251.250 	 25.974 	 228.716
FD10684	251.375 	 25.467 	 228.011
FD10684	251.500 	 26.245 	 227.937
FD10684	251.625 	 25.468 	 228.012
FD10684	251.750 	 26.248 	 227.935
FD10684	251.875 	 25.464 	 228.013
FD10684	252.000 	 25.664 	 228.014
FD10684	252.125 	 26.048 	 227.934
FD10684	252.250 	 25.664 	 228.014
FD10684	252.375 	 26.045 	 227.935
FD10684	252.500 	 25.663 	 228.013
FD10684	252.625 	 25.468 	 228.012
FD10684	252.750 	 26.245 	 227.937
FD10684	252.875 	 25.467 	 228.011
FD10684	253.000 	 26.248 	 227.937
FD10684	253.125 	 25.465 	 228.012
FD10684	253.250 	 25.973 	 228.715
FD10684	253.375 	 25.746 	 227.231
FD10684	253.500 	 25.663 	 228.013
FD10684	253.625 	 25.772 	 228.716
FD10684	253.750 	 25.944 	 227.231
FD10684	253.875 	 25.775 	 228.715
FD10684	254.000 	 25.941 	 227.231
FD10684	254.125 	 25.468 	 228.012
FD10684	254.250 	 25.973 	 228.715
FD10684	254.375 	 25.742 	 227.231
FD10684	254.500 	 25.974 	 228.716
FD10684	254.625 	 25.745 	 227.230
FD10684	254.750 	 25.772 	 228.716
FD10684	254.875 	 25.664 	 228.014
FD10684	255.000 	 25.745 	 227.230
FD10684	255.125 	 25.974 	 228.716
FD10684	255.250 	 25.742 	 227.230
FD10684	255.375 	 25.974 	 228.716
FD10684	255.500 	 25.465 	 228.012
FD10684	255.625 	 26.247 	 227.936
FD10684	255.750 	 25.468 	 228.012
FD10684	255.875 	 25.943 	 227.233
FD10684	256.000 	 25.772 	 228.713
FD10684	256.125 	 25.664 	 228.014
FD10684	256.250 	 26.048 	 227.935
FD10684	256.375 	 25.663 	 228.013
FD10684	256.500 	 25.742 	 227.231
FD10684	256.625 	 25.974 	 228.716
FD10684	256.750 	 25.464 	 228.011
FD10684	256.875 	 26.248 	 227.937
FD10684	257.000 	 25.467 	 228.011
FD10684	257.125 	 25.974 	 228.716
FD10684	257.250 	 25.742 	 227.231
FD10684	257.375 	 25.663 	 228.013
FD10684	257.500 	 26.048 	 227.935
FD10684	257.625 	 25.664 	 228.014
FD10684	257.750 	 25.772 	 228.715
FD10684	257.875 	 25.944 	 227.231
FD10684	258.000 	 25.464 	 228.013
FD10684	258.125 	 26.248 	 227.935
FD10684	258.250 	 25.467 	 228.014
FD10684	258.375 	 25.974 	 228.715
FD10684	258.500 	 25.741 	 227.231
FD10684	258.625 	 25.974 	 228.715
FD10684	258.750 	 25.744 	 227.231
FD10684	258.875 	 25.664 	 228.012
FD10684	259.000 	 25.772 	 228.716
FD10684	259.125 	 25.943 	 227.230
FD10684	259.250 	 25.772 	 228.716
FD10684	259.375 	 25.944 	 227.231
FD10684	259.500 	 25.467 	 228.013
FD10684	259.625 	 25.974 	 228.715
FD10684	259.750 	 25.741 	 227.231
FD10684	259.875 	 25.776 	 228.715
FD10684	260.000 	 25.943 	 227.233
FD10684	260.125 	 25.773 	 228.715
FD10684	260.250 	 25.663 	 228.013
FD10684	260.375 	 25.742 	 227.231
FD10684	260.500 	 25.973 	 228.715
FD10684	260.625 	 25.467 	 228.014
FD10684	260.750 	 26.248 	 227.935
FD10684	260.875 	 25.464 	 228.013
FD10684	261.000 	 25.944 	 227.231
FD10684	261.125 	 25.775 	 228.716
FD10684	261.250 	 25.664 	 228.011
FD10684	261.375 	 26.045 	 227.937
FD10684	261.500 	 25.664 	 228.011
FD10684	261.625 	 26.045 	 227.935
FD10684	261.750 	 25.664 	 228.014
FD10684	261.875 	 25.467 	 228.013
FD10684	262.000 	 26.248 	 227.935
FD10684	262.125 	 25.464 	 228.014
FD10684	262.250 	 26.248 	 227.934
FD10684	262.375 	 25.467 	 228.014
FD10684	262.500 	 25.664 	 228.011
FD10684	262.625 	 26.042 	 227.937
FD10684	262.750 	 25.664 	 228.012
FD10684	262.875 	 26.051 	 227.937
FD10684	263.000 	 25.664 	 228.011
FD10684	263.125 	 25.772 	 228.716
FD10684	263.250 	 25.943 	 227.230
FD10684	263.375 	 25.464 	 228.014
FD10684	263.500 	 26.248 	 227.935
FD10684	263.625 	 25.464 	 228.013
FD10684	263.750 	 25.974 	 228.716
FD10684	263.875 	 25.742 	 227.231
FD10684	264.000 	 25.973 	 228.713
FD10684	264.125 	 25.470 	 228.014
FD10684	264.250 	 25.943 	 227.230
FD10684	264.375 	 25.772 	 228.716
FD10684	264.500 	 25.944 	 227.231
FD10684	264.625 	 25.772 	 228.716
FD10684	264.750 	 25.663 	 228.013
FD10684	264.875 	 25.742 	 227.231
FD10684	265.000 	 25.778 	 228.715
FD10684	265.125 	 25.938 	 227.231
FD10684	265.250 	 25.778 	 228.716
FD10684	265.375 	 25.664 	 228.011
FD10684	265.500 	 26.045 	 227.937
FD10684	265.625 	 25.664 	 228.012
FD10684	265.750 	 25.741 	 227.231
FD10684	265.875 	 25.974 	 228.715
FD10684	266.000 	 25.464 	 228.013
FD10684	266.125 	 26.248 	 227.935
FD10684	266.250 	 25.470 	 228.014
FD10684	266.375 	 25.937 	 227.230
FD10684	266.500 	 25.778 	 228.716
FD10684	266.625 	 25.664 	 228.012
FD10684	266.750 	 26.044 	 227.936
FD10684	266.875 	 25.664 	 228.012
FD10684	267.000 	 25.772 	 228.716
FD10684	267.125 	 25.943 	 227.230
FD10684	267.250 	 25.464 	 228.014
FD10684	267.375 	 26.248 	 227.935
FD10684	267.500 	 25.470 	 228.013
FD10684	267.625 	 25.967 	 228.716
FD10684	267.750 	 25.748 	 227.230
FD10684	267.875 	 25.664 	 228.014
FD10684	268.000 	 26.045 	 227.935
FD10684	268.125 	 25.663 	 228.013
FD10684	268.250 	 25.773 	 228.715
FD10684	268.375 	 25.943 	 227.233
FD10684	268.500 	 25.772 	 228.713
FD10684	268.625 	 25.943 	 227.233
FD10684	268.750 	 25.470 	 228.011
FD10684	268.875 	 25.967 	 228.716
FD10684	269.000 	 25.749 	 227.231
FD10684	269.125 	 25.974 	 228.716
FD10684	269.250 	 25.742 	 227.230
FD10684	269.375 	 25.664 	 228.014
FD10684	269.500 	 25.772 	 228.713
FD10684	269.625 	 25.943 	 227.233
FD10684	269.750 	 25.773 	 228.715
FD10684	269.875 	 25.943 	 227.231
FD10684	270.000 	 25.779 	 228.715
FD10684	270.125 	 29.478 	 228.290
FD10684	270.250 	 29.215 	 228.991
FD10684	270.375 	 29.707 	 228.289
FD10684	270.500 	 29.478 	 228.289
FD10684	270.625 	 29.485 	 228.290
FD10684	270.750 	 29.479 	 228.290
FD10684	270.875 	 29.442 	 228.990
FD10684	271.000 	 29.478 	 228.289
FD10684	271.125 	 29.485 	 228.290
FD10684	271.250 	 29.777 	 228.901
FD10684	271.375 	 29.478 	 228.289
FD10684	271.500 	 29.441 	 228.991
FD10684	271.625 	 29.486 	 228.290
FD10684	271.750 	 29.478 	 228.289
FD10684	271.875 	 29.478 	 228.289
FD10684	272.000 	 29.214 	 228.991
FD10684	272.125 	 29.707 	 228.290
FD10684	272.250 	 29.485 	 228.289
FD10684	272.375 	 29.478 	 228.289
FD10684	272.500 	 29.478 	 228.289
FD10684	272.625 	 29.746 	 229.601
FD10684	272.750 	 29.486 	 228.290
FD10684	272.875 	 29.478 	 228.288
FD10684	273.000 	 29.479 	 228.290
FD10684	273.125 	 29.220 	 228.990
FD10684	273.250 	 29.707 	 228.290
FD10684	273.375 	 29.479 	 228.290
FD10684	273.500 	 29.478 	 228.288
FD10684	273.625 	 29.478 	 228.291
FD10684	273.750 	 29.449 	 228.991
FD10684	273.875 	 29.775 	 228.898
FD10684	274.000 	 29.478 	 228.291
FD10684	274.125 	 29.479 	 228.290
FD10684	274.250 	 29.221 	 228.989
FD10684	274.375 	 29.707 	 228.290
FD10684	274.500 	 29.477 	 228.289
FD10684	274.625 	 29.479 	 228.290
FD10684	274.750 	 29.486 	 228.290
FD10684	274.875 	 29.214 	 228.989
FD10684	275.000 	 29.707 	 228.291
FD10684	275.125 	 29.479 	 228.290
FD10684	275.250 	 29.782 	 228.898
FD10684	275.375 	 29.479 	 228.290
FD10684	275.500 	 29.442 	 228.992
FD10684	275.625 	 29.478 	 228.288
FD10684	275.750 	 29.479 	 228.290
FD10684	275.875 	 29.485 	 228.288
FD10684	276.000 	 29.215 	 228.992
FD10684	276.125 	 29.707 	 228.290
FD10684	276.250 	 29.478 	 228.288
FD10684	276.375 	 29.486 	 228.290
FD10684	276.500 	 29.479 	 228.290
FD10684	276.625 	 29.744 	 229.599
FD10684	276.750 	 29.479 	 228.290
FD10684	276.875 	 29.485 	 228.291
FD10684	277.000 	 29.478 	 228.288
FD10684	277.125 	 29.215 	 228.991
FD10684	277.250 	 29.706 	 228.288
FD10684	277.375 	 29.479 	 228.290
FD10684	277.500 	 29.486 	 228.290
FD10684	277.625 	 29.478 	 228.288
FD10684	277.750 	 29.441 	 228.994
FD10684	277.875 	 29.777 	 228.901
FD10684	278.000 	 29.485 	 228.288
FD10684	278.125 	 29.479 	 228.290
FD10684	278.250 	 29.215 	 228.991
FD10684	278.375 	 29.706 	 228.288
FD10684	278.500 	 29.486 	 228.290
FD10684	278.625 	 29.478 	 228.288
FD10684	278.750 	 29.478 	 228.293
FD10684	278.875 	 29.215 	 228.991
FD10684	279.000 	 29.713 	 228.288
FD10684	279.125 	 29.479 	 228.290
FD10684	279.250 	 29.777 	 228.901
FD10684	279.375 	 29.214 	 228.989
FD10684	279.500 	 29.707 	 228.290
FD10684	279.625 	 29.485 	 228.293
FD10684	279.750 	 29.478 	 228.288
FD10684	279.875 	 29.479 	 228.290
FD10684	280.000 	 29.221 	 228.989
FD10684	280.125 	 29.707 	 228.290
FD10684	280.250 	 29.479 	 228.290
FD10684	280.375 	 29.478 	 228.288
FD10684	280.500 	 29.783 	 228.901
FD10684	280.625 	 29.214 	 228.994
FD10684	280.750 	 29.706 	 228.288
FD10684	280.875 	 29.479 	 228.290
FD10684	281.000 	 29.479 	 228.290
FD10684	281.125 	 29.221 	 228.989
FD10684	281.250 	 29.707 	 228.290
FD10684	281.375 	 29.478 	 228.288
FD10684	281.500 	 29.479 	 228.290
FD10684	281.625 	 29.486 	 228.290
FD10684	281.750 	 29.213 	 228.992
FD10684	281.875 	 30.006 	 228.901
FD10684	282.000 	 29.479 	 228.290
FD10684	282.125 	 29.485 	 228.288
FD10684	282.250 	 29.215 	 228.991
FD10684	282.375 	 29.707 	 228.290
FD10684	282.500 	 29.478 	 228.288
FD10684	282.625 	 29.478 	 228.293
FD10684	282.750 	 29.486 	 228.290
FD10684	282.875 	 29.214 	 228.989
FD10684	283.000 	 29.707 	 228.290
FD10684	283.125 	 29.777 	 228.901
FD10684	283.250 	 29.485 	 228.288
FD10684	283.375 	 29.215 	 228.991
FD10684	283.500 	 29.706 	 228.288
FD10684	283.625 	 29.478 	 228.293
FD10684	283.750 	 29.486 	 228.290
FD10684	283.875 	 29.478 	 228.288
FD10684	284.000 	 29.215 	 228.991
FD10684	284.125 	 29.707 	 228.290
FD10684	284.250 	 29.485 	 228.288
FD10684	284.375 	 29.479 	 228.290
FD10684	284.500 	 29.777 	 228.901
FD10684	284.625 	 29.213 	 228.992
FD10684	284.750 	 29.707 	 228.290
FD10684	284.875 	 29.485 	 228.288
FD10684	285.000 	 29.479 	 228.290
FD10684	285.125 	 29.215 	 228.991
FD10684	285.250 	 29.706 	 228.288
FD10684	285.375 	 29.486 	 228.290
FD10684	285.500 	 29.479 	 228.290
FD10684	285.625 	 29.477 	 228.290
FD10684	285.750 	 29.222 	 228.991
FD10684	285.875 	 30.006 	 228.901
FD10684	286.000 	 29.478 	 228.288
FD10684	286.125 	 29.479 	 228.290
FD10684	286.250 	 29.214 	 228.989
FD10684	286.375 	 29.714 	 228.290
FD10684	286.500 	 29.478 	 228.293
FD10684	286.625 	 29.478 	 228.288
FD10684	286.750 	 29.479 	 228.290
FD10684	286.875 	 29.222 	 228.991
FD10684	287.000 	 29.706 	 228.288
FD10684	287.125 	 29.777 	 228.901
FD10684	287.250 	 29.479 	 228.290
FD10684	287.375 	 29.221 	 228.989
FD10684	287.500 	 29.478 	 228.293
FD10684	287.625 	 29.706 	 228.288
FD10684	287.750 	 29.479 	 228.290
FD10684	287.875 	 29.486 	 228.290
FD10684	288.000 	 29.214 	 228.989
FD10684	288.125 	 29.707 	 228.290
FD10684	288.250 	 29.479 	 228.290
FD10684	288.375 	 29.478 	 228.288
FD10684	288.500 	 29.783 	 228.901
FD10684	288.625 	 29.214 	 228.994
FD10684	288.750 	 29.706 	 228.288
FD10684	288.875 	 29.479 	 228.290
FD10684	289.000 	 29.485 	 228.288
FD10684	289.125 	 29.215 	 228.991
FD10684	289.250 	 29.707 	 228.290
FD10684	289.375 	 29.478 	 228.288
FD10684	289.500 	 29.485 	 228.293
FD10684	289.625 	 29.479 	 228.290
FD10684	289.750 	 29.516 	 229.598
FD10684	289.875 	 29.707 	 228.290
FD10684	290.000 	 29.479 	 228.290
FD10684	290.125 	 29.485 	 228.288
FD10684	290.250 	 29.215 	 228.991
FD10684	290.375 	 29.705 	 228.290
FD10684	290.500 	 29.479 	 228.290
FD10684	290.625 	 29.486 	 228.290
FD10684	290.750 	 29.478 	 228.288
FD10684	290.875 	 29.215 	 228.991
FD10684	291.000 	 29.707 	 228.290
FD10684	291.125 	 29.782 	 228.898
FD10684	291.250 	 29.479 	 228.290
FD10684	291.375 	 29.214 	 228.994
FD10684	291.500 	 29.478 	 228.288
FD10684	291.625 	 29.714 	 228.290
FD10684	291.750 	 29.478 	 228.288
FD10684	291.875 	 29.479 	 228.290
FD10684	292.000 	 29.215 	 228.991
FD10684	292.125 	 29.706 	 228.288
FD10684	292.250 	 29.486 	 228.290
FD10684	292.375 	 29.777 	 228.901
FD10684	292.500 	 29.477 	 228.290
FD10684	292.625 	 29.222 	 228.991
FD10684	292.750 	 29.707 	 228.290
FD10684	292.875 	 29.478 	 228.288
FD10684	293.000 	 29.479 	 228.290
FD10684	293.125 	 29.221 	 228.989
FD10684	293.250 	 29.707 	 228.290
FD10684	293.375 	 29.478 	 228.293
FD10684	293.500 	 29.478 	 228.288
FD10684	293.625 	 29.479 	 228.290
FD10684	293.750 	 29.524 	 229.600
FD10684	293.875 	 29.706 	 228.288
FD10684	294.000 	 29.479 	 228.290
FD10684	294.125 	 29.479 	 228.290
FD10684	294.250 	 29.221 	 228.989
FD10684	294.375 	 29.478 	 228.293
FD10684	294.500 	 29.706 	 228.288
FD10684	294.625 	 29.479 	 228.290
FD10684	294.750 	 29.486 	 228.290
FD10684	294.875 	 29.214 	 228.989
FD10684	295.000 	 29.707 	 228.290
FD10684	295.125 	 29.777 	 228.901
FD10684	295.250 	 29.478 	 228.288
FD10684	295.375 	 29.221 	 228.994
FD10684	295.500 	 29.479 	 228.290
FD10684	295.625 	 29.706 	 228.288
FD10684	295.750 	 29.479 	 228.290
FD10684	295.875 	 29.485 	 228.288
FD10684	296.000 	 29.215 	 228.991
FD10684	296.125 	 29.707 	 228.290
FD10684	296.250 	 29.478 	 228.288
FD10684	296.375 	 29.783 	 228.903
FD10684	296.500 	 29.215 	 228.991
FD10684	296.625 	 29.478 	 228.288
FD10684	296.750 	 29.707 	 228.290
FD10684	296.875 	 29.486 	 228.290
FD10684	297.000 	 29.478 	 228.288
FD10684	297.125 	 29.215 	 228.991
FD10684	297.250 	 29.705 	 228.290
FD10684	297.375 	 29.479 	 228.290
FD10684	297.500 	 29.486 	 228.290
FD10684	297.625 	 29.478 	 228.288
FD10684	297.750 	 29.518 	 229.600
FD10684	297.875 	 29.707 	 228.290
FD10684	298.000 	 29.485 	 228.288
FD10684	298.125 	 29.479 	 228.290
FD10684	298.250 	 29.214 	 228.994
FD10684	298.375 	 29.485 	 228.288
FD10684	298.500 	 29.707 	 228.290
FD10684	298.625 	 29.478 	 228.288
FD10684	298.750 	 29.479 	 228.290
FD10684	298.875 	 29.215 	 228.991
FD10684	299.000 	 30.005 	 228.898
FD10684	299.125 	 29.486 	 228.290
FD10684	299.250 	 29.479 	 228.290
FD10684	299.375 	 29.213 	 228.992
FD10684	299.500 	 29.486 	 228.290
FD10684	299.625 	 29.707 	 228.290
FD10684	299.750 	 29.478 	 228.288
FD10684	299.875 	 29.479 	 228.290
FD10684	300.000 	 29.221 	 228.989
FD10684	300.125 	 31.317 	 227.491
FD10684	300.250 	 31.565 	 227.491
FD10684	300.375 	 31.325 	 227.488
FD10684	300.500 	 31.324 	 227.491
FD10684	300.625 	 31.317 	 227.491
FD10684	300.750 	 31.325 	 227.488
FD10684	300.875 	 31.007 	 227.546
FD10684	301.000 	 31.324 	 227.491
FD10684	301.125 	 31.325 	 227.488
FD10684	301.250 	 31.315 	 227.488
FD10684	301.375 	 31.324 	 227.491
FD10684	301.500 	 31.566 	 227.488
FD10684	301.625 	 31.324 	 227.491
FD10684	301.750 	 31.317 	 227.491
FD10684	301.875 	 30.769 	 227.546
FD10684	302.000 	 31.325 	 227.488
FD10684	302.125 	 31.565 	 227.491
FD10684	302.250 	 31.317 	 227.491
FD10684	302.375 	 31.325 	 227.488
FD10684	302.500 	 31.323 	 227.488
FD10684	302.625 	 31.324 	 227.491
FD10684	302.750 	 31.566 	 227.488
FD10684	302.875 	 30.762 	 227.546
FD10684	303.000 	 31.324 	 227.491
FD10684	303.125 	 31.325 	 227.488
FD10684	303.250 	 31.324 	 227.491
FD10684	303.375 	 31.324 	 227.491
FD10684	303.500 	 31.559 	 227.488
FD10684	303.625 	 31.324 	 227.491
FD10684	303.750 	 31.323 	 227.488
FD10684	303.875 	 30.769 	 227.546
FD10684	304.000 	 31.325 	 227.488
FD10684	304.125 	 31.558 	 227.491
FD10684	304.250 	 31.325 	 227.488
FD10684	304.375 	 31.324 	 227.491
FD10684	304.500 	 31.324 	 227.491
FD10684	304.625 	 31.318 	 227.488
FD10684	304.750 	 31.565 	 227.491
FD10684	304.875 	 31.060 	 228.143
FD10684	305.000 	 31.036 	 226.890
FD10684	305.125 	 31.318 	 227.488
FD10684	305.250 	 31.324 	 227.491
FD10684	305.375 	 31.565 	 227.491
FD10684	305.500 	 31.325 	 227.488
FD10684	305.625 	 31.324 	 227.491
FD10684	305.750 	 31.054 	 228.146
FD10684	305.875 	 31.325 	 227.488
FD10684	306.000 	 31.275 	 226.887
FD10684	306.125 	 31.324 	 227.491
FD10684	306.250 	 31.318 	 227.488
FD10684	306.375 	 31.324 	 227.491
FD10684	306.500 	 31.324 	 227.491
FD10684	306.625 	 31.566 	 227.488
FD10684	306.750 	 31.061 	 228.146
FD10684	306.875 	 31.317 	 227.491
FD10684	307.000 	 31.036 	 226.890
FD10684	307.125 	 31.324 	 227.486
FD10684	307.250 	 31.324 	 227.491
FD10684	307.375 	 31.558 	 227.491
FD10684	307.500 	 31.325 	 227.488
FD10684	307.625 	 31.324 	 227.491
FD10684	307.750 	 31.061 	 228.146
FD10684	307.875 	 31.325 	 227.488
FD10684	308.000 	 31.269 	 226.890
FD10684	308.125 	 31.324 	 227.491
FD10684	308.250 	 31.325 	 227.488
FD10684	308.375 	 31.323 	 227.488
FD10684	308.500 	 31.324 	 227.491
FD10684	308.625 	 31.559 	 227.488
FD10684	308.750 	 31.061 	 228.146
FD10684	308.875 	 31.324 	 227.491
FD10684	309.000 	 31.037 	 226.887
FD10684	309.125 	 31.317 	 227.491
FD10684	309.250 	 31.565 	 227.491
FD10684	309.375 	 31.325 	 227.488
FD10684	309.500 	 31.324 	 227.491
FD10684	309.625 	 31.323 	 227.488
FD10684	309.750 	 31.054 	 228.146
FD10684	309.875 	 31.566 	 227.488
FD10684	310.000 	 31.324 	 227.491
FD10684	310.125 	 31.036 	 226.890
FD10684	310.250 	 31.318 	 227.488
FD10684	310.375 	 31.324 	 227.491
FD10684	310.500 	 31.324 	 227.491
FD10684	310.625 	 31.302 	 228.143
FD10684	310.750 	 31.315 	 227.488
FD10684	310.875 	 31.324 	 227.491
FD10684	311.000 	 31.325 	 227.488
FD10684	311.125 	 31.036 	 226.890
FD10684	311.250 	 31.565 	 227.491
FD10684	311.375 	 31.318 	 227.488
FD10684	311.500 	 31.324 	 227.491
FD10684	311.625 	 31.061 	 228.146
FD10684	311.750 	 31.325 	 227.488
FD10684	311.875 	 31.558 	 227.491
FD10684	312.000 	 31.323 	 227.488
FD10684	312.125 	 31.037 	 226.887
FD10684	312.250 	 31.324 	 227.491
FD10684	312.375 	 31.324 	 227.491
FD10684	312.500 	 31.559 	 227.488
FD10684	312.625 	 31.061 	 228.146
FD10684	312.750 	 31.324 	 227.491
FD10684	312.875 	 31.324 	 227.491
FD10684	313.000 	 31.325 	 227.488
FD10684	313.125 	 31.268 	 226.887
FD10684	313.250 	 31.324 	 227.491
FD10684	313.375 	 31.325 	 227.488
FD10684	313.500 	 31.324 	 227.491
FD10684	313.625 	 31.061 	 228.146
FD10684	313.750 	 31.559 	 227.488
FD10684	313.875 	 31.324 	 227.491
FD10684	314.000 	 31.324 	 227.491
FD10684	314.125 	 31.037 	 226.887
FD10684	314.250 	 31.315 	 227.488
FD10684	314.375 	 31.324 	 227.491
FD10684	314.500 	 31.566 	 227.488
FD10684	314.625 	 31.061 	 228.146
FD10684	314.750 	 31.317 	 227.491
FD10684	314.875 	 31.324 	 227.491
FD10684	315.000 	 31.325 	 227.488
FD10684	315.125 	 31.565 	 227.491
FD10684	315.250 	 31.036 	 226.890
FD10684	315.375 	 31.318 	 227.488
FD10684	315.500 	 31.060 	 228.143
FD10684	315.625 	 31.324 	 227.491
FD10684	315.750 	 31.566 	 227.488
FD10684	315.875 	 31.317 	 227.491
FD10684	316.000 	 31.324 	 227.491
FD10684	316.125 	 31.325 	 227.488
FD10684	316.250 	 31.036 	 226.890
FD10684	316.375 	 31.558 	 227.491
FD10684	316.500 	 31.062 	 228.143
FD10684	316.625 	 31.323 	 227.488
FD10684	316.750 	 31.324 	 227.491
FD10684	316.875 	 31.325 	 227.488
FD10684	317.000 	 31.558 	 227.491
FD10684	317.125 	 31.324 	 227.491
FD10684	317.250 	 31.037 	 226.887
FD10684	317.375 	 31.324 	 227.491
FD10684	317.500 	 31.061 	 228.146
FD10684	317.625 	 31.558 	 227.491
FD10684	317.750 	 31.325 	 227.488
FD10684	317.875 	 31.323 	 227.488
FD10684	318.000 	 31.324 	 227.491
FD10684	318.125 	 31.325 	 227.488
FD10684	318.250 	 31.029 	 226.890
FD10684	318.375 	 31.565 	 227.491
FD10684	318.500 	 31.062 	 228.143
FD10684	318.625 	 31.324 	 227.491
FD10684	318.750 	 31.317 	 227.491
FD10684	318.875 	 31.325 	 227.488
FD10684	319.000 	 31.565 	 227.491
FD10684	319.125 	 31.323 	 227.488
FD10684	319.250 	 31.037 	 226.887
FD10684	319.375 	 31.317 	 227.491
FD10684	319.500 	 31.061 	 228.146
FD10684	319.625 	 31.566 	 227.488
FD10684	319.750 	 31.324 	 227.491
FD10684	319.875 	 31.317 	 227.491
FD10684	320.000 	 31.325 	 227.488
FD10684	320.125 	 31.324 	 227.491
FD10684	320.250 	 31.275 	 226.887
FD10684	320.375 	 31.318 	 227.488
FD10684	320.500 	 31.061 	 228.146
FD10684	320.625 	 31.324 	 227.491
FD10684	320.750 	 31.324 	 227.491
FD10684	320.875 	 31.325 	 227.488
FD10684	321.000 	 31.558 	 227.491
FD10684	321.125 	 31.324 	 227.491
FD10684	321.250 	 31.325 	 227.488
FD10684	321.375 	 30.768 	 227.544
FD10684	321.500 	 31.324 	 227.491
FD10684	321.625 	 31.559 	 227.488
FD10684	321.750 	 31.324 	 227.491
FD10684	321.875 	 31.324 	 227.491
FD10684	322.000 	 31.325 	 227.488
FD10684	322.125 	 31.324 	 227.491
FD10684	322.250 	 31.558 	 227.491
FD10684	322.375 	 30.769 	 227.546
FD10684	322.500 	 31.324 	 227.486
FD10684	322.625 	 31.324 	 227.491
FD10684	322.750 	 31.317 	 227.491
FD10684	322.875 	 31.566 	 227.488
FD10684	323.000 	 31.324 	 227.491
FD10684	323.125 	 31.325 	 227.488
FD10684	323.250 	 31.317 	 227.491
FD10684	323.375 	 30.769 	 227.546
FD10684	323.500 	 31.565 	 227.491
FD10684	323.625 	 31.325 	 227.488
FD10684	323.750 	 31.323 	 227.488
FD10684	323.875 	 31.317 	 227.491
FD10684	324.000 	 31.325 	 227.488
FD10684	324.125 	 31.565 	 227.491
FD10684	324.250 	 31.324 	 227.491
FD10684	324.375 	 30.763 	 227.543
FD10684	324.500 	 31.324 	 227.491
FD10684	324.625 	 31.324 	 227.491
FD10684	324.750 	 31.325 	 227.488
FD10684	324.875 	 31.558 	 227.491
FD10684	325.000 	 31.323 	 227.488
FD10684	325.125 	 31.325 	 227.488
FD10684	325.250 	 31.324 	 227.491
FD10684	325.375 	 30.769 	 227.546
FD10684	325.500 	 31.558 	 227.491
FD10684	325.625 	 31.325 	 227.488
FD10684	325.750 	 31.324 	 227.491
FD10684	325.875 	 31.324 	 227.491
FD10684	326.000 	 31.325 	 227.488
FD10684	326.125 	 31.557 	 227.488
FD10684	326.250 	 31.061 	 228.146
FD10684	326.375 	 31.325 	 227.488
FD10684	326.500 	 31.036 	 226.890
FD10684	326.625 	 31.324 	 227.491
FD10684	326.750 	 31.559 	 227.488
FD10684	326.875 	 31.324 	 227.491
FD10684	327.000 	 31.324 	 227.491
FD10684	327.125 	 31.325 	 227.488
FD10684	327.250 	 31.054 	 228.146
FD10684	327.375 	 31.564 	 227.488
FD10684	327.500 	 31.037 	 226.887
FD10684	327.625 	 31.324 	 227.491
FD10684	327.750 	 31.324 	 227.491
FD10684	327.875 	 31.318 	 227.488
FD10684	328.000 	 31.565 	 227.491
FD10684	328.125 	 31.324 	 227.491
FD10684	328.250 	 31.061 	 228.146
FD10684	328.375 	 31.318 	 227.488
FD10684	328.500 	 31.035 	 226.887
FD10684	328.625 	 31.324 	 227.491
FD10684	328.750 	 31.566 	 227.488
FD10684	328.875 	 31.317 	 227.491
FD10684	329.000 	 31.324 	 227.491
FD10684	329.125 	 31.325 	 227.488
FD10684	329.250 	 31.061 	 228.146
FD10684	329.375 	 31.565 	 227.491
FD10684	329.500 	 31.030 	 226.887
FD10684	329.625 	 31.323 	 227.488
FD10684	329.750 	 31.324 	 227.491
FD10684	329.875 	 31.325 	 227.488
FD10684	330.000 	 31.558 	 227.491
FD10684	330.125 	 31.306 	 226.247
FD10684	330.250 	 31.325 	 227.488
FD10684	330.375 	 31.547 	 226.247
FD10684	330.500 	 31.298 	 226.242
FD10684	330.625 	 31.589 	 226.849
FD10684	330.750 	 31.548 	 226.245
FD10684	330.875 	 31.306 	 226.247
FD10684	331.000 	 31.541 	 226.245
FD10684	331.125 	 31.589 	 226.849
FD10684	331.250 	 31.306 	 226.242
FD10684	331.375 	 31.276 	 226.890
FD10684	331.500 	 31.581 	 226.849
FD10684	331.625 	 31.307 	 226.245
FD10684	331.750 	 31.547 	 226.247
FD10684	331.875 	 31.589 	 226.844
FD10684	332.000 	 31.299 	 226.247
FD10684	332.125 	 31.548 	 226.245
FD10684	332.250 	 31.589 	 226.849
FD10684	332.375 	 31.307 	 226.245
FD10684	332.500 	 31.538 	 226.245
FD10684	332.625 	 31.037 	 226.887
FD10684	332.750 	 31.831 	 226.849
FD10684	332.875 	 31.307 	 226.245
FD10684	333.000 	 31.299 	 226.247
FD10684	333.125 	 31.832 	 226.847
FD10684	333.250 	 31.305 	 226.245
FD10684	333.375 	 31.307 	 226.245
FD10684	333.500 	 31.823 	 226.849
FD10684	333.625 	 31.306 	 226.247
FD10684	333.750 	 31.037 	 226.887
FD10684	333.875 	 31.822 	 226.847
FD10684	334.000 	 31.307 	 226.245
FD10684	334.125 	 31.547 	 226.247
FD10684	334.250 	 31.307 	 226.245
FD10684	334.375 	 31.581 	 226.849
FD10684	334.500 	 31.547 	 226.242
FD10684	334.625 	 31.306 	 226.247
FD10684	334.750 	 31.590 	 226.847
FD10684	334.875 	 31.269 	 226.890
FD10684	335.000 	 31.306 	 226.247
FD10684	335.125 	 31.590 	 226.847
FD10684	335.250 	 31.546 	 226.245
FD10684	335.375 	 31.300 	 226.245
FD10684	335.500 	 31.831 	 226.849
FD10684	335.625 	 31.307 	 226.245
FD10684	335.750 	 31.306 	 226.247
FD10684	335.875 	 31.539 	 226.242
FD10684	336.000 	 31.589 	 226.849
FD10684	336.125 	 31.037 	 226.887
FD10684	336.250 	 31.540 	 226.247
FD10684	336.375 	 31.590 	 226.847
FD10684	336.500 	 31.305 	 226.245
FD10684	336.625 	 31.548 	 226.245
FD10684	336.750 	 31.589 	 226.849
FD10684	336.875 	 31.541 	 226.245
FD10684	337.000 	 31.306 	 226.247
FD10684	337.125 	 31.589 	 226.849
FD10684	337.250 	 31.269 	 226.885
FD10684	337.375 	 31.306 	 226.247
FD10684	337.500 	 31.307 	 226.245
FD10684	337.625 	 31.831 	 226.849
FD10684	337.750 	 31.300 	 226.245
FD10684	337.875 	 31.546 	 226.245
FD10684	338.000 	 31.590 	 226.847
FD10684	338.125 	 31.306 	 226.247
FD10684	338.250 	 31.541 	 226.245
FD10684	338.375 	 31.589 	 226.849
FD10684	338.500 	 31.035 	 226.887
FD10684	338.625 	 31.541 	 226.245
FD10684	338.750 	 31.589 	 226.849
FD10684	338.875 	 31.307 	 226.245
FD10684	339.000 	 31.547 	 226.247
FD10684	339.125 	 31.306 	 226.242
FD10684	339.250 	 31.823 	 226.849
FD10684	339.375 	 31.307 	 226.245
FD10684	339.500 	 31.306 	 226.247
FD10684	339.625 	 31.559 	 227.488
FD10684	339.750 	 31.306 	 226.247
FD10684	339.875 	 31.306 	 226.242
FD10684	340.000 	 31.831 	 226.849
FD10684	340.125 	 31.300 	 226.245
FD10684	340.250 	 31.306 	 226.247
FD10684	340.375 	 31.832 	 226.847
FD10684	340.500 	 31.305 	 226.245
FD10684	340.625 	 31.540 	 226.247
FD10684	340.750 	 31.037 	 226.887
FD10684	340.875 	 31.589 	 226.849
FD10684	341.000 	 31.548 	 226.245
FD10684	341.125 	 31.297 	 226.245
FD10684	341.250 	 31.590 	 226.847
FD10684	341.375 	 31.547 	 226.247
FD10684	341.500 	 31.307 	 226.245
FD10684	341.625 	 31.581 	 226.849
FD10684	341.750 	 31.548 	 226.245
FD10684	341.875 	 31.305 	 226.245
FD10684	342.000 	 31.324 	 227.491
