#WellName	 Depth.M	 INCL	 AZIM 
WellName	 Depth.M	 INCL	 AZIM 
FD10882	0.000 	 0.000 	 0.000
FD10882	0.125 	 0.000 	 90.000
FD10882	0.250 	 0.000 	 90.000
FD10882	0.375 	 0.000 	 90.000
FD10882	0.500 	 0.000 	 90.000
FD10882	0.625 	 0.000 	 90.000
FD10882	0.750 	 0.000 	 90.000
FD10882	0.875 	 0.000 	 90.000
FD10882	1.000 	 0.000 	 90.000
FD10882	1.125 	 0.000 	 90.000
FD10882	1.250 	 0.000 	 90.000
FD10882	1.375 	 0.000 	 90.000
FD10882	1.500 	 0.000 	 90.000
FD10882	1.625 	 0.000 	 90.000
FD10882	1.750 	 0.000 	 90.000
FD10882	1.875 	 0.000 	 90.000
FD10882	2.000 	 0.000 	 90.000
FD10882	2.125 	 0.000 	 90.000
FD10882	2.250 	 0.000 	 90.000
FD10882	2.375 	 0.000 	 90.000
FD10882	2.500 	 0.000 	 90.000
FD10882	2.625 	 0.000 	 90.000
FD10882	2.750 	 0.000 	 90.000
FD10882	2.875 	 0.000 	 90.000
FD10882	3.000 	 0.000 	 90.000
FD10882	3.125 	 0.000 	 90.000
FD10882	3.250 	 0.000 	 90.000
FD10882	3.375 	 0.000 	 90.000
FD10882	3.500 	 0.000 	 90.000
FD10882	3.625 	 0.000 	 90.000
FD10882	3.750 	 0.000 	 90.000
FD10882	3.875 	 0.000 	 90.000
FD10882	4.000 	 0.000 	 90.000
FD10882	4.125 	 0.000 	 90.000
FD10882	4.250 	 0.000 	 90.000
FD10882	4.375 	 0.000 	 90.000
FD10882	4.500 	 0.000 	 90.000
FD10882	4.625 	 0.000 	 90.000
FD10882	4.750 	 0.000 	 90.000
FD10882	4.875 	 0.000 	 90.000
FD10882	5.000 	 0.000 	 90.000
FD10882	5.125 	 0.000 	 90.000
FD10882	5.250 	 0.000 	 90.000
FD10882	5.375 	 0.000 	 90.000
FD10882	5.500 	 0.000 	 90.000
FD10882	5.625 	 0.000 	 90.000
FD10882	5.750 	 0.000 	 90.000
FD10882	5.875 	 0.000 	 90.000
FD10882	6.000 	 0.000 	 90.000
FD10882	6.125 	 0.000 	 90.000
FD10882	6.250 	 0.000 	 90.000
FD10882	6.375 	 0.000 	 90.000
FD10882	6.500 	 0.000 	 90.000
FD10882	6.625 	 0.000 	 90.000
FD10882	6.750 	 0.000 	 90.000
FD10882	6.875 	 0.000 	 90.000
FD10882	7.000 	 0.000 	 90.000
FD10882	7.125 	 0.000 	 90.000
FD10882	7.250 	 0.000 	 90.000
FD10882	7.375 	 0.000 	 90.000
FD10882	7.500 	 0.000 	 90.000
FD10882	7.625 	 0.000 	 90.000
FD10882	7.750 	 0.000 	 90.000
FD10882	7.875 	 0.000 	 90.000
FD10882	8.000 	 0.000 	 90.000
FD10882	8.125 	 0.000 	 90.000
FD10882	8.250 	 0.000 	 90.000
FD10882	8.375 	 0.000 	 90.000
FD10882	8.500 	 0.000 	 90.000
FD10882	8.625 	 0.000 	 90.000
FD10882	8.750 	 0.000 	 90.000
FD10882	8.875 	 0.000 	 90.000
FD10882	9.000 	 0.000 	 90.000
FD10882	9.125 	 0.000 	 90.000
FD10882	9.250 	 0.000 	 90.000
FD10882	9.375 	 0.000 	 90.000
FD10882	9.500 	 0.000 	 90.000
FD10882	9.625 	 0.000 	 90.000
FD10882	9.750 	 0.000 	 90.000
FD10882	9.875 	 0.000 	 90.000
FD10882	10.000 	 0.000 	 90.000
FD10882	10.125 	 0.000 	 90.000
FD10882	10.250 	 0.000 	 90.000
FD10882	10.375 	 0.000 	 90.000
FD10882	10.500 	 0.000 	 90.000
FD10882	10.625 	 0.000 	 90.000
FD10882	10.750 	 0.000 	 90.000
FD10882	10.875 	 0.000 	 90.000
FD10882	11.000 	 0.000 	 90.000
FD10882	11.125 	 0.000 	 90.000
FD10882	11.250 	 0.000 	 90.000
FD10882	11.375 	 0.000 	 90.000
FD10882	11.500 	 0.000 	 90.000
FD10882	11.625 	 0.000 	 90.000
FD10882	11.750 	 0.000 	 90.000
FD10882	11.875 	 0.000 	 90.000
FD10882	12.000 	 0.000 	 90.000
FD10882	12.125 	 0.000 	 90.000
FD10882	12.250 	 0.000 	 90.000
FD10882	12.375 	 0.000 	 90.000
FD10882	12.500 	 0.000 	 90.000
FD10882	12.625 	 0.000 	 90.000
FD10882	12.750 	 0.000 	 90.000
FD10882	12.875 	 0.000 	 90.000
FD10882	13.000 	 0.000 	 90.000
FD10882	13.125 	 0.000 	 90.000
FD10882	13.250 	 0.000 	 90.000
FD10882	13.375 	 0.000 	 90.000
FD10882	13.500 	 0.000 	 90.000
FD10882	13.625 	 0.000 	 90.000
FD10882	13.750 	 0.000 	 90.000
FD10882	13.875 	 0.000 	 90.000
FD10882	14.000 	 0.000 	 90.000
FD10882	14.125 	 0.000 	 90.000
FD10882	14.250 	 0.000 	 90.000
FD10882	14.375 	 0.000 	 90.000
FD10882	14.500 	 0.000 	 90.000
FD10882	14.625 	 0.000 	 90.000
FD10882	14.750 	 0.000 	 90.000
FD10882	14.875 	 0.000 	 90.000
FD10882	15.000 	 0.000 	 90.000
FD10882	15.125 	 0.000 	 90.000
FD10882	15.250 	 0.000 	 90.000
FD10882	15.375 	 0.000 	 90.000
FD10882	15.500 	 0.000 	 90.000
FD10882	15.625 	 0.000 	 90.000
FD10882	15.750 	 0.000 	 90.000
FD10882	15.875 	 0.000 	 90.000
FD10882	16.000 	 0.000 	 90.000
FD10882	16.125 	 0.000 	 90.000
FD10882	16.250 	 0.000 	 90.000
FD10882	16.375 	 0.000 	 90.000
FD10882	16.500 	 0.000 	 90.000
FD10882	16.625 	 0.000 	 90.000
FD10882	16.750 	 0.000 	 90.000
FD10882	16.875 	 0.000 	 90.000
FD10882	17.000 	 0.000 	 90.000
FD10882	17.125 	 0.000 	 90.000
FD10882	17.250 	 0.000 	 90.000
FD10882	17.375 	 0.000 	 90.000
FD10882	17.500 	 0.000 	 90.000
FD10882	17.625 	 0.000 	 90.000
FD10882	17.750 	 0.000 	 90.000
FD10882	17.875 	 0.000 	 90.000
FD10882	18.000 	 0.000 	 90.000
FD10882	18.125 	 0.000 	 90.000
FD10882	18.250 	 0.000 	 90.000
FD10882	18.375 	 0.000 	 90.000
FD10882	18.500 	 0.000 	 90.000
FD10882	18.625 	 0.000 	 90.000
FD10882	18.750 	 0.000 	 90.000
FD10882	18.875 	 0.000 	 90.000
FD10882	19.000 	 0.000 	 90.000
FD10882	19.125 	 0.000 	 90.000
FD10882	19.250 	 0.000 	 90.000
FD10882	19.375 	 0.000 	 90.000
FD10882	19.500 	 0.000 	 90.000
FD10882	19.625 	 0.000 	 90.000
FD10882	19.750 	 0.000 	 90.000
FD10882	19.875 	 0.000 	 90.000
FD10882	20.000 	 0.000 	 90.000
FD10882	20.125 	 0.000 	 90.000
FD10882	20.250 	 0.000 	 90.000
FD10882	20.375 	 0.000 	 90.000
FD10882	20.500 	 0.000 	 90.000
FD10882	20.625 	 0.000 	 90.000
FD10882	20.750 	 0.000 	 90.000
FD10882	20.875 	 0.000 	 90.000
FD10882	21.000 	 0.000 	 90.000
FD10882	21.125 	 0.000 	 90.000
FD10882	21.250 	 0.000 	 90.000
FD10882	21.375 	 0.000 	 90.000
FD10882	21.500 	 0.000 	 90.000
FD10882	21.625 	 0.000 	 90.000
FD10882	21.750 	 0.000 	 90.000
FD10882	21.875 	 0.000 	 90.000
FD10882	22.000 	 0.000 	 90.000
FD10882	22.125 	 0.000 	 90.000
FD10882	22.250 	 0.000 	 90.000
FD10882	22.375 	 0.000 	 90.000
FD10882	22.500 	 0.000 	 90.000
FD10882	22.625 	 0.000 	 90.000
FD10882	22.750 	 0.000 	 90.000
FD10882	22.875 	 0.000 	 90.000
FD10882	23.000 	 0.000 	 90.000
FD10882	23.125 	 0.000 	 90.000
FD10882	23.250 	 0.000 	 90.000
FD10882	23.375 	 0.000 	 90.000
FD10882	23.500 	 0.000 	 90.000
FD10882	23.625 	 0.000 	 90.000
FD10882	23.750 	 0.000 	 90.000
FD10882	23.875 	 0.000 	 90.000
FD10882	24.000 	 0.000 	 90.000
FD10882	24.125 	 0.000 	 90.000
FD10882	24.250 	 0.000 	 90.000
FD10882	24.375 	 0.000 	 90.000
FD10882	24.500 	 0.000 	 90.000
FD10882	24.625 	 0.000 	 90.000
FD10882	24.750 	 0.000 	 90.000
FD10882	24.875 	 0.000 	 90.000
FD10882	25.000 	 0.000 	 90.000
FD10882	25.125 	 0.000 	 90.000
FD10882	25.250 	 0.000 	 90.000
FD10882	25.375 	 0.000 	 90.000
FD10882	25.500 	 0.000 	 90.000
FD10882	25.625 	 0.000 	 90.000
FD10882	25.750 	 0.000 	 90.000
FD10882	25.875 	 0.000 	 90.000
FD10882	26.000 	 0.000 	 90.000
FD10882	26.125 	 0.000 	 90.000
FD10882	26.250 	 0.000 	 90.000
FD10882	26.375 	 0.000 	 90.000
FD10882	26.500 	 0.000 	 90.000
FD10882	26.625 	 0.000 	 90.000
FD10882	26.750 	 0.000 	 90.000
FD10882	26.875 	 0.000 	 90.000
FD10882	27.000 	 0.000 	 90.000
FD10882	27.125 	 0.000 	 90.000
FD10882	27.250 	 0.000 	 90.000
FD10882	27.375 	 0.000 	 90.000
FD10882	27.500 	 0.000 	 90.000
FD10882	27.625 	 0.000 	 90.000
FD10882	27.750 	 0.000 	 90.000
FD10882	27.875 	 0.000 	 90.000
FD10882	28.000 	 0.000 	 90.000
FD10882	28.125 	 0.000 	 90.000
FD10882	28.250 	 0.000 	 90.000
FD10882	28.375 	 0.000 	 90.000
FD10882	28.500 	 0.000 	 90.000
FD10882	28.625 	 0.000 	 90.000
FD10882	28.750 	 0.000 	 90.000
FD10882	28.875 	 0.000 	 90.000
FD10882	29.000 	 0.000 	 90.000
FD10882	29.125 	 0.000 	 90.000
FD10882	29.250 	 0.000 	 90.000
FD10882	29.375 	 0.000 	 90.000
FD10882	29.500 	 0.000 	 90.000
FD10882	29.625 	 0.000 	 90.000
FD10882	29.750 	 0.000 	 90.000
FD10882	29.875 	 0.000 	 90.000
FD10882	30.000 	 0.000 	 90.000
FD10882	30.125 	 0.000 	 90.000
FD10882	30.250 	 0.000 	 90.000
FD10882	30.375 	 0.000 	 90.000
FD10882	30.500 	 0.000 	 90.000
FD10882	30.625 	 0.000 	 90.000
FD10882	30.750 	 0.000 	 90.000
FD10882	30.875 	 0.000 	 90.000
FD10882	31.000 	 0.000 	 90.000
FD10882	31.125 	 0.000 	 90.000
FD10882	31.250 	 0.000 	 90.000
FD10882	31.375 	 0.000 	 90.000
FD10882	31.500 	 0.000 	 90.000
FD10882	31.625 	 0.000 	 90.000
FD10882	31.750 	 0.000 	 90.000
FD10882	31.875 	 0.000 	 90.000
FD10882	32.000 	 0.000 	 90.000
FD10882	32.125 	 0.000 	 90.000
FD10882	32.250 	 0.000 	 90.000
FD10882	32.375 	 0.000 	 90.000
FD10882	32.500 	 0.000 	 90.000
FD10882	32.625 	 0.000 	 90.000
FD10882	32.750 	 0.000 	 90.000
FD10882	32.875 	 0.000 	 90.000
FD10882	33.000 	 0.000 	 90.000
FD10882	33.125 	 0.000 	 90.000
FD10882	33.250 	 0.000 	 90.000
FD10882	33.375 	 0.000 	 90.000
FD10882	33.500 	 0.000 	 90.000
FD10882	33.625 	 0.000 	 90.000
FD10882	33.750 	 0.000 	 90.000
FD10882	33.875 	 0.000 	 90.000
FD10882	34.000 	 0.000 	 90.000
FD10882	34.125 	 0.000 	 90.000
FD10882	34.250 	 0.000 	 90.000
FD10882	34.375 	 0.000 	 90.000
FD10882	34.500 	 0.000 	 90.000
FD10882	34.625 	 0.000 	 90.000
FD10882	34.750 	 0.000 	 90.000
FD10882	34.875 	 0.000 	 90.000
FD10882	35.000 	 0.000 	 90.000
FD10882	35.125 	 0.000 	 90.000
FD10882	35.250 	 0.000 	 90.000
FD10882	35.375 	 0.000 	 90.000
FD10882	35.500 	 0.000 	 90.000
FD10882	35.625 	 0.000 	 90.000
FD10882	35.750 	 0.000 	 90.000
FD10882	35.875 	 0.000 	 90.000
FD10882	36.000 	 0.000 	 90.000
FD10882	36.125 	 0.000 	 90.000
FD10882	36.250 	 0.000 	 90.000
FD10882	36.375 	 0.000 	 90.000
FD10882	36.500 	 0.000 	 90.000
FD10882	36.625 	 0.000 	 90.000
FD10882	36.750 	 0.000 	 90.000
FD10882	36.875 	 0.000 	 90.000
FD10882	37.000 	 0.000 	 90.000
FD10882	37.125 	 0.000 	 90.000
FD10882	37.250 	 0.000 	 90.000
FD10882	37.375 	 0.000 	 90.000
FD10882	37.500 	 0.000 	 90.000
FD10882	37.625 	 0.000 	 90.000
FD10882	37.750 	 0.000 	 90.000
FD10882	37.875 	 0.000 	 90.000
FD10882	38.000 	 0.000 	 90.000
FD10882	38.125 	 0.000 	 90.000
FD10882	38.250 	 0.000 	 90.000
FD10882	38.375 	 0.000 	 90.000
FD10882	38.500 	 0.000 	 90.000
FD10882	38.625 	 0.000 	 90.000
FD10882	38.750 	 0.000 	 90.000
FD10882	38.875 	 0.000 	 90.000
FD10882	39.000 	 0.000 	 90.000
FD10882	39.125 	 0.000 	 90.000
FD10882	39.250 	 0.000 	 90.000
FD10882	39.375 	 0.000 	 90.000
FD10882	39.500 	 0.000 	 90.000
FD10882	39.625 	 0.000 	 90.000
FD10882	39.750 	 0.000 	 90.000
FD10882	39.875 	 0.000 	 90.000
FD10882	40.000 	 0.000 	 90.000
FD10882	40.125 	 0.378 	 273.125
FD10882	40.250 	 0.382 	 273.274
FD10882	40.375 	 0.386 	 273.471
FD10882	40.500 	 0.391 	 273.685
FD10882	40.625 	 0.395 	 273.447
FD10882	40.750 	 0.399 	 273.117
FD10882	40.875 	 0.403 	 272.758
FD10882	41.000 	 0.408 	 272.378
FD10882	41.125 	 0.412 	 272.120
FD10882	41.250 	 0.417 	 271.884
FD10882	41.375 	 0.421 	 272.255
FD10882	41.500 	 0.426 	 272.563
FD10882	41.625 	 0.430 	 272.203
FD10882	41.750 	 0.434 	 271.818
FD10882	41.875 	 0.439 	 271.714
FD10882	42.000 	 0.443 	 271.687
FD10882	42.125 	 0.448 	 271.689
FD10882	42.250 	 0.453 	 271.601
FD10882	42.375 	 0.457 	 271.335
FD10882	42.500 	 0.462 	 271.373
FD10882	42.625 	 0.467 	 271.371
FD10882	42.750 	 0.471 	 271.299
FD10882	42.875 	 0.476 	 271.225
FD10882	43.000 	 0.481 	 271.082
FD10882	43.125 	 0.485 	 270.931
FD10882	43.250 	 0.490 	 270.744
FD10882	43.375 	 0.495 	 270.925
FD10882	43.500 	 0.499 	 271.871
FD10882	43.625 	 0.503 	 272.483
FD10882	43.750 	 0.508 	 272.198
FD10882	43.875 	 0.512 	 272.604
FD10882	44.000 	 0.516 	 273.917
FD10882	44.125 	 0.520 	 275.026
FD10882	44.250 	 0.524 	 276.141
FD10882	44.375 	 0.528 	 277.493
FD10882	44.500 	 0.532 	 278.855
FD10882	44.625 	 0.535 	 280.000
FD10882	44.750 	 0.539 	 280.945
FD10882	44.875 	 0.543 	 281.810
FD10882	45.000 	 0.547 	 282.788
FD10882	45.125 	 0.550 	 283.373
FD10882	45.250 	 0.554 	 283.637
FD10882	45.375 	 0.558 	 284.227
FD10882	45.500 	 0.561 	 284.755
FD10882	45.625 	 0.564 	 285.197
FD10882	45.750 	 0.568 	 285.641
FD10882	45.875 	 0.571 	 286.064
FD10882	46.000 	 0.575 	 286.499
FD10882	46.125 	 0.578 	 286.894
FD10882	46.250 	 0.581 	 287.394
FD10882	46.375 	 0.583 	 288.125
FD10882	46.500 	 0.587 	 288.745
FD10882	46.625 	 0.590 	 288.959
FD10882	46.750 	 0.593 	 289.147
FD10882	46.875 	 0.597 	 289.539
FD10882	47.000 	 0.600 	 289.990
FD10882	47.125 	 0.603 	 290.435
FD10882	47.250 	 0.606 	 290.868
FD10882	47.375 	 0.609 	 291.292
FD10882	47.500 	 0.612 	 291.884
FD10882	47.625 	 0.615 	 292.799
FD10882	47.750 	 0.619 	 293.480
FD10882	47.875 	 0.623 	 294.113
FD10882	48.000 	 0.627 	 294.650
FD10882	48.125 	 0.630 	 294.768
FD10882	48.250 	 0.634 	 294.835
FD10882	48.375 	 0.638 	 294.810
FD10882	48.500 	 0.642 	 294.530
FD10882	48.625 	 0.646 	 294.079
FD10882	48.750 	 0.650 	 293.629
FD10882	48.875 	 0.655 	 293.719
FD10882	49.000 	 0.659 	 294.362
FD10882	49.125 	 0.663 	 295.129
FD10882	49.250 	 0.667 	 295.612
FD10882	49.375 	 0.672 	 295.596
FD10882	49.500 	 0.676 	 295.283
FD10882	49.625 	 0.681 	 294.777
FD10882	49.750 	 0.685 	 294.266
FD10882	49.875 	 0.691 	 293.750
FD10882	50.000 	 0.695 	 293.244
FD10882	50.125 	 0.700 	 292.736
FD10882	50.250 	 0.706 	 292.225
FD10882	50.375 	 0.711 	 291.720
FD10882	50.500 	 0.715 	 291.406
FD10882	50.625 	 0.720 	 291.151
FD10882	50.750 	 0.726 	 290.706
FD10882	50.875 	 0.731 	 290.229
FD10882	51.000 	 0.735 	 289.938
FD10882	51.125 	 0.741 	 289.596
FD10882	51.250 	 0.746 	 289.064
FD10882	51.375 	 0.752 	 288.559
FD10882	51.500 	 0.757 	 288.053
FD10882	51.625 	 0.762 	 287.570
FD10882	51.750 	 0.767 	 287.103
FD10882	51.875 	 0.773 	 286.625
FD10882	52.000 	 0.779 	 286.125
FD10882	52.125 	 0.783 	 285.617
FD10882	52.250 	 0.789 	 285.128
FD10882	52.375 	 0.794 	 284.647
FD10882	52.500 	 0.800 	 284.159
FD10882	52.625 	 0.806 	 283.683
FD10882	52.750 	 0.812 	 283.244
FD10882	52.875 	 0.818 	 282.829
FD10882	53.000 	 0.824 	 282.434
FD10882	53.125 	 0.830 	 282.047
FD10882	53.250 	 0.836 	 281.667
FD10882	53.375 	 0.843 	 281.297
FD10882	53.500 	 0.850 	 280.918
FD10882	53.625 	 0.856 	 280.497
FD10882	53.750 	 0.864 	 280.053
FD10882	53.875 	 0.871 	 279.643
FD10882	54.000 	 0.878 	 279.237
FD10882	54.125 	 0.886 	 278.847
FD10882	54.250 	 0.894 	 278.468
FD10882	54.375 	 0.903 	 278.081
FD10882	54.500 	 0.911 	 277.718
FD10882	54.625 	 0.921 	 277.383
FD10882	54.750 	 0.929 	 277.262
FD10882	54.875 	 0.939 	 277.105
FD10882	55.000 	 0.949 	 276.710
FD10882	55.125 	 0.960 	 276.304
FD10882	55.250 	 0.970 	 275.897
FD10882	55.375 	 0.982 	 275.504
FD10882	55.500 	 0.993 	 275.114
FD10882	55.625 	 1.005 	 274.685
FD10882	55.750 	 1.017 	 274.208
FD10882	55.875 	 1.030 	 273.683
FD10882	56.000 	 1.043 	 273.134
FD10882	56.125 	 1.057 	 272.603
FD10882	56.250 	 1.070 	 272.104
FD10882	56.375 	 1.084 	 271.629
FD10882	56.500 	 1.098 	 271.140
FD10882	56.625 	 1.114 	 270.618
FD10882	56.750 	 1.128 	 270.123
FD10882	56.875 	 1.143 	 269.621
FD10882	57.000 	 1.159 	 269.110
FD10882	57.125 	 1.175 	 268.610
FD10882	57.250 	 1.190 	 268.133
FD10882	57.375 	 1.206 	 267.677
FD10882	57.500 	 1.222 	 267.215
FD10882	57.625 	 1.239 	 266.773
FD10882	57.750 	 1.255 	 266.339
FD10882	57.875 	 1.271 	 265.935
FD10882	58.000 	 1.288 	 265.556
FD10882	58.125 	 1.304 	 265.185
FD10882	58.250 	 1.321 	 264.840
FD10882	58.375 	 1.338 	 264.507
FD10882	58.500 	 1.354 	 264.156
FD10882	58.625 	 1.371 	 263.782
FD10882	58.750 	 1.389 	 263.381
FD10882	58.875 	 1.407 	 262.982
FD10882	59.000 	 1.425 	 262.592
FD10882	59.125 	 1.443 	 262.183
FD10882	59.250 	 1.463 	 261.799
FD10882	59.375 	 1.483 	 261.449
FD10882	59.500 	 1.503 	 261.103
FD10882	59.625 	 1.524 	 260.717
FD10882	59.750 	 1.546 	 260.370
FD10882	59.875 	 1.568 	 260.327
FD10882	60.000 	 1.591 	 260.387
FD10882	60.125 	 1.614 	 260.445
FD10882	60.250 	 1.638 	 260.373
FD10882	60.375 	 1.663 	 260.044
FD10882	60.500 	 1.687 	 259.747
FD10882	60.625 	 1.713 	 259.473
FD10882	60.750 	 1.739 	 259.198
FD10882	60.875 	 1.764 	 258.954
FD10882	61.000 	 1.790 	 258.706
FD10882	61.125 	 1.815 	 258.451
FD10882	61.250 	 1.839 	 258.203
FD10882	61.375 	 1.865 	 257.995
FD10882	61.500 	 1.889 	 257.819
FD10882	61.625 	 1.913 	 257.626
FD10882	61.750 	 1.936 	 257.446
FD10882	61.875 	 1.960 	 257.264
FD10882	62.000 	 1.983 	 257.055
FD10882	62.125 	 2.005 	 256.775
FD10882	62.250 	 2.027 	 256.347
FD10882	62.375 	 2.049 	 255.894
FD10882	62.500 	 2.069 	 255.520
FD10882	62.625 	 2.090 	 255.141
FD10882	62.750 	 2.110 	 254.762
FD10882	62.875 	 2.130 	 254.386
FD10882	63.000 	 2.149 	 254.007
FD10882	63.125 	 2.170 	 253.674
FD10882	63.250 	 2.191 	 253.312
FD10882	63.375 	 2.213 	 252.908
FD10882	63.500 	 2.236 	 252.529
FD10882	63.625 	 2.259 	 252.166
FD10882	63.750 	 2.283 	 252.029
FD10882	63.875 	 2.308 	 251.900
FD10882	64.000 	 2.333 	 251.565
FD10882	64.125 	 2.361 	 251.317
FD10882	64.250 	 2.388 	 251.098
FD10882	64.375 	 2.417 	 250.826
FD10882	64.500 	 2.446 	 250.557
FD10882	64.625 	 2.476 	 250.329
FD10882	64.750 	 2.509 	 250.115
FD10882	64.875 	 2.541 	 249.898
FD10882	65.000 	 2.574 	 249.816
FD10882	65.125 	 2.608 	 249.736
FD10882	65.250 	 2.640 	 249.532
FD10882	65.375 	 2.671 	 249.291
FD10882	65.500 	 2.702 	 249.076
FD10882	65.625 	 2.732 	 248.876
FD10882	65.750 	 2.762 	 248.645
FD10882	65.875 	 2.792 	 248.514
FD10882	66.000 	 2.821 	 248.414
FD10882	66.125 	 2.848 	 248.258
FD10882	66.250 	 2.874 	 248.099
FD10882	66.375 	 2.899 	 247.945
FD10882	66.500 	 2.923 	 247.863
FD10882	66.625 	 2.945 	 247.781
FD10882	66.750 	 2.967 	 247.643
FD10882	66.875 	 2.988 	 247.627
FD10882	67.000 	 3.008 	 247.604
FD10882	67.125 	 3.030 	 247.503
FD10882	67.250 	 3.051 	 247.360
FD10882	67.375 	 3.073 	 247.145
FD10882	67.500 	 3.096 	 247.058
FD10882	67.625 	 3.119 	 247.036
FD10882	67.750 	 3.144 	 246.915
FD10882	67.875 	 3.171 	 246.882
FD10882	68.000 	 3.199 	 246.778
FD10882	68.125 	 3.227 	 246.472
FD10882	68.250 	 3.258 	 246.385
FD10882	68.375 	 3.290 	 246.437
FD10882	68.500 	 3.324 	 246.294
FD10882	68.625 	 3.359 	 246.069
FD10882	68.750 	 3.397 	 246.031
FD10882	68.875 	 3.436 	 246.025
FD10882	69.000 	 3.475 	 245.882
FD10882	69.125 	 3.516 	 245.687
FD10882	69.250 	 3.557 	 245.528
FD10882	69.375 	 3.599 	 245.494
FD10882	69.500 	 3.641 	 245.391
FD10882	69.625 	 3.685 	 245.217
FD10882	69.750 	 3.727 	 245.075
FD10882	69.875 	 3.769 	 244.874
FD10882	70.000 	 3.809 	 244.638
FD10882	70.125 	 3.850 	 244.396
FD10882	70.250 	 3.889 	 244.160
FD10882	70.375 	 3.929 	 243.929
FD10882	70.500 	 3.968 	 243.677
FD10882	70.625 	 4.005 	 243.430
FD10882	70.750 	 4.043 	 243.253
FD10882	70.875 	 4.079 	 243.059
FD10882	71.000 	 4.116 	 242.839
FD10882	71.125 	 4.152 	 242.801
FD10882	71.250 	 4.187 	 242.773
FD10882	71.375 	 4.221 	 242.570
FD10882	71.500 	 4.254 	 242.367
FD10882	71.625 	 4.288 	 242.284
FD10882	71.750 	 4.323 	 242.191
FD10882	71.875 	 4.358 	 242.004
FD10882	72.000 	 4.394 	 241.872
FD10882	72.125 	 4.430 	 241.691
FD10882	72.250 	 4.467 	 241.531
FD10882	72.375 	 4.502 	 241.617
FD10882	72.500 	 4.538 	 241.595
FD10882	72.625 	 4.572 	 241.458
FD10882	72.750 	 4.607 	 241.512
FD10882	72.875 	 4.641 	 241.422
FD10882	73.000 	 4.677 	 241.279
FD10882	73.125 	 4.711 	 241.194
FD10882	73.250 	 4.746 	 241.002
FD10882	73.375 	 4.781 	 240.787
FD10882	73.500 	 4.815 	 240.573
FD10882	73.625 	 4.849 	 240.518
FD10882	73.750 	 4.883 	 240.469
FD10882	73.875 	 4.915 	 240.293
FD10882	74.000 	 4.947 	 240.112
FD10882	74.125 	 4.979 	 239.941
FD10882	74.250 	 5.013 	 239.765
FD10882	74.375 	 5.046 	 239.640
FD10882	74.500 	 5.083 	 239.535
FD10882	74.625 	 5.120 	 239.497
FD10882	74.750 	 5.161 	 239.640
FD10882	74.875 	 5.201 	 239.554
FD10882	75.000 	 5.244 	 239.274
FD10882	75.125 	 5.286 	 239.247
FD10882	75.250 	 5.328 	 239.268
FD10882	75.375 	 5.370 	 239.175
FD10882	75.500 	 5.412 	 239.252
FD10882	75.625 	 5.454 	 239.263
FD10882	75.750 	 5.497 	 239.131
FD10882	75.875 	 5.541 	 238.947
FD10882	76.000 	 5.587 	 238.722
FD10882	76.125 	 5.634 	 238.478
FD10882	76.250 	 5.680 	 238.176
FD10882	76.375 	 5.726 	 237.997
FD10882	76.500 	 5.770 	 237.892
FD10882	76.625 	 5.813 	 237.851
FD10882	76.750 	 5.856 	 237.801
FD10882	76.875 	 5.897 	 237.794
FD10882	77.000 	 5.937 	 237.716
FD10882	77.125 	 5.977 	 237.684
FD10882	77.250 	 6.017 	 237.695
FD10882	77.375 	 6.058 	 237.516
FD10882	77.500 	 6.098 	 237.291
FD10882	77.625 	 6.140 	 237.110
FD10882	77.750 	 6.180 	 237.071
FD10882	77.875 	 6.220 	 237.066
FD10882	78.000 	 6.260 	 236.972
FD10882	78.125 	 6.298 	 236.796
FD10882	78.250 	 6.335 	 236.654
FD10882	78.375 	 6.373 	 236.522
FD10882	78.500 	 6.411 	 236.373
FD10882	78.625 	 6.451 	 236.300
FD10882	78.750 	 6.492 	 236.206
FD10882	78.875 	 6.533 	 236.203
FD10882	79.000 	 6.577 	 236.214
FD10882	79.125 	 6.622 	 236.171
FD10882	79.250 	 6.668 	 236.187
FD10882	79.375 	 6.713 	 236.149
FD10882	79.500 	 6.760 	 236.033
FD10882	79.625 	 6.806 	 235.984
FD10882	79.750 	 6.852 	 235.978
FD10882	79.875 	 6.899 	 235.901
FD10882	80.000 	 6.945 	 235.835
FD10882	80.125 	 6.989 	 235.753
FD10882	80.250 	 7.033 	 235.632
FD10882	80.375 	 7.077 	 235.599
FD10882	80.500 	 7.119 	 235.610
FD10882	80.625 	 7.162 	 235.616
FD10882	80.750 	 7.203 	 235.616
FD10882	80.875 	 7.246 	 235.613
FD10882	81.000 	 7.286 	 235.602
FD10882	81.125 	 7.328 	 235.574
FD10882	81.250 	 7.368 	 235.558
FD10882	81.375 	 7.409 	 235.566
FD10882	81.500 	 7.449 	 235.616
FD10882	81.625 	 7.489 	 235.618
FD10882	81.750 	 7.529 	 235.630
FD10882	81.875 	 7.569 	 235.651
FD10882	82.000 	 7.609 	 235.619
FD10882	82.125 	 7.650 	 235.544
FD10882	82.250 	 7.691 	 235.517
FD10882	82.375 	 7.733 	 235.503
FD10882	82.500 	 7.774 	 235.475
FD10882	82.625 	 7.816 	 235.467
FD10882	82.750 	 7.857 	 235.412
FD10882	82.875 	 7.897 	 235.352
FD10882	83.000 	 7.935 	 235.248
FD10882	83.125 	 7.973 	 235.099
FD10882	83.250 	 8.010 	 234.907
FD10882	83.375 	 8.046 	 234.745
FD10882	83.500 	 8.082 	 234.668
FD10882	83.625 	 8.117 	 234.682
FD10882	83.750 	 8.152 	 234.753
FD10882	83.875 	 8.189 	 234.764
FD10882	84.000 	 8.227 	 234.863
FD10882	84.125 	 8.267 	 234.990
FD10882	84.250 	 8.308 	 235.049
FD10882	84.375 	 8.350 	 235.107
FD10882	84.500 	 8.392 	 235.069
FD10882	84.625 	 8.434 	 234.951
FD10882	84.750 	 8.477 	 234.890
FD10882	84.875 	 8.519 	 234.921
FD10882	85.000 	 8.559 	 234.970
FD10882	85.125 	 8.599 	 235.011
FD10882	85.250 	 8.639 	 235.050
FD10882	85.375 	 8.679 	 235.033
FD10882	85.500 	 8.719 	 234.835
FD10882	85.625 	 8.761 	 234.583
FD10882	85.750 	 8.801 	 234.407
FD10882	85.875 	 8.842 	 234.426
FD10882	86.000 	 8.882 	 234.531
FD10882	86.125 	 8.920 	 234.399
FD10882	86.250 	 8.958 	 234.228
FD10882	86.375 	 8.995 	 234.199
FD10882	86.500 	 9.032 	 234.253
FD10882	86.625 	 9.070 	 234.311
FD10882	86.750 	 9.107 	 234.146
FD10882	86.875 	 9.144 	 233.998
FD10882	87.000 	 9.182 	 233.921
FD10882	87.125 	 9.222 	 233.926
FD10882	87.250 	 9.263 	 234.108
FD10882	87.375 	 9.305 	 234.163
FD10882	87.500 	 9.348 	 234.092
FD10882	87.625 	 9.390 	 234.014
FD10882	87.750 	 9.430 	 233.982
FD10882	87.875 	 9.470 	 233.959
FD10882	88.000 	 9.511 	 233.921
FD10882	88.125 	 9.551 	 233.866
FD10882	88.250 	 9.591 	 233.888
FD10882	88.375 	 9.630 	 233.879
FD10882	88.500 	 9.671 	 233.836
FD10882	88.625 	 9.710 	 233.748
FD10882	88.750 	 9.750 	 233.566
FD10882	88.875 	 9.789 	 233.490
FD10882	89.000 	 9.827 	 233.451
FD10882	89.125 	 9.865 	 233.404
FD10882	89.250 	 9.902 	 233.339
FD10882	89.375 	 9.939 	 233.292
FD10882	89.500 	 9.976 	 233.352
FD10882	89.625 	 10.014 	 233.380
FD10882	89.750 	 10.053 	 233.342
FD10882	89.875 	 10.095 	 233.240
FD10882	90.000 	 10.139 	 233.141
FD10882	90.125 	 10.183 	 232.976
FD10882	90.250 	 10.228 	 232.855
FD10882	90.375 	 10.273 	 232.990
FD10882	90.500 	 10.317 	 233.105
FD10882	90.625 	 10.362 	 233.103
FD10882	90.750 	 10.405 	 233.080
FD10882	90.875 	 10.450 	 233.116
FD10882	91.000 	 10.495 	 233.127
FD10882	91.125 	 10.544 	 233.020
FD10882	91.250 	 10.593 	 232.899
FD10882	91.375 	 10.647 	 232.885
FD10882	91.500 	 10.702 	 232.985
FD10882	91.625 	 10.758 	 233.001
FD10882	91.750 	 10.813 	 232.968
FD10882	91.875 	 10.868 	 233.055
FD10882	92.000 	 10.920 	 233.050
FD10882	92.125 	 10.969 	 232.893
FD10882	92.250 	 11.016 	 232.800
FD10882	92.375 	 11.061 	 232.817
FD10882	92.500 	 11.106 	 232.740
FD10882	92.625 	 11.148 	 232.701
FD10882	92.750 	 11.193 	 232.784
FD10882	92.875 	 11.235 	 232.786
FD10882	93.000 	 11.274 	 232.704
FD10882	93.125 	 11.311 	 232.556
FD10882	93.250 	 11.346 	 232.435
FD10882	93.375 	 11.375 	 232.388
FD10882	93.500 	 11.405 	 232.422
FD10882	93.625 	 11.434 	 232.487
FD10882	93.750 	 11.461 	 232.383
FD10882	93.875 	 11.491 	 232.257
FD10882	94.000 	 11.521 	 232.174
FD10882	94.125 	 11.553 	 232.073
FD10882	94.250 	 11.585 	 232.073
FD10882	94.375 	 11.617 	 232.235
FD10882	94.500 	 11.650 	 232.411
FD10882	94.625 	 11.683 	 232.377
FD10882	94.750 	 11.717 	 232.350
FD10882	94.875 	 11.752 	 232.312
FD10882	95.000 	 11.787 	 232.273
FD10882	95.125 	 11.824 	 232.322
FD10882	95.250 	 11.861 	 232.361
FD10882	95.375 	 11.901 	 232.293
FD10882	95.500 	 11.939 	 232.083
FD10882	95.625 	 11.977 	 231.974
FD10882	95.750 	 12.012 	 231.935
FD10882	95.875 	 12.049 	 231.880
FD10882	96.000 	 12.083 	 231.836
FD10882	96.125 	 12.121 	 231.776
FD10882	96.250 	 12.158 	 231.743
FD10882	96.375 	 12.196 	 231.647
FD10882	96.500 	 12.238 	 231.432
FD10882	96.625 	 12.277 	 231.273
FD10882	96.750 	 12.317 	 231.191
FD10882	96.875 	 12.357 	 231.196
FD10882	97.000 	 12.398 	 231.383
FD10882	97.125 	 12.442 	 231.554
FD10882	97.250 	 12.484 	 231.608
FD10882	97.375 	 12.526 	 231.592
FD10882	97.500 	 12.567 	 231.488
FD10882	97.625 	 12.604 	 231.312
FD10882	97.750 	 12.642 	 231.135
FD10882	97.875 	 12.678 	 231.105
FD10882	98.000 	 12.715 	 231.265
FD10882	98.125 	 12.750 	 231.273
FD10882	98.250 	 12.785 	 231.075
FD10882	98.375 	 12.821 	 231.035
FD10882	98.500 	 12.855 	 231.078
FD10882	98.625 	 12.890 	 231.117
FD10882	98.750 	 12.924 	 231.149
FD10882	98.875 	 12.960 	 231.090
FD10882	99.000 	 12.993 	 230.902
FD10882	99.125 	 13.027 	 230.748
FD10882	99.250 	 13.061 	 230.622
FD10882	99.375 	 13.095 	 230.611
FD10882	99.500 	 13.132 	 230.832
FD10882	99.625 	 13.169 	 231.042
FD10882	99.750 	 13.207 	 231.196
FD10882	99.875 	 13.246 	 231.221
FD10882	100.000 	 13.284 	 231.067
FD10882	100.125 	 13.320 	 230.771
FD10882	100.250 	 13.358 	 230.496
FD10882	100.375 	 13.393 	 230.427
FD10882	100.500 	 13.429 	 230.427
FD10882	100.625 	 13.465 	 230.432
FD10882	100.750 	 13.501 	 230.427
FD10882	100.875 	 13.537 	 230.594
FD10882	101.000 	 13.575 	 230.754
FD10882	101.125 	 13.612 	 230.553
FD10882	101.250 	 13.650 	 230.400
FD10882	101.375 	 13.685 	 230.436
FD10882	101.500 	 13.720 	 230.441
FD10882	101.625 	 13.756 	 230.366
FD10882	101.750 	 13.791 	 230.235
FD10882	101.875 	 13.829 	 230.189
FD10882	102.000 	 13.867 	 230.160
FD10882	102.125 	 13.910 	 230.002
FD10882	102.250 	 13.953 	 229.881
FD10882	102.375 	 13.998 	 229.875
FD10882	102.500 	 14.045 	 229.897
FD10882	102.625 	 14.092 	 229.974
FD10882	102.750 	 14.142 	 230.238
FD10882	102.875 	 14.191 	 230.468
FD10882	103.000 	 14.241 	 230.546
FD10882	103.125 	 14.291 	 230.603
FD10882	103.250 	 14.340 	 230.548
FD10882	103.375 	 14.390 	 230.524
FD10882	103.500 	 14.442 	 230.551
FD10882	103.625 	 14.492 	 230.524
FD10882	103.750 	 14.542 	 230.491
FD10882	103.875 	 14.589 	 230.455
FD10882	104.000 	 14.634 	 230.405
FD10882	104.125 	 14.676 	 230.435
FD10882	104.250 	 14.717 	 230.579
FD10882	104.375 	 14.754 	 230.603
FD10882	104.500 	 14.789 	 230.619
FD10882	104.625 	 14.825 	 230.576
FD10882	104.750 	 14.858 	 230.422
FD10882	104.875 	 14.890 	 230.300
FD10882	105.000 	 14.919 	 230.048
FD10882	105.125 	 14.948 	 229.897
FD10882	105.250 	 14.976 	 229.941
FD10882	105.375 	 15.002 	 229.988
FD10882	105.500 	 15.029 	 229.977
FD10882	105.625 	 15.055 	 230.007
FD10882	105.750 	 15.084 	 230.155
FD10882	105.875 	 15.111 	 230.317
FD10882	106.000 	 15.142 	 230.350
FD10882	106.125 	 15.175 	 230.210
FD10882	106.250 	 15.210 	 230.161
FD10882	106.375 	 15.247 	 230.156
FD10882	106.500 	 15.285 	 229.941
FD10882	106.625 	 15.325 	 229.869
FD10882	106.750 	 15.366 	 229.952
FD10882	106.875 	 15.409 	 229.829
FD10882	107.000 	 15.452 	 229.680
FD10882	107.125 	 15.497 	 229.499
FD10882	107.250 	 15.542 	 229.291
FD10882	107.375 	 15.588 	 229.046
FD10882	107.500 	 15.636 	 228.749
FD10882	107.625 	 15.683 	 228.540
FD10882	107.750 	 15.730 	 228.375
FD10882	107.875 	 15.780 	 228.381
FD10882	108.000 	 15.827 	 228.568
FD10882	108.125 	 15.875 	 228.669
FD10882	108.250 	 15.920 	 228.702
FD10882	108.375 	 15.964 	 228.659
FD10882	108.500 	 16.005 	 228.538
FD10882	108.625 	 16.045 	 228.480
FD10882	108.750 	 16.082 	 228.519
FD10882	108.875 	 16.118 	 228.620
FD10882	109.000 	 16.152 	 228.796
FD10882	109.125 	 16.185 	 228.979
FD10882	109.250 	 16.221 	 229.079
FD10882	109.375 	 16.255 	 229.166
FD10882	109.500 	 16.287 	 229.266
FD10882	109.625 	 16.320 	 229.271
FD10882	109.750 	 16.352 	 229.304
FD10882	109.875 	 16.384 	 229.419
FD10882	110.000 	 16.417 	 229.371
FD10882	110.125 	 16.451 	 229.164
FD10882	110.250 	 16.486 	 228.988
FD10882	110.375 	 16.520 	 228.990
FD10882	110.500 	 16.557 	 229.106
FD10882	110.625 	 16.595 	 229.205
FD10882	110.750 	 16.632 	 229.161
FD10882	110.875 	 16.672 	 229.060
FD10882	111.000 	 16.712 	 228.987
FD10882	111.125 	 16.752 	 228.959
FD10882	111.250 	 16.796 	 229.035
FD10882	111.375 	 16.840 	 229.002
FD10882	111.500 	 16.884 	 229.030
FD10882	111.625 	 16.931 	 228.997
FD10882	111.750 	 16.977 	 228.831
FD10882	111.875 	 17.022 	 228.765
FD10882	112.000 	 17.063 	 228.618
FD10882	112.125 	 17.104 	 228.618
FD10882	112.250 	 17.141 	 228.672
FD10882	112.375 	 17.175 	 228.568
FD10882	112.500 	 17.210 	 228.529
FD10882	112.625 	 17.242 	 228.573
FD10882	112.750 	 17.274 	 228.628
FD10882	112.875 	 17.307 	 228.700
FD10882	113.000 	 17.339 	 228.743
FD10882	113.125 	 17.371 	 228.697
FD10882	113.250 	 17.401 	 228.811
FD10882	113.375 	 17.432 	 228.975
FD10882	113.500 	 17.461 	 228.782
FD10882	113.625 	 17.489 	 228.598
FD10882	113.750 	 17.519 	 228.696
FD10882	113.875 	 17.548 	 228.812
FD10882	114.000 	 17.580 	 228.856
FD10882	114.125 	 17.612 	 228.779
FD10882	114.250 	 17.647 	 228.636
FD10882	114.375 	 17.683 	 228.606
FD10882	114.500 	 17.720 	 228.502
FD10882	114.625 	 17.759 	 228.321
FD10882	114.750 	 17.796 	 228.293
FD10882	114.875 	 17.833 	 228.329
FD10882	115.000 	 17.869 	 228.368
FD10882	115.125 	 17.905 	 228.472
FD10882	115.250 	 17.941 	 228.444
FD10882	115.375 	 17.975 	 228.359
FD10882	115.500 	 18.011 	 228.309
FD10882	115.625 	 18.047 	 228.342
FD10882	115.750 	 18.082 	 228.491
FD10882	115.875 	 18.118 	 228.533
FD10882	116.000 	 18.152 	 228.488
FD10882	116.125 	 18.189 	 228.439
FD10882	116.250 	 18.225 	 228.456
FD10882	116.375 	 18.260 	 228.499
FD10882	116.500 	 18.295 	 228.483
FD10882	116.625 	 18.330 	 228.505
FD10882	116.750 	 18.365 	 228.532
FD10882	116.875 	 18.399 	 228.587
FD10882	117.000 	 18.434 	 228.686
FD10882	117.125 	 18.469 	 228.804
FD10882	117.250 	 18.504 	 228.947
FD10882	117.375 	 18.538 	 229.004
FD10882	117.500 	 18.571 	 229.032
FD10882	117.625 	 18.604 	 229.030
FD10882	117.750 	 18.638 	 228.963
FD10882	117.875 	 18.673 	 228.851
FD10882	118.000 	 18.707 	 228.839
FD10882	118.125 	 18.743 	 228.847
FD10882	118.250 	 18.779 	 228.782
FD10882	118.375 	 18.815 	 228.786
FD10882	118.500 	 18.849 	 228.817
FD10882	118.625 	 18.885 	 228.929
FD10882	118.750 	 18.924 	 229.062
FD10882	118.875 	 18.961 	 229.005
FD10882	119.000 	 18.999 	 228.944
FD10882	119.125 	 19.039 	 229.042
FD10882	119.250 	 19.076 	 229.192
FD10882	119.375 	 19.115 	 229.172
FD10882	119.500 	 19.153 	 229.095
FD10882	119.625 	 19.190 	 229.115
FD10882	119.750 	 19.228 	 229.136
FD10882	119.875 	 19.266 	 229.148
FD10882	120.000 	 19.302 	 229.180
FD10882	120.125 	 19.339 	 229.211
FD10882	120.250 	 19.376 	 229.238
FD10882	120.375 	 19.413 	 229.329
FD10882	120.500 	 19.452 	 229.400
FD10882	120.625 	 19.491 	 229.439
FD10882	120.750 	 19.528 	 229.367
FD10882	120.875 	 19.566 	 229.287
FD10882	121.000 	 19.604 	 229.271
FD10882	121.125 	 19.641 	 229.191
FD10882	121.250 	 19.679 	 229.121
FD10882	121.375 	 19.718 	 229.172
FD10882	121.500 	 19.757 	 229.370
FD10882	121.625 	 19.801 	 229.606
FD10882	121.750 	 19.844 	 229.880
FD10882	121.875 	 19.889 	 230.005
FD10882	122.000 	 19.935 	 229.954
FD10882	122.125 	 19.980 	 229.900
FD10882	122.250 	 20.025 	 229.790
FD10882	122.375 	 20.071 	 229.722
FD10882	122.500 	 20.116 	 229.639
FD10882	122.625 	 20.158 	 229.460
FD10882	122.750 	 20.202 	 229.357
FD10882	122.875 	 20.245 	 229.433
FD10882	123.000 	 20.290 	 229.487
FD10882	123.125 	 20.333 	 229.518
FD10882	123.250 	 20.375 	 229.622
FD10882	123.375 	 20.418 	 229.733
FD10882	123.500 	 20.462 	 229.826
FD10882	123.625 	 20.504 	 229.911
FD10882	123.750 	 20.544 	 230.015
FD10882	123.875 	 20.585 	 229.908
FD10882	124.000 	 20.624 	 229.722
FD10882	124.125 	 20.663 	 229.796
FD10882	124.250 	 20.700 	 229.773
FD10882	124.375 	 20.737 	 229.629
FD10882	124.500 	 20.776 	 229.650
FD10882	124.625 	 20.814 	 229.696
FD10882	124.750 	 20.852 	 229.785
FD10882	124.875 	 20.891 	 229.963
FD10882	125.000 	 20.930 	 229.991
FD10882	125.125 	 20.969 	 229.866
FD10882	125.250 	 21.009 	 229.675
FD10882	125.375 	 21.052 	 229.515
FD10882	125.500 	 21.093 	 229.559
FD10882	125.625 	 21.134 	 229.658
FD10882	125.750 	 21.175 	 229.735
FD10882	125.875 	 21.214 	 229.740
FD10882	126.000 	 21.256 	 229.746
FD10882	126.125 	 21.294 	 229.814
FD10882	126.250 	 21.337 	 229.930
FD10882	126.375 	 21.379 	 230.134
FD10882	126.500 	 21.418 	 230.320
FD10882	126.625 	 21.459 	 230.435
FD10882	126.750 	 21.498 	 230.409
FD10882	126.875 	 21.537 	 230.350
FD10882	127.000 	 21.574 	 230.300
FD10882	127.125 	 21.613 	 230.180
FD10882	127.250 	 21.649 	 230.065
FD10882	127.375 	 21.681 	 229.999
FD10882	127.500 	 21.714 	 230.032
FD10882	127.625 	 21.746 	 230.068
FD10882	127.750 	 21.777 	 230.056
FD10882	127.875 	 21.806 	 230.114
FD10882	128.000 	 21.837 	 230.197
FD10882	128.125 	 21.864 	 230.166
FD10882	128.250 	 21.892 	 230.129
FD10882	128.375 	 21.916 	 230.169
FD10882	128.500 	 21.939 	 230.004
FD10882	128.625 	 21.962 	 229.935
FD10882	128.750 	 21.982 	 230.172
FD10882	128.875 	 22.005 	 230.424
FD10882	129.000 	 22.023 	 230.563
FD10882	129.125 	 22.047 	 230.600
FD10882	129.250 	 22.070 	 230.671
FD10882	129.375 	 22.093 	 230.848
FD10882	129.500 	 22.119 	 231.050
FD10882	129.625 	 22.144 	 231.127
FD10882	129.750 	 22.172 	 231.095
FD10882	129.875 	 22.195 	 231.037
FD10882	130.000 	 22.223 	 231.037
FD10882	130.125 	 22.245 	 231.055
FD10882	130.250 	 22.273 	 231.045
FD10882	130.375 	 22.303 	 231.087
FD10882	130.500 	 22.334 	 231.125
FD10882	130.625 	 22.362 	 231.086
FD10882	130.750 	 22.395 	 231.190
FD10882	130.875 	 22.424 	 231.283
FD10882	131.000 	 22.458 	 231.306
FD10882	131.125 	 22.494 	 231.365
FD10882	131.250 	 22.522 	 231.457
FD10882	131.375 	 22.559 	 231.567
FD10882	131.500 	 22.593 	 231.556
FD10882	131.625 	 22.624 	 231.589
FD10882	131.750 	 22.658 	 231.683
FD10882	131.875 	 22.692 	 231.713
FD10882	132.000 	 22.726 	 231.719
FD10882	132.125 	 22.761 	 231.653
FD10882	132.250 	 22.796 	 231.498
FD10882	132.375 	 22.831 	 231.348
FD10882	132.500 	 22.865 	 231.342
FD10882	132.625 	 22.901 	 231.402
FD10882	132.750 	 22.933 	 231.359
FD10882	132.875 	 22.968 	 231.275
FD10882	133.000 	 23.006 	 231.216
FD10882	133.125 	 23.042 	 231.237
FD10882	133.250 	 23.074 	 231.287
FD10882	133.375 	 23.109 	 231.358
FD10882	133.500 	 23.147 	 231.446
FD10882	133.625 	 23.179 	 231.438
FD10882	133.750 	 23.214 	 231.438
FD10882	133.875 	 23.251 	 231.457
FD10882	134.000 	 23.279 	 231.468
FD10882	134.125 	 23.316 	 231.543
FD10882	134.250 	 23.341 	 231.537
FD10882	134.375 	 23.371 	 231.468
FD10882	134.500 	 23.399 	 231.507
FD10882	134.625 	 23.424 	 231.559
FD10882	134.750 	 23.450 	 231.636
FD10882	134.875 	 23.469 	 231.723
FD10882	135.000 	 23.491 	 231.714
FD10882	135.125 	 23.510 	 231.666
FD10882	135.250 	 23.528 	 231.601
FD10882	135.375 	 23.545 	 231.499
FD10882	135.500 	 23.562 	 231.427
FD10882	135.625 	 23.578 	 231.482
FD10882	135.750 	 23.590 	 231.669
FD10882	135.875 	 23.607 	 231.825
FD10882	136.000 	 23.619 	 231.836
FD10882	136.125 	 23.637 	 231.814
FD10882	136.250 	 23.651 	 231.820
FD10882	136.375 	 23.664 	 231.850
FD10882	136.500 	 23.684 	 231.860
FD10882	136.625 	 23.703 	 231.850
FD10882	136.750 	 23.717 	 231.779
FD10882	136.875 	 23.732 	 231.676
FD10882	137.000 	 23.754 	 231.655
FD10882	137.125 	 23.778 	 231.699
FD10882	137.250 	 23.795 	 231.726
FD10882	137.375 	 23.819 	 231.784
FD10882	137.500 	 23.838 	 231.943
FD10882	137.625 	 23.868 	 232.031
FD10882	137.750 	 23.897 	 231.938
FD10882	137.875 	 23.927 	 231.827
FD10882	138.000 	 23.961 	 231.866
FD10882	138.125 	 23.999 	 231.858
FD10882	138.250 	 24.040 	 231.819
FD10882	138.375 	 24.089 	 231.809
FD10882	138.500 	 24.136 	 231.798
FD10882	138.625 	 24.189 	 231.822
FD10882	138.750 	 24.247 	 231.822
FD10882	138.875 	 24.305 	 231.835
FD10882	139.000 	 24.367 	 231.809
FD10882	139.125 	 24.428 	 231.848
FD10882	139.250 	 24.492 	 232.061
FD10882	139.375 	 24.557 	 232.194
FD10882	139.500 	 24.621 	 232.193
FD10882	139.625 	 24.680 	 232.160
FD10882	139.750 	 24.740 	 232.144
FD10882	139.875 	 24.794 	 232.138
FD10882	140.000 	 24.850 	 232.105
FD10882	140.125 	 24.897 	 232.215
FD10882	140.250 	 24.944 	 232.353
FD10882	140.375 	 24.987 	 232.301
FD10882	140.500 	 25.026 	 232.124
FD10882	140.625 	 25.061 	 231.981
FD10882	140.750 	 25.098 	 231.959
FD10882	140.875 	 25.129 	 231.902
FD10882	141.000 	 25.162 	 231.836
FD10882	141.125 	 25.198 	 231.853
FD10882	141.250 	 25.228 	 231.885
FD10882	141.375 	 25.262 	 231.795
FD10882	141.500 	 25.298 	 231.729
FD10882	141.625 	 25.334 	 231.947
FD10882	141.750 	 25.371 	 232.062
FD10882	141.875 	 25.409 	 231.973
FD10882	142.000 	 25.453 	 231.973
FD10882	142.125 	 25.488 	 232.149
FD10882	142.250 	 25.529 	 232.225
FD10882	142.375 	 25.568 	 232.130
FD10882	142.500 	 25.610 	 232.114
FD10882	142.625 	 25.648 	 232.091
FD10882	142.750 	 25.685 	 231.954
FD10882	142.875 	 25.724 	 231.885
FD10882	143.000 	 25.758 	 231.973
FD10882	143.125 	 25.790 	 231.952
FD10882	143.250 	 25.821 	 231.837
FD10882	143.375 	 25.851 	 231.784
FD10882	143.500 	 25.881 	 231.790
FD10882	143.625 	 25.908 	 231.962
FD10882	143.750 	 25.938 	 232.034
FD10882	143.875 	 25.972 	 231.814
FD10882	144.000 	 25.996 	 231.733
FD10882	144.125 	 26.033 	 231.976
FD10882	144.250 	 26.059 	 232.070
FD10882	144.375 	 26.097 	 231.861
FD10882	144.500 	 26.122 	 231.883
FD10882	144.625 	 26.157 	 232.069
FD10882	144.750 	 26.191 	 231.976
FD10882	144.875 	 26.228 	 231.916
FD10882	145.000 	 26.260 	 231.998
FD10882	145.125 	 26.298 	 231.925
FD10882	145.250 	 26.334 	 232.044
FD10882	145.375 	 26.375 	 232.216
FD10882	145.500 	 26.411 	 231.897
FD10882	145.625 	 26.447 	 231.775
FD10882	145.750 	 26.487 	 231.990
FD10882	145.875 	 26.523 	 231.957
FD10882	146.000 	 26.562 	 231.770
FD10882	146.125 	 26.596 	 231.788
FD10882	146.250 	 26.632 	 231.927
FD10882	146.375 	 26.666 	 231.945
FD10882	146.500 	 26.706 	 232.023
FD10882	146.625 	 26.740 	 232.108
FD10882	146.750 	 26.780 	 232.180
FD10882	146.875 	 26.816 	 232.196
FD10882	147.000 	 26.852 	 232.152
FD10882	147.125 	 26.891 	 232.080
FD10882	147.250 	 26.925 	 231.987
FD10882	147.375 	 26.958 	 232.042
FD10882	147.500 	 26.994 	 232.179
FD10882	147.625 	 27.022 	 232.171
FD10882	147.750 	 27.054 	 232.024
FD10882	147.875 	 27.088 	 232.088
FD10882	148.000 	 27.119 	 232.148
FD10882	148.125 	 27.146 	 232.120
FD10882	148.250 	 27.175 	 232.068
FD10882	148.375 	 27.204 	 232.125
FD10882	148.500 	 27.231 	 232.240
FD10882	148.625 	 27.257 	 232.109
FD10882	148.750 	 27.278 	 232.108
FD10882	148.875 	 27.296 	 232.303
FD10882	149.000 	 27.313 	 232.308
FD10882	149.125 	 27.332 	 232.218
FD10882	149.250 	 27.344 	 232.262
FD10882	149.375 	 27.363 	 232.297
FD10882	149.500 	 27.374 	 232.309
FD10882	149.625 	 27.387 	 232.236
FD10882	149.750 	 27.403 	 232.122
FD10882	149.875 	 27.412 	 232.127
FD10882	150.000 	 27.418 	 232.315
FD10882	150.125 	 27.424 	 232.352
FD10882	150.250 	 27.434 	 232.374
FD10882	150.375 	 27.435 	 232.633
FD10882	150.500 	 27.440 	 232.688
FD10882	150.625 	 27.452 	 232.526
FD10882	150.750 	 27.460 	 232.477
FD10882	150.875 	 27.470 	 232.574
FD10882	151.000 	 27.478 	 232.587
FD10882	151.125 	 27.485 	 232.461
FD10882	151.250 	 27.500 	 232.413
FD10882	151.375 	 27.510 	 232.424
FD10882	151.500 	 27.522 	 232.270
FD10882	151.625 	 27.532 	 232.168
FD10882	151.750 	 27.539 	 232.257
FD10882	151.875 	 27.546 	 232.305
FD10882	152.000 	 27.547 	 232.279
FD10882	152.125 	 27.556 	 232.328
FD10882	152.250 	 27.553 	 232.472
FD10882	152.375 	 27.552 	 232.440
FD10882	152.500 	 27.550 	 232.385
FD10882	152.625 	 27.548 	 232.548
FD10882	152.750 	 27.542 	 232.486
FD10882	152.875 	 27.538 	 232.268
FD10882	153.000 	 27.534 	 232.426
FD10882	153.125 	 27.529 	 232.556
FD10882	153.250 	 27.518 	 232.358
FD10882	153.375 	 27.510 	 232.169
FD10882	153.500 	 27.504 	 232.014
FD10882	153.625 	 27.496 	 231.965
FD10882	153.750 	 27.484 	 232.109
FD10882	153.875 	 27.478 	 232.080
FD10882	154.000 	 27.475 	 231.921
FD10882	154.125 	 27.473 	 232.064
FD10882	154.250 	 27.473 	 232.317
FD10882	154.375 	 27.476 	 232.216
FD10882	154.500 	 27.478 	 232.083
FD10882	154.625 	 27.485 	 232.286
FD10882	154.750 	 27.489 	 232.315
FD10882	154.875 	 27.492 	 232.015
FD10882	155.000 	 27.497 	 231.861
FD10882	155.125 	 27.506 	 232.050
FD10882	155.250 	 27.515 	 232.143
FD10882	155.375 	 27.523 	 231.894
FD10882	155.500 	 27.534 	 231.850
FD10882	155.625 	 27.541 	 232.112
FD10882	155.750 	 27.558 	 232.158
FD10882	155.875 	 27.569 	 231.974
FD10882	156.000 	 27.578 	 232.055
FD10882	156.125 	 27.595 	 232.241
FD10882	156.250 	 27.608 	 232.124
FD10882	156.375 	 27.622 	 231.974
FD10882	156.500 	 27.637 	 232.150
FD10882	156.625 	 27.649 	 232.183
FD10882	156.750 	 27.668 	 231.973
FD10882	156.875 	 27.687 	 232.143
FD10882	157.000 	 27.705 	 232.446
FD10882	157.125 	 27.726 	 232.446
FD10882	157.250 	 27.740 	 232.336
FD10882	157.375 	 27.760 	 232.410
FD10882	157.500 	 27.776 	 232.574
FD10882	157.625 	 27.788 	 232.648
FD10882	157.750 	 27.807 	 232.574
FD10882	157.875 	 27.825 	 232.317
FD10882	158.000 	 27.835 	 232.179
FD10882	158.125 	 27.847 	 232.295
FD10882	158.250 	 27.867 	 232.290
FD10882	158.375 	 27.886 	 232.219
FD10882	158.500 	 27.899 	 232.133
FD10882	158.625 	 27.911 	 231.987
FD10882	158.750 	 27.928 	 232.126
FD10882	158.875 	 27.943 	 232.296
FD10882	159.000 	 27.947 	 232.111
FD10882	159.125 	 27.955 	 231.913
FD10882	159.250 	 27.959 	 231.842
FD10882	159.375 	 27.968 	 231.695
FD10882	159.500 	 27.973 	 231.725
FD10882	159.625 	 27.977 	 231.891
FD10882	159.750 	 27.985 	 231.875
FD10882	159.875 	 27.987 	 231.917
FD10882	160.000 	 27.990 	 232.095
FD10882	160.125 	 27.994 	 232.155
FD10882	160.250 	 27.993 	 232.073
FD10882	160.375 	 27.995 	 232.060
FD10882	160.500 	 27.988 	 232.007
FD10882	160.625 	 27.986 	 232.063
FD10882	160.750 	 27.984 	 232.274
FD10882	160.875 	 27.984 	 232.273
FD10882	161.000 	 27.979 	 232.229
FD10882	161.125 	 27.979 	 232.212
FD10882	161.250 	 27.984 	 232.257
FD10882	161.375 	 27.984 	 232.433
FD10882	161.500 	 27.984 	 232.460
FD10882	161.625 	 27.984 	 232.254
FD10882	161.750 	 27.987 	 232.248
FD10882	161.875 	 27.990 	 232.466
FD10882	162.000 	 27.995 	 232.399
FD10882	162.125 	 28.007 	 232.226
FD10882	162.250 	 28.013 	 232.276
FD10882	162.375 	 28.020 	 232.380
FD10882	162.500 	 28.026 	 232.385
FD10882	162.625 	 28.040 	 232.323
FD10882	162.750 	 28.044 	 232.307
FD10882	162.875 	 28.049 	 232.347
FD10882	163.000 	 28.057 	 232.456
FD10882	163.125 	 28.063 	 232.411
FD10882	163.250 	 28.070 	 232.263
FD10882	163.375 	 28.074 	 232.395
FD10882	163.500 	 28.078 	 232.519
FD10882	163.625 	 28.080 	 232.409
FD10882	163.750 	 28.082 	 232.411
FD10882	163.875 	 28.085 	 232.435
FD10882	164.000 	 28.085 	 232.291
FD10882	164.125 	 28.080 	 232.213
FD10882	164.250 	 28.080 	 232.301
FD10882	164.375 	 28.080 	 232.314
FD10882	164.500 	 28.078 	 232.276
FD10882	164.625 	 28.078 	 232.308
FD10882	164.750 	 28.079 	 232.204
FD10882	164.875 	 28.072 	 232.094
FD10882	165.000 	 28.072 	 232.046
FD10882	165.125 	 28.072 	 232.031
FD10882	165.250 	 28.069 	 232.096
FD10882	165.375 	 28.059 	 232.241
FD10882	165.500 	 28.064 	 232.404
FD10882	165.625 	 28.056 	 232.331
FD10882	165.750 	 28.059 	 232.291
FD10882	165.875 	 28.060 	 232.311
FD10882	166.000 	 28.063 	 232.169
FD10882	166.125 	 28.063 	 232.176
FD10882	166.250 	 28.068 	 232.270
FD10882	166.375 	 28.065 	 232.233
FD10882	166.500 	 28.064 	 232.144
FD10882	166.625 	 28.069 	 232.127
FD10882	166.750 	 28.066 	 232.182
FD10882	166.875 	 28.073 	 232.236
FD10882	167.000 	 28.078 	 232.304
FD10882	167.125 	 28.089 	 232.273
FD10882	167.250 	 28.101 	 232.235
FD10882	167.375 	 28.113 	 232.278
FD10882	167.500 	 28.132 	 232.349
FD10882	167.625 	 28.147 	 232.367
FD10882	167.750 	 28.173 	 232.257
FD10882	167.875 	 28.192 	 232.167
FD10882	168.000 	 28.213 	 232.181
FD10882	168.125 	 28.236 	 232.143
FD10882	168.250 	 28.255 	 232.134
FD10882	168.375 	 28.275 	 232.149
FD10882	168.500 	 28.300 	 232.199
FD10882	168.625 	 28.312 	 232.243
FD10882	168.750 	 28.325 	 232.199
FD10882	168.875 	 28.339 	 232.234
FD10882	169.000 	 28.344 	 232.306
FD10882	169.125 	 28.352 	 232.300
FD10882	169.250 	 28.352 	 232.170
FD10882	169.375 	 28.349 	 232.284
FD10882	169.500 	 28.347 	 232.497
FD10882	169.625 	 28.344 	 232.305
FD10882	169.750 	 28.340 	 232.077
FD10882	169.875 	 28.336 	 232.268
FD10882	170.000 	 28.327 	 232.410
FD10882	170.125 	 28.323 	 232.238
FD10882	170.250 	 28.314 	 232.160
FD10882	170.375 	 28.305 	 232.248
FD10882	170.500 	 28.302 	 232.149
FD10882	170.625 	 28.305 	 232.023
FD10882	170.750 	 28.301 	 232.128
FD10882	170.875 	 28.303 	 232.187
FD10882	171.000 	 28.310 	 232.127
FD10882	171.125 	 28.315 	 232.108
FD10882	171.250 	 28.328 	 232.190
FD10882	171.375 	 28.327 	 232.053
FD10882	171.500 	 28.339 	 231.905
FD10882	171.625 	 28.345 	 231.912
FD10882	171.750 	 28.351 	 231.952
FD10882	171.875 	 28.354 	 232.066
FD10882	172.000 	 28.352 	 232.200
FD10882	172.125 	 28.362 	 232.331
FD10882	172.250 	 28.360 	 232.413
FD10882	172.375 	 28.362 	 232.377
FD10882	172.500 	 28.367 	 232.351
FD10882	172.625 	 28.368 	 232.268
FD10882	172.750 	 28.369 	 232.201
FD10882	172.875 	 28.369 	 232.196
FD10882	173.000 	 28.376 	 232.091
FD10882	173.125 	 28.373 	 232.133
FD10882	173.250 	 28.374 	 232.362
FD10882	173.375 	 28.373 	 232.431
FD10882	173.500 	 28.371 	 232.375
FD10882	173.625 	 28.369 	 232.460
FD10882	173.750 	 28.361 	 232.487
FD10882	173.875 	 28.361 	 232.507
FD10882	174.000 	 28.363 	 232.665
FD10882	174.125 	 28.356 	 232.696
FD10882	174.250 	 28.361 	 232.568
FD10882	174.375 	 28.352 	 232.674
FD10882	174.500 	 28.355 	 232.812
FD10882	174.625 	 28.355 	 232.816
FD10882	174.750 	 28.355 	 232.888
FD10882	174.875 	 28.355 	 232.803
FD10882	175.000 	 28.357 	 232.808
FD10882	175.125 	 28.358 	 232.944
FD10882	175.250 	 28.360 	 232.948
FD10882	175.375 	 28.367 	 232.980
FD10882	175.500 	 28.371 	 232.996
FD10882	175.625 	 28.377 	 232.935
FD10882	175.750 	 28.387 	 232.890
FD10882	175.875 	 28.398 	 232.965
FD10882	176.000 	 28.407 	 232.910
FD10882	176.125 	 28.422 	 232.836
FD10882	176.250 	 28.433 	 233.017
FD10882	176.375 	 28.447 	 232.951
FD10882	176.500 	 28.464 	 232.656
FD10882	176.625 	 28.483 	 232.759
FD10882	176.750 	 28.503 	 233.028
FD10882	176.875 	 28.523 	 232.918
FD10882	177.000 	 28.548 	 232.860
FD10882	177.125 	 28.576 	 233.058
FD10882	177.250 	 28.606 	 233.179
FD10882	177.375 	 28.637 	 233.270
FD10882	177.500 	 28.672 	 233.139
FD10882	177.625 	 28.702 	 233.057
FD10882	177.750 	 28.743 	 233.290
FD10882	177.875 	 28.775 	 233.386
FD10882	178.000 	 28.817 	 233.494
FD10882	178.125 	 28.848 	 233.635
FD10882	178.250 	 28.888 	 233.664
FD10882	178.375 	 28.921 	 233.726
FD10882	178.500 	 28.963 	 233.654
FD10882	178.625 	 29.001 	 233.583
FD10882	178.750 	 29.041 	 233.813
FD10882	178.875 	 29.082 	 233.894
FD10882	179.000 	 29.121 	 233.718
FD10882	179.125 	 29.166 	 233.772
FD10882	179.250 	 29.203 	 233.860
FD10882	179.375 	 29.243 	 233.731
FD10882	179.500 	 29.282 	 233.601
FD10882	179.625 	 29.317 	 233.611
FD10882	179.750 	 29.355 	 233.697
FD10882	179.875 	 29.394 	 233.719
FD10882	180.000 	 29.429 	 233.699
FD10882	180.125 	 29.465 	 233.736
FD10882	180.250 	 29.508 	 233.618
FD10882	180.375 	 29.544 	 233.547
FD10882	180.500 	 29.583 	 233.624
FD10882	180.625 	 29.615 	 233.573
FD10882	180.750 	 29.650 	 233.536
FD10882	180.875 	 29.675 	 233.554
FD10882	181.000 	 29.699 	 233.592
FD10882	181.125 	 29.723 	 233.607
FD10882	181.250 	 29.741 	 233.421
FD10882	181.375 	 29.762 	 233.223
FD10882	181.500 	 29.775 	 233.299
FD10882	181.625 	 29.794 	 233.415
FD10882	181.750 	 29.809 	 233.378
FD10882	181.875 	 29.823 	 233.451
FD10882	182.000 	 29.836 	 233.561
FD10882	182.125 	 29.845 	 233.451
FD10882	182.250 	 29.855 	 233.315
FD10882	182.375 	 29.866 	 233.454
FD10882	182.500 	 29.874 	 233.695
FD10882	182.625 	 29.874 	 233.600
FD10882	182.750 	 29.881 	 233.478
FD10882	182.875 	 29.887 	 233.715
FD10882	183.000 	 29.884 	 233.786
FD10882	183.125 	 29.891 	 233.679
FD10882	183.250 	 29.890 	 233.898
FD10882	183.375 	 29.899 	 233.888
FD10882	183.500 	 29.899 	 233.417
FD10882	183.625 	 29.905 	 233.325
FD10882	183.750 	 29.908 	 233.600
FD10882	183.875 	 29.911 	 233.615
FD10882	184.000 	 29.910 	 233.287
FD10882	184.125 	 29.912 	 233.086
FD10882	184.250 	 29.911 	 233.146
FD10882	184.375 	 29.916 	 233.313
FD10882	184.500 	 29.914 	 233.436
FD10882	184.625 	 29.918 	 233.253
FD10882	184.750 	 29.916 	 233.275
FD10882	184.875 	 29.921 	 233.475
FD10882	185.000 	 29.927 	 233.493
FD10882	185.125 	 29.927 	 233.657
FD10882	185.250 	 29.933 	 233.724
FD10882	185.375 	 29.931 	 233.652
FD10882	185.500 	 29.935 	 233.694
FD10882	185.625 	 29.936 	 233.517
FD10882	185.750 	 29.937 	 233.369
FD10882	185.875 	 29.936 	 233.607
FD10882	186.000 	 29.938 	 233.711
FD10882	186.125 	 29.940 	 233.620
FD10882	186.250 	 29.946 	 233.783
FD10882	186.375 	 29.949 	 233.943
FD10882	186.500 	 29.955 	 233.933
FD10882	186.625 	 29.964 	 234.008
FD10882	186.750 	 29.975 	 234.141
FD10882	186.875 	 29.980 	 234.232
FD10882	187.000 	 29.991 	 234.302
FD10882	187.125 	 29.999 	 234.311
FD10882	187.250 	 30.015 	 234.229
FD10882	187.375 	 30.024 	 234.094
FD10882	187.500 	 30.038 	 234.182
FD10882	187.625 	 30.054 	 234.511
FD10882	187.750 	 30.068 	 234.532
FD10882	187.875 	 30.090 	 234.431
FD10882	188.000 	 30.108 	 234.307
FD10882	188.125 	 30.130 	 234.179
FD10882	188.250 	 30.148 	 234.283
FD10882	188.375 	 30.171 	 234.344
FD10882	188.500 	 30.191 	 234.125
FD10882	188.625 	 30.213 	 234.055
FD10882	188.750 	 30.231 	 234.269
FD10882	188.875 	 30.255 	 234.245
FD10882	189.000 	 30.276 	 234.190
FD10882	189.125 	 30.299 	 234.251
FD10882	189.250 	 30.320 	 234.212
FD10882	189.375 	 30.334 	 234.233
FD10882	189.500 	 30.361 	 234.502
FD10882	189.625 	 30.375 	 234.766
FD10882	189.750 	 30.394 	 234.637
FD10882	189.875 	 30.409 	 234.489
FD10882	190.000 	 30.425 	 234.598
FD10882	190.125 	 30.439 	 234.672
FD10882	190.250 	 30.450 	 234.664
FD10882	190.375 	 30.464 	 234.632
FD10882	190.500 	 30.475 	 234.798
FD10882	190.625 	 30.479 	 235.000
FD10882	190.750 	 30.486 	 234.671
FD10882	190.875 	 30.497 	 234.293
FD10882	191.000 	 30.497 	 234.454
FD10882	191.125 	 30.505 	 234.591
FD10882	191.250 	 30.508 	 234.321
FD10882	191.375 	 30.510 	 234.256
FD10882	191.500 	 30.515 	 234.525
FD10882	191.625 	 30.508 	 234.793
FD10882	191.750 	 30.503 	 234.849
FD10882	191.875 	 30.493 	 234.666
FD10882	192.000 	 30.481 	 234.462
FD10882	192.125 	 30.469 	 234.449
FD10882	192.250 	 30.460 	 234.568
FD10882	192.375 	 30.441 	 234.653
FD10882	192.500 	 30.426 	 234.738
FD10882	192.625 	 30.409 	 234.600
FD10882	192.750 	 30.394 	 234.460
FD10882	192.875 	 30.377 	 234.336
FD10882	193.000 	 30.355 	 234.059
FD10882	193.125 	 30.335 	 234.052
FD10882	193.250 	 30.320 	 234.170
FD10882	193.375 	 30.301 	 234.310
FD10882	193.500 	 30.288 	 234.393
FD10882	193.625 	 30.283 	 234.249
FD10882	193.750 	 30.280 	 234.229
FD10882	193.875 	 30.277 	 234.297
FD10882	194.000 	 30.283 	 234.100
FD10882	194.125 	 30.286 	 234.073
FD10882	194.250 	 30.294 	 234.191
FD10882	194.375 	 30.294 	 234.038
FD10882	194.500 	 30.307 	 234.011
FD10882	194.625 	 30.314 	 234.120
FD10882	194.750 	 30.324 	 233.999
FD10882	194.875 	 30.333 	 234.084
FD10882	195.000 	 30.349 	 234.465
FD10882	195.125 	 30.359 	 234.337
FD10882	195.250 	 30.369 	 234.072
FD10882	195.375 	 30.381 	 234.183
FD10882	195.500 	 30.386 	 234.236
FD10882	195.625 	 30.393 	 234.245
FD10882	195.750 	 30.392 	 234.283
FD10882	195.875 	 30.388 	 234.220
FD10882	196.000 	 30.385 	 234.382
FD10882	196.125 	 30.381 	 234.574
FD10882	196.250 	 30.377 	 234.430
FD10882	196.375 	 30.370 	 234.396
FD10882	196.500 	 30.365 	 234.578
FD10882	196.625 	 30.359 	 234.611
FD10882	196.750 	 30.353 	 234.451
FD10882	196.875 	 30.351 	 234.361
FD10882	197.000 	 30.344 	 234.416
FD10882	197.125 	 30.341 	 234.227
FD10882	197.250 	 30.343 	 233.928
FD10882	197.375 	 30.341 	 233.921
FD10882	197.500 	 30.342 	 234.042
FD10882	197.625 	 30.348 	 234.098
FD10882	197.750 	 30.347 	 233.979
FD10882	197.875 	 30.354 	 233.833
FD10882	198.000 	 30.360 	 233.742
FD10882	198.125 	 30.359 	 233.799
FD10882	198.250 	 30.367 	 233.944
FD10882	198.375 	 30.372 	 233.977
FD10882	198.500 	 30.379 	 233.782
FD10882	198.625 	 30.385 	 233.654
FD10882	198.750 	 30.395 	 233.774
FD10882	198.875 	 30.400 	 233.850
FD10882	199.000 	 30.406 	 233.696
FD10882	199.125 	 30.410 	 233.691
FD10882	199.250 	 30.409 	 233.887
FD10882	199.375 	 30.408 	 233.888
FD10882	199.500 	 30.407 	 233.999
FD10882	199.625 	 30.400 	 234.174
FD10882	199.750 	 30.397 	 234.073
FD10882	199.875 	 30.395 	 234.054
FD10882	200.000 	 30.392 	 234.271
FD10882	200.125 	 30.387 	 234.205
FD10882	200.250 	 30.382 	 233.956
FD10882	200.375 	 30.374 	 234.011
FD10882	200.500 	 30.368 	 234.177
FD10882	200.625 	 30.361 	 234.115
FD10882	200.750 	 30.353 	 234.154
FD10882	200.875 	 30.344 	 234.333
FD10882	201.000 	 30.341 	 234.217
FD10882	201.125 	 30.340 	 234.054
FD10882	201.250 	 30.340 	 234.190
FD10882	201.375 	 30.340 	 234.278
FD10882	201.500 	 30.342 	 234.111
FD10882	201.625 	 30.346 	 234.119
FD10882	201.750 	 30.350 	 234.197
FD10882	201.875 	 30.351 	 234.053
FD10882	202.000 	 30.347 	 234.102
FD10882	202.125 	 30.352 	 234.256
FD10882	202.250 	 30.350 	 234.157
FD10882	202.375 	 30.344 	 234.071
FD10882	202.500 	 30.343 	 234.116
FD10882	202.625 	 30.340 	 234.248
FD10882	202.750 	 30.335 	 234.562
FD10882	202.875 	 30.322 	 234.799
FD10882	203.000 	 30.314 	 234.774
FD10882	203.125 	 30.299 	 234.736
FD10882	203.250 	 30.285 	 234.845
FD10882	203.375 	 30.271 	 234.874
FD10882	203.500 	 30.263 	 234.655
FD10882	203.625 	 30.245 	 234.373
FD10882	203.750 	 30.236 	 234.407
FD10882	203.875 	 30.236 	 234.539
FD10882	204.000 	 30.232 	 234.385
FD10882	204.125 	 30.232 	 234.261
FD10882	204.250 	 30.238 	 234.211
FD10882	204.375 	 30.239 	 234.125
FD10882	204.500 	 30.254 	 234.147
FD10882	204.625 	 30.261 	 234.088
FD10882	204.750 	 30.279 	 234.061
FD10882	204.875 	 30.291 	 234.152
FD10882	205.000 	 30.312 	 234.240
FD10882	205.125 	 30.334 	 234.400
FD10882	205.250 	 30.355 	 234.354
FD10882	205.375 	 30.373 	 234.203
FD10882	205.500 	 30.393 	 234.220
FD10882	205.625 	 30.409 	 234.209
FD10882	205.750 	 30.418 	 234.247
FD10882	205.875 	 30.434 	 234.166
FD10882	206.000 	 30.439 	 234.027
FD10882	206.125 	 30.447 	 234.082
FD10882	206.250 	 30.452 	 234.184
FD10882	206.375 	 30.461 	 234.279
FD10882	206.500 	 30.466 	 234.270
FD10882	206.625 	 30.471 	 234.265
FD10882	206.750 	 30.480 	 234.313
FD10882	206.875 	 30.486 	 234.410
FD10882	207.000 	 30.485 	 234.398
FD10882	207.125 	 30.491 	 234.196
FD10882	207.250 	 30.490 	 234.014
FD10882	207.375 	 30.485 	 233.972
FD10882	207.500 	 30.487 	 233.959
FD10882	207.625 	 30.484 	 234.012
FD10882	207.750 	 30.481 	 234.133
FD10882	207.875 	 30.483 	 234.248
FD10882	208.000 	 30.479 	 234.238
FD10882	208.125 	 30.478 	 234.236
FD10882	208.250 	 30.474 	 234.434
FD10882	208.375 	 30.473 	 234.583
FD10882	208.500 	 30.466 	 234.648
FD10882	208.625 	 30.458 	 234.509
FD10882	208.750 	 30.449 	 234.218
FD10882	208.875 	 30.437 	 234.231
FD10882	209.000 	 30.425 	 234.444
FD10882	209.125 	 30.417 	 234.499
FD10882	209.250 	 30.399 	 234.564
FD10882	209.375 	 30.386 	 234.664
FD10882	209.500 	 30.377 	 234.579
FD10882	209.625 	 30.365 	 234.353
FD10882	209.750 	 30.350 	 234.213
FD10882	209.875 	 30.340 	 234.266
FD10882	210.000 	 30.328 	 234.295
FD10882	210.125 	 30.318 	 234.289
FD10882	210.250 	 30.300 	 234.449
FD10882	210.375 	 30.284 	 234.544
FD10882	210.500 	 30.270 	 234.320
FD10882	210.625 	 30.252 	 234.154
FD10882	210.750 	 30.249 	 234.331
FD10882	210.875 	 30.237 	 234.334
FD10882	211.000 	 30.238 	 234.081
FD10882	211.125 	 30.232 	 234.166
FD10882	211.250 	 30.232 	 234.387
FD10882	211.375 	 30.233 	 234.263
FD10882	211.500 	 30.237 	 234.032
FD10882	211.625 	 30.234 	 234.048
FD10882	211.750 	 30.233 	 234.157
FD10882	211.875 	 30.235 	 234.231
FD10882	212.000 	 30.232 	 234.473
FD10882	212.125 	 30.234 	 234.612
FD10882	212.250 	 30.240 	 234.311
FD10882	212.375 	 30.245 	 234.135
FD10882	212.500 	 30.253 	 234.382
FD10882	212.625 	 30.258 	 234.515
FD10882	212.750 	 30.262 	 234.424
FD10882	212.875 	 30.268 	 234.341
FD10882	213.000 	 30.266 	 234.298
FD10882	213.125 	 30.269 	 234.301
FD10882	213.250 	 30.270 	 234.310
FD10882	213.375 	 30.270 	 234.362
FD10882	213.500 	 30.268 	 234.507
FD10882	213.625 	 30.265 	 234.393
FD10882	213.750 	 30.270 	 234.166
FD10882	213.875 	 30.272 	 234.245
FD10882	214.000 	 30.278 	 234.455
FD10882	214.125 	 30.279 	 234.538
FD10882	214.250 	 30.291 	 234.538
FD10882	214.375 	 30.293 	 234.569
FD10882	214.500 	 30.307 	 234.593
FD10882	214.625 	 30.316 	 234.612
FD10882	214.750 	 30.329 	 234.470
FD10882	214.875 	 30.342 	 234.268
FD10882	215.000 	 30.361 	 234.342
FD10882	215.125 	 30.371 	 234.410
FD10882	215.250 	 30.386 	 234.277
FD10882	215.375 	 30.406 	 234.191
FD10882	215.500 	 30.422 	 234.191
FD10882	215.625 	 30.441 	 234.267
FD10882	215.750 	 30.463 	 234.338
FD10882	215.875 	 30.480 	 234.313
FD10882	216.000 	 30.497 	 234.133
FD10882	216.125 	 30.520 	 234.001
FD10882	216.250 	 30.541 	 234.127
FD10882	216.375 	 30.554 	 234.122
FD10882	216.500 	 30.574 	 234.080
FD10882	216.625 	 30.589 	 234.140
FD10882	216.750 	 30.606 	 234.103
FD10882	216.875 	 30.624 	 234.163
FD10882	217.000 	 30.637 	 234.210
FD10882	217.125 	 30.652 	 234.156
FD10882	217.250 	 30.660 	 234.182
FD10882	217.375 	 30.672 	 234.285
FD10882	217.500 	 30.679 	 234.303
FD10882	217.625 	 30.686 	 234.327
FD10882	217.750 	 30.690 	 234.422
FD10882	217.875 	 30.698 	 234.324
FD10882	218.000 	 30.708 	 234.246
FD10882	218.125 	 30.713 	 234.364
FD10882	218.250 	 30.718 	 234.468
FD10882	218.375 	 30.726 	 234.623
FD10882	218.500 	 30.727 	 234.746
FD10882	218.625 	 30.725 	 234.655
FD10882	218.750 	 30.725 	 234.520
FD10882	218.875 	 30.722 	 234.406
FD10882	219.000 	 30.717 	 234.269
FD10882	219.125 	 30.715 	 234.278
FD10882	219.250 	 30.717 	 234.374
FD10882	219.375 	 30.717 	 234.412
FD10882	219.500 	 30.717 	 234.375
FD10882	219.625 	 30.724 	 234.207
FD10882	219.750 	 30.726 	 234.008
FD10882	219.875 	 30.735 	 233.983
FD10882	220.000 	 30.730 	 234.011
FD10882	220.125 	 30.736 	 233.946
FD10882	220.250 	 30.731 	 234.055
FD10882	220.375 	 30.733 	 234.296
FD10882	220.500 	 30.732 	 234.376
FD10882	220.625 	 30.735 	 234.359
FD10882	220.750 	 30.733 	 234.365
FD10882	220.875 	 30.736 	 234.407
FD10882	221.000 	 30.738 	 234.448
FD10882	221.125 	 30.734 	 234.463
FD10882	221.250 	 30.733 	 234.482
FD10882	221.375 	 30.724 	 234.506
FD10882	221.500 	 30.719 	 234.450
FD10882	221.625 	 30.713 	 234.482
FD10882	221.750 	 30.711 	 234.542
FD10882	221.875 	 30.707 	 234.597
FD10882	222.000 	 30.703 	 234.782
FD10882	222.125 	 30.697 	 234.811
FD10882	222.250 	 30.696 	 234.624
FD10882	222.375 	 30.691 	 234.487
FD10882	222.500 	 30.694 	 234.503
FD10882	222.625 	 30.686 	 234.521
FD10882	222.750 	 30.684 	 234.628
FD10882	222.875 	 30.678 	 234.757
FD10882	223.000 	 30.678 	 234.898
FD10882	223.125 	 30.669 	 235.082
FD10882	223.250 	 30.662 	 234.980
FD10882	223.375 	 30.660 	 234.819
FD10882	223.500 	 30.654 	 235.043
FD10882	223.625 	 30.647 	 235.217
FD10882	223.750 	 30.639 	 235.020
FD10882	223.875 	 30.624 	 234.853
FD10882	224.000 	 30.622 	 235.011
FD10882	224.125 	 30.606 	 235.002
FD10882	224.250 	 30.600 	 234.719
FD10882	224.375 	 30.591 	 234.698
FD10882	224.500 	 30.586 	 234.917
FD10882	224.625 	 30.577 	 234.875
FD10882	224.750 	 30.576 	 234.553
FD10882	224.875 	 30.571 	 234.461
FD10882	225.000 	 30.566 	 234.589
FD10882	225.125 	 30.571 	 234.520
FD10882	225.250 	 30.575 	 234.277
FD10882	225.375 	 30.582 	 234.262
FD10882	225.500 	 30.596 	 234.388
FD10882	225.625 	 30.608 	 234.437
FD10882	225.750 	 30.625 	 234.475
FD10882	225.875 	 30.642 	 234.534
FD10882	226.000 	 30.659 	 234.463
FD10882	226.125 	 30.677 	 234.315
FD10882	226.250 	 30.697 	 234.393
FD10882	226.375 	 30.716 	 234.390
FD10882	226.500 	 30.735 	 234.354
FD10882	226.625 	 30.751 	 234.601
FD10882	226.750 	 30.761 	 234.701
FD10882	226.875 	 30.781 	 234.622
FD10882	227.000 	 30.792 	 234.781
FD10882	227.125 	 30.807 	 234.995
FD10882	227.250 	 30.810 	 234.895
FD10882	227.375 	 30.818 	 234.685
FD10882	227.500 	 30.813 	 234.757
FD10882	227.625 	 30.814 	 234.905
FD10882	227.750 	 30.802 	 234.787
FD10882	227.875 	 30.801 	 234.681
FD10882	228.000 	 30.787 	 234.816
FD10882	228.125 	 30.780 	 234.787
FD10882	228.250 	 30.769 	 234.549
FD10882	228.375 	 30.762 	 234.579
FD10882	228.500 	 30.753 	 234.755
FD10882	228.625 	 30.745 	 234.693
FD10882	228.750 	 30.742 	 234.518
FD10882	228.875 	 30.738 	 234.502
FD10882	229.000 	 30.739 	 234.730
FD10882	229.125 	 30.739 	 234.722
FD10882	229.250 	 30.741 	 234.474
FD10882	229.375 	 30.747 	 234.431
FD10882	229.500 	 30.754 	 234.527
FD10882	229.625 	 30.761 	 234.605
FD10882	229.750 	 30.776 	 234.626
FD10882	229.875 	 30.787 	 234.534
FD10882	230.000 	 30.800 	 234.410
FD10882	230.125 	 30.801 	 234.405
FD10882	230.250 	 30.810 	 234.447
FD10882	230.375 	 30.814 	 234.322
FD10882	230.500 	 30.812 	 234.119
FD10882	230.625 	 30.811 	 234.244
FD10882	230.750 	 30.815 	 234.571
FD10882	230.875 	 30.809 	 234.705
FD10882	231.000 	 30.809 	 234.680
FD10882	231.125 	 30.807 	 234.727
FD10882	231.250 	 30.807 	 234.715
FD10882	231.375 	 30.807 	 234.505
FD10882	231.500 	 30.804 	 234.380
FD10882	231.625 	 30.806 	 234.454
FD10882	231.750 	 30.802 	 234.536
FD10882	231.875 	 30.796 	 234.476
FD10882	232.000 	 30.793 	 234.477
FD10882	232.125 	 30.792 	 234.492
FD10882	232.250 	 30.794 	 234.557
FD10882	232.375 	 30.798 	 234.605
FD10882	232.500 	 30.801 	 234.417
FD10882	232.625 	 30.804 	 234.425
FD10882	232.750 	 30.806 	 234.708
FD10882	232.875 	 30.808 	 234.788
FD10882	233.000 	 30.806 	 234.542
FD10882	233.125 	 30.800 	 234.484
FD10882	233.250 	 30.796 	 234.703
FD10882	233.375 	 30.786 	 234.712
FD10882	233.500 	 30.773 	 234.690
FD10882	233.625 	 30.763 	 234.657
FD10882	233.750 	 30.747 	 234.487
FD10882	233.875 	 30.739 	 234.629
FD10882	234.000 	 30.732 	 234.745
FD10882	234.125 	 30.718 	 234.654
FD10882	234.250 	 30.711 	 234.809
FD10882	234.375 	 30.699 	 234.859
FD10882	234.500 	 30.689 	 234.614
FD10882	234.625 	 30.682 	 234.489
FD10882	234.750 	 30.672 	 234.710
FD10882	234.875 	 30.670 	 234.787
FD10882	235.000 	 30.662 	 234.658
FD10882	235.125 	 30.666 	 234.805
FD10882	235.250 	 30.668 	 234.977
FD10882	235.375 	 30.673 	 234.901
FD10882	235.500 	 30.685 	 234.859
FD10882	235.625 	 30.696 	 234.993
FD10882	235.750 	 30.706 	 234.903
FD10882	235.875 	 30.721 	 234.682
FD10882	236.000 	 30.732 	 234.866
FD10882	236.125 	 30.747 	 235.197
FD10882	236.250 	 30.758 	 234.827
FD10882	236.375 	 30.778 	 234.427
FD10882	236.500 	 30.796 	 234.686
FD10882	236.625 	 30.818 	 234.894
FD10882	236.750 	 30.839 	 234.676
FD10882	236.875 	 30.863 	 234.552
FD10882	237.000 	 30.888 	 234.748
FD10882	237.125 	 30.907 	 234.764
FD10882	237.250 	 30.929 	 234.742
FD10882	237.375 	 30.944 	 234.852
FD10882	237.500 	 30.960 	 234.793
FD10882	237.625 	 30.971 	 234.546
FD10882	237.750 	 30.983 	 234.392
FD10882	237.875 	 30.989 	 234.553
FD10882	238.000 	 30.999 	 234.697
FD10882	238.125 	 31.011 	 234.706
FD10882	238.250 	 31.015 	 234.724
FD10882	238.375 	 31.025 	 234.677
FD10882	238.500 	 31.034 	 234.651
FD10882	238.625 	 31.039 	 234.635
FD10882	238.750 	 31.043 	 234.487
FD10882	238.875 	 31.044 	 234.385
FD10882	239.000 	 31.049 	 234.474
FD10882	239.125 	 31.050 	 234.510
FD10882	239.250 	 31.047 	 234.490
FD10882	239.375 	 31.053 	 234.681
FD10882	239.500 	 31.060 	 234.748
FD10882	239.625 	 31.058 	 234.597
FD10882	239.750 	 31.064 	 234.655
FD10882	239.875 	 31.065 	 234.802
FD10882	240.000 	 31.068 	 234.745
FD10882	240.125 	 31.069 	 234.692
FD10882	240.250 	 31.067 	 234.709
FD10882	240.375 	 31.065 	 234.640
FD10882	240.500 	 31.057 	 234.653
FD10882	240.625 	 31.052 	 234.833
FD10882	240.750 	 31.043 	 234.803
FD10882	240.875 	 31.037 	 234.519
FD10882	241.000 	 31.026 	 234.516
FD10882	241.125 	 31.020 	 234.743
FD10882	241.250 	 31.011 	 234.664
FD10882	241.375 	 31.003 	 234.352
FD10882	241.500 	 30.996 	 234.374
FD10882	241.625 	 30.986 	 234.606
FD10882	241.750 	 30.978 	 234.566
FD10882	241.875 	 30.973 	 234.465
FD10882	242.000 	 30.967 	 234.477
FD10882	242.125 	 30.957 	 234.341
FD10882	242.250 	 30.947 	 234.168
FD10882	242.375 	 30.942 	 234.272
FD10882	242.500 	 30.932 	 234.326
FD10882	242.625 	 30.922 	 234.265
FD10882	242.750 	 30.916 	 234.313
FD10882	242.875 	 30.904 	 234.421
FD10882	243.000 	 30.898 	 234.582
FD10882	243.125 	 30.882 	 234.573
FD10882	243.250 	 30.877 	 234.368
FD10882	243.375 	 30.870 	 234.192
FD10882	243.500 	 30.862 	 234.223
FD10882	243.625 	 30.853 	 234.391
FD10882	243.750 	 30.849 	 234.376
FD10882	243.875 	 30.848 	 234.256
FD10882	244.000 	 30.847 	 234.183
FD10882	244.125 	 30.849 	 234.283
FD10882	244.250 	 30.853 	 234.328
FD10882	244.375 	 30.863 	 234.103
FD10882	244.500 	 30.874 	 234.166
FD10882	244.625 	 30.886 	 234.402
FD10882	244.750 	 30.896 	 234.272
FD10882	244.875 	 30.913 	 234.002
FD10882	245.000 	 30.931 	 234.009
FD10882	245.125 	 30.946 	 234.275
FD10882	245.250 	 30.969 	 234.321
FD10882	245.375 	 30.988 	 234.201
FD10882	245.500 	 31.010 	 234.395
FD10882	245.625 	 31.029 	 234.566
FD10882	245.750 	 31.052 	 234.538
FD10882	245.875 	 31.071 	 234.413
FD10882	246.000 	 31.094 	 234.296
FD10882	246.125 	 31.116 	 234.400
FD10882	246.250 	 31.133 	 234.380
FD10882	246.375 	 31.150 	 234.269
FD10882	246.500 	 31.165 	 234.274
FD10882	246.625 	 31.182 	 234.232
FD10882	246.750 	 31.194 	 234.351
FD10882	246.875 	 31.208 	 234.421
FD10882	247.000 	 31.210 	 234.283
FD10882	247.125 	 31.216 	 234.304
FD10882	247.250 	 31.221 	 234.427
FD10882	247.375 	 31.217 	 234.480
FD10882	247.500 	 31.214 	 234.467
FD10882	247.625 	 31.205 	 234.525
FD10882	247.750 	 31.193 	 234.649
FD10882	247.875 	 31.186 	 234.567
FD10882	248.000 	 31.175 	 234.342
FD10882	248.125 	 31.160 	 234.278
FD10882	248.250 	 31.147 	 234.289
FD10882	248.375 	 31.136 	 234.326
FD10882	248.500 	 31.122 	 234.388
FD10882	248.625 	 31.109 	 234.277
FD10882	248.750 	 31.105 	 234.175
FD10882	248.875 	 31.094 	 234.359
FD10882	249.000 	 31.091 	 234.455
FD10882	249.125 	 31.085 	 234.145
FD10882	249.250 	 31.087 	 234.030
FD10882	249.375 	 31.081 	 234.173
FD10882	249.500 	 31.082 	 234.103
FD10882	249.625 	 31.083 	 234.076
FD10882	249.750 	 31.089 	 234.313
FD10882	249.875 	 31.088 	 234.297
FD10882	250.000 	 31.099 	 234.044
FD10882	250.125 	 31.100 	 234.161
FD10882	250.250 	 31.108 	 234.472
FD10882	250.375 	 31.115 	 234.386
FD10882	250.500 	 31.120 	 234.139
FD10882	250.625 	 31.126 	 234.207
FD10882	250.750 	 31.133 	 234.451
FD10882	250.875 	 31.137 	 234.648
FD10882	251.000 	 31.147 	 234.745
FD10882	251.125 	 31.157 	 234.866
FD10882	251.250 	 31.165 	 234.970
FD10882	251.375 	 31.174 	 234.880
FD10882	251.500 	 31.188 	 234.723
FD10882	251.625 	 31.195 	 234.643
FD10882	251.750 	 31.207 	 234.821
FD10882	251.875 	 31.209 	 234.867
FD10882	252.000 	 31.221 	 234.560
FD10882	252.125 	 31.220 	 234.489
FD10882	252.250 	 31.228 	 234.645
FD10882	252.375 	 31.228 	 234.632
FD10882	252.500 	 31.232 	 234.565
FD10882	252.625 	 31.233 	 234.558
FD10882	252.750 	 31.235 	 234.498
FD10882	252.875 	 31.231 	 234.547
FD10882	253.000 	 31.228 	 234.625
FD10882	253.125 	 31.219 	 234.620
FD10882	253.250 	 31.214 	 234.530
FD10882	253.375 	 31.205 	 234.459
FD10882	253.500 	 31.198 	 234.535
FD10882	253.625 	 31.189 	 234.546
FD10882	253.750 	 31.185 	 234.378
FD10882	253.875 	 31.176 	 234.344
FD10882	254.000 	 31.174 	 234.519
FD10882	254.125 	 31.166 	 234.596
FD10882	254.250 	 31.164 	 234.476
FD10882	254.375 	 31.160 	 234.337
FD10882	254.500 	 31.158 	 234.405
FD10882	254.625 	 31.158 	 234.546
FD10882	254.750 	 31.153 	 234.522
FD10882	254.875 	 31.158 	 234.350
FD10882	255.000 	 31.160 	 234.266
FD10882	255.125 	 31.164 	 234.364
FD10882	255.250 	 31.174 	 234.471
FD10882	255.375 	 31.180 	 234.376
FD10882	255.500 	 31.196 	 234.252
FD10882	255.625 	 31.204 	 234.232
FD10882	255.750 	 31.215 	 234.278
FD10882	255.875 	 31.228 	 234.277
FD10882	256.000 	 31.233 	 234.169
FD10882	256.125 	 31.249 	 234.079
FD10882	256.250 	 31.258 	 234.080
FD10882	256.375 	 31.271 	 234.234
FD10882	256.500 	 31.284 	 234.377
FD10882	256.625 	 31.297 	 234.565
FD10882	256.750 	 31.308 	 234.726
FD10882	256.875 	 31.314 	 234.784
FD10882	257.000 	 31.322 	 234.717
FD10882	257.125 	 31.326 	 234.675
FD10882	257.250 	 31.332 	 234.790
FD10882	257.375 	 31.337 	 234.949
FD10882	257.500 	 31.338 	 235.210
FD10882	257.625 	 31.345 	 235.256
FD10882	257.750 	 31.345 	 235.229
FD10882	257.875 	 31.354 	 235.288
FD10882	258.000 	 31.355 	 235.173
FD10882	258.125 	 31.363 	 234.976
FD10882	258.250 	 31.365 	 234.975
FD10882	258.375 	 31.371 	 235.179
FD10882	258.500 	 31.371 	 235.310
FD10882	258.625 	 31.376 	 235.464
FD10882	258.750 	 31.378 	 235.439
FD10882	258.875 	 31.385 	 235.047
FD10882	259.000 	 31.383 	 234.858
FD10882	259.125 	 31.388 	 234.802
FD10882	259.250 	 31.388 	 234.716
FD10882	259.375 	 31.388 	 234.744
FD10882	259.500 	 31.383 	 234.755
FD10882	259.625 	 31.379 	 234.600
FD10882	259.750 	 31.374 	 234.534
FD10882	259.875 	 31.363 	 234.626
FD10882	260.000 	 31.353 	 234.496
FD10882	260.125 	 31.347 	 234.399
FD10882	260.250 	 31.332 	 234.481
FD10882	260.375 	 31.315 	 234.448
FD10882	260.500 	 31.299 	 234.359
FD10882	260.625 	 31.288 	 234.353
FD10882	260.750 	 31.264 	 234.307
FD10882	260.875 	 31.250 	 234.226
FD10882	261.000 	 31.226 	 234.162
FD10882	261.125 	 31.205 	 234.193
FD10882	261.250 	 31.184 	 234.132
FD10882	261.375 	 31.162 	 234.028
FD10882	261.500 	 31.138 	 233.967
FD10882	261.625 	 31.118 	 233.902
FD10882	261.750 	 31.098 	 234.028
FD10882	261.875 	 31.083 	 234.047
FD10882	262.000 	 31.073 	 233.958
FD10882	262.125 	 31.057 	 233.956
FD10882	262.250 	 31.050 	 233.995
FD10882	262.375 	 31.038 	 234.011
FD10882	262.500 	 31.026 	 234.052
FD10882	262.625 	 31.013 	 234.058
FD10882	262.750 	 31.003 	 234.335
FD10882	262.875 	 30.998 	 234.490
FD10882	263.000 	 30.995 	 234.268
FD10882	263.125 	 30.990 	 234.258
FD10882	263.250 	 30.995 	 234.348
FD10882	263.375 	 30.999 	 234.283
FD10882	263.500 	 31.005 	 234.235
FD10882	263.625 	 31.019 	 234.179
FD10882	263.750 	 31.026 	 234.086
FD10882	263.875 	 31.033 	 234.181
FD10882	264.000 	 31.041 	 234.208
FD10882	264.125 	 31.052 	 234.242
FD10882	264.250 	 31.064 	 234.372
FD10882	264.375 	 31.077 	 234.478
FD10882	264.500 	 31.085 	 234.567
FD10882	264.625 	 31.107 	 234.533
FD10882	264.750 	 31.122 	 234.485
FD10882	264.875 	 31.141 	 234.495
FD10882	265.000 	 31.152 	 234.459
FD10882	265.125 	 31.171 	 234.436
FD10882	265.250 	 31.177 	 234.346
FD10882	265.375 	 31.189 	 234.319
FD10882	265.500 	 31.199 	 234.437
FD10882	265.625 	 31.205 	 234.442
FD10882	265.750 	 31.212 	 234.443
FD10882	265.875 	 31.218 	 234.449
FD10882	266.000 	 31.224 	 234.440
FD10882	266.125 	 31.226 	 234.412
FD10882	266.250 	 31.229 	 234.344
FD10882	266.375 	 31.234 	 234.317
FD10882	266.500 	 31.228 	 234.313
FD10882	266.625 	 31.230 	 234.317
FD10882	266.750 	 31.230 	 234.317
FD10882	266.875 	 31.230 	 234.317
FD10882	267.000 	 31.229 	 234.311
FD10882	267.125 	 31.230 	 234.317
FD10882	267.250 	 31.230 	 234.317
FD10882	267.375 	 31.230 	 234.317
FD10882	267.500 	 31.230 	 234.317
FD10882	267.625 	 31.228 	 234.313
FD10882	267.750 	 31.231 	 234.315
FD10882	267.875 	 31.234 	 234.317
FD10882	268.000 	 31.230 	 234.317
FD10882	268.125 	 31.228 	 234.313
FD10882	268.250 	 31.230 	 234.317
FD10882	268.375 	 31.230 	 234.317
FD10882	268.500 	 31.230 	 234.317
FD10882	268.625 	 31.231 	 234.315
FD10882	268.750 	 31.228 	 234.313
FD10882	268.875 	 31.230 	 234.317
FD10882	269.000 	 31.230 	 234.317
FD10882	269.125 	 31.230 	 234.317
FD10882	269.250 	 31.230 	 234.317
FD10882	269.375 	 31.228 	 234.313
FD10882	269.500 	 31.235 	 234.315
FD10882	269.625 	 31.230 	 234.317
FD10882	269.750 	 31.230 	 234.317
FD10882	269.875 	 31.228 	 234.313
FD10882	270.000 	 31.230 	 234.317
FD10882	270.125 	 31.230 	 234.317
FD10882	270.250 	 31.231 	 234.315
FD10882	270.375 	 31.230 	 234.317
FD10882	270.500 	 31.228 	 234.313
FD10882	270.625 	 31.230 	 234.317
FD10882	270.750 	 31.230 	 234.317
FD10882	270.875 	 31.230 	 234.317
FD10882	271.000 	 31.230 	 234.317
FD10882	271.125 	 31.232 	 234.311
FD10882	271.250 	 31.230 	 234.317
FD10882	271.375 	 31.230 	 234.317
FD10882	271.500 	 31.230 	 234.317
FD10882	271.625 	 31.228 	 234.313
FD10882	271.750 	 31.230 	 234.317
FD10882	271.875 	 31.231 	 234.315
FD10882	272.000 	 31.230 	 234.317
FD10882	272.125 	 31.230 	 234.317
FD10882	272.250 	 31.228 	 234.313
FD10882	272.375 	 31.230 	 234.317
FD10882	272.500 	 31.230 	 234.317
FD10882	272.625 	 31.234 	 234.317
FD10882	272.750 	 31.229 	 234.311
FD10882	272.875 	 31.230 	 234.317
FD10882	273.000 	 31.230 	 234.317
FD10882	273.125 	 31.230 	 234.317
FD10882	273.250 	 31.230 	 234.317
FD10882	273.375 	 31.228 	 234.313
FD10882	273.500 	 31.231 	 234.315
FD10882	273.625 	 31.230 	 234.317
FD10882	273.750 	 31.230 	 234.317
FD10882	273.875 	 31.230 	 234.317
FD10882	274.000 	 31.228 	 234.313
FD10882	274.125 	 31.230 	 234.317
FD10882	274.250 	 31.234 	 234.317
FD10882	274.375 	 31.231 	 234.315
FD10882	274.500 	 31.228 	 234.313
FD10882	274.625 	 31.230 	 234.317
FD10882	274.750 	 31.230 	 234.317
FD10882	274.875 	 31.230 	 234.317
FD10882	275.000 	 31.230 	 234.317
FD10882	275.125 	 31.228 	 234.313
FD10882	275.250 	 31.231 	 234.315
FD10882	275.375 	 31.230 	 234.317
FD10882	275.500 	 31.230 	 234.317
FD10882	275.625 	 31.228 	 234.313
FD10882	275.750 	 31.230 	 234.317
FD10882	275.875 	 31.234 	 234.317
FD10882	276.000 	 31.231 	 234.315
