#WellName	 Depth.M	 INCL	 AZIM 
WellName	 Depth.M	 INCL	 AZIM 
FD10910	0.000 	 0.000 	 0.000
FD10910	0.125 	 0.000 	 90.000
FD10910	0.250 	 0.000 	 90.000
FD10910	0.375 	 0.000 	 90.000
FD10910	0.500 	 0.000 	 90.000
FD10910	0.625 	 0.000 	 90.000
FD10910	0.750 	 0.000 	 90.000
FD10910	0.875 	 0.000 	 90.000
FD10910	1.000 	 0.000 	 90.000
FD10910	1.125 	 0.000 	 90.000
FD10910	1.250 	 0.000 	 90.000
FD10910	1.375 	 0.000 	 90.000
FD10910	1.500 	 0.000 	 90.000
FD10910	1.625 	 0.000 	 90.000
FD10910	1.750 	 0.000 	 90.000
FD10910	1.875 	 0.000 	 90.000
FD10910	2.000 	 0.000 	 90.000
FD10910	2.125 	 0.000 	 90.000
FD10910	2.250 	 0.000 	 90.000
FD10910	2.375 	 0.000 	 90.000
FD10910	2.500 	 0.000 	 90.000
FD10910	2.625 	 0.000 	 90.000
FD10910	2.750 	 0.000 	 90.000
FD10910	2.875 	 0.000 	 90.000
FD10910	3.000 	 0.000 	 90.000
FD10910	3.125 	 0.000 	 90.000
FD10910	3.250 	 0.000 	 90.000
FD10910	3.375 	 0.000 	 90.000
FD10910	3.500 	 0.000 	 90.000
FD10910	3.625 	 0.000 	 90.000
FD10910	3.750 	 0.000 	 90.000
FD10910	3.875 	 0.000 	 90.000
FD10910	4.000 	 0.000 	 90.000
FD10910	4.125 	 0.000 	 90.000
FD10910	4.250 	 0.000 	 90.000
FD10910	4.375 	 0.000 	 90.000
FD10910	4.500 	 0.000 	 90.000
FD10910	4.625 	 0.000 	 90.000
FD10910	4.750 	 0.000 	 90.000
FD10910	4.875 	 0.000 	 90.000
FD10910	5.000 	 0.000 	 90.000
FD10910	5.125 	 0.000 	 90.000
FD10910	5.250 	 0.000 	 90.000
FD10910	5.375 	 0.000 	 90.000
FD10910	5.500 	 0.000 	 90.000
FD10910	5.625 	 0.000 	 90.000
FD10910	5.750 	 0.000 	 90.000
FD10910	5.875 	 0.000 	 90.000
FD10910	6.000 	 0.000 	 90.000
FD10910	6.125 	 0.000 	 90.000
FD10910	6.250 	 0.000 	 90.000
FD10910	6.375 	 0.000 	 90.000
FD10910	6.500 	 0.000 	 90.000
FD10910	6.625 	 0.000 	 90.000
FD10910	6.750 	 0.000 	 90.000
FD10910	6.875 	 0.000 	 90.000
FD10910	7.000 	 0.000 	 90.000
FD10910	7.125 	 0.000 	 90.000
FD10910	7.250 	 0.000 	 90.000
FD10910	7.375 	 0.000 	 90.000
FD10910	7.500 	 0.000 	 90.000
FD10910	7.625 	 0.000 	 90.000
FD10910	7.750 	 0.000 	 90.000
FD10910	7.875 	 0.000 	 90.000
FD10910	8.000 	 0.000 	 90.000
FD10910	8.125 	 0.000 	 90.000
FD10910	8.250 	 0.000 	 90.000
FD10910	8.375 	 0.000 	 90.000
FD10910	8.500 	 0.000 	 90.000
FD10910	8.625 	 0.000 	 90.000
FD10910	8.750 	 0.000 	 90.000
FD10910	8.875 	 0.000 	 90.000
FD10910	9.000 	 0.000 	 90.000
FD10910	9.125 	 0.000 	 90.000
FD10910	9.250 	 0.000 	 90.000
FD10910	9.375 	 0.000 	 90.000
FD10910	9.500 	 0.000 	 90.000
FD10910	9.625 	 0.000 	 90.000
FD10910	9.750 	 0.000 	 90.000
FD10910	9.875 	 0.000 	 90.000
FD10910	10.000 	 0.000 	 90.000
FD10910	10.125 	 0.000 	 90.000
FD10910	10.250 	 0.000 	 90.000
FD10910	10.375 	 0.000 	 90.000
FD10910	10.500 	 0.000 	 90.000
FD10910	10.625 	 0.000 	 90.000
FD10910	10.750 	 0.000 	 90.000
FD10910	10.875 	 0.000 	 90.000
FD10910	11.000 	 0.000 	 90.000
FD10910	11.125 	 0.000 	 90.000
FD10910	11.250 	 0.000 	 90.000
FD10910	11.375 	 0.000 	 90.000
FD10910	11.500 	 0.000 	 90.000
FD10910	11.625 	 0.000 	 90.000
FD10910	11.750 	 0.000 	 90.000
FD10910	11.875 	 0.000 	 90.000
FD10910	12.000 	 0.000 	 90.000
FD10910	12.125 	 0.000 	 90.000
FD10910	12.250 	 0.000 	 90.000
FD10910	12.375 	 0.000 	 90.000
FD10910	12.500 	 0.000 	 90.000
FD10910	12.625 	 0.000 	 90.000
FD10910	12.750 	 0.000 	 90.000
FD10910	12.875 	 0.000 	 90.000
FD10910	13.000 	 0.000 	 90.000
FD10910	13.125 	 0.000 	 90.000
FD10910	13.250 	 0.000 	 90.000
FD10910	13.375 	 0.000 	 90.000
FD10910	13.500 	 0.000 	 90.000
FD10910	13.625 	 0.000 	 90.000
FD10910	13.750 	 0.000 	 90.000
FD10910	13.875 	 0.000 	 90.000
FD10910	14.000 	 0.000 	 90.000
FD10910	14.125 	 0.000 	 90.000
FD10910	14.250 	 0.000 	 90.000
FD10910	14.375 	 0.000 	 90.000
FD10910	14.500 	 0.000 	 90.000
FD10910	14.625 	 0.000 	 90.000
FD10910	14.750 	 0.000 	 90.000
FD10910	14.875 	 0.000 	 90.000
FD10910	15.000 	 0.000 	 90.000
FD10910	15.125 	 0.000 	 90.000
FD10910	15.250 	 0.000 	 90.000
FD10910	15.375 	 0.000 	 90.000
FD10910	15.500 	 0.000 	 90.000
FD10910	15.625 	 0.000 	 90.000
FD10910	15.750 	 0.000 	 90.000
FD10910	15.875 	 0.000 	 90.000
FD10910	16.000 	 0.000 	 90.000
FD10910	16.125 	 0.000 	 90.000
FD10910	16.250 	 0.000 	 90.000
FD10910	16.375 	 0.000 	 90.000
FD10910	16.500 	 0.000 	 90.000
FD10910	16.625 	 0.000 	 90.000
FD10910	16.750 	 0.000 	 90.000
FD10910	16.875 	 0.000 	 90.000
FD10910	17.000 	 0.000 	 90.000
FD10910	17.125 	 0.000 	 90.000
FD10910	17.250 	 0.000 	 90.000
FD10910	17.375 	 0.000 	 90.000
FD10910	17.500 	 0.000 	 90.000
FD10910	17.625 	 0.000 	 90.000
FD10910	17.750 	 0.000 	 90.000
FD10910	17.875 	 0.000 	 90.000
FD10910	18.000 	 0.000 	 90.000
FD10910	18.125 	 0.000 	 90.000
FD10910	18.250 	 0.000 	 90.000
FD10910	18.375 	 0.000 	 90.000
FD10910	18.500 	 0.000 	 90.000
FD10910	18.625 	 0.000 	 90.000
FD10910	18.750 	 0.000 	 90.000
FD10910	18.875 	 0.000 	 90.000
FD10910	19.000 	 0.000 	 90.000
FD10910	19.125 	 0.000 	 90.000
FD10910	19.250 	 0.000 	 90.000
FD10910	19.375 	 0.000 	 90.000
FD10910	19.500 	 0.000 	 90.000
FD10910	19.625 	 0.000 	 90.000
FD10910	19.750 	 0.000 	 90.000
FD10910	19.875 	 0.000 	 90.000
FD10910	20.000 	 0.000 	 90.000
FD10910	20.125 	 0.000 	 90.000
FD10910	20.250 	 0.000 	 90.000
FD10910	20.375 	 0.000 	 90.000
FD10910	20.500 	 0.000 	 90.000
FD10910	20.625 	 0.000 	 90.000
FD10910	20.750 	 0.000 	 90.000
FD10910	20.875 	 0.000 	 90.000
FD10910	21.000 	 0.000 	 90.000
FD10910	21.125 	 0.000 	 90.000
FD10910	21.250 	 0.000 	 90.000
FD10910	21.375 	 0.000 	 90.000
FD10910	21.500 	 0.000 	 90.000
FD10910	21.625 	 0.000 	 90.000
FD10910	21.750 	 0.000 	 90.000
FD10910	21.875 	 0.000 	 90.000
FD10910	22.000 	 0.000 	 90.000
FD10910	22.125 	 0.000 	 90.000
FD10910	22.250 	 0.000 	 90.000
FD10910	22.375 	 0.000 	 90.000
FD10910	22.500 	 0.000 	 90.000
FD10910	22.625 	 0.000 	 90.000
FD10910	22.750 	 0.000 	 90.000
FD10910	22.875 	 0.000 	 90.000
FD10910	23.000 	 0.000 	 90.000
FD10910	23.125 	 0.000 	 90.000
FD10910	23.250 	 0.000 	 90.000
FD10910	23.375 	 0.000 	 90.000
FD10910	23.500 	 0.000 	 90.000
FD10910	23.625 	 0.000 	 90.000
FD10910	23.750 	 0.000 	 90.000
FD10910	23.875 	 0.000 	 90.000
FD10910	24.000 	 0.000 	 90.000
FD10910	24.125 	 0.000 	 90.000
FD10910	24.250 	 0.000 	 90.000
FD10910	24.375 	 0.000 	 90.000
FD10910	24.500 	 0.000 	 90.000
FD10910	24.625 	 0.000 	 90.000
FD10910	24.750 	 0.000 	 90.000
FD10910	24.875 	 0.000 	 90.000
FD10910	25.000 	 0.000 	 90.000
FD10910	25.125 	 0.000 	 90.000
FD10910	25.250 	 0.000 	 90.000
FD10910	25.375 	 0.000 	 90.000
FD10910	25.500 	 0.000 	 90.000
FD10910	25.625 	 0.000 	 90.000
FD10910	25.750 	 0.000 	 90.000
FD10910	25.875 	 0.000 	 90.000
FD10910	26.000 	 0.000 	 90.000
FD10910	26.125 	 0.000 	 90.000
FD10910	26.250 	 0.000 	 90.000
FD10910	26.375 	 0.000 	 90.000
FD10910	26.500 	 0.000 	 90.000
FD10910	26.625 	 0.000 	 90.000
FD10910	26.750 	 0.000 	 90.000
FD10910	26.875 	 0.000 	 90.000
FD10910	27.000 	 0.000 	 90.000
FD10910	27.125 	 0.000 	 90.000
FD10910	27.250 	 0.000 	 90.000
FD10910	27.375 	 0.000 	 90.000
FD10910	27.500 	 0.000 	 90.000
FD10910	27.625 	 0.000 	 90.000
FD10910	27.750 	 0.000 	 90.000
FD10910	27.875 	 0.000 	 90.000
FD10910	28.000 	 0.000 	 90.000
FD10910	28.125 	 0.000 	 90.000
FD10910	28.250 	 0.000 	 90.000
FD10910	28.375 	 0.000 	 90.000
FD10910	28.500 	 0.000 	 90.000
FD10910	28.625 	 0.000 	 90.000
FD10910	28.750 	 0.000 	 90.000
FD10910	28.875 	 0.000 	 90.000
FD10910	29.000 	 0.000 	 90.000
FD10910	29.125 	 0.000 	 90.000
FD10910	29.250 	 0.000 	 90.000
FD10910	29.375 	 0.000 	 90.000
FD10910	29.500 	 0.000 	 90.000
FD10910	29.625 	 0.000 	 90.000
FD10910	29.750 	 0.000 	 90.000
FD10910	29.875 	 0.000 	 90.000
FD10910	30.000 	 0.000 	 90.000
FD10910	30.125 	 0.000 	 90.000
FD10910	30.250 	 0.000 	 90.000
FD10910	30.375 	 0.000 	 90.000
FD10910	30.500 	 0.000 	 90.000
FD10910	30.625 	 0.000 	 90.000
FD10910	30.750 	 0.000 	 90.000
FD10910	30.875 	 0.000 	 90.000
FD10910	31.000 	 0.000 	 90.000
FD10910	31.125 	 0.000 	 90.000
FD10910	31.250 	 0.000 	 90.000
FD10910	31.375 	 0.000 	 90.000
FD10910	31.500 	 0.000 	 90.000
FD10910	31.625 	 0.000 	 90.000
FD10910	31.750 	 0.000 	 90.000
FD10910	31.875 	 0.000 	 90.000
FD10910	32.000 	 0.000 	 90.000
FD10910	32.125 	 0.000 	 90.000
FD10910	32.250 	 0.000 	 90.000
FD10910	32.375 	 0.000 	 90.000
FD10910	32.500 	 0.000 	 90.000
FD10910	32.625 	 0.000 	 90.000
FD10910	32.750 	 0.000 	 90.000
FD10910	32.875 	 0.000 	 90.000
FD10910	33.000 	 0.000 	 90.000
FD10910	33.125 	 0.000 	 90.000
FD10910	33.250 	 0.000 	 90.000
FD10910	33.375 	 0.000 	 90.000
FD10910	33.500 	 0.000 	 90.000
FD10910	33.625 	 0.000 	 90.000
FD10910	33.750 	 0.000 	 90.000
FD10910	33.875 	 0.000 	 90.000
FD10910	34.000 	 0.000 	 90.000
FD10910	34.125 	 0.000 	 90.000
FD10910	34.250 	 0.000 	 90.000
FD10910	34.375 	 0.000 	 90.000
FD10910	34.500 	 0.000 	 90.000
FD10910	34.625 	 0.000 	 90.000
FD10910	34.750 	 0.000 	 90.000
FD10910	34.875 	 0.000 	 90.000
FD10910	35.000 	 0.000 	 90.000
FD10910	35.125 	 0.000 	 90.000
FD10910	35.250 	 0.000 	 90.000
FD10910	35.375 	 0.000 	 90.000
FD10910	35.500 	 0.000 	 90.000
FD10910	35.625 	 0.000 	 90.000
FD10910	35.750 	 0.000 	 90.000
FD10910	35.875 	 0.000 	 90.000
FD10910	36.000 	 0.000 	 90.000
FD10910	36.125 	 0.000 	 90.000
FD10910	36.250 	 0.000 	 90.000
FD10910	36.375 	 0.000 	 90.000
FD10910	36.500 	 0.000 	 90.000
FD10910	36.625 	 0.000 	 90.000
FD10910	36.750 	 0.000 	 90.000
FD10910	36.875 	 0.000 	 90.000
FD10910	37.000 	 0.000 	 90.000
FD10910	37.125 	 0.000 	 90.000
FD10910	37.250 	 0.000 	 90.000
FD10910	37.375 	 0.000 	 90.000
FD10910	37.500 	 0.000 	 90.000
FD10910	37.625 	 0.000 	 90.000
FD10910	37.750 	 0.000 	 90.000
FD10910	37.875 	 0.000 	 90.000
FD10910	38.000 	 0.000 	 90.000
FD10910	38.125 	 0.000 	 90.000
FD10910	38.250 	 0.000 	 90.000
FD10910	38.375 	 0.000 	 90.000
FD10910	38.500 	 0.000 	 90.000
FD10910	38.625 	 0.000 	 90.000
FD10910	38.750 	 0.000 	 90.000
FD10910	38.875 	 0.000 	 90.000
FD10910	39.000 	 0.000 	 90.000
FD10910	39.125 	 0.000 	 90.000
FD10910	39.250 	 0.000 	 90.000
FD10910	39.375 	 0.000 	 90.000
FD10910	39.500 	 0.000 	 90.000
FD10910	39.625 	 0.000 	 90.000
FD10910	39.750 	 0.000 	 90.000
FD10910	39.875 	 0.000 	 90.000
FD10910	40.000 	 0.000 	 90.000
FD10910	40.125 	 0.000 	 90.000
FD10910	40.250 	 0.000 	 90.000
FD10910	40.375 	 0.000 	 90.000
FD10910	40.500 	 0.000 	 90.000
FD10910	40.625 	 0.000 	 90.000
FD10910	40.750 	 0.000 	 90.000
FD10910	40.875 	 0.000 	 90.000
FD10910	41.000 	 0.000 	 90.000
FD10910	41.125 	 0.000 	 90.000
FD10910	41.250 	 0.000 	 90.000
FD10910	41.375 	 0.000 	 90.000
FD10910	41.500 	 0.000 	 90.000
FD10910	41.625 	 0.000 	 90.000
FD10910	41.750 	 0.000 	 90.000
FD10910	41.875 	 0.000 	 90.000
FD10910	42.000 	 0.000 	 90.000
FD10910	42.125 	 0.000 	 90.000
FD10910	42.250 	 0.000 	 90.000
FD10910	42.375 	 0.000 	 90.000
FD10910	42.500 	 0.000 	 90.000
FD10910	42.625 	 0.000 	 90.000
FD10910	42.750 	 0.000 	 90.000
FD10910	42.875 	 0.000 	 90.000
FD10910	43.000 	 0.000 	 90.000
FD10910	43.125 	 0.000 	 90.000
FD10910	43.250 	 0.000 	 90.000
FD10910	43.375 	 0.000 	 90.000
FD10910	43.500 	 0.000 	 90.000
FD10910	43.625 	 0.000 	 90.000
FD10910	43.750 	 0.000 	 90.000
FD10910	43.875 	 0.000 	 90.000
FD10910	44.000 	 0.000 	 90.000
FD10910	44.125 	 0.000 	 90.000
FD10910	44.250 	 0.000 	 90.000
FD10910	44.375 	 0.000 	 90.000
FD10910	44.500 	 0.000 	 90.000
FD10910	44.625 	 0.000 	 90.000
FD10910	44.750 	 0.000 	 90.000
FD10910	44.875 	 0.000 	 90.000
FD10910	45.000 	 0.000 	 90.000
FD10910	45.125 	 0.000 	 90.000
FD10910	45.250 	 0.000 	 90.000
FD10910	45.375 	 0.000 	 90.000
FD10910	45.500 	 0.000 	 90.000
FD10910	45.625 	 0.000 	 90.000
FD10910	45.750 	 0.000 	 90.000
FD10910	45.875 	 0.000 	 90.000
FD10910	46.000 	 0.000 	 90.000
FD10910	46.125 	 0.000 	 90.000
FD10910	46.250 	 0.000 	 90.000
FD10910	46.375 	 0.000 	 90.000
FD10910	46.500 	 0.000 	 90.000
FD10910	46.625 	 0.000 	 90.000
FD10910	46.750 	 0.000 	 90.000
FD10910	46.875 	 0.000 	 90.000
FD10910	47.000 	 0.000 	 90.000
FD10910	47.125 	 0.000 	 90.000
FD10910	47.250 	 0.000 	 90.000
FD10910	47.375 	 0.000 	 90.000
FD10910	47.500 	 0.000 	 90.000
FD10910	47.625 	 0.000 	 90.000
FD10910	47.750 	 0.000 	 90.000
FD10910	47.875 	 0.000 	 90.000
FD10910	48.000 	 0.000 	 90.000
FD10910	48.125 	 0.000 	 90.000
FD10910	48.250 	 0.000 	 90.000
FD10910	48.375 	 0.000 	 90.000
FD10910	48.500 	 0.000 	 90.000
FD10910	48.625 	 0.000 	 90.000
FD10910	48.750 	 0.000 	 90.000
FD10910	48.875 	 0.000 	 90.000
FD10910	49.000 	 0.000 	 90.000
FD10910	49.125 	 0.000 	 90.000
FD10910	49.250 	 0.000 	 90.000
FD10910	49.375 	 0.000 	 90.000
FD10910	49.500 	 0.000 	 90.000
FD10910	49.625 	 0.000 	 90.000
FD10910	49.750 	 0.000 	 90.000
FD10910	49.875 	 0.000 	 90.000
FD10910	50.000 	 0.000 	 90.000
FD10910	50.125 	 0.000 	 90.000
FD10910	50.250 	 0.000 	 90.000
FD10910	50.375 	 0.000 	 90.000
FD10910	50.500 	 0.000 	 90.000
FD10910	50.625 	 0.000 	 90.000
FD10910	50.750 	 0.000 	 90.000
FD10910	50.875 	 0.000 	 90.000
FD10910	51.000 	 0.000 	 90.000
FD10910	51.125 	 0.000 	 90.000
FD10910	51.250 	 0.000 	 90.000
FD10910	51.375 	 0.000 	 90.000
FD10910	51.500 	 0.000 	 90.000
FD10910	51.625 	 0.000 	 90.000
FD10910	51.750 	 0.000 	 90.000
FD10910	51.875 	 0.000 	 90.000
FD10910	52.000 	 0.000 	 90.000
FD10910	52.125 	 0.000 	 90.000
FD10910	52.250 	 0.000 	 90.000
FD10910	52.375 	 0.000 	 90.000
FD10910	52.500 	 0.000 	 90.000
FD10910	52.625 	 0.000 	 90.000
FD10910	52.750 	 0.000 	 90.000
FD10910	52.875 	 0.000 	 90.000
FD10910	53.000 	 0.000 	 90.000
FD10910	53.125 	 0.000 	 90.000
FD10910	53.250 	 0.000 	 90.000
FD10910	53.375 	 0.000 	 90.000
FD10910	53.500 	 0.000 	 90.000
FD10910	53.625 	 0.000 	 90.000
FD10910	53.750 	 0.000 	 90.000
FD10910	53.875 	 0.000 	 90.000
FD10910	54.000 	 0.000 	 90.000
FD10910	54.125 	 0.000 	 90.000
FD10910	54.250 	 0.000 	 90.000
FD10910	54.375 	 0.000 	 90.000
FD10910	54.500 	 0.000 	 90.000
FD10910	54.625 	 0.000 	 90.000
FD10910	54.750 	 0.000 	 90.000
FD10910	54.875 	 0.000 	 90.000
FD10910	55.000 	 0.000 	 90.000
FD10910	55.125 	 0.000 	 90.000
FD10910	55.250 	 0.000 	 90.000
FD10910	55.375 	 0.000 	 90.000
FD10910	55.500 	 0.000 	 90.000
FD10910	55.625 	 0.000 	 90.000
FD10910	55.750 	 0.000 	 90.000
FD10910	55.875 	 0.000 	 90.000
FD10910	56.000 	 0.000 	 90.000
FD10910	56.125 	 0.000 	 90.000
FD10910	56.250 	 0.000 	 90.000
FD10910	56.375 	 0.000 	 90.000
FD10910	56.500 	 0.000 	 90.000
FD10910	56.625 	 0.000 	 90.000
FD10910	56.750 	 0.000 	 90.000
FD10910	56.875 	 0.000 	 90.000
FD10910	57.000 	 0.000 	 90.000
FD10910	57.125 	 0.000 	 90.000
FD10910	57.250 	 0.000 	 90.000
FD10910	57.375 	 0.000 	 90.000
FD10910	57.500 	 0.000 	 90.000
FD10910	57.625 	 0.000 	 90.000
FD10910	57.750 	 0.000 	 90.000
FD10910	57.875 	 0.000 	 90.000
FD10910	58.000 	 0.000 	 90.000
FD10910	58.125 	 0.000 	 90.000
FD10910	58.250 	 0.000 	 90.000
FD10910	58.375 	 0.000 	 90.000
FD10910	58.500 	 0.000 	 90.000
FD10910	58.625 	 0.000 	 90.000
FD10910	58.750 	 0.000 	 90.000
FD10910	58.875 	 0.000 	 90.000
FD10910	59.000 	 0.000 	 90.000
FD10910	59.125 	 0.000 	 90.000
FD10910	59.250 	 0.000 	 90.000
FD10910	59.375 	 0.000 	 90.000
FD10910	59.500 	 0.000 	 90.000
FD10910	59.625 	 0.000 	 90.000
FD10910	59.750 	 0.000 	 90.000
FD10910	59.875 	 0.000 	 90.000
FD10910	60.000 	 0.000 	 90.000
FD10910	60.125 	 0.000 	 90.000
FD10910	60.250 	 0.000 	 90.000
FD10910	60.375 	 0.000 	 90.000
FD10910	60.500 	 0.000 	 90.000
FD10910	60.625 	 0.000 	 90.000
FD10910	60.750 	 0.000 	 90.000
FD10910	60.875 	 0.000 	 90.000
FD10910	61.000 	 0.000 	 90.000
FD10910	61.125 	 0.000 	 90.000
FD10910	61.250 	 0.000 	 90.000
FD10910	61.375 	 0.000 	 90.000
FD10910	61.500 	 0.000 	 90.000
FD10910	61.625 	 0.000 	 90.000
FD10910	61.750 	 0.000 	 90.000
FD10910	61.875 	 0.000 	 90.000
FD10910	62.000 	 0.000 	 90.000
FD10910	62.125 	 0.514 	 160.785
FD10910	62.250 	 0.514 	 160.796
FD10910	62.375 	 0.514 	 161.145
FD10910	62.500 	 0.513 	 161.606
FD10910	62.625 	 0.513 	 161.482
FD10910	62.750 	 0.512 	 161.175
FD10910	62.875 	 0.511 	 161.392
FD10910	63.000 	 0.509 	 161.985
FD10910	63.125 	 0.508 	 162.630
FD10910	63.250 	 0.506 	 163.202
FD10910	63.375 	 0.504 	 163.537
FD10910	63.500 	 0.502 	 163.449
FD10910	63.625 	 0.500 	 163.216
FD10910	63.750 	 0.498 	 162.979
FD10910	63.875 	 0.496 	 162.647
FD10910	64.000 	 0.494 	 162.318
FD10910	64.125 	 0.492 	 162.021
FD10910	64.250 	 0.490 	 161.840
FD10910	64.375 	 0.488 	 161.662
FD10910	64.500 	 0.486 	 161.414
FD10910	64.625 	 0.484 	 161.202
FD10910	64.750 	 0.483 	 161.010
FD10910	64.875 	 0.481 	 160.964
FD10910	65.000 	 0.480 	 161.040
FD10910	65.125 	 0.479 	 160.975
FD10910	65.250 	 0.477 	 160.727
FD10910	65.375 	 0.477 	 160.463
FD10910	65.500 	 0.475 	 160.195
FD10910	65.625 	 0.475 	 159.953
FD10910	65.750 	 0.473 	 159.711
FD10910	65.875 	 0.472 	 159.478
FD10910	66.000 	 0.470 	 159.258
FD10910	66.125 	 0.469 	 158.978
FD10910	66.250 	 0.467 	 158.768
FD10910	66.375 	 0.465 	 158.566
FD10910	66.500 	 0.463 	 158.241
FD10910	66.625 	 0.461 	 157.928
FD10910	66.750 	 0.459 	 157.725
FD10910	66.875 	 0.457 	 157.459
FD10910	67.000 	 0.455 	 157.052
FD10910	67.125 	 0.452 	 156.668
FD10910	67.250 	 0.450 	 156.333
FD10910	67.375 	 0.447 	 155.995
FD10910	67.500 	 0.445 	 155.638
FD10910	67.625 	 0.442 	 155.328
FD10910	67.750 	 0.440 	 155.009
FD10910	67.875 	 0.436 	 154.704
FD10910	68.000 	 0.434 	 154.446
FD10910	68.125 	 0.431 	 154.240
FD10910	68.250 	 0.429 	 154.020
FD10910	68.375 	 0.425 	 153.631
FD10910	68.500 	 0.423 	 153.355
FD10910	68.625 	 0.421 	 153.325
FD10910	68.750 	 0.419 	 153.314
FD10910	68.875 	 0.417 	 153.311
FD10910	69.000 	 0.415 	 153.152
FD10910	69.125 	 0.413 	 152.784
FD10910	69.250 	 0.411 	 152.428
FD10910	69.375 	 0.410 	 152.090
FD10910	69.500 	 0.409 	 151.661
FD10910	69.625 	 0.408 	 151.295
FD10910	69.750 	 0.408 	 151.010
FD10910	69.875 	 0.407 	 150.652
FD10910	70.000 	 0.407 	 150.257
FD10910	70.125 	 0.406 	 149.944
FD10910	70.250 	 0.406 	 149.648
FD10910	70.375 	 0.406 	 149.255
FD10910	70.500 	 0.405 	 148.832
FD10910	70.625 	 0.405 	 148.456
FD10910	70.750 	 0.403 	 148.109
FD10910	70.875 	 0.403 	 147.668
FD10910	71.000 	 0.403 	 147.206
FD10910	71.125 	 0.401 	 146.733
FD10910	71.250 	 0.401 	 146.234
FD10910	71.375 	 0.400 	 145.868
FD10910	71.500 	 0.399 	 145.561
FD10910	71.625 	 0.399 	 145.170
FD10910	71.750 	 0.398 	 144.825
FD10910	71.875 	 0.398 	 144.448
FD10910	72.000 	 0.398 	 144.037
FD10910	72.125 	 0.398 	 143.657
FD10910	72.250 	 0.398 	 143.261
FD10910	72.375 	 0.398 	 142.888
FD10910	72.500 	 0.398 	 142.509
FD10910	72.625 	 0.398 	 142.122
FD10910	72.750 	 0.399 	 141.705
FD10910	72.875 	 0.400 	 141.235
FD10910	73.000 	 0.400 	 140.790
FD10910	73.125 	 0.401 	 140.424
FD10910	73.250 	 0.401 	 140.057
FD10910	73.375 	 0.402 	 139.674
FD10910	73.500 	 0.403 	 139.373
FD10910	73.625 	 0.403 	 139.134
FD10910	73.750 	 0.405 	 138.870
FD10910	73.875 	 0.405 	 138.512
FD10910	74.000 	 0.406 	 138.106
FD10910	74.125 	 0.407 	 137.810
FD10910	74.250 	 0.407 	 137.579
FD10910	74.375 	 0.409 	 137.285
FD10910	74.500 	 0.410 	 136.989
FD10910	74.625 	 0.412 	 136.815
FD10910	74.750 	 0.413 	 136.700
FD10910	74.875 	 0.415 	 136.500
FD10910	75.000 	 0.417 	 136.422
FD10910	75.125 	 0.418 	 136.384
FD10910	75.250 	 0.420 	 136.252
FD10910	75.375 	 0.422 	 136.255
FD10910	75.500 	 0.425 	 136.337
FD10910	75.625 	 0.427 	 136.368
FD10910	75.750 	 0.429 	 136.318
FD10910	75.875 	 0.431 	 136.371
FD10910	76.000 	 0.434 	 136.547
FD10910	76.125 	 0.436 	 136.686
FD10910	76.250 	 0.438 	 136.686
FD10910	76.375 	 0.441 	 136.607
FD10910	76.500 	 0.443 	 136.585
FD10910	76.625 	 0.446 	 136.615
FD10910	76.750 	 0.448 	 136.670
FD10910	76.875 	 0.451 	 136.832
FD10910	77.000 	 0.453 	 137.051
FD10910	77.125 	 0.456 	 137.180
FD10910	77.250 	 0.458 	 137.192
FD10910	77.375 	 0.462 	 137.268
FD10910	77.500 	 0.464 	 137.395
FD10910	77.625 	 0.468 	 137.249
FD10910	77.750 	 0.471 	 137.107
FD10910	77.875 	 0.474 	 137.134
FD10910	78.000 	 0.478 	 137.211
FD10910	78.125 	 0.482 	 137.200
FD10910	78.250 	 0.487 	 137.079
FD10910	78.375 	 0.491 	 137.062
FD10910	78.500 	 0.496 	 137.013
FD10910	78.625 	 0.501 	 136.918
FD10910	78.750 	 0.506 	 136.907
FD10910	78.875 	 0.513 	 136.909
FD10910	79.000 	 0.519 	 136.805
FD10910	79.125 	 0.525 	 136.758
FD10910	79.250 	 0.533 	 137.010
FD10910	79.375 	 0.540 	 137.219
FD10910	79.500 	 0.548 	 137.082
FD10910	79.625 	 0.557 	 136.887
FD10910	79.750 	 0.565 	 136.947
FD10910	79.875 	 0.574 	 137.065
FD10910	80.000 	 0.583 	 137.010
FD10910	80.125 	 0.592 	 137.102
FD10910	80.250 	 0.601 	 137.200
FD10910	80.375 	 0.609 	 137.178
FD10910	80.500 	 0.619 	 137.382
FD10910	80.625 	 0.627 	 137.665
FD10910	80.750 	 0.637 	 137.950
FD10910	80.875 	 0.645 	 137.961
FD10910	81.000 	 0.655 	 137.818
FD10910	81.125 	 0.664 	 137.922
FD10910	81.250 	 0.673 	 138.081
FD10910	81.375 	 0.682 	 138.167
FD10910	81.500 	 0.691 	 138.073
FD10910	81.625 	 0.700 	 137.648
FD10910	81.750 	 0.709 	 137.246
FD10910	81.875 	 0.719 	 137.090
FD10910	82.000 	 0.729 	 136.793
FD10910	82.125 	 0.739 	 136.645
FD10910	82.250 	 0.749 	 136.805
FD10910	82.375 	 0.760 	 136.815
FD10910	82.500 	 0.770 	 136.535
FD10910	82.625 	 0.781 	 136.469
FD10910	82.750 	 0.793 	 136.266
FD10910	82.875 	 0.804 	 136.099
FD10910	83.000 	 0.815 	 136.318
FD10910	83.125 	 0.827 	 136.434
FD10910	83.250 	 0.838 	 136.516
FD10910	83.375 	 0.850 	 136.447
FD10910	83.500 	 0.862 	 136.409
FD10910	83.625 	 0.875 	 136.384
FD10910	83.750 	 0.887 	 136.312
FD10910	83.875 	 0.899 	 136.291
FD10910	84.000 	 0.912 	 136.406
FD10910	84.125 	 0.925 	 136.621
FD10910	84.250 	 0.939 	 136.714
FD10910	84.375 	 0.951 	 136.486
FD10910	84.500 	 0.965 	 136.266
FD10910	84.625 	 0.979 	 136.491
FD10910	84.750 	 0.993 	 136.700
FD10910	84.875 	 1.007 	 136.692
FD10910	85.000 	 1.021 	 136.813
FD10910	85.125 	 1.037 	 136.951
FD10910	85.250 	 1.052 	 136.918
FD10910	85.375 	 1.068 	 136.859
FD10910	85.500 	 1.083 	 136.799
FD10910	85.625 	 1.099 	 136.684
FD10910	85.750 	 1.115 	 136.557
FD10910	85.875 	 1.132 	 136.477
FD10910	86.000 	 1.148 	 136.319
FD10910	86.125 	 1.164 	 136.024
FD10910	86.250 	 1.181 	 135.777
FD10910	86.375 	 1.198 	 135.643
FD10910	86.500 	 1.214 	 135.604
FD10910	86.625 	 1.232 	 135.519
FD10910	86.750 	 1.249 	 135.360
FD10910	86.875 	 1.266 	 135.283
FD10910	87.000 	 1.284 	 135.244
FD10910	87.125 	 1.301 	 135.267
FD10910	87.250 	 1.319 	 135.316
FD10910	87.375 	 1.336 	 135.278
FD10910	87.500 	 1.354 	 135.156
FD10910	87.625 	 1.373 	 135.030
FD10910	87.750 	 1.392 	 134.965
FD10910	87.875 	 1.411 	 134.843
FD10910	88.000 	 1.430 	 134.717
FD10910	88.125 	 1.450 	 134.605
FD10910	88.250 	 1.470 	 134.495
FD10910	88.375 	 1.490 	 134.435
FD10910	88.500 	 1.510 	 134.346
FD10910	88.625 	 1.531 	 134.292
FD10910	88.750 	 1.551 	 134.181
FD10910	88.875 	 1.571 	 134.118
FD10910	89.000 	 1.591 	 134.113
FD10910	89.125 	 1.612 	 134.022
FD10910	89.250 	 1.633 	 133.972
FD10910	89.375 	 1.653 	 133.989
FD10910	89.500 	 1.673 	 133.978
FD10910	89.625 	 1.693 	 133.907
FD10910	89.750 	 1.713 	 133.857
FD10910	89.875 	 1.731 	 133.816
FD10910	90.000 	 1.750 	 133.811
FD10910	90.125 	 1.769 	 133.829
FD10910	90.250 	 1.787 	 133.846
FD10910	90.375 	 1.805 	 133.912
FD10910	90.500 	 1.824 	 133.978
FD10910	90.625 	 1.842 	 134.041
FD10910	90.750 	 1.860 	 134.108
FD10910	90.875 	 1.878 	 134.204
FD10910	91.000 	 1.896 	 134.335
FD10910	91.125 	 1.913 	 134.424
FD10910	91.250 	 1.930 	 134.484
FD10910	91.375 	 1.948 	 134.519
FD10910	91.500 	 1.965 	 134.547
FD10910	91.625 	 1.981 	 134.569
FD10910	91.750 	 1.999 	 134.531
FD10910	91.875 	 2.015 	 134.506
FD10910	92.000 	 2.031 	 134.424
FD10910	92.125 	 2.047 	 134.272
FD10910	92.250 	 2.063 	 134.179
FD10910	92.375 	 2.078 	 134.154
FD10910	92.500 	 2.092 	 134.176
FD10910	92.625 	 2.108 	 134.154
FD10910	92.750 	 2.124 	 134.220
FD10910	92.875 	 2.140 	 134.332
FD10910	93.000 	 2.157 	 134.475
FD10910	93.125 	 2.174 	 134.560
FD10910	93.250 	 2.191 	 134.544
FD10910	93.375 	 2.207 	 134.556
FD10910	93.500 	 2.225 	 134.511
FD10910	93.625 	 2.245 	 134.476
FD10910	93.750 	 2.264 	 134.470
FD10910	93.875 	 2.283 	 134.407
FD10910	94.000 	 2.303 	 134.291
FD10910	94.125 	 2.324 	 134.212
FD10910	94.250 	 2.347 	 134.212
FD10910	94.375 	 2.369 	 134.281
FD10910	94.500 	 2.393 	 134.286
FD10910	94.625 	 2.418 	 134.192
FD10910	94.750 	 2.442 	 134.027
FD10910	94.875 	 2.468 	 133.948
FD10910	95.000 	 2.493 	 133.909
FD10910	95.125 	 2.517 	 133.824
FD10910	95.250 	 2.543 	 133.780
FD10910	95.375 	 2.568 	 133.737
FD10910	95.500 	 2.594 	 133.710
FD10910	95.625 	 2.620 	 133.662
FD10910	95.750 	 2.644 	 133.586
FD10910	95.875 	 2.670 	 133.541
FD10910	96.000 	 2.694 	 133.486
FD10910	96.125 	 2.718 	 133.385
FD10910	96.250 	 2.741 	 133.379
FD10910	96.375 	 2.764 	 133.410
FD10910	96.500 	 2.786 	 133.366
FD10910	96.625 	 2.808 	 133.363
FD10910	96.750 	 2.828 	 133.346
FD10910	96.875 	 2.848 	 133.223
FD10910	97.000 	 2.868 	 133.119
FD10910	97.125 	 2.887 	 133.055
FD10910	97.250 	 2.905 	 132.940
FD10910	97.375 	 2.923 	 132.800
FD10910	97.500 	 2.941 	 132.674
FD10910	97.625 	 2.959 	 132.514
FD10910	97.750 	 2.979 	 132.427
FD10910	97.875 	 2.999 	 132.454
FD10910	98.000 	 3.022 	 132.426
FD10910	98.125 	 3.045 	 132.303
FD10910	98.250 	 3.070 	 132.231
FD10910	98.375 	 3.095 	 132.179
FD10910	98.500 	 3.120 	 132.070
FD10910	98.625 	 3.146 	 132.097
FD10910	98.750 	 3.172 	 132.163
FD10910	98.875 	 3.198 	 132.141
FD10910	99.000 	 3.224 	 132.179
FD10910	99.125 	 3.250 	 132.229
FD10910	99.250 	 3.277 	 132.163
FD10910	99.375 	 3.306 	 132.130
FD10910	99.500 	 3.335 	 132.020
FD10910	99.625 	 3.365 	 131.905
FD10910	99.750 	 3.395 	 131.938
FD10910	99.875 	 3.427 	 131.910
FD10910	100.000 	 3.458 	 131.855
FD10910	100.125 	 3.488 	 131.822
FD10910	100.250 	 3.519 	 131.894
FD10910	100.375 	 3.549 	 131.921
FD10910	100.500 	 3.580 	 131.927
FD10910	100.625 	 3.610 	 132.092
FD10910	100.750 	 3.641 	 132.294
FD10910	100.875 	 3.672 	 132.471
FD10910	101.000 	 3.705 	 132.492
FD10910	101.125 	 3.738 	 132.465
FD10910	101.250 	 3.772 	 132.514
FD10910	101.375 	 3.806 	 132.559
FD10910	101.500 	 3.840 	 132.658
FD10910	101.625 	 3.875 	 132.773
FD10910	101.750 	 3.909 	 132.800
FD10910	101.875 	 3.944 	 132.844
FD10910	102.000 	 3.979 	 132.883
FD10910	102.125 	 4.015 	 132.762
FD10910	102.250 	 4.051 	 132.553
FD10910	102.375 	 4.087 	 132.366
FD10910	102.500 	 4.123 	 132.152
FD10910	102.625 	 4.159 	 131.998
FD10910	102.750 	 4.196 	 131.965
FD10910	102.875 	 4.233 	 131.968
FD10910	103.000 	 4.269 	 132.001
FD10910	103.125 	 4.307 	 132.069
FD10910	103.250 	 4.345 	 132.031
FD10910	103.375 	 4.383 	 131.882
FD10910	103.500 	 4.420 	 131.805
FD10910	103.625 	 4.455 	 131.748
FD10910	103.750 	 4.490 	 131.616
FD10910	103.875 	 4.525 	 131.495
FD10910	104.000 	 4.557 	 131.402
FD10910	104.125 	 4.588 	 131.411
FD10910	104.250 	 4.619 	 131.405
FD10910	104.375 	 4.648 	 131.273
FD10910	104.500 	 4.678 	 131.108
FD10910	104.625 	 4.706 	 130.938
FD10910	104.750 	 4.736 	 130.806
FD10910	104.875 	 4.766 	 130.699
FD10910	105.000 	 4.796 	 130.643
FD10910	105.125 	 4.827 	 130.638
FD10910	105.250 	 4.860 	 130.556
FD10910	105.375 	 4.893 	 130.452
FD10910	105.500 	 4.926 	 130.441
FD10910	105.625 	 4.960 	 130.441
FD10910	105.750 	 4.994 	 130.452
FD10910	105.875 	 5.029 	 130.421
FD10910	106.000 	 5.063 	 130.367
FD10910	106.125 	 5.098 	 130.399
FD10910	106.250 	 5.130 	 130.411
FD10910	106.375 	 5.164 	 130.419
FD10910	106.500 	 5.196 	 130.364
FD10910	106.625 	 5.227 	 130.284
FD10910	106.750 	 5.258 	 130.191
FD10910	106.875 	 5.288 	 130.006
FD10910	107.000 	 5.317 	 129.902
FD10910	107.125 	 5.346 	 129.814
FD10910	107.250 	 5.374 	 129.766
FD10910	107.375 	 5.402 	 129.754
FD10910	107.500 	 5.430 	 129.700
FD10910	107.625 	 5.457 	 129.737
FD10910	107.750 	 5.484 	 129.732
FD10910	107.875 	 5.510 	 129.573
FD10910	108.000 	 5.535 	 129.485
FD10910	108.125 	 5.559 	 129.392
FD10910	108.250 	 5.584 	 129.259
FD10910	108.375 	 5.608 	 129.208
FD10910	108.500 	 5.634 	 129.191
FD10910	108.625 	 5.661 	 129.103
FD10910	108.750 	 5.688 	 128.928
FD10910	108.875 	 5.716 	 128.740
FD10910	109.000 	 5.742 	 128.609
FD10910	109.125 	 5.768 	 128.540
FD10910	109.250 	 5.793 	 128.491
FD10910	109.375 	 5.818 	 128.441
FD10910	109.500 	 5.841 	 128.463
FD10910	109.625 	 5.865 	 128.518
FD10910	109.750 	 5.887 	 128.419
FD10910	109.875 	 5.911 	 128.276
FD10910	110.000 	 5.936 	 128.106
FD10910	110.125 	 5.961 	 127.889
FD10910	110.250 	 5.985 	 127.779
FD10910	110.375 	 6.011 	 127.714
FD10910	110.500 	 6.037 	 127.604
FD10910	110.625 	 6.064 	 127.479
FD10910	110.750 	 6.090 	 127.424
FD10910	110.875 	 6.119 	 127.332
FD10910	111.000 	 6.148 	 127.189
FD10910	111.125 	 6.179 	 127.153
FD10910	111.250 	 6.210 	 127.125
FD10910	111.375 	 6.241 	 127.090
FD10910	111.500 	 6.272 	 127.029
FD10910	111.625 	 6.303 	 126.928
FD10910	111.750 	 6.335 	 126.906
FD10910	111.875 	 6.365 	 126.922
FD10910	112.000 	 6.396 	 126.890
FD10910	112.125 	 6.426 	 126.818
FD10910	112.250 	 6.458 	 126.615
FD10910	112.375 	 6.489 	 126.412
FD10910	112.500 	 6.520 	 126.340
FD10910	112.625 	 6.550 	 126.250
FD10910	112.750 	 6.580 	 126.250
FD10910	112.875 	 6.611 	 126.260
FD10910	113.000 	 6.641 	 126.156
FD10910	113.125 	 6.671 	 126.120
FD10910	113.250 	 6.701 	 126.120
FD10910	113.375 	 6.734 	 126.109
FD10910	113.500 	 6.766 	 126.187
FD10910	113.625 	 6.798 	 126.195
FD10910	113.750 	 6.831 	 126.040
FD10910	113.875 	 6.863 	 125.878
FD10910	114.000 	 6.898 	 125.862
FD10910	114.125 	 6.932 	 125.900
FD10910	114.250 	 6.967 	 125.900
FD10910	114.375 	 7.001 	 125.931
FD10910	114.500 	 7.036 	 125.974
FD10910	114.625 	 7.069 	 125.991
FD10910	114.750 	 7.103 	 125.958
FD10910	114.875 	 7.134 	 125.994
FD10910	115.000 	 7.165 	 125.994
FD10910	115.125 	 7.194 	 125.854
FD10910	115.250 	 7.221 	 125.755
FD10910	115.375 	 7.245 	 125.654
FD10910	115.500 	 7.269 	 125.532
FD10910	115.625 	 7.290 	 125.442
FD10910	115.750 	 7.311 	 125.459
FD10910	115.875 	 7.331 	 125.483
FD10910	116.000 	 7.349 	 125.549
FD10910	116.125 	 7.368 	 125.640
FD10910	116.250 	 7.384 	 125.629
FD10910	116.375 	 7.400 	 125.491
FD10910	116.500 	 7.415 	 125.206
FD10910	116.625 	 7.431 	 125.071
FD10910	116.750 	 7.447 	 125.054
FD10910	116.875 	 7.463 	 125.038
FD10910	117.000 	 7.477 	 125.120
FD10910	117.125 	 7.493 	 125.109
FD10910	117.250 	 7.510 	 124.940
FD10910	117.375 	 7.527 	 124.807
FD10910	117.500 	 7.546 	 124.659
FD10910	117.625 	 7.566 	 124.503
FD10910	117.750 	 7.587 	 124.436
FD10910	117.875 	 7.608 	 124.415
FD10910	118.000 	 7.630 	 124.365
FD10910	118.125 	 7.653 	 124.365
FD10910	118.250 	 7.677 	 124.327
FD10910	118.375 	 7.702 	 124.101
FD10910	118.500 	 7.727 	 123.959
FD10910	118.625 	 7.751 	 123.907
FD10910	118.750 	 7.778 	 123.874
FD10910	118.875 	 7.805 	 123.838
FD10910	119.000 	 7.834 	 123.783
FD10910	119.125 	 7.863 	 123.780
FD10910	119.250 	 7.892 	 123.786
FD10910	119.375 	 7.920 	 123.737
FD10910	119.500 	 7.949 	 123.549
FD10910	119.625 	 7.977 	 123.376
FD10910	119.750 	 8.003 	 123.272
FD10910	119.875 	 8.030 	 123.138
FD10910	120.000 	 8.057 	 122.989
FD10910	120.125 	 8.082 	 122.926
FD10910	120.250 	 8.108 	 122.920
FD10910	120.375 	 8.132 	 122.893
FD10910	120.500 	 8.157 	 122.899
FD10910	120.625 	 8.184 	 122.915
FD10910	120.750 	 8.209 	 122.953
FD10910	120.875 	 8.237 	 122.989
FD10910	121.000 	 8.263 	 122.989
FD10910	121.125 	 8.291 	 123.066
FD10910	121.250 	 8.318 	 123.088
FD10910	121.375 	 8.347 	 123.028
FD10910	121.500 	 8.374 	 122.983
FD10910	121.625 	 8.402 	 122.904
FD10910	121.750 	 8.428 	 122.899
FD10910	121.875 	 8.455 	 122.940
FD10910	122.000 	 8.482 	 122.928
FD10910	122.125 	 8.508 	 122.893
FD10910	122.250 	 8.535 	 122.953
FD10910	122.375 	 8.561 	 123.069
FD10910	122.500 	 8.588 	 123.146
FD10910	122.625 	 8.615 	 123.109
FD10910	122.750 	 8.641 	 123.049
FD10910	122.875 	 8.667 	 122.998
FD10910	123.000 	 8.692 	 122.943
FD10910	123.125 	 8.718 	 122.910
FD10910	123.250 	 8.742 	 122.854
FD10910	123.375 	 8.767 	 122.918
FD10910	123.500 	 8.791 	 122.945
FD10910	123.625 	 8.815 	 122.819
FD10910	123.750 	 8.839 	 122.703
FD10910	123.875 	 8.864 	 122.651
FD10910	124.000 	 8.888 	 122.613
FD10910	124.125 	 8.913 	 122.563
FD10910	124.250 	 8.937 	 122.526
FD10910	124.375 	 8.959 	 122.490
FD10910	124.500 	 8.982 	 122.555
FD10910	124.625 	 9.003 	 122.610
FD10910	124.750 	 9.022 	 122.643
FD10910	124.875 	 9.039 	 122.728
FD10910	125.000 	 9.054 	 122.767
FD10910	125.125 	 9.070 	 122.794
FD10910	125.250 	 9.084 	 122.772
FD10910	125.375 	 9.099 	 122.684
FD10910	125.500 	 9.115 	 122.525
FD10910	125.625 	 9.130 	 122.443
FD10910	125.750 	 9.146 	 122.454
FD10910	125.875 	 9.162 	 122.407
FD10910	126.000 	 9.181 	 122.347
FD10910	126.125 	 9.200 	 122.308
FD10910	126.250 	 9.220 	 122.302
FD10910	126.375 	 9.240 	 122.286
FD10910	126.500 	 9.263 	 122.231
FD10910	126.625 	 9.286 	 122.212
FD10910	126.750 	 9.311 	 122.173
FD10910	126.875 	 9.337 	 122.132
FD10910	127.000 	 9.367 	 122.139
FD10910	127.125 	 9.397 	 122.146
FD10910	127.250 	 9.428 	 122.174
FD10910	127.375 	 9.461 	 122.242
FD10910	127.500 	 9.494 	 122.280
FD10910	127.625 	 9.528 	 122.253
FD10910	127.750 	 9.562 	 122.204
FD10910	127.875 	 9.596 	 122.022
FD10910	128.000 	 9.629 	 121.726
FD10910	128.125 	 9.660 	 121.559
FD10910	128.250 	 9.691 	 121.476
FD10910	128.375 	 9.719 	 121.325
FD10910	128.500 	 9.749 	 121.248
FD10910	128.625 	 9.775 	 121.270
FD10910	128.750 	 9.805 	 121.265
FD10910	128.875 	 9.832 	 121.127
FD10910	129.000 	 9.860 	 120.930
FD10910	129.125 	 9.883 	 120.776
FD10910	129.250 	 9.907 	 120.517
FD10910	129.375 	 9.930 	 120.397
FD10910	129.500 	 9.950 	 120.468
FD10910	129.625 	 9.970 	 120.680
FD10910	129.750 	 9.990 	 120.822
FD10910	129.875 	 10.010 	 120.608
FD10910	130.000 	 10.029 	 120.410
FD10910	130.125 	 10.050 	 120.347
FD10910	130.250 	 10.073 	 120.369
FD10910	130.375 	 10.096 	 120.404
FD10910	130.500 	 10.118 	 120.377
FD10910	130.625 	 10.143 	 120.410
FD10910	130.750 	 10.166 	 120.504
FD10910	130.875 	 10.188 	 120.614
FD10910	131.000 	 10.210 	 120.690
FD10910	131.125 	 10.235 	 120.685
FD10910	131.250 	 10.258 	 120.657
FD10910	131.375 	 10.281 	 120.611
FD10910	131.500 	 10.303 	 120.561
FD10910	131.625 	 10.325 	 120.556
FD10910	131.750 	 10.350 	 120.517
FD10910	131.875 	 10.373 	 120.534
FD10910	132.000 	 10.395 	 120.566
FD10910	132.125 	 10.417 	 120.550
FD10910	132.250 	 10.438 	 120.583
FD10910	132.375 	 10.458 	 120.644
FD10910	132.500 	 10.478 	 120.742
FD10910	132.625 	 10.495 	 120.911
FD10910	132.750 	 10.512 	 120.948
FD10910	132.875 	 10.526 	 120.888
FD10910	133.000 	 10.540 	 120.790
FD10910	133.125 	 10.553 	 120.540
FD10910	133.250 	 10.567 	 120.358
FD10910	133.375 	 10.583 	 120.298
FD10910	133.500 	 10.601 	 120.199
FD10910	133.625 	 10.617 	 120.165
FD10910	133.750 	 10.636 	 120.177
FD10910	133.875 	 10.650 	 120.114
FD10910	134.000 	 10.670 	 120.020
FD10910	134.125 	 10.687 	 119.933
FD10910	134.250 	 10.706 	 119.954
FD10910	134.375 	 10.724 	 119.913
FD10910	134.500 	 10.743 	 119.836
FD10910	134.625 	 10.762 	 119.850
FD10910	134.750 	 10.784 	 119.861
FD10910	134.875 	 10.810 	 119.867
FD10910	135.000 	 10.836 	 119.812
FD10910	135.125 	 10.863 	 119.696
FD10910	135.250 	 10.893 	 119.641
FD10910	135.375 	 10.921 	 119.682
FD10910	135.500 	 10.951 	 119.689
FD10910	135.625 	 10.979 	 119.660
FD10910	135.750 	 11.007 	 119.546
FD10910	135.875 	 11.038 	 119.594
FD10910	136.000 	 11.066 	 119.715
FD10910	136.125 	 11.096 	 119.663
FD10910	136.250 	 11.122 	 119.651
FD10910	136.375 	 11.153 	 119.622
FD10910	136.500 	 11.182 	 119.556
FD10910	136.625 	 11.211 	 119.501
FD10910	136.750 	 11.241 	 119.523
FD10910	136.875 	 11.270 	 119.591
FD10910	137.000 	 11.298 	 119.619
FD10910	137.125 	 11.325 	 119.690
FD10910	137.250 	 11.355 	 119.718
FD10910	137.375 	 11.379 	 119.837
FD10910	137.500 	 11.407 	 120.012
FD10910	137.625 	 11.430 	 119.996
FD10910	137.750 	 11.455 	 119.962
FD10910	137.875 	 11.477 	 119.984
FD10910	138.000 	 11.499 	 120.040
FD10910	138.125 	 11.526 	 120.199
FD10910	138.250 	 11.548 	 120.342
FD10910	138.375 	 11.576 	 120.393
FD10910	138.500 	 11.602 	 120.432
FD10910	138.625 	 11.631 	 120.405
FD10910	138.750 	 11.656 	 120.327
FD10910	138.875 	 11.686 	 120.223
FD10910	139.000 	 11.713 	 120.201
FD10910	139.125 	 11.742 	 120.254
FD10910	139.250 	 11.767 	 120.341
FD10910	139.375 	 11.791 	 120.399
FD10910	139.500 	 11.814 	 120.377
FD10910	139.625 	 11.839 	 120.407
FD10910	139.750 	 11.861 	 120.451
FD10910	139.875 	 11.886 	 120.476
FD10910	140.000 	 11.908 	 120.531
FD10910	140.125 	 11.930 	 120.581
FD10910	140.250 	 11.954 	 120.575
FD10910	140.375 	 11.976 	 120.536
FD10910	140.500 	 12.000 	 120.537
FD10910	140.625 	 12.019 	 120.669
FD10910	140.750 	 12.043 	 120.828
FD10910	140.875 	 12.061 	 120.940
FD10910	141.000 	 12.083 	 121.017
FD10910	141.125 	 12.102 	 121.107
FD10910	141.250 	 12.123 	 121.273
FD10910	141.375 	 12.148 	 121.292
FD10910	141.500 	 12.173 	 121.231
FD10910	141.625 	 12.200 	 121.275
FD10910	141.750 	 12.227 	 121.226
FD10910	141.875 	 12.256 	 121.168
FD10910	142.000 	 12.285 	 121.162
FD10910	142.125 	 12.312 	 121.170
FD10910	142.250 	 12.339 	 121.237
FD10910	142.375 	 12.365 	 121.300
FD10910	142.500 	 12.391 	 121.267
FD10910	142.625 	 12.417 	 121.160
FD10910	142.750 	 12.441 	 121.155
FD10910	142.875 	 12.466 	 121.242
FD10910	143.000 	 12.490 	 121.287
FD10910	143.125 	 12.515 	 121.287
FD10910	143.250 	 12.536 	 121.286
FD10910	143.375 	 12.564 	 121.306
FD10910	143.500 	 12.587 	 121.278
FD10910	143.625 	 12.612 	 121.179
FD10910	143.750 	 12.635 	 121.146
FD10910	143.875 	 12.660 	 121.130
FD10910	144.000 	 12.683 	 121.102
FD10910	144.125 	 12.706 	 121.045
FD10910	144.250 	 12.728 	 120.984
FD10910	144.375 	 12.750 	 120.957
FD10910	144.500 	 12.772 	 120.935
FD10910	144.625 	 12.793 	 120.863
FD10910	144.750 	 12.814 	 120.819
FD10910	144.875 	 12.836 	 120.880
FD10910	145.000 	 12.856 	 120.885
FD10910	145.125 	 12.876 	 120.902
FD10910	145.250 	 12.898 	 120.936
FD10910	145.375 	 12.916 	 120.926
FD10910	145.500 	 12.934 	 120.981
FD10910	145.625 	 12.953 	 121.034
FD10910	145.750 	 12.970 	 121.055
FD10910	145.875 	 12.987 	 121.052
FD10910	146.000 	 13.004 	 121.036
FD10910	146.125 	 13.023 	 121.023
FD10910	146.250 	 13.044 	 120.973
FD10910	146.375 	 13.064 	 120.932
FD10910	146.500 	 13.084 	 120.904
FD10910	146.625 	 13.108 	 120.841
FD10910	146.750 	 13.130 	 120.792
FD10910	146.875 	 13.154 	 120.800
FD10910	147.000 	 13.179 	 120.812
FD10910	147.125 	 13.203 	 120.853
FD10910	147.250 	 13.224 	 120.891
FD10910	147.375 	 13.250 	 120.930
FD10910	147.500 	 13.277 	 120.968
FD10910	147.625 	 13.300 	 120.958
FD10910	147.750 	 13.323 	 120.938
FD10910	147.875 	 13.348 	 120.916
FD10910	148.000 	 13.374 	 120.927
FD10910	148.125 	 13.395 	 120.951
FD10910	148.250 	 13.420 	 121.006
FD10910	148.375 	 13.441 	 120.984
FD10910	148.500 	 13.465 	 121.022
FD10910	148.625 	 13.485 	 121.083
FD10910	148.750 	 13.504 	 121.144
FD10910	148.875 	 13.523 	 121.295
FD10910	149.000 	 13.541 	 121.405
FD10910	149.125 	 13.562 	 121.517
FD10910	149.250 	 13.581 	 121.611
FD10910	149.375 	 13.600 	 121.673
FD10910	149.500 	 13.618 	 121.696
FD10910	149.625 	 13.637 	 121.699
FD10910	149.750 	 13.654 	 121.731
FD10910	149.875 	 13.674 	 121.777
FD10910	150.000 	 13.690 	 121.871
FD10910	150.125 	 13.706 	 121.940
FD10910	150.250 	 13.722 	 121.984
FD10910	150.375 	 13.741 	 122.085
FD10910	150.500 	 13.756 	 122.212
FD10910	150.625 	 13.773 	 122.277
FD10910	150.750 	 13.789 	 122.339
FD10910	150.875 	 13.805 	 122.399
FD10910	151.000 	 13.824 	 122.410
FD10910	151.125 	 13.840 	 122.484
FD10910	151.250 	 13.856 	 122.549
FD10910	151.375 	 13.874 	 122.634
FD10910	151.500 	 13.892 	 122.734
FD10910	151.625 	 13.914 	 122.783
FD10910	151.750 	 13.934 	 122.761
FD10910	151.875 	 13.955 	 122.720
FD10910	152.000 	 13.976 	 122.670
FD10910	152.125 	 14.001 	 122.618
FD10910	152.250 	 14.023 	 122.668
FD10910	152.375 	 14.047 	 122.711
FD10910	152.500 	 14.076 	 122.657
FD10910	152.625 	 14.105 	 122.560
FD10910	152.750 	 14.132 	 122.474
FD10910	152.875 	 14.159 	 122.442
FD10910	153.000 	 14.191 	 122.389
FD10910	153.125 	 14.225 	 122.296
FD10910	153.250 	 14.254 	 122.232
FD10910	153.375 	 14.285 	 122.160
FD10910	153.500 	 14.317 	 122.160
FD10910	153.625 	 14.347 	 122.192
FD10910	153.750 	 14.379 	 122.275
FD10910	153.875 	 14.408 	 122.405
FD10910	154.000 	 14.441 	 122.536
FD10910	154.125 	 14.472 	 122.667
FD10910	154.250 	 14.504 	 122.816
FD10910	154.375 	 14.534 	 122.924
FD10910	154.500 	 14.565 	 122.978
FD10910	154.625 	 14.596 	 123.044
FD10910	154.750 	 14.622 	 123.017
FD10910	154.875 	 14.651 	 123.010
FD10910	155.000 	 14.681 	 123.022
FD10910	155.125 	 14.707 	 122.976
FD10910	155.250 	 14.737 	 122.930
FD10910	155.375 	 14.762 	 122.880
FD10910	155.500 	 14.792 	 122.863
FD10910	155.625 	 14.819 	 122.887
FD10910	155.750 	 14.849 	 122.959
FD10910	155.875 	 14.876 	 123.058
FD10910	156.000 	 14.907 	 123.091
FD10910	156.125 	 14.936 	 123.156
FD10910	156.250 	 14.964 	 123.191
FD10910	156.375 	 14.997 	 123.173
FD10910	156.500 	 15.024 	 123.129
FD10910	156.625 	 15.049 	 123.022
FD10910	156.750 	 15.078 	 122.995
FD10910	156.875 	 15.107 	 122.981
FD10910	157.000 	 15.132 	 123.047
FD10910	157.125 	 15.159 	 123.138
FD10910	157.250 	 15.186 	 123.176
FD10910	157.375 	 15.213 	 123.310
FD10910	157.500 	 15.239 	 123.437
FD10910	157.625 	 15.263 	 123.506
FD10910	157.750 	 15.285 	 123.582
FD10910	157.875 	 15.307 	 123.671
FD10910	158.000 	 15.323 	 123.775
FD10910	158.125 	 15.345 	 123.835
FD10910	158.250 	 15.366 	 123.895
FD10910	158.375 	 15.382 	 123.949
FD10910	158.500 	 15.403 	 123.926
FD10910	158.625 	 15.424 	 123.887
FD10910	158.750 	 15.446 	 123.860
FD10910	158.875 	 15.465 	 123.959
FD10910	159.000 	 15.488 	 124.163
FD10910	159.125 	 15.508 	 124.312
FD10910	159.250 	 15.530 	 124.336
FD10910	159.375 	 15.550 	 124.334
FD10910	159.500 	 15.569 	 124.390
FD10910	159.625 	 15.592 	 124.467
FD10910	159.750 	 15.613 	 124.582
FD10910	159.875 	 15.637 	 124.668
FD10910	160.000 	 15.662 	 124.622
FD10910	160.125 	 15.686 	 124.599
FD10910	160.250 	 15.710 	 124.659
FD10910	160.375 	 15.735 	 124.799
FD10910	160.500 	 15.761 	 124.910
FD10910	160.625 	 15.787 	 124.977
FD10910	160.750 	 15.812 	 125.088
FD10910	160.875 	 15.839 	 125.114
FD10910	161.000 	 15.866 	 125.143
FD10910	161.125 	 15.894 	 125.189
FD10910	161.250 	 15.923 	 125.183
FD10910	161.375 	 15.955 	 125.129
FD10910	161.500 	 15.986 	 125.024
FD10910	161.625 	 16.017 	 124.926
FD10910	161.750 	 16.050 	 124.921
FD10910	161.875 	 16.085 	 124.997
FD10910	162.000 	 16.117 	 125.106
FD10910	162.125 	 16.150 	 125.249
FD10910	162.250 	 16.182 	 125.327
FD10910	162.375 	 16.211 	 125.233
FD10910	162.500 	 16.245 	 125.178
FD10910	162.625 	 16.273 	 125.175
FD10910	162.750 	 16.306 	 125.170
FD10910	162.875 	 16.334 	 125.178
FD10910	163.000 	 16.366 	 125.058
FD10910	163.125 	 16.397 	 124.994
FD10910	163.250 	 16.429 	 125.016
FD10910	163.375 	 16.458 	 124.991
FD10910	163.500 	 16.484 	 125.052
FD10910	163.625 	 16.512 	 125.098
FD10910	163.750 	 16.534 	 125.187
FD10910	163.875 	 16.558 	 125.253
FD10910	164.000 	 16.579 	 125.191
FD10910	164.125 	 16.597 	 125.173
FD10910	164.250 	 16.616 	 125.189
FD10910	164.375 	 16.634 	 125.227
FD10910	164.500 	 16.650 	 125.217
FD10910	164.625 	 16.670 	 125.186
FD10910	164.750 	 16.684 	 125.120
FD10910	164.875 	 16.697 	 125.052
FD10910	165.000 	 16.712 	 125.090
FD10910	165.125 	 16.725 	 125.121
FD10910	165.250 	 16.734 	 125.115
FD10910	165.375 	 16.751 	 125.170
FD10910	165.500 	 16.764 	 125.253
FD10910	165.625 	 16.780 	 125.244
FD10910	165.750 	 16.795 	 125.200
FD10910	165.875 	 16.815 	 125.181
FD10910	166.000 	 16.832 	 125.132
FD10910	166.125 	 16.851 	 125.071
FD10910	166.250 	 16.869 	 125.077
FD10910	166.375 	 16.893 	 125.084
FD10910	166.500 	 16.912 	 125.095
FD10910	166.625 	 16.933 	 125.092
FD10910	166.750 	 16.954 	 125.082
FD10910	166.875 	 16.975 	 125.123
FD10910	167.000 	 16.995 	 125.151
FD10910	167.125 	 17.014 	 125.189
FD10910	167.250 	 17.036 	 125.194
FD10910	167.375 	 17.053 	 125.208
FD10910	167.500 	 17.070 	 125.220
FD10910	167.625 	 17.090 	 125.203
FD10910	167.750 	 17.107 	 125.192
FD10910	167.875 	 17.122 	 125.158
FD10910	168.000 	 17.138 	 125.165
FD10910	168.125 	 17.151 	 125.237
FD10910	168.250 	 17.167 	 125.313
FD10910	168.375 	 17.180 	 125.384
FD10910	168.500 	 17.195 	 125.384
FD10910	168.625 	 17.212 	 125.351
FD10910	168.750 	 17.220 	 125.374
FD10910	168.875 	 17.238 	 125.411
FD10910	169.000 	 17.253 	 125.467
FD10910	169.125 	 17.266 	 125.459
FD10910	169.250 	 17.281 	 125.486
FD10910	169.375 	 17.295 	 125.492
FD10910	169.500 	 17.314 	 125.387
FD10910	169.625 	 17.328 	 125.304
FD10910	169.750 	 17.344 	 125.238
FD10910	169.875 	 17.363 	 125.233
FD10910	170.000 	 17.376 	 125.343
FD10910	170.125 	 17.395 	 125.461
FD10910	170.250 	 17.408 	 125.577
FD10910	170.375 	 17.423 	 125.689
FD10910	170.500 	 17.434 	 125.755
FD10910	170.625 	 17.447 	 125.722
FD10910	170.750 	 17.459 	 125.662
FD10910	170.875 	 17.466 	 125.637
FD10910	171.000 	 17.478 	 125.626
FD10910	171.125 	 17.484 	 125.602
FD10910	171.250 	 17.492 	 125.557
FD10910	171.375 	 17.502 	 125.508
FD10910	171.500 	 17.508 	 125.486
FD10910	171.625 	 17.511 	 125.489
FD10910	171.750 	 17.518 	 125.466
FD10910	171.875 	 17.522 	 125.442
FD10910	172.000 	 17.529 	 125.442
FD10910	172.125 	 17.532 	 125.511
FD10910	172.250 	 17.541 	 125.582
FD10910	172.375 	 17.550 	 125.649
FD10910	172.500 	 17.563 	 125.670
FD10910	172.625 	 17.574 	 125.692
FD10910	172.750 	 17.587 	 125.747
FD10910	172.875 	 17.600 	 125.759
FD10910	173.000 	 17.616 	 125.744
FD10910	173.125 	 17.628 	 125.725
FD10910	173.250 	 17.636 	 125.719
FD10910	173.375 	 17.651 	 125.746
FD10910	173.500 	 17.660 	 125.769
FD10910	173.625 	 17.669 	 125.695
FD10910	173.750 	 17.680 	 125.656
FD10910	173.875 	 17.686 	 125.646
FD10910	174.000 	 17.693 	 125.661
FD10910	174.125 	 17.702 	 125.767
FD10910	174.250 	 17.707 	 125.864
FD10910	174.375 	 17.712 	 125.853
FD10910	174.500 	 17.718 	 125.739
FD10910	174.625 	 17.721 	 125.694
FD10910	174.750 	 17.722 	 125.755
FD10910	174.875 	 17.728 	 125.837
FD10910	175.000 	 17.726 	 125.892
FD10910	175.125 	 17.733 	 125.914
FD10910	175.250 	 17.734 	 125.903
FD10910	175.375 	 17.737 	 125.865
FD10910	175.500 	 17.743 	 125.859
FD10910	175.625 	 17.747 	 125.835
FD10910	175.750 	 17.751 	 125.692
FD10910	175.875 	 17.756 	 125.645
FD10910	176.000 	 17.762 	 125.678
FD10910	176.125 	 17.767 	 125.734
FD10910	176.250 	 17.769 	 125.772
FD10910	176.375 	 17.778 	 125.728
FD10910	176.500 	 17.781 	 125.677
FD10910	176.625 	 17.786 	 125.668
FD10910	176.750 	 17.793 	 125.673
FD10910	176.875 	 17.799 	 125.714
FD10910	177.000 	 17.807 	 125.763
FD10910	177.125 	 17.813 	 125.742
FD10910	177.250 	 17.818 	 125.763
FD10910	177.375 	 17.829 	 125.728
FD10910	177.500 	 17.836 	 125.728
FD10910	177.625 	 17.843 	 125.775
FD10910	177.750 	 17.850 	 125.740
FD10910	177.875 	 17.858 	 125.730
FD10910	178.000 	 17.871 	 125.691
FD10910	178.125 	 17.880 	 125.630
FD10910	178.250 	 17.888 	 125.595
FD10910	178.375 	 17.897 	 125.612
FD10910	178.500 	 17.907 	 125.640
FD10910	178.625 	 17.915 	 125.659
FD10910	178.750 	 17.924 	 125.703
FD10910	178.875 	 17.931 	 125.715
FD10910	179.000 	 17.937 	 125.714
FD10910	179.125 	 17.943 	 125.711
FD10910	179.250 	 17.952 	 125.700
FD10910	179.375 	 17.958 	 125.693
FD10910	179.500 	 17.967 	 125.746
FD10910	179.625 	 17.971 	 125.787
FD10910	179.750 	 17.978 	 125.827
FD10910	179.875 	 17.985 	 125.900
FD10910	180.000 	 17.988 	 125.944
FD10910	180.125 	 17.992 	 125.929
FD10910	180.250 	 18.001 	 125.828
FD10910	180.375 	 18.002 	 125.742
FD10910	180.500 	 18.012 	 125.752
FD10910	180.625 	 18.019 	 125.809
FD10910	180.750 	 18.026 	 125.821
FD10910	180.875 	 18.034 	 125.829
FD10910	181.000 	 18.045 	 125.873
FD10910	181.125 	 18.055 	 125.958
FD10910	181.250 	 18.067 	 126.057
FD10910	181.375 	 18.078 	 126.139
FD10910	181.500 	 18.087 	 126.260
FD10910	181.625 	 18.097 	 126.355
FD10910	181.750 	 18.106 	 126.331
FD10910	181.875 	 18.120 	 126.271
FD10910	182.000 	 18.130 	 126.167
FD10910	182.125 	 18.136 	 126.110
FD10910	182.250 	 18.150 	 126.093
FD10910	182.375 	 18.158 	 126.061
FD10910	182.500 	 18.165 	 126.027
FD10910	182.625 	 18.174 	 125.974
FD10910	182.750 	 18.181 	 125.947
FD10910	182.875 	 18.186 	 125.930
FD10910	183.000 	 18.191 	 125.903
FD10910	183.125 	 18.197 	 125.877
FD10910	183.250 	 18.202 	 125.935
FD10910	183.375 	 18.207 	 125.994
FD10910	183.500 	 18.215 	 125.923
FD10910	183.625 	 18.221 	 125.924
FD10910	183.750 	 18.226 	 125.986
FD10910	183.875 	 18.237 	 126.029
FD10910	184.000 	 18.247 	 126.079
FD10910	184.125 	 18.255 	 126.091
FD10910	184.250 	 18.267 	 126.084
FD10910	184.375 	 18.279 	 126.054
FD10910	184.500 	 18.293 	 126.137
FD10910	184.625 	 18.308 	 126.231
FD10910	184.750 	 18.322 	 126.214
FD10910	184.875 	 18.338 	 126.180
FD10910	185.000 	 18.357 	 126.054
FD10910	185.125 	 18.366 	 125.922
FD10910	185.250 	 18.386 	 125.867
FD10910	185.375 	 18.400 	 125.879
FD10910	185.500 	 18.413 	 125.949
FD10910	185.625 	 18.429 	 126.005
FD10910	185.750 	 18.444 	 125.984
FD10910	185.875 	 18.460 	 125.927
FD10910	186.000 	 18.472 	 125.939
FD10910	186.125 	 18.484 	 125.968
FD10910	186.250 	 18.501 	 126.015
FD10910	186.375 	 18.512 	 126.062
FD10910	186.500 	 18.521 	 126.073
FD10910	186.625 	 18.530 	 126.099
FD10910	186.750 	 18.541 	 126.154
FD10910	186.875 	 18.545 	 126.153
FD10910	187.000 	 18.549 	 126.126
FD10910	187.125 	 18.556 	 126.151
FD10910	187.250 	 18.559 	 126.205
FD10910	187.375 	 18.562 	 126.239
FD10910	187.500 	 18.566 	 126.271
FD10910	187.625 	 18.569 	 126.266
FD10910	187.750 	 18.567 	 126.255
FD10910	187.875 	 18.569 	 126.252
FD10910	188.000 	 18.572 	 126.225
FD10910	188.125 	 18.572 	 126.222
FD10910	188.250 	 18.570 	 126.348
FD10910	188.375 	 18.570 	 126.471
FD10910	188.500 	 18.572 	 126.567
FD10910	188.625 	 18.573 	 126.669
FD10910	188.750 	 18.570 	 126.654
FD10910	188.875 	 18.574 	 126.649
FD10910	189.000 	 18.577 	 126.547
FD10910	189.125 	 18.577 	 126.408
FD10910	189.250 	 18.586 	 126.381
FD10910	189.375 	 18.588 	 126.313
FD10910	189.500 	 18.596 	 126.197
FD10910	189.625 	 18.603 	 126.049
FD10910	189.750 	 18.609 	 125.825
FD10910	189.875 	 18.619 	 125.636
FD10910	190.000 	 18.626 	 125.605
FD10910	190.125 	 18.634 	 125.606
FD10910	190.250 	 18.644 	 125.519
FD10910	190.375 	 18.653 	 125.445
FD10910	190.500 	 18.667 	 125.433
FD10910	190.625 	 18.677 	 125.561
FD10910	190.750 	 18.695 	 125.718
FD10910	190.875 	 18.714 	 125.791
FD10910	191.000 	 18.733 	 125.803
FD10910	191.125 	 18.759 	 125.784
FD10910	191.250 	 18.780 	 125.769
FD10910	191.375 	 18.805 	 125.744
FD10910	191.500 	 18.835 	 125.683
FD10910	191.625 	 18.858 	 125.667
FD10910	191.750 	 18.887 	 125.749
FD10910	191.875 	 18.914 	 125.846
FD10910	192.000 	 18.943 	 125.901
FD10910	192.125 	 18.974 	 125.793
FD10910	192.250 	 19.001 	 125.570
FD10910	192.375 	 19.032 	 125.307
FD10910	192.500 	 19.059 	 125.198
FD10910	192.625 	 19.092 	 125.176
FD10910	192.750 	 19.120 	 125.135
FD10910	192.875 	 19.145 	 125.188
FD10910	193.000 	 19.174 	 125.229
FD10910	193.125 	 19.195 	 125.182
FD10910	193.250 	 19.221 	 125.114
FD10910	193.375 	 19.240 	 125.117
FD10910	193.500 	 19.263 	 125.159
FD10910	193.625 	 19.281 	 125.178
FD10910	193.750 	 19.302 	 125.194
FD10910	193.875 	 19.317 	 125.259
FD10910	194.000 	 19.334 	 125.307
FD10910	194.125 	 19.349 	 125.324
FD10910	194.250 	 19.362 	 125.241
FD10910	194.375 	 19.375 	 125.155
FD10910	194.500 	 19.389 	 125.098
FD10910	194.625 	 19.399 	 124.988
FD10910	194.750 	 19.409 	 124.897
FD10910	194.875 	 19.421 	 124.941
FD10910	195.000 	 19.433 	 125.101
FD10910	195.125 	 19.442 	 125.285
FD10910	195.250 	 19.457 	 125.461
FD10910	195.375 	 19.470 	 125.431
FD10910	195.500 	 19.489 	 125.161
FD10910	195.625 	 19.506 	 125.095
FD10910	195.750 	 19.526 	 125.151
FD10910	195.875 	 19.546 	 125.162
FD10910	196.000 	 19.568 	 125.216
FD10910	196.125 	 19.589 	 125.294
FD10910	196.250 	 19.613 	 125.370
FD10910	196.375 	 19.631 	 125.280
FD10910	196.500 	 19.652 	 125.011
FD10910	196.625 	 19.675 	 124.735
FD10910	196.750 	 19.695 	 124.615
FD10910	196.875 	 19.718 	 124.692
FD10910	197.000 	 19.737 	 124.709
FD10910	197.125 	 19.757 	 124.652
FD10910	197.250 	 19.775 	 124.649
FD10910	197.375 	 19.791 	 124.499
FD10910	197.500 	 19.804 	 124.291
FD10910	197.625 	 19.813 	 124.118
FD10910	197.750 	 19.822 	 124.064
FD10910	197.875 	 19.833 	 124.039
FD10910	198.000 	 19.842 	 124.164
FD10910	198.125 	 19.853 	 124.250
FD10910	198.250 	 19.864 	 124.139
FD10910	198.375 	 19.870 	 124.216
FD10910	198.500 	 19.878 	 124.394
FD10910	198.625 	 19.886 	 124.500
FD10910	198.750 	 19.886 	 124.412
FD10910	198.875 	 19.890 	 124.326
FD10910	199.000 	 19.889 	 124.376
FD10910	199.125 	 19.885 	 124.408
FD10910	199.250 	 19.886 	 124.461
FD10910	199.375 	 19.880 	 124.437
FD10910	199.500 	 19.878 	 124.365
FD10910	199.625 	 19.875 	 124.447
FD10910	199.750 	 19.872 	 124.469
FD10910	199.875 	 19.867 	 124.469
FD10910	200.000 	 19.867 	 124.415
FD10910	200.125 	 19.862 	 124.261
FD10910	200.250 	 19.861 	 124.222
FD10910	200.375 	 19.862 	 124.262
FD10910	200.500 	 19.860 	 124.198
FD10910	200.625 	 19.862 	 124.083
FD10910	200.750 	 19.867 	 124.010
FD10910	200.875 	 19.869 	 123.918
FD10910	201.000 	 19.876 	 123.825
FD10910	201.125 	 19.885 	 123.791
FD10910	201.250 	 19.890 	 123.807
FD10910	201.375 	 19.901 	 123.811
FD10910	201.500 	 19.906 	 123.821
FD10910	201.625 	 19.915 	 123.836
FD10910	201.750 	 19.922 	 123.847
FD10910	201.875 	 19.930 	 123.925
FD10910	202.000 	 19.935 	 124.003
FD10910	202.125 	 19.940 	 123.938
FD10910	202.250 	 19.944 	 123.848
FD10910	202.375 	 19.948 	 123.754
FD10910	202.500 	 19.946 	 123.682
FD10910	202.625 	 19.946 	 123.558
FD10910	202.750 	 19.945 	 123.413
FD10910	202.875 	 19.938 	 123.387
FD10910	203.000 	 19.930 	 123.377
FD10910	203.125 	 19.926 	 123.329
FD10910	203.250 	 19.916 	 123.280
FD10910	203.375 	 19.908 	 123.295
FD10910	203.500 	 19.905 	 123.311
FD10910	203.625 	 19.897 	 123.294
FD10910	203.750 	 19.892 	 123.234
FD10910	203.875 	 19.891 	 123.169
FD10910	204.000 	 19.890 	 123.179
FD10910	204.125 	 19.887 	 123.129
FD10910	204.250 	 19.889 	 123.129
FD10910	204.375 	 19.890 	 123.179
FD10910	204.500 	 19.890 	 123.191
FD10910	204.625 	 19.898 	 123.214
FD10910	204.750 	 19.909 	 123.259
FD10910	204.875 	 19.918 	 123.233
FD10910	205.000 	 19.932 	 123.119
FD10910	205.125 	 19.944 	 122.962
FD10910	205.250 	 19.961 	 122.939
FD10910	205.375 	 19.978 	 122.893
FD10910	205.500 	 19.992 	 122.729
FD10910	205.625 	 20.004 	 122.619
FD10910	205.750 	 20.015 	 122.607
FD10910	205.875 	 20.023 	 122.677
FD10910	206.000 	 20.029 	 122.686
FD10910	206.125 	 20.037 	 122.690
FD10910	206.250 	 20.041 	 122.690
FD10910	206.375 	 20.047 	 122.655
FD10910	206.500 	 20.049 	 122.592
FD10910	206.625 	 20.053 	 122.548
FD10910	206.750 	 20.052 	 122.514
FD10910	206.875 	 20.055 	 122.505
FD10910	207.000 	 20.058 	 122.403
FD10910	207.125 	 20.059 	 122.273
FD10910	207.250 	 20.059 	 122.300
FD10910	207.375 	 20.061 	 122.453
FD10910	207.500 	 20.064 	 122.585
FD10910	207.625 	 20.073 	 122.695
FD10910	207.750 	 20.076 	 122.679
FD10910	207.875 	 20.088 	 122.644
FD10910	208.000 	 20.093 	 122.712
FD10910	208.125 	 20.103 	 122.819
FD10910	208.250 	 20.112 	 122.946
FD10910	208.375 	 20.119 	 122.852
FD10910	208.500 	 20.124 	 122.813
FD10910	208.625 	 20.129 	 122.892
FD10910	208.750 	 20.136 	 122.901
FD10910	208.875 	 20.137 	 122.903
FD10910	209.000 	 20.133 	 123.047
FD10910	209.125 	 20.133 	 123.110
FD10910	209.250 	 20.126 	 123.088
FD10910	209.375 	 20.120 	 123.177
FD10910	209.500 	 20.114 	 123.265
FD10910	209.625 	 20.104 	 123.339
FD10910	209.750 	 20.098 	 123.400
FD10910	209.875 	 20.088 	 123.432
FD10910	210.000 	 20.082 	 123.310
FD10910	210.125 	 20.077 	 123.228
FD10910	210.250 	 20.075 	 123.196
FD10910	210.375 	 20.072 	 123.222
FD10910	210.500 	 20.076 	 123.217
FD10910	210.625 	 20.079 	 123.125
FD10910	210.750 	 20.085 	 123.046
FD10910	210.875 	 20.094 	 122.992
FD10910	211.000 	 20.103 	 122.947
FD10910	211.125 	 20.112 	 122.933
FD10910	211.250 	 20.127 	 123.048
FD10910	211.375 	 20.138 	 123.235
FD10910	211.500 	 20.155 	 123.319
FD10910	211.625 	 20.173 	 123.360
FD10910	211.750 	 20.189 	 123.300
FD10910	211.875 	 20.210 	 123.186
FD10910	212.000 	 20.231 	 123.116
FD10910	212.125 	 20.247 	 123.077
FD10910	212.250 	 20.264 	 123.114
FD10910	212.375 	 20.277 	 123.232
FD10910	212.500 	 20.286 	 123.340
FD10910	212.625 	 20.293 	 123.307
FD10910	212.750 	 20.301 	 123.270
FD10910	212.875 	 20.306 	 123.217
FD10910	213.000 	 20.311 	 123.142
FD10910	213.125 	 20.311 	 123.123
FD10910	213.250 	 20.318 	 123.118
FD10910	213.375 	 20.317 	 123.118
FD10910	213.500 	 20.322 	 123.092
FD10910	213.625 	 20.324 	 123.181
FD10910	213.750 	 20.323 	 123.242
FD10910	213.875 	 20.324 	 123.190
FD10910	214.000 	 20.323 	 123.152
FD10910	214.125 	 20.322 	 123.143
FD10910	214.250 	 20.322 	 123.082
FD10910	214.375 	 20.321 	 123.062
FD10910	214.500 	 20.322 	 123.175
FD10910	214.625 	 20.319 	 123.160
FD10910	214.750 	 20.322 	 123.159
FD10910	214.875 	 20.324 	 123.147
FD10910	215.000 	 20.325 	 123.146
FD10910	215.125 	 20.331 	 123.116
FD10910	215.250 	 20.331 	 122.999
FD10910	215.375 	 20.338 	 122.964
FD10910	215.500 	 20.341 	 123.042
FD10910	215.625 	 20.342 	 123.054
FD10910	215.750 	 20.339 	 122.995
FD10910	215.875 	 20.340 	 123.105
FD10910	216.000 	 20.338 	 123.307
FD10910	216.125 	 20.331 	 123.433
FD10910	216.250 	 20.328 	 123.359
FD10910	216.375 	 20.326 	 123.308
FD10910	216.500 	 20.324 	 123.340
FD10910	216.625 	 20.323 	 123.220
FD10910	216.750 	 20.325 	 123.093
FD10910	216.875 	 20.329 	 123.056
FD10910	217.000 	 20.330 	 123.022
FD10910	217.125 	 20.335 	 122.924
FD10910	217.250 	 20.335 	 122.851
FD10910	217.375 	 20.340 	 122.831
FD10910	217.500 	 20.340 	 122.896
FD10910	217.625 	 20.342 	 122.917
FD10910	217.750 	 20.343 	 122.869
FD10910	217.875 	 20.345 	 122.923
FD10910	218.000 	 20.347 	 122.949
FD10910	218.125 	 20.349 	 122.993
FD10910	218.250 	 20.349 	 122.936
FD10910	218.375 	 20.352 	 122.959
FD10910	218.500 	 20.350 	 123.008
FD10910	218.625 	 20.350 	 122.937
FD10910	218.750 	 20.353 	 122.912
FD10910	218.875 	 20.349 	 122.933
FD10910	219.000 	 20.349 	 122.978
FD10910	219.125 	 20.346 	 122.984
FD10910	219.250 	 20.344 	 122.984
FD10910	219.375 	 20.341 	 123.044
FD10910	219.500 	 20.339 	 123.048
FD10910	219.625 	 20.337 	 122.963
FD10910	219.750 	 20.335 	 122.830
FD10910	219.875 	 20.338 	 122.725
FD10910	220.000 	 20.338 	 122.747
FD10910	220.125 	 20.337 	 122.832
FD10910	220.250 	 20.341 	 122.844
FD10910	220.375 	 20.342 	 122.797
FD10910	220.500 	 20.342 	 122.841
FD10910	220.625 	 20.340 	 122.903
FD10910	220.750 	 20.336 	 122.933
FD10910	220.875 	 20.335 	 122.907
FD10910	221.000 	 20.328 	 122.884
FD10910	221.125 	 20.322 	 122.931
FD10910	221.250 	 20.316 	 122.892
FD10910	221.375 	 20.307 	 122.832
FD10910	221.500 	 20.302 	 122.965
FD10910	221.625 	 20.295 	 123.092
FD10910	221.750 	 20.293 	 123.134
FD10910	221.875 	 20.287 	 123.175
FD10910	222.000 	 20.282 	 123.151
FD10910	222.125 	 20.281 	 123.186
FD10910	222.250 	 20.282 	 123.242
FD10910	222.375 	 20.283 	 123.200
FD10910	222.500 	 20.287 	 123.174
FD10910	222.625 	 20.290 	 123.214
FD10910	222.750 	 20.296 	 123.143
FD10910	222.875 	 20.301 	 123.163
FD10910	223.000 	 20.305 	 123.326
FD10910	223.125 	 20.313 	 123.347
FD10910	223.250 	 20.323 	 123.214
FD10910	223.375 	 20.336 	 123.126
FD10910	223.500 	 20.345 	 123.081
FD10910	223.625 	 20.356 	 123.027
FD10910	223.750 	 20.371 	 123.108
FD10910	223.875 	 20.382 	 123.228
FD10910	224.000 	 20.390 	 123.377
FD10910	224.125 	 20.399 	 123.540
FD10910	224.250 	 20.404 	 123.551
FD10910	224.375 	 20.408 	 123.577
FD10910	224.500 	 20.411 	 123.550
FD10910	224.625 	 20.417 	 123.503
FD10910	224.750 	 20.421 	 123.525
FD10910	224.875 	 20.426 	 123.539
FD10910	225.000 	 20.431 	 123.548
FD10910	225.125 	 20.437 	 123.404
FD10910	225.250 	 20.437 	 123.257
FD10910	225.375 	 20.442 	 123.201
FD10910	225.500 	 20.442 	 123.271
FD10910	225.625 	 20.444 	 123.226
FD10910	225.750 	 20.443 	 123.006
FD10910	225.875 	 20.445 	 122.861
FD10910	226.000 	 20.446 	 122.842
FD10910	226.125 	 20.449 	 122.838
FD10910	226.250 	 20.452 	 122.854
FD10910	226.375 	 20.452 	 122.921
FD10910	226.500 	 20.455 	 122.909
FD10910	226.625 	 20.455 	 122.929
FD10910	226.750 	 20.460 	 122.978
FD10910	226.875 	 20.461 	 122.969
FD10910	227.000 	 20.463 	 122.965
FD10910	227.125 	 20.467 	 123.045
FD10910	227.250 	 20.471 	 123.099
FD10910	227.375 	 20.479 	 123.118
FD10910	227.500 	 20.486 	 123.190
FD10910	227.625 	 20.498 	 123.239
FD10910	227.750 	 20.509 	 123.338
FD10910	227.875 	 20.521 	 123.313
FD10910	228.000 	 20.533 	 123.253
FD10910	228.125 	 20.546 	 123.175
FD10910	228.250 	 20.562 	 123.095
FD10910	228.375 	 20.578 	 123.131
FD10910	228.500 	 20.592 	 123.096
FD10910	228.625 	 20.612 	 123.061
FD10910	228.750 	 20.626 	 123.115
FD10910	228.875 	 20.643 	 123.169
FD10910	229.000 	 20.661 	 123.258
FD10910	229.125 	 20.674 	 123.305
FD10910	229.250 	 20.691 	 123.190
FD10910	229.375 	 20.699 	 123.200
FD10910	229.500 	 20.714 	 123.268
FD10910	229.625 	 20.720 	 123.344
FD10910	229.750 	 20.729 	 123.360
FD10910	229.875 	 20.737 	 123.335
FD10910	230.000 	 20.741 	 123.370
FD10910	230.125 	 20.745 	 123.240
FD10910	230.250 	 20.748 	 123.088
FD10910	230.375 	 20.748 	 123.069
FD10910	230.500 	 20.750 	 123.124
FD10910	230.625 	 20.745 	 123.223
FD10910	230.750 	 20.742 	 123.162
FD10910	230.875 	 20.736 	 123.029
FD10910	231.000 	 20.726 	 122.955
FD10910	231.125 	 20.715 	 122.940
FD10910	231.250 	 20.709 	 122.933
FD10910	231.375 	 20.694 	 122.968
FD10910	231.500 	 20.684 	 122.990
FD10910	231.625 	 20.673 	 123.009
FD10910	231.750 	 20.655 	 123.100
FD10910	231.875 	 20.640 	 123.079
FD10910	232.000 	 20.622 	 123.066
FD10910	232.125 	 20.601 	 123.036
FD10910	232.250 	 20.581 	 122.931
FD10910	232.375 	 20.556 	 122.904
FD10910	232.500 	 20.536 	 122.925
FD10910	232.625 	 20.513 	 122.996
FD10910	232.750 	 20.494 	 123.016
FD10910	232.875 	 20.471 	 123.024
FD10910	233.000 	 20.452 	 123.075
FD10910	233.125 	 20.438 	 123.091
FD10910	233.250 	 20.422 	 123.139
FD10910	233.375 	 20.407 	 123.147
FD10910	233.500 	 20.392 	 123.101
FD10910	233.625 	 20.381 	 123.137
FD10910	233.750 	 20.367 	 123.132
FD10910	233.875 	 20.358 	 123.193
FD10910	234.000 	 20.347 	 123.336
FD10910	234.125 	 20.339 	 123.371
FD10910	234.250 	 20.329 	 123.359
FD10910	234.375 	 20.323 	 123.370
FD10910	234.500 	 20.317 	 123.386
FD10910	234.625 	 20.309 	 123.406
FD10910	234.750 	 20.305 	 123.342
FD10910	234.875 	 20.302 	 123.322
FD10910	235.000 	 20.298 	 123.327
FD10910	235.125 	 20.293 	 123.240
FD10910	235.250 	 20.294 	 123.284
FD10910	235.375 	 20.290 	 123.196
FD10910	235.500 	 20.289 	 123.051
FD10910	235.625 	 20.291 	 123.127
FD10910	235.750 	 20.287 	 123.154
FD10910	235.875 	 20.287 	 123.099
FD10910	236.000 	 20.288 	 123.170
FD10910	236.125 	 20.289 	 123.217
FD10910	236.250 	 20.294 	 123.229
FD10910	236.375 	 20.297 	 123.210
FD10910	236.500 	 20.298 	 123.170
FD10910	236.625 	 20.304 	 123.107
FD10910	236.750 	 20.310 	 123.082
FD10910	236.875 	 20.312 	 123.097
FD10910	237.000 	 20.318 	 123.107
FD10910	237.125 	 20.323 	 123.157
FD10910	237.250 	 20.327 	 123.122
FD10910	237.375 	 20.331 	 123.114
FD10910	237.500 	 20.339 	 123.135
FD10910	237.625 	 20.345 	 123.143
FD10910	237.750 	 20.351 	 123.226
FD10910	237.875 	 20.359 	 123.337
FD10910	238.000 	 20.367 	 123.382
FD10910	238.125 	 20.375 	 123.269
FD10910	238.250 	 20.378 	 123.028
FD10910	238.375 	 20.388 	 122.933
FD10910	238.500 	 20.388 	 122.939
FD10910	238.625 	 20.391 	 122.897
FD10910	238.750 	 20.397 	 122.916
FD10910	238.875 	 20.396 	 122.882
FD10910	239.000 	 20.402 	 122.821
FD10910	239.125 	 20.403 	 122.764
FD10910	239.250 	 20.404 	 122.699
FD10910	239.375 	 20.406 	 122.826
FD10910	239.500 	 20.407 	 123.022
FD10910	239.625 	 20.406 	 123.136
FD10910	239.750 	 20.404 	 123.221
FD10910	239.875 	 20.402 	 123.258
FD10910	240.000 	 20.401 	 123.290
FD10910	240.125 	 20.398 	 123.332
FD10910	240.250 	 20.396 	 123.374
FD10910	240.375 	 20.398 	 123.324
FD10910	240.500 	 20.400 	 123.170
FD10910	240.625 	 20.402 	 123.138
FD10910	240.750 	 20.405 	 123.207
FD10910	240.875 	 20.408 	 123.213
FD10910	241.000 	 20.412 	 123.228
FD10910	241.125 	 20.418 	 123.261
FD10910	241.250 	 20.420 	 123.233
FD10910	241.375 	 20.422 	 123.268
FD10910	241.500 	 20.424 	 123.316
FD10910	241.625 	 20.425 	 123.313
FD10910	241.750 	 20.426 	 123.290
FD10910	241.875 	 20.428 	 123.331
FD10910	242.000 	 20.429 	 123.339
FD10910	242.125 	 20.432 	 123.314
FD10910	242.250 	 20.430 	 123.439
FD10910	242.375 	 20.430 	 123.439
FD10910	242.500 	 20.429 	 123.386
FD10910	242.625 	 20.430 	 123.403
FD10910	242.750 	 20.429 	 123.393
FD10910	242.875 	 20.427 	 123.414
FD10910	243.000 	 20.427 	 123.294
FD10910	243.125 	 20.427 	 123.282
FD10910	243.250 	 20.429 	 123.319
FD10910	243.375 	 20.429 	 123.252
FD10910	243.500 	 20.431 	 123.304
FD10910	243.625 	 20.435 	 123.285
FD10910	243.750 	 20.438 	 123.209
FD10910	243.875 	 20.449 	 123.178
FD10910	244.000 	 20.453 	 123.125
FD10910	244.125 	 20.460 	 123.082
FD10910	244.250 	 20.463 	 123.095
FD10910	244.375 	 20.467 	 123.078
FD10910	244.500 	 20.466 	 123.202
FD10910	244.625 	 20.466 	 123.294
FD10910	244.750 	 20.467 	 123.332
FD10910	244.875 	 20.466 	 123.310
FD10910	245.000 	 20.460 	 123.202
FD10910	245.125 	 20.458 	 123.220
FD10910	245.250 	 20.453 	 123.235
FD10910	245.375 	 20.448 	 123.131
FD10910	245.500 	 20.443 	 123.151
FD10910	245.625 	 20.438 	 123.310
FD10910	245.750 	 20.428 	 123.295
FD10910	245.875 	 20.422 	 123.286
FD10910	246.000 	 20.412 	 123.304
FD10910	246.125 	 20.410 	 123.303
FD10910	246.250 	 20.401 	 123.289
FD10910	246.375 	 20.401 	 123.324
FD10910	246.500 	 20.401 	 123.374
FD10910	246.625 	 20.404 	 123.431
FD10910	246.750 	 20.406 	 123.514
FD10910	246.875 	 20.414 	 123.600
FD10910	247.000 	 20.418 	 123.639
FD10910	247.125 	 20.425 	 123.625
FD10910	247.250 	 20.437 	 123.597
FD10910	247.375 	 20.447 	 123.526
FD10910	247.500 	 20.464 	 123.428
FD10910	247.625 	 20.479 	 123.351
FD10910	247.750 	 20.496 	 123.320
FD10910	247.875 	 20.518 	 123.339
FD10910	248.000 	 20.540 	 123.381
FD10910	248.125 	 20.560 	 123.464
FD10910	248.250 	 20.585 	 123.568
FD10910	248.375 	 20.606 	 123.617
FD10910	248.500 	 20.628 	 123.623
FD10910	248.625 	 20.649 	 123.590
FD10910	248.750 	 20.670 	 123.550
FD10910	248.875 	 20.686 	 123.497
FD10910	249.000 	 20.705 	 123.480
FD10910	249.125 	 20.722 	 123.423
FD10910	249.250 	 20.739 	 123.354
FD10910	249.375 	 20.752 	 123.280
FD10910	249.500 	 20.766 	 123.298
FD10910	249.625 	 20.782 	 123.385
FD10910	249.750 	 20.796 	 123.374
FD10910	249.875 	 20.804 	 123.377
FD10910	250.000 	 20.815 	 123.341
FD10910	250.125 	 20.819 	 123.307
FD10910	250.250 	 20.827 	 123.352
FD10910	250.375 	 20.830 	 123.385
FD10910	250.500 	 20.839 	 123.298
FD10910	250.625 	 20.845 	 123.139
FD10910	250.750 	 20.851 	 123.093
FD10910	250.875 	 20.857 	 123.162
FD10910	251.000 	 20.863 	 123.171
FD10910	251.125 	 20.864 	 123.268
FD10910	251.250 	 20.866 	 123.482
FD10910	251.375 	 20.869 	 123.592
FD10910	251.500 	 20.861 	 123.656
FD10910	251.625 	 20.854 	 123.698
FD10910	251.750 	 20.847 	 123.575
FD10910	251.875 	 20.833 	 123.488
FD10910	252.000 	 20.823 	 123.513
FD10910	252.125 	 20.811 	 123.522
FD10910	252.250 	 20.794 	 123.538
FD10910	252.375 	 20.782 	 123.527
FD10910	252.500 	 20.767 	 123.550
FD10910	252.625 	 20.747 	 123.615
FD10910	252.750 	 20.731 	 123.561
FD10910	252.875 	 20.718 	 123.583
FD10910	253.000 	 20.700 	 123.736
FD10910	253.125 	 20.684 	 123.737
FD10910	253.250 	 20.668 	 123.686
FD10910	253.375 	 20.654 	 123.676
FD10910	253.500 	 20.637 	 123.627
FD10910	253.625 	 20.627 	 123.592
FD10910	253.750 	 20.617 	 123.688
FD10910	253.875 	 20.605 	 123.647
FD10910	254.000 	 20.599 	 123.546
FD10910	254.125 	 20.588 	 123.614
FD10910	254.250 	 20.579 	 123.640
FD10910	254.375 	 20.572 	 123.705
FD10910	254.500 	 20.565 	 123.828
FD10910	254.625 	 20.560 	 123.823
FD10910	254.750 	 20.550 	 123.824
FD10910	254.875 	 20.546 	 123.857
FD10910	255.000 	 20.540 	 123.868
FD10910	255.125 	 20.535 	 123.774
FD10910	255.250 	 20.528 	 123.733
FD10910	255.375 	 20.524 	 123.682
FD10910	255.500 	 20.520 	 123.518
FD10910	255.625 	 20.512 	 123.531
FD10910	255.750 	 20.509 	 123.471
FD10910	255.875 	 20.504 	 123.354
FD10910	256.000 	 20.502 	 123.447
FD10910	256.125 	 20.496 	 123.508
FD10910	256.250 	 20.489 	 123.498
FD10910	256.375 	 20.486 	 123.527
FD10910	256.500 	 20.480 	 123.563
FD10910	256.625 	 20.473 	 123.627
FD10910	256.750 	 20.471 	 123.766
FD10910	256.875 	 20.460 	 123.811
FD10910	257.000 	 20.458 	 123.712
FD10910	257.125 	 20.449 	 123.608
FD10910	257.250 	 20.444 	 123.639
FD10910	257.375 	 20.439 	 123.614
FD10910	257.500 	 20.436 	 123.611
FD10910	257.625 	 20.432 	 123.594
FD10910	257.750 	 20.434 	 123.532
FD10910	257.875 	 20.438 	 123.538
FD10910	258.000 	 20.445 	 123.490
FD10910	258.125 	 20.455 	 123.422
FD10910	258.250 	 20.463 	 123.309
FD10910	258.375 	 20.470 	 123.223
FD10910	258.500 	 20.479 	 123.068
FD10910	258.625 	 20.484 	 123.019
FD10910	258.750 	 20.486 	 123.110
FD10910	258.875 	 20.489 	 123.136
FD10910	259.000 	 20.489 	 123.172
FD10910	259.125 	 20.495 	 123.112
FD10910	259.250 	 20.492 	 122.919
FD10910	259.375 	 20.495 	 122.867
FD10910	259.500 	 20.495 	 123.006
FD10910	259.625 	 20.498 	 123.235
FD10910	259.750 	 20.494 	 123.384
FD10910	259.875 	 20.497 	 123.503
FD10910	260.000 	 20.490 	 123.649
FD10910	260.125 	 20.485 	 123.716
FD10910	260.250 	 20.479 	 123.811
FD10910	260.375 	 20.467 	 123.724
FD10910	260.500 	 20.458 	 123.673
FD10910	260.625 	 20.448 	 123.685
FD10910	260.750 	 20.442 	 123.539
FD10910	260.875 	 20.433 	 123.383
FD10910	261.000 	 20.430 	 123.349
FD10910	261.125 	 20.426 	 123.411
FD10910	261.250 	 20.421 	 123.435
FD10910	261.375 	 20.417 	 123.499
FD10910	261.500 	 20.413 	 123.632
FD10910	261.625 	 20.400 	 123.631
FD10910	261.750 	 20.392 	 123.619
FD10910	261.875 	 20.376 	 123.650
FD10910	262.000 	 20.363 	 123.635
FD10910	262.125 	 20.348 	 123.660
FD10910	262.250 	 20.334 	 123.568
FD10910	262.375 	 20.321 	 123.511
FD10910	262.500 	 20.310 	 123.545
FD10910	262.625 	 20.303 	 123.582
FD10910	262.750 	 20.296 	 123.644
FD10910	262.875 	 20.290 	 123.689
FD10910	263.000 	 20.282 	 123.809
FD10910	263.125 	 20.279 	 124.002
FD10910	263.250 	 20.272 	 124.114
FD10910	263.375 	 20.268 	 124.168
FD10910	263.500 	 20.256 	 124.299
FD10910	263.625 	 20.254 	 124.334
FD10910	263.750 	 20.255 	 124.244
FD10910	263.875 	 20.245 	 124.105
FD10910	264.000 	 20.254 	 123.976
FD10910	264.125 	 20.252 	 123.892
FD10910	264.250 	 20.256 	 123.882
FD10910	264.375 	 20.265 	 123.839
FD10910	264.500 	 20.274 	 123.743
FD10910	264.625 	 20.280 	 123.763
FD10910	264.750 	 20.292 	 123.808
FD10910	264.875 	 20.302 	 123.963
FD10910	265.000 	 20.327 	 124.148
FD10910	265.125 	 20.332 	 124.226
FD10910	265.250 	 20.360 	 124.191
FD10910	265.375 	 20.383 	 124.109
FD10910	265.500 	 20.400 	 124.043
FD10910	265.625 	 20.418 	 123.946
FD10910	265.750 	 20.439 	 123.914
FD10910	265.875 	 20.460 	 123.924
FD10910	266.000 	 20.469 	 123.806
FD10910	266.125 	 20.485 	 123.626
FD10910	266.250 	 20.492 	 123.457
FD10910	266.375 	 20.505 	 123.249
FD10910	266.500 	 20.509 	 123.021
FD10910	266.625 	 20.506 	 122.809
FD10910	266.750 	 20.505 	 122.637
FD10910	266.875 	 20.505 	 122.530
FD10910	267.000 	 20.494 	 122.649
FD10910	267.125 	 20.484 	 122.787
FD10910	267.250 	 20.478 	 122.924
FD10910	267.375 	 20.468 	 123.119
FD10910	267.500 	 20.457 	 123.179
FD10910	267.625 	 20.450 	 123.150
FD10910	267.750 	 20.445 	 123.087
FD10910	267.875 	 20.444 	 123.101
FD10910	268.000 	 20.444 	 123.008
FD10910	268.125 	 20.449 	 122.838
FD10910	268.250 	 20.455 	 122.903
FD10910	268.375 	 20.465 	 123.167
FD10910	268.500 	 20.473 	 123.333
FD10910	268.625 	 20.474 	 123.533
FD10910	268.750 	 20.491 	 123.711
FD10910	268.875 	 20.489 	 123.683
FD10910	269.000 	 20.504 	 123.735
FD10910	269.125 	 20.509 	 123.792
FD10910	269.250 	 20.510 	 123.724
FD10910	269.375 	 20.503 	 123.489
FD10910	269.500 	 20.497 	 123.324
FD10910	269.625 	 20.497 	 123.257
FD10910	269.750 	 20.483 	 123.080
FD10910	269.875 	 20.489 	 122.899
FD10910	270.000 	 20.479 	 122.814
FD10910	270.125 	 20.488 	 122.729
FD10910	270.250 	 20.479 	 122.630
FD10910	270.375 	 20.490 	 122.701
FD10910	270.500 	 20.477 	 122.788
FD10910	270.625 	 20.478 	 122.722
FD10910	270.750 	 20.469 	 122.707
FD10910	270.875 	 20.452 	 122.780
FD10910	271.000 	 20.441 	 122.692
FD10910	271.125 	 20.430 	 122.490
FD10910	271.250 	 20.421 	 122.647
FD10910	271.375 	 20.416 	 122.991
FD10910	271.500 	 20.419 	 123.195
FD10910	271.625 	 20.406 	 123.406
FD10910	271.750 	 20.414 	 123.375
FD10910	271.875 	 20.405 	 123.325
FD10910	272.000 	 20.397 	 123.380
FD10910	272.125 	 20.379 	 123.321
FD10910	272.250 	 20.365 	 123.197
FD10910	272.375 	 20.348 	 123.156
FD10910	272.500 	 20.324 	 123.199
FD10910	272.625 	 20.322 	 123.050
FD10910	272.750 	 20.307 	 122.859
FD10910	272.875 	 20.310 	 122.898
FD10910	273.000 	 20.312 	 123.008
FD10910	273.125 	 20.307 	 123.149
FD10910	273.250 	 20.314 	 123.552
FD10910	273.375 	 20.314 	 123.986
FD10910	273.500 	 20.310 	 124.117
FD10910	273.625 	 20.316 	 123.948
FD10910	273.750 	 20.315 	 123.801
FD10910	273.875 	 20.310 	 123.792
FD10910	274.000 	 20.320 	 123.794
FD10910	274.125 	 20.311 	 123.794
FD10910	274.250 	 20.316 	 123.794
FD10910	274.375 	 20.317 	 123.793
FD10910	274.500 	 20.315 	 123.795
FD10910	274.625 	 20.326 	 123.794
FD10910	274.750 	 20.316 	 123.801
FD10910	274.875 	 20.326 	 123.803
FD10910	275.000 	 20.317 	 123.812
FD10910	275.125 	 20.321 	 123.812
FD10910	275.250 	 20.321 	 123.803
FD10910	275.375 	 20.321 	 123.792
FD10910	275.500 	 20.321 	 123.794
FD10910	275.625 	 20.321 	 123.794
FD10910	275.750 	 20.321 	 123.794
FD10910	275.875 	 20.321 	 123.794
FD10910	276.000 	 20.321 	 123.794
FD10910	276.125 	 20.317 	 123.794
FD10910	276.250 	 20.326 	 123.794
FD10910	276.375 	 20.317 	 123.794
FD10910	276.500 	 20.326 	 123.794
FD10910	276.625 	 20.317 	 123.794
FD10910	276.750 	 20.326 	 123.794
FD10910	276.875 	 20.316 	 123.792
FD10910	277.000 	 20.321 	 123.794
FD10910	277.125 	 20.321 	 123.794
FD10910	277.250 	 20.321 	 123.794
FD10910	277.375 	 20.321 	 123.794
FD10910	277.500 	 20.321 	 123.794
FD10910	277.625 	 20.321 	 123.794
FD10910	277.750 	 20.317 	 123.794
FD10910	277.875 	 20.326 	 123.794
FD10910	278.000 	 20.317 	 123.794
FD10910	278.125 	 20.326 	 123.794
FD10910	278.250 	 20.317 	 123.794
FD10910	278.375 	 20.326 	 123.794
FD10910	278.500 	 20.316 	 123.792
FD10910	278.625 	 20.321 	 123.794
FD10910	278.750 	 20.320 	 123.797
FD10910	278.875 	 20.321 	 123.794
FD10910	279.000 	 20.321 	 123.794
FD10910	279.125 	 20.321 	 123.794
FD10910	279.250 	 20.321 	 123.794
FD10910	279.375 	 20.321 	 123.794
FD10910	279.500 	 20.321 	 123.794
FD10910	279.625 	 20.317 	 123.794
FD10910	279.750 	 20.326 	 123.794
FD10910	279.875 	 20.317 	 123.794
FD10910	280.000 	 20.326 	 123.792
FD10910	280.125 	 20.317 	 123.794
FD10910	280.250 	 20.326 	 123.794
FD10910	280.375 	 20.317 	 123.794
FD10910	280.500 	 20.321 	 123.794
FD10910	280.625 	 20.321 	 123.794
FD10910	280.750 	 20.321 	 123.794
FD10910	280.875 	 20.321 	 123.794
FD10910	281.000 	 20.321 	 123.794
FD10910	281.125 	 20.321 	 123.794
FD10910	281.250 	 20.317 	 123.794
FD10910	281.375 	 20.326 	 123.794
FD10910	281.500 	 20.317 	 123.794
FD10910	281.625 	 20.326 	 123.792
FD10910	281.750 	 20.317 	 123.794
FD10910	281.875 	 20.326 	 123.794
FD10910	282.000 	 20.317 	 123.794
FD10910	282.125 	 20.321 	 123.794
FD10910	282.250 	 20.321 	 123.794
FD10910	282.375 	 20.321 	 123.794
FD10910	282.500 	 20.321 	 123.794
FD10910	282.625 	 20.321 	 123.794
FD10910	282.750 	 20.321 	 123.794
FD10910	282.875 	 20.321 	 123.794
FD10910	283.000 	 20.321 	 123.794
FD10910	283.125 	 20.316 	 123.792
FD10910	283.250 	 20.326 	 123.794
FD10910	283.375 	 20.317 	 123.794
FD10910	283.500 	 20.326 	 123.794
FD10910	283.625 	 20.317 	 123.794
FD10910	283.750 	 20.321 	 123.794
FD10910	283.875 	 20.320 	 123.797
FD10910	284.000 	 20.321 	 123.794
FD10910	284.125 	 20.321 	 123.794
FD10910	284.250 	 20.321 	 123.794
FD10910	284.375 	 20.321 	 123.794
FD10910	284.500 	 20.321 	 123.794
FD10910	284.625 	 20.321 	 123.792
FD10910	284.750 	 20.317 	 123.794
FD10910	284.875 	 20.326 	 123.794
FD10910	285.000 	 20.317 	 123.794
FD10910	285.125 	 0.000 	 90.000
FD10910	285.250 	 0.000 	 90.000
FD10910	285.375 	 0.000 	 90.000
FD10910	285.500 	 0.000 	 90.000
FD10910	285.625 	 0.000 	 90.000
FD10910	285.750 	 0.000 	 90.000
FD10910	285.875 	 0.000 	 90.000
FD10910	286.000 	 0.000 	 90.000
FD10910	286.125 	 0.000 	 90.000
FD10910	286.250 	 0.000 	 90.000
FD10910	286.375 	 0.000 	 90.000
FD10910	286.500 	 0.000 	 90.000
FD10910	286.625 	 0.000 	 90.000
FD10910	286.750 	 0.000 	 90.000
FD10910	286.875 	 0.000 	 90.000
FD10910	287.000 	 0.000 	 90.000
FD10910	287.125 	 0.000 	 90.000
FD10910	287.250 	 0.000 	 90.000
FD10910	287.375 	 0.000 	 90.000
FD10910	287.500 	 0.000 	 90.000
FD10910	287.625 	 0.000 	 90.000
FD10910	287.750 	 0.000 	 90.000
FD10910	287.875 	 0.000 	 90.000
FD10910	288.000 	 0.000 	 90.000
FD10910	288.125 	 0.000 	 90.000
FD10910	288.250 	 0.000 	 90.000
FD10910	288.375 	 0.000 	 90.000
FD10910	288.500 	 0.000 	 90.000
FD10910	288.625 	 0.000 	 90.000
FD10910	288.750 	 0.000 	 90.000
FD10910	288.875 	 0.000 	 90.000
FD10910	289.000 	 0.000 	 90.000
FD10910	289.125 	 0.000 	 90.000
FD10910	289.250 	 0.000 	 90.000
FD10910	289.375 	 0.000 	 90.000
FD10910	289.500 	 0.000 	 90.000
FD10910	289.625 	 0.000 	 90.000
FD10910	289.750 	 0.000 	 90.000
FD10910	289.875 	 0.000 	 90.000
FD10910	290.000 	 0.000 	 90.000
FD10910	290.125 	 0.000 	 90.000
FD10910	290.250 	 0.000 	 90.000
FD10910	290.375 	 0.000 	 90.000
FD10910	290.500 	 0.000 	 90.000
FD10910	290.625 	 0.000 	 90.000
FD10910	290.750 	 0.000 	 90.000
FD10910	290.875 	 0.000 	 90.000
FD10910	291.000 	 0.000 	 90.000
FD10910	291.125 	 0.000 	 90.000
FD10910	291.250 	 0.000 	 90.000
FD10910	291.375 	 0.000 	 90.000
FD10910	291.500 	 0.000 	 90.000
FD10910	291.625 	 0.000 	 90.000
FD10910	291.750 	 0.000 	 90.000
FD10910	291.875 	 0.000 	 90.000
FD10910	292.000 	 0.000 	 90.000
FD10910	292.125 	 0.000 	 90.000
FD10910	292.250 	 0.000 	 90.000
FD10910	292.375 	 0.000 	 90.000
FD10910	292.500 	 0.000 	 90.000
FD10910	292.625 	 0.000 	 90.000
FD10910	292.750 	 0.000 	 90.000
FD10910	292.875 	 0.000 	 90.000
FD10910	293.000 	 0.000 	 90.000
FD10910	293.125 	 0.000 	 90.000
FD10910	293.250 	 0.000 	 90.000
FD10910	293.375 	 0.000 	 90.000
FD10910	293.500 	 0.000 	 90.000
FD10910	293.625 	 0.000 	 90.000
FD10910	293.750 	 0.000 	 90.000
FD10910	293.875 	 0.000 	 90.000
FD10910	294.000 	 0.000 	 90.000
FD10910	294.125 	 0.000 	 90.000
FD10910	294.250 	 0.000 	 90.000
FD10910	294.375 	 0.000 	 90.000
FD10910	294.500 	 0.000 	 90.000
FD10910	294.625 	 0.000 	 90.000
FD10910	294.750 	 0.000 	 90.000
FD10910	294.875 	 0.000 	 90.000
FD10910	295.000 	 0.000 	 90.000
