#WellName	 Depth.M	 INCL	 AZIM 
WellName	 Depth.M	 INCL	 AZIM 
FD10582	0.000 	 0.000 	 0.000
FD10582	0.125 	 0.648 	 315.000
FD10582	0.250 	 0.648 	 315.000
FD10582	0.375 	 1.025 	 333.435
FD10582	0.500 	 0.648 	 315.000
FD10582	0.625 	 0.648 	 315.000
FD10582	0.750 	 0.648 	 315.000
FD10582	0.875 	 0.648 	 315.000
FD10582	1.000 	 0.917 	 0.000
FD10582	1.125 	 0.648 	 315.000
FD10582	1.250 	 0.648 	 315.000
FD10582	1.375 	 0.648 	 315.000
FD10582	1.500 	 0.648 	 315.000
FD10582	1.625 	 1.025 	 333.435
FD10582	1.750 	 0.648 	 315.000
FD10582	1.875 	 0.648 	 315.000
FD10582	2.000 	 0.648 	 315.000
FD10582	2.125 	 0.648 	 315.000
FD10582	2.250 	 1.025 	 333.435
FD10582	2.375 	 0.648 	 315.000
FD10582	2.500 	 0.648 	 315.000
FD10582	2.625 	 0.648 	 315.000
FD10582	2.750 	 0.458 	 0.000
FD10582	2.875 	 1.025 	 333.435
FD10582	3.000 	 0.648 	 315.000
FD10582	3.125 	 0.648 	 315.000
FD10582	3.250 	 0.648 	 315.000
FD10582	3.375 	 0.648 	 315.000
FD10582	3.500 	 0.648 	 315.000
FD10582	3.625 	 1.025 	 333.435
FD10582	3.750 	 0.648 	 315.000
FD10582	3.875 	 0.648 	 315.000
FD10582	4.000 	 0.648 	 315.000
FD10582	4.125 	 0.648 	 315.000
FD10582	4.250 	 1.025 	 333.435
FD10582	4.375 	 0.648 	 315.000
FD10582	4.500 	 0.648 	 315.000
FD10582	4.625 	 0.458 	 0.000
FD10582	4.750 	 0.648 	 315.000
FD10582	4.875 	 1.025 	 333.435
FD10582	5.000 	 0.648 	 315.000
FD10582	5.125 	 0.648 	 315.000
FD10582	5.250 	 0.648 	 315.000
FD10582	5.375 	 0.648 	 315.000
FD10582	5.500 	 1.025 	 333.435
FD10582	5.625 	 0.648 	 315.000
FD10582	5.750 	 0.648 	 315.000
FD10582	5.875 	 0.653 	 315.000
FD10582	6.000 	 0.648 	 315.000
FD10582	6.125 	 1.025 	 333.435
FD10582	6.250 	 0.648 	 315.000
FD10582	6.375 	 0.648 	 315.000
FD10582	6.500 	 0.458 	 0.000
FD10582	6.625 	 0.648 	 315.000
FD10582	6.750 	 1.025 	 333.435
FD10582	6.875 	 0.648 	 315.000
FD10582	7.000 	 0.648 	 315.000
FD10582	7.125 	 0.648 	 315.000
FD10582	7.250 	 0.648 	 315.000
FD10582	7.375 	 1.025 	 333.435
FD10582	7.500 	 0.648 	 315.000
FD10582	7.625 	 0.648 	 315.000
FD10582	7.750 	 0.648 	 315.000
FD10582	7.875 	 0.648 	 315.000
FD10582	8.000 	 1.025 	 333.435
FD10582	8.125 	 0.648 	 315.000
FD10582	8.250 	 0.458 	 0.000
FD10582	8.375 	 0.648 	 315.000
FD10582	8.500 	 0.648 	 315.000
FD10582	8.625 	 1.025 	 333.435
FD10582	8.750 	 0.648 	 315.000
FD10582	8.875 	 0.648 	 315.000
FD10582	9.000 	 0.648 	 315.000
FD10582	9.125 	 0.648 	 315.000
FD10582	9.250 	 1.025 	 333.435
FD10582	9.375 	 0.648 	 315.000
FD10582	9.500 	 0.648 	 315.000
FD10582	9.625 	 0.648 	 315.000
FD10582	9.750 	 0.648 	 315.000
FD10582	9.875 	 1.025 	 333.435
FD10582	10.000 	 0.648 	 315.000
FD10582	10.125 	 0.458 	 0.000
FD10582	10.250 	 0.648 	 315.000
FD10582	10.375 	 0.648 	 315.000
FD10582	10.500 	 0.648 	 315.000
FD10582	10.625 	 1.025 	 333.435
FD10582	10.750 	 0.648 	 315.000
FD10582	10.875 	 0.648 	 315.000
FD10582	11.000 	 0.648 	 315.000
FD10582	11.125 	 0.648 	 315.000
FD10582	11.250 	 1.025 	 333.435
FD10582	11.375 	 0.648 	 315.000
FD10582	11.500 	 0.648 	 315.000
FD10582	11.625 	 0.648 	 315.000
FD10582	11.750 	 0.648 	 315.000
FD10582	11.875 	 0.917 	 0.000
FD10582	12.000 	 0.648 	 315.000
FD10582	12.125 	 0.648 	 315.000
FD10582	12.250 	 0.648 	 315.000
FD10582	12.375 	 0.648 	 315.000
FD10582	12.500 	 1.025 	 333.435
FD10582	12.625 	 0.648 	 315.000
FD10582	12.750 	 0.648 	 315.000
FD10582	12.875 	 0.648 	 315.000
FD10582	13.000 	 0.648 	 315.000
FD10582	13.125 	 1.025 	 333.435
FD10582	13.250 	 0.648 	 315.000
FD10582	13.375 	 0.648 	 315.000
FD10582	13.500 	 0.648 	 315.000
FD10582	13.625 	 0.648 	 315.000
FD10582	13.750 	 0.917 	 0.000
FD10582	13.875 	 0.648 	 315.000
FD10582	14.000 	 0.648 	 315.000
FD10582	14.125 	 0.648 	 315.000
FD10582	14.250 	 0.648 	 315.000
FD10582	14.375 	 1.025 	 333.435
FD10582	14.500 	 0.648 	 315.000
FD10582	14.625 	 0.648 	 315.000
FD10582	14.750 	 0.648 	 315.000
FD10582	14.875 	 0.648 	 315.000
FD10582	15.000 	 1.025 	 333.435
FD10582	15.125 	 0.648 	 315.000
FD10582	15.250 	 0.648 	 315.000
FD10582	15.375 	 0.648 	 315.000
FD10582	15.500 	 0.458 	 0.000
FD10582	15.625 	 1.025 	 333.435
FD10582	15.750 	 0.648 	 315.000
FD10582	15.875 	 0.648 	 315.000
FD10582	16.000 	 0.648 	 315.000
FD10582	16.125 	 0.648 	 315.000
FD10582	16.250 	 1.025 	 333.435
FD10582	16.375 	 0.648 	 315.000
FD10582	16.500 	 0.648 	 315.000
FD10582	16.625 	 0.648 	 315.000
FD10582	16.750 	 0.648 	 315.000
FD10582	16.875 	 1.025 	 333.435
FD10582	17.000 	 0.648 	 315.000
FD10582	17.125 	 0.648 	 315.000
FD10582	17.250 	 0.648 	 315.000
FD10582	17.375 	 0.458 	 0.000
FD10582	17.500 	 0.648 	 315.000
FD10582	17.625 	 1.033 	 333.435
FD10582	17.750 	 0.648 	 315.000
FD10582	17.875 	 0.648 	 315.000
FD10582	18.000 	 0.648 	 315.000
FD10582	18.125 	 0.648 	 315.000
FD10582	18.250 	 1.025 	 333.435
FD10582	18.375 	 0.648 	 315.000
FD10582	18.500 	 0.648 	 315.000
FD10582	18.625 	 0.648 	 315.000
FD10582	18.750 	 0.648 	 315.000
FD10582	18.875 	 1.025 	 333.435
FD10582	19.000 	 0.648 	 315.000
FD10582	19.125 	 0.648 	 315.000
FD10582	19.250 	 0.458 	 0.000
FD10582	19.375 	 0.648 	 315.000
FD10582	19.500 	 1.025 	 333.435
FD10582	19.625 	 0.648 	 315.000
FD10582	19.750 	 0.648 	 315.000
FD10582	19.875 	 0.648 	 315.000
FD10582	20.000 	 0.648 	 315.000
FD10582	20.125 	 1.025 	 333.435
FD10582	20.250 	 0.648 	 315.000
FD10582	20.375 	 0.648 	 315.000
FD10582	20.500 	 0.648 	 315.000
FD10582	20.625 	 0.648 	 315.000
FD10582	20.750 	 1.025 	 333.435
FD10582	20.875 	 0.648 	 315.000
FD10582	21.000 	 0.458 	 0.000
FD10582	21.125 	 0.648 	 315.000
FD10582	21.250 	 0.648 	 315.000
FD10582	21.375 	 1.025 	 333.435
FD10582	21.500 	 0.648 	 315.000
FD10582	21.625 	 0.648 	 315.000
FD10582	21.750 	 0.648 	 315.000
FD10582	21.875 	 0.648 	 315.000
FD10582	22.000 	 1.025 	 333.435
FD10582	22.125 	 0.648 	 315.000
FD10582	22.250 	 0.648 	 315.000
FD10582	22.375 	 0.648 	 315.000
FD10582	22.500 	 0.648 	 315.000
FD10582	22.625 	 1.025 	 333.435
FD10582	22.750 	 0.648 	 315.000
FD10582	22.875 	 0.458 	 0.000
FD10582	23.000 	 0.648 	 315.000
FD10582	23.125 	 0.648 	 315.000
FD10582	23.250 	 1.025 	 333.435
FD10582	23.375 	 0.648 	 315.000
FD10582	23.500 	 0.648 	 315.000
FD10582	23.625 	 0.648 	 315.000
FD10582	23.750 	 0.648 	 315.000
FD10582	23.875 	 1.025 	 333.435
FD10582	24.000 	 0.648 	 315.000
FD10582	24.125 	 0.648 	 315.000
FD10582	24.250 	 0.648 	 315.000
FD10582	24.375 	 0.648 	 315.000
FD10582	24.500 	 0.648 	 315.000
FD10582	24.625 	 0.917 	 0.000
FD10582	24.750 	 0.648 	 315.000
FD10582	24.875 	 0.648 	 315.000
FD10582	25.000 	 0.648 	 315.000
FD10582	25.125 	 0.648 	 315.000
FD10582	25.250 	 1.025 	 333.435
FD10582	25.375 	 0.648 	 315.000
FD10582	25.500 	 0.648 	 315.000
FD10582	25.625 	 0.648 	 315.000
FD10582	25.750 	 0.648 	 315.000
FD10582	25.875 	 1.025 	 333.435
FD10582	26.000 	 0.648 	 315.000
FD10582	26.125 	 0.648 	 315.000
FD10582	26.250 	 0.648 	 315.000
FD10582	26.375 	 0.648 	 315.000
FD10582	26.500 	 0.917 	 0.000
FD10582	26.625 	 0.648 	 315.000
FD10582	26.750 	 0.648 	 315.000
FD10582	26.875 	 0.648 	 315.000
FD10582	27.000 	 0.648 	 315.000
FD10582	27.125 	 1.025 	 333.435
FD10582	27.250 	 0.648 	 315.001
FD10582	27.375 	 0.648 	 315.000
FD10582	27.500 	 0.648 	 315.000
FD10582	27.625 	 0.648 	 315.000
FD10582	27.750 	 1.025 	 333.435
FD10582	27.875 	 0.648 	 315.000
FD10582	28.000 	 0.648 	 315.000
FD10582	28.125 	 0.648 	 315.000
FD10582	28.250 	 0.458 	 0.000
FD10582	28.375 	 1.025 	 333.435
FD10582	28.500 	 0.648 	 315.000
FD10582	28.625 	 0.648 	 315.000
FD10582	28.750 	 0.648 	 315.000
FD10582	28.875 	 0.648 	 315.000
FD10582	29.000 	 1.025 	 333.435
FD10582	29.125 	 0.648 	 315.001
FD10582	29.250 	 0.653 	 315.000
FD10582	29.375 	 0.648 	 315.000
FD10582	29.500 	 0.648 	 315.000
FD10582	29.625 	 1.025 	 333.435
FD10582	29.750 	 0.648 	 315.000
FD10582	29.875 	 0.648 	 315.000
FD10582	30.000 	 0.648 	 315.000
FD10582	30.125 	 4.574 	 323.130
FD10582	30.250 	 4.900 	 318.814
FD10582	30.375 	 4.946 	 326.310
FD10582	30.500 	 4.900 	 318.814
FD10582	30.625 	 4.861 	 318.814
FD10582	30.750 	 4.611 	 323.130
FD10582	30.875 	 4.861 	 318.814
FD10582	31.000 	 4.900 	 318.814
FD10582	31.125 	 4.946 	 326.310
FD10582	31.250 	 4.900 	 318.814
FD10582	31.375 	 4.861 	 318.814
FD10582	31.500 	 4.611 	 323.130
FD10582	31.625 	 4.861 	 318.814
FD10582	31.750 	 4.985 	 326.310
FD10582	31.875 	 4.900 	 318.814
FD10582	32.000 	 4.861 	 318.814
FD10582	32.125 	 4.611 	 323.130
FD10582	32.250 	 4.861 	 318.814
FD10582	32.375 	 4.900 	 318.814
FD10582	32.500 	 4.946 	 326.310
FD10582	32.625 	 4.900 	 318.814
FD10582	32.750 	 4.861 	 318.814
FD10582	32.875 	 4.611 	 323.130
FD10582	33.000 	 4.861 	 318.814
FD10582	33.125 	 4.900 	 318.814
FD10582	33.250 	 4.946 	 326.310
FD10582	33.375 	 4.900 	 318.814
FD10582	33.500 	 4.574 	 323.130
FD10582	33.625 	 4.900 	 318.814
FD10582	33.750 	 4.861 	 318.814
FD10582	33.875 	 4.611 	 323.130
FD10582	34.000 	 5.254 	 322.125
FD10582	34.125 	 4.861 	 318.814
FD10582	34.250 	 4.611 	 323.130
FD10582	34.375 	 4.861 	 318.814
FD10582	34.500 	 4.900 	 318.814
FD10582	34.625 	 4.574 	 323.130
FD10582	34.750 	 5.254 	 322.125
FD10582	34.875 	 4.574 	 323.130
FD10582	35.000 	 4.900 	 318.814
FD10582	35.125 	 4.861 	 318.814
FD10582	35.250 	 4.611 	 323.130
FD10582	35.375 	 4.861 	 318.814
FD10582	35.500 	 5.254 	 322.125
FD10582	35.625 	 4.574 	 323.130
FD10582	35.750 	 4.900 	 318.814
FD10582	35.875 	 4.861 	 318.814
FD10582	36.000 	 4.611 	 323.130
FD10582	36.125 	 4.900 	 318.814
FD10582	36.250 	 5.212 	 322.125
FD10582	36.375 	 4.611 	 323.130
FD10582	36.500 	 4.861 	 318.814
FD10582	36.625 	 4.611 	 323.130
FD10582	36.750 	 4.861 	 318.814
FD10582	36.875 	 4.900 	 318.814
FD10582	37.000 	 4.946 	 326.310
FD10582	37.125 	 4.900 	 318.814
FD10582	37.250 	 4.861 	 318.814
FD10582	37.375 	 4.611 	 323.130
FD10582	37.500 	 4.861 	 318.814
FD10582	37.625 	 5.254 	 322.125
FD10582	37.750 	 4.574 	 323.130
FD10582	37.875 	 4.900 	 318.814
FD10582	38.000 	 4.574 	 323.130
FD10582	38.125 	 4.900 	 318.814
FD10582	38.250 	 4.861 	 318.814
FD10582	38.375 	 4.985 	 326.310
FD10582	38.500 	 4.900 	 318.814
FD10582	38.625 	 4.861 	 318.814
FD10582	38.750 	 4.611 	 323.130
FD10582	38.875 	 4.861 	 318.814
FD10582	39.000 	 4.900 	 318.814
FD10582	39.125 	 4.946 	 326.310
FD10582	39.250 	 4.900 	 318.814
FD10582	39.375 	 4.861 	 318.814
FD10582	39.500 	 4.611 	 323.130
FD10582	39.625 	 4.861 	 318.814
FD10582	39.750 	 4.611 	 323.130
FD10582	39.875 	 5.212 	 322.125
FD10582	40.000 	 4.900 	 318.814
FD10582	40.125 	 4.574 	 323.130
FD10582	40.250 	 4.900 	 318.814
FD10582	40.375 	 4.861 	 318.814
FD10582	40.500 	 4.611 	 323.130
FD10582	40.625 	 5.254 	 322.125
FD10582	40.750 	 4.861 	 318.814
FD10582	40.875 	 4.611 	 323.130
FD10582	41.000 	 4.861 	 318.814
FD10582	41.125 	 4.611 	 323.130
FD10582	41.250 	 4.861 	 318.814
FD10582	41.375 	 5.254 	 322.125
FD10582	41.500 	 4.574 	 323.130
FD10582	41.625 	 4.900 	 318.814
FD10582	41.750 	 4.861 	 318.814
FD10582	41.875 	 4.611 	 323.130
FD10582	42.000 	 4.861 	 318.814
FD10582	42.125 	 5.254 	 322.125
FD10582	42.250 	 4.574 	 323.130
FD10582	42.375 	 4.900 	 318.814
FD10582	42.500 	 4.861 	 318.814
FD10582	42.625 	 4.611 	 323.130
FD10582	42.750 	 4.900 	 318.814
FD10582	42.875 	 4.946 	 326.310
FD10582	43.000 	 4.900 	 318.814
FD10582	43.125 	 4.861 	 318.814
FD10582	43.250 	 4.611 	 323.130
FD10582	43.375 	 4.861 	 318.814
FD10582	43.500 	 5.254 	 322.125
FD10582	43.625 	 4.574 	 323.130
FD10582	43.750 	 4.900 	 318.814
FD10582	43.875 	 4.861 	 318.814
FD10582	44.000 	 4.611 	 323.130
FD10582	44.125 	 4.861 	 318.814
FD10582	44.250 	 4.985 	 326.310
FD10582	44.375 	 4.861 	 318.814
FD10582	44.500 	 4.900 	 318.814
FD10582	44.625 	 4.574 	 323.130
FD10582	44.750 	 4.900 	 318.814
FD10582	44.875 	 4.900 	 318.813
FD10582	45.000 	 4.946 	 326.310
FD10582	45.125 	 4.900 	 318.814
FD10582	45.250 	 4.861 	 318.814
FD10582	45.375 	 4.611 	 323.130
FD10582	45.500 	 4.861 	 318.813
FD10582	45.625 	 4.611 	 323.130
FD10582	45.750 	 5.212 	 322.125
FD10582	45.875 	 4.900 	 318.814
FD10582	46.000 	 4.574 	 323.130
FD10582	46.125 	 4.900 	 318.814
FD10582	46.250 	 4.861 	 318.814
FD10582	46.375 	 4.611 	 323.130
FD10582	46.500 	 5.212 	 322.125
FD10582	46.625 	 4.900 	 318.814
FD10582	46.750 	 4.574 	 323.130
FD10582	46.875 	 4.900 	 318.814
FD10582	47.000 	 4.900 	 318.814
FD10582	47.125 	 4.574 	 323.130
FD10582	47.250 	 5.254 	 322.125
FD10582	47.375 	 4.574 	 323.130
FD10582	47.500 	 4.900 	 318.814
FD10582	47.625 	 4.861 	 318.814
FD10582	47.750 	 4.611 	 323.130
FD10582	47.875 	 4.861 	 318.814
FD10582	48.000 	 5.254 	 322.125
FD10582	48.125 	 4.574 	 323.130
FD10582	48.250 	 4.900 	 318.814
FD10582	48.375 	 4.861 	 318.814
FD10582	48.500 	 4.611 	 323.130
FD10582	48.625 	 4.861 	 318.813
FD10582	48.750 	 4.985 	 326.310
FD10582	48.875 	 4.861 	 318.814
FD10582	49.000 	 4.900 	 318.814
FD10582	49.125 	 4.611 	 323.130
FD10582	49.250 	 4.861 	 318.814
FD10582	49.375 	 5.254 	 322.125
FD10582	49.500 	 4.574 	 323.130
FD10582	49.625 	 4.900 	 318.814
FD10582	49.750 	 4.861 	 318.814
FD10582	49.875 	 4.611 	 323.130
FD10582	50.000 	 4.861 	 318.814
FD10582	50.125 	 5.254 	 322.125
FD10582	50.250 	 4.574 	 323.130
FD10582	50.375 	 4.900 	 318.814
FD10582	50.500 	 4.574 	 323.130
FD10582	50.625 	 4.900 	 318.814
FD10582	50.750 	 4.861 	 318.814
FD10582	50.875 	 4.985 	 326.310
FD10582	51.000 	 4.861 	 318.814
FD10582	51.125 	 4.900 	 318.814
FD10582	51.250 	 4.611 	 323.130
FD10582	51.375 	 4.861 	 318.814
FD10582	51.500 	 4.900 	 318.814
FD10582	51.625 	 4.946 	 326.310
FD10582	51.750 	 4.900 	 318.814
FD10582	51.875 	 4.574 	 323.130
FD10582	52.000 	 4.900 	 318.814
FD10582	52.125 	 4.861 	 318.814
FD10582	52.250 	 4.611 	 323.130
FD10582	52.375 	 5.212 	 322.125
FD10582	52.500 	 4.900 	 318.814
FD10582	52.625 	 4.574 	 323.130
FD10582	52.750 	 4.900 	 318.814
FD10582	52.875 	 4.861 	 318.814
FD10582	53.000 	 4.611 	 323.130
FD10582	53.125 	 5.212 	 322.125
FD10582	53.250 	 4.900 	 318.814
FD10582	53.375 	 4.611 	 323.130
FD10582	53.500 	 4.861 	 318.814
FD10582	53.625 	 4.611 	 323.130
FD10582	53.750 	 4.861 	 318.814
FD10582	53.875 	 5.254 	 322.125
FD10582	54.000 	 4.574 	 323.130
FD10582	54.125 	 4.900 	 318.814
FD10582	54.250 	 4.861 	 318.814
FD10582	54.375 	 4.611 	 323.130
FD10582	54.500 	 4.861 	 318.814
FD10582	54.625 	 5.254 	 322.125
FD10582	54.750 	 4.574 	 323.130
FD10582	54.875 	 4.900 	 318.814
FD10582	55.000 	 4.574 	 323.130
FD10582	55.125 	 4.900 	 318.814
FD10582	55.250 	 5.212 	 322.124
FD10582	55.375 	 4.611 	 323.130
FD10582	55.500 	 4.900 	 318.814
FD10582	55.625 	 4.861 	 318.814
FD10582	55.750 	 4.611 	 323.130
FD10582	55.875 	 4.861 	 318.814
FD10582	56.000 	 5.254 	 322.125
FD10582	56.125 	 4.574 	 323.130
FD10582	56.250 	 4.900 	 318.814
FD10582	56.375 	 4.861 	 318.814
FD10582	56.500 	 4.611 	 323.130
FD10582	56.625 	 4.861 	 318.814
FD10582	56.750 	 4.985 	 326.310
FD10582	56.875 	 4.861 	 318.814
FD10582	57.000 	 4.900 	 318.815
FD10582	57.125 	 4.574 	 323.130
FD10582	57.250 	 4.900 	 318.815
FD10582	57.375 	 4.861 	 318.814
FD10582	57.500 	 4.985 	 326.310
FD10582	57.625 	 4.900 	 318.814
FD10582	57.750 	 4.861 	 318.815
FD10582	57.875 	 4.611 	 323.130
FD10582	58.000 	 4.861 	 318.815
FD10582	58.125 	 4.611 	 323.130
FD10582	58.250 	 5.212 	 322.125
FD10582	58.375 	 4.900 	 318.814
FD10582	58.500 	 4.574 	 323.130
FD10582	58.625 	 4.900 	 318.814
FD10582	58.750 	 4.861 	 318.813
FD10582	58.875 	 4.611 	 323.131
FD10582	59.000 	 5.212 	 322.125
FD10582	59.125 	 4.900 	 318.814
FD10582	59.250 	 4.574 	 323.130
FD10582	59.375 	 4.900 	 318.814
FD10582	59.500 	 4.574 	 323.130
FD10582	59.625 	 4.900 	 318.814
FD10582	59.750 	 5.254 	 322.125
FD10582	59.875 	 4.574 	 323.130
FD10582	60.000 	 4.900 	 318.813
FD10582	60.125 	 12.421 	 315.000
FD10582	60.250 	 12.108 	 316.548
FD10582	60.375 	 12.323 	 315.000
FD10582	60.500 	 12.108 	 316.548
FD10582	60.625 	 12.421 	 315.000
FD10582	60.750 	 12.108 	 316.548
FD10582	60.875 	 12.421 	 315.000
FD10582	61.000 	 12.421 	 315.000
FD10582	61.125 	 12.108 	 316.548
FD10582	61.250 	 12.421 	 315.000
FD10582	61.375 	 12.108 	 316.548
FD10582	61.500 	 12.421 	 315.000
FD10582	61.625 	 12.108 	 316.548
FD10582	61.750 	 12.421 	 315.000
FD10582	61.875 	 12.108 	 316.548
FD10582	62.000 	 12.421 	 315.000
FD10582	62.125 	 12.421 	 315.000
FD10582	62.250 	 12.108 	 316.548
FD10582	62.375 	 12.421 	 315.000
FD10582	62.500 	 12.108 	 316.548
FD10582	62.625 	 12.421 	 315.000
FD10582	62.750 	 12.108 	 316.548
FD10582	62.875 	 12.421 	 315.000
FD10582	63.000 	 12.421 	 315.000
FD10582	63.125 	 12.108 	 316.548
FD10582	63.250 	 12.641 	 316.469
FD10582	63.375 	 12.108 	 316.548
FD10582	63.500 	 12.421 	 315.000
FD10582	63.625 	 12.108 	 316.548
FD10582	63.750 	 12.421 	 315.000
FD10582	63.875 	 12.108 	 316.548
FD10582	64.000 	 12.421 	 315.000
FD10582	64.125 	 12.421 	 315.000
FD10582	64.250 	 12.108 	 316.548
FD10582	64.375 	 12.421 	 315.000
FD10582	64.500 	 12.108 	 316.548
FD10582	64.625 	 12.421 	 315.000
FD10582	64.750 	 12.108 	 316.548
FD10582	64.875 	 12.421 	 315.000
FD10582	65.000 	 12.421 	 315.000
FD10582	65.125 	 12.108 	 316.548
FD10582	65.250 	 12.421 	 315.000
FD10582	65.375 	 12.109 	 316.548
FD10582	65.500 	 12.421 	 315.000
FD10582	65.625 	 12.108 	 316.548
FD10582	65.750 	 12.421 	 315.000
FD10582	65.875 	 12.108 	 316.548
FD10582	66.000 	 12.422 	 315.000
FD10582	66.125 	 12.323 	 315.000
FD10582	66.250 	 12.108 	 316.548
FD10582	66.375 	 12.421 	 315.000
FD10582	66.500 	 12.108 	 316.548
FD10582	66.625 	 12.422 	 315.000
FD10582	66.750 	 12.108 	 316.548
FD10582	66.875 	 12.421 	 315.000
FD10582	67.000 	 12.421 	 315.000
FD10582	67.125 	 12.108 	 316.548
FD10582	67.250 	 12.422 	 315.000
FD10582	67.375 	 12.108 	 316.548
FD10582	67.500 	 12.421 	 315.000
FD10582	67.625 	 12.108 	 316.548
FD10582	67.750 	 12.422 	 315.000
FD10582	67.875 	 12.108 	 316.548
FD10582	68.000 	 12.421 	 315.000
FD10582	68.125 	 12.421 	 315.000
FD10582	68.250 	 12.108 	 316.548
FD10582	68.375 	 12.422 	 315.000
FD10582	68.500 	 12.108 	 316.548
FD10582	68.625 	 12.421 	 315.000
FD10582	68.750 	 12.108 	 316.548
FD10582	68.875 	 12.421 	 315.000
FD10582	69.000 	 12.324 	 315.000
FD10582	69.125 	 12.437 	 318.013
FD10582	69.250 	 12.421 	 315.000
FD10582	69.375 	 12.108 	 316.548
FD10582	69.500 	 12.421 	 315.000
FD10582	69.625 	 12.109 	 316.548
FD10582	69.750 	 12.421 	 315.000
FD10582	69.875 	 12.108 	 316.548
FD10582	70.000 	 12.421 	 315.000
FD10582	70.125 	 12.422 	 315.000
FD10582	70.250 	 12.108 	 316.548
FD10582	70.375 	 12.421 	 315.000
FD10582	70.500 	 12.108 	 316.548
FD10582	70.625 	 12.421 	 315.000
FD10582	70.750 	 12.109 	 316.548
FD10582	70.875 	 12.421 	 315.000
FD10582	71.000 	 12.108 	 316.548
FD10582	71.125 	 12.421 	 315.000
FD10582	71.250 	 12.421 	 315.000
FD10582	71.375 	 12.108 	 316.548
FD10582	71.500 	 12.421 	 315.000
FD10582	71.625 	 12.108 	 316.549
FD10582	71.750 	 12.421 	 314.999
FD10582	71.875 	 12.013 	 316.548
FD10582	72.000 	 12.421 	 315.000
FD10582	72.125 	 12.421 	 315.000
FD10582	72.250 	 12.108 	 316.548
FD10582	72.375 	 12.421 	 315.000
FD10582	72.500 	 12.109 	 316.548
FD10582	72.625 	 12.421 	 315.000
FD10582	72.750 	 12.108 	 316.548
FD10582	72.875 	 12.421 	 314.999
FD10582	73.000 	 12.108 	 316.548
FD10582	73.125 	 12.422 	 315.000
FD10582	73.250 	 12.421 	 315.000
FD10582	73.375 	 12.108 	 316.548
FD10582	73.500 	 12.421 	 315.000
FD10582	73.625 	 12.109 	 316.548
FD10582	73.750 	 12.421 	 315.000
FD10582	73.875 	 12.108 	 316.548
FD10582	74.000 	 12.421 	 315.000
FD10582	74.125 	 12.421 	 315.000
FD10582	74.250 	 12.109 	 316.548
FD10582	74.375 	 12.421 	 315.000
FD10582	74.500 	 12.108 	 316.548
FD10582	74.625 	 12.421 	 315.000
FD10582	74.750 	 12.012 	 316.548
FD10582	74.875 	 12.422 	 315.000
FD10582	75.000 	 12.108 	 316.548
FD10582	75.125 	 12.741 	 316.469
FD10582	75.250 	 12.420 	 315.000
FD10582	75.375 	 12.108 	 316.548
FD10582	75.500 	 12.422 	 315.000
FD10582	75.625 	 12.108 	 316.548
FD10582	75.750 	 12.421 	 315.000
FD10582	75.875 	 12.108 	 316.549
FD10582	76.000 	 12.422 	 315.000
FD10582	76.125 	 12.421 	 315.000
FD10582	76.250 	 12.108 	 316.548
FD10582	76.375 	 12.421 	 314.999
FD10582	76.500 	 12.108 	 316.548
FD10582	76.625 	 12.421 	 315.001
FD10582	76.750 	 12.108 	 316.548
FD10582	76.875 	 12.421 	 315.000
FD10582	77.000 	 12.108 	 316.548
FD10582	77.125 	 12.422 	 315.000
FD10582	77.250 	 12.421 	 315.000
FD10582	77.375 	 12.108 	 316.549
FD10582	77.500 	 12.421 	 314.999
FD10582	77.625 	 12.012 	 316.548
FD10582	77.750 	 12.422 	 315.000
FD10582	77.875 	 12.108 	 316.548
FD10582	78.000 	 12.421 	 315.001
FD10582	78.125 	 12.421 	 315.000
FD10582	78.250 	 12.108 	 316.548
FD10582	78.375 	 12.422 	 315.000
FD10582	78.500 	 12.108 	 316.548
FD10582	78.625 	 12.421 	 314.999
FD10582	78.750 	 12.108 	 316.549
FD10582	78.875 	 12.421 	 315.000
FD10582	79.000 	 12.109 	 316.548
FD10582	79.125 	 12.421 	 315.000
FD10582	79.250 	 12.421 	 315.000
FD10582	79.375 	 12.108 	 316.549
FD10582	79.500 	 12.422 	 315.000
FD10582	79.625 	 12.108 	 316.548
FD10582	79.750 	 12.421 	 314.999
FD10582	79.875 	 12.108 	 316.548
FD10582	80.000 	 12.421 	 315.000
FD10582	80.125 	 12.422 	 315.000
FD10582	80.250 	 12.108 	 316.549
FD10582	80.375 	 12.421 	 315.000
FD10582	80.500 	 12.108 	 316.548
FD10582	80.625 	 12.323 	 315.000
FD10582	80.750 	 12.109 	 316.549
FD10582	80.875 	 12.421 	 314.999
FD10582	81.000 	 12.108 	 316.548
FD10582	81.125 	 12.741 	 316.469
FD10582	81.250 	 12.422 	 315.000
FD10582	81.375 	 12.108 	 316.548
FD10582	81.500 	 12.421 	 315.000
FD10582	81.625 	 12.108 	 316.549
FD10582	81.750 	 12.421 	 315.000
FD10582	81.875 	 12.109 	 316.548
FD10582	82.000 	 12.421 	 315.000
FD10582	82.125 	 12.108 	 316.547
FD10582	82.250 	 12.421 	 315.001
FD10582	82.375 	 12.421 	 315.000
FD10582	82.500 	 12.109 	 316.548
FD10582	82.625 	 12.421 	 315.000
FD10582	82.750 	 12.108 	 316.548
FD10582	82.875 	 12.421 	 315.000
FD10582	83.000 	 12.109 	 316.549
FD10582	83.125 	 12.421 	 315.000
FD10582	83.250 	 12.421 	 314.999
FD10582	83.375 	 12.108 	 316.548
FD10582	83.500 	 12.323 	 315.000
FD10582	83.625 	 12.109 	 316.549
FD10582	83.750 	 12.421 	 315.000
FD10582	83.875 	 12.108 	 316.548
FD10582	84.000 	 12.421 	 315.000
FD10582	84.125 	 12.108 	 316.548
FD10582	84.250 	 12.422 	 315.000
FD10582	84.375 	 12.420 	 315.000
FD10582	84.500 	 12.108 	 316.548
FD10582	84.625 	 12.421 	 315.000
FD10582	84.750 	 12.108 	 316.548
FD10582	84.875 	 12.422 	 315.000
FD10582	85.000 	 12.108 	 316.549
FD10582	85.125 	 12.421 	 315.000
FD10582	85.250 	 12.421 	 315.000
FD10582	85.375 	 12.109 	 316.548
FD10582	85.500 	 12.421 	 314.999
FD10582	85.625 	 12.108 	 316.548
FD10582	85.750 	 12.421 	 315.001
FD10582	85.875 	 12.108 	 316.548
FD10582	86.000 	 12.422 	 315.000
FD10582	86.125 	 12.108 	 316.548
FD10582	86.250 	 12.421 	 315.000
FD10582	86.375 	 12.323 	 315.000
FD10582	86.500 	 12.108 	 316.549
FD10582	86.625 	 12.421 	 314.999
FD10582	86.750 	 12.108 	 316.548
FD10582	86.875 	 12.421 	 315.000
FD10582	87.000 	 12.108 	 316.548
FD10582	87.125 	 12.742 	 316.469
FD10582	87.250 	 12.421 	 315.000
FD10582	87.375 	 12.108 	 316.548
FD10582	87.500 	 12.421 	 315.000
FD10582	87.625 	 12.108 	 316.548
FD10582	87.750 	 12.422 	 315.000
FD10582	87.875 	 12.108 	 316.548
FD10582	88.000 	 12.421 	 315.000
FD10582	88.125 	 12.108 	 316.548
FD10582	88.250 	 12.421 	 315.000
FD10582	88.375 	 12.422 	 315.000
FD10582	88.500 	 12.108 	 316.549
FD10582	88.625 	 12.421 	 315.000
FD10582	88.750 	 12.108 	 316.548
FD10582	88.875 	 12.422 	 315.000
FD10582	89.000 	 12.108 	 316.547
FD10582	89.125 	 12.421 	 315.000
FD10582	89.250 	 12.323 	 315.001
FD10582	89.375 	 12.108 	 316.548
FD10582	89.500 	 12.422 	 315.000
FD10582	89.625 	 12.108 	 316.548
FD10582	89.750 	 12.421 	 315.000
FD10582	89.875 	 12.108 	 316.549
FD10582	90.000 	 12.421 	 315.000
FD10582	90.125 	 20.260 	 312.184
FD10582	90.250 	 19.942 	 313.091
FD10582	90.375 	 20.259 	 312.185
FD10582	90.500 	 20.392 	 313.152
FD10582	90.625 	 20.259 	 312.185
FD10582	90.750 	 19.942 	 313.091
FD10582	90.875 	 20.259 	 312.185
FD10582	91.000 	 20.260 	 312.184
FD10582	91.125 	 20.101 	 312.184
FD10582	91.250 	 20.552 	 313.153
FD10582	91.375 	 19.942 	 313.091
FD10582	91.500 	 20.259 	 312.185
FD10582	91.625 	 20.102 	 312.184
FD10582	91.750 	 20.259 	 312.185
FD10582	91.875 	 19.942 	 313.091
FD10582	92.000 	 20.550 	 313.153
FD10582	92.125 	 20.260 	 312.185
FD10582	92.250 	 20.101 	 312.184
FD10582	92.375 	 19.942 	 313.091
FD10582	92.500 	 20.260 	 312.184
FD10582	92.625 	 20.259 	 312.185
FD10582	92.750 	 20.552 	 313.152
FD10582	92.875 	 20.101 	 312.185
FD10582	93.000 	 19.942 	 313.091
FD10582	93.125 	 20.259 	 312.184
FD10582	93.250 	 20.260 	 312.185
FD10582	93.375 	 20.102 	 312.184
FD10582	93.500 	 20.239 	 314.061
FD10582	93.625 	 20.260 	 312.184
FD10582	93.750 	 20.259 	 312.185
FD10582	93.875 	 20.260 	 312.184
FD10582	94.000 	 19.785 	 313.091
FD10582	94.125 	 20.260 	 312.185
FD10582	94.250 	 20.550 	 313.152
FD10582	94.375 	 20.260 	 312.185
FD10582	94.500 	 20.260 	 312.184
FD10582	94.625 	 19.785 	 313.091
FD10582	94.750 	 20.260 	 312.184
FD10582	94.875 	 20.259 	 312.184
FD10582	95.000 	 20.260 	 312.185
FD10582	95.125 	 20.239 	 314.061
FD10582	95.250 	 20.102 	 312.185
FD10582	95.375 	 20.260 	 312.185
FD10582	95.500 	 20.259 	 312.184
FD10582	95.625 	 19.942 	 313.091
FD10582	95.750 	 20.101 	 312.185
FD10582	95.875 	 20.552 	 313.152
FD10582	96.000 	 20.259 	 312.185
FD10582	96.125 	 20.260 	 312.184
FD10582	96.250 	 19.941 	 313.091
FD10582	96.375 	 20.102 	 312.185
FD10582	96.500 	 20.260 	 312.185
FD10582	96.625 	 20.550 	 313.152
FD10582	96.750 	 19.942 	 313.090
FD10582	96.875 	 20.259 	 312.185
FD10582	97.000 	 20.102 	 312.185
FD10582	97.125 	 20.259 	 312.184
FD10582	97.250 	 19.942 	 313.090
FD10582	97.375 	 20.552 	 313.153
FD10582	97.500 	 20.259 	 312.183
FD10582	97.625 	 20.102 	 312.185
FD10582	97.750 	 20.259 	 312.185
FD10582	97.875 	 19.942 	 313.090
FD10582	98.000 	 20.259 	 312.184
FD10582	98.125 	 20.392 	 313.152
FD10582	98.250 	 20.259 	 312.184
FD10582	98.375 	 19.942 	 313.092
FD10582	98.500 	 20.260 	 312.183
FD10582	98.625 	 20.259 	 312.185
FD10582	98.750 	 20.102 	 312.184
FD10582	98.875 	 19.941 	 313.091
FD10582	99.000 	 20.551 	 313.152
FD10582	99.125 	 20.259 	 312.185
FD10582	99.250 	 20.260 	 312.183
FD10582	99.375 	 20.101 	 312.185
FD10582	99.500 	 19.942 	 313.091
FD10582	99.625 	 20.260 	 312.183
FD10582	99.750 	 20.550 	 313.153
FD10582	99.875 	 20.102 	 312.184
FD10582	100.000 	 19.941 	 313.091
FD10582	100.125 	 20.260 	 312.184
FD10582	100.250 	 20.259 	 312.185
FD10582	100.375 	 20.260 	 312.183
FD10582	100.500 	 20.081 	 314.061
FD10582	100.625 	 20.260 	 312.184
FD10582	100.750 	 20.260 	 312.185
FD10582	100.875 	 20.259 	 312.184
FD10582	101.000 	 20.260 	 312.184
FD10582	101.125 	 19.785 	 313.091
FD10582	101.250 	 20.551 	 313.152
FD10582	101.375 	 20.259 	 312.184
FD10582	101.500 	 20.260 	 312.185
FD10582	101.625 	 19.942 	 313.090
FD10582	101.750 	 20.101 	 312.184
FD10582	101.875 	 20.260 	 312.185
FD10582	102.000 	 20.550 	 313.152
FD10582	102.125 	 19.942 	 313.091
FD10582	102.250 	 20.101 	 312.183
FD10582	102.375 	 20.260 	 312.185
FD10582	102.500 	 20.259 	 312.184
FD10582	102.625 	 20.260 	 312.185
FD10582	102.750 	 20.240 	 314.060
FD10582	102.875 	 20.101 	 312.185
FD10582	103.000 	 20.260 	 312.183
FD10582	103.125 	 20.259 	 312.185
FD10582	103.250 	 19.942 	 313.091
FD10582	103.375 	 20.258 	 312.184
FD10582	103.500 	 20.102 	 312.184
FD10582	103.625 	 20.551 	 313.152
FD10582	103.750 	 19.941 	 313.091
FD10582	103.875 	 20.260 	 312.184
FD10582	104.000 	 20.259 	 312.185
FD10582	104.125 	 20.102 	 312.183
FD10582	104.250 	 20.259 	 312.185
FD10582	104.375 	 20.240 	 314.060
FD10582	104.500 	 20.259 	 312.185
FD10582	104.625 	 20.102 	 312.184
FD10582	104.750 	 20.260 	 312.184
FD10582	104.875 	 19.941 	 313.091
FD10582	105.000 	 20.260 	 312.185
FD10582	105.125 	 20.550 	 313.152
FD10582	105.250 	 20.102 	 312.185
FD10582	105.375 	 19.941 	 313.090
FD10582	105.500 	 20.260 	 312.184
FD10582	105.625 	 20.260 	 312.185
FD10582	105.750 	 20.259 	 312.185
FD10582	105.875 	 20.392 	 313.152
FD10582	106.000 	 19.941 	 313.090
FD10582	106.125 	 20.260 	 312.185
FD10582	106.250 	 20.259 	 312.184
FD10582	106.375 	 20.102 	 312.185
FD10582	106.500 	 19.941 	 313.090
FD10582	106.625 	 20.552 	 313.153
FD10582	106.750 	 20.260 	 312.183
FD10582	106.875 	 20.259 	 312.185
FD10582	107.000 	 19.787 	 313.091
FD10582	107.125 	 20.258 	 312.184
FD10582	107.250 	 20.260 	 312.184
FD10582	107.375 	 20.259 	 312.185
FD10582	107.500 	 20.552 	 313.152
FD10582	107.625 	 19.785 	 313.091
FD10582	107.750 	 20.260 	 312.185
FD10582	107.875 	 20.260 	 312.184
FD10582	108.000 	 20.259 	 312.184
FD10582	108.125 	 19.942 	 313.091
FD10582	108.250 	 20.390 	 313.152
FD10582	108.375 	 20.260 	 312.184
FD10582	108.500 	 20.258 	 312.184
FD10582	108.625 	 19.942 	 313.091
FD10582	108.750 	 20.102 	 312.185
FD10582	108.875 	 20.259 	 312.183
FD10582	109.000 	 20.552 	 313.153
FD10582	109.125 	 20.259 	 312.183
FD10582	109.250 	 19.942 	 313.092
FD10582	109.375 	 20.101 	 312.184
FD10582	109.500 	 20.260 	 312.185
FD10582	109.625 	 20.259 	 312.183
FD10582	109.750 	 20.240 	 314.060
FD10582	109.875 	 20.260 	 312.185
FD10582	110.000 	 20.101 	 312.185
FD10582	110.125 	 20.260 	 312.184
FD10582	110.250 	 19.941 	 313.090
FD10582	110.375 	 20.260 	 312.185
FD10582	110.500 	 20.550 	 313.152
FD10582	110.625 	 20.102 	 312.185
FD10582	110.750 	 20.260 	 312.185
FD10582	110.875 	 19.941 	 313.090
FD10582	111.000 	 20.260 	 312.184
FD10582	111.125 	 20.101 	 312.185
FD10582	111.250 	 20.552 	 313.152
FD10582	111.375 	 19.941 	 313.091
FD10582	111.500 	 20.260 	 312.185
FD10582	111.625 	 20.258 	 312.184
FD10582	111.750 	 20.102 	 312.184
FD10582	111.875 	 19.942 	 313.091
FD10582	112.000 	 20.258 	 312.184
FD10582	112.125 	 20.552 	 313.153
FD10582	112.250 	 20.258 	 312.184
FD10582	112.375 	 19.787 	 313.091
FD10582	112.500 	 20.259 	 312.185
FD10582	112.625 	 20.260 	 312.183
FD10582	112.750 	 20.260 	 312.185
FD10582	112.875 	 20.550 	 313.152
FD10582	113.000 	 19.786 	 313.092
FD10582	113.125 	 20.259 	 312.184
FD10582	113.250 	 20.260 	 312.185
FD10582	113.375 	 20.259 	 312.183
FD10582	113.500 	 19.787 	 313.091
FD10582	113.625 	 20.550 	 313.152
FD10582	113.750 	 20.260 	 312.185
FD10582	113.875 	 20.260 	 312.184
FD10582	114.000 	 19.941 	 313.090
FD10582	114.125 	 20.102 	 312.185
FD10582	114.250 	 20.259 	 312.184
FD10582	114.375 	 20.551 	 313.152
FD10582	114.500 	 20.259 	 312.185
FD10582	114.625 	 19.942 	 313.090
FD10582	114.750 	 20.101 	 312.184
FD10582	114.875 	 20.260 	 312.185
FD10582	115.000 	 20.260 	 312.184
FD10582	115.125 	 20.239 	 314.061
FD10582	115.250 	 20.102 	 312.184
FD10582	115.375 	 20.258 	 312.184
FD10582	115.500 	 20.260 	 312.184
FD10582	115.625 	 19.941 	 313.091
FD10582	115.750 	 20.260 	 312.184
FD10582	115.875 	 20.101 	 312.185
FD10582	116.000 	 20.552 	 313.152
FD10582	116.125 	 20.260 	 312.185
FD10582	116.250 	 19.941 	 313.091
FD10582	116.375 	 20.260 	 312.183
FD10582	116.500 	 20.101 	 312.185
FD10582	116.625 	 20.260 	 312.185
FD10582	116.750 	 20.239 	 314.060
FD10582	116.875 	 20.260 	 312.184
FD10582	117.000 	 20.260 	 312.185
FD10582	117.125 	 20.101 	 312.183
FD10582	117.250 	 19.942 	 313.092
FD10582	117.375 	 20.259 	 312.184
FD10582	117.500 	 20.551 	 313.152
FD10582	117.625 	 20.101 	 312.184
FD10582	117.750 	 20.260 	 312.184
FD10582	117.875 	 19.941 	 313.091
FD10582	118.000 	 20.260 	 312.185
FD10582	118.125 	 20.260 	 312.183
FD10582	118.250 	 20.391 	 313.153
FD10582	118.375 	 19.942 	 313.090
FD10582	118.500 	 20.259 	 312.184
FD10582	118.625 	 20.260 	 312.185
FD10582	118.750 	 20.259 	 312.184
FD10582	118.875 	 19.786 	 313.091
FD10582	119.000 	 20.552 	 313.153
FD10582	119.125 	 20.258 	 312.184
FD10582	119.250 	 20.260 	 312.184
FD10582	119.375 	 20.259 	 312.185
FD10582	119.500 	 19.786 	 313.090
FD10582	119.625 	 20.259 	 312.185
FD10582	119.750 	 20.552 	 313.152
FD10582	119.875 	 20.259 	 312.185
FD10582	120.000 	 19.787 	 313.091
FD10582	120.125 	 28.888 	 312.978
FD10582	120.250 	 28.375 	 313.636
FD10582	120.375 	 28.888 	 312.978
FD10582	120.500 	 28.374 	 313.636
FD10582	120.625 	 28.943 	 313.667
FD10582	120.750 	 28.594 	 313.637
FD10582	120.875 	 28.667 	 312.978
FD10582	121.000 	 28.594 	 313.636
FD10582	121.125 	 28.667 	 312.979
FD10582	121.250 	 28.594 	 313.636
FD10582	121.375 	 28.667 	 312.979
FD10582	121.500 	 28.654 	 314.326
FD10582	121.625 	 28.888 	 312.979
FD10582	121.750 	 28.376 	 313.636
FD10582	121.875 	 28.888 	 312.979
FD10582	122.000 	 28.375 	 313.636
FD10582	122.125 	 28.667 	 312.978
FD10582	122.250 	 28.594 	 313.636
FD10582	122.375 	 28.667 	 312.979
FD10582	122.500 	 28.874 	 314.326
FD10582	122.625 	 28.667 	 312.978
FD10582	122.750 	 28.374 	 313.637
FD10582	122.875 	 28.890 	 312.978
FD10582	123.000 	 28.374 	 313.636
FD10582	123.125 	 28.888 	 312.978
FD10582	123.250 	 28.374 	 313.636
FD10582	123.375 	 29.164 	 313.669
FD10582	123.500 	 28.374 	 313.636
FD10582	123.625 	 28.667 	 312.979
FD10582	123.750 	 28.594 	 313.636
FD10582	123.875 	 28.667 	 312.979
FD10582	124.000 	 28.889 	 312.979
FD10582	124.125 	 28.374 	 313.636
FD10582	124.250 	 28.942 	 313.668
FD10582	124.375 	 28.593 	 313.636
FD10582	124.500 	 28.667 	 312.978
FD10582	124.625 	 28.593 	 313.636
FD10582	124.750 	 28.667 	 312.978
FD10582	124.875 	 28.375 	 313.636
FD10582	125.000 	 28.888 	 312.978
FD10582	125.125 	 28.654 	 314.326
FD10582	125.250 	 28.889 	 312.979
FD10582	125.375 	 28.375 	 313.636
FD10582	125.500 	 28.667 	 312.978
FD10582	125.625 	 28.594 	 313.636
FD10582	125.750 	 28.667 	 312.979
FD10582	125.875 	 28.594 	 313.636
FD10582	126.000 	 28.941 	 313.668
FD10582	126.125 	 28.594 	 313.636
FD10582	126.250 	 28.667 	 312.978
FD10582	126.375 	 28.376 	 313.636
FD10582	126.500 	 28.888 	 312.978
FD10582	126.625 	 28.374 	 313.636
FD10582	126.750 	 28.888 	 312.979
FD10582	126.875 	 28.374 	 313.635
FD10582	127.000 	 28.942 	 313.667
FD10582	127.125 	 28.594 	 313.637
FD10582	127.250 	 28.667 	 312.978
FD10582	127.375 	 28.594 	 313.637
FD10582	127.500 	 28.669 	 312.978
FD10582	127.625 	 28.374 	 313.635
FD10582	127.750 	 28.888 	 312.978
FD10582	127.875 	 28.653 	 314.326
FD10582	128.000 	 28.888 	 312.978
FD10582	128.125 	 28.375 	 313.636
FD10582	128.250 	 28.667 	 312.980
FD10582	128.375 	 28.594 	 313.636
FD10582	128.500 	 28.666 	 312.978
FD10582	128.625 	 28.596 	 313.636
FD10582	128.750 	 28.941 	 313.668
FD10582	128.875 	 28.594 	 313.636
FD10582	129.000 	 28.667 	 312.980
FD10582	129.125 	 28.375 	 313.636
FD10582	129.250 	 28.887 	 312.980
FD10582	129.375 	 28.374 	 313.634
FD10582	129.500 	 28.887 	 312.980
FD10582	129.625 	 28.654 	 314.325
FD10582	129.750 	 28.669 	 312.978
FD10582	129.875 	 28.594 	 313.637
FD10582	130.000 	 28.667 	 312.978
FD10582	130.125 	 28.593 	 313.635
FD10582	130.250 	 28.667 	 312.978
FD10582	130.375 	 28.374 	 313.637
FD10582	130.500 	 29.164 	 313.667
FD10582	130.625 	 28.374 	 313.637
FD10582	130.750 	 28.888 	 312.978
FD10582	130.875 	 28.376 	 313.637
FD10582	131.000 	 28.667 	 312.977
FD10582	131.125 	 28.594 	 313.637
FD10582	131.250 	 28.667 	 312.978
FD10582	131.375 	 28.594 	 313.637
FD10582	131.500 	 28.942 	 313.667
FD10582	131.625 	 28.594 	 313.637
FD10582	131.750 	 28.667 	 312.978
FD10582	131.875 	 28.374 	 313.635
FD10582	132.000 	 28.890 	 312.978
FD10582	132.125 	 28.374 	 313.637
FD10582	132.250 	 28.886 	 312.978
FD10582	132.375 	 28.653 	 314.326
FD10582	132.500 	 28.667 	 312.978
FD10582	132.625 	 28.595 	 313.634
FD10582	132.750 	 28.667 	 312.980
FD10582	132.875 	 28.596 	 313.636
FD10582	133.000 	 28.667 	 312.980
FD10582	133.125 	 28.375 	 313.636
FD10582	133.250 	 29.161 	 313.668
FD10582	133.375 	 28.375 	 313.636
FD10582	133.500 	 28.889 	 312.978
FD10582	133.625 	 28.375 	 313.636
FD10582	133.750 	 28.889 	 312.980
FD10582	133.875 	 28.375 	 313.636
FD10582	134.000 	 28.667 	 312.980
FD10582	134.125 	 28.873 	 314.325
FD10582	134.250 	 28.667 	 312.978
FD10582	134.375 	 28.595 	 313.635
FD10582	134.500 	 28.667 	 312.978
FD10582	134.625 	 28.374 	 313.637
FD10582	134.750 	 28.886 	 312.978
FD10582	134.875 	 28.378 	 313.637
FD10582	135.000 	 29.162 	 313.667
FD10582	135.125 	 28.374 	 313.637
FD10582	135.250 	 28.667 	 312.977
FD10582	135.375 	 28.595 	 313.637
FD10582	135.500 	 28.667 	 312.978
FD10582	135.625 	 28.592 	 313.637
FD10582	135.750 	 28.667 	 312.978
FD10582	135.875 	 28.653 	 314.326
FD10582	136.000 	 28.889 	 312.977
FD10582	136.125 	 28.374 	 313.637
FD10582	136.250 	 28.890 	 312.978
FD10582	136.375 	 28.374 	 313.637
FD10582	136.500 	 28.886 	 312.978
FD10582	136.625 	 28.374 	 313.637
FD10582	136.750 	 28.667 	 312.977
FD10582	136.875 	 28.876 	 314.326
FD10582	137.000 	 28.667 	 312.978
FD10582	137.125 	 28.596 	 313.636
FD10582	137.250 	 28.667 	 312.980
FD10582	137.375 	 28.375 	 313.636
FD10582	137.500 	 28.885 	 312.978
FD10582	137.625 	 28.375 	 313.636
FD10582	137.750 	 29.165 	 313.668
FD10582	137.875 	 28.375 	 313.636
FD10582	138.000 	 28.667 	 312.980
FD10582	138.125 	 28.592 	 313.636
FD10582	138.250 	 28.667 	 312.980
FD10582	138.375 	 28.595 	 313.634
FD10582	138.500 	 28.667 	 312.980
FD10582	138.625 	 28.876 	 314.325
FD10582	138.750 	 28.667 	 312.978
FD10582	138.875 	 28.374 	 313.637
FD10582	139.000 	 28.886 	 312.978
FD10582	139.125 	 28.374 	 313.637
FD10582	139.250 	 28.889 	 312.977
FD10582	139.375 	 28.374 	 313.637
FD10582	139.500 	 28.942 	 313.667
FD10582	139.625 	 28.595 	 313.637
FD10582	139.750 	 28.667 	 312.978
FD10582	139.875 	 28.592 	 313.637
FD10582	140.000 	 28.667 	 312.977
FD10582	140.125 	 28.374 	 313.637
FD10582	140.250 	 28.890 	 312.978
FD10582	140.375 	 28.653 	 314.326
FD10582	140.500 	 28.886 	 312.978
FD10582	140.625 	 28.378 	 313.637
FD10582	140.750 	 28.667 	 312.978
FD10582	140.875 	 28.591 	 313.635
FD10582	141.000 	 28.667 	 312.978
FD10582	141.125 	 28.595 	 313.637
FD10582	141.250 	 28.667 	 312.978
FD10582	141.375 	 28.872 	 314.326
FD10582	141.500 	 28.667 	 312.978
FD10582	141.625 	 28.375 	 313.636
FD10582	141.750 	 28.889 	 312.978
FD10582	141.875 	 28.375 	 313.636
FD10582	142.000 	 28.889 	 312.980
FD10582	142.125 	 28.667 	 312.978
FD10582	142.250 	 28.653 	 314.326
FD10582	142.375 	 28.886 	 312.978
FD10582	142.500 	 28.374 	 313.635
FD10582	142.625 	 28.890 	 312.978
FD10582	142.750 	 28.374 	 313.637
FD10582	142.875 	 28.667 	 312.978
FD10582	143.000 	 28.595 	 313.637
FD10582	143.125 	 28.942 	 313.667
FD10582	143.250 	 28.592 	 313.636
FD10582	143.375 	 28.666 	 312.978
FD10582	143.500 	 28.375 	 313.636
FD10582	143.625 	 28.889 	 312.980
FD10582	143.750 	 28.375 	 313.636
FD10582	143.875 	 28.886 	 312.980
FD10582	144.000 	 28.657 	 314.325
FD10582	144.125 	 28.886 	 312.980
FD10582	144.250 	 28.374 	 313.634
FD10582	144.375 	 28.667 	 312.980
FD10582	144.500 	 28.596 	 313.636
FD10582	144.625 	 28.667 	 312.980
FD10582	144.750 	 28.592 	 313.636
FD10582	144.875 	 28.942 	 313.667
FD10582	145.000 	 28.374 	 313.637
FD10582	145.125 	 28.889 	 312.977
FD10582	145.250 	 28.374 	 313.637
FD10582	145.375 	 28.890 	 312.978
FD10582	145.500 	 28.374 	 313.637
FD10582	145.625 	 28.667 	 312.978
FD10582	145.750 	 28.591 	 313.635
FD10582	145.875 	 28.942 	 313.667
FD10582	146.000 	 28.595 	 313.637
FD10582	146.125 	 28.667 	 312.978
FD10582	146.250 	 28.374 	 313.637
FD10582	146.375 	 28.890 	 312.978
FD10582	146.500 	 28.374 	 313.637
FD10582	146.625 	 28.886 	 312.977
FD10582	146.750 	 28.653 	 314.326
FD10582	146.875 	 28.890 	 312.978
FD10582	147.000 	 28.374 	 313.637
FD10582	147.125 	 28.667 	 312.978
FD10582	147.250 	 28.592 	 313.637
FD10582	147.375 	 28.667 	 312.977
FD10582	147.500 	 28.595 	 313.637
FD10582	147.625 	 28.942 	 313.667
FD10582	147.750 	 28.375 	 313.636
FD10582	147.875 	 28.889 	 312.980
FD10582	148.000 	 28.375 	 313.636
FD10582	148.125 	 28.886 	 312.980
FD10582	148.250 	 28.374 	 313.634
FD10582	148.375 	 28.667 	 312.980
FD10582	148.500 	 28.876 	 314.325
FD10582	148.625 	 28.667 	 312.980
FD10582	148.750 	 28.596 	 313.636
FD10582	148.875 	 28.667 	 312.980
FD10582	149.000 	 28.592 	 313.636
FD10582	149.125 	 28.667 	 312.977
FD10582	149.250 	 28.374 	 313.637
FD10582	149.375 	 29.165 	 313.667
FD10582	149.500 	 28.374 	 313.637
FD10582	149.625 	 28.886 	 312.978
FD10582	149.750 	 28.378 	 313.637
FD10582	149.875 	 28.667 	 312.977
FD10582	150.000 	 28.592 	 313.637
FD10582	150.125 	 36.860 	 313.919
FD10582	150.250 	 36.327 	 313.364
FD10582	150.375 	 36.860 	 313.919
FD10582	150.500 	 36.602 	 313.364
FD10582	150.625 	 37.125 	 313.394
FD10582	150.750 	 36.602 	 313.362
FD10582	150.875 	 36.856 	 313.920
FD10582	151.000 	 36.607 	 313.363
FD10582	151.125 	 36.585 	 313.920
FD10582	151.250 	 36.602 	 313.363
FD10582	151.375 	 36.856 	 313.920
FD10582	151.500 	 36.606 	 313.362
FD10582	151.625 	 36.602 	 313.363
FD10582	151.750 	 36.860 	 313.920
FD10582	151.875 	 36.332 	 313.363
FD10582	152.000 	 36.856 	 313.920
FD10582	152.125 	 36.602 	 313.362
FD10582	152.250 	 36.860 	 313.920
FD10582	152.375 	 36.602 	 313.363
FD10582	152.500 	 36.860 	 313.920
FD10582	152.625 	 36.602 	 313.363
FD10582	152.750 	 36.849 	 313.394
FD10582	152.875 	 36.601 	 313.363
FD10582	153.000 	 36.860 	 313.919
FD10582	153.125 	 36.602 	 313.364
FD10582	153.250 	 36.856 	 313.919
FD10582	153.375 	 36.607 	 313.363
FD10582	153.500 	 36.856 	 313.920
FD10582	153.625 	 36.332 	 313.362
FD10582	153.750 	 36.856 	 313.920
FD10582	153.875 	 36.607 	 313.363
FD10582	154.000 	 36.856 	 313.920
FD10582	154.125 	 36.607 	 313.363
FD10582	154.250 	 36.856 	 313.920
FD10582	154.375 	 36.332 	 313.362
FD10582	154.500 	 36.856 	 313.919
FD10582	154.625 	 36.606 	 313.364
FD10582	154.750 	 36.871 	 312.839
FD10582	154.875 	 36.860 	 313.920
FD10582	155.000 	 36.602 	 313.362
FD10582	155.125 	 36.856 	 313.919
FD10582	155.250 	 36.332 	 313.364
FD10582	155.375 	 36.860 	 313.919
FD10582	155.500 	 36.602 	 313.364
FD10582	155.625 	 36.856 	 313.919
FD10582	155.750 	 36.606 	 313.363
FD10582	155.875 	 36.856 	 313.919
FD10582	156.000 	 36.332 	 313.364
FD10582	156.125 	 36.856 	 313.919
FD10582	156.250 	 36.607 	 313.363
FD10582	156.375 	 36.856 	 313.920
FD10582	156.500 	 36.606 	 313.362
FD10582	156.625 	 36.856 	 313.920
FD10582	156.750 	 36.602 	 313.363
FD10582	156.875 	 36.849 	 313.394
FD10582	157.000 	 36.606 	 313.364
FD10582	157.125 	 36.856 	 313.919
FD10582	157.250 	 36.606 	 313.363
FD10582	157.375 	 36.856 	 313.919
FD10582	157.500 	 36.602 	 313.364
FD10582	157.625 	 36.585 	 313.919
FD10582	157.750 	 36.606 	 313.364
FD10582	157.875 	 36.856 	 313.919
FD10582	158.000 	 36.602 	 313.362
FD10582	158.125 	 36.606 	 313.364
FD10582	158.250 	 36.856 	 313.919
FD10582	158.375 	 36.606 	 313.364
FD10582	158.500 	 36.581 	 313.919
FD10582	158.625 	 36.606 	 313.363
FD10582	158.750 	 36.856 	 313.919
FD10582	158.875 	 36.606 	 313.364
FD10582	159.000 	 37.121 	 313.394
FD10582	159.125 	 36.602 	 313.363
FD10582	159.250 	 36.860 	 313.920
FD10582	159.375 	 36.332 	 313.362
FD10582	159.500 	 36.856 	 313.920
FD10582	159.625 	 36.607 	 313.363
FD10582	159.750 	 36.856 	 313.919
FD10582	159.875 	 36.602 	 313.364
FD10582	160.000 	 36.860 	 313.919
FD10582	160.125 	 36.331 	 313.363
FD10582	160.250 	 36.856 	 313.919
FD10582	160.375 	 36.602 	 313.364
FD10582	160.500 	 36.860 	 313.919
FD10582	160.625 	 36.602 	 313.364
FD10582	160.750 	 36.860 	 313.919
FD10582	160.875 	 36.602 	 313.362
FD10582	161.000 	 36.848 	 313.395
FD10582	161.125 	 36.602 	 313.363
FD10582	161.250 	 36.606 	 313.364
FD10582	161.375 	 36.856 	 313.919
FD10582	161.500 	 36.602 	 313.362
FD10582	161.625 	 36.860 	 313.920
FD10582	161.750 	 36.332 	 313.363
FD10582	161.875 	 36.856 	 313.920
FD10582	162.000 	 36.607 	 313.363
FD10582	162.125 	 36.856 	 313.920
FD10582	162.250 	 36.602 	 313.362
FD10582	162.375 	 36.860 	 313.920
FD10582	162.500 	 36.602 	 313.363
FD10582	162.625 	 36.585 	 313.919
FD10582	162.750 	 36.602 	 313.364
FD10582	162.875 	 36.860 	 313.919
FD10582	163.000 	 36.601 	 313.363
FD10582	163.125 	 37.125 	 313.394
FD10582	163.250 	 36.602 	 313.363
FD10582	163.375 	 36.585 	 313.920
FD10582	163.500 	 36.602 	 313.363
FD10582	163.625 	 36.860 	 313.920
FD10582	163.750 	 36.602 	 313.362
FD10582	163.875 	 36.856 	 313.920
FD10582	164.000 	 36.607 	 313.363
FD10582	164.125 	 36.856 	 313.920
FD10582	164.250 	 36.332 	 313.363
FD10582	164.375 	 36.860 	 313.919
FD10582	164.500 	 36.601 	 313.363
FD10582	164.625 	 36.602 	 313.363
FD10582	164.750 	 36.860 	 313.920
FD10582	164.875 	 36.602 	 313.363
FD10582	165.000 	 36.860 	 313.920
FD10582	165.125 	 36.595 	 312.838
FD10582	165.250 	 36.860 	 313.919
FD10582	165.375 	 36.602 	 313.364
FD10582	165.500 	 36.860 	 313.919
FD10582	165.625 	 36.602 	 313.364
FD10582	165.750 	 36.856 	 313.919
FD10582	165.875 	 36.331 	 313.363
FD10582	166.000 	 36.860 	 313.919
FD10582	166.125 	 36.602 	 313.363
FD10582	166.250 	 36.856 	 313.920
FD10582	166.375 	 36.607 	 313.363
FD10582	166.500 	 36.856 	 313.920
FD10582	166.625 	 36.606 	 313.362
FD10582	166.750 	 36.581 	 313.920
FD10582	166.875 	 36.607 	 313.363
FD10582	167.000 	 36.856 	 313.920
FD10582	167.125 	 36.607 	 313.363
FD10582	167.250 	 37.121 	 313.394
FD10582	167.375 	 36.601 	 313.363
FD10582	167.500 	 36.585 	 313.919
FD10582	167.625 	 36.606 	 313.364
FD10582	167.750 	 36.856 	 313.919
FD10582	167.875 	 36.607 	 313.363
FD10582	168.000 	 36.602 	 313.362
FD10582	168.125 	 36.855 	 313.921
FD10582	168.250 	 36.607 	 313.363
FD10582	168.375 	 36.585 	 313.919
FD10582	168.500 	 36.602 	 313.363
FD10582	168.625 	 36.855 	 313.921
FD10582	168.750 	 36.606 	 313.362
FD10582	168.875 	 36.856 	 313.919
FD10582	169.000 	 36.607 	 313.363
FD10582	169.125 	 36.581 	 313.919
FD10582	169.250 	 36.606 	 313.365
FD10582	169.375 	 37.121 	 313.394
FD10582	169.500 	 36.606 	 313.362
FD10582	169.625 	 36.856 	 313.919
FD10582	169.750 	 36.602 	 313.363
FD10582	169.875 	 36.859 	 313.921
FD10582	170.000 	 36.332 	 313.363
FD10582	170.125 	 36.856 	 313.919
FD10582	170.250 	 36.607 	 313.363
FD10582	170.375 	 36.855 	 313.920
FD10582	170.500 	 36.602 	 313.362
FD10582	170.625 	 36.861 	 313.920
FD10582	170.750 	 36.332 	 313.362
FD10582	170.875 	 36.857 	 313.920
FD10582	171.000 	 36.601 	 313.364
FD10582	171.125 	 36.606 	 313.362
FD10582	171.250 	 36.857 	 313.920
FD10582	171.375 	 36.875 	 312.838
FD10582	171.500 	 36.857 	 313.920
FD10582	171.625 	 36.331 	 313.364
FD10582	171.750 	 36.857 	 313.920
FD10582	171.875 	 36.606 	 313.362
FD10582	172.000 	 36.856 	 313.918
FD10582	172.125 	 36.602 	 313.366
FD10582	172.250 	 36.860 	 313.918
FD10582	172.375 	 36.603 	 313.364
FD10582	172.500 	 36.585 	 313.918
FD10582	172.625 	 36.606 	 313.362
FD10582	172.750 	 36.856 	 313.922
FD10582	172.875 	 36.602 	 313.362
FD10582	173.000 	 36.861 	 313.920
FD10582	173.125 	 36.602 	 313.362
FD10582	173.250 	 36.585 	 313.922
FD10582	173.375 	 36.602 	 313.362
FD10582	173.500 	 37.124 	 313.393
FD10582	173.625 	 36.603 	 313.364
FD10582	173.750 	 36.860 	 313.918
FD10582	173.875 	 36.602 	 313.366
FD10582	174.000 	 36.856 	 313.918
FD10582	174.125 	 36.332 	 313.362
FD10582	174.250 	 36.861 	 313.920
FD10582	174.375 	 36.602 	 313.362
FD10582	174.500 	 36.602 	 313.366
FD10582	174.625 	 36.860 	 313.918
FD10582	174.750 	 36.602 	 313.362
FD10582	174.875 	 36.586 	 313.920
FD10582	175.000 	 36.605 	 313.364
FD10582	175.125 	 36.857 	 313.920
FD10582	175.250 	 36.602 	 313.362
FD10582	175.375 	 36.861 	 313.920
FD10582	175.500 	 36.870 	 312.838
FD10582	175.625 	 36.859 	 313.920
FD10582	175.750 	 36.328 	 313.364
FD10582	175.875 	 36.860 	 313.918
FD10582	176.000 	 36.603 	 313.364
FD10582	176.125 	 36.860 	 313.918
FD10582	176.250 	 36.601 	 313.364
FD10582	176.375 	 36.857 	 313.920
FD10582	176.500 	 36.332 	 313.362
FD10582	176.625 	 36.861 	 313.920
FD10582	176.750 	 36.601 	 313.364
FD10582	176.875 	 36.857 	 313.920
FD10582	177.000 	 36.606 	 313.362
FD10582	177.125 	 36.856 	 313.918
FD10582	177.250 	 36.607 	 313.364
FD10582	177.375 	 36.584 	 313.920
FD10582	177.500 	 36.603 	 313.364
FD10582	177.625 	 36.870 	 312.838
FD10582	177.750 	 36.860 	 313.918
FD10582	177.875 	 36.603 	 313.364
FD10582	178.000 	 36.859 	 313.920
FD10582	178.125 	 36.603 	 313.364
FD10582	178.250 	 36.585 	 313.918
FD10582	178.375 	 36.602 	 313.362
FD10582	178.500 	 36.860 	 313.922
FD10582	178.625 	 36.602 	 313.362
FD10582	178.750 	 36.857 	 313.920
FD10582	178.875 	 36.606 	 313.362
FD10582	179.000 	 36.586 	 313.920
FD10582	179.125 	 36.601 	 313.364
FD10582	179.250 	 36.856 	 313.918
FD10582	179.375 	 36.607 	 313.364
FD10582	179.500 	 36.856 	 313.918
FD10582	179.625 	 36.606 	 313.366
FD10582	179.750 	 37.120 	 313.393
FD10582	179.875 	 36.332 	 313.362
FD10582	180.000 	 36.857 	 313.920
FD10582	180.125 	 40.332 	 312.992
FD10582	180.250 	 40.333 	 312.990
FD10582	180.375 	 40.576 	 313.506
FD10582	180.500 	 40.035 	 312.990
FD10582	180.625 	 40.589 	 312.510
FD10582	180.750 	 40.332 	 312.992
FD10582	180.875 	 40.572 	 313.505
FD10582	181.000 	 40.332 	 312.992
FD10582	181.125 	 40.039 	 312.988
FD10582	181.250 	 40.825 	 313.028
FD10582	181.375 	 40.332 	 312.988
FD10582	181.500 	 40.332 	 312.992
FD10582	181.625 	 40.572 	 313.505
FD10582	181.750 	 40.332 	 312.992
FD10582	181.875 	 40.296 	 312.510
FD10582	182.000 	 40.332 	 312.992
FD10582	182.125 	 40.572 	 313.505
FD10582	182.250 	 40.332 	 312.992
FD10582	182.375 	 40.333 	 312.990
FD10582	182.500 	 40.529 	 313.026
FD10582	182.625 	 40.333 	 312.990
FD10582	182.750 	 40.332 	 312.992
FD10582	182.875 	 40.572 	 313.505
FD10582	183.000 	 40.332 	 312.992
FD10582	183.125 	 40.296 	 312.510
FD10582	183.250 	 40.333 	 312.990
FD10582	183.375 	 40.571 	 313.506
FD10582	183.500 	 40.333 	 312.990
FD10582	183.625 	 40.332 	 312.992
FD10582	183.750 	 40.530 	 313.024
FD10582	183.875 	 40.332 	 312.992
FD10582	184.000 	 40.333 	 312.990
FD10582	184.125 	 40.571 	 313.506
FD10582	184.250 	 40.589 	 312.510
FD10582	184.375 	 40.034 	 312.992
FD10582	184.500 	 40.572 	 313.505
FD10582	184.625 	 40.337 	 312.992
FD10582	184.750 	 40.332 	 312.988
FD10582	184.875 	 40.588 	 312.512
FD10582	185.000 	 40.572 	 313.505
FD10582	185.125 	 40.034 	 312.992
FD10582	185.250 	 40.333 	 312.990
FD10582	185.375 	 40.571 	 313.506
FD10582	185.500 	 40.594 	 312.510
FD10582	185.625 	 40.333 	 312.990
FD10582	185.750 	 40.273 	 313.506
FD10582	185.875 	 40.333 	 312.990
FD10582	186.000 	 40.332 	 312.992
FD10582	186.125 	 40.589 	 312.510
FD10582	186.250 	 40.571 	 313.506
FD10582	186.375 	 40.040 	 312.990
FD10582	186.500 	 40.332 	 312.992
FD10582	186.625 	 40.572 	 313.505
FD10582	186.750 	 40.588 	 312.512
FD10582	186.875 	 40.333 	 312.990
FD10582	187.000 	 40.278 	 313.506
FD10582	187.125 	 40.333 	 312.990
FD10582	187.250 	 40.332 	 312.992
FD10582	187.375 	 40.589 	 312.510
FD10582	187.500 	 40.571 	 313.506
FD10582	187.625 	 40.040 	 312.990
FD10582	187.750 	 40.332 	 312.992
FD10582	187.875 	 40.572 	 313.505
FD10582	188.000 	 40.589 	 312.510
FD10582	188.125 	 40.331 	 312.990
FD10582	188.250 	 40.573 	 313.507
FD10582	188.375 	 40.038 	 312.990
FD10582	188.500 	 40.333 	 312.990
FD10582	188.625 	 40.588 	 312.512
FD10582	188.750 	 40.572 	 313.505
FD10582	188.875 	 40.332 	 312.992
FD10582	189.000 	 40.040 	 312.990
FD10582	189.125 	 40.571 	 313.506
FD10582	189.250 	 40.589 	 312.510
FD10582	189.375 	 40.332 	 312.992
FD10582	189.500 	 40.572 	 313.505
FD10582	189.625 	 40.034 	 312.992
FD10582	189.750 	 40.338 	 312.990
FD10582	189.875 	 40.588 	 312.512
FD10582	190.000 	 40.572 	 313.505
FD10582	190.125 	 40.332 	 312.992
FD10582	190.250 	 40.035 	 312.990
FD10582	190.375 	 40.571 	 313.506
FD10582	190.500 	 40.589 	 312.510
FD10582	190.625 	 40.338 	 312.990
FD10582	190.750 	 40.571 	 313.506
FD10582	190.875 	 40.333 	 312.990
FD10582	191.000 	 40.034 	 312.992
FD10582	191.125 	 40.825 	 313.024
FD10582	191.250 	 40.332 	 312.992
FD10582	191.375 	 40.333 	 312.990
FD10582	191.500 	 40.336 	 312.990
FD10582	191.625 	 40.274 	 313.505
FD10582	191.750 	 40.588 	 312.512
FD10582	191.875 	 40.333 	 312.990
FD10582	192.000 	 40.571 	 313.506
FD10582	192.125 	 40.333 	 312.990
FD10582	192.250 	 40.039 	 312.992
FD10582	192.375 	 40.825 	 313.024
FD10582	192.500 	 40.332 	 312.992
FD10582	192.625 	 40.333 	 312.990
FD10582	192.750 	 40.332 	 312.992
FD10582	192.875 	 40.279 	 313.505
FD10582	193.000 	 40.589 	 312.510
FD10582	193.125 	 40.332 	 312.992
FD10582	193.250 	 40.572 	 313.505
FD10582	193.375 	 40.332 	 312.992
FD10582	193.500 	 40.040 	 312.990
FD10582	193.625 	 40.824 	 313.026
FD10582	193.750 	 40.333 	 312.990
FD10582	193.875 	 40.332 	 312.992
FD10582	194.000 	 40.333 	 312.990
FD10582	194.125 	 40.278 	 313.506
FD10582	194.250 	 40.589 	 312.510
FD10582	194.375 	 40.332 	 312.992
FD10582	194.500 	 40.572 	 313.505
FD10582	194.625 	 40.332 	 312.992
FD10582	194.750 	 40.333 	 312.990
FD10582	194.875 	 40.529 	 313.026
FD10582	195.000 	 40.332 	 312.988
FD10582	195.125 	 40.332 	 312.992
FD10582	195.250 	 40.333 	 312.990
FD10582	195.375 	 40.571 	 313.506
FD10582	195.500 	 40.291 	 312.510
FD10582	195.625 	 40.333 	 312.990
FD10582	195.750 	 40.576 	 313.506
FD10582	195.875 	 40.333 	 312.990
FD10582	196.000 	 40.332 	 312.992
FD10582	196.125 	 40.526 	 313.024
FD10582	196.250 	 40.332 	 312.992
FD10582	196.375 	 40.333 	 312.990
FD10582	196.500 	 40.571 	 313.506
FD10582	196.625 	 40.338 	 312.990
FD10582	196.750 	 40.290 	 312.512
FD10582	196.875 	 40.333 	 312.990
FD10582	197.000 	 40.571 	 313.506
FD10582	197.125 	 40.333 	 312.990
FD10582	197.250 	 40.332 	 312.992
FD10582	197.375 	 40.829 	 313.024
FD10582	197.500 	 40.034 	 312.992
FD10582	197.625 	 40.333 	 312.990
FD10582	197.750 	 40.571 	 313.506
FD10582	197.875 	 40.333 	 312.990
FD10582	198.000 	 40.589 	 312.510
FD10582	198.125 	 40.038 	 312.990
FD10582	198.250 	 40.573 	 313.507
FD10582	198.375 	 40.331 	 312.990
FD10582	198.500 	 40.333 	 312.990
FD10582	198.625 	 40.824 	 313.026
FD10582	198.750 	 40.040 	 312.990
FD10582	198.875 	 40.332 	 312.992
FD10582	199.000 	 40.572 	 313.505
FD10582	199.125 	 40.332 	 312.992
FD10582	199.250 	 40.589 	 312.510
FD10582	199.375 	 40.039 	 312.992
FD10582	199.500 	 40.572 	 313.505
FD10582	199.625 	 40.332 	 312.992
FD10582	199.750 	 40.333 	 312.990
FD10582	199.875 	 40.824 	 313.026
FD10582	200.000 	 40.040 	 312.990
FD10582	200.125 	 40.332 	 312.992
FD10582	200.250 	 40.572 	 313.505
FD10582	200.375 	 40.332 	 312.992
FD10582	200.500 	 40.589 	 312.510
FD10582	200.625 	 40.035 	 312.990
FD10582	200.750 	 40.571 	 313.506
FD10582	200.875 	 40.338 	 312.990
FD10582	201.000 	 40.332 	 312.992
FD10582	201.125 	 40.825 	 313.024
FD10582	201.250 	 40.332 	 312.992
FD10582	201.375 	 40.035 	 312.990
FD10582	201.500 	 40.571 	 313.506
FD10582	201.625 	 40.333 	 312.990
FD10582	201.750 	 40.592 	 312.510
FD10582	201.875 	 40.573 	 313.507
FD10582	202.000 	 40.033 	 312.990
FD10582	202.125 	 40.333 	 312.990
FD10582	202.250 	 40.332 	 312.992
FD10582	202.375 	 40.825 	 313.024
FD10582	202.500 	 40.332 	 312.992
FD10582	202.625 	 40.040 	 312.990
FD10582	202.750 	 40.571 	 313.506
FD10582	202.875 	 40.333 	 312.990
FD10582	203.000 	 40.589 	 312.510
FD10582	203.125 	 40.571 	 313.506
FD10582	203.250 	 40.040 	 312.990
FD10582	203.375 	 40.332 	 312.992
FD10582	203.500 	 40.333 	 312.990
FD10582	203.625 	 40.824 	 313.026
FD10582	203.750 	 40.333 	 312.990
FD10582	203.875 	 40.332 	 312.992
FD10582	204.000 	 40.279 	 313.505
FD10582	204.125 	 40.332 	 312.992
FD10582	204.250 	 40.589 	 312.510
FD10582	204.375 	 40.571 	 313.506
FD10582	204.500 	 40.333 	 312.990
FD10582	204.625 	 40.039 	 312.992
FD10582	204.750 	 40.333 	 312.990
FD10582	204.875 	 40.824 	 313.026
FD10582	205.000 	 40.333 	 312.990
FD10582	205.125 	 40.331 	 312.990
FD10582	205.250 	 40.279 	 313.507
FD10582	205.375 	 40.331 	 312.990
FD10582	205.500 	 40.589 	 312.510
FD10582	205.625 	 40.572 	 313.505
FD10582	205.750 	 40.332 	 312.992
FD10582	205.875 	 40.035 	 312.990
FD10582	206.000 	 40.337 	 312.992
FD10582	206.125 	 40.825 	 313.024
FD10582	206.250 	 40.332 	 312.992
FD10582	206.375 	 40.333 	 312.990
FD10582	206.500 	 40.273 	 313.506
FD10582	206.625 	 40.333 	 312.990
FD10582	206.750 	 40.588 	 312.512
FD10582	206.875 	 40.577 	 313.505
FD10582	207.000 	 40.332 	 312.992
FD10582	207.125 	 40.333 	 312.990
FD10582	207.250 	 40.034 	 312.992
FD10582	207.375 	 40.825 	 313.024
FD10582	207.500 	 40.332 	 312.992
FD10582	207.625 	 40.333 	 312.990
FD10582	207.750 	 40.576 	 313.506
FD10582	207.875 	 40.035 	 312.990
FD10582	208.000 	 40.589 	 312.510
FD10582	208.125 	 40.571 	 313.506
FD10582	208.250 	 40.333 	 312.990
FD10582	208.375 	 40.332 	 312.992
FD10582	208.500 	 40.278 	 313.506
FD10582	208.625 	 40.589 	 312.510
FD10582	208.750 	 40.332 	 312.988
FD10582	208.875 	 40.332 	 312.992
FD10582	209.000 	 40.572 	 313.505
FD10582	209.125 	 40.039 	 312.992
FD10582	209.250 	 40.589 	 312.510
FD10582	209.375 	 40.571 	 313.506
FD10582	209.500 	 40.333 	 312.990
FD10582	209.625 	 40.332 	 312.992
FD10582	209.750 	 40.279 	 313.505
FD10582	209.875 	 40.588 	 312.512
FD10582	210.000 	 40.333 	 312.990
FD10582	210.125 	 39.779 	 313.480
FD10582	210.250 	 39.802 	 312.466
FD10582	210.375 	 40.034 	 312.992
FD10582	210.500 	 39.784 	 313.478
FD10582	210.625 	 39.800 	 312.466
FD10582	210.750 	 39.779 	 313.480
FD10582	210.875 	 40.040 	 312.990
FD10582	211.000 	 39.537 	 312.956
FD10582	211.125 	 40.040 	 312.990
FD10582	211.250 	 39.796 	 312.468
FD10582	211.375 	 39.784 	 313.478
FD10582	211.500 	 40.332 	 312.992
FD10582	211.625 	 39.536 	 312.954
FD10582	211.750 	 40.040 	 312.990
FD10582	211.875 	 40.039 	 312.992
FD10582	212.000 	 39.538 	 312.954
FD10582	212.125 	 40.039 	 312.992
FD10582	212.250 	 39.538 	 312.954
FD10582	212.375 	 40.039 	 312.992
FD10582	212.500 	 39.779 	 313.476
FD10582	212.625 	 39.801 	 312.468
FD10582	212.750 	 40.034 	 312.992
FD10582	212.875 	 39.542 	 312.954
FD10582	213.000 	 40.034 	 312.992
FD10582	213.125 	 39.784 	 313.478
FD10582	213.250 	 39.801 	 312.468
FD10582	213.375 	 39.779 	 313.476
FD10582	213.500 	 40.039 	 312.992
FD10582	213.625 	 39.797 	 312.466
FD10582	213.750 	 39.783 	 313.480
FD10582	213.875 	 39.796 	 312.468
FD10582	214.000 	 39.784 	 313.478
FD10582	214.125 	 40.034 	 312.992
FD10582	214.250 	 39.541 	 312.952
FD10582	214.375 	 40.034 	 312.992
FD10582	214.500 	 40.040 	 312.990
FD10582	214.625 	 39.541 	 312.956
FD10582	214.750 	 40.034 	 312.992
FD10582	214.875 	 39.542 	 312.954
FD10582	215.000 	 40.332 	 312.992
FD10582	215.125 	 40.035 	 312.990
FD10582	215.250 	 39.540 	 312.954
FD10582	215.375 	 40.035 	 312.990
FD10582	215.500 	 39.783 	 313.480
FD10582	215.625 	 39.796 	 312.468
FD10582	215.750 	 39.784 	 313.478
FD10582	215.875 	 39.801 	 312.468
FD10582	216.000 	 40.035 	 312.990
FD10582	216.125 	 39.783 	 313.480
FD10582	216.250 	 39.796 	 312.464
FD10582	216.375 	 39.783 	 313.480
FD10582	216.500 	 40.035 	 312.990
FD10582	216.625 	 39.541 	 312.956
FD10582	216.750 	 40.034 	 312.992
FD10582	216.875 	 39.802 	 312.466
FD10582	217.000 	 39.779 	 313.480
FD10582	217.125 	 40.039 	 312.988
FD10582	217.250 	 39.537 	 312.956
FD10582	217.375 	 40.040 	 312.990
FD10582	217.500 	 39.783 	 313.480
FD10582	217.625 	 39.796 	 312.468
FD10582	217.750 	 40.040 	 312.990
FD10582	217.875 	 39.537 	 312.956
FD10582	218.000 	 40.039 	 312.988
FD10582	218.125 	 39.779 	 313.480
FD10582	218.250 	 39.802 	 312.466
FD10582	218.375 	 40.034 	 312.992
FD10582	218.500 	 40.076 	 313.480
FD10582	218.625 	 39.802 	 312.466
FD10582	218.750 	 39.783 	 313.480
FD10582	218.875 	 39.797 	 312.466
FD10582	219.000 	 39.782 	 313.478
FD10582	219.125 	 40.035 	 312.990
FD10582	219.250 	 39.801 	 312.468
FD10582	219.375 	 39.779 	 313.480
FD10582	219.500 	 40.040 	 312.990
FD10582	219.625 	 39.537 	 312.956
FD10582	219.750 	 40.040 	 312.990
FD10582	219.875 	 39.536 	 312.954
FD10582	220.000 	 40.040 	 312.990
FD10582	220.125 	 40.039 	 312.992
FD10582	220.250 	 39.538 	 312.954
FD10582	220.375 	 40.039 	 312.992
FD10582	220.500 	 39.779 	 313.480
FD10582	220.625 	 39.802 	 312.466
FD10582	220.750 	 39.779 	 313.480
FD10582	220.875 	 39.801 	 312.464
FD10582	221.000 	 40.034 	 312.992
FD10582	221.125 	 39.784 	 313.478
FD10582	221.250 	 39.796 	 312.468
FD10582	221.375 	 39.783 	 313.480
FD10582	221.500 	 40.040 	 312.990
FD10582	221.625 	 39.796 	 312.468
FD10582	221.750 	 39.784 	 313.478
FD10582	221.875 	 40.093 	 312.466
FD10582	222.000 	 39.780 	 313.478
FD10582	222.125 	 40.039 	 312.992
FD10582	222.250 	 39.537 	 312.956
FD10582	222.375 	 40.040 	 312.990
FD10582	222.500 	 40.034 	 312.992
FD10582	222.625 	 39.542 	 312.954
FD10582	222.750 	 40.033 	 312.990
FD10582	222.875 	 39.542 	 312.954
FD10582	223.000 	 40.039 	 312.992
FD10582	223.125 	 39.779 	 313.480
FD10582	223.250 	 39.802 	 312.466
FD10582	223.375 	 40.034 	 312.992
FD10582	223.500 	 39.784 	 313.478
FD10582	223.625 	 39.795 	 312.466
FD10582	223.750 	 39.784 	 313.478
FD10582	223.875 	 39.796 	 312.468
FD10582	224.000 	 39.784 	 313.478
FD10582	224.125 	 40.034 	 312.992
FD10582	224.250 	 39.802 	 312.466
FD10582	224.375 	 39.783 	 313.480
FD10582	224.500 	 40.034 	 312.992
FD10582	224.625 	 39.541 	 312.952
FD10582	224.750 	 40.034 	 312.992
FD10582	224.875 	 39.802 	 312.466
FD10582	225.000 	 39.779 	 313.480
FD10582	225.125 	 40.040 	 312.990
FD10582	225.250 	 39.537 	 312.956
FD10582	225.375 	 40.332 	 312.992
FD10582	225.500 	 39.784 	 313.478
FD10582	225.625 	 39.800 	 312.466
FD10582	225.750 	 40.035 	 312.990
FD10582	225.875 	 39.541 	 312.956
FD10582	226.000 	 40.035 	 312.990
FD10582	226.125 	 39.783 	 313.480
FD10582	226.250 	 39.796 	 312.468
FD10582	226.375 	 39.784 	 313.478
FD10582	226.500 	 40.033 	 312.990
FD10582	226.625 	 39.802 	 312.466
FD10582	226.750 	 39.779 	 313.480
FD10582	226.875 	 39.802 	 312.466
FD10582	227.000 	 39.783 	 313.480
FD10582	227.125 	 40.034 	 312.992
FD10582	227.250 	 39.802 	 312.466
FD10582	227.375 	 39.778 	 313.478
FD10582	227.500 	 40.040 	 312.990
FD10582	227.625 	 39.537 	 312.956
FD10582	227.750 	 40.040 	 312.990
FD10582	227.875 	 39.537 	 312.956
FD10582	228.000 	 40.040 	 312.990
FD10582	228.125 	 40.034 	 312.992
FD10582	228.250 	 39.540 	 312.954
FD10582	228.375 	 40.040 	 312.990
FD10582	228.500 	 39.779 	 313.480
FD10582	228.625 	 39.802 	 312.466
FD10582	228.750 	 39.779 	 313.480
FD10582	228.875 	 40.095 	 312.466
FD10582	229.000 	 40.039 	 312.992
FD10582	229.125 	 39.779 	 313.480
FD10582	229.250 	 39.801 	 312.464
FD10582	229.375 	 39.779 	 313.480
FD10582	229.500 	 40.040 	 312.990
FD10582	229.625 	 39.537 	 312.956
FD10582	229.750 	 40.040 	 312.990
FD10582	229.875 	 39.801 	 312.468
FD10582	230.000 	 39.779 	 313.480
FD10582	230.125 	 40.040 	 312.990
FD10582	230.250 	 39.536 	 312.954
FD10582	230.375 	 40.040 	 312.990
FD10582	230.500 	 40.034 	 312.992
FD10582	230.625 	 39.542 	 312.954
FD10582	230.750 	 40.034 	 312.992
FD10582	230.875 	 39.541 	 312.956
FD10582	231.000 	 40.035 	 312.990
FD10582	231.125 	 39.782 	 313.478
FD10582	231.250 	 39.802 	 312.466
FD10582	231.375 	 40.034 	 312.992
FD10582	231.500 	 39.542 	 312.954
FD10582	231.625 	 40.034 	 312.992
FD10582	231.750 	 39.784 	 313.478
FD10582	231.875 	 39.796 	 312.468
FD10582	232.000 	 39.782 	 313.478
FD10582	232.125 	 40.035 	 312.990
FD10582	232.250 	 39.801 	 312.468
FD10582	232.375 	 40.077 	 313.478
FD10582	232.500 	 39.801 	 312.468
FD10582	232.625 	 39.780 	 313.478
FD10582	232.750 	 40.039 	 312.992
FD10582	232.875 	 39.536 	 312.954
FD10582	233.000 	 40.040 	 312.990
FD10582	233.125 	 40.034 	 312.992
FD10582	233.250 	 39.542 	 312.954
FD10582	233.375 	 40.034 	 312.992
FD10582	233.500 	 39.542 	 312.954
FD10582	233.625 	 40.034 	 312.992
FD10582	233.750 	 40.040 	 312.990
FD10582	233.875 	 39.540 	 312.954
FD10582	234.000 	 40.034 	 312.992
FD10582	234.125 	 39.784 	 313.478
FD10582	234.250 	 39.796 	 312.468
FD10582	234.375 	 39.784 	 313.478
FD10582	234.500 	 39.796 	 312.468
FD10582	234.625 	 40.040 	 312.990
FD10582	234.750 	 39.779 	 313.480
FD10582	234.875 	 39.800 	 312.466
FD10582	235.000 	 39.780 	 313.478
FD10582	235.125 	 40.039 	 312.992
FD10582	235.250 	 39.542 	 312.954
FD10582	235.375 	 40.034 	 312.992
FD10582	235.500 	 39.802 	 312.466
FD10582	235.625 	 39.779 	 313.480
FD10582	235.750 	 40.040 	 312.990
FD10582	235.875 	 39.833 	 312.954
FD10582	236.000 	 40.034 	 312.992
FD10582	236.125 	 39.784 	 313.478
FD10582	236.250 	 39.796 	 312.468
FD10582	236.375 	 40.040 	 312.990
FD10582	236.500 	 39.537 	 312.956
FD10582	236.625 	 40.040 	 312.990
FD10582	236.750 	 39.782 	 313.478
FD10582	236.875 	 39.796 	 312.468
FD10582	237.000 	 40.039 	 312.992
FD10582	237.125 	 39.781 	 313.476
FD10582	237.250 	 39.801 	 312.468
FD10582	237.375 	 39.779 	 313.480
FD10582	237.500 	 39.801 	 312.468
FD10582	237.625 	 39.778 	 313.478
FD10582	237.750 	 40.041 	 312.988
FD10582	237.875 	 39.796 	 312.468
FD10582	238.000 	 39.783 	 313.480
FD10582	238.125 	 40.039 	 312.992
FD10582	238.250 	 39.539 	 312.952
FD10582	238.375 	 40.039 	 312.992
FD10582	238.500 	 39.536 	 312.954
FD10582	238.625 	 40.039 	 312.992
FD10582	238.750 	 40.034 	 312.992
FD10582	238.875 	 39.543 	 312.952
FD10582	239.000 	 40.034 	 312.992
FD10582	239.125 	 39.783 	 313.480
FD10582	239.250 	 40.094 	 312.468
FD10582	239.375 	 39.785 	 313.476
FD10582	239.500 	 39.795 	 312.466
FD10582	239.625 	 40.039 	 312.992
FD10582	239.750 	 39.779 	 313.480
FD10582	239.875 	 39.801 	 312.468
FD10582	240.000 	 39.781 	 313.476
FD10582	240.125 	 39.801 	 312.468
FD10582	240.250 	 39.795 	 312.466
FD10582	240.375 	 39.507 	 312.468
FD10582	240.500 	 39.803 	 312.464
FD10582	240.625 	 39.796 	 312.468
FD10582	240.750 	 39.783 	 313.480
FD10582	240.875 	 39.800 	 312.466
FD10582	241.000 	 39.798 	 312.464
FD10582	241.125 	 39.801 	 312.468
FD10582	241.250 	 39.796 	 312.468
FD10582	241.375 	 39.801 	 312.468
FD10582	241.500 	 39.247 	 312.954
FD10582	241.625 	 39.798 	 312.464
FD10582	241.750 	 39.801 	 312.468
FD10582	241.875 	 39.796 	 312.468
FD10582	242.000 	 40.039 	 312.992
FD10582	242.125 	 39.797 	 312.462
FD10582	242.250 	 39.541 	 312.956
FD10582	242.375 	 39.801 	 312.468
FD10582	242.500 	 39.796 	 312.468
FD10582	242.625 	 39.802 	 312.462
FD10582	242.750 	 39.507 	 312.468
FD10582	242.875 	 39.796 	 312.468
FD10582	243.000 	 39.541 	 312.956
FD10582	243.125 	 39.798 	 312.464
FD10582	243.250 	 40.039 	 312.992
FD10582	243.375 	 39.795 	 312.466
FD10582	243.500 	 39.801 	 312.468
FD10582	243.625 	 39.798 	 312.464
FD10582	243.750 	 39.540 	 312.954
FD10582	243.875 	 39.507 	 312.468
FD10582	244.000 	 39.801 	 312.468
FD10582	244.125 	 39.796 	 312.468
FD10582	244.250 	 39.803 	 312.464
FD10582	244.375 	 39.796 	 312.468
FD10582	244.500 	 39.541 	 312.956
FD10582	244.625 	 40.034 	 312.992
FD10582	244.750 	 39.801 	 312.460
FD10582	244.875 	 39.796 	 312.468
FD10582	245.000 	 39.801 	 312.468
