#WellName	 Depth.M	 INCL	 AZIM 
WellName	 Depth.M	 INCL	 AZIM 
FD10888	0.000 	 0.000 	 0.000
FD10888	0.125 	 0.000 	 90.000
FD10888	0.250 	 0.000 	 90.000
FD10888	0.375 	 0.000 	 90.000
FD10888	0.500 	 0.000 	 90.000
FD10888	0.625 	 0.000 	 90.000
FD10888	0.750 	 0.000 	 90.000
FD10888	0.875 	 0.000 	 90.000
FD10888	1.000 	 0.000 	 90.000
FD10888	1.125 	 0.000 	 90.000
FD10888	1.250 	 0.000 	 90.000
FD10888	1.375 	 0.000 	 90.000
FD10888	1.500 	 0.000 	 90.000
FD10888	1.625 	 0.000 	 90.000
FD10888	1.750 	 0.000 	 90.000
FD10888	1.875 	 0.000 	 90.000
FD10888	2.000 	 0.000 	 90.000
FD10888	2.125 	 0.000 	 90.000
FD10888	2.250 	 0.000 	 90.000
FD10888	2.375 	 0.000 	 90.000
FD10888	2.500 	 0.000 	 90.000
FD10888	2.625 	 0.000 	 90.000
FD10888	2.750 	 0.000 	 90.000
FD10888	2.875 	 0.000 	 90.000
FD10888	3.000 	 0.000 	 90.000
FD10888	3.125 	 0.000 	 90.000
FD10888	3.250 	 0.000 	 90.000
FD10888	3.375 	 0.000 	 90.000
FD10888	3.500 	 0.000 	 90.000
FD10888	3.625 	 0.000 	 90.000
FD10888	3.750 	 0.000 	 90.000
FD10888	3.875 	 0.000 	 90.000
FD10888	4.000 	 0.000 	 90.000
FD10888	4.125 	 0.000 	 90.000
FD10888	4.250 	 0.000 	 90.000
FD10888	4.375 	 0.000 	 90.000
FD10888	4.500 	 0.000 	 90.000
FD10888	4.625 	 0.000 	 90.000
FD10888	4.750 	 0.000 	 90.000
FD10888	4.875 	 0.000 	 90.000
FD10888	5.000 	 0.000 	 90.000
FD10888	5.125 	 0.000 	 90.000
FD10888	5.250 	 0.000 	 90.000
FD10888	5.375 	 0.000 	 90.000
FD10888	5.500 	 0.000 	 90.000
FD10888	5.625 	 0.000 	 90.000
FD10888	5.750 	 0.000 	 90.000
FD10888	5.875 	 0.000 	 90.000
FD10888	6.000 	 0.000 	 90.000
FD10888	6.125 	 0.000 	 90.000
FD10888	6.250 	 0.000 	 90.000
FD10888	6.375 	 0.000 	 90.000
FD10888	6.500 	 0.000 	 90.000
FD10888	6.625 	 0.000 	 90.000
FD10888	6.750 	 0.000 	 90.000
FD10888	6.875 	 0.000 	 90.000
FD10888	7.000 	 0.000 	 90.000
FD10888	7.125 	 0.000 	 90.000
FD10888	7.250 	 0.000 	 90.000
FD10888	7.375 	 0.000 	 90.000
FD10888	7.500 	 0.000 	 90.000
FD10888	7.625 	 0.000 	 90.000
FD10888	7.750 	 0.000 	 90.000
FD10888	7.875 	 0.000 	 90.000
FD10888	8.000 	 0.000 	 90.000
FD10888	8.125 	 0.000 	 90.000
FD10888	8.250 	 0.000 	 90.000
FD10888	8.375 	 0.000 	 90.000
FD10888	8.500 	 0.000 	 90.000
FD10888	8.625 	 0.000 	 90.000
FD10888	8.750 	 0.000 	 90.000
FD10888	8.875 	 0.000 	 90.000
FD10888	9.000 	 0.000 	 90.000
FD10888	9.125 	 0.000 	 90.000
FD10888	9.250 	 0.000 	 90.000
FD10888	9.375 	 0.000 	 90.000
FD10888	9.500 	 0.000 	 90.000
FD10888	9.625 	 0.000 	 90.000
FD10888	9.750 	 0.000 	 90.000
FD10888	9.875 	 0.000 	 90.000
FD10888	10.000 	 0.000 	 90.000
FD10888	10.125 	 0.000 	 90.000
FD10888	10.250 	 0.000 	 90.000
FD10888	10.375 	 0.000 	 90.000
FD10888	10.500 	 0.000 	 90.000
FD10888	10.625 	 0.000 	 90.000
FD10888	10.750 	 0.000 	 90.000
FD10888	10.875 	 0.000 	 90.000
FD10888	11.000 	 0.000 	 90.000
FD10888	11.125 	 0.000 	 90.000
FD10888	11.250 	 0.000 	 90.000
FD10888	11.375 	 0.000 	 90.000
FD10888	11.500 	 0.000 	 90.000
FD10888	11.625 	 0.000 	 90.000
FD10888	11.750 	 0.000 	 90.000
FD10888	11.875 	 0.000 	 90.000
FD10888	12.000 	 0.000 	 90.000
FD10888	12.125 	 0.000 	 90.000
FD10888	12.250 	 0.000 	 90.000
FD10888	12.375 	 0.000 	 90.000
FD10888	12.500 	 0.000 	 90.000
FD10888	12.625 	 0.000 	 90.000
FD10888	12.750 	 0.000 	 90.000
FD10888	12.875 	 0.000 	 90.000
FD10888	13.000 	 0.000 	 90.000
FD10888	13.125 	 0.000 	 90.000
FD10888	13.250 	 0.000 	 90.000
FD10888	13.375 	 0.000 	 90.000
FD10888	13.500 	 0.000 	 90.000
FD10888	13.625 	 0.000 	 90.000
FD10888	13.750 	 0.000 	 90.000
FD10888	13.875 	 0.000 	 90.000
FD10888	14.000 	 0.000 	 90.000
FD10888	14.125 	 0.000 	 90.000
FD10888	14.250 	 0.000 	 90.000
FD10888	14.375 	 0.000 	 90.000
FD10888	14.500 	 0.000 	 90.000
FD10888	14.625 	 0.000 	 90.000
FD10888	14.750 	 0.000 	 90.000
FD10888	14.875 	 0.000 	 90.000
FD10888	15.000 	 0.000 	 90.000
FD10888	15.125 	 0.000 	 90.000
FD10888	15.250 	 0.000 	 90.000
FD10888	15.375 	 0.000 	 90.000
FD10888	15.500 	 0.000 	 90.000
FD10888	15.625 	 0.000 	 90.000
FD10888	15.750 	 0.000 	 90.000
FD10888	15.875 	 0.000 	 90.000
FD10888	16.000 	 0.000 	 90.000
FD10888	16.125 	 0.000 	 90.000
FD10888	16.250 	 0.000 	 90.000
FD10888	16.375 	 0.000 	 90.000
FD10888	16.500 	 0.000 	 90.000
FD10888	16.625 	 0.000 	 90.000
FD10888	16.750 	 0.000 	 90.000
FD10888	16.875 	 0.000 	 90.000
FD10888	17.000 	 0.000 	 90.000
FD10888	17.125 	 0.000 	 90.000
FD10888	17.250 	 0.000 	 90.000
FD10888	17.375 	 0.000 	 90.000
FD10888	17.500 	 0.000 	 90.000
FD10888	17.625 	 0.000 	 90.000
FD10888	17.750 	 0.000 	 90.000
FD10888	17.875 	 0.000 	 90.000
FD10888	18.000 	 0.000 	 90.000
FD10888	18.125 	 0.000 	 90.000
FD10888	18.250 	 0.000 	 90.000
FD10888	18.375 	 0.000 	 90.000
FD10888	18.500 	 0.000 	 90.000
FD10888	18.625 	 0.000 	 90.000
FD10888	18.750 	 0.000 	 90.000
FD10888	18.875 	 0.000 	 90.000
FD10888	19.000 	 0.000 	 90.000
FD10888	19.125 	 0.000 	 90.000
FD10888	19.250 	 0.000 	 90.000
FD10888	19.375 	 0.000 	 90.000
FD10888	19.500 	 0.000 	 90.000
FD10888	19.625 	 0.000 	 90.000
FD10888	19.750 	 0.000 	 90.000
FD10888	19.875 	 0.000 	 90.000
FD10888	20.000 	 0.000 	 90.000
FD10888	20.125 	 0.000 	 90.000
FD10888	20.250 	 0.000 	 90.000
FD10888	20.375 	 0.000 	 90.000
FD10888	20.500 	 0.000 	 90.000
FD10888	20.625 	 0.000 	 90.000
FD10888	20.750 	 0.000 	 90.000
FD10888	20.875 	 0.000 	 90.000
FD10888	21.000 	 0.000 	 90.000
FD10888	21.125 	 0.000 	 90.000
FD10888	21.250 	 0.000 	 90.000
FD10888	21.375 	 0.000 	 90.000
FD10888	21.500 	 0.000 	 90.000
FD10888	21.625 	 0.000 	 90.000
FD10888	21.750 	 0.000 	 90.000
FD10888	21.875 	 0.000 	 90.000
FD10888	22.000 	 0.000 	 90.000
FD10888	22.125 	 0.000 	 90.000
FD10888	22.250 	 0.000 	 90.000
FD10888	22.375 	 0.000 	 90.000
FD10888	22.500 	 0.000 	 90.000
FD10888	22.625 	 0.000 	 90.000
FD10888	22.750 	 0.000 	 90.000
FD10888	22.875 	 0.000 	 90.000
FD10888	23.000 	 0.000 	 90.000
FD10888	23.125 	 0.000 	 90.000
FD10888	23.250 	 0.000 	 90.000
FD10888	23.375 	 0.000 	 90.000
FD10888	23.500 	 0.000 	 90.000
FD10888	23.625 	 0.000 	 90.000
FD10888	23.750 	 0.000 	 90.000
FD10888	23.875 	 0.000 	 90.000
FD10888	24.000 	 0.000 	 90.000
FD10888	24.125 	 0.000 	 90.000
FD10888	24.250 	 0.000 	 90.000
FD10888	24.375 	 0.000 	 90.000
FD10888	24.500 	 0.000 	 90.000
FD10888	24.625 	 0.000 	 90.000
FD10888	24.750 	 0.000 	 90.000
FD10888	24.875 	 0.000 	 90.000
FD10888	25.000 	 0.000 	 90.000
FD10888	25.125 	 0.000 	 90.000
FD10888	25.250 	 0.000 	 90.000
FD10888	25.375 	 0.000 	 90.000
FD10888	25.500 	 0.000 	 90.000
FD10888	25.625 	 0.000 	 90.000
FD10888	25.750 	 0.000 	 90.000
FD10888	25.875 	 0.000 	 90.000
FD10888	26.000 	 0.000 	 90.000
FD10888	26.125 	 0.000 	 90.000
FD10888	26.250 	 0.000 	 90.000
FD10888	26.375 	 0.000 	 90.000
FD10888	26.500 	 0.000 	 90.000
FD10888	26.625 	 0.000 	 90.000
FD10888	26.750 	 0.000 	 90.000
FD10888	26.875 	 0.000 	 90.000
FD10888	27.000 	 0.000 	 90.000
FD10888	27.125 	 0.000 	 90.000
FD10888	27.250 	 0.000 	 90.000
FD10888	27.375 	 0.000 	 90.000
FD10888	27.500 	 0.000 	 90.000
FD10888	27.625 	 0.000 	 90.000
FD10888	27.750 	 0.000 	 90.000
FD10888	27.875 	 0.000 	 90.000
FD10888	28.000 	 0.000 	 90.000
FD10888	28.125 	 0.000 	 90.000
FD10888	28.250 	 0.000 	 90.000
FD10888	28.375 	 0.000 	 90.000
FD10888	28.500 	 0.000 	 90.000
FD10888	28.625 	 0.000 	 90.000
FD10888	28.750 	 0.000 	 90.000
FD10888	28.875 	 0.000 	 90.000
FD10888	29.000 	 0.000 	 90.000
FD10888	29.125 	 0.000 	 90.000
FD10888	29.250 	 0.000 	 90.000
FD10888	29.375 	 0.000 	 90.000
FD10888	29.500 	 0.000 	 90.000
FD10888	29.625 	 0.000 	 90.000
FD10888	29.750 	 0.000 	 90.000
FD10888	29.875 	 0.000 	 90.000
FD10888	30.000 	 0.000 	 90.000
FD10888	30.125 	 0.000 	 90.000
FD10888	30.250 	 0.000 	 90.000
FD10888	30.375 	 0.000 	 90.000
FD10888	30.500 	 0.000 	 90.000
FD10888	30.625 	 0.000 	 90.000
FD10888	30.750 	 0.000 	 90.000
FD10888	30.875 	 0.000 	 90.000
FD10888	31.000 	 0.000 	 90.000
FD10888	31.125 	 0.000 	 90.000
FD10888	31.250 	 0.000 	 90.000
FD10888	31.375 	 0.000 	 90.000
FD10888	31.500 	 0.000 	 90.000
FD10888	31.625 	 0.000 	 90.000
FD10888	31.750 	 0.000 	 90.000
FD10888	31.875 	 0.000 	 90.000
FD10888	32.000 	 0.000 	 90.000
FD10888	32.125 	 0.000 	 90.000
FD10888	32.250 	 0.000 	 90.000
FD10888	32.375 	 0.000 	 90.000
FD10888	32.500 	 0.000 	 90.000
FD10888	32.625 	 0.000 	 90.000
FD10888	32.750 	 0.000 	 90.000
FD10888	32.875 	 0.000 	 90.000
FD10888	33.000 	 0.000 	 90.000
FD10888	33.125 	 0.000 	 90.000
FD10888	33.250 	 0.000 	 90.000
FD10888	33.375 	 0.000 	 90.000
FD10888	33.500 	 0.000 	 90.000
FD10888	33.625 	 0.000 	 90.000
FD10888	33.750 	 0.000 	 90.000
FD10888	33.875 	 0.000 	 90.000
FD10888	34.000 	 0.000 	 90.000
FD10888	34.125 	 0.000 	 90.000
FD10888	34.250 	 0.000 	 90.000
FD10888	34.375 	 0.000 	 90.000
FD10888	34.500 	 0.000 	 90.000
FD10888	34.625 	 0.000 	 90.000
FD10888	34.750 	 0.000 	 90.000
FD10888	34.875 	 0.000 	 90.000
FD10888	35.000 	 0.000 	 90.000
FD10888	35.125 	 0.000 	 90.000
FD10888	35.250 	 0.000 	 90.000
FD10888	35.375 	 0.000 	 90.000
FD10888	35.500 	 0.000 	 90.000
FD10888	35.625 	 0.000 	 90.000
FD10888	35.750 	 0.000 	 90.000
FD10888	35.875 	 0.000 	 90.000
FD10888	36.000 	 0.000 	 90.000
FD10888	36.125 	 0.000 	 90.000
FD10888	36.250 	 0.000 	 90.000
FD10888	36.375 	 0.000 	 90.000
FD10888	36.500 	 0.000 	 90.000
FD10888	36.625 	 0.000 	 90.000
FD10888	36.750 	 0.000 	 90.000
FD10888	36.875 	 0.000 	 90.000
FD10888	37.000 	 0.000 	 90.000
FD10888	37.125 	 0.000 	 90.000
FD10888	37.250 	 0.000 	 90.000
FD10888	37.375 	 0.000 	 90.000
FD10888	37.500 	 0.000 	 90.000
FD10888	37.625 	 0.000 	 90.000
FD10888	37.750 	 0.000 	 90.000
FD10888	37.875 	 0.000 	 90.000
FD10888	38.000 	 0.000 	 90.000
FD10888	38.125 	 0.000 	 90.000
FD10888	38.250 	 0.000 	 90.000
FD10888	38.375 	 0.000 	 90.000
FD10888	38.500 	 0.000 	 90.000
FD10888	38.625 	 0.000 	 90.000
FD10888	38.750 	 0.000 	 90.000
FD10888	38.875 	 0.000 	 90.000
FD10888	39.000 	 0.000 	 90.000
FD10888	39.125 	 0.000 	 90.000
FD10888	39.250 	 0.000 	 90.000
FD10888	39.375 	 0.000 	 90.000
FD10888	39.500 	 0.000 	 90.000
FD10888	39.625 	 0.000 	 90.000
FD10888	39.750 	 0.000 	 90.000
FD10888	39.875 	 0.000 	 90.000
FD10888	40.000 	 0.000 	 90.000
FD10888	40.125 	 0.000 	 90.000
FD10888	40.250 	 0.000 	 90.000
FD10888	40.375 	 0.000 	 90.000
FD10888	40.500 	 0.000 	 90.000
FD10888	40.625 	 0.000 	 90.000
FD10888	40.750 	 0.000 	 90.000
FD10888	40.875 	 0.000 	 90.000
FD10888	41.000 	 0.000 	 90.000
FD10888	41.125 	 0.000 	 90.000
FD10888	41.250 	 0.000 	 90.000
FD10888	41.375 	 0.000 	 90.000
FD10888	41.500 	 0.000 	 90.000
FD10888	41.625 	 0.000 	 90.000
FD10888	41.750 	 0.000 	 90.000
FD10888	41.875 	 0.000 	 90.000
FD10888	42.000 	 0.000 	 90.000
FD10888	42.125 	 0.000 	 90.000
FD10888	42.250 	 0.000 	 90.000
FD10888	42.375 	 0.000 	 90.000
FD10888	42.500 	 0.000 	 90.000
FD10888	42.625 	 0.000 	 90.000
FD10888	42.750 	 0.000 	 90.000
FD10888	42.875 	 0.000 	 90.000
FD10888	43.000 	 0.000 	 90.000
FD10888	43.125 	 0.000 	 90.000
FD10888	43.250 	 0.000 	 90.000
FD10888	43.375 	 0.000 	 90.000
FD10888	43.500 	 0.000 	 90.000
FD10888	43.625 	 0.000 	 90.000
FD10888	43.750 	 0.000 	 90.000
FD10888	43.875 	 0.000 	 90.000
FD10888	44.000 	 0.000 	 90.000
FD10888	44.125 	 0.000 	 90.000
FD10888	44.250 	 0.000 	 90.000
FD10888	44.375 	 0.000 	 90.000
FD10888	44.500 	 0.000 	 90.000
FD10888	44.625 	 0.000 	 90.000
FD10888	44.750 	 0.000 	 90.000
FD10888	44.875 	 0.000 	 90.000
FD10888	45.000 	 0.000 	 90.000
FD10888	45.125 	 0.000 	 90.000
FD10888	45.250 	 0.000 	 90.000
FD10888	45.375 	 0.000 	 90.000
FD10888	45.500 	 0.000 	 90.000
FD10888	45.625 	 0.000 	 90.000
FD10888	45.750 	 0.000 	 90.000
FD10888	45.875 	 0.000 	 90.000
FD10888	46.000 	 0.000 	 90.000
FD10888	46.125 	 0.000 	 90.000
FD10888	46.250 	 0.000 	 90.000
FD10888	46.375 	 0.000 	 90.000
FD10888	46.500 	 0.000 	 90.000
FD10888	46.625 	 0.000 	 90.000
FD10888	46.750 	 0.000 	 90.000
FD10888	46.875 	 0.000 	 90.000
FD10888	47.000 	 0.000 	 90.000
FD10888	47.125 	 0.000 	 90.000
FD10888	47.250 	 0.000 	 90.000
FD10888	47.375 	 0.000 	 90.000
FD10888	47.500 	 0.000 	 90.000
FD10888	47.625 	 0.000 	 90.000
FD10888	47.750 	 0.000 	 90.000
FD10888	47.875 	 0.000 	 90.000
FD10888	48.000 	 0.000 	 90.000
FD10888	48.125 	 0.000 	 90.000
FD10888	48.250 	 0.000 	 90.000
FD10888	48.375 	 0.000 	 90.000
FD10888	48.500 	 0.000 	 90.000
FD10888	48.625 	 0.000 	 90.000
FD10888	48.750 	 0.000 	 90.000
FD10888	48.875 	 0.000 	 90.000
FD10888	49.000 	 0.000 	 90.000
FD10888	49.125 	 0.000 	 90.000
FD10888	49.250 	 0.000 	 90.000
FD10888	49.375 	 0.000 	 90.000
FD10888	49.500 	 0.000 	 90.000
FD10888	49.625 	 0.000 	 90.000
FD10888	49.750 	 0.000 	 90.000
FD10888	49.875 	 0.000 	 90.000
FD10888	50.000 	 0.000 	 90.000
FD10888	50.125 	 0.000 	 90.000
FD10888	50.250 	 0.000 	 90.000
FD10888	50.375 	 0.000 	 90.000
FD10888	50.500 	 0.000 	 90.000
FD10888	50.625 	 0.000 	 90.000
FD10888	50.750 	 0.000 	 90.000
FD10888	50.875 	 0.000 	 90.000
FD10888	51.000 	 0.000 	 90.000
FD10888	51.125 	 0.000 	 90.000
FD10888	51.250 	 0.000 	 90.000
FD10888	51.375 	 0.000 	 90.000
FD10888	51.500 	 0.000 	 90.000
FD10888	51.625 	 0.000 	 90.000
FD10888	51.750 	 0.000 	 90.000
FD10888	51.875 	 0.000 	 90.000
FD10888	52.000 	 0.000 	 90.000
FD10888	52.125 	 0.000 	 90.000
FD10888	52.250 	 0.000 	 90.000
FD10888	52.375 	 0.000 	 90.000
FD10888	52.500 	 0.000 	 90.000
FD10888	52.625 	 0.000 	 90.000
FD10888	52.750 	 0.000 	 90.000
FD10888	52.875 	 0.000 	 90.000
FD10888	53.000 	 0.000 	 90.000
FD10888	53.125 	 0.000 	 90.000
FD10888	53.250 	 0.000 	 90.000
FD10888	53.375 	 0.000 	 90.000
FD10888	53.500 	 0.000 	 90.000
FD10888	53.625 	 0.000 	 90.000
FD10888	53.750 	 0.000 	 90.000
FD10888	53.875 	 0.000 	 90.000
FD10888	54.000 	 0.000 	 90.000
FD10888	54.125 	 0.000 	 90.000
FD10888	54.250 	 0.000 	 90.000
FD10888	54.375 	 0.000 	 90.000
FD10888	54.500 	 0.000 	 90.000
FD10888	54.625 	 0.000 	 90.000
FD10888	54.750 	 0.000 	 90.000
FD10888	54.875 	 0.000 	 90.000
FD10888	55.000 	 0.000 	 90.000
FD10888	55.125 	 0.000 	 90.000
FD10888	55.250 	 0.000 	 90.000
FD10888	55.375 	 0.000 	 90.000
FD10888	55.500 	 0.000 	 90.000
FD10888	55.625 	 0.000 	 90.000
FD10888	55.750 	 0.000 	 90.000
FD10888	55.875 	 0.000 	 90.000
FD10888	56.000 	 0.000 	 90.000
FD10888	56.125 	 0.000 	 90.000
FD10888	56.250 	 0.000 	 90.000
FD10888	56.375 	 0.000 	 90.000
FD10888	56.500 	 0.000 	 90.000
FD10888	56.625 	 0.000 	 90.000
FD10888	56.750 	 0.000 	 90.000
FD10888	56.875 	 0.000 	 90.000
FD10888	57.000 	 0.000 	 90.000
FD10888	57.125 	 0.000 	 90.000
FD10888	57.250 	 0.000 	 90.000
FD10888	57.375 	 0.000 	 90.000
FD10888	57.500 	 0.000 	 90.000
FD10888	57.625 	 0.000 	 90.000
FD10888	57.750 	 0.000 	 90.000
FD10888	57.875 	 0.000 	 90.000
FD10888	58.000 	 0.000 	 90.000
FD10888	58.125 	 0.000 	 90.000
FD10888	58.250 	 0.000 	 90.000
FD10888	58.375 	 0.000 	 90.000
FD10888	58.500 	 0.000 	 90.000
FD10888	58.625 	 0.000 	 90.000
FD10888	58.750 	 0.000 	 90.000
FD10888	58.875 	 0.000 	 90.000
FD10888	59.000 	 0.000 	 90.000
FD10888	59.125 	 0.000 	 90.000
FD10888	59.250 	 0.000 	 90.000
FD10888	59.375 	 0.000 	 90.000
FD10888	59.500 	 0.000 	 90.000
FD10888	59.625 	 0.000 	 90.000
FD10888	59.750 	 0.000 	 90.000
FD10888	59.875 	 0.000 	 90.000
FD10888	60.000 	 0.000 	 90.000
FD10888	60.125 	 0.000 	 90.000
FD10888	60.250 	 0.000 	 90.000
FD10888	60.375 	 0.000 	 90.000
FD10888	60.500 	 0.000 	 90.000
FD10888	60.625 	 0.000 	 90.000
FD10888	60.750 	 0.000 	 90.000
FD10888	60.875 	 0.000 	 90.000
FD10888	61.000 	 0.000 	 90.000
FD10888	61.125 	 0.000 	 90.000
FD10888	61.250 	 0.000 	 90.000
FD10888	61.375 	 0.000 	 90.000
FD10888	61.500 	 0.000 	 90.000
FD10888	61.625 	 0.000 	 90.000
FD10888	61.750 	 0.000 	 90.000
FD10888	61.875 	 0.000 	 90.000
FD10888	62.000 	 0.000 	 90.000
FD10888	62.125 	 0.000 	 90.000
FD10888	62.250 	 0.000 	 90.000
FD10888	62.375 	 0.000 	 90.000
FD10888	62.500 	 0.000 	 90.000
FD10888	62.625 	 0.000 	 90.000
FD10888	62.750 	 0.000 	 90.000
FD10888	62.875 	 0.000 	 90.000
FD10888	63.000 	 0.000 	 90.000
FD10888	63.125 	 0.705 	 219.480
FD10888	63.250 	 0.707 	 219.046
FD10888	63.375 	 0.709 	 218.551
FD10888	63.500 	 0.712 	 218.375
FD10888	63.625 	 0.714 	 218.216
FD10888	63.750 	 0.716 	 217.892
FD10888	63.875 	 0.720 	 217.510
FD10888	64.000 	 0.722 	 217.372
FD10888	64.125 	 0.724 	 217.416
FD10888	64.250 	 0.728 	 217.422
FD10888	64.375 	 0.730 	 217.474
FD10888	64.500 	 0.732 	 217.507
FD10888	64.625 	 0.735 	 217.705
FD10888	64.750 	 0.737 	 217.859
FD10888	64.875 	 0.740 	 217.661
FD10888	65.000 	 0.742 	 217.359
FD10888	65.125 	 0.743 	 217.117
FD10888	65.250 	 0.745 	 217.046
FD10888	65.375 	 0.746 	 217.260
FD10888	65.500 	 0.747 	 217.397
FD10888	65.625 	 0.748 	 217.169
FD10888	65.750 	 0.748 	 216.999
FD10888	65.875 	 0.749 	 217.178
FD10888	66.000 	 0.749 	 217.557
FD10888	66.125 	 0.750 	 217.790
FD10888	66.250 	 0.751 	 217.790
FD10888	66.375 	 0.751 	 217.938
FD10888	66.500 	 0.752 	 218.131
FD10888	66.625 	 0.752 	 218.399
FD10888	66.750 	 0.753 	 218.856
FD10888	66.875 	 0.754 	 219.131
FD10888	67.000 	 0.754 	 219.097
FD10888	67.125 	 0.756 	 218.864
FD10888	67.250 	 0.757 	 218.738
FD10888	67.375 	 0.759 	 218.796
FD10888	67.500 	 0.760 	 218.850
FD10888	67.625 	 0.762 	 218.911
FD10888	67.750 	 0.764 	 218.960
FD10888	67.875 	 0.765 	 219.040
FD10888	68.000 	 0.767 	 219.095
FD10888	68.125 	 0.769 	 219.193
FD10888	68.250 	 0.771 	 219.315
FD10888	68.375 	 0.771 	 219.326
FD10888	68.500 	 0.773 	 219.315
FD10888	68.625 	 0.773 	 219.186
FD10888	68.750 	 0.775 	 219.048
FD10888	68.875 	 0.775 	 218.998
FD10888	69.000 	 0.777 	 218.960
FD10888	69.125 	 0.777 	 219.068
FD10888	69.250 	 0.778 	 219.326
FD10888	69.375 	 0.778 	 219.243
FD10888	69.500 	 0.779 	 219.056
FD10888	69.625 	 0.779 	 219.131
FD10888	69.750 	 0.781 	 218.977
FD10888	69.875 	 0.782 	 218.889
FD10888	70.000 	 0.784 	 219.065
FD10888	70.125 	 0.785 	 219.457
FD10888	70.250 	 0.787 	 219.776
FD10888	70.375 	 0.789 	 219.938
FD10888	70.500 	 0.791 	 220.147
FD10888	70.625 	 0.793 	 220.292
FD10888	70.750 	 0.795 	 220.408
FD10888	70.875 	 0.798 	 220.504
FD10888	71.000 	 0.801 	 220.784
FD10888	71.125 	 0.803 	 221.193
FD10888	71.250 	 0.806 	 221.451
FD10888	71.375 	 0.808 	 221.429
FD10888	71.500 	 0.811 	 221.533
FD10888	71.625 	 0.813 	 222.061
FD10888	71.750 	 0.815 	 222.385
FD10888	71.875 	 0.817 	 222.506
FD10888	72.000 	 0.819 	 222.748
FD10888	72.125 	 0.819 	 223.045
FD10888	72.250 	 0.820 	 223.275
FD10888	72.375 	 0.820 	 223.258
FD10888	72.500 	 0.819 	 223.067
FD10888	72.625 	 0.819 	 222.883
FD10888	72.750 	 0.818 	 222.844
FD10888	72.875 	 0.816 	 222.833
FD10888	73.000 	 0.815 	 223.025
FD10888	73.125 	 0.813 	 223.174
FD10888	73.250 	 0.811 	 223.052
FD10888	73.375 	 0.809 	 223.228
FD10888	73.500 	 0.806 	 223.333
FD10888	73.625 	 0.803 	 223.132
FD10888	73.750 	 0.801 	 223.094
FD10888	73.875 	 0.798 	 222.822
FD10888	74.000 	 0.796 	 222.581
FD10888	74.125 	 0.793 	 222.506
FD10888	74.250 	 0.791 	 222.401
FD10888	74.375 	 0.789 	 222.434
FD10888	74.500 	 0.787 	 222.495
FD10888	74.625 	 0.787 	 222.525
FD10888	74.750 	 0.785 	 222.443
FD10888	74.875 	 0.785 	 222.539
FD10888	75.000 	 0.783 	 222.544
FD10888	75.125 	 0.783 	 222.506
FD10888	75.250 	 0.782 	 222.649
FD10888	75.375 	 0.782 	 222.517
FD10888	75.500 	 0.782 	 222.264
FD10888	75.625 	 0.782 	 222.376
FD10888	75.750 	 0.782 	 222.608
FD10888	75.875 	 0.782 	 222.490
FD10888	76.000 	 0.782 	 222.248
FD10888	76.125 	 0.782 	 222.341
FD10888	76.250 	 0.782 	 222.501
FD10888	76.375 	 0.781 	 222.572
FD10888	76.500 	 0.781 	 222.627
FD10888	76.625 	 0.780 	 222.904
FD10888	76.750 	 0.780 	 222.998
FD10888	76.875 	 0.778 	 222.781
FD10888	77.000 	 0.778 	 222.682
FD10888	77.125 	 0.776 	 222.528
FD10888	77.250 	 0.776 	 222.451
FD10888	77.375 	 0.775 	 222.465
FD10888	77.500 	 0.775 	 222.712
FD10888	77.625 	 0.774 	 222.756
FD10888	77.750 	 0.774 	 222.629
FD10888	77.875 	 0.773 	 222.734
FD10888	78.000 	 0.773 	 222.828
FD10888	78.125 	 0.773 	 222.830
FD10888	78.250 	 0.773 	 222.786
FD10888	78.375 	 0.773 	 222.795
FD10888	78.500 	 0.774 	 222.674
FD10888	78.625 	 0.774 	 222.586
FD10888	78.750 	 0.775 	 222.915
FD10888	78.875 	 0.776 	 223.108
FD10888	79.000 	 0.778 	 222.899
FD10888	79.125 	 0.779 	 222.841
FD10888	79.250 	 0.781 	 222.929
FD10888	79.375 	 0.782 	 222.735
FD10888	79.500 	 0.784 	 222.503
FD10888	79.625 	 0.785 	 222.449
FD10888	79.750 	 0.787 	 222.553
FD10888	79.875 	 0.787 	 222.767
FD10888	80.000 	 0.789 	 222.920
FD10888	80.125 	 0.790 	 223.028
FD10888	80.250 	 0.790 	 222.852
FD10888	80.375 	 0.792 	 222.770
FD10888	80.500 	 0.794 	 222.798
FD10888	80.625 	 0.794 	 222.531
FD10888	80.750 	 0.794 	 222.410
FD10888	80.875 	 0.795 	 222.630
FD10888	81.000 	 0.795 	 222.954
FD10888	81.125 	 0.795 	 223.171
FD10888	81.250 	 0.795 	 223.369
FD10888	81.375 	 0.794 	 223.492
FD10888	81.500 	 0.794 	 223.712
FD10888	81.625 	 0.793 	 224.036
FD10888	81.750 	 0.793 	 224.382
FD10888	81.875 	 0.793 	 224.450
FD10888	82.000 	 0.792 	 224.204
FD10888	82.125 	 0.792 	 224.102
FD10888	82.250 	 0.793 	 223.861
FD10888	82.375 	 0.793 	 223.800
FD10888	82.500 	 0.793 	 223.981
FD10888	82.625 	 0.794 	 223.899
FD10888	82.750 	 0.794 	 224.250
FD10888	82.875 	 0.796 	 225.115
FD10888	83.000 	 0.798 	 225.747
FD10888	83.125 	 0.799 	 226.346
FD10888	83.250 	 0.801 	 227.016
FD10888	83.375 	 0.803 	 227.324
FD10888	83.500 	 0.805 	 227.252
FD10888	83.625 	 0.808 	 227.225
FD10888	83.750 	 0.810 	 227.197
FD10888	83.875 	 0.812 	 227.150
FD10888	84.000 	 0.814 	 226.898
FD10888	84.125 	 0.816 	 226.503
FD10888	84.250 	 0.819 	 226.519
FD10888	84.375 	 0.822 	 226.519
FD10888	84.500 	 0.824 	 226.689
FD10888	84.625 	 0.826 	 226.701
FD10888	84.750 	 0.828 	 226.508
FD10888	84.875 	 0.830 	 226.698
FD10888	85.000 	 0.832 	 226.752
FD10888	85.125 	 0.834 	 226.895
FD10888	85.250 	 0.835 	 226.747
FD10888	85.375 	 0.836 	 226.667
FD10888	85.500 	 0.837 	 226.618
FD10888	85.625 	 0.839 	 226.414
FD10888	85.750 	 0.840 	 226.464
FD10888	85.875 	 0.840 	 226.236
FD10888	86.000 	 0.842 	 226.088
FD10888	86.125 	 0.844 	 226.027
FD10888	86.250 	 0.845 	 226.071
FD10888	86.375 	 0.847 	 226.002
FD10888	86.500 	 0.848 	 225.590
FD10888	86.625 	 0.850 	 225.420
FD10888	86.750 	 0.852 	 225.970
FD10888	86.875 	 0.854 	 226.900
FD10888	87.000 	 0.857 	 227.318
FD10888	87.125 	 0.860 	 227.217
FD10888	87.250 	 0.863 	 226.892
FD10888	87.375 	 0.866 	 226.731
FD10888	87.500 	 0.870 	 226.725
FD10888	87.625 	 0.874 	 226.851
FD10888	87.750 	 0.878 	 227.335
FD10888	87.875 	 0.884 	 227.626
FD10888	88.000 	 0.889 	 227.752
FD10888	88.125 	 0.893 	 227.914
FD10888	88.250 	 0.899 	 227.689
FD10888	88.375 	 0.904 	 227.252
FD10888	88.500 	 0.909 	 227.224
FD10888	88.625 	 0.915 	 227.477
FD10888	88.750 	 0.921 	 227.610
FD10888	88.875 	 0.927 	 227.579
FD10888	89.000 	 0.933 	 227.392
FD10888	89.125 	 0.939 	 227.239
FD10888	89.250 	 0.945 	 227.381
FD10888	89.375 	 0.951 	 227.345
FD10888	89.500 	 0.958 	 227.208
FD10888	89.625 	 0.964 	 227.368
FD10888	89.750 	 0.970 	 227.455
FD10888	89.875 	 0.976 	 227.378
FD10888	90.000 	 0.982 	 227.593
FD10888	90.125 	 0.988 	 227.903
FD10888	90.250 	 0.994 	 228.007
FD10888	90.375 	 0.999 	 227.890
FD10888	90.500 	 1.004 	 227.587
FD10888	90.625 	 1.008 	 227.430
FD10888	90.750 	 1.014 	 227.359
FD10888	90.875 	 1.018 	 227.305
FD10888	91.000 	 1.022 	 227.376
FD10888	91.125 	 1.026 	 227.387
FD10888	91.250 	 1.029 	 227.249
FD10888	91.375 	 1.033 	 227.225
FD10888	91.500 	 1.036 	 227.559
FD10888	91.625 	 1.038 	 228.027
FD10888	91.750 	 1.041 	 228.471
FD10888	91.875 	 1.044 	 228.801
FD10888	92.000 	 1.046 	 229.285
FD10888	92.125 	 1.048 	 229.663
FD10888	92.250 	 1.050 	 229.537
FD10888	92.375 	 1.053 	 229.913
FD10888	92.500 	 1.055 	 230.150
FD10888	92.625 	 1.057 	 229.941
FD10888	92.750 	 1.060 	 229.886
FD10888	92.875 	 1.063 	 229.806
FD10888	93.000 	 1.066 	 229.697
FD10888	93.125 	 1.068 	 229.663
FD10888	93.250 	 1.070 	 229.537
FD10888	93.375 	 1.073 	 229.059
FD10888	93.500 	 1.075 	 228.570
FD10888	93.625 	 1.077 	 228.492
FD10888	93.750 	 1.079 	 228.655
FD10888	93.875 	 1.080 	 228.518
FD10888	94.000 	 1.081 	 228.287
FD10888	94.125 	 1.081 	 228.559
FD10888	94.250 	 1.081 	 229.126
FD10888	94.375 	 1.082 	 229.282
FD10888	94.500 	 1.082 	 229.078
FD10888	94.625 	 1.082 	 228.812
FD10888	94.750 	 1.084 	 228.702
FD10888	94.875 	 1.084 	 228.806
FD10888	95.000 	 1.085 	 228.906
FD10888	95.125 	 1.085 	 229.274
FD10888	95.250 	 1.087 	 229.889
FD10888	95.375 	 1.088 	 230.199
FD10888	95.500 	 1.089 	 230.139
FD10888	95.625 	 1.092 	 230.027
FD10888	95.750 	 1.094 	 229.993
FD10888	95.875 	 1.098 	 230.191
FD10888	96.000 	 1.101 	 230.124
FD10888	96.125 	 1.106 	 229.835
FD10888	96.250 	 1.110 	 229.614
FD10888	96.375 	 1.115 	 229.506
FD10888	96.500 	 1.121 	 229.529
FD10888	96.625 	 1.126 	 229.688
FD10888	96.750 	 1.132 	 230.040
FD10888	96.875 	 1.138 	 230.249
FD10888	97.000 	 1.144 	 230.292
FD10888	97.125 	 1.151 	 230.178
FD10888	97.250 	 1.157 	 230.045
FD10888	97.375 	 1.163 	 229.793
FD10888	97.500 	 1.171 	 229.513
FD10888	97.625 	 1.178 	 229.268
FD10888	97.750 	 1.185 	 228.928
FD10888	97.875 	 1.193 	 228.697
FD10888	98.000 	 1.200 	 228.647
FD10888	98.125 	 1.207 	 228.749
FD10888	98.250 	 1.213 	 228.798
FD10888	98.375 	 1.219 	 228.768
FD10888	98.500 	 1.225 	 228.818
FD10888	98.625 	 1.231 	 228.620
FD10888	98.750 	 1.236 	 228.384
FD10888	98.875 	 1.240 	 228.513
FD10888	99.000 	 1.243 	 228.513
FD10888	99.125 	 1.244 	 228.346
FD10888	99.250 	 1.245 	 228.263
FD10888	99.375 	 1.245 	 228.323
FD10888	99.500 	 1.243 	 228.527
FD10888	99.625 	 1.239 	 228.718
FD10888	99.750 	 1.235 	 228.527
FD10888	99.875 	 1.228 	 228.249
FD10888	100.000 	 1.222 	 228.216
FD10888	100.125 	 1.215 	 228.199
FD10888	100.250 	 1.207 	 228.216
FD10888	100.375 	 1.199 	 228.126
FD10888	100.500 	 1.189 	 227.884
FD10888	100.625 	 1.180 	 228.013
FD10888	100.750 	 1.172 	 228.617
FD10888	100.875 	 1.162 	 229.172
FD10888	101.000 	 1.153 	 229.573
FD10888	101.125 	 1.145 	 230.186
FD10888	101.250 	 1.137 	 231.025
FD10888	101.375 	 1.130 	 231.254
FD10888	101.500 	 1.124 	 231.068
FD10888	101.625 	 1.118 	 231.166
FD10888	101.750 	 1.114 	 231.392
FD10888	101.875 	 1.110 	 231.792
FD10888	102.000 	 1.107 	 232.133
FD10888	102.125 	 1.104 	 232.213
FD10888	102.250 	 1.102 	 232.069
FD10888	102.375 	 1.100 	 231.946
FD10888	102.500 	 1.099 	 231.661
FD10888	102.625 	 1.097 	 231.188
FD10888	102.750 	 1.097 	 231.007
FD10888	102.875 	 1.097 	 230.847
FD10888	103.000 	 1.097 	 230.902
FD10888	103.125 	 1.097 	 231.146
FD10888	103.250 	 1.099 	 231.257
FD10888	103.375 	 1.099 	 231.262
FD10888	103.500 	 1.100 	 231.416
FD10888	103.625 	 1.101 	 231.641
FD10888	103.750 	 1.103 	 231.603
FD10888	103.875 	 1.103 	 231.663
FD10888	104.000 	 1.104 	 231.762
FD10888	104.125 	 1.105 	 231.535
FD10888	104.250 	 1.106 	 231.754
FD10888	104.375 	 1.107 	 231.830
FD10888	104.500 	 1.107 	 231.364
FD10888	104.625 	 1.107 	 231.309
FD10888	104.750 	 1.107 	 231.380
FD10888	104.875 	 1.107 	 231.597
FD10888	105.000 	 1.106 	 231.795
FD10888	105.125 	 1.106 	 231.925
FD10888	105.250 	 1.104 	 232.407
FD10888	105.375 	 1.102 	 232.827
FD10888	105.500 	 1.100 	 232.916
FD10888	105.625 	 1.099 	 232.967
FD10888	105.750 	 1.097 	 232.907
FD10888	105.875 	 1.095 	 233.055
FD10888	106.000 	 1.092 	 233.429
FD10888	106.125 	 1.090 	 233.644
FD10888	106.250 	 1.088 	 234.088
FD10888	106.375 	 1.086 	 234.498
FD10888	106.500 	 1.083 	 234.371
FD10888	106.625 	 1.081 	 234.405
FD10888	106.750 	 1.080 	 234.789
FD10888	106.875 	 1.078 	 235.374
FD10888	107.000 	 1.077 	 236.000
FD10888	107.125 	 1.076 	 236.134
FD10888	107.250 	 1.075 	 236.118
FD10888	107.375 	 1.075 	 236.212
FD10888	107.500 	 1.077 	 236.233
FD10888	107.625 	 1.077 	 236.250
FD10888	107.750 	 1.080 	 235.970
FD10888	107.875 	 1.082 	 235.734
FD10888	108.000 	 1.085 	 235.958
FD10888	108.125 	 1.089 	 236.212
FD10888	108.250 	 1.093 	 236.426
FD10888	108.375 	 1.097 	 236.677
FD10888	108.500 	 1.103 	 236.956
FD10888	108.625 	 1.108 	 237.040
FD10888	108.750 	 1.114 	 237.146
FD10888	108.875 	 1.120 	 237.101
FD10888	109.000 	 1.126 	 236.575
FD10888	109.125 	 1.131 	 236.140
FD10888	109.250 	 1.137 	 236.168
FD10888	109.375 	 1.143 	 236.207
FD10888	109.500 	 1.148 	 236.233
FD10888	109.625 	 1.154 	 236.058
FD10888	109.750 	 1.158 	 235.778
FD10888	109.875 	 1.163 	 235.709
FD10888	110.000 	 1.167 	 235.334
FD10888	110.125 	 1.171 	 235.009
FD10888	110.250 	 1.175 	 235.080
FD10888	110.375 	 1.178 	 234.838
FD10888	110.500 	 1.181 	 234.195
FD10888	110.625 	 1.183 	 234.091
FD10888	110.750 	 1.185 	 234.190
FD10888	110.875 	 1.186 	 234.177
FD10888	111.000 	 1.188 	 234.001
FD10888	111.125 	 1.188 	 233.747
FD10888	111.250 	 1.188 	 233.600
FD10888	111.375 	 1.188 	 233.421
FD10888	111.500 	 1.189 	 233.459
FD10888	111.625 	 1.189 	 233.446
FD10888	111.750 	 1.189 	 233.396
FD10888	111.875 	 1.189 	 233.393
FD10888	112.000 	 1.189 	 233.404
FD10888	112.125 	 1.189 	 233.765
FD10888	112.250 	 1.187 	 234.022
FD10888	112.375 	 1.186 	 233.907
FD10888	112.500 	 1.186 	 233.659
FD10888	112.625 	 1.186 	 233.628
FD10888	112.750 	 1.184 	 233.693
FD10888	112.875 	 1.183 	 233.643
FD10888	113.000 	 1.183 	 233.913
FD10888	113.125 	 1.182 	 234.190
FD10888	113.250 	 1.180 	 234.097
FD10888	113.375 	 1.178 	 234.168
FD10888	113.500 	 1.176 	 234.541
FD10888	113.625 	 1.174 	 234.724
FD10888	113.750 	 1.171 	 234.607
FD10888	113.875 	 1.169 	 234.328
FD10888	114.000 	 1.167 	 234.432
FD10888	114.125 	 1.165 	 234.633
FD10888	114.250 	 1.163 	 234.688
FD10888	114.375 	 1.163 	 234.874
FD10888	114.500 	 1.162 	 234.913
FD10888	114.625 	 1.162 	 235.113
FD10888	114.750 	 1.163 	 235.337
FD10888	114.875 	 1.164 	 235.364
FD10888	115.000 	 1.164 	 235.478
FD10888	115.125 	 1.166 	 235.736
FD10888	115.250 	 1.168 	 235.956
FD10888	115.375 	 1.169 	 235.772
FD10888	115.500 	 1.172 	 235.694
FD10888	115.625 	 1.176 	 236.116
FD10888	115.750 	 1.179 	 236.620
FD10888	115.875 	 1.183 	 237.041
FD10888	116.000 	 1.188 	 237.002
FD10888	116.125 	 1.192 	 236.621
FD10888	116.250 	 1.197 	 236.835
FD10888	116.375 	 1.202 	 237.230
FD10888	116.500 	 1.207 	 237.660
FD10888	116.625 	 1.213 	 237.802
FD10888	116.750 	 1.219 	 237.489
FD10888	116.875 	 1.226 	 237.552
FD10888	117.000 	 1.233 	 237.541
FD10888	117.125 	 1.241 	 237.148
FD10888	117.250 	 1.250 	 236.705
FD10888	117.375 	 1.259 	 236.571
FD10888	117.500 	 1.269 	 236.429
FD10888	117.625 	 1.279 	 236.090
FD10888	117.750 	 1.290 	 235.980
FD10888	117.875 	 1.301 	 235.992
FD10888	118.000 	 1.313 	 235.728
FD10888	118.125 	 1.326 	 235.303
FD10888	118.250 	 1.340 	 235.153
FD10888	118.375 	 1.353 	 235.207
FD10888	118.500 	 1.367 	 234.954
FD10888	118.625 	 1.382 	 234.736
FD10888	118.750 	 1.397 	 234.555
FD10888	118.875 	 1.411 	 234.300
FD10888	119.000 	 1.427 	 234.167
FD10888	119.125 	 1.443 	 234.023
FD10888	119.250 	 1.459 	 234.231
FD10888	119.375 	 1.475 	 234.539
FD10888	119.500 	 1.491 	 234.698
FD10888	119.625 	 1.507 	 234.674
FD10888	119.750 	 1.524 	 234.344
FD10888	119.875 	 1.540 	 233.902
FD10888	120.000 	 1.556 	 233.594
FD10888	120.125 	 1.572 	 233.409
FD10888	120.250 	 1.586 	 233.460
FD10888	120.375 	 1.602 	 233.514
FD10888	120.500 	 1.616 	 233.322
FD10888	120.625 	 1.631 	 233.042
FD10888	120.750 	 1.645 	 232.849
FD10888	120.875 	 1.659 	 233.116
FD10888	121.000 	 1.673 	 233.237
FD10888	121.125 	 1.686 	 233.031
FD10888	121.250 	 1.700 	 232.844
FD10888	121.375 	 1.714 	 232.572
FD10888	121.500 	 1.728 	 232.402
FD10888	121.625 	 1.742 	 232.124
FD10888	121.750 	 1.756 	 231.718
FD10888	121.875 	 1.770 	 231.543
FD10888	122.000 	 1.784 	 231.361
FD10888	122.125 	 1.798 	 230.943
FD10888	122.250 	 1.813 	 230.581
FD10888	122.375 	 1.828 	 230.650
FD10888	122.500 	 1.844 	 230.858
FD10888	122.625 	 1.860 	 230.839
FD10888	122.750 	 1.877 	 230.658
FD10888	122.875 	 1.893 	 230.476
FD10888	123.000 	 1.909 	 230.345
FD10888	123.125 	 1.926 	 230.215
FD10888	123.250 	 1.943 	 230.282
FD10888	123.375 	 1.961 	 230.363
FD10888	123.500 	 1.978 	 230.227
FD10888	123.625 	 1.995 	 230.095
FD10888	123.750 	 2.012 	 229.886
FD10888	123.875 	 2.030 	 229.820
FD10888	124.000 	 2.048 	 230.122
FD10888	124.125 	 2.066 	 230.191
FD10888	124.250 	 2.084 	 230.180
FD10888	124.375 	 2.103 	 230.109
FD10888	124.500 	 2.121 	 229.757
FD10888	124.625 	 2.140 	 229.345
FD10888	124.750 	 2.158 	 229.059
FD10888	124.875 	 2.177 	 228.763
FD10888	125.000 	 2.196 	 228.725
FD10888	125.125 	 2.218 	 228.821
FD10888	125.250 	 2.240 	 228.666
FD10888	125.375 	 2.264 	 228.307
FD10888	125.500 	 2.288 	 228.032
FD10888	125.625 	 2.314 	 228.084
FD10888	125.750 	 2.340 	 228.041
FD10888	125.875 	 2.368 	 228.265
FD10888	126.000 	 2.397 	 228.431
FD10888	126.125 	 2.426 	 228.287
FD10888	126.250 	 2.456 	 228.211
FD10888	126.375 	 2.486 	 228.032
FD10888	126.500 	 2.518 	 227.851
FD10888	126.625 	 2.550 	 227.726
FD10888	126.750 	 2.583 	 227.788
FD10888	126.875 	 2.615 	 227.972
FD10888	127.000 	 2.648 	 228.021
FD10888	127.125 	 2.678 	 227.889
FD10888	127.250 	 2.708 	 227.560
FD10888	127.375 	 2.737 	 227.312
FD10888	127.500 	 2.765 	 227.307
FD10888	127.625 	 2.792 	 227.216
FD10888	127.750 	 2.819 	 227.090
FD10888	127.875 	 2.844 	 227.184
FD10888	128.000 	 2.868 	 227.184
FD10888	128.125 	 2.890 	 227.186
FD10888	128.250 	 2.912 	 227.214
FD10888	128.375 	 2.933 	 227.362
FD10888	128.500 	 2.953 	 227.478
FD10888	128.625 	 2.973 	 227.202
FD10888	128.750 	 2.991 	 227.087
FD10888	128.875 	 3.009 	 227.107
FD10888	129.000 	 3.027 	 227.002
FD10888	129.125 	 3.043 	 226.972
FD10888	129.250 	 3.058 	 227.224
FD10888	129.375 	 3.074 	 227.653
FD10888	129.500 	 3.090 	 227.840
FD10888	129.625 	 3.109 	 227.691
FD10888	129.750 	 3.130 	 227.533
FD10888	129.875 	 3.156 	 227.340
FD10888	130.000 	 3.184 	 227.082
FD10888	130.125 	 3.215 	 226.931
FD10888	130.250 	 3.250 	 226.745
FD10888	130.375 	 3.285 	 226.291
FD10888	130.500 	 3.323 	 226.214
FD10888	130.625 	 3.362 	 226.327
FD10888	130.750 	 3.403 	 226.179
FD10888	130.875 	 3.446 	 226.307
FD10888	131.000 	 3.492 	 226.362
FD10888	131.125 	 3.539 	 225.930
FD10888	131.250 	 3.587 	 225.399
FD10888	131.375 	 3.636 	 225.454
FD10888	131.500 	 3.685 	 225.283
FD10888	131.625 	 3.734 	 224.492
FD10888	131.750 	 3.782 	 223.970
FD10888	131.875 	 3.828 	 223.580
FD10888	132.000 	 3.875 	 223.163
FD10888	132.125 	 3.919 	 223.113
FD10888	132.250 	 3.962 	 223.421
FD10888	132.375 	 4.003 	 223.506
FD10888	132.500 	 4.042 	 223.413
FD10888	132.625 	 4.079 	 223.387
FD10888	132.750 	 4.114 	 223.354
FD10888	132.875 	 4.147 	 223.380
FD10888	133.000 	 4.178 	 223.478
FD10888	133.125 	 4.208 	 223.602
FD10888	133.250 	 4.238 	 223.629
FD10888	133.375 	 4.267 	 223.745
FD10888	133.500 	 4.297 	 223.536
FD10888	133.625 	 4.325 	 223.022
FD10888	133.750 	 4.355 	 222.897
FD10888	133.875 	 4.382 	 222.789
FD10888	134.000 	 4.409 	 222.206
FD10888	134.125 	 4.437 	 221.452
FD10888	134.250 	 4.464 	 220.749
FD10888	134.375 	 4.492 	 220.371
FD10888	134.500 	 4.523 	 220.449
FD10888	134.625 	 4.556 	 220.449
FD10888	134.750 	 4.589 	 220.224
FD10888	134.875 	 4.624 	 219.888
FD10888	135.000 	 4.658 	 219.823
FD10888	135.125 	 4.694 	 219.831
FD10888	135.250 	 4.729 	 219.666
FD10888	135.375 	 4.764 	 219.592
FD10888	135.500 	 4.801 	 219.652
FD10888	135.625 	 4.837 	 219.529
FD10888	135.750 	 4.873 	 219.325
FD10888	135.875 	 4.906 	 219.281
FD10888	136.000 	 4.939 	 219.518
FD10888	136.125 	 4.970 	 219.635
FD10888	136.250 	 4.999 	 219.476
FD10888	136.375 	 5.027 	 219.353
FD10888	136.500 	 5.053 	 219.210
FD10888	136.625 	 5.077 	 219.152
FD10888	136.750 	 5.102 	 219.109
FD10888	136.875 	 5.127 	 219.183
FD10888	137.000 	 5.152 	 219.226
FD10888	137.125 	 5.177 	 219.109
FD10888	137.250 	 5.203 	 218.999
FD10888	137.375 	 5.228 	 218.984
FD10888	137.500 	 5.254 	 218.974
FD10888	137.625 	 5.277 	 218.724
FD10888	137.750 	 5.302 	 218.422
FD10888	137.875 	 5.328 	 218.257
FD10888	138.000 	 5.356 	 218.229
FD10888	138.125 	 5.385 	 218.386
FD10888	138.250 	 5.416 	 218.452
FD10888	138.375 	 5.448 	 218.323
FD10888	138.500 	 5.482 	 218.153
FD10888	138.625 	 5.516 	 217.991
FD10888	138.750 	 5.551 	 217.941
FD10888	138.875 	 5.586 	 217.983
FD10888	139.000 	 5.620 	 217.961
FD10888	139.125 	 5.654 	 218.008
FD10888	139.250 	 5.686 	 218.128
FD10888	139.375 	 5.720 	 218.394
FD10888	139.500 	 5.753 	 218.702
FD10888	139.625 	 5.787 	 218.845
FD10888	139.750 	 5.822 	 218.840
FD10888	139.875 	 5.858 	 218.738
FD10888	140.000 	 5.893 	 218.831
FD10888	140.125 	 5.929 	 218.916
FD10888	140.250 	 5.965 	 218.938
FD10888	140.375 	 6.004 	 218.867
FD10888	140.500 	 6.040 	 218.729
FD10888	140.625 	 6.077 	 218.757
FD10888	140.750 	 6.114 	 218.647
FD10888	140.875 	 6.150 	 218.527
FD10888	141.000 	 6.186 	 218.582
FD10888	141.125 	 6.226 	 218.664
FD10888	141.250 	 6.264 	 218.790
FD10888	141.375 	 6.303 	 219.004
FD10888	141.500 	 6.342 	 219.219
FD10888	141.625 	 6.381 	 219.383
FD10888	141.750 	 6.420 	 219.493
FD10888	141.875 	 6.457 	 219.460
FD10888	142.000 	 6.493 	 219.580
FD10888	142.125 	 6.529 	 219.918
FD10888	142.250 	 6.565 	 220.012
FD10888	142.375 	 6.599 	 219.858
FD10888	142.500 	 6.634 	 219.809
FD10888	142.625 	 6.669 	 220.031
FD10888	142.750 	 6.706 	 220.273
FD10888	142.875 	 6.744 	 220.322
FD10888	143.000 	 6.784 	 220.246
FD10888	143.125 	 6.820 	 220.122
FD10888	143.250 	 6.853 	 220.083
FD10888	143.375 	 6.886 	 220.133
FD10888	143.500 	 6.919 	 220.073
FD10888	143.625 	 6.949 	 219.927
FD10888	143.750 	 6.980 	 219.768
FD10888	143.875 	 7.010 	 219.702
FD10888	144.000 	 7.038 	 219.773
FD10888	144.125 	 7.067 	 219.655
FD10888	144.250 	 7.090 	 219.391
FD10888	144.375 	 7.110 	 219.147
FD10888	144.500 	 7.129 	 219.076
FD10888	144.625 	 7.144 	 219.136
FD10888	144.750 	 7.157 	 219.191
FD10888	144.875 	 7.171 	 219.196
FD10888	145.000 	 7.185 	 219.125
FD10888	145.125 	 7.202 	 218.875
FD10888	145.250 	 7.224 	 218.601
FD10888	145.375 	 7.245 	 218.652
FD10888	145.500 	 7.272 	 218.570
FD10888	145.625 	 7.299 	 218.428
FD10888	145.750 	 7.326 	 218.499
FD10888	145.875 	 7.353 	 218.548
FD10888	146.000 	 7.382 	 218.389
FD10888	146.125 	 7.411 	 218.070
FD10888	146.250 	 7.440 	 217.900
FD10888	146.375 	 7.473 	 217.864
FD10888	146.500 	 7.506 	 217.689
FD10888	146.625 	 7.542 	 217.350
FD10888	146.750 	 7.576 	 217.323
FD10888	146.875 	 7.613 	 217.416
FD10888	147.000 	 7.647 	 217.389
FD10888	147.125 	 7.677 	 217.452
FD10888	147.250 	 7.706 	 217.673
FD10888	147.375 	 7.732 	 217.727
FD10888	147.500 	 7.754 	 217.557
FD10888	147.625 	 7.779 	 217.652
FD10888	147.750 	 7.804 	 217.883
FD10888	147.875 	 7.829 	 218.181
FD10888	148.000 	 7.856 	 218.394
FD10888	148.125 	 7.883 	 218.282
FD10888	148.250 	 7.911 	 218.034
FD10888	148.375 	 7.939 	 217.920
FD10888	148.500 	 7.965 	 218.051
FD10888	148.625 	 7.992 	 218.046
FD10888	148.750 	 8.017 	 217.903
FD10888	148.875 	 8.040 	 217.997
FD10888	149.000 	 8.064 	 218.112
FD10888	149.125 	 8.089 	 218.048
FD10888	149.250 	 8.117 	 217.950
FD10888	149.375 	 8.147 	 217.829
FD10888	149.500 	 8.173 	 217.669
FD10888	149.625 	 8.202 	 217.540
FD10888	149.750 	 8.226 	 217.376
FD10888	149.875 	 8.250 	 217.189
FD10888	150.000 	 8.268 	 216.996
FD10888	150.125 	 8.288 	 216.898
FD10888	150.250 	 8.305 	 216.930
FD10888	150.375 	 8.322 	 216.796
FD10888	150.500 	 8.342 	 216.763
FD10888	150.625 	 8.363 	 216.782
FD10888	150.750 	 8.386 	 216.760
FD10888	150.875 	 8.409 	 216.873
FD10888	151.000 	 8.434 	 216.867
FD10888	151.125 	 8.462 	 216.867
FD10888	151.250 	 8.486 	 216.901
FD10888	151.375 	 8.514 	 216.854
FD10888	151.500 	 8.539 	 217.024
FD10888	151.625 	 8.567 	 217.195
FD10888	151.750 	 8.595 	 217.277
FD10888	151.875 	 8.624 	 217.312
FD10888	152.000 	 8.655 	 217.208
FD10888	152.125 	 8.684 	 217.230
FD10888	152.250 	 8.712 	 217.208
FD10888	152.375 	 8.741 	 217.158
FD10888	152.500 	 8.771 	 217.219
FD10888	152.625 	 8.799 	 217.280
FD10888	152.750 	 8.823 	 217.170
FD10888	152.875 	 8.850 	 217.070
FD10888	153.000 	 8.871 	 217.274
FD10888	153.125 	 8.891 	 217.474
FD10888	153.250 	 8.909 	 217.551
FD10888	153.375 	 8.922 	 217.625
FD10888	153.500 	 8.935 	 217.724
FD10888	153.625 	 8.944 	 217.598
FD10888	153.750 	 8.955 	 217.246
FD10888	153.875 	 8.963 	 217.334
FD10888	154.000 	 8.974 	 217.670
FD10888	154.125 	 8.985 	 217.606
FD10888	154.250 	 9.001 	 217.429
FD10888	154.375 	 9.016 	 217.474
FD10888	154.500 	 9.032 	 217.507
FD10888	154.625 	 9.047 	 217.499
FD10888	154.750 	 9.061 	 217.505
FD10888	154.875 	 9.075 	 217.395
FD10888	155.000 	 9.089 	 217.285
FD10888	155.125 	 9.101 	 217.406
FD10888	155.250 	 9.115 	 217.537
FD10888	155.375 	 9.130 	 217.485
FD10888	155.500 	 9.146 	 217.249
FD10888	155.625 	 9.163 	 217.103
FD10888	155.750 	 9.183 	 217.230
FD10888	155.875 	 9.201 	 217.172
FD10888	156.000 	 9.219 	 217.188
FD10888	156.125 	 9.234 	 217.439
FD10888	156.250 	 9.249 	 217.532
FD10888	156.375 	 9.259 	 217.375
FD10888	156.500 	 9.266 	 217.348
FD10888	156.625 	 9.275 	 217.445
FD10888	156.750 	 9.281 	 217.268
FD10888	156.875 	 9.287 	 217.073
FD10888	157.000 	 9.296 	 216.892
FD10888	157.125 	 9.307 	 216.883
FD10888	157.250 	 9.319 	 217.131
FD10888	157.375 	 9.334 	 217.285
FD10888	157.500 	 9.351 	 217.313
FD10888	157.625 	 9.366 	 217.040
FD10888	157.750 	 9.386 	 216.529
FD10888	157.875 	 9.405 	 216.189
FD10888	158.000 	 9.426 	 216.161
FD10888	158.125 	 9.446 	 216.178
FD10888	158.250 	 9.468 	 216.096
FD10888	158.375 	 9.489 	 216.191
FD10888	158.500 	 9.512 	 216.241
FD10888	158.625 	 9.538 	 216.161
FD10888	158.750 	 9.563 	 216.002
FD10888	158.875 	 9.587 	 215.972
FD10888	159.000 	 9.613 	 216.175
FD10888	159.125 	 9.637 	 216.414
FD10888	159.250 	 9.661 	 216.573
FD10888	159.375 	 9.684 	 216.731
FD10888	159.500 	 9.700 	 217.021
FD10888	159.625 	 9.719 	 217.151
FD10888	159.750 	 9.733 	 217.095
FD10888	159.875 	 9.744 	 217.057
FD10888	160.000 	 9.755 	 217.046
FD10888	160.125 	 9.768 	 216.980
FD10888	160.250 	 9.776 	 216.920
FD10888	160.375 	 9.790 	 216.908
FD10888	160.500 	 9.801 	 216.930
FD10888	160.625 	 9.814 	 217.118
FD10888	160.750 	 9.826 	 217.309
FD10888	160.875 	 9.838 	 217.332
FD10888	161.000 	 9.848 	 217.260
FD10888	161.125 	 9.860 	 217.230
FD10888	161.250 	 9.867 	 217.285
FD10888	161.375 	 9.880 	 217.211
FD10888	161.500 	 9.891 	 216.958
FD10888	161.625 	 9.902 	 216.793
FD10888	161.750 	 9.914 	 216.694
FD10888	161.875 	 9.929 	 216.400
FD10888	162.000 	 9.944 	 216.258
FD10888	162.125 	 9.961 	 216.365
FD10888	162.250 	 9.979 	 216.480
FD10888	162.375 	 9.997 	 216.590
FD10888	162.500 	 10.015 	 216.557
FD10888	162.625 	 10.036 	 216.478
FD10888	162.750 	 10.054 	 216.450
FD10888	162.875 	 10.072 	 216.513
FD10888	163.000 	 10.090 	 216.567
FD10888	163.125 	 10.110 	 216.673
FD10888	163.250 	 10.129 	 216.699
FD10888	163.375 	 10.147 	 216.628
FD10888	163.500 	 10.164 	 216.672
FD10888	163.625 	 10.185 	 216.754
FD10888	163.750 	 10.201 	 216.820
FD10888	163.875 	 10.221 	 216.678
FD10888	164.000 	 10.241 	 216.475
FD10888	164.125 	 10.259 	 216.425
FD10888	164.250 	 10.281 	 216.354
FD10888	164.375 	 10.301 	 216.277
FD10888	164.500 	 10.322 	 216.277
FD10888	164.625 	 10.347 	 216.301
FD10888	164.750 	 10.370 	 216.257
FD10888	164.875 	 10.394 	 216.164
FD10888	165.000 	 10.421 	 216.142
FD10888	165.125 	 10.449 	 216.156
FD10888	165.250 	 10.476 	 216.359
FD10888	165.375 	 10.502 	 216.639
FD10888	165.500 	 10.533 	 216.705
FD10888	165.625 	 10.564 	 216.617
FD10888	165.750 	 10.591 	 216.623
FD10888	165.875 	 10.622 	 216.644
FD10888	166.000 	 10.649 	 216.634
FD10888	166.125 	 10.679 	 216.614
FD10888	166.250 	 10.707 	 216.625
FD10888	166.375 	 10.732 	 216.828
FD10888	166.500 	 10.758 	 217.048
FD10888	166.625 	 10.784 	 217.321
FD10888	166.750 	 10.808 	 217.589
FD10888	166.875 	 10.833 	 217.647
FD10888	167.000 	 10.857 	 217.609
FD10888	167.125 	 10.879 	 217.411
FD10888	167.250 	 10.903 	 217.224
FD10888	167.375 	 10.924 	 217.238
FD10888	167.500 	 10.948 	 217.283
FD10888	167.625 	 10.968 	 217.178
FD10888	167.750 	 10.991 	 217.085
FD10888	167.875 	 11.009 	 217.078
FD10888	168.000 	 11.030 	 217.091
FD10888	168.125 	 11.047 	 217.280
FD10888	168.250 	 11.064 	 217.581
FD10888	168.375 	 11.080 	 217.831
FD10888	168.500 	 11.100 	 217.903
FD10888	168.625 	 11.115 	 217.875
FD10888	168.750 	 11.134 	 217.853
FD10888	168.875 	 11.146 	 217.777
FD10888	169.000 	 11.160 	 217.617
FD10888	169.125 	 11.169 	 217.565
FD10888	169.250 	 11.178 	 217.587
FD10888	169.375 	 11.183 	 217.579
FD10888	169.500 	 11.187 	 217.556
FD10888	169.625 	 11.192 	 217.617
FD10888	169.750 	 11.197 	 217.563
FD10888	169.875 	 11.202 	 217.484
FD10888	170.000 	 11.208 	 217.502
FD10888	170.125 	 11.217 	 217.339
FD10888	170.250 	 11.226 	 217.203
FD10888	170.375 	 11.234 	 217.296
FD10888	170.500 	 11.241 	 217.389
FD10888	170.625 	 11.249 	 217.345
FD10888	170.750 	 11.255 	 217.340
FD10888	170.875 	 11.264 	 217.378
FD10888	171.000 	 11.279 	 217.367
FD10888	171.125 	 11.294 	 217.458
FD10888	171.250 	 11.311 	 217.611
FD10888	171.375 	 11.335 	 217.546
FD10888	171.500 	 11.359 	 217.435
FD10888	171.625 	 11.384 	 217.386
FD10888	171.750 	 11.411 	 217.353
FD10888	171.875 	 11.437 	 217.195
FD10888	172.000 	 11.463 	 216.931
FD10888	172.125 	 11.485 	 216.763
FD10888	172.250 	 11.507 	 216.658
FD10888	172.375 	 11.527 	 216.661
FD10888	172.500 	 11.549 	 216.804
FD10888	172.625 	 11.570 	 216.809
FD10888	172.750 	 11.593 	 216.821
FD10888	172.875 	 11.612 	 216.944
FD10888	173.000 	 11.636 	 217.087
FD10888	173.125 	 11.654 	 217.222
FD10888	173.250 	 11.675 	 217.256
FD10888	173.375 	 11.693 	 217.238
FD10888	173.500 	 11.709 	 217.245
FD10888	173.625 	 11.726 	 217.386
FD10888	173.750 	 11.740 	 217.463
FD10888	173.875 	 11.757 	 217.355
FD10888	174.000 	 11.775 	 217.395
FD10888	174.125 	 11.793 	 217.592
FD10888	174.250 	 11.812 	 217.675
FD10888	174.375 	 11.835 	 217.707
FD10888	174.500 	 11.855 	 217.670
FD10888	174.625 	 11.877 	 217.554
FD10888	174.750 	 11.897 	 217.565
FD10888	174.875 	 11.916 	 217.551
FD10888	175.000 	 11.937 	 217.502
FD10888	175.125 	 11.958 	 217.331
FD10888	175.250 	 11.978 	 217.189
FD10888	175.375 	 11.998 	 217.301
FD10888	175.500 	 12.018 	 217.406
FD10888	175.625 	 12.035 	 217.424
FD10888	175.750 	 12.053 	 217.475
FD10888	175.875 	 12.071 	 217.611
FD10888	176.000 	 12.085 	 217.727
FD10888	176.125 	 12.100 	 217.884
FD10888	176.250 	 12.114 	 218.053
FD10888	176.375 	 12.123 	 218.153
FD10888	176.500 	 12.136 	 218.240
FD10888	176.625 	 12.144 	 218.390
FD10888	176.750 	 12.157 	 218.450
FD10888	176.875 	 12.169 	 218.498
FD10888	177.000 	 12.182 	 218.674
FD10888	177.125 	 12.192 	 218.700
FD10888	177.250 	 12.200 	 218.479
FD10888	177.375 	 12.213 	 218.325
FD10888	177.500 	 12.223 	 218.397
FD10888	177.625 	 12.234 	 218.581
FD10888	177.750 	 12.245 	 218.714
FD10888	177.875 	 12.259 	 218.738
FD10888	178.000 	 12.271 	 218.606
FD10888	178.125 	 12.284 	 218.353
FD10888	178.250 	 12.295 	 218.215
FD10888	178.375 	 12.306 	 218.307
FD10888	178.500 	 12.317 	 218.367
FD10888	178.625 	 12.331 	 218.345
FD10888	178.750 	 12.337 	 218.449
FD10888	178.875 	 12.349 	 218.483
FD10888	179.000 	 12.358 	 218.384
FD10888	179.125 	 12.367 	 218.400
FD10888	179.250 	 12.377 	 218.477
FD10888	179.375 	 12.389 	 218.451
FD10888	179.500 	 12.400 	 218.402
FD10888	179.625 	 12.413 	 218.477
FD10888	179.750 	 12.426 	 218.549
FD10888	179.875 	 12.439 	 218.537
FD10888	180.000 	 12.453 	 218.521
FD10888	180.125 	 12.474 	 218.408
FD10888	180.250 	 12.494 	 218.248
FD10888	180.375 	 12.515 	 218.109
FD10888	180.500 	 12.541 	 217.928
FD10888	180.625 	 12.563 	 217.826
FD10888	180.750 	 12.587 	 217.853
FD10888	180.875 	 12.610 	 217.853
FD10888	181.000 	 12.635 	 217.865
FD10888	181.125 	 12.656 	 217.817
FD10888	181.250 	 12.679 	 217.911
FD10888	181.375 	 12.701 	 218.068
FD10888	181.500 	 12.726 	 218.030
FD10888	181.625 	 12.748 	 218.037
FD10888	181.750 	 12.770 	 218.044
FD10888	181.875 	 12.793 	 217.963
FD10888	182.000 	 12.813 	 217.908
FD10888	182.125 	 12.830 	 217.892
FD10888	182.250 	 12.847 	 217.870
FD10888	182.375 	 12.863 	 217.930
FD10888	182.500 	 12.883 	 218.090
FD10888	182.625 	 12.900 	 218.147
FD10888	182.750 	 12.918 	 218.185
FD10888	182.875 	 12.940 	 218.310
FD10888	183.000 	 12.963 	 218.364
FD10888	183.125 	 12.987 	 218.298
FD10888	183.250 	 13.011 	 218.336
FD10888	183.375 	 13.035 	 218.491
FD10888	183.500 	 13.062 	 218.458
FD10888	183.625 	 13.089 	 218.424
FD10888	183.750 	 13.114 	 218.605
FD10888	183.875 	 13.144 	 218.744
FD10888	184.000 	 13.171 	 218.843
FD10888	184.125 	 13.202 	 218.848
FD10888	184.250 	 13.227 	 218.760
FD10888	184.375 	 13.250 	 218.683
FD10888	184.500 	 13.269 	 218.556
FD10888	184.625 	 13.283 	 218.552
FD10888	184.750 	 13.293 	 218.792
FD10888	184.875 	 13.302 	 219.175
FD10888	185.000 	 13.308 	 219.344
FD10888	185.125 	 13.312 	 219.392
FD10888	185.250 	 13.315 	 219.567
FD10888	185.375 	 13.319 	 219.581
FD10888	185.500 	 13.319 	 219.581
FD10888	185.625 	 13.319 	 219.760
FD10888	185.750 	 13.315 	 219.721
FD10888	185.875 	 13.310 	 219.504
FD10888	186.000 	 13.304 	 219.328
FD10888	186.125 	 13.298 	 219.301
FD10888	186.250 	 13.289 	 219.405
FD10888	186.375 	 13.289 	 219.435
FD10888	186.500 	 13.290 	 219.485
FD10888	186.625 	 13.292 	 219.479
FD10888	186.750 	 13.299 	 219.325
FD10888	186.875 	 13.308 	 219.276
FD10888	187.000 	 13.320 	 219.188
FD10888	187.125 	 13.330 	 219.169
FD10888	187.250 	 13.339 	 219.317
FD10888	187.375 	 13.352 	 219.339
FD10888	187.500 	 13.363 	 219.417
FD10888	187.625 	 13.376 	 219.559
FD10888	187.750 	 13.391 	 219.554
FD10888	187.875 	 13.407 	 219.441
FD10888	188.000 	 13.425 	 219.363
FD10888	188.125 	 13.441 	 219.324
FD10888	188.250 	 13.461 	 219.240
FD10888	188.375 	 13.475 	 219.248
FD10888	188.500 	 13.492 	 219.336
FD10888	188.625 	 13.509 	 219.329
FD10888	188.750 	 13.522 	 219.296
FD10888	188.875 	 13.540 	 219.355
FD10888	189.000 	 13.556 	 219.548
FD10888	189.125 	 13.573 	 219.694
FD10888	189.250 	 13.584 	 219.617
FD10888	189.375 	 13.600 	 219.580
FD10888	189.500 	 13.612 	 219.734
FD10888	189.625 	 13.624 	 219.857
FD10888	189.750 	 13.635 	 219.773
FD10888	189.875 	 13.644 	 219.667
FD10888	190.000 	 13.653 	 219.589
FD10888	190.125 	 13.662 	 219.463
FD10888	190.250 	 13.670 	 219.408
FD10888	190.375 	 13.679 	 219.460
FD10888	190.500 	 13.693 	 219.657
FD10888	190.625 	 13.700 	 219.791
FD10888	190.750 	 13.715 	 219.603
FD10888	190.875 	 13.727 	 219.378
FD10888	191.000 	 13.738 	 219.411
FD10888	191.125 	 13.752 	 219.413
FD10888	191.250 	 13.764 	 219.084
FD10888	191.375 	 13.779 	 218.845
FD10888	191.500 	 13.791 	 218.795
FD10888	191.625 	 13.805 	 218.692
FD10888	191.750 	 13.819 	 218.768
FD10888	191.875 	 13.833 	 218.930
FD10888	192.000 	 13.845 	 218.968
FD10888	192.125 	 13.858 	 219.028
FD10888	192.250 	 13.872 	 219.073
FD10888	192.375 	 13.886 	 219.264
FD10888	192.500 	 13.895 	 219.436
FD10888	192.625 	 13.907 	 219.293
FD10888	192.750 	 13.919 	 219.205
FD10888	192.875 	 13.928 	 219.118
FD10888	193.000 	 13.936 	 219.049
FD10888	193.125 	 13.943 	 219.202
FD10888	193.250 	 13.952 	 219.252
FD10888	193.375 	 13.959 	 219.333
FD10888	193.500 	 13.967 	 219.449
FD10888	193.625 	 13.979 	 219.331
FD10888	193.750 	 13.990 	 219.265
FD10888	193.875 	 14.002 	 219.325
FD10888	194.000 	 14.017 	 219.337
FD10888	194.125 	 14.030 	 219.405
FD10888	194.250 	 14.045 	 219.581
FD10888	194.375 	 14.060 	 219.432
FD10888	194.500 	 14.073 	 219.246
FD10888	194.625 	 14.085 	 219.303
FD10888	194.750 	 14.097 	 219.232
FD10888	194.875 	 14.109 	 219.093
FD10888	195.000 	 14.120 	 219.025
FD10888	195.125 	 14.132 	 219.156
FD10888	195.250 	 14.142 	 219.298
FD10888	195.375 	 14.153 	 219.286
FD10888	195.500 	 14.161 	 219.304
FD10888	195.625 	 14.166 	 219.364
FD10888	195.750 	 14.170 	 219.464
FD10888	195.875 	 14.174 	 219.562
FD10888	196.000 	 14.173 	 219.611
FD10888	196.125 	 14.174 	 219.586
FD10888	196.250 	 14.173 	 219.488
FD10888	196.375 	 14.174 	 219.389
FD10888	196.500 	 14.176 	 219.328
FD10888	196.625 	 14.175 	 219.336
FD10888	196.750 	 14.179 	 219.375
FD10888	196.875 	 14.178 	 219.464
FD10888	197.000 	 14.181 	 219.537
FD10888	197.125 	 14.181 	 219.501
FD10888	197.250 	 14.179 	 219.518
FD10888	197.375 	 14.183 	 219.553
FD10888	197.500 	 14.185 	 219.483
FD10888	197.625 	 14.186 	 219.362
FD10888	197.750 	 14.190 	 219.387
FD10888	197.875 	 14.193 	 219.482
FD10888	198.000 	 14.198 	 219.504
FD10888	198.125 	 14.202 	 219.465
FD10888	198.250 	 14.210 	 219.423
FD10888	198.375 	 14.214 	 219.380
FD10888	198.500 	 14.224 	 219.380
FD10888	198.625 	 14.229 	 219.449
FD10888	198.750 	 14.233 	 219.538
FD10888	198.875 	 14.239 	 219.449
FD10888	199.000 	 14.244 	 219.256
FD10888	199.125 	 14.249 	 219.241
FD10888	199.250 	 14.255 	 219.302
FD10888	199.375 	 14.263 	 219.250
FD10888	199.500 	 14.269 	 219.169
FD10888	199.625 	 14.282 	 219.119
FD10888	199.750 	 14.292 	 219.181
FD10888	199.875 	 14.308 	 219.347
FD10888	200.000 	 14.322 	 219.330
FD10888	200.125 	 14.334 	 219.334
FD10888	200.250 	 14.344 	 219.566
FD10888	200.375 	 14.356 	 219.757
FD10888	200.500 	 14.366 	 219.784
FD10888	200.625 	 14.378 	 219.736
FD10888	200.750 	 14.390 	 219.855
FD10888	200.875 	 14.403 	 219.944
FD10888	201.000 	 14.420 	 219.911
FD10888	201.125 	 14.436 	 219.993
FD10888	201.250 	 14.450 	 219.987
FD10888	201.375 	 14.465 	 219.895
FD10888	201.500 	 14.477 	 219.849
FD10888	201.625 	 14.487 	 219.735
FD10888	201.750 	 14.496 	 219.695
FD10888	201.875 	 14.501 	 219.760
FD10888	202.000 	 14.505 	 219.743
FD10888	202.125 	 14.511 	 219.743
FD10888	202.250 	 14.513 	 219.897
FD10888	202.375 	 14.516 	 220.008
FD10888	202.500 	 14.519 	 219.994
FD10888	202.625 	 14.521 	 219.933
FD10888	202.750 	 14.518 	 219.729
FD10888	202.875 	 14.517 	 219.553
FD10888	203.000 	 14.512 	 219.520
FD10888	203.125 	 14.510 	 219.576
FD10888	203.250 	 14.505 	 219.702
FD10888	203.375 	 14.501 	 219.894
FD10888	203.500 	 14.500 	 220.085
FD10888	203.625 	 14.497 	 220.174
FD10888	203.750 	 14.500 	 220.141
FD10888	203.875 	 14.501 	 220.061
FD10888	204.000 	 14.503 	 220.012
FD10888	204.125 	 14.508 	 220.074
FD10888	204.250 	 14.508 	 220.109
FD10888	204.375 	 14.511 	 220.076
FD10888	204.500 	 14.517 	 220.038
FD10888	204.625 	 14.520 	 220.078
FD10888	204.750 	 14.527 	 220.045
FD10888	204.875 	 14.532 	 219.955
FD10888	205.000 	 14.539 	 219.932
FD10888	205.125 	 14.543 	 219.959
FD10888	205.250 	 14.550 	 220.021
FD10888	205.375 	 14.556 	 219.966
FD10888	205.500 	 14.561 	 219.899
FD10888	205.625 	 14.566 	 219.958
FD10888	205.750 	 14.573 	 220.115
FD10888	205.875 	 14.575 	 220.309
FD10888	206.000 	 14.580 	 220.358
FD10888	206.125 	 14.583 	 220.299
FD10888	206.250 	 14.586 	 220.254
FD10888	206.375 	 14.590 	 220.091
FD10888	206.500 	 14.594 	 219.977
FD10888	206.625 	 14.595 	 219.990
FD10888	206.750 	 14.597 	 219.974
FD10888	206.875 	 14.601 	 219.869
FD10888	207.000 	 14.604 	 219.842
FD10888	207.125 	 14.605 	 219.877
FD10888	207.250 	 14.610 	 219.757
FD10888	207.375 	 14.613 	 219.675
FD10888	207.500 	 14.615 	 219.662
FD10888	207.625 	 14.616 	 219.576
FD10888	207.750 	 14.615 	 219.542
FD10888	207.875 	 14.616 	 219.521
FD10888	208.000 	 14.613 	 219.587
FD10888	208.125 	 14.613 	 219.738
FD10888	208.250 	 14.613 	 219.688
FD10888	208.375 	 14.609 	 219.540
FD10888	208.500 	 14.608 	 219.501
FD10888	208.625 	 14.604 	 219.562
FD10888	208.750 	 14.597 	 219.710
FD10888	208.875 	 14.589 	 219.707
FD10888	209.000 	 14.581 	 219.449
FD10888	209.125 	 14.571 	 219.155
FD10888	209.250 	 14.559 	 219.106
FD10888	209.375 	 14.544 	 219.345
FD10888	209.500 	 14.532 	 219.437
FD10888	209.625 	 14.519 	 219.342
FD10888	209.750 	 14.504 	 219.299
FD10888	209.875 	 14.493 	 219.242
FD10888	210.000 	 14.479 	 219.184
FD10888	210.125 	 14.467 	 219.298
FD10888	210.250 	 14.452 	 219.397
FD10888	210.375 	 14.439 	 219.309
FD10888	210.500 	 14.426 	 219.242
FD10888	210.625 	 14.415 	 219.225
FD10888	210.750 	 14.405 	 219.124
FD10888	210.875 	 14.400 	 218.999
FD10888	211.000 	 14.391 	 218.905
FD10888	211.125 	 14.385 	 218.878
FD10888	211.250 	 14.377 	 218.857
FD10888	211.375 	 14.372 	 218.861
FD10888	211.500 	 14.364 	 218.828
FD10888	211.625 	 14.358 	 218.725
FD10888	211.750 	 14.349 	 218.741
FD10888	211.875 	 14.342 	 218.834
FD10888	212.000 	 14.336 	 218.843
FD10888	212.125 	 14.324 	 218.685
FD10888	212.250 	 14.316 	 218.479
FD10888	212.375 	 14.304 	 218.323
FD10888	212.500 	 14.291 	 218.273
FD10888	212.625 	 14.279 	 218.246
FD10888	212.750 	 14.265 	 218.202
FD10888	212.875 	 14.247 	 218.152
FD10888	213.000 	 14.229 	 217.993
FD10888	213.125 	 14.213 	 217.818
FD10888	213.250 	 14.196 	 217.627
FD10888	213.375 	 14.183 	 217.421
FD10888	213.500 	 14.169 	 217.400
FD10888	213.625 	 14.158 	 217.485
FD10888	213.750 	 14.148 	 217.556
FD10888	213.875 	 14.139 	 217.474
FD10888	214.000 	 14.132 	 217.223
FD10888	214.125 	 14.125 	 217.096
FD10888	214.250 	 14.118 	 217.094
FD10888	214.375 	 14.113 	 217.050
FD10888	214.500 	 14.105 	 216.965
FD10888	214.625 	 14.098 	 216.978
FD10888	214.750 	 14.096 	 217.284
FD10888	214.875 	 14.093 	 217.518
FD10888	215.000 	 14.089 	 217.469
FD10888	215.125 	 14.088 	 217.460
FD10888	215.250 	 14.089 	 217.400
FD10888	215.375 	 14.087 	 217.249
FD10888	215.500 	 14.088 	 217.117
FD10888	215.625 	 14.086 	 217.093
FD10888	215.750 	 14.085 	 217.004
FD10888	215.875 	 14.085 	 216.904
FD10888	216.000 	 14.086 	 216.831
FD10888	216.125 	 14.083 	 216.775
FD10888	216.250 	 14.082 	 216.851
FD10888	216.375 	 14.081 	 216.990
FD10888	216.500 	 14.079 	 216.947
FD10888	216.625 	 14.078 	 216.770
FD10888	216.750 	 14.078 	 216.579
FD10888	216.875 	 14.083 	 216.483
FD10888	217.000 	 14.085 	 216.582
FD10888	217.125 	 14.090 	 216.789
FD10888	217.250 	 14.100 	 216.922
FD10888	217.375 	 14.108 	 216.776
FD10888	217.500 	 14.118 	 216.547
FD10888	217.625 	 14.125 	 216.584
FD10888	217.750 	 14.136 	 216.672
FD10888	217.875 	 14.149 	 216.721
FD10888	218.000 	 14.161 	 216.941
FD10888	218.125 	 14.172 	 216.979
FD10888	218.250 	 14.184 	 216.855
FD10888	218.375 	 14.193 	 216.791
FD10888	218.500 	 14.200 	 216.895
FD10888	218.625 	 14.207 	 216.985
FD10888	218.750 	 14.208 	 216.771
FD10888	218.875 	 14.209 	 216.607
FD10888	219.000 	 14.206 	 216.655
FD10888	219.125 	 14.201 	 216.851
FD10888	219.250 	 14.194 	 216.967
FD10888	219.375 	 14.184 	 216.930
FD10888	219.500 	 14.171 	 216.838
FD10888	219.625 	 14.156 	 216.737
FD10888	219.750 	 14.136 	 216.650
FD10888	219.875 	 14.113 	 216.551
FD10888	220.000 	 14.086 	 216.606
FD10888	220.125 	 14.057 	 216.674
FD10888	220.250 	 14.025 	 216.682
FD10888	220.375 	 13.995 	 216.694
FD10888	220.500 	 13.968 	 216.721
FD10888	220.625 	 13.944 	 216.749
FD10888	220.750 	 13.919 	 216.783
FD10888	220.875 	 13.898 	 216.734
FD10888	221.000 	 13.877 	 216.517
FD10888	221.125 	 13.858 	 216.305
FD10888	221.250 	 13.835 	 216.100
FD10888	221.375 	 13.818 	 215.945
FD10888	221.500 	 13.802 	 215.966
FD10888	221.625 	 13.787 	 216.018
FD10888	221.750 	 13.773 	 215.937
FD10888	221.875 	 13.765 	 215.741
FD10888	222.000 	 13.758 	 215.587
FD10888	222.125 	 13.756 	 215.531
FD10888	222.250 	 13.758 	 215.513
FD10888	222.375 	 13.763 	 215.435
FD10888	222.500 	 13.771 	 215.525
FD10888	222.625 	 13.783 	 215.656
FD10888	222.750 	 13.796 	 215.630
FD10888	222.875 	 13.807 	 215.722
FD10888	223.000 	 13.823 	 215.711
FD10888	223.125 	 13.834 	 215.484
FD10888	223.250 	 13.850 	 215.668
FD10888	223.375 	 13.866 	 215.807
FD10888	223.500 	 13.880 	 215.709
FD10888	223.625 	 13.895 	 215.699
FD10888	223.750 	 13.909 	 215.793
FD10888	223.875 	 13.925 	 215.896
FD10888	224.000 	 13.939 	 215.764
FD10888	224.125 	 13.955 	 215.628
FD10888	224.250 	 13.967 	 215.535
FD10888	224.375 	 13.978 	 215.686
FD10888	224.500 	 13.985 	 215.825
FD10888	224.625 	 13.990 	 215.746
FD10888	224.750 	 13.993 	 215.784
FD10888	224.875 	 13.995 	 215.784
FD10888	225.000 	 13.999 	 215.618
FD10888	225.125 	 14.006 	 215.510
FD10888	225.250 	 14.010 	 215.533
FD10888	225.375 	 14.019 	 215.751
FD10888	225.500 	 14.031 	 215.895
FD10888	225.625 	 14.043 	 215.986
FD10888	225.750 	 14.057 	 216.243
FD10888	225.875 	 14.074 	 216.305
FD10888	226.000 	 14.088 	 216.223
FD10888	226.125 	 14.103 	 216.095
FD10888	226.250 	 14.117 	 215.795
FD10888	226.375 	 14.126 	 215.603
FD10888	226.500 	 14.138 	 215.691
FD10888	226.625 	 14.151 	 215.901
FD10888	226.750 	 14.162 	 215.955
FD10888	226.875 	 14.173 	 215.947
FD10888	227.000 	 14.184 	 215.991
FD10888	227.125 	 14.193 	 215.934
FD10888	227.250 	 14.198 	 215.797
FD10888	227.375 	 14.203 	 215.692
FD10888	227.500 	 14.199 	 215.637
FD10888	227.625 	 14.194 	 215.620
FD10888	227.750 	 14.187 	 215.538
FD10888	227.875 	 14.174 	 215.351
FD10888	228.000 	 14.162 	 215.060
FD10888	228.125 	 14.149 	 214.835
FD10888	228.250 	 14.136 	 214.840
FD10888	228.375 	 14.127 	 214.897
FD10888	228.500 	 14.116 	 214.726
FD10888	228.625 	 14.112 	 214.694
FD10888	228.750 	 14.106 	 215.162
FD10888	228.875 	 14.104 	 215.661
FD10888	229.000 	 14.099 	 215.838
FD10888	229.125 	 14.095 	 215.689
FD10888	229.250 	 14.089 	 215.523
FD10888	229.375 	 14.086 	 215.460
FD10888	229.500 	 14.085 	 215.300
FD10888	229.625 	 14.080 	 215.253
FD10888	229.750 	 14.078 	 215.295
FD10888	229.875 	 14.075 	 215.249
FD10888	230.000 	 14.074 	 215.162
FD10888	230.125 	 14.074 	 215.148
FD10888	230.250 	 14.073 	 215.293
FD10888	230.375 	 14.070 	 215.276
FD10888	230.500 	 14.069 	 215.144
FD10888	230.625 	 14.066 	 215.166
FD10888	230.750 	 14.060 	 215.065
FD10888	230.875 	 14.055 	 214.841
FD10888	231.000 	 14.054 	 214.752
FD10888	231.125 	 14.051 	 214.719
FD10888	231.250 	 14.050 	 214.867
FD10888	231.375 	 14.052 	 215.133
FD10888	231.500 	 14.059 	 215.197
FD10888	231.625 	 14.069 	 215.144
FD10888	231.750 	 14.082 	 215.218
FD10888	231.875 	 14.097 	 215.220
FD10888	232.000 	 14.113 	 215.109
FD10888	232.125 	 14.129 	 215.011
FD10888	232.250 	 14.146 	 214.763
FD10888	232.375 	 14.165 	 214.523
FD10888	232.500 	 14.185 	 214.264
FD10888	232.625 	 14.205 	 213.896
FD10888	232.750 	 14.219 	 213.814
FD10888	232.875 	 14.234 	 213.835
FD10888	233.000 	 14.248 	 213.944
FD10888	233.125 	 14.256 	 214.250
FD10888	233.250 	 14.260 	 214.255
FD10888	233.375 	 14.257 	 214.059
FD10888	233.500 	 14.251 	 214.123
FD10888	233.625 	 14.239 	 214.425
FD10888	233.750 	 14.221 	 214.426
FD10888	233.875 	 14.199 	 214.366
FD10888	234.000 	 14.177 	 214.452
FD10888	234.125 	 14.150 	 214.384
FD10888	234.250 	 14.125 	 214.402
FD10888	234.375 	 14.098 	 214.370
FD10888	234.500 	 14.070 	 214.141
FD10888	234.625 	 14.044 	 213.949
FD10888	234.750 	 14.026 	 213.814
FD10888	234.875 	 14.007 	 213.665
FD10888	235.000 	 13.995 	 213.666
FD10888	235.125 	 13.991 	 213.333
FD10888	235.250 	 13.992 	 212.925
FD10888	235.375 	 14.005 	 213.074
FD10888	235.500 	 14.022 	 213.134
FD10888	235.625 	 14.048 	 212.960
FD10888	235.750 	 14.078 	 212.892
FD10888	235.875 	 14.114 	 213.152
FD10888	236.000 	 14.154 	 213.129
FD10888	236.125 	 14.196 	 213.013
FD10888	236.250 	 14.240 	 213.071
FD10888	236.375 	 14.283 	 213.220
FD10888	236.500 	 14.325 	 213.708
FD10888	236.625 	 14.359 	 214.107
FD10888	236.750 	 14.389 	 214.333
FD10888	236.875 	 14.415 	 214.413
FD10888	237.000 	 14.432 	 214.411
FD10888	237.125 	 14.447 	 214.570
FD10888	237.250 	 14.455 	 214.741
FD10888	237.375 	 14.458 	 214.618
FD10888	237.500 	 14.454 	 214.839
FD10888	237.625 	 14.444 	 215.338
FD10888	237.750 	 14.431 	 215.586
FD10888	237.875 	 14.410 	 215.281
FD10888	238.000 	 14.392 	 214.717
FD10888	238.125 	 14.374 	 214.299
FD10888	238.250 	 14.351 	 214.229
FD10888	238.375 	 14.330 	 214.379
FD10888	238.500 	 14.308 	 214.605
FD10888	238.625 	 14.287 	 214.841
FD10888	238.750 	 14.263 	 214.852
FD10888	238.875 	 14.245 	 214.629
FD10888	239.000 	 14.226 	 214.382
FD10888	239.125 	 14.210 	 214.425
FD10888	239.250 	 14.191 	 214.438
FD10888	239.375 	 14.177 	 214.500
FD10888	239.500 	 14.158 	 214.696
FD10888	239.625 	 14.145 	 214.695
FD10888	239.750 	 14.129 	 214.498
FD10888	239.875 	 14.111 	 214.287
FD10888	240.000 	 14.092 	 214.069
FD10888	240.125 	 14.071 	 213.794
FD10888	240.250 	 14.046 	 213.717
FD10888	240.375 	 14.020 	 213.912
FD10888	240.500 	 13.995 	 214.032
FD10888	240.625 	 13.974 	 213.946
FD10888	240.750 	 13.952 	 213.890
FD10888	240.875 	 13.937 	 213.923
FD10888	241.000 	 13.918 	 213.952
FD10888	241.125 	 13.905 	 214.098
FD10888	241.250 	 13.893 	 214.138
FD10888	241.375 	 13.881 	 214.073
FD10888	241.500 	 13.874 	 214.064
FD10888	241.625 	 13.870 	 214.069
FD10888	241.750 	 13.873 	 214.134
FD10888	241.875 	 13.881 	 214.126
FD10888	242.000 	 13.895 	 214.203
FD10888	242.125 	 13.913 	 214.269
FD10888	242.250 	 13.936 	 214.287
FD10888	242.375 	 13.964 	 214.389
FD10888	242.500 	 13.996 	 214.418
FD10888	242.625 	 14.027 	 214.364
FD10888	242.750 	 14.065 	 214.394
FD10888	242.875 	 14.101 	 214.360
FD10888	243.000 	 14.144 	 214.332
FD10888	243.125 	 14.181 	 214.467
FD10888	243.250 	 14.225 	 214.462
FD10888	243.375 	 14.264 	 214.419
FD10888	243.500 	 14.302 	 214.453
FD10888	243.625 	 14.335 	 214.398
FD10888	243.750 	 14.363 	 214.493
FD10888	243.875 	 14.385 	 214.716
FD10888	244.000 	 14.400 	 214.733
FD10888	244.125 	 14.413 	 214.798
FD10888	244.250 	 14.421 	 214.888
FD10888	244.375 	 14.425 	 214.879
FD10888	244.500 	 14.423 	 214.945
FD10888	244.625 	 14.421 	 215.161
FD10888	244.750 	 14.413 	 215.238
FD10888	244.875 	 14.400 	 214.904
FD10888	245.000 	 14.388 	 214.618
FD10888	245.125 	 14.371 	 214.640
FD10888	245.250 	 14.354 	 214.508
FD10888	245.375 	 14.335 	 214.242
FD10888	245.500 	 14.321 	 214.418
FD10888	245.625 	 14.308 	 214.659
FD10888	245.750 	 14.300 	 214.803
FD10888	245.875 	 14.293 	 214.870
FD10888	246.000 	 14.290 	 214.783
FD10888	246.125 	 14.285 	 214.617
FD10888	246.250 	 14.281 	 214.534
FD10888	246.375 	 14.278 	 214.454
FD10888	246.500 	 14.278 	 214.162
FD10888	246.625 	 14.276 	 213.937
FD10888	246.750 	 14.275 	 213.853
FD10888	246.875 	 14.273 	 214.187
FD10888	247.000 	 14.270 	 214.628
FD10888	247.125 	 14.265 	 214.737
FD10888	247.250 	 14.264 	 214.855
FD10888	247.375 	 14.260 	 214.895
FD10888	247.500 	 14.258 	 214.774
FD10888	247.625 	 14.252 	 214.822
FD10888	247.750 	 14.246 	 214.904
FD10888	247.875 	 14.237 	 214.900
FD10888	248.000 	 14.231 	 214.928
FD10888	248.125 	 14.222 	 214.773
FD10888	248.250 	 14.219 	 214.595
FD10888	248.375 	 14.215 	 214.715
FD10888	248.500 	 14.212 	 214.862
FD10888	248.625 	 14.213 	 215.033
FD10888	248.750 	 14.213 	 215.197
FD10888	248.875 	 14.216 	 215.216
FD10888	249.000 	 14.222 	 215.401
FD10888	249.125 	 14.228 	 215.278
FD10888	249.250 	 14.236 	 214.827
FD10888	249.375 	 14.239 	 214.941
FD10888	249.500 	 14.244 	 215.085
FD10888	249.625 	 14.248 	 215.022
FD10888	249.750 	 14.250 	 214.890
FD10888	249.875 	 14.251 	 214.848
FD10888	250.000 	 14.251 	 214.760
FD10888	250.125 	 14.250 	 214.420
FD10888	250.250 	 14.248 	 214.531
FD10888	250.375 	 14.245 	 214.546
FD10888	250.500 	 14.241 	 214.349
FD10888	250.625 	 14.232 	 214.374
FD10888	250.750 	 14.225 	 214.408
FD10888	250.875 	 14.211 	 214.443
FD10888	251.000 	 14.201 	 214.398
FD10888	251.125 	 14.184 	 214.410
FD10888	251.250 	 14.175 	 214.407
FD10888	251.375 	 14.161 	 214.359
FD10888	251.500 	 14.152 	 214.351
FD10888	251.625 	 14.148 	 214.328
FD10888	251.750 	 14.143 	 214.385
FD10888	251.875 	 14.143 	 214.424
FD10888	252.000 	 14.141 	 214.344
FD10888	252.125 	 14.142 	 214.319
FD10888	252.250 	 14.142 	 214.306
FD10888	252.375 	 14.146 	 214.352
FD10888	252.500 	 14.147 	 214.413
FD10888	252.625 	 14.151 	 214.544
FD10888	252.750 	 14.156 	 214.813
FD10888	252.875 	 14.163 	 214.905
FD10888	253.000 	 14.171 	 214.905
FD10888	253.125 	 14.179 	 214.917
FD10888	253.250 	 14.190 	 214.914
FD10888	253.375 	 14.200 	 214.915
FD10888	253.500 	 14.205 	 214.917
FD10888	253.625 	 14.212 	 214.916
FD10888	253.750 	 14.214 	 214.915
FD10888	253.875 	 14.211 	 214.914
FD10888	254.000 	 14.214 	 214.915
FD10888	254.125 	 14.214 	 214.915
FD10888	254.250 	 14.213 	 214.917
FD10888	254.375 	 14.212 	 214.915
FD10888	254.500 	 14.213 	 214.914
FD10888	254.625 	 14.214 	 214.915
FD10888	254.750 	 14.213 	 214.917
FD10888	254.875 	 14.212 	 214.915
FD10888	255.000 	 14.213 	 214.917
FD10888	255.125 	 14.213 	 214.912
FD10888	255.250 	 14.214 	 214.915
FD10888	255.375 	 14.213 	 214.917
FD10888	255.500 	 14.212 	 214.915
FD10888	255.625 	 14.213 	 214.914
FD10888	255.750 	 14.214 	 214.915
FD10888	255.875 	 14.213 	 214.917
FD10888	256.000 	 14.212 	 214.915
FD10888	256.125 	 14.213 	 214.917
FD10888	256.250 	 14.213 	 214.912
FD10888	256.375 	 14.214 	 214.915
FD10888	256.500 	 14.211 	 214.917
FD10888	256.625 	 14.214 	 214.915
FD10888	256.750 	 14.213 	 214.917
FD10888	256.875 	 14.213 	 214.912
FD10888	257.000 	 14.211 	 214.917
FD10888	257.125 	 14.214 	 214.915
FD10888	257.250 	 14.213 	 214.917
FD10888	257.375 	 14.213 	 214.912
FD10888	257.500 	 14.212 	 214.915
FD10888	257.625 	 14.213 	 214.917
FD10888	257.750 	 14.214 	 214.915
FD10888	257.875 	 14.213 	 214.917
FD10888	258.000 	 14.212 	 214.912
FD10888	258.125 	 14.213 	 214.917
FD10888	258.250 	 14.214 	 214.915
FD10888	258.375 	 14.213 	 214.917
FD10888	258.500 	 14.214 	 214.915
FD10888	258.625 	 14.212 	 214.912
FD10888	258.750 	 14.213 	 214.917
FD10888	258.875 	 14.214 	 214.915
FD10888	259.000 	 14.213 	 214.917
FD10888	259.125 	 14.210 	 214.912
FD10888	259.250 	 14.215 	 214.917
FD10888	259.375 	 14.216 	 214.915
FD10888	259.500 	 14.211 	 214.917
FD10888	259.625 	 14.212 	 214.915
FD10888	259.750 	 14.215 	 214.912
FD10888	259.875 	 14.211 	 214.917
FD10888	260.000 	 14.212 	 214.915
FD10888	260.125 	 14.215 	 214.917
FD10888	260.250 	 14.212 	 214.912
FD10888	260.375 	 14.211 	 214.917
FD10888	260.500 	 14.216 	 214.915
FD10888	260.625 	 14.211 	 214.917
FD10888	260.750 	 14.212 	 214.915
FD10888	260.875 	 14.215 	 214.912
FD10888	261.000 	 14.215 	 214.917
FD10888	261.125 	 14.209 	 214.915
FD10888	261.250 	 14.215 	 214.917
FD10888	261.375 	 14.216 	 214.915
FD10888	261.500 	 14.211 	 214.914
FD10888	261.625 	 14.212 	 214.915
FD10888	261.750 	 14.215 	 214.917
FD10888	261.875 	 14.212 	 214.915
FD10888	262.000 	 14.212 	 214.912
FD10888	262.125 	 14.215 	 214.917
FD10888	262.250 	 14.212 	 214.915
FD10888	262.375 	 14.211 	 214.917
FD10888	262.500 	 14.216 	 214.915
FD10888	262.625 	 14.214 	 214.914
FD10888	262.750 	 14.209 	 214.915
FD10888	262.875 	 14.215 	 214.917
FD10888	263.000 	 14.216 	 214.915
FD10888	263.125 	 14.212 	 214.915
FD10888	263.250 	 14.211 	 214.914
FD10888	263.375 	 14.216 	 214.915
FD10888	263.500 	 14.211 	 214.917
FD10888	263.625 	 14.212 	 214.915
FD10888	263.750 	 14.214 	 214.914
FD10888	263.875 	 14.212 	 214.915
FD10888	264.000 	 14.211 	 214.917
FD10888	264.125 	 14.216 	 214.915
FD10888	264.250 	 14.212 	 214.915
FD10888	264.375 	 14.211 	 214.914
FD10888	264.500 	 14.216 	 214.915
FD10888	264.625 	 14.215 	 214.917
FD10888	264.750 	 14.212 	 214.915
FD10888	264.875 	 14.211 	 214.917
FD10888	265.000 	 14.215 	 214.912
FD10888	265.125 	 14.211 	 214.917
FD10888	265.250 	 14.212 	 214.915
FD10888	265.375 	 14.216 	 214.915
FD10888	265.500 	 14.211 	 214.914
FD10888	265.625 	 14.212 	 214.915
FD10888	265.750 	 14.215 	 214.917
FD10888	265.875 	 14.212 	 214.915
FD10888	266.000 	 14.211 	 214.917
FD10888	266.125 	 0.000 	 90.000
FD10888	266.250 	 0.000 	 90.000
FD10888	266.375 	 0.000 	 90.000
FD10888	266.500 	 0.000 	 90.000
FD10888	266.625 	 0.000 	 90.000
FD10888	266.750 	 0.000 	 90.000
FD10888	266.875 	 0.000 	 90.000
FD10888	267.000 	 0.000 	 90.000
FD10888	267.125 	 0.000 	 90.000
FD10888	267.250 	 0.000 	 90.000
FD10888	267.375 	 0.000 	 90.000
FD10888	267.500 	 0.000 	 90.000
FD10888	267.625 	 0.000 	 90.000
FD10888	267.750 	 0.000 	 90.000
FD10888	267.875 	 0.000 	 90.000
FD10888	268.000 	 0.000 	 90.000
FD10888	268.125 	 0.000 	 90.000
FD10888	268.250 	 0.000 	 90.000
FD10888	268.375 	 0.000 	 90.000
FD10888	268.500 	 0.000 	 90.000
FD10888	268.625 	 0.000 	 90.000
FD10888	268.750 	 0.000 	 90.000
FD10888	268.875 	 0.000 	 90.000
FD10888	269.000 	 0.000 	 90.000
FD10888	269.125 	 0.000 	 90.000
FD10888	269.250 	 0.000 	 90.000
FD10888	269.375 	 0.000 	 90.000
FD10888	269.500 	 0.000 	 90.000
FD10888	269.625 	 0.000 	 90.000
FD10888	269.750 	 0.000 	 90.000
FD10888	269.875 	 0.000 	 90.000
FD10888	270.000 	 0.000 	 90.000
FD10888	270.125 	 0.000 	 90.000
FD10888	270.250 	 0.000 	 90.000
FD10888	270.375 	 0.000 	 90.000
FD10888	270.500 	 0.000 	 90.000
FD10888	270.625 	 0.000 	 90.000
FD10888	270.750 	 0.000 	 90.000
FD10888	270.875 	 0.000 	 90.000
FD10888	271.000 	 0.000 	 90.000
FD10888	271.125 	 0.000 	 90.000
FD10888	271.250 	 0.000 	 90.000
FD10888	271.375 	 0.000 	 90.000
FD10888	271.500 	 0.000 	 90.000
FD10888	271.625 	 0.000 	 90.000
FD10888	271.750 	 0.000 	 90.000
FD10888	271.875 	 0.000 	 90.000
FD10888	272.000 	 0.000 	 90.000
FD10888	272.125 	 0.000 	 90.000
FD10888	272.250 	 0.000 	 90.000
FD10888	272.375 	 0.000 	 90.000
FD10888	272.500 	 0.000 	 90.000
FD10888	272.625 	 0.000 	 90.000
FD10888	272.750 	 0.000 	 90.000
FD10888	272.875 	 0.000 	 90.000
FD10888	273.000 	 0.000 	 90.000
FD10888	273.125 	 0.000 	 90.000
FD10888	273.250 	 0.000 	 90.000
FD10888	273.375 	 0.000 	 90.000
FD10888	273.500 	 0.000 	 90.000
FD10888	273.625 	 0.000 	 90.000
FD10888	273.750 	 0.000 	 90.000
FD10888	273.875 	 0.000 	 90.000
FD10888	274.000 	 0.000 	 90.000
FD10888	274.125 	 0.000 	 90.000
FD10888	274.250 	 0.000 	 90.000
FD10888	274.375 	 0.000 	 90.000
FD10888	274.500 	 0.000 	 90.000
FD10888	274.625 	 0.000 	 90.000
FD10888	274.750 	 0.000 	 90.000
FD10888	274.875 	 0.000 	 90.000
FD10888	275.000 	 0.000 	 90.000
FD10888	275.125 	 0.000 	 90.000
FD10888	275.250 	 0.000 	 90.000
FD10888	275.375 	 0.000 	 90.000
FD10888	275.500 	 0.000 	 90.000
FD10888	275.625 	 0.000 	 90.000
FD10888	275.750 	 0.000 	 90.000
FD10888	275.875 	 0.000 	 90.000
FD10888	276.000 	 0.000 	 90.000
