#WellName	 Depth.M	 INCL	 AZIM 
WellName	 Depth.M	 INCL	 AZIM 
FD10578	0.000 	 0.000 	 0.000
FD10578	0.125 	 0.458 	 0.000
FD10578	0.250 	 0.000 	 90.000
FD10578	0.375 	 0.458 	 0.000
FD10578	0.500 	 0.000 	 90.000
FD10578	0.625 	 0.648 	 315.000
FD10578	0.750 	 0.000 	 90.000
FD10578	0.875 	 0.458 	 0.000
FD10578	1.000 	 0.000 	 90.000
FD10578	1.125 	 0.458 	 0.000
FD10578	1.250 	 0.000 	 90.000
FD10578	1.375 	 0.458 	 0.000
FD10578	1.500 	 0.000 	 90.000
FD10578	1.625 	 0.458 	 0.000
FD10578	1.750 	 0.000 	 90.000
FD10578	1.875 	 0.648 	 315.000
FD10578	2.000 	 0.000 	 90.000
FD10578	2.125 	 0.458 	 0.000
FD10578	2.250 	 0.000 	 90.000
FD10578	2.375 	 0.458 	 0.000
FD10578	2.500 	 0.000 	 90.000
FD10578	2.625 	 0.458 	 0.000
FD10578	2.750 	 0.000 	 90.000
FD10578	2.875 	 0.458 	 0.000
FD10578	3.000 	 0.458 	 270.000
FD10578	3.125 	 0.458 	 0.000
FD10578	3.250 	 0.000 	 90.000
FD10578	3.375 	 0.458 	 0.000
FD10578	3.500 	 0.000 	 90.000
FD10578	3.625 	 0.458 	 0.000
FD10578	3.750 	 0.000 	 90.000
FD10578	3.875 	 0.458 	 0.000
FD10578	4.000 	 0.000 	 90.000
FD10578	4.125 	 0.648 	 315.000
FD10578	4.250 	 0.000 	 90.000
FD10578	4.375 	 0.458 	 0.000
FD10578	4.500 	 0.000 	 90.000
FD10578	4.625 	 0.458 	 0.000
FD10578	4.750 	 0.000 	 90.000
FD10578	4.875 	 0.458 	 0.000
FD10578	5.000 	 0.000 	 90.000
FD10578	5.125 	 0.458 	 0.000
FD10578	5.250 	 0.000 	 90.000
FD10578	5.375 	 0.648 	 315.000
FD10578	5.500 	 0.000 	 90.000
FD10578	5.625 	 0.458 	 0.000
FD10578	5.750 	 0.000 	 90.000
FD10578	5.875 	 0.458 	 0.000
FD10578	6.000 	 0.000 	 90.000
FD10578	6.125 	 0.458 	 0.000
FD10578	6.250 	 0.458 	 0.000
FD10578	6.375 	 0.000 	 90.000
FD10578	6.500 	 0.648 	 315.000
FD10578	6.625 	 0.000 	 90.000
FD10578	6.750 	 0.458 	 0.000
FD10578	6.875 	 0.000 	 90.000
FD10578	7.000 	 0.458 	 0.000
FD10578	7.125 	 0.000 	 90.000
FD10578	7.250 	 0.458 	 0.000
FD10578	7.375 	 0.000 	 90.000
FD10578	7.500 	 0.458 	 0.000
FD10578	7.625 	 0.458 	 270.000
FD10578	7.750 	 0.458 	 0.000
FD10578	7.875 	 0.000 	 90.000
FD10578	8.000 	 0.458 	 0.000
FD10578	8.125 	 0.000 	 90.000
FD10578	8.250 	 0.458 	 0.000
FD10578	8.375 	 0.000 	 90.000
FD10578	8.500 	 0.458 	 0.000
FD10578	8.625 	 0.000 	 90.000
FD10578	8.750 	 0.458 	 0.000
FD10578	8.875 	 0.458 	 270.000
FD10578	9.000 	 0.458 	 0.000
FD10578	9.125 	 0.000 	 90.000
FD10578	9.250 	 0.458 	 0.000
FD10578	9.375 	 0.000 	 90.000
FD10578	9.500 	 0.458 	 0.000
FD10578	9.625 	 0.000 	 90.000
FD10578	9.750 	 0.458 	 0.000
FD10578	9.875 	 0.000 	 90.000
FD10578	10.000 	 0.648 	 315.000
FD10578	10.125 	 0.000 	 90.000
FD10578	10.250 	 0.458 	 0.000
FD10578	10.375 	 0.000 	 90.000
FD10578	10.500 	 0.458 	 0.000
FD10578	10.625 	 0.000 	 90.000
FD10578	10.750 	 0.458 	 0.000
FD10578	10.875 	 0.000 	 90.000
FD10578	11.000 	 0.458 	 0.000
FD10578	11.125 	 0.000 	 90.000
FD10578	11.250 	 0.648 	 315.000
FD10578	11.375 	 0.000 	 90.000
FD10578	11.500 	 0.458 	 0.000
FD10578	11.625 	 0.000 	 90.000
FD10578	11.750 	 0.458 	 0.000
FD10578	11.875 	 0.000 	 90.000
FD10578	12.000 	 0.458 	 0.000
FD10578	12.125 	 0.458 	 0.000
FD10578	12.250 	 0.000 	 90.000
FD10578	12.375 	 0.648 	 315.000
FD10578	12.500 	 0.000 	 90.000
FD10578	12.625 	 0.458 	 0.000
FD10578	12.750 	 0.000 	 90.000
FD10578	12.875 	 0.458 	 0.000
FD10578	13.000 	 0.000 	 90.000
FD10578	13.125 	 0.458 	 0.000
FD10578	13.250 	 0.000 	 90.000
FD10578	13.375 	 0.458 	 0.000
FD10578	13.500 	 0.458 	 270.000
FD10578	13.625 	 0.458 	 0.000
FD10578	13.750 	 0.000 	 90.000
FD10578	13.875 	 0.458 	 0.000
FD10578	14.000 	 0.000 	 90.000
FD10578	14.125 	 0.458 	 0.000
FD10578	14.250 	 0.000 	 90.000
FD10578	14.375 	 0.458 	 0.000
FD10578	14.500 	 0.000 	 90.000
FD10578	14.625 	 0.458 	 0.000
FD10578	14.750 	 0.458 	 270.000
FD10578	14.875 	 0.458 	 0.000
FD10578	15.000 	 0.000 	 90.000
FD10578	15.125 	 0.458 	 0.000
FD10578	15.250 	 0.000 	 90.000
FD10578	15.375 	 0.458 	 0.000
FD10578	15.500 	 0.000 	 90.000
FD10578	15.625 	 0.458 	 0.000
FD10578	15.750 	 0.000 	 90.000
FD10578	15.875 	 0.648 	 315.000
FD10578	16.000 	 0.000 	 90.000
FD10578	16.125 	 0.458 	 0.000
FD10578	16.250 	 0.000 	 90.000
FD10578	16.375 	 0.458 	 0.000
FD10578	16.500 	 0.000 	 90.000
FD10578	16.625 	 0.458 	 0.000
FD10578	16.750 	 0.000 	 90.000
FD10578	16.875 	 0.458 	 0.000
FD10578	17.000 	 0.458 	 270.000
FD10578	17.125 	 0.458 	 0.000
FD10578	17.250 	 0.000 	 90.000
FD10578	17.375 	 0.458 	 0.000
FD10578	17.500 	 0.000 	 90.000
FD10578	17.625 	 0.458 	 0.000
FD10578	17.750 	 0.000 	 90.000
FD10578	17.875 	 0.458 	 0.000
FD10578	18.000 	 0.000 	 90.000
FD10578	18.125 	 0.458 	 0.000
FD10578	18.250 	 0.648 	 315.000
FD10578	18.375 	 0.000 	 90.000
FD10578	18.500 	 0.458 	 0.000
FD10578	18.625 	 0.000 	 90.000
FD10578	18.750 	 0.458 	 0.000
FD10578	18.875 	 0.000 	 90.000
FD10578	19.000 	 0.458 	 0.000
FD10578	19.125 	 0.000 	 90.000
FD10578	19.250 	 0.458 	 0.000
FD10578	19.375 	 0.458 	 270.000
FD10578	19.500 	 0.458 	 0.000
FD10578	19.625 	 0.000 	 90.000
FD10578	19.750 	 0.458 	 0.000
FD10578	19.875 	 0.000 	 90.000
FD10578	20.000 	 0.458 	 0.000
FD10578	20.125 	 0.000 	 90.000
FD10578	20.250 	 0.458 	 0.000
FD10578	20.375 	 0.000 	 90.000
FD10578	20.500 	 0.458 	 0.000
FD10578	20.625 	 0.458 	 270.000
FD10578	20.750 	 0.458 	 0.000
FD10578	20.875 	 0.000 	 90.000
FD10578	21.000 	 0.458 	 0.000
FD10578	21.125 	 0.000 	 90.000
FD10578	21.250 	 0.458 	 0.000
FD10578	21.375 	 0.000 	 90.000
FD10578	21.500 	 0.458 	 0.000
FD10578	21.625 	 0.000 	 90.000
FD10578	21.750 	 0.648 	 315.000
FD10578	21.875 	 0.000 	 90.000
FD10578	22.000 	 0.458 	 0.000
FD10578	22.125 	 0.000 	 90.000
FD10578	22.250 	 0.458 	 0.000
FD10578	22.375 	 0.000 	 90.000
FD10578	22.500 	 0.458 	 0.000
FD10578	22.625 	 0.000 	 90.000
FD10578	22.750 	 0.458 	 0.000
FD10578	22.875 	 0.458 	 270.000
FD10578	23.000 	 0.458 	 0.000
FD10578	23.125 	 0.000 	 90.000
FD10578	23.250 	 0.458 	 0.000
FD10578	23.375 	 0.000 	 90.000
FD10578	23.500 	 0.458 	 0.000
FD10578	23.625 	 0.000 	 90.000
FD10578	23.750 	 0.458 	 0.000
FD10578	23.875 	 0.000 	 90.000
FD10578	24.000 	 0.458 	 0.000
FD10578	24.125 	 0.648 	 315.000
FD10578	24.250 	 0.000 	 90.000
FD10578	24.375 	 0.458 	 0.000
FD10578	24.500 	 0.000 	 90.000
FD10578	24.625 	 0.458 	 0.000
FD10578	24.750 	 0.000 	 90.000
FD10578	24.875 	 0.458 	 0.000
FD10578	25.000 	 0.000 	 90.000
FD10578	25.125 	 0.458 	 0.000
FD10578	25.250 	 0.458 	 270.000
FD10578	25.375 	 0.458 	 0.000
FD10578	25.500 	 0.000 	 90.000
FD10578	25.625 	 0.458 	 0.000
FD10578	25.750 	 0.000 	 90.000
FD10578	25.875 	 0.458 	 0.000
FD10578	26.000 	 0.000 	 90.000
FD10578	26.125 	 0.458 	 0.000
FD10578	26.250 	 0.000 	 90.000
FD10578	26.375 	 0.458 	 0.000
FD10578	26.500 	 0.458 	 270.000
FD10578	26.625 	 0.458 	 0.000
FD10578	26.750 	 0.000 	 90.000
FD10578	26.875 	 0.458 	 0.000
FD10578	27.000 	 0.000 	 90.000
FD10578	27.125 	 0.458 	 0.000
FD10578	27.250 	 0.000 	 90.000
FD10578	27.375 	 0.458 	 0.000
FD10578	27.500 	 0.000 	 90.000
FD10578	27.625 	 0.648 	 315.000
FD10578	27.750 	 0.000 	 90.000
FD10578	27.875 	 0.458 	 0.000
FD10578	28.000 	 0.000 	 90.000
FD10578	28.125 	 0.458 	 0.000
FD10578	28.250 	 0.000 	 90.000
FD10578	28.375 	 0.458 	 0.000
FD10578	28.500 	 0.000 	 90.000
FD10578	28.625 	 0.458 	 0.000
FD10578	28.750 	 0.458 	 270.000
FD10578	28.875 	 0.458 	 0.000
FD10578	29.000 	 0.000 	 90.000
FD10578	29.125 	 0.458 	 0.000
FD10578	29.250 	 0.000 	 90.000
FD10578	29.375 	 0.458 	 0.000
FD10578	29.500 	 0.000 	 90.000
FD10578	29.625 	 0.458 	 0.000
FD10578	29.750 	 0.000 	 90.000
FD10578	29.875 	 0.458 	 0.000
FD10578	30.000 	 0.458 	 270.000
FD10578	30.125 	 3.515 	 23.199
FD10578	30.250 	 3.333 	 15.945
FD10578	30.375 	 3.072 	 26.565
FD10578	30.500 	 3.487 	 23.199
FD10578	30.625 	 2.920 	 18.435
FD10578	30.750 	 3.487 	 23.199
FD10578	30.875 	 2.896 	 18.435
FD10578	31.000 	 3.515 	 23.199
FD10578	31.125 	 2.896 	 18.435
FD10578	31.250 	 3.487 	 23.199
FD10578	31.375 	 3.333 	 15.945
FD10578	31.500 	 3.097 	 26.565
FD10578	31.625 	 3.333 	 15.945
FD10578	31.750 	 3.072 	 26.565
FD10578	31.875 	 3.333 	 15.945
FD10578	32.000 	 3.097 	 26.565
FD10578	32.125 	 3.487 	 23.199
FD10578	32.250 	 2.896 	 18.435
FD10578	32.375 	 3.515 	 23.199
FD10578	32.500 	 3.333 	 15.945
FD10578	32.625 	 3.072 	 26.565
FD10578	32.750 	 3.333 	 15.945
FD10578	32.875 	 3.097 	 26.565
FD10578	33.000 	 3.333 	 15.945
FD10578	33.125 	 3.072 	 26.565
FD10578	33.250 	 3.360 	 15.945
FD10578	33.375 	 3.072 	 26.565
FD10578	33.500 	 3.333 	 15.945
FD10578	33.625 	 3.487 	 23.199
FD10578	33.750 	 2.920 	 18.435
FD10578	33.875 	 3.487 	 23.199
FD10578	34.000 	 3.072 	 26.565
FD10578	34.125 	 3.360 	 15.945
FD10578	34.250 	 3.072 	 26.565
FD10578	34.375 	 3.333 	 15.945
FD10578	34.500 	 3.072 	 26.565
FD10578	34.625 	 3.360 	 15.945
FD10578	34.750 	 3.487 	 23.199
FD10578	34.875 	 2.896 	 18.435
FD10578	35.000 	 3.487 	 23.199
FD10578	35.125 	 2.920 	 18.435
FD10578	35.250 	 3.487 	 23.199
FD10578	35.375 	 2.896 	 18.435
FD10578	35.500 	 3.515 	 23.199
FD10578	35.625 	 2.896 	 18.435
FD10578	35.750 	 3.487 	 23.199
FD10578	35.875 	 3.487 	 23.199
FD10578	36.000 	 2.920 	 18.435
FD10578	36.125 	 3.487 	 23.199
FD10578	36.250 	 2.896 	 18.435
FD10578	36.375 	 3.515 	 23.199
FD10578	36.500 	 2.896 	 18.435
FD10578	36.625 	 3.487 	 23.199
FD10578	36.750 	 2.896 	 18.435
FD10578	36.875 	 3.515 	 23.199
FD10578	37.000 	 2.896 	 18.435
FD10578	37.125 	 3.487 	 23.199
FD10578	37.250 	 3.333 	 15.945
FD10578	37.375 	 3.097 	 26.565
FD10578	37.500 	 3.486 	 23.199
FD10578	37.625 	 2.897 	 18.435
FD10578	37.750 	 3.515 	 23.199
FD10578	37.875 	 2.897 	 18.435
FD10578	38.000 	 3.486 	 23.199
FD10578	38.125 	 2.896 	 18.435
FD10578	38.250 	 3.515 	 23.199
FD10578	38.375 	 3.333 	 15.945
FD10578	38.500 	 3.072 	 26.565
FD10578	38.625 	 3.360 	 15.945
FD10578	38.750 	 3.072 	 26.565
FD10578	38.875 	 3.333 	 15.945
FD10578	39.000 	 3.072 	 26.565
FD10578	39.125 	 3.360 	 15.945
FD10578	39.250 	 3.072 	 26.565
FD10578	39.375 	 3.487 	 23.199
FD10578	39.500 	 3.360 	 15.945
FD10578	39.625 	 3.072 	 26.565
FD10578	39.750 	 3.333 	 15.945
FD10578	39.875 	 3.072 	 26.565
FD10578	40.000 	 3.360 	 15.945
FD10578	40.125 	 3.072 	 26.565
FD10578	40.250 	 3.333 	 15.945
FD10578	40.375 	 3.072 	 26.565
FD10578	40.500 	 3.360 	 15.945
FD10578	40.625 	 3.487 	 23.198
FD10578	40.750 	 2.896 	 18.435
FD10578	40.875 	 3.515 	 23.198
FD10578	41.000 	 3.072 	 26.565
FD10578	41.125 	 3.333 	 15.945
FD10578	41.250 	 3.072 	 26.565
FD10578	41.375 	 3.360 	 15.945
FD10578	41.500 	 3.072 	 26.565
FD10578	41.625 	 3.333 	 15.945
FD10578	41.750 	 3.515 	 23.199
FD10578	41.875 	 2.896 	 18.435
FD10578	42.000 	 3.486 	 23.199
FD10578	42.125 	 2.897 	 18.435
FD10578	42.250 	 3.515 	 23.199
FD10578	42.375 	 2.897 	 18.435
FD10578	42.500 	 3.486 	 23.199
FD10578	42.625 	 2.920 	 18.435
FD10578	42.750 	 3.487 	 23.198
FD10578	42.875 	 3.072 	 26.565
FD10578	43.000 	 3.333 	 15.945
FD10578	43.125 	 3.515 	 23.199
FD10578	43.250 	 2.896 	 18.435
FD10578	43.375 	 3.487 	 23.199
FD10578	43.500 	 2.896 	 18.435
FD10578	43.625 	 3.515 	 23.198
FD10578	43.750 	 2.896 	 18.435
FD10578	43.875 	 3.487 	 23.199
FD10578	44.000 	 2.920 	 18.435
FD10578	44.125 	 3.486 	 23.199
FD10578	44.250 	 3.333 	 15.945
FD10578	44.375 	 3.072 	 26.565
FD10578	44.500 	 3.515 	 23.198
FD10578	44.625 	 2.896 	 18.435
FD10578	44.750 	 3.487 	 23.198
FD10578	44.875 	 2.920 	 18.435
FD10578	45.000 	 3.486 	 23.199
FD10578	45.125 	 2.897 	 18.435
FD10578	45.250 	 3.486 	 23.199
FD10578	45.375 	 3.360 	 15.945
FD10578	45.500 	 3.072 	 26.565
FD10578	45.625 	 3.333 	 15.945
FD10578	45.750 	 3.072 	 26.565
FD10578	45.875 	 3.360 	 15.945
FD10578	46.000 	 3.072 	 26.565
FD10578	46.125 	 3.333 	 15.945
FD10578	46.250 	 3.097 	 26.565
FD10578	46.375 	 3.487 	 23.199
FD10578	46.500 	 3.333 	 15.945
FD10578	46.625 	 3.072 	 26.565
FD10578	46.750 	 3.360 	 15.945
FD10578	46.875 	 3.072 	 26.565
FD10578	47.000 	 3.333 	 15.945
FD10578	47.125 	 3.097 	 26.565
FD10578	47.250 	 3.333 	 15.945
FD10578	47.375 	 3.072 	 26.565
FD10578	47.500 	 3.333 	 15.945
FD10578	47.625 	 3.515 	 23.198
FD10578	47.750 	 2.896 	 18.435
FD10578	47.875 	 3.486 	 23.199
FD10578	48.000 	 2.920 	 18.435
FD10578	48.125 	 3.486 	 23.199
FD10578	48.250 	 3.072 	 26.565
FD10578	48.375 	 3.333 	 15.945
FD10578	48.500 	 3.097 	 26.565
FD10578	48.625 	 3.333 	 15.945
FD10578	48.750 	 3.072 	 26.565
FD10578	48.875 	 3.333 	 15.945
FD10578	49.000 	 3.515 	 23.199
FD10578	49.125 	 2.897 	 18.435
FD10578	49.250 	 3.486 	 23.199
FD10578	49.375 	 2.920 	 18.435
FD10578	49.500 	 3.486 	 23.199
FD10578	49.625 	 2.897 	 18.435
FD10578	49.750 	 3.486 	 23.199
FD10578	49.875 	 3.097 	 26.565
FD10578	50.000 	 3.333 	 15.945
FD10578	50.125 	 3.486 	 23.199
FD10578	50.250 	 2.920 	 18.435
FD10578	50.375 	 3.486 	 23.199
FD10578	50.500 	 2.897 	 18.435
FD10578	50.625 	 3.486 	 23.199
FD10578	50.750 	 2.920 	 18.435
FD10578	50.875 	 3.486 	 23.199
FD10578	51.000 	 2.897 	 18.435
FD10578	51.125 	 3.515 	 23.199
FD10578	51.250 	 3.333 	 15.945
FD10578	51.375 	 3.072 	 26.565
FD10578	51.500 	 3.333 	 15.945
FD10578	51.625 	 3.097 	 26.565
FD10578	51.750 	 3.486 	 23.199
FD10578	51.875 	 2.897 	 18.435
FD10578	52.000 	 3.486 	 23.199
FD10578	52.125 	 2.920 	 18.435
FD10578	52.250 	 3.487 	 23.198
FD10578	52.375 	 3.333 	 15.945
FD10578	52.500 	 3.097 	 26.565
FD10578	52.625 	 3.333 	 15.945
FD10578	52.750 	 3.072 	 26.565
FD10578	52.875 	 3.333 	 15.945
FD10578	53.000 	 3.097 	 26.565
FD10578	53.125 	 3.333 	 15.945
FD10578	53.250 	 3.072 	 26.565
FD10578	53.375 	 3.515 	 23.198
FD10578	53.500 	 3.333 	 15.945
FD10578	53.625 	 3.072 	 26.565
FD10578	53.750 	 3.333 	 15.945
FD10578	53.875 	 3.097 	 26.565
FD10578	54.000 	 3.333 	 15.945
FD10578	54.125 	 3.072 	 26.565
FD10578	54.250 	 3.333 	 15.945
FD10578	54.375 	 3.097 	 26.565
FD10578	54.500 	 3.333 	 15.945
FD10578	54.625 	 3.072 	 26.565
FD10578	54.750 	 3.360 	 15.945
FD10578	54.875 	 3.487 	 23.198
FD10578	55.000 	 2.896 	 18.435
FD10578	55.125 	 3.487 	 23.198
FD10578	55.250 	 3.097 	 26.565
FD10578	55.375 	 3.333 	 15.945
FD10578	55.500 	 3.072 	 26.565
FD10578	55.625 	 3.360 	 15.945
FD10578	55.750 	 3.072 	 26.565
FD10578	55.875 	 3.333 	 15.945
FD10578	56.000 	 3.486 	 23.198
FD10578	56.125 	 2.920 	 18.435
FD10578	56.250 	 3.486 	 23.199
FD10578	56.375 	 2.897 	 18.435
FD10578	56.500 	 3.515 	 23.199
FD10578	56.625 	 2.897 	 18.435
FD10578	56.750 	 3.486 	 23.199
FD10578	56.875 	 2.897 	 18.435
FD10578	57.000 	 3.515 	 23.199
FD10578	57.125 	 3.486 	 23.198
FD10578	57.250 	 2.897 	 18.435
FD10578	57.375 	 3.486 	 23.198
FD10578	57.500 	 2.920 	 18.435
FD10578	57.625 	 3.486 	 23.199
FD10578	57.750 	 2.897 	 18.435
FD10578	57.875 	 3.515 	 23.199
FD10578	58.000 	 2.897 	 18.435
FD10578	58.125 	 3.486 	 23.199
FD10578	58.250 	 3.333 	 15.945
FD10578	58.375 	 3.097 	 26.565
FD10578	58.500 	 3.333 	 15.945
FD10578	58.625 	 3.072 	 26.565
FD10578	58.750 	 3.515 	 23.199
FD10578	58.875 	 2.897 	 18.435
FD10578	59.000 	 3.486 	 23.199
FD10578	59.125 	 2.897 	 18.435
FD10578	59.250 	 3.515 	 23.199
FD10578	59.375 	 3.333 	 15.945
FD10578	59.500 	 3.072 	 26.565
FD10578	59.625 	 3.360 	 15.945
FD10578	59.750 	 3.072 	 26.565
FD10578	59.875 	 3.333 	 15.945
FD10578	60.000 	 3.072 	 26.565
FD10578	60.125 	 9.975 	 56.310
FD10578	60.250 	 9.975 	 56.310
FD10578	60.375 	 10.354 	 57.724
FD10578	60.500 	 9.975 	 56.310
FD10578	60.625 	 9.975 	 56.310
FD10578	60.750 	 10.354 	 57.724
FD10578	60.875 	 9.975 	 56.310
FD10578	61.000 	 9.732 	 58.571
FD10578	61.125 	 10.354 	 57.724
FD10578	61.250 	 9.975 	 56.310
FD10578	61.375 	 9.975 	 56.310
FD10578	61.500 	 10.354 	 57.724
FD10578	61.625 	 9.975 	 56.310
FD10578	61.750 	 9.975 	 56.310
FD10578	61.875 	 10.354 	 57.724
FD10578	62.000 	 9.975 	 56.310
FD10578	62.125 	 9.732 	 58.571
FD10578	62.250 	 9.975 	 56.310
FD10578	62.375 	 10.354 	 57.724
FD10578	62.500 	 10.055 	 56.310
FD10578	62.625 	 9.975 	 56.310
FD10578	62.750 	 10.354 	 57.724
FD10578	62.875 	 9.975 	 56.310
FD10578	63.000 	 9.975 	 56.310
FD10578	63.125 	 10.354 	 57.724
FD10578	63.250 	 9.732 	 58.571
FD10578	63.375 	 9.975 	 56.310
FD10578	63.500 	 10.354 	 57.724
FD10578	63.625 	 9.975 	 56.310
FD10578	63.750 	 9.975 	 56.310
FD10578	63.875 	 9.975 	 56.310
FD10578	64.000 	 10.354 	 57.724
FD10578	64.125 	 9.975 	 56.310
FD10578	64.250 	 9.975 	 56.310
FD10578	64.375 	 10.120 	 59.931
FD10578	64.500 	 9.975 	 56.310
FD10578	64.625 	 9.975 	 56.310
FD10578	64.750 	 10.354 	 57.724
FD10578	64.875 	 9.976 	 56.310
FD10578	65.000 	 9.975 	 56.310
FD10578	65.125 	 10.354 	 57.724
FD10578	65.250 	 9.975 	 56.310
FD10578	65.375 	 9.975 	 56.310
FD10578	65.500 	 10.120 	 59.932
FD10578	65.625 	 9.975 	 56.310
FD10578	65.750 	 9.976 	 56.310
FD10578	65.875 	 9.975 	 56.310
FD10578	66.000 	 10.354 	 57.724
FD10578	66.125 	 9.975 	 56.310
FD10578	66.250 	 9.975 	 56.310
FD10578	66.375 	 10.354 	 57.724
FD10578	66.500 	 9.975 	 56.310
FD10578	66.625 	 9.976 	 56.310
FD10578	66.750 	 10.120 	 59.932
FD10578	66.875 	 9.975 	 56.310
FD10578	67.000 	 9.975 	 56.310
FD10578	67.125 	 10.354 	 57.725
FD10578	67.250 	 9.975 	 56.310
FD10578	67.375 	 9.975 	 56.310
FD10578	67.500 	 9.976 	 56.310
FD10578	67.625 	 10.354 	 57.724
FD10578	67.750 	 9.975 	 56.310
FD10578	67.875 	 9.732 	 58.570
FD10578	68.000 	 10.354 	 57.724
FD10578	68.125 	 9.975 	 56.310
FD10578	68.250 	 9.975 	 56.310
FD10578	68.375 	 10.354 	 57.724
FD10578	68.500 	 9.975 	 56.310
FD10578	68.625 	 9.975 	 56.310
FD10578	68.750 	 10.354 	 57.724
FD10578	68.875 	 9.975 	 56.310
FD10578	69.000 	 9.732 	 58.570
FD10578	69.125 	 10.354 	 57.725
FD10578	69.250 	 9.976 	 56.310
FD10578	69.375 	 9.975 	 56.310
FD10578	69.500 	 9.975 	 56.310
FD10578	69.625 	 10.354 	 57.724
FD10578	69.750 	 9.975 	 56.310
FD10578	69.875 	 9.975 	 56.310
FD10578	70.000 	 10.354 	 57.724
FD10578	70.125 	 9.732 	 58.570
FD10578	70.250 	 9.975 	 56.310
FD10578	70.375 	 10.354 	 57.724
FD10578	70.500 	 9.975 	 56.310
FD10578	70.625 	 9.975 	 56.310
FD10578	70.750 	 10.354 	 57.725
FD10578	70.875 	 9.975 	 56.310
FD10578	71.000 	 9.976 	 56.310
FD10578	71.125 	 9.975 	 56.310
FD10578	71.250 	 10.120 	 59.931
FD10578	71.375 	 9.975 	 56.310
FD10578	71.500 	 9.975 	 56.310
FD10578	71.625 	 10.354 	 57.724
FD10578	71.750 	 9.975 	 56.310
FD10578	71.875 	 9.976 	 56.310
FD10578	72.000 	 10.354 	 57.725
FD10578	72.125 	 9.975 	 56.310
FD10578	72.250 	 9.975 	 56.310
FD10578	72.375 	 10.120 	 59.931
FD10578	72.500 	 9.975 	 56.310
FD10578	72.625 	 9.975 	 56.310
FD10578	72.750 	 10.354 	 57.724
FD10578	72.875 	 9.975 	 56.310
FD10578	73.000 	 9.975 	 56.310
FD10578	73.125 	 9.975 	 56.310
FD10578	73.250 	 10.354 	 57.724
FD10578	73.375 	 9.975 	 56.310
FD10578	73.500 	 9.732 	 58.570
FD10578	73.625 	 10.354 	 57.725
FD10578	73.750 	 9.975 	 56.310
FD10578	73.875 	 9.975 	 56.310
FD10578	74.000 	 10.354 	 57.725
FD10578	74.125 	 9.975 	 56.310
FD10578	74.250 	 9.975 	 56.310
FD10578	74.375 	 10.354 	 57.724
FD10578	74.500 	 9.976 	 56.310
FD10578	74.625 	 9.975 	 56.310
FD10578	74.750 	 9.732 	 58.570
FD10578	74.875 	 10.354 	 57.725
FD10578	75.000 	 9.975 	 56.310
FD10578	75.125 	 9.975 	 56.310
FD10578	75.250 	 10.354 	 57.724
FD10578	75.375 	 9.976 	 56.310
FD10578	75.500 	 9.975 	 56.310
FD10578	75.625 	 10.354 	 57.725
FD10578	75.750 	 9.975 	 56.310
FD10578	75.875 	 9.732 	 58.570
FD10578	76.000 	 10.354 	 57.724
FD10578	76.125 	 9.975 	 56.310
FD10578	76.250 	 9.976 	 56.310
FD10578	76.375 	 10.354 	 57.724
FD10578	76.500 	 9.975 	 56.310
FD10578	76.625 	 9.975 	 56.310
FD10578	76.750 	 9.975 	 56.310
FD10578	76.875 	 10.354 	 57.724
FD10578	77.000 	 9.732 	 58.570
FD10578	77.125 	 9.976 	 56.310
FD10578	77.250 	 10.354 	 57.724
FD10578	77.375 	 9.975 	 56.310
FD10578	77.500 	 9.975 	 56.310
FD10578	77.625 	 10.354 	 57.724
FD10578	77.750 	 9.975 	 56.310
FD10578	77.875 	 9.975 	 56.310
FD10578	78.000 	 10.354 	 57.724
FD10578	78.125 	 9.732 	 58.570
FD10578	78.250 	 10.055 	 56.310
FD10578	78.375 	 9.975 	 56.310
FD10578	78.500 	 10.354 	 57.725
FD10578	78.625 	 9.975 	 56.310
FD10578	78.750 	 9.976 	 56.310
FD10578	78.875 	 10.354 	 57.725
FD10578	79.000 	 9.975 	 56.310
FD10578	79.125 	 9.975 	 56.310
FD10578	79.250 	 10.120 	 59.932
FD10578	79.375 	 9.975 	 56.310
FD10578	79.500 	 9.975 	 56.310
FD10578	79.625 	 10.354 	 57.724
FD10578	79.750 	 9.975 	 56.310
FD10578	79.875 	 9.975 	 56.310
FD10578	80.000 	 10.354 	 57.724
FD10578	80.125 	 9.975 	 56.310
FD10578	80.250 	 9.975 	 56.310
FD10578	80.375 	 9.732 	 58.570
FD10578	80.500 	 10.354 	 57.724
FD10578	80.625 	 9.975 	 56.310
FD10578	80.750 	 9.975 	 56.310
FD10578	80.875 	 10.354 	 57.724
FD10578	81.000 	 9.975 	 56.310
FD10578	81.125 	 9.975 	 56.310
FD10578	81.250 	 10.354 	 57.724
FD10578	81.375 	 9.976 	 56.310
FD10578	81.500 	 9.975 	 56.310
FD10578	81.625 	 10.120 	 59.931
FD10578	81.750 	 9.975 	 56.310
FD10578	81.875 	 9.975 	 56.310
FD10578	82.000 	 9.975 	 56.310
FD10578	82.125 	 10.354 	 57.724
FD10578	82.250 	 9.976 	 56.310
FD10578	82.375 	 9.975 	 56.310
FD10578	82.500 	 10.354 	 57.724
FD10578	82.625 	 9.975 	 56.310
FD10578	82.750 	 9.732 	 58.570
FD10578	82.875 	 10.354 	 57.724
FD10578	83.000 	 9.975 	 56.310
FD10578	83.125 	 9.976 	 56.310
FD10578	83.250 	 10.354 	 57.724
FD10578	83.375 	 9.975 	 56.310
FD10578	83.500 	 9.975 	 56.310
FD10578	83.625 	 10.354 	 57.724
FD10578	83.750 	 9.975 	 56.310
FD10578	83.875 	 9.732 	 58.570
FD10578	84.000 	 9.976 	 56.310
FD10578	84.125 	 10.354 	 57.724
FD10578	84.250 	 9.975 	 56.310
FD10578	84.375 	 9.975 	 56.309
FD10578	84.500 	 10.354 	 57.724
FD10578	84.625 	 9.975 	 56.310
FD10578	84.750 	 9.975 	 56.310
FD10578	84.875 	 10.354 	 57.725
FD10578	85.000 	 9.732 	 58.570
FD10578	85.125 	 9.975 	 56.310
FD10578	85.250 	 10.354 	 57.724
FD10578	85.375 	 9.975 	 56.310
FD10578	85.500 	 9.975 	 56.310
FD10578	85.625 	 9.975 	 56.310
FD10578	85.750 	 10.354 	 57.724
FD10578	85.875 	 9.975 	 56.310
FD10578	86.000 	 9.975 	 56.309
FD10578	86.125 	 10.120 	 59.932
FD10578	86.250 	 9.975 	 56.310
FD10578	86.375 	 9.975 	 56.310
FD10578	86.500 	 10.354 	 57.724
FD10578	86.625 	 9.976 	 56.309
FD10578	86.750 	 9.975 	 56.311
FD10578	86.875 	 10.354 	 57.724
FD10578	87.000 	 9.975 	 56.310
FD10578	87.125 	 9.975 	 56.310
FD10578	87.250 	 10.120 	 59.931
FD10578	87.375 	 9.976 	 56.311
FD10578	87.500 	 9.975 	 56.310
FD10578	87.625 	 9.975 	 56.310
FD10578	87.750 	 10.354 	 57.724
FD10578	87.875 	 9.975 	 56.310
FD10578	88.000 	 9.975 	 56.310
FD10578	88.125 	 10.354 	 57.725
FD10578	88.250 	 9.976 	 56.310
FD10578	88.375 	 9.975 	 56.309
FD10578	88.500 	 10.120 	 59.931
FD10578	88.625 	 9.975 	 56.310
FD10578	88.750 	 9.975 	 56.311
FD10578	88.875 	 10.354 	 57.724
FD10578	89.000 	 9.975 	 56.309
FD10578	89.125 	 9.976 	 56.310
FD10578	89.250 	 9.975 	 56.310
FD10578	89.375 	 10.354 	 57.725
FD10578	89.500 	 9.975 	 56.309
FD10578	89.625 	 9.732 	 58.570
FD10578	89.750 	 10.354 	 57.724
FD10578	89.875 	 9.975 	 56.310
FD10578	90.000 	 9.976 	 56.311
FD10578	90.125 	 19.037 	 65.323
FD10578	90.250 	 18.835 	 63.435
FD10578	90.375 	 19.037 	 65.323
FD10578	90.500 	 18.645 	 64.722
FD10578	90.625 	 18.643 	 64.722
FD10578	90.750 	 18.889 	 65.324
FD10578	90.875 	 18.835 	 63.435
FD10578	91.000 	 19.038 	 65.324
FD10578	91.125 	 18.644 	 64.722
FD10578	91.250 	 19.038 	 65.323
FD10578	91.375 	 18.644 	 64.723
FD10578	91.500 	 18.835 	 63.435
FD10578	91.625 	 18.889 	 65.324
FD10578	91.750 	 18.643 	 64.722
FD10578	91.875 	 19.039 	 65.323
FD10578	92.000 	 18.834 	 63.435
FD10578	92.125 	 18.645 	 64.722
FD10578	92.250 	 19.037 	 65.323
FD10578	92.375 	 18.645 	 64.723
FD10578	92.500 	 19.037 	 65.323
FD10578	92.625 	 18.688 	 63.436
FD10578	92.750 	 19.037 	 65.323
FD10578	92.875 	 18.645 	 64.722
FD10578	93.000 	 18.643 	 64.723
FD10578	93.125 	 19.039 	 65.323
FD10578	93.250 	 18.834 	 63.435
FD10578	93.375 	 19.039 	 65.324
FD10578	93.500 	 18.498 	 64.722
FD10578	93.625 	 19.039 	 65.323
FD10578	93.750 	 18.834 	 63.435
FD10578	93.875 	 18.644 	 64.722
FD10578	94.000 	 19.038 	 65.324
FD10578	94.125 	 18.644 	 64.722
FD10578	94.250 	 19.038 	 65.324
FD10578	94.375 	 18.688 	 63.435
FD10578	94.500 	 18.643 	 64.722
FD10578	94.625 	 19.039 	 65.323
FD10578	94.750 	 18.643 	 64.722
FD10578	94.875 	 19.224 	 64.057
FD10578	95.000 	 18.643 	 64.723
FD10578	95.125 	 19.039 	 65.323
FD10578	95.250 	 18.643 	 64.723
FD10578	95.375 	 18.499 	 64.722
FD10578	95.500 	 19.223 	 64.057
FD10578	95.625 	 18.645 	 64.723
FD10578	95.750 	 19.037 	 65.323
FD10578	95.875 	 18.645 	 64.723
FD10578	96.000 	 19.037 	 65.323
FD10578	96.125 	 18.835 	 63.435
FD10578	96.250 	 18.497 	 64.723
FD10578	96.375 	 19.039 	 65.323
FD10578	96.500 	 18.643 	 64.723
FD10578	96.625 	 19.224 	 64.058
FD10578	96.750 	 18.643 	 64.722
FD10578	96.875 	 18.645 	 64.723
FD10578	97.000 	 19.038 	 65.323
FD10578	97.125 	 18.499 	 64.722
FD10578	97.250 	 19.223 	 64.058
FD10578	97.375 	 18.644 	 64.722
FD10578	97.500 	 19.038 	 65.324
FD10578	97.625 	 18.644 	 64.722
FD10578	97.750 	 18.643 	 64.722
FD10578	97.875 	 19.224 	 64.058
FD10578	98.000 	 18.643 	 64.722
FD10578	98.125 	 18.890 	 65.323
FD10578	98.250 	 18.643 	 64.723
FD10578	98.375 	 19.224 	 64.058
FD10578	98.500 	 18.643 	 64.723
FD10578	98.625 	 18.644 	 64.722
FD10578	98.750 	 19.038 	 65.323
FD10578	98.875 	 18.645 	 64.723
FD10578	99.000 	 19.073 	 64.057
FD10578	99.125 	 18.645 	 64.722
FD10578	99.250 	 18.643 	 64.723
FD10578	99.375 	 19.039 	 65.323
FD10578	99.500 	 18.834 	 63.435
FD10578	99.625 	 19.039 	 65.323
FD10578	99.750 	 18.643 	 64.722
FD10578	99.875 	 18.890 	 65.324
FD10578	100.000 	 18.643 	 64.722
FD10578	100.125 	 18.835 	 63.436
FD10578	100.250 	 19.038 	 65.323
FD10578	100.375 	 18.644 	 64.722
FD10578	100.500 	 19.037 	 65.323
FD10578	100.625 	 18.645 	 64.722
FD10578	100.750 	 19.073 	 64.057
FD10578	100.875 	 18.645 	 64.723
FD10578	101.000 	 18.643 	 64.722
FD10578	101.125 	 19.039 	 65.323
FD10578	101.250 	 18.834 	 63.435
FD10578	101.375 	 19.039 	 65.323
FD10578	101.500 	 18.643 	 64.723
FD10578	101.625 	 18.645 	 64.722
FD10578	101.750 	 18.889 	 65.323
FD10578	101.875 	 18.834 	 63.435
FD10578	102.000 	 19.039 	 65.323
FD10578	102.125 	 18.643 	 64.723
FD10578	102.250 	 19.039 	 65.323
FD10578	102.375 	 18.643 	 64.723
FD10578	102.500 	 18.835 	 63.435
FD10578	102.625 	 18.889 	 65.323
FD10578	102.750 	 18.645 	 64.723
FD10578	102.875 	 19.037 	 65.323
FD10578	103.000 	 18.835 	 63.435
FD10578	103.125 	 19.037 	 65.323
FD10578	103.250 	 18.645 	 64.722
FD10578	103.375 	 18.643 	 64.722
FD10578	103.500 	 18.890 	 65.323
FD10578	103.625 	 18.833 	 63.434
FD10578	103.750 	 19.039 	 65.324
FD10578	103.875 	 18.643 	 64.722
FD10578	104.000 	 18.644 	 64.722
FD10578	104.125 	 19.223 	 64.059
FD10578	104.250 	 18.644 	 64.722
FD10578	104.375 	 19.038 	 65.324
FD10578	104.500 	 18.498 	 64.722
FD10578	104.625 	 19.038 	 65.323
FD10578	104.750 	 18.834 	 63.435
FD10578	104.875 	 18.643 	 64.722
FD10578	105.000 	 19.039 	 65.323
FD10578	105.125 	 18.643 	 64.722
FD10578	105.250 	 19.039 	 65.323
FD10578	105.375 	 18.687 	 63.436
FD10578	105.500 	 19.039 	 65.323
FD10578	105.625 	 18.643 	 64.722
FD10578	105.750 	 18.645 	 64.723
FD10578	105.875 	 19.223 	 64.057
FD10578	106.000 	 18.645 	 64.723
FD10578	106.125 	 19.037 	 65.323
FD10578	106.250 	 18.499 	 64.722
FD10578	106.375 	 18.643 	 64.723
FD10578	106.500 	 19.224 	 64.057
FD10578	106.625 	 18.643 	 64.722
FD10578	106.750 	 19.039 	 65.323
FD10578	106.875 	 18.643 	 64.722
FD10578	107.000 	 19.039 	 65.323
FD10578	107.125 	 18.834 	 63.435
FD10578	107.250 	 18.499 	 64.722
FD10578	107.375 	 19.037 	 65.323
FD10578	107.500 	 18.645 	 64.722
FD10578	107.625 	 19.223 	 64.057
FD10578	107.750 	 18.645 	 64.723
FD10578	107.875 	 19.037 	 65.323
FD10578	108.000 	 18.645 	 64.723
FD10578	108.125 	 18.498 	 64.722
FD10578	108.250 	 19.224 	 64.057
FD10578	108.375 	 18.643 	 64.723
FD10578	108.500 	 19.039 	 65.323
FD10578	108.625 	 18.643 	 64.723
FD10578	108.750 	 18.644 	 64.722
FD10578	108.875 	 19.223 	 64.058
FD10578	109.000 	 18.498 	 64.722
FD10578	109.125 	 19.038 	 65.323
FD10578	109.250 	 18.645 	 64.723
FD10578	109.375 	 19.223 	 64.057
FD10578	109.500 	 18.645 	 64.722
FD10578	109.625 	 18.643 	 64.722
FD10578	109.750 	 19.039 	 65.323
FD10578	109.875 	 18.643 	 64.722
FD10578	110.000 	 19.075 	 64.058
FD10578	110.125 	 18.643 	 64.722
FD10578	110.250 	 19.039 	 65.324
FD10578	110.375 	 18.643 	 64.722
FD10578	110.500 	 18.835 	 63.435
FD10578	110.625 	 19.038 	 65.324
FD10578	110.750 	 18.644 	 64.722
FD10578	110.875 	 18.889 	 65.324
FD10578	111.000 	 18.644 	 64.722
FD10578	111.125 	 18.834 	 63.435
FD10578	111.250 	 19.039 	 65.323
FD10578	111.375 	 18.643 	 64.722
FD10578	111.500 	 19.039 	 65.323
FD10578	111.625 	 18.643 	 64.723
FD10578	111.750 	 19.073 	 64.057
FD10578	111.875 	 18.645 	 64.723
FD10578	112.000 	 18.645 	 64.722
FD10578	112.125 	 19.037 	 65.323
FD10578	112.250 	 18.835 	 63.436
FD10578	112.375 	 19.037 	 65.323
FD10578	112.500 	 18.645 	 64.723
FD10578	112.625 	 19.037 	 65.323
FD10578	112.750 	 18.498 	 64.722
FD10578	112.875 	 18.835 	 63.436
FD10578	113.000 	 19.037 	 65.323
FD10578	113.125 	 18.645 	 64.722
FD10578	113.250 	 19.037 	 65.323
FD10578	113.375 	 18.645 	 64.722
FD10578	113.500 	 18.834 	 63.436
FD10578	113.625 	 18.890 	 65.323
FD10578	113.750 	 18.643 	 64.722
FD10578	113.875 	 19.039 	 65.323
FD10578	114.000 	 18.834 	 63.435
FD10578	114.125 	 19.039 	 65.323
FD10578	114.250 	 18.643 	 64.723
FD10578	114.375 	 18.645 	 64.722
FD10578	114.500 	 18.889 	 65.323
FD10578	114.625 	 18.835 	 63.435
FD10578	114.750 	 19.037 	 65.323
FD10578	114.875 	 18.645 	 64.723
FD10578	115.000 	 19.037 	 65.323
FD10578	115.125 	 18.835 	 63.435
FD10578	115.250 	 18.643 	 64.722
FD10578	115.375 	 18.890 	 65.324
FD10578	115.500 	 18.643 	 64.722
FD10578	115.625 	 19.039 	 65.323
FD10578	115.750 	 18.833 	 63.435
FD10578	115.875 	 18.645 	 64.722
FD10578	116.000 	 19.038 	 65.323
FD10578	116.125 	 18.644 	 64.722
FD10578	116.250 	 19.038 	 65.324
FD10578	116.375 	 18.687 	 63.434
FD10578	116.500 	 19.038 	 65.323
FD10578	116.625 	 18.644 	 64.723
FD10578	116.750 	 18.643 	 64.722
FD10578	116.875 	 19.224 	 64.057
FD10578	117.000 	 18.643 	 64.723
FD10578	117.125 	 19.039 	 65.323
FD10578	117.250 	 18.498 	 64.722
FD10578	117.375 	 19.039 	 65.323
FD10578	117.500 	 18.833 	 63.435
FD10578	117.625 	 18.645 	 64.722
FD10578	117.750 	 19.037 	 65.323
FD10578	117.875 	 18.644 	 64.723
FD10578	118.000 	 19.037 	 65.323
FD10578	118.125 	 18.688 	 63.434
FD10578	118.250 	 18.643 	 64.723
FD10578	118.375 	 19.039 	 65.323
FD10578	118.500 	 18.643 	 64.722
FD10578	118.625 	 19.224 	 64.058
FD10578	118.750 	 18.643 	 64.722
FD10578	118.875 	 19.039 	 65.323
FD10578	119.000 	 18.643 	 64.722
FD10578	119.125 	 18.499 	 64.722
FD10578	119.250 	 19.223 	 64.058
FD10578	119.375 	 18.645 	 64.722
FD10578	119.500 	 19.037 	 65.323
FD10578	119.625 	 18.644 	 64.723
FD10578	119.750 	 19.223 	 64.057
FD10578	119.875 	 18.644 	 64.723
FD10578	120.000 	 18.498 	 64.722
FD10578	120.125 	 27.777 	 68.750
FD10578	120.250 	 27.338 	 67.456
FD10578	120.375 	 27.564 	 68.750
FD10578	120.500 	 27.338 	 67.457
FD10578	120.625 	 27.713 	 67.834
FD10578	120.750 	 27.396 	 68.384
FD10578	120.875 	 27.714 	 67.835
FD10578	121.000 	 27.184 	 68.385
FD10578	121.125 	 27.713 	 67.833
FD10578	121.250 	 27.564 	 68.750
FD10578	121.375 	 27.550 	 67.457
FD10578	121.500 	 27.564 	 68.750
FD10578	121.625 	 27.338 	 67.456
FD10578	121.750 	 27.564 	 68.750
FD10578	121.875 	 27.338 	 67.457
FD10578	122.000 	 27.778 	 68.750
FD10578	122.125 	 27.338 	 67.457
FD10578	122.250 	 27.564 	 68.750
FD10578	122.375 	 27.338 	 67.456
FD10578	122.500 	 27.564 	 68.750
FD10578	122.625 	 27.338 	 67.457
FD10578	122.750 	 27.777 	 68.750
FD10578	122.875 	 27.338 	 67.458
FD10578	123.000 	 27.564 	 68.750
FD10578	123.125 	 27.338 	 67.456
FD10578	123.250 	 27.564 	 68.750
FD10578	123.375 	 27.550 	 67.457
FD10578	123.500 	 27.564 	 68.750
FD10578	123.625 	 27.338 	 67.457
FD10578	123.750 	 27.564 	 68.750
FD10578	123.875 	 27.338 	 67.457
FD10578	124.000 	 27.777 	 68.749
FD10578	124.125 	 27.338 	 67.458
FD10578	124.250 	 27.564 	 68.750
FD10578	124.375 	 27.338 	 67.456
FD10578	124.500 	 27.564 	 68.750
FD10578	124.625 	 27.550 	 67.456
FD10578	124.750 	 27.564 	 68.750
FD10578	124.875 	 27.338 	 67.457
FD10578	125.000 	 27.564 	 68.750
FD10578	125.125 	 27.338 	 67.457
FD10578	125.250 	 27.777 	 68.750
FD10578	125.375 	 27.338 	 67.456
FD10578	125.500 	 27.714 	 67.834
FD10578	125.625 	 27.564 	 68.750
FD10578	125.750 	 27.338 	 67.457
FD10578	125.875 	 27.563 	 68.748
FD10578	126.000 	 27.550 	 67.458
FD10578	126.125 	 27.563 	 68.749
FD10578	126.250 	 27.338 	 67.456
FD10578	126.375 	 27.564 	 68.750
FD10578	126.500 	 27.338 	 67.456
FD10578	126.625 	 27.777 	 68.750
FD10578	126.750 	 27.338 	 67.456
FD10578	126.875 	 27.564 	 68.750
FD10578	127.000 	 27.338 	 67.457
FD10578	127.125 	 27.563 	 68.749
FD10578	127.250 	 27.551 	 67.457
FD10578	127.375 	 27.563 	 68.749
FD10578	127.500 	 27.339 	 67.457
FD10578	127.625 	 27.563 	 68.749
FD10578	127.750 	 27.338 	 67.456
FD10578	127.875 	 27.779 	 68.750
FD10578	128.000 	 27.338 	 67.457
FD10578	128.125 	 27.564 	 68.749
FD10578	128.250 	 27.338 	 67.457
FD10578	128.375 	 27.564 	 68.750
FD10578	128.500 	 27.550 	 67.456
FD10578	128.625 	 27.563 	 68.749
FD10578	128.750 	 27.339 	 67.457
FD10578	128.875 	 27.563 	 68.749
FD10578	129.000 	 27.338 	 67.457
FD10578	129.125 	 27.564 	 68.749
FD10578	129.250 	 27.550 	 67.457
FD10578	129.375 	 27.564 	 68.750
FD10578	129.500 	 27.338 	 67.456
FD10578	129.625 	 27.564 	 68.750
FD10578	129.750 	 27.713 	 67.833
FD10578	129.875 	 27.396 	 68.385
FD10578	130.000 	 27.714 	 67.834
FD10578	130.125 	 27.184 	 68.385
FD10578	130.250 	 27.714 	 67.835
FD10578	130.375 	 27.338 	 67.456
FD10578	130.500 	 27.777 	 68.750
FD10578	130.625 	 27.338 	 67.456
FD10578	130.750 	 27.563 	 68.749
FD10578	130.875 	 27.339 	 67.457
FD10578	131.000 	 27.563 	 68.749
FD10578	131.125 	 27.550 	 67.458
FD10578	131.250 	 27.563 	 68.749
FD10578	131.375 	 27.338 	 67.456
FD10578	131.500 	 27.564 	 68.750
FD10578	131.625 	 27.339 	 67.456
FD10578	131.750 	 27.777 	 68.750
FD10578	131.875 	 27.336 	 67.456
FD10578	132.000 	 27.566 	 68.750
FD10578	132.125 	 27.336 	 67.457
FD10578	132.250 	 27.565 	 68.749
FD10578	132.375 	 27.551 	 67.457
FD10578	132.500 	 27.562 	 68.749
FD10578	132.625 	 27.339 	 67.456
FD10578	132.750 	 27.562 	 68.750
FD10578	132.875 	 27.339 	 67.456
FD10578	133.000 	 27.562 	 68.750
FD10578	133.125 	 27.550 	 67.457
FD10578	133.250 	 27.566 	 68.749
FD10578	133.375 	 27.336 	 67.457
FD10578	133.500 	 27.565 	 68.749
FD10578	133.625 	 27.337 	 67.457
FD10578	133.750 	 27.776 	 68.749
FD10578	133.875 	 27.340 	 67.457
FD10578	134.000 	 27.562 	 68.749
FD10578	134.125 	 27.715 	 67.834
FD10578	134.250 	 27.183 	 68.385
FD10578	134.375 	 27.927 	 67.834
FD10578	134.500 	 27.187 	 68.386
FD10578	134.625 	 27.711 	 67.833
FD10578	134.750 	 27.187 	 68.386
FD10578	134.875 	 27.711 	 67.833
FD10578	135.000 	 27.396 	 68.385
FD10578	135.125 	 27.715 	 67.834
FD10578	135.250 	 27.336 	 67.457
FD10578	135.375 	 27.566 	 68.750
FD10578	135.500 	 27.336 	 67.456
FD10578	135.625 	 27.777 	 68.750
FD10578	135.750 	 27.339 	 67.456
FD10578	135.875 	 27.562 	 68.749
FD10578	136.000 	 27.340 	 67.457
FD10578	136.125 	 27.562 	 68.749
FD10578	136.250 	 27.339 	 67.457
FD10578	136.375 	 27.777 	 68.750
FD10578	136.500 	 27.339 	 67.456
FD10578	136.625 	 27.562 	 68.750
FD10578	136.750 	 27.339 	 67.456
FD10578	136.875 	 27.562 	 68.750
FD10578	137.000 	 27.550 	 67.456
FD10578	137.125 	 27.565 	 68.749
FD10578	137.250 	 27.337 	 67.458
FD10578	137.375 	 27.565 	 68.749
FD10578	137.500 	 27.336 	 67.456
FD10578	137.625 	 27.777 	 68.750
FD10578	137.750 	 27.339 	 67.456
FD10578	137.875 	 27.562 	 68.750
FD10578	138.000 	 27.339 	 67.456
FD10578	138.125 	 27.562 	 68.750
FD10578	138.250 	 27.927 	 67.834
FD10578	138.375 	 27.186 	 68.384
FD10578	138.500 	 27.712 	 67.835
FD10578	138.625 	 27.186 	 68.385
FD10578	138.750 	 27.712 	 67.834
FD10578	138.875 	 27.396 	 68.385
FD10578	139.000 	 27.715 	 67.834
FD10578	139.125 	 27.183 	 68.385
FD10578	139.250 	 27.715 	 67.833
FD10578	139.375 	 27.184 	 68.386
FD10578	139.500 	 27.715 	 67.834
FD10578	139.625 	 27.396 	 68.386
FD10578	139.750 	 27.711 	 67.833
FD10578	139.875 	 27.186 	 68.385
FD10578	140.000 	 27.712 	 67.834
FD10578	140.125 	 27.339 	 67.456
FD10578	140.250 	 27.777 	 68.750
FD10578	140.375 	 27.336 	 67.457
FD10578	140.500 	 27.566 	 68.750
FD10578	140.625 	 27.336 	 67.456
FD10578	140.750 	 27.565 	 68.749
FD10578	140.875 	 27.551 	 67.457
FD10578	141.000 	 27.562 	 68.749
FD10578	141.125 	 27.339 	 67.456
FD10578	141.250 	 27.562 	 68.750
FD10578	141.375 	 27.339 	 67.457
FD10578	141.500 	 27.777 	 68.750
FD10578	141.625 	 27.336 	 67.456
FD10578	141.750 	 27.566 	 68.750
FD10578	141.875 	 27.336 	 67.456
FD10578	142.000 	 27.565 	 68.749
FD10578	142.125 	 27.551 	 67.457
FD10578	142.250 	 27.565 	 68.749
FD10578	142.375 	 27.337 	 67.458
FD10578	142.500 	 27.565 	 68.748
FD10578	142.625 	 27.712 	 67.835
FD10578	142.750 	 27.186 	 68.385
FD10578	142.875 	 27.927 	 67.833
FD10578	143.000 	 27.184 	 68.386
FD10578	143.125 	 27.715 	 67.833
FD10578	143.250 	 27.184 	 68.386
FD10578	143.375 	 27.715 	 67.833
FD10578	143.500 	 27.396 	 68.385
FD10578	143.625 	 27.712 	 67.835
FD10578	143.750 	 27.186 	 68.385
FD10578	143.875 	 27.712 	 67.834
FD10578	144.000 	 27.186 	 68.385
FD10578	144.125 	 27.928 	 67.834
FD10578	144.250 	 27.183 	 68.385
FD10578	144.375 	 27.715 	 67.833
FD10578	144.500 	 27.184 	 68.386
FD10578	144.625 	 27.715 	 67.834
FD10578	144.750 	 27.396 	 68.385
FD10578	144.875 	 27.712 	 67.834
FD10578	145.000 	 27.339 	 67.456
FD10578	145.125 	 27.562 	 68.750
FD10578	145.250 	 27.339 	 67.456
FD10578	145.375 	 27.777 	 68.750
FD10578	145.500 	 27.336 	 67.457
FD10578	145.625 	 27.565 	 68.749
FD10578	145.750 	 27.337 	 67.457
FD10578	145.875 	 27.565 	 68.749
FD10578	146.000 	 27.337 	 67.457
FD10578	146.125 	 27.776 	 68.749
FD10578	146.250 	 27.339 	 67.456
FD10578	146.375 	 27.562 	 68.750
FD10578	146.500 	 27.339 	 67.457
FD10578	146.625 	 27.562 	 68.750
FD10578	146.750 	 27.927 	 67.833
FD10578	146.875 	 27.187 	 68.386
FD10578	147.000 	 27.711 	 67.833
FD10578	147.125 	 27.186 	 68.385
FD10578	147.250 	 27.712 	 67.834
FD10578	147.375 	 27.396 	 68.385
FD10578	147.500 	 27.715 	 67.835
FD10578	147.625 	 27.183 	 68.384
FD10578	147.750 	 27.715 	 67.835
FD10578	147.875 	 27.183 	 68.385
FD10578	148.000 	 27.930 	 67.833
FD10578	148.125 	 27.184 	 68.386
FD10578	148.250 	 27.715 	 67.833
FD10578	148.375 	 27.183 	 68.385
FD10578	148.500 	 27.715 	 67.834
FD10578	148.625 	 27.396 	 68.385
FD10578	148.750 	 27.712 	 67.835
FD10578	148.875 	 27.186 	 68.385
FD10578	149.000 	 27.712 	 67.834
FD10578	149.125 	 27.186 	 68.385
FD10578	149.250 	 27.927 	 67.833
FD10578	149.375 	 27.184 	 68.386
FD10578	149.500 	 27.715 	 67.833
FD10578	149.625 	 27.183 	 68.385
FD10578	149.750 	 27.715 	 67.835
FD10578	149.875 	 27.336 	 67.456
FD10578	150.000 	 27.777 	 68.750
FD10578	150.125 	 33.101 	 64.932
FD10578	150.250 	 33.515 	 64.179
FD10578	150.375 	 33.100 	 64.932
FD10578	150.500 	 33.350 	 64.932
FD10578	150.625 	 33.100 	 64.933
FD10578	150.750 	 33.515 	 64.179
FD10578	150.875 	 32.753 	 64.574
FD10578	151.000 	 33.349 	 64.932
FD10578	151.125 	 33.265 	 64.179
FD10578	151.250 	 33.350 	 64.932
FD10578	151.375 	 33.101 	 64.932
FD10578	151.500 	 33.350 	 64.933
FD10578	151.625 	 33.265 	 64.179
FD10578	151.750 	 33.350 	 64.933
FD10578	151.875 	 33.100 	 64.932
FD10578	152.000 	 33.350 	 64.932
FD10578	152.125 	 33.265 	 64.179
FD10578	152.250 	 33.097 	 64.932
FD10578	152.375 	 33.354 	 64.933
FD10578	152.500 	 33.261 	 64.179
FD10578	152.625 	 33.354 	 64.933
FD10578	152.750 	 32.749 	 64.573
FD10578	152.875 	 33.354 	 64.932
FD10578	153.000 	 33.261 	 64.179
FD10578	153.125 	 33.354 	 64.932
FD10578	153.250 	 33.097 	 64.933
FD10578	153.375 	 33.353 	 64.932
FD10578	153.500 	 33.261 	 64.179
FD10578	153.625 	 33.354 	 64.932
FD10578	153.750 	 33.097 	 64.932
FD10578	153.875 	 33.518 	 64.179
FD10578	154.000 	 33.097 	 64.932
FD10578	154.125 	 33.354 	 64.932
FD10578	154.250 	 33.096 	 64.932
FD10578	154.375 	 33.519 	 64.179
FD10578	154.500 	 33.097 	 64.933
FD10578	154.625 	 33.001 	 64.573
FD10578	154.750 	 33.265 	 64.179
FD10578	154.875 	 33.349 	 64.932
FD10578	155.000 	 33.101 	 64.932
FD10578	155.125 	 33.350 	 64.933
FD10578	155.250 	 33.265 	 64.179
FD10578	155.375 	 33.350 	 64.933
FD10578	155.500 	 33.101 	 64.932
FD10578	155.625 	 33.350 	 64.932
FD10578	155.750 	 33.264 	 64.179
FD10578	155.875 	 33.350 	 64.932
FD10578	156.000 	 33.100 	 64.933
FD10578	156.125 	 33.515 	 64.179
FD10578	156.250 	 33.100 	 64.933
FD10578	156.375 	 33.350 	 64.932
FD10578	156.500 	 32.752 	 64.573
FD10578	156.625 	 33.515 	 64.179
FD10578	156.750 	 33.101 	 64.932
FD10578	156.875 	 33.350 	 64.932
FD10578	157.000 	 33.100 	 64.933
FD10578	157.125 	 33.514 	 64.179
FD10578	157.250 	 33.101 	 64.932
FD10578	157.375 	 33.350 	 64.932
FD10578	157.500 	 33.265 	 64.179
FD10578	157.625 	 33.350 	 64.932
FD10578	157.750 	 33.101 	 64.932
FD10578	157.875 	 33.350 	 64.933
FD10578	158.000 	 33.264 	 64.178
FD10578	158.125 	 33.350 	 64.933
FD10578	158.250 	 33.101 	 64.932
FD10578	158.375 	 33.169 	 63.812
FD10578	158.500 	 33.101 	 64.932
FD10578	158.625 	 33.349 	 64.932
FD10578	158.750 	 33.100 	 64.933
FD10578	158.875 	 33.515 	 64.179
FD10578	159.000 	 33.100 	 64.933
FD10578	159.125 	 33.350 	 64.932
FD10578	159.250 	 33.101 	 64.932
FD10578	159.375 	 33.265 	 64.179
FD10578	159.500 	 33.349 	 64.932
FD10578	159.625 	 33.097 	 64.933
FD10578	159.750 	 33.519 	 64.179
FD10578	159.875 	 33.097 	 64.933
FD10578	160.000 	 33.354 	 64.932
FD10578	160.125 	 33.097 	 64.933
FD10578	160.250 	 33.519 	 64.179
FD10578	160.375 	 32.748 	 64.573
FD10578	160.500 	 33.354 	 64.933
FD10578	160.625 	 33.097 	 64.932
FD10578	160.750 	 33.518 	 64.180
FD10578	160.875 	 33.097 	 64.932
FD10578	161.000 	 33.354 	 64.933
FD10578	161.125 	 33.261 	 64.179
FD10578	161.250 	 33.354 	 64.933
FD10578	161.375 	 33.097 	 64.933
FD10578	161.500 	 33.353 	 64.930
FD10578	161.625 	 33.261 	 64.180
FD10578	161.750 	 33.354 	 64.932
FD10578	161.875 	 33.097 	 64.933
FD10578	162.000 	 33.519 	 64.179
FD10578	162.125 	 33.097 	 64.933
FD10578	162.250 	 33.001 	 64.574
FD10578	162.375 	 33.101 	 64.932
FD10578	162.500 	 33.514 	 64.180
FD10578	162.625 	 33.101 	 64.932
FD10578	162.750 	 33.350 	 64.933
FD10578	162.875 	 33.100 	 64.933
FD10578	163.000 	 33.513 	 64.177
FD10578	163.125 	 33.100 	 64.933
FD10578	163.250 	 33.350 	 64.932
FD10578	163.375 	 33.265 	 64.180
FD10578	163.500 	 33.350 	 64.932
FD10578	163.625 	 33.100 	 64.933
FD10578	163.750 	 33.350 	 64.933
FD10578	163.875 	 33.265 	 64.179
FD10578	164.000 	 33.350 	 64.933
FD10578	164.125 	 32.753 	 64.572
FD10578	164.250 	 33.514 	 64.180
FD10578	164.375 	 33.099 	 64.930
FD10578	164.500 	 33.350 	 64.933
FD10578	164.625 	 33.100 	 64.933
FD10578	164.750 	 33.515 	 64.179
FD10578	164.875 	 33.100 	 64.933
FD10578	165.000 	 33.350 	 64.932
FD10578	165.125 	 33.100 	 64.933
FD10578	165.250 	 33.515 	 64.179
FD10578	165.375 	 33.100 	 64.933
FD10578	165.500 	 33.350 	 64.932
FD10578	165.625 	 33.265 	 64.180
FD10578	165.750 	 33.350 	 64.932
FD10578	165.875 	 33.100 	 64.933
FD10578	166.000 	 32.999 	 64.573
FD10578	166.125 	 33.265 	 64.179
FD10578	166.250 	 33.350 	 64.933
FD10578	166.375 	 33.101 	 64.932
FD10578	166.500 	 33.100 	 64.933
FD10578	166.625 	 33.515 	 64.179
FD10578	166.750 	 33.100 	 64.933
FD10578	166.875 	 33.350 	 64.933
FD10578	167.000 	 33.265 	 64.179
FD10578	167.125 	 33.350 	 64.933
FD10578	167.250 	 33.097 	 64.932
FD10578	167.375 	 33.354 	 64.933
FD10578	167.500 	 33.261 	 64.179
FD10578	167.625 	 33.352 	 64.932
FD10578	167.750 	 33.097 	 64.933
FD10578	167.875 	 33.173 	 63.812
FD10578	168.000 	 33.097 	 64.933
FD10578	168.125 	 33.354 	 64.932
FD10578	168.250 	 33.097 	 64.933
FD10578	168.375 	 33.519 	 64.179
FD10578	168.500 	 33.097 	 64.933
FD10578	168.625 	 33.354 	 64.933
FD10578	168.750 	 33.097 	 64.932
FD10578	168.875 	 33.518 	 64.180
FD10578	169.000 	 33.097 	 64.932
FD10578	169.125 	 33.352 	 64.932
FD10578	169.250 	 33.261 	 64.179
FD10578	169.375 	 33.354 	 64.933
FD10578	169.500 	 33.097 	 64.933
FD10578	169.625 	 33.354 	 64.932
FD10578	169.750 	 33.261 	 64.180
FD10578	169.875 	 33.001 	 64.572
FD10578	170.000 	 33.100 	 64.933
FD10578	170.125 	 33.350 	 64.933
FD10578	170.250 	 33.265 	 64.179
FD10578	170.375 	 33.350 	 64.933
FD10578	170.500 	 33.101 	 64.932
FD10578	170.625 	 33.513 	 64.179
FD10578	170.750 	 33.101 	 64.932
FD10578	170.875 	 33.350 	 64.933
FD10578	171.000 	 33.100 	 64.933
FD10578	171.125 	 33.515 	 64.179
FD10578	171.250 	 33.100 	 64.933
FD10578	171.375 	 33.350 	 64.932
FD10578	171.500 	 33.265 	 64.180
FD10578	171.625 	 33.350 	 64.932
FD10578	171.750 	 32.753 	 64.574
FD10578	171.875 	 33.350 	 64.933
FD10578	172.000 	 33.265 	 64.179
FD10578	172.125 	 33.348 	 64.932
FD10578	172.250 	 33.101 	 64.932
FD10578	172.375 	 33.350 	 64.933
FD10578	172.500 	 33.265 	 64.179
FD10578	172.625 	 33.350 	 64.933
FD10578	172.750 	 33.101 	 64.932
FD10578	172.875 	 33.514 	 64.180
FD10578	173.000 	 33.101 	 64.932
FD10578	173.125 	 33.350 	 64.933
FD10578	173.250 	 33.100 	 64.933
FD10578	173.375 	 33.265 	 64.179
FD10578	173.500 	 33.350 	 64.933
FD10578	173.625 	 32.752 	 64.571
FD10578	173.750 	 33.350 	 64.933
FD10578	173.875 	 33.265 	 64.179
FD10578	174.000 	 33.350 	 64.933
FD10578	174.125 	 33.100 	 64.933
FD10578	174.250 	 33.515 	 64.179
FD10578	174.375 	 33.100 	 64.933
FD10578	174.500 	 33.350 	 64.932
FD10578	174.625 	 33.100 	 64.933
FD10578	174.750 	 33.515 	 64.179
FD10578	174.875 	 33.097 	 64.933
FD10578	175.000 	 33.354 	 64.933
FD10578	175.125 	 33.261 	 64.179
FD10578	175.250 	 33.354 	 64.933
FD10578	175.375 	 33.096 	 64.930
FD10578	175.500 	 33.005 	 64.574
FD10578	175.625 	 33.261 	 64.179
FD10578	175.750 	 33.354 	 64.933
FD10578	175.875 	 33.097 	 64.933
FD10578	176.000 	 33.354 	 64.932
FD10578	176.125 	 33.261 	 64.180
FD10578	176.250 	 33.354 	 64.932
FD10578	176.375 	 33.097 	 64.933
FD10578	176.500 	 33.519 	 64.179
FD10578	176.625 	 33.097 	 64.933
FD10578	176.750 	 33.354 	 64.933
FD10578	176.875 	 33.096 	 64.930
FD10578	177.000 	 33.518 	 64.180
FD10578	177.125 	 33.097 	 64.932
FD10578	177.250 	 33.354 	 64.933
FD10578	177.375 	 33.261 	 64.179
FD10578	177.500 	 33.001 	 64.574
FD10578	177.625 	 33.100 	 64.933
FD10578	177.750 	 33.350 	 64.932
FD10578	177.875 	 33.265 	 64.180
FD10578	178.000 	 33.350 	 64.932
FD10578	178.125 	 33.100 	 64.933
FD10578	178.250 	 33.348 	 64.932
FD10578	178.375 	 33.265 	 64.179
FD10578	178.500 	 33.350 	 64.933
FD10578	178.625 	 33.101 	 64.932
FD10578	178.750 	 33.514 	 64.180
FD10578	178.875 	 33.101 	 64.932
FD10578	179.000 	 33.350 	 64.933
FD10578	179.125 	 33.101 	 64.932
FD10578	179.250 	 33.514 	 64.180
FD10578	179.375 	 32.753 	 64.572
FD10578	179.500 	 33.350 	 64.933
FD10578	179.625 	 33.100 	 64.933
FD10578	179.750 	 33.513 	 64.177
FD10578	179.875 	 33.100 	 64.933
FD10578	180.000 	 33.350 	 64.932
FD10578	180.125 	 35.723 	 64.135
FD10578	180.250 	 35.984 	 64.133
FD10578	180.375 	 35.989 	 64.135
FD10578	180.500 	 35.988 	 64.133
FD10578	180.625 	 35.989 	 64.133
FD10578	180.750 	 35.718 	 64.133
FD10578	180.875 	 36.322 	 64.471
FD10578	181.000 	 35.989 	 64.135
FD10578	181.125 	 35.988 	 64.132
FD10578	181.250 	 35.989 	 64.135
FD10578	181.375 	 35.718 	 64.133
FD10578	181.500 	 35.989 	 64.135
FD10578	181.625 	 35.828 	 64.840
FD10578	181.750 	 35.989 	 64.135
FD10578	181.875 	 35.988 	 64.132
FD10578	182.000 	 35.719 	 64.135
FD10578	182.125 	 35.988 	 64.133
FD10578	182.250 	 35.989 	 64.135
FD10578	182.375 	 35.988 	 64.133
FD10578	182.500 	 35.985 	 64.133
FD10578	182.625 	 35.988 	 64.133
FD10578	182.750 	 35.723 	 64.135
FD10578	182.875 	 36.317 	 64.470
FD10578	183.000 	 35.989 	 64.135
FD10578	183.125 	 35.988 	 64.132
FD10578	183.250 	 35.989 	 64.135
FD10578	183.375 	 35.718 	 64.133
FD10578	183.500 	 35.829 	 64.841
FD10578	183.625 	 35.988 	 64.133
FD10578	183.750 	 35.989 	 64.135
FD10578	183.875 	 35.988 	 64.132
FD10578	184.000 	 35.719 	 64.135
FD10578	184.125 	 35.988 	 64.133
FD10578	184.250 	 35.989 	 64.135
FD10578	184.375 	 35.988 	 64.132
FD10578	184.500 	 35.989 	 64.135
FD10578	184.625 	 35.718 	 64.133
FD10578	184.750 	 35.989 	 64.135
FD10578	184.875 	 36.321 	 64.470
FD10578	185.000 	 35.989 	 64.133
FD10578	185.125 	 35.984 	 64.133
FD10578	185.250 	 35.989 	 64.135
FD10578	185.375 	 35.722 	 64.133
FD10578	185.500 	 35.825 	 64.841
FD10578	185.625 	 35.988 	 64.133
FD10578	185.750 	 35.989 	 64.133
FD10578	185.875 	 35.988 	 64.133
FD10578	186.000 	 35.719 	 64.135
FD10578	186.125 	 35.988 	 64.133
FD10578	186.250 	 35.989 	 64.135
FD10578	186.375 	 35.988 	 64.132
FD10578	186.500 	 35.989 	 64.135
FD10578	186.625 	 35.718 	 64.133
FD10578	186.750 	 35.989 	 64.135
FD10578	186.875 	 36.323 	 64.470
FD10578	187.000 	 35.988 	 64.133
FD10578	187.125 	 35.989 	 64.135
FD10578	187.250 	 35.718 	 64.133
FD10578	187.375 	 35.829 	 64.841
FD10578	187.500 	 35.988 	 64.133
FD10578	187.625 	 35.989 	 64.133
FD10578	187.750 	 35.984 	 64.133
FD10578	187.875 	 35.989 	 64.135
FD10578	188.000 	 35.722 	 64.133
FD10578	188.125 	 35.985 	 64.135
FD10578	188.250 	 35.988 	 64.132
FD10578	188.375 	 35.989 	 64.135
FD10578	188.500 	 35.988 	 64.133
FD10578	188.625 	 35.719 	 64.135
FD10578	188.750 	 35.988 	 64.132
FD10578	188.875 	 35.989 	 64.135
FD10578	189.000 	 36.321 	 64.470
FD10578	189.125 	 35.989 	 64.135
FD10578	189.250 	 35.718 	 64.133
FD10578	189.375 	 35.829 	 64.841
FD10578	189.500 	 35.988 	 64.132
FD10578	189.625 	 35.989 	 64.135
FD10578	189.750 	 35.988 	 64.133
FD10578	189.875 	 35.985 	 64.135
FD10578	190.000 	 35.722 	 64.133
FD10578	190.125 	 35.989 	 64.133
FD10578	190.250 	 35.988 	 64.133
FD10578	190.375 	 35.985 	 64.135
FD10578	190.500 	 35.988 	 64.133
FD10578	190.625 	 35.723 	 64.135
FD10578	190.750 	 35.984 	 64.132
FD10578	190.875 	 35.989 	 64.135
FD10578	191.000 	 36.322 	 64.471
FD10578	191.125 	 35.988 	 64.133
FD10578	191.250 	 35.560 	 64.841
FD10578	191.375 	 35.988 	 64.133
FD10578	191.500 	 35.989 	 64.133
FD10578	191.625 	 35.988 	 64.133
FD10578	191.750 	 35.989 	 64.135
FD10578	191.875 	 35.718 	 64.133
FD10578	192.000 	 35.989 	 64.133
FD10578	192.125 	 35.988 	 64.133
FD10578	192.250 	 35.989 	 64.135
FD10578	192.375 	 35.988 	 64.133
FD10578	192.500 	 35.985 	 64.135
FD10578	192.625 	 35.722 	 64.132
FD10578	192.750 	 35.989 	 64.135
FD10578	192.875 	 35.988 	 64.133
FD10578	193.000 	 36.318 	 64.471
FD10578	193.125 	 35.988 	 64.132
FD10578	193.250 	 35.563 	 64.843
FD10578	193.375 	 35.984 	 64.132
FD10578	193.500 	 35.989 	 64.135
FD10578	193.625 	 35.988 	 64.133
FD10578	193.750 	 35.989 	 64.135
FD10578	193.875 	 35.718 	 64.132
FD10578	194.000 	 35.989 	 64.135
FD10578	194.125 	 35.988 	 64.133
FD10578	194.250 	 35.989 	 64.135
FD10578	194.375 	 35.988 	 64.133
FD10578	194.500 	 35.720 	 64.133
FD10578	194.625 	 35.988 	 64.133
FD10578	194.750 	 35.989 	 64.135
FD10578	194.875 	 35.988 	 64.133
FD10578	195.000 	 36.322 	 64.471
FD10578	195.125 	 35.824 	 64.840
FD10578	195.250 	 35.724 	 64.133
FD10578	195.375 	 35.988 	 64.133
FD10578	195.500 	 35.989 	 64.135
FD10578	195.625 	 35.984 	 64.133
FD10578	195.750 	 35.989 	 64.135
FD10578	195.875 	 35.724 	 64.133
FD10578	196.000 	 35.984 	 64.133
FD10578	196.125 	 35.989 	 64.135
FD10578	196.250 	 35.988 	 64.133
FD10578	196.375 	 35.989 	 64.133
FD10578	196.500 	 35.718 	 64.133
FD10578	196.625 	 35.989 	 64.135
FD10578	196.750 	 35.988 	 64.133
FD10578	196.875 	 35.989 	 64.135
FD10578	197.000 	 35.988 	 64.132
FD10578	197.125 	 35.895 	 65.171
FD10578	197.250 	 35.988 	 64.133
FD10578	197.375 	 35.989 	 64.135
FD10578	197.500 	 35.988 	 64.133
FD10578	197.625 	 35.989 	 64.135
FD10578	197.750 	 35.984 	 64.132
FD10578	197.875 	 35.723 	 64.135
FD10578	198.000 	 35.988 	 64.133
FD10578	198.125 	 35.989 	 64.135
FD10578	198.250 	 35.984 	 64.132
FD10578	198.375 	 35.989 	 64.135
FD10578	198.500 	 35.722 	 64.133
FD10578	198.625 	 35.985 	 64.135
FD10578	198.750 	 35.988 	 64.133
FD10578	198.875 	 35.989 	 64.133
FD10578	199.000 	 35.828 	 64.840
FD10578	199.125 	 36.051 	 64.471
FD10578	199.250 	 35.988 	 64.133
FD10578	199.375 	 35.989 	 64.135
FD10578	199.500 	 35.988 	 64.133
FD10578	199.625 	 35.989 	 64.133
FD10578	199.750 	 35.718 	 64.133
FD10578	199.875 	 35.989 	 64.135
FD10578	200.000 	 35.988 	 64.133
FD10578	200.125 	 35.989 	 64.135
FD10578	200.250 	 35.988 	 64.132
FD10578	200.375 	 35.985 	 64.135
FD10578	200.500 	 35.722 	 64.133
FD10578	200.625 	 35.989 	 64.135
FD10578	200.750 	 35.988 	 64.132
FD10578	200.875 	 35.985 	 64.135
FD10578	201.000 	 35.828 	 64.840
FD10578	201.125 	 36.055 	 64.471
FD10578	201.250 	 35.985 	 64.135
FD10578	201.375 	 35.988 	 64.133
FD10578	201.500 	 35.989 	 64.133
FD10578	201.625 	 35.988 	 64.133
FD10578	201.750 	 35.719 	 64.135
FD10578	201.875 	 35.988 	 64.133
FD10578	202.000 	 35.989 	 64.135
FD10578	202.125 	 35.988 	 64.132
FD10578	202.250 	 35.989 	 64.135
FD10578	202.375 	 35.718 	 64.133
FD10578	202.500 	 35.989 	 64.135
FD10578	202.625 	 35.988 	 64.133
FD10578	202.750 	 35.989 	 64.133
FD10578	202.875 	 35.828 	 64.840
FD10578	203.000 	 35.985 	 64.135
FD10578	203.125 	 36.054 	 64.470
FD10578	203.250 	 35.989 	 64.135
FD10578	203.375 	 35.988 	 64.133
FD10578	203.500 	 35.985 	 64.133
FD10578	203.625 	 35.988 	 64.133
FD10578	203.750 	 35.723 	 64.135
FD10578	203.875 	 35.984 	 64.133
FD10578	204.000 	 35.989 	 64.133
FD10578	204.125 	 35.988 	 64.133
FD10578	204.250 	 35.989 	 64.135
FD10578	204.375 	 35.718 	 64.133
FD10578	204.500 	 35.989 	 64.135
FD10578	204.625 	 35.988 	 64.132
FD10578	204.750 	 35.989 	 64.135
FD10578	204.875 	 35.828 	 64.840
FD10578	205.000 	 35.989 	 64.135
FD10578	205.125 	 35.718 	 64.133
FD10578	205.250 	 36.322 	 64.471
FD10578	205.375 	 35.989 	 64.133
FD10578	205.500 	 35.988 	 64.133
FD10578	205.625 	 35.985 	 64.135
FD10578	205.750 	 35.722 	 64.133
FD10578	205.875 	 35.989 	 64.133
FD10578	206.000 	 35.988 	 64.133
FD10578	206.125 	 35.985 	 64.135
FD10578	206.250 	 35.988 	 64.133
FD10578	206.375 	 35.723 	 64.135
FD10578	206.500 	 35.984 	 64.132
FD10578	206.625 	 35.989 	 64.135
FD10578	206.750 	 35.828 	 64.840
FD10578	206.875 	 35.989 	 64.135
FD10578	207.000 	 35.718 	 64.133
FD10578	207.125 	 35.989 	 64.135
FD10578	207.250 	 36.321 	 64.468
FD10578	207.375 	 35.989 	 64.135
FD10578	207.500 	 35.988 	 64.133
FD10578	207.625 	 35.989 	 64.135
FD10578	207.750 	 35.718 	 64.133
FD10578	207.875 	 35.989 	 64.133
FD10578	208.000 	 35.988 	 64.133
FD10578	208.125 	 35.989 	 64.135
FD10578	208.250 	 35.984 	 64.133
FD10578	208.375 	 35.724 	 64.133
FD10578	208.500 	 35.988 	 64.133
FD10578	208.625 	 35.989 	 64.135
FD10578	208.750 	 35.824 	 64.840
FD10578	208.875 	 35.989 	 64.135
FD10578	209.000 	 35.722 	 64.133
FD10578	209.125 	 35.985 	 64.133
FD10578	209.250 	 36.321 	 64.470
FD10578	209.375 	 35.989 	 64.135
FD10578	209.500 	 35.988 	 64.133
FD10578	209.625 	 35.719 	 64.135
FD10578	209.750 	 35.988 	 64.132
FD10578	209.875 	 35.989 	 64.135
FD10578	210.000 	 35.988 	 64.133
FD10578	210.125 	 37.364 	 62.419
FD10578	210.250 	 37.407 	 62.765
FD10578	210.375 	 37.364 	 62.419
FD10578	210.500 	 37.363 	 62.417
FD10578	210.625 	 37.411 	 62.765
FD10578	210.750 	 37.364 	 62.417
FD10578	210.875 	 37.359 	 62.417
FD10578	211.000 	 37.687 	 62.765
FD10578	211.125 	 37.089 	 62.419
FD10578	211.250 	 37.363 	 62.417
FD10578	211.375 	 37.687 	 62.765
FD10578	211.500 	 37.085 	 62.419
FD10578	211.625 	 37.363 	 62.417
FD10578	211.750 	 37.687 	 62.765
FD10578	211.875 	 36.918 	 63.094
FD10578	212.000 	 37.364 	 62.419
FD10578	212.125 	 37.686 	 62.764
FD10578	212.250 	 37.364 	 62.419
FD10578	212.375 	 37.089 	 62.419
FD10578	212.500 	 37.682 	 62.764
FD10578	212.625 	 37.364 	 62.419
FD10578	212.750 	 37.089 	 62.417
FD10578	212.875 	 37.687 	 62.765
FD10578	213.000 	 37.363 	 62.417
FD10578	213.125 	 37.085 	 62.419
FD10578	213.250 	 37.687 	 62.765
FD10578	213.375 	 37.363 	 62.417
FD10578	213.500 	 37.364 	 62.419
FD10578	213.625 	 37.407 	 62.765
FD10578	213.750 	 37.363 	 62.417
FD10578	213.875 	 37.364 	 62.419
FD10578	214.000 	 37.411 	 62.765
FD10578	214.125 	 37.359 	 62.417
FD10578	214.250 	 37.364 	 62.417
FD10578	214.375 	 37.687 	 62.765
FD10578	214.500 	 37.089 	 62.419
FD10578	214.625 	 37.363 	 62.417
FD10578	214.750 	 37.687 	 62.765
FD10578	214.875 	 37.085 	 62.419
FD10578	215.000 	 37.363 	 62.417
FD10578	215.125 	 37.687 	 62.765
FD10578	215.250 	 37.085 	 62.419
FD10578	215.375 	 37.363 	 62.417
FD10578	215.500 	 37.687 	 62.765
FD10578	215.625 	 37.364 	 62.419
FD10578	215.750 	 37.088 	 62.417
FD10578	215.875 	 37.683 	 62.764
FD10578	216.000 	 37.364 	 62.419
