#WellName	 Depth.M	 INCL	 AZIM 
WellName	 Depth.M	 INCL	 AZIM 
FD10907	0.000 	 0.000 	 0.000
FD10907	0.125 	 0.000 	 90.000
FD10907	0.250 	 0.000 	 90.000
FD10907	0.375 	 0.000 	 90.000
FD10907	0.500 	 0.000 	 90.000
FD10907	0.625 	 0.000 	 90.000
FD10907	0.750 	 0.000 	 90.000
FD10907	0.875 	 0.000 	 90.000
FD10907	1.000 	 0.000 	 90.000
FD10907	1.125 	 0.000 	 90.000
FD10907	1.250 	 0.000 	 90.000
FD10907	1.375 	 0.000 	 90.000
FD10907	1.500 	 0.000 	 90.000
FD10907	1.625 	 0.000 	 90.000
FD10907	1.750 	 0.000 	 90.000
FD10907	1.875 	 0.000 	 90.000
FD10907	2.000 	 0.000 	 90.000
FD10907	2.125 	 0.000 	 90.000
FD10907	2.250 	 0.000 	 90.000
FD10907	2.375 	 0.000 	 90.000
FD10907	2.500 	 0.000 	 90.000
FD10907	2.625 	 0.000 	 90.000
FD10907	2.750 	 0.000 	 90.000
FD10907	2.875 	 0.000 	 90.000
FD10907	3.000 	 0.000 	 90.000
FD10907	3.125 	 0.000 	 90.000
FD10907	3.250 	 0.000 	 90.000
FD10907	3.375 	 0.000 	 90.000
FD10907	3.500 	 0.000 	 90.000
FD10907	3.625 	 0.000 	 90.000
FD10907	3.750 	 0.000 	 90.000
FD10907	3.875 	 0.000 	 90.000
FD10907	4.000 	 0.000 	 90.000
FD10907	4.125 	 0.000 	 90.000
FD10907	4.250 	 0.000 	 90.000
FD10907	4.375 	 0.000 	 90.000
FD10907	4.500 	 0.000 	 90.000
FD10907	4.625 	 0.000 	 90.000
FD10907	4.750 	 0.000 	 90.000
FD10907	4.875 	 0.000 	 90.000
FD10907	5.000 	 0.000 	 90.000
FD10907	5.125 	 0.000 	 90.000
FD10907	5.250 	 0.000 	 90.000
FD10907	5.375 	 0.000 	 90.000
FD10907	5.500 	 0.000 	 90.000
FD10907	5.625 	 0.000 	 90.000
FD10907	5.750 	 0.000 	 90.000
FD10907	5.875 	 0.000 	 90.000
FD10907	6.000 	 0.000 	 90.000
FD10907	6.125 	 0.000 	 90.000
FD10907	6.250 	 0.000 	 90.000
FD10907	6.375 	 0.000 	 90.000
FD10907	6.500 	 0.000 	 90.000
FD10907	6.625 	 0.000 	 90.000
FD10907	6.750 	 0.000 	 90.000
FD10907	6.875 	 0.000 	 90.000
FD10907	7.000 	 0.000 	 90.000
FD10907	7.125 	 0.000 	 90.000
FD10907	7.250 	 0.000 	 90.000
FD10907	7.375 	 0.000 	 90.000
FD10907	7.500 	 0.000 	 90.000
FD10907	7.625 	 0.000 	 90.000
FD10907	7.750 	 0.000 	 90.000
FD10907	7.875 	 0.000 	 90.000
FD10907	8.000 	 0.000 	 90.000
FD10907	8.125 	 0.000 	 90.000
FD10907	8.250 	 0.000 	 90.000
FD10907	8.375 	 0.000 	 90.000
FD10907	8.500 	 0.000 	 90.000
FD10907	8.625 	 0.000 	 90.000
FD10907	8.750 	 0.000 	 90.000
FD10907	8.875 	 0.000 	 90.000
FD10907	9.000 	 0.000 	 90.000
FD10907	9.125 	 0.000 	 90.000
FD10907	9.250 	 0.000 	 90.000
FD10907	9.375 	 0.000 	 90.000
FD10907	9.500 	 0.000 	 90.000
FD10907	9.625 	 0.000 	 90.000
FD10907	9.750 	 0.000 	 90.000
FD10907	9.875 	 0.000 	 90.000
FD10907	10.000 	 0.000 	 90.000
FD10907	10.125 	 0.000 	 90.000
FD10907	10.250 	 0.000 	 90.000
FD10907	10.375 	 0.000 	 90.000
FD10907	10.500 	 0.000 	 90.000
FD10907	10.625 	 0.000 	 90.000
FD10907	10.750 	 0.000 	 90.000
FD10907	10.875 	 0.000 	 90.000
FD10907	11.000 	 0.000 	 90.000
FD10907	11.125 	 0.000 	 90.000
FD10907	11.250 	 0.000 	 90.000
FD10907	11.375 	 0.000 	 90.000
FD10907	11.500 	 0.000 	 90.000
FD10907	11.625 	 0.000 	 90.000
FD10907	11.750 	 0.000 	 90.000
FD10907	11.875 	 0.000 	 90.000
FD10907	12.000 	 0.000 	 90.000
FD10907	12.125 	 0.000 	 90.000
FD10907	12.250 	 0.000 	 90.000
FD10907	12.375 	 0.000 	 90.000
FD10907	12.500 	 0.000 	 90.000
FD10907	12.625 	 0.000 	 90.000
FD10907	12.750 	 0.000 	 90.000
FD10907	12.875 	 0.000 	 90.000
FD10907	13.000 	 0.000 	 90.000
FD10907	13.125 	 0.000 	 90.000
FD10907	13.250 	 0.000 	 90.000
FD10907	13.375 	 0.000 	 90.000
FD10907	13.500 	 0.000 	 90.000
FD10907	13.625 	 0.000 	 90.000
FD10907	13.750 	 0.000 	 90.000
FD10907	13.875 	 0.000 	 90.000
FD10907	14.000 	 0.000 	 90.000
FD10907	14.125 	 0.000 	 90.000
FD10907	14.250 	 0.000 	 90.000
FD10907	14.375 	 0.000 	 90.000
FD10907	14.500 	 0.000 	 90.000
FD10907	14.625 	 0.000 	 90.000
FD10907	14.750 	 0.000 	 90.000
FD10907	14.875 	 0.000 	 90.000
FD10907	15.000 	 0.000 	 90.000
FD10907	15.125 	 0.000 	 90.000
FD10907	15.250 	 0.000 	 90.000
FD10907	15.375 	 0.000 	 90.000
FD10907	15.500 	 0.000 	 90.000
FD10907	15.625 	 0.000 	 90.000
FD10907	15.750 	 0.000 	 90.000
FD10907	15.875 	 0.000 	 90.000
FD10907	16.000 	 0.000 	 90.000
FD10907	16.125 	 0.000 	 90.000
FD10907	16.250 	 0.000 	 90.000
FD10907	16.375 	 0.000 	 90.000
FD10907	16.500 	 0.000 	 90.000
FD10907	16.625 	 0.000 	 90.000
FD10907	16.750 	 0.000 	 90.000
FD10907	16.875 	 0.000 	 90.000
FD10907	17.000 	 0.000 	 90.000
FD10907	17.125 	 0.000 	 90.000
FD10907	17.250 	 0.000 	 90.000
FD10907	17.375 	 0.000 	 90.000
FD10907	17.500 	 0.000 	 90.000
FD10907	17.625 	 0.000 	 90.000
FD10907	17.750 	 0.000 	 90.000
FD10907	17.875 	 0.000 	 90.000
FD10907	18.000 	 0.000 	 90.000
FD10907	18.125 	 0.000 	 90.000
FD10907	18.250 	 0.000 	 90.000
FD10907	18.375 	 0.000 	 90.000
FD10907	18.500 	 0.000 	 90.000
FD10907	18.625 	 0.000 	 90.000
FD10907	18.750 	 0.000 	 90.000
FD10907	18.875 	 0.000 	 90.000
FD10907	19.000 	 0.000 	 90.000
FD10907	19.125 	 0.000 	 90.000
FD10907	19.250 	 0.000 	 90.000
FD10907	19.375 	 0.000 	 90.000
FD10907	19.500 	 0.000 	 90.000
FD10907	19.625 	 0.000 	 90.000
FD10907	19.750 	 0.000 	 90.000
FD10907	19.875 	 0.000 	 90.000
FD10907	20.000 	 0.000 	 90.000
FD10907	20.125 	 0.000 	 90.000
FD10907	20.250 	 0.000 	 90.000
FD10907	20.375 	 0.000 	 90.000
FD10907	20.500 	 0.000 	 90.000
FD10907	20.625 	 0.000 	 90.000
FD10907	20.750 	 0.000 	 90.000
FD10907	20.875 	 0.000 	 90.000
FD10907	21.000 	 0.000 	 90.000
FD10907	21.125 	 0.000 	 90.000
FD10907	21.250 	 0.000 	 90.000
FD10907	21.375 	 0.000 	 90.000
FD10907	21.500 	 0.000 	 90.000
FD10907	21.625 	 0.000 	 90.000
FD10907	21.750 	 0.000 	 90.000
FD10907	21.875 	 0.000 	 90.000
FD10907	22.000 	 0.000 	 90.000
FD10907	22.125 	 0.000 	 90.000
FD10907	22.250 	 0.000 	 90.000
FD10907	22.375 	 0.000 	 90.000
FD10907	22.500 	 0.000 	 90.000
FD10907	22.625 	 0.000 	 90.000
FD10907	22.750 	 0.000 	 90.000
FD10907	22.875 	 0.000 	 90.000
FD10907	23.000 	 0.000 	 90.000
FD10907	23.125 	 0.000 	 90.000
FD10907	23.250 	 0.000 	 90.000
FD10907	23.375 	 0.000 	 90.000
FD10907	23.500 	 0.000 	 90.000
FD10907	23.625 	 0.000 	 90.000
FD10907	23.750 	 0.000 	 90.000
FD10907	23.875 	 0.000 	 90.000
FD10907	24.000 	 0.000 	 90.000
FD10907	24.125 	 0.000 	 90.000
FD10907	24.250 	 0.000 	 90.000
FD10907	24.375 	 0.000 	 90.000
FD10907	24.500 	 0.000 	 90.000
FD10907	24.625 	 0.000 	 90.000
FD10907	24.750 	 0.000 	 90.000
FD10907	24.875 	 0.000 	 90.000
FD10907	25.000 	 0.000 	 90.000
FD10907	25.125 	 0.000 	 90.000
FD10907	25.250 	 0.000 	 90.000
FD10907	25.375 	 0.000 	 90.000
FD10907	25.500 	 0.000 	 90.000
FD10907	25.625 	 0.000 	 90.000
FD10907	25.750 	 0.000 	 90.000
FD10907	25.875 	 0.000 	 90.000
FD10907	26.000 	 0.000 	 90.000
FD10907	26.125 	 0.000 	 90.000
FD10907	26.250 	 0.000 	 90.000
FD10907	26.375 	 0.000 	 90.000
FD10907	26.500 	 0.000 	 90.000
FD10907	26.625 	 0.000 	 90.000
FD10907	26.750 	 0.000 	 90.000
FD10907	26.875 	 0.000 	 90.000
FD10907	27.000 	 0.000 	 90.000
FD10907	27.125 	 0.000 	 90.000
FD10907	27.250 	 0.000 	 90.000
FD10907	27.375 	 0.000 	 90.000
FD10907	27.500 	 0.000 	 90.000
FD10907	27.625 	 0.000 	 90.000
FD10907	27.750 	 0.000 	 90.000
FD10907	27.875 	 0.000 	 90.000
FD10907	28.000 	 0.000 	 90.000
FD10907	28.125 	 0.000 	 90.000
FD10907	28.250 	 0.000 	 90.000
FD10907	28.375 	 0.000 	 90.000
FD10907	28.500 	 0.000 	 90.000
FD10907	28.625 	 0.000 	 90.000
FD10907	28.750 	 0.000 	 90.000
FD10907	28.875 	 0.000 	 90.000
FD10907	29.000 	 0.000 	 90.000
FD10907	29.125 	 0.000 	 90.000
FD10907	29.250 	 0.000 	 90.000
FD10907	29.375 	 0.000 	 90.000
FD10907	29.500 	 0.000 	 90.000
FD10907	29.625 	 0.000 	 90.000
FD10907	29.750 	 0.000 	 90.000
FD10907	29.875 	 0.000 	 90.000
FD10907	30.000 	 0.000 	 90.000
FD10907	30.125 	 0.000 	 90.000
FD10907	30.250 	 0.000 	 90.000
FD10907	30.375 	 0.000 	 90.000
FD10907	30.500 	 0.000 	 90.000
FD10907	30.625 	 0.000 	 90.000
FD10907	30.750 	 0.000 	 90.000
FD10907	30.875 	 0.000 	 90.000
FD10907	31.000 	 0.000 	 90.000
FD10907	31.125 	 0.000 	 90.000
FD10907	31.250 	 0.000 	 90.000
FD10907	31.375 	 0.000 	 90.000
FD10907	31.500 	 0.000 	 90.000
FD10907	31.625 	 0.000 	 90.000
FD10907	31.750 	 0.000 	 90.000
FD10907	31.875 	 0.000 	 90.000
FD10907	32.000 	 0.000 	 90.000
FD10907	32.125 	 0.000 	 90.000
FD10907	32.250 	 0.000 	 90.000
FD10907	32.375 	 0.000 	 90.000
FD10907	32.500 	 0.000 	 90.000
FD10907	32.625 	 0.000 	 90.000
FD10907	32.750 	 0.000 	 90.000
FD10907	32.875 	 0.000 	 90.000
FD10907	33.000 	 0.000 	 90.000
FD10907	33.125 	 2.393 	 204.830
FD10907	33.250 	 2.406 	 204.973
FD10907	33.375 	 2.419 	 205.076
FD10907	33.500 	 2.431 	 205.192
FD10907	33.625 	 2.445 	 205.368
FD10907	33.750 	 2.457 	 205.615
FD10907	33.875 	 2.469 	 205.902
FD10907	34.000 	 2.481 	 206.182
FD10907	34.125 	 2.493 	 206.420
FD10907	34.250 	 2.505 	 206.609
FD10907	34.375 	 2.517 	 206.774
FD10907	34.500 	 2.531 	 206.907
FD10907	34.625 	 2.545 	 206.984
FD10907	34.750 	 2.560 	 206.996
FD10907	34.875 	 2.576 	 206.959
FD10907	35.000 	 2.593 	 206.924
FD10907	35.125 	 2.611 	 206.910
FD10907	35.250 	 2.629 	 206.923
FD10907	35.375 	 2.648 	 206.971
FD10907	35.500 	 2.669 	 207.044
FD10907	35.625 	 2.689 	 207.134
FD10907	35.750 	 2.712 	 207.207
FD10907	35.875 	 2.734 	 207.247
FD10907	36.000 	 2.758 	 207.261
FD10907	36.125 	 2.782 	 207.262
FD10907	36.250 	 2.806 	 207.253
FD10907	36.375 	 2.830 	 207.237
FD10907	36.500 	 2.855 	 207.234
FD10907	36.625 	 2.879 	 207.260
FD10907	36.750 	 2.902 	 207.312
FD10907	36.875 	 2.926 	 207.355
FD10907	37.000 	 2.948 	 207.355
FD10907	37.125 	 2.970 	 207.302
FD10907	37.250 	 2.990 	 207.215
FD10907	37.375 	 3.010 	 207.107
FD10907	37.500 	 3.030 	 206.995
FD10907	37.625 	 3.048 	 206.889
FD10907	37.750 	 3.067 	 206.811
FD10907	37.875 	 3.086 	 206.767
FD10907	38.000 	 3.106 	 206.743
FD10907	38.125 	 3.128 	 206.720
FD10907	38.250 	 3.149 	 206.671
FD10907	38.375 	 3.171 	 206.592
FD10907	38.500 	 3.194 	 206.480
FD10907	38.625 	 3.219 	 206.351
FD10907	38.750 	 3.244 	 206.235
FD10907	38.875 	 3.271 	 206.144
FD10907	39.000 	 3.299 	 206.084
FD10907	39.125 	 3.328 	 206.035
FD10907	39.250 	 3.358 	 205.976
FD10907	39.375 	 3.391 	 205.928
FD10907	39.500 	 3.424 	 205.922
FD10907	39.625 	 3.459 	 205.968
FD10907	39.750 	 3.495 	 206.026
FD10907	39.875 	 3.531 	 206.028
FD10907	40.000 	 3.569 	 205.954
FD10907	40.125 	 3.606 	 205.832
FD10907	40.250 	 3.644 	 205.705
FD10907	40.375 	 3.681 	 205.588
FD10907	40.500 	 3.718 	 205.459
FD10907	40.625 	 3.756 	 205.328
FD10907	40.750 	 3.794 	 205.226
FD10907	40.875 	 3.832 	 205.171
FD10907	41.000 	 3.870 	 205.147
FD10907	41.125 	 3.907 	 205.111
FD10907	41.250 	 3.945 	 205.064
FD10907	41.375 	 3.983 	 205.045
FD10907	41.500 	 4.021 	 205.096
FD10907	41.625 	 4.059 	 205.229
FD10907	41.750 	 4.097 	 205.394
FD10907	41.875 	 4.135 	 205.535
FD10907	42.000 	 4.173 	 205.627
FD10907	42.125 	 4.210 	 205.660
FD10907	42.250 	 4.247 	 205.654
FD10907	42.375 	 4.285 	 205.633
FD10907	42.500 	 4.322 	 205.627
FD10907	42.625 	 4.360 	 205.652
FD10907	42.750 	 4.397 	 205.696
FD10907	42.875 	 4.433 	 205.738
FD10907	43.000 	 4.470 	 205.767
FD10907	43.125 	 4.508 	 205.782
FD10907	43.250 	 4.544 	 205.784
FD10907	43.375 	 4.581 	 205.762
FD10907	43.500 	 4.619 	 205.714
FD10907	43.625 	 4.656 	 205.653
FD10907	43.750 	 4.693 	 205.601
FD10907	43.875 	 4.729 	 205.557
FD10907	44.000 	 4.766 	 205.503
FD10907	44.125 	 4.802 	 205.436
FD10907	44.250 	 4.838 	 205.367
FD10907	44.375 	 4.874 	 205.319
FD10907	44.500 	 4.910 	 205.294
FD10907	44.625 	 4.946 	 205.275
FD10907	44.750 	 4.982 	 205.249
FD10907	44.875 	 5.018 	 205.212
FD10907	45.000 	 5.053 	 205.178
FD10907	45.125 	 5.088 	 205.145
FD10907	45.250 	 5.124 	 205.116
FD10907	45.375 	 5.160 	 205.087
FD10907	45.500 	 5.194 	 205.045
FD10907	45.625 	 5.230 	 204.978
FD10907	45.750 	 5.264 	 204.875
FD10907	45.875 	 5.299 	 204.742
FD10907	46.000 	 5.335 	 204.593
FD10907	46.125 	 5.370 	 204.453
FD10907	46.250 	 5.404 	 204.346
FD10907	46.375 	 5.440 	 204.285
FD10907	46.500 	 5.475 	 204.266
FD10907	46.625 	 5.509 	 204.268
FD10907	46.750 	 5.544 	 204.265
FD10907	46.875 	 5.578 	 204.257
FD10907	47.000 	 5.613 	 204.255
FD10907	47.125 	 5.648 	 204.275
FD10907	47.250 	 5.682 	 204.336
FD10907	47.375 	 5.716 	 204.442
FD10907	47.500 	 5.749 	 204.571
FD10907	47.625 	 5.782 	 204.686
FD10907	47.750 	 5.815 	 204.748
FD10907	47.875 	 5.847 	 204.757
FD10907	48.000 	 5.880 	 204.738
FD10907	48.125 	 5.912 	 204.719
FD10907	48.250 	 5.945 	 204.720
FD10907	48.375 	 5.977 	 204.743
FD10907	48.500 	 6.009 	 204.766
FD10907	48.625 	 6.042 	 204.763
FD10907	48.750 	 6.074 	 204.719
FD10907	48.875 	 6.106 	 204.647
FD10907	49.000 	 6.139 	 204.577
FD10907	49.125 	 6.171 	 204.529
FD10907	49.250 	 6.205 	 204.512
FD10907	49.375 	 6.238 	 204.528
FD10907	49.500 	 6.270 	 204.571
FD10907	49.625 	 6.304 	 204.633
FD10907	49.750 	 6.337 	 204.696
FD10907	49.875 	 6.371 	 204.739
FD10907	50.000 	 6.404 	 204.755
FD10907	50.125 	 6.438 	 204.747
FD10907	50.250 	 6.472 	 204.728
FD10907	50.375 	 6.506 	 204.708
FD10907	50.500 	 6.539 	 204.696
FD10907	50.625 	 6.573 	 204.691
FD10907	50.750 	 6.607 	 204.690
FD10907	50.875 	 6.641 	 204.686
FD10907	51.000 	 6.675 	 204.679
FD10907	51.125 	 6.710 	 204.673
FD10907	51.250 	 6.745 	 204.677
FD10907	51.375 	 6.779 	 204.681
FD10907	51.500 	 6.814 	 204.655
FD10907	51.625 	 6.850 	 204.574
FD10907	51.750 	 6.885 	 204.456
FD10907	51.875 	 6.921 	 204.334
FD10907	52.000 	 6.957 	 204.248
FD10907	52.125 	 6.993 	 204.204
FD10907	52.250 	 7.029 	 204.178
FD10907	52.375 	 7.067 	 204.150
FD10907	52.500 	 7.103 	 204.106
FD10907	52.625 	 7.139 	 204.062
FD10907	52.750 	 7.177 	 204.044
FD10907	52.875 	 7.214 	 204.076
FD10907	53.000 	 7.251 	 204.146
FD10907	53.125 	 7.289 	 204.220
FD10907	53.250 	 7.326 	 204.264
FD10907	53.375 	 7.364 	 204.268
FD10907	53.500 	 7.402 	 204.243
FD10907	53.625 	 7.440 	 204.197
FD10907	53.750 	 7.478 	 204.141
FD10907	53.875 	 7.516 	 204.085
FD10907	54.000 	 7.556 	 204.045
FD10907	54.125 	 7.594 	 204.035
FD10907	54.250 	 7.634 	 204.051
FD10907	54.375 	 7.673 	 204.084
FD10907	54.500 	 7.713 	 204.116
FD10907	54.625 	 7.752 	 204.137
FD10907	54.750 	 7.792 	 204.145
FD10907	54.875 	 7.832 	 204.141
FD10907	55.000 	 7.872 	 204.147
FD10907	55.125 	 7.911 	 204.168
FD10907	55.250 	 7.951 	 204.201
FD10907	55.375 	 7.991 	 204.235
FD10907	55.500 	 8.031 	 204.263
FD10907	55.625 	 8.070 	 204.293
FD10907	55.750 	 8.110 	 204.331
FD10907	55.875 	 8.150 	 204.373
FD10907	56.000 	 8.190 	 204.405
FD10907	56.125 	 8.229 	 204.414
FD10907	56.250 	 8.269 	 204.417
FD10907	56.375 	 8.309 	 204.436
FD10907	56.500 	 8.349 	 204.477
FD10907	56.625 	 8.389 	 204.530
FD10907	56.750 	 8.429 	 204.553
FD10907	56.875 	 8.469 	 204.540
FD10907	57.000 	 8.509 	 204.503
FD10907	57.125 	 8.550 	 204.466
FD10907	57.250 	 8.590 	 204.440
FD10907	57.375 	 8.630 	 204.414
FD10907	57.500 	 8.671 	 204.372
FD10907	57.625 	 8.711 	 204.310
FD10907	57.750 	 8.751 	 204.239
FD10907	57.875 	 8.791 	 204.180
FD10907	58.000 	 8.831 	 204.163
FD10907	58.125 	 8.871 	 204.201
FD10907	58.250 	 8.911 	 204.293
FD10907	58.375 	 8.951 	 204.423
FD10907	58.500 	 8.990 	 204.570
FD10907	58.625 	 9.030 	 204.716
FD10907	58.750 	 9.070 	 204.837
FD10907	58.875 	 9.110 	 204.911
FD10907	59.000 	 9.150 	 204.924
FD10907	59.125 	 9.191 	 204.886
FD10907	59.250 	 9.231 	 204.824
FD10907	59.375 	 9.271 	 204.752
FD10907	59.500 	 9.313 	 204.676
FD10907	59.625 	 9.353 	 204.590
FD10907	59.750 	 9.394 	 204.500
FD10907	59.875 	 9.436 	 204.422
FD10907	60.000 	 9.477 	 204.369
FD10907	60.125 	 9.518 	 204.347
FD10907	60.250 	 9.560 	 204.356
FD10907	60.375 	 9.601 	 204.387
FD10907	60.500 	 9.643 	 204.414
FD10907	60.625 	 9.683 	 204.420
FD10907	60.750 	 9.725 	 204.411
FD10907	60.875 	 9.766 	 204.402
FD10907	61.000 	 9.806 	 204.409
FD10907	61.125 	 9.847 	 204.420
FD10907	61.250 	 9.887 	 204.415
FD10907	61.375 	 9.927 	 204.395
FD10907	61.500 	 9.968 	 204.370
FD10907	61.625 	 10.008 	 204.356
FD10907	61.750 	 10.048 	 204.343
FD10907	61.875 	 10.088 	 204.320
FD10907	62.000 	 10.129 	 204.302
FD10907	62.125 	 10.169 	 204.308
FD10907	62.250 	 10.209 	 204.351
FD10907	62.375 	 10.250 	 204.427
FD10907	62.500 	 10.290 	 204.532
FD10907	62.625 	 10.331 	 204.656
FD10907	62.750 	 10.373 	 204.782
FD10907	62.875 	 10.414 	 204.878
FD10907	63.000 	 10.455 	 204.907
FD10907	63.125 	 10.496 	 204.869
FD10907	63.250 	 10.537 	 204.795
FD10907	63.375 	 10.578 	 204.728
FD10907	63.500 	 10.618 	 204.695
FD10907	63.625 	 10.658 	 204.706
FD10907	63.750 	 10.698 	 204.761
FD10907	63.875 	 10.738 	 204.858
FD10907	64.000 	 10.777 	 204.983
FD10907	64.125 	 10.816 	 205.106
FD10907	64.250 	 10.855 	 205.200
FD10907	64.375 	 10.893 	 205.261
FD10907	64.500 	 10.932 	 205.313
FD10907	64.625 	 10.970 	 205.372
FD10907	64.750 	 11.006 	 205.433
FD10907	64.875 	 11.043 	 205.473
FD10907	65.000 	 11.080 	 205.474
FD10907	65.125 	 11.116 	 205.443
FD10907	65.250 	 11.151 	 205.391
FD10907	65.375 	 11.187 	 205.348
FD10907	65.500 	 11.221 	 205.344
FD10907	65.625 	 11.256 	 205.397
FD10907	65.750 	 11.291 	 205.503
FD10907	65.875 	 11.323 	 205.635
FD10907	66.000 	 11.358 	 205.756
FD10907	66.125 	 11.391 	 205.848
FD10907	66.250 	 11.424 	 205.908
FD10907	66.375 	 11.457 	 205.946
FD10907	66.500 	 11.489 	 205.978
FD10907	66.625 	 11.523 	 206.008
FD10907	66.750 	 11.554 	 206.030
FD10907	66.875 	 11.586 	 206.026
FD10907	67.000 	 11.619 	 205.988
FD10907	67.125 	 11.651 	 205.941
FD10907	67.250 	 11.684 	 205.930
FD10907	67.375 	 11.717 	 205.979
FD10907	67.500 	 11.749 	 206.077
FD10907	67.625 	 11.783 	 206.176
FD10907	67.750 	 11.815 	 206.216
FD10907	67.875 	 11.848 	 206.178
FD10907	68.000 	 11.882 	 206.082
FD10907	68.125 	 11.914 	 205.979
FD10907	68.250 	 11.948 	 205.899
FD10907	68.375 	 11.982 	 205.829
FD10907	68.500 	 12.015 	 205.752
FD10907	68.625 	 12.048 	 205.670
FD10907	68.750 	 12.081 	 205.609
FD10907	68.875 	 12.116 	 205.593
FD10907	69.000 	 12.148 	 205.611
FD10907	69.125 	 12.183 	 205.634
FD10907	69.250 	 12.215 	 205.638
FD10907	69.375 	 12.250 	 205.623
FD10907	69.500 	 12.282 	 205.606
FD10907	69.625 	 12.317 	 205.597
FD10907	69.750 	 12.349 	 205.597
FD10907	69.875 	 12.384 	 205.597
FD10907	70.000 	 12.418 	 205.586
FD10907	70.125 	 12.452 	 205.572
FD10907	70.250 	 12.487 	 205.562
FD10907	70.375 	 12.520 	 205.570
FD10907	70.500 	 12.554 	 205.601
FD10907	70.625 	 12.586 	 205.651
FD10907	70.750 	 12.621 	 205.703
FD10907	70.875 	 12.655 	 205.746
FD10907	71.000 	 12.688 	 205.781
FD10907	71.125 	 12.723 	 205.811
FD10907	71.250 	 12.755 	 205.838
FD10907	71.375 	 12.788 	 205.850
FD10907	71.500 	 12.821 	 205.836
FD10907	71.625 	 12.855 	 205.793
FD10907	71.750 	 12.887 	 205.730
FD10907	71.875 	 12.921 	 205.662
FD10907	72.000 	 12.953 	 205.607
FD10907	72.125 	 12.987 	 205.575
FD10907	72.250 	 13.020 	 205.571
FD10907	72.375 	 13.054 	 205.590
FD10907	72.500 	 13.087 	 205.615
FD10907	72.625 	 13.120 	 205.625
FD10907	72.750 	 13.154 	 205.599
FD10907	72.875 	 13.188 	 205.552
FD10907	73.000 	 13.222 	 205.517
FD10907	73.125 	 13.256 	 205.522
FD10907	73.250 	 13.289 	 205.588
FD10907	73.375 	 13.325 	 205.704
FD10907	73.500 	 13.357 	 205.846
FD10907	73.625 	 13.392 	 205.977
FD10907	73.750 	 13.427 	 206.071
FD10907	73.875 	 13.461 	 206.128
FD10907	74.000 	 13.495 	 206.174
FD10907	74.125 	 13.530 	 206.232
FD10907	74.250 	 13.565 	 206.307
FD10907	74.375 	 13.599 	 206.394
FD10907	74.500 	 13.633 	 206.478
FD10907	74.625 	 13.668 	 206.548
FD10907	74.750 	 13.704 	 206.583
FD10907	74.875 	 13.738 	 206.586
FD10907	75.000 	 13.774 	 206.572
FD10907	75.125 	 13.808 	 206.545
FD10907	75.250 	 13.844 	 206.497
FD10907	75.375 	 13.878 	 206.426
FD10907	75.500 	 13.914 	 206.342
FD10907	75.625 	 13.949 	 206.275
FD10907	75.750 	 13.984 	 206.254
FD10907	75.875 	 14.019 	 206.285
FD10907	76.000 	 14.055 	 206.355
FD10907	76.125 	 14.090 	 206.436
FD10907	76.250 	 14.126 	 206.507
FD10907	76.375 	 14.160 	 206.554
FD10907	76.500 	 14.196 	 206.571
FD10907	76.625 	 14.230 	 206.560
FD10907	76.750 	 14.266 	 206.523
FD10907	76.875 	 14.299 	 206.466
FD10907	77.000 	 14.335 	 206.403
FD10907	77.125 	 14.370 	 206.347
FD10907	77.250 	 14.403 	 206.316
FD10907	77.375 	 14.439 	 206.322
FD10907	77.500 	 14.473 	 206.376
FD10907	77.625 	 14.508 	 206.474
FD10907	77.750 	 14.544 	 206.598
FD10907	77.875 	 14.578 	 206.730
FD10907	78.000 	 14.613 	 206.854
FD10907	78.125 	 14.649 	 206.972
FD10907	78.250 	 14.683 	 207.078
FD10907	78.375 	 14.718 	 207.170
FD10907	78.500 	 14.753 	 207.235
FD10907	78.625 	 14.789 	 207.262
FD10907	78.750 	 14.821 	 207.243
FD10907	78.875 	 14.857 	 207.188
FD10907	79.000 	 14.891 	 207.123
FD10907	79.125 	 14.925 	 207.089
FD10907	79.250 	 14.957 	 207.095
FD10907	79.375 	 14.991 	 207.125
FD10907	79.500 	 15.023 	 207.156
FD10907	79.625 	 15.054 	 207.178
FD10907	79.750 	 15.086 	 207.207
FD10907	79.875 	 15.116 	 207.244
FD10907	80.000 	 15.147 	 207.287
FD10907	80.125 	 15.178 	 207.341
FD10907	80.250 	 15.208 	 207.415
FD10907	80.375 	 15.237 	 207.509
FD10907	80.500 	 15.267 	 207.603
FD10907	80.625 	 15.297 	 207.665
FD10907	80.750 	 15.327 	 207.672
FD10907	80.875 	 15.355 	 207.628
FD10907	81.000 	 15.387 	 207.556
FD10907	81.125 	 15.416 	 207.480
FD10907	81.250 	 15.446 	 207.429
FD10907	81.375 	 15.476 	 207.411
FD10907	81.500 	 15.508 	 207.422
FD10907	81.625 	 15.538 	 207.439
FD10907	81.750 	 15.571 	 207.434
FD10907	81.875 	 15.601 	 207.401
FD10907	82.000 	 15.634 	 207.354
FD10907	82.125 	 15.664 	 207.310
FD10907	82.250 	 15.697 	 207.286
FD10907	82.375 	 15.728 	 207.290
FD10907	82.500 	 15.760 	 207.323
FD10907	82.625 	 15.792 	 207.383
FD10907	82.750 	 15.825 	 207.466
FD10907	82.875 	 15.856 	 207.569
FD10907	83.000 	 15.889 	 207.688
FD10907	83.125 	 15.920 	 207.796
FD10907	83.250 	 15.953 	 207.857
FD10907	83.375 	 15.986 	 207.856
FD10907	83.500 	 16.017 	 207.814
FD10907	83.625 	 16.049 	 207.767
FD10907	83.750 	 16.082 	 207.741
FD10907	83.875 	 16.113 	 207.731
FD10907	84.000 	 16.147 	 207.731
FD10907	84.125 	 16.178 	 207.744
FD10907	84.250 	 16.212 	 207.774
FD10907	84.375 	 16.244 	 207.826
FD10907	84.500 	 16.277 	 207.888
FD10907	84.625 	 16.311 	 207.945
FD10907	84.750 	 16.342 	 207.989
FD10907	84.875 	 16.375 	 208.015
FD10907	85.000 	 16.409 	 208.033
FD10907	85.125 	 16.441 	 208.050
FD10907	85.250 	 16.474 	 208.069
FD10907	85.375 	 16.508 	 208.089
FD10907	85.500 	 16.540 	 208.100
FD10907	85.625 	 16.572 	 208.094
FD10907	85.750 	 16.606 	 208.077
FD10907	85.875 	 16.638 	 208.068
FD10907	86.000 	 16.670 	 208.079
FD10907	86.125 	 16.704 	 208.110
FD10907	86.250 	 16.735 	 208.141
FD10907	86.375 	 16.768 	 208.149
FD10907	86.500 	 16.800 	 208.124
FD10907	86.625 	 16.832 	 208.068
FD10907	86.750 	 16.865 	 208.005
FD10907	86.875 	 16.897 	 207.966
FD10907	87.000 	 16.929 	 207.977
FD10907	87.125 	 16.962 	 208.043
FD10907	87.250 	 16.994 	 208.142
FD10907	87.375 	 17.027 	 208.246
FD10907	87.500 	 17.059 	 208.333
FD10907	87.625 	 17.092 	 208.406
FD10907	87.750 	 17.123 	 208.474
FD10907	87.875 	 17.156 	 208.530
FD10907	88.000 	 17.188 	 208.562
FD10907	88.125 	 17.223 	 208.567
FD10907	88.250 	 17.253 	 208.558
FD10907	88.375 	 17.287 	 208.553
FD10907	88.500 	 17.320 	 208.557
FD10907	88.625 	 17.351 	 208.569
FD10907	88.750 	 17.385 	 208.574
FD10907	88.875 	 17.415 	 208.569
FD10907	89.000 	 17.448 	 208.557
FD10907	89.125 	 17.481 	 208.536
FD10907	89.250 	 17.512 	 208.505
FD10907	89.375 	 17.544 	 208.445
FD10907	89.500 	 17.578 	 208.357
FD10907	89.625 	 17.608 	 208.254
FD10907	89.750 	 17.642 	 208.162
FD10907	89.875 	 17.674 	 208.100
FD10907	90.000 	 17.706 	 208.065
FD10907	90.125 	 17.739 	 208.048
FD10907	90.250 	 17.772 	 208.036
FD10907	90.375 	 17.803 	 208.037
FD10907	90.500 	 17.838 	 208.059
FD10907	90.625 	 17.871 	 208.118
FD10907	90.750 	 17.903 	 208.211
FD10907	90.875 	 17.936 	 208.317
FD10907	91.000 	 17.970 	 208.411
FD10907	91.125 	 18.002 	 208.474
FD10907	91.250 	 18.035 	 208.515
FD10907	91.375 	 18.069 	 208.550
FD10907	91.500 	 18.103 	 208.589
FD10907	91.625 	 18.135 	 208.627
FD10907	91.750 	 18.167 	 208.647
FD10907	91.875 	 18.201 	 208.641
FD10907	92.000 	 18.234 	 208.621
FD10907	92.125 	 18.266 	 208.604
FD10907	92.250 	 18.299 	 208.605
FD10907	92.375 	 18.331 	 208.626
FD10907	92.500 	 18.364 	 208.652
FD10907	92.625 	 18.398 	 208.674
FD10907	92.750 	 18.430 	 208.682
FD10907	92.875 	 18.464 	 208.682
FD10907	93.000 	 18.497 	 208.688
FD10907	93.125 	 18.531 	 208.713
FD10907	93.250 	 18.564 	 208.763
FD10907	93.375 	 18.598 	 208.838
FD10907	93.500 	 18.631 	 208.909
FD10907	93.625 	 18.667 	 208.949
FD10907	93.750 	 18.702 	 208.947
FD10907	93.875 	 18.735 	 208.918
FD10907	94.000 	 18.770 	 208.896
FD10907	94.125 	 18.806 	 208.901
FD10907	94.250 	 18.841 	 208.925
FD10907	94.375 	 18.876 	 208.957
FD10907	94.500 	 18.913 	 208.987
FD10907	94.625 	 18.948 	 209.016
FD10907	94.750 	 18.984 	 209.047
FD10907	94.875 	 19.020 	 209.085
FD10907	95.000 	 19.056 	 209.138
FD10907	95.125 	 19.093 	 209.210
FD10907	95.250 	 19.128 	 209.285
FD10907	95.375 	 19.165 	 209.354
FD10907	95.500 	 19.202 	 209.403
FD10907	95.625 	 19.236 	 209.440
FD10907	95.750 	 19.273 	 209.474
FD10907	95.875 	 19.310 	 209.505
FD10907	96.000 	 19.346 	 209.524
FD10907	96.125 	 19.380 	 209.524
FD10907	96.250 	 19.417 	 209.512
FD10907	96.375 	 19.452 	 209.500
FD10907	96.500 	 19.489 	 209.490
FD10907	96.625 	 19.524 	 209.477
FD10907	96.750 	 19.559 	 209.453
FD10907	96.875 	 19.596 	 209.417
FD10907	97.000 	 19.631 	 209.371
FD10907	97.125 	 19.667 	 209.318
FD10907	97.250 	 19.704 	 209.273
FD10907	97.375 	 19.738 	 209.254
FD10907	97.500 	 19.775 	 209.274
FD10907	97.625 	 19.812 	 209.331
FD10907	97.750 	 19.847 	 209.406
FD10907	97.875 	 19.885 	 209.475
FD10907	98.000 	 19.921 	 209.515
FD10907	98.125 	 19.958 	 209.518
FD10907	98.250 	 19.997 	 209.498
FD10907	98.375 	 20.035 	 209.489
FD10907	98.500 	 20.072 	 209.518
FD10907	98.625 	 20.112 	 209.572
FD10907	98.750 	 20.152 	 209.604
FD10907	98.875 	 20.193 	 209.575
FD10907	99.000 	 20.234 	 209.480
FD10907	99.125 	 20.275 	 209.350
FD10907	99.250 	 20.317 	 209.230
FD10907	99.375 	 20.361 	 209.143
FD10907	99.500 	 20.403 	 209.098
FD10907	99.625 	 20.447 	 209.091
FD10907	99.750 	 20.491 	 209.125
FD10907	99.875 	 20.535 	 209.197
FD10907	100.000 	 20.579 	 209.302
FD10907	100.125 	 20.623 	 209.425
FD10907	100.250 	 20.668 	 209.547
FD10907	100.375 	 20.712 	 209.655
FD10907	100.500 	 20.756 	 209.741
FD10907	100.625 	 20.800 	 209.823
FD10907	100.750 	 20.843 	 209.892
FD10907	100.875 	 20.887 	 209.938
FD10907	101.000 	 20.929 	 209.948
FD10907	101.125 	 20.971 	 209.928
FD10907	101.250 	 21.012 	 209.918
FD10907	101.375 	 21.054 	 209.940
FD10907	101.500 	 21.094 	 210.003
FD10907	101.625 	 21.134 	 210.092
FD10907	101.750 	 21.174 	 210.179
FD10907	101.875 	 21.213 	 210.242
FD10907	102.000 	 21.252 	 210.278
FD10907	102.125 	 21.292 	 210.294
FD10907	102.250 	 21.329 	 210.318
FD10907	102.375 	 21.366 	 210.365
FD10907	102.500 	 21.403 	 210.431
FD10907	102.625 	 21.441 	 210.497
FD10907	102.750 	 21.477 	 210.551
FD10907	102.875 	 21.515 	 210.593
FD10907	103.000 	 21.550 	 210.617
FD10907	103.125 	 21.587 	 210.618
FD10907	103.250 	 21.622 	 210.584
FD10907	103.375 	 21.658 	 210.515
FD10907	103.500 	 21.693 	 210.419
FD10907	103.625 	 21.728 	 210.311
FD10907	103.750 	 21.764 	 210.216
FD10907	103.875 	 21.799 	 210.165
FD10907	104.000 	 21.832 	 210.171
FD10907	104.125 	 21.865 	 210.230
FD10907	104.250 	 21.900 	 210.310
FD10907	104.375 	 21.933 	 210.371
FD10907	104.500 	 21.965 	 210.387
FD10907	104.625 	 21.998 	 210.353
FD10907	104.750 	 22.030 	 210.296
FD10907	104.875 	 22.062 	 210.253
FD10907	105.000 	 22.093 	 210.239
FD10907	105.125 	 22.124 	 210.247
FD10907	105.250 	 22.157 	 210.252
FD10907	105.375 	 22.187 	 210.239
FD10907	105.500 	 22.219 	 210.220
FD10907	105.625 	 22.249 	 210.216
FD10907	105.750 	 22.280 	 210.237
FD10907	105.875 	 22.311 	 210.283
FD10907	106.000 	 22.345 	 210.329
FD10907	106.125 	 22.375 	 210.365
FD10907	106.250 	 22.408 	 210.368
FD10907	106.375 	 22.441 	 210.332
FD10907	106.500 	 22.473 	 210.254
FD10907	106.625 	 22.507 	 210.143
FD10907	106.750 	 22.541 	 210.024
FD10907	106.875 	 22.574 	 209.918
FD10907	107.000 	 22.608 	 209.837
FD10907	107.125 	 22.643 	 209.775
FD10907	107.250 	 22.676 	 209.723
FD10907	107.375 	 22.713 	 209.668
FD10907	107.500 	 22.747 	 209.614
FD10907	107.625 	 22.782 	 209.567
FD10907	107.750 	 22.820 	 209.536
FD10907	107.875 	 22.854 	 209.526
FD10907	108.000 	 22.890 	 209.521
FD10907	108.125 	 22.925 	 209.507
FD10907	108.250 	 22.962 	 209.477
FD10907	108.375 	 22.999 	 209.442
FD10907	108.500 	 23.035 	 209.422
FD10907	108.625 	 23.071 	 209.429
FD10907	108.750 	 23.108 	 209.454
FD10907	108.875 	 23.143 	 209.492
FD10907	109.000 	 23.180 	 209.539
FD10907	109.125 	 23.214 	 209.591
FD10907	109.250 	 23.251 	 209.645
FD10907	109.375 	 23.286 	 209.712
FD10907	109.500 	 23.321 	 209.794
FD10907	109.625 	 23.357 	 209.887
FD10907	109.750 	 23.391 	 209.975
FD10907	109.875 	 23.427 	 210.038
FD10907	110.000 	 23.460 	 210.079
FD10907	110.125 	 23.494 	 210.109
FD10907	110.250 	 23.528 	 210.144
FD10907	110.375 	 23.561 	 210.187
FD10907	110.500 	 23.595 	 210.225
FD10907	110.625 	 23.629 	 210.246
FD10907	110.750 	 23.661 	 210.239
FD10907	110.875 	 23.694 	 210.204
FD10907	111.000 	 23.727 	 210.155
FD10907	111.125 	 23.758 	 210.108
FD10907	111.250 	 23.792 	 210.075
FD10907	111.375 	 23.823 	 210.050
FD10907	111.500 	 23.855 	 210.018
FD10907	111.625 	 23.889 	 209.967
FD10907	111.750 	 23.920 	 209.897
FD10907	111.875 	 23.953 	 209.821
FD10907	112.000 	 23.986 	 209.755
FD10907	112.125 	 24.020 	 209.707
FD10907	112.250 	 24.053 	 209.663
FD10907	112.375 	 24.085 	 209.616
FD10907	112.500 	 24.121 	 209.568
FD10907	112.625 	 24.154 	 209.531
FD10907	112.750 	 24.190 	 209.515
FD10907	112.875 	 24.224 	 209.522
FD10907	113.000 	 24.261 	 209.530
FD10907	113.125 	 24.298 	 209.527
FD10907	113.250 	 24.333 	 209.510
FD10907	113.375 	 24.370 	 209.494
FD10907	113.500 	 24.408 	 209.499
FD10907	113.625 	 24.446 	 209.542
FD10907	113.750 	 24.484 	 209.605
FD10907	113.875 	 24.523 	 209.669
FD10907	114.000 	 24.562 	 209.731
FD10907	114.125 	 24.601 	 209.783
FD10907	114.250 	 24.640 	 209.835
FD10907	114.375 	 24.679 	 209.877
FD10907	114.500 	 24.721 	 209.905
FD10907	114.625 	 24.760 	 209.912
FD10907	114.750 	 24.801 	 209.900
FD10907	114.875 	 24.841 	 209.876
FD10907	115.000 	 24.882 	 209.838
FD10907	115.125 	 24.921 	 209.798
FD10907	115.250 	 24.963 	 209.781
FD10907	115.375 	 25.005 	 209.808
FD10907	115.500 	 25.044 	 209.887
FD10907	115.625 	 25.085 	 209.993
FD10907	115.750 	 25.127 	 210.097
FD10907	115.875 	 25.166 	 210.182
FD10907	116.000 	 25.207 	 210.247
FD10907	116.125 	 25.248 	 210.293
FD10907	116.250 	 25.290 	 210.319
FD10907	116.375 	 25.329 	 210.327
FD10907	116.500 	 25.369 	 210.319
FD10907	116.625 	 25.409 	 210.305
FD10907	116.750 	 25.448 	 210.295
FD10907	116.875 	 25.488 	 210.304
FD10907	117.000 	 25.527 	 210.334
FD10907	117.125 	 25.566 	 210.376
FD10907	117.250 	 25.607 	 210.416
FD10907	117.375 	 25.643 	 210.443
FD10907	117.500 	 25.683 	 210.463
FD10907	117.625 	 25.720 	 210.469
FD10907	117.750 	 25.761 	 210.445
FD10907	117.875 	 25.798 	 210.392
FD10907	118.000 	 25.835 	 210.312
FD10907	118.125 	 25.875 	 210.226
FD10907	118.250 	 25.911 	 210.137
FD10907	118.375 	 25.946 	 210.060
FD10907	118.500 	 25.984 	 209.994
FD10907	118.625 	 26.022 	 209.942
FD10907	118.750 	 26.059 	 209.898
FD10907	118.875 	 26.094 	 209.863
FD10907	119.000 	 26.129 	 209.840
FD10907	119.125 	 26.166 	 209.835
FD10907	119.250 	 26.203 	 209.841
FD10907	119.375 	 26.238 	 209.848
FD10907	119.500 	 26.271 	 209.838
FD10907	119.625 	 26.306 	 209.811
FD10907	119.750 	 26.341 	 209.770
FD10907	119.875 	 26.376 	 209.717
FD10907	120.000 	 26.407 	 209.652
FD10907	120.125 	 26.442 	 209.569
FD10907	120.250 	 26.476 	 209.471
FD10907	120.375 	 26.507 	 209.363
FD10907	120.500 	 26.539 	 209.263
FD10907	120.625 	 26.572 	 209.179
FD10907	120.750 	 26.604 	 209.105
FD10907	120.875 	 26.633 	 209.032
FD10907	121.000 	 26.664 	 208.950
FD10907	121.125 	 26.695 	 208.874
FD10907	121.250 	 26.721 	 208.825
FD10907	121.375 	 26.752 	 208.817
FD10907	121.500 	 26.779 	 208.849
FD10907	121.625 	 26.807 	 208.913
FD10907	121.750 	 26.831 	 208.999
FD10907	121.875 	 26.858 	 209.083
FD10907	122.000 	 26.884 	 209.153
FD10907	122.125 	 26.907 	 209.194
FD10907	122.250 	 26.929 	 209.200
FD10907	122.375 	 26.954 	 209.180
FD10907	122.500 	 26.977 	 209.162
FD10907	122.625 	 26.997 	 209.163
FD10907	122.750 	 27.018 	 209.197
FD10907	122.875 	 27.039 	 209.255
FD10907	123.000 	 27.058 	 209.316
FD10907	123.125 	 27.079 	 209.364
FD10907	123.250 	 27.098 	 209.389
FD10907	123.375 	 27.116 	 209.386
FD10907	123.500 	 27.133 	 209.358
FD10907	123.625 	 27.151 	 209.315
FD10907	123.750 	 27.169 	 209.265
FD10907	123.875 	 27.186 	 209.218
FD10907	124.000 	 27.202 	 209.178
FD10907	124.125 	 27.218 	 209.140
FD10907	124.250 	 27.233 	 209.105
FD10907	124.375 	 27.249 	 209.073
FD10907	124.500 	 27.263 	 209.055
FD10907	124.625 	 27.278 	 209.048
FD10907	124.750 	 27.292 	 209.050
FD10907	124.875 	 27.307 	 209.046
FD10907	125.000 	 27.318 	 209.030
FD10907	125.125 	 27.331 	 209.000
FD10907	125.250 	 27.344 	 208.956
FD10907	125.375 	 27.354 	 208.909
FD10907	125.500 	 27.365 	 208.868
FD10907	125.625 	 27.376 	 208.847
FD10907	125.750 	 27.386 	 208.838
FD10907	125.875 	 27.396 	 208.828
FD10907	126.000 	 27.403 	 208.812
FD10907	126.125 	 27.414 	 208.813
FD10907	126.250 	 27.422 	 208.851
FD10907	126.375 	 27.431 	 208.923
FD10907	126.500 	 27.438 	 208.981
FD10907	126.625 	 27.449 	 208.987
FD10907	126.750 	 27.454 	 208.948
FD10907	126.875 	 27.463 	 208.895
FD10907	127.000 	 27.473 	 208.856
FD10907	127.125 	 27.482 	 208.830
FD10907	127.250 	 27.491 	 208.796
FD10907	127.375 	 27.499 	 208.755
FD10907	127.500 	 27.510 	 208.716
FD10907	127.625 	 27.520 	 208.700
FD10907	127.750 	 27.529 	 208.710
FD10907	127.875 	 27.541 	 208.738
FD10907	128.000 	 27.551 	 208.770
FD10907	128.125 	 27.561 	 208.799
FD10907	128.250 	 27.572 	 208.824
FD10907	128.375 	 27.582 	 208.847
FD10907	128.500 	 27.590 	 208.869
FD10907	128.625 	 27.601 	 208.876
FD10907	128.750 	 27.608 	 208.864
FD10907	128.875 	 27.618 	 208.839
FD10907	129.000 	 27.626 	 208.826
FD10907	129.125 	 27.634 	 208.832
FD10907	129.250 	 27.640 	 208.849
FD10907	129.375 	 27.646 	 208.853
FD10907	129.500 	 27.654 	 208.839
FD10907	129.625 	 27.659 	 208.810
FD10907	129.750 	 27.664 	 208.787
FD10907	129.875 	 27.670 	 208.776
FD10907	130.000 	 27.674 	 208.765
FD10907	130.125 	 27.680 	 208.750
FD10907	130.250 	 27.684 	 208.733
FD10907	130.375 	 27.688 	 208.720
FD10907	130.500 	 27.694 	 208.717
FD10907	130.625 	 27.697 	 208.705
FD10907	130.750 	 27.702 	 208.678
FD10907	130.875 	 27.708 	 208.640
FD10907	131.000 	 27.711 	 208.614
FD10907	131.125 	 27.716 	 208.605
FD10907	131.250 	 27.718 	 208.606
FD10907	131.375 	 27.724 	 208.599
FD10907	131.500 	 27.727 	 208.576
FD10907	131.625 	 27.731 	 208.537
FD10907	131.750 	 27.733 	 208.481
FD10907	131.875 	 27.735 	 208.419
FD10907	132.000 	 27.740 	 208.376
FD10907	132.125 	 27.743 	 208.370
FD10907	132.250 	 27.744 	 208.403
FD10907	132.375 	 27.747 	 208.459
FD10907	132.500 	 27.751 	 208.506
FD10907	132.625 	 27.751 	 208.536
FD10907	132.750 	 27.754 	 208.544
FD10907	132.875 	 27.754 	 208.552
FD10907	133.000 	 27.762 	 208.577
FD10907	133.125 	 27.758 	 208.614
FD10907	133.250 	 27.765 	 208.656
FD10907	133.375 	 27.761 	 208.688
FD10907	133.500 	 27.769 	 208.718
FD10907	133.625 	 27.768 	 208.750
FD10907	133.750 	 27.774 	 208.779
FD10907	133.875 	 27.776 	 208.794
FD10907	134.000 	 27.778 	 208.790
FD10907	134.125 	 27.781 	 208.768
FD10907	134.250 	 27.787 	 208.742
FD10907	134.375 	 27.787 	 208.722
FD10907	134.500 	 27.796 	 208.716
FD10907	134.625 	 27.795 	 208.725
FD10907	134.750 	 27.798 	 208.736
FD10907	134.875 	 27.804 	 208.737
FD10907	135.000 	 27.808 	 208.722
FD10907	135.125 	 27.811 	 208.710
FD10907	135.250 	 27.817 	 208.716
FD10907	135.375 	 27.820 	 208.740
FD10907	135.500 	 27.823 	 208.766
FD10907	135.625 	 27.826 	 208.789
FD10907	135.750 	 27.832 	 208.800
FD10907	135.875 	 27.835 	 208.800
FD10907	136.000 	 27.838 	 208.795
FD10907	136.125 	 27.841 	 208.795
FD10907	136.250 	 27.844 	 208.809
FD10907	136.375 	 27.853 	 208.840
FD10907	136.500 	 27.850 	 208.875
FD10907	136.625 	 27.859 	 208.904
FD10907	136.750 	 27.862 	 208.909
FD10907	136.875 	 27.862 	 208.890
FD10907	137.000 	 27.872 	 208.845
FD10907	137.125 	 27.872 	 208.781
FD10907	137.250 	 27.875 	 208.706
FD10907	137.375 	 27.886 	 208.627
FD10907	137.500 	 27.882 	 208.552
FD10907	137.625 	 27.892 	 208.489
FD10907	137.750 	 27.896 	 208.447
FD10907	137.875 	 27.900 	 208.435
FD10907	138.000 	 27.907 	 208.449
FD10907	138.125 	 27.911 	 208.493
FD10907	138.250 	 27.916 	 208.559
FD10907	138.375 	 27.923 	 208.628
FD10907	138.500 	 27.928 	 208.678
FD10907	138.625 	 27.936 	 208.692
FD10907	138.750 	 27.937 	 208.669
FD10907	138.875 	 27.949 	 208.610
FD10907	139.000 	 27.949 	 208.530
FD10907	139.125 	 27.961 	 208.443
FD10907	139.250 	 27.963 	 208.367
FD10907	139.375 	 27.966 	 208.308
FD10907	139.500 	 27.977 	 208.266
FD10907	139.625 	 27.978 	 208.240
FD10907	139.750 	 27.985 	 208.256
FD10907	139.875 	 27.989 	 208.328
FD10907	140.000 	 27.995 	 208.456
FD10907	140.125 	 27.994 	 208.620
FD10907	140.250 	 28.000 	 208.783
FD10907	140.375 	 28.002 	 208.897
FD10907	140.500 	 28.007 	 208.932
FD10907	140.625 	 28.002 	 208.885
FD10907	140.750 	 28.010 	 208.794
FD10907	140.875 	 28.010 	 208.710
FD10907	141.000 	 28.008 	 208.659
FD10907	141.125 	 28.007 	 208.647
FD10907	141.250 	 28.011 	 208.659
FD10907	141.375 	 28.010 	 208.684
FD10907	141.500 	 28.006 	 208.715
FD10907	141.625 	 28.005 	 208.750
FD10907	141.750 	 28.008 	 208.779
FD10907	141.875 	 28.000 	 208.798
FD10907	142.000 	 28.006 	 208.811
FD10907	142.125 	 27.998 	 208.822
FD10907	142.250 	 28.003 	 208.848
FD10907	142.375 	 27.995 	 208.895
FD10907	142.500 	 27.997 	 208.967
FD10907	142.625 	 27.996 	 209.036
FD10907	142.750 	 27.990 	 209.059
FD10907	142.875 	 27.989 	 209.020
FD10907	143.000 	 27.987 	 208.925
FD10907	143.125 	 27.985 	 208.813
FD10907	143.250 	 27.983 	 208.725
FD10907	143.375 	 27.978 	 208.680
FD10907	143.500 	 27.976 	 208.679
FD10907	143.625 	 27.978 	 208.701
FD10907	143.750 	 27.968 	 208.724
FD10907	143.875 	 27.974 	 208.727
FD10907	144.000 	 27.966 	 208.722
FD10907	144.125 	 27.964 	 208.727
FD10907	144.250 	 27.970 	 208.741
FD10907	144.375 	 27.962 	 208.756
FD10907	144.500 	 27.961 	 208.766
FD10907	144.625 	 27.961 	 208.783
FD10907	144.750 	 27.960 	 208.830
FD10907	144.875 	 27.963 	 208.905
FD10907	145.000 	 27.959 	 208.980
FD10907	145.125 	 27.963 	 209.025
FD10907	145.250 	 27.959 	 209.032
FD10907	145.375 	 27.960 	 209.023
FD10907	145.500 	 27.960 	 209.026
FD10907	145.625 	 27.961 	 209.059
FD10907	145.750 	 27.961 	 209.117
FD10907	145.875 	 27.965 	 209.171
FD10907	146.000 	 27.966 	 209.190
FD10907	146.125 	 27.963 	 209.156
FD10907	146.250 	 27.968 	 209.078
FD10907	146.375 	 27.968 	 208.976
FD10907	146.500 	 27.966 	 208.885
FD10907	146.625 	 27.974 	 208.831
FD10907	146.750 	 27.968 	 208.831
FD10907	146.875 	 27.977 	 208.873
FD10907	147.000 	 27.971 	 208.935
FD10907	147.125 	 27.979 	 208.995
FD10907	147.250 	 27.981 	 209.043
FD10907	147.375 	 27.980 	 209.077
FD10907	147.500 	 27.985 	 209.100
FD10907	147.625 	 27.986 	 209.112
FD10907	147.750 	 27.988 	 209.122
FD10907	147.875 	 27.994 	 209.123
FD10907	148.000 	 27.992 	 209.130
FD10907	148.125 	 27.994 	 209.142
FD10907	148.250 	 28.002 	 209.161
FD10907	148.375 	 27.997 	 209.181
FD10907	148.500 	 28.001 	 209.191
FD10907	148.625 	 28.003 	 209.188
FD10907	148.750 	 28.006 	 209.179
FD10907	148.875 	 28.000 	 209.161
FD10907	149.000 	 28.007 	 209.131
FD10907	149.125 	 28.003 	 209.096
FD10907	149.250 	 28.003 	 209.068
FD10907	149.375 	 28.002 	 209.054
FD10907	149.500 	 28.002 	 209.036
FD10907	149.625 	 28.001 	 209.005
FD10907	149.750 	 28.000 	 208.966
FD10907	149.875 	 27.996 	 208.944
FD10907	150.000 	 28.002 	 208.955
FD10907	150.125 	 27.994 	 208.989
FD10907	150.250 	 27.994 	 209.005
FD10907	150.375 	 27.996 	 208.984
FD10907	150.500 	 27.995 	 208.945
FD10907	150.625 	 27.991 	 208.909
FD10907	150.750 	 27.991 	 208.890
FD10907	150.875 	 27.995 	 208.871
FD10907	151.000 	 27.992 	 208.819
FD10907	151.125 	 27.996 	 208.739
FD10907	151.250 	 27.994 	 208.651
FD10907	151.375 	 27.999 	 208.587
FD10907	151.500 	 28.000 	 208.562
FD10907	151.625 	 28.002 	 208.549
FD10907	151.750 	 28.004 	 208.531
FD10907	151.875 	 28.010 	 208.495
FD10907	152.000 	 28.008 	 208.438
FD10907	152.125 	 28.014 	 208.366
FD10907	152.250 	 28.016 	 208.293
FD10907	152.375 	 28.019 	 208.235
FD10907	152.500 	 28.025 	 208.197
FD10907	152.625 	 28.025 	 208.181
FD10907	152.750 	 28.034 	 208.180
FD10907	152.875 	 28.031 	 208.188
FD10907	153.000 	 28.039 	 208.187
FD10907	153.125 	 28.042 	 208.169
FD10907	153.250 	 28.046 	 208.139
FD10907	153.375 	 28.048 	 208.113
FD10907	153.500 	 28.050 	 208.102
FD10907	153.625 	 28.052 	 208.112
FD10907	153.750 	 28.056 	 208.138
FD10907	153.875 	 28.059 	 208.183
FD10907	154.000 	 28.059 	 208.238
FD10907	154.125 	 28.062 	 208.291
FD10907	154.250 	 28.063 	 208.334
FD10907	154.375 	 28.065 	 208.355
FD10907	154.500 	 28.069 	 208.370
FD10907	154.625 	 28.070 	 208.373
FD10907	154.750 	 28.068 	 208.348
FD10907	154.875 	 28.075 	 208.300
FD10907	155.000 	 28.072 	 208.230
FD10907	155.125 	 28.080 	 208.145
FD10907	155.250 	 28.080 	 208.047
FD10907	155.375 	 28.086 	 207.934
FD10907	155.500 	 28.085 	 207.809
FD10907	155.625 	 28.096 	 207.709
FD10907	155.750 	 28.095 	 207.649
FD10907	155.875 	 28.104 	 207.634
FD10907	156.000 	 28.109 	 207.642
FD10907	156.125 	 28.116 	 207.637
FD10907	156.250 	 28.123 	 207.602
FD10907	156.375 	 28.128 	 207.545
FD10907	156.500 	 28.141 	 207.489
FD10907	156.625 	 28.148 	 207.455
FD10907	156.750 	 28.154 	 207.482
FD10907	156.875 	 28.165 	 207.551
FD10907	157.000 	 28.176 	 207.640
FD10907	157.125 	 28.183 	 207.706
FD10907	157.250 	 28.194 	 207.727
FD10907	157.375 	 28.205 	 207.705
FD10907	157.500 	 28.215 	 207.645
FD10907	157.625 	 28.225 	 207.557
FD10907	157.750 	 28.237 	 207.456
FD10907	157.875 	 28.248 	 207.361
FD10907	158.000 	 28.256 	 207.308
FD10907	158.125 	 28.266 	 207.306
FD10907	158.250 	 28.278 	 207.351
FD10907	158.375 	 28.289 	 207.400
FD10907	158.500 	 28.303 	 207.456
FD10907	158.625 	 28.311 	 207.502
FD10907	158.750 	 28.320 	 207.544
FD10907	158.875 	 28.334 	 207.592
FD10907	159.000 	 28.344 	 207.637
FD10907	159.125 	 28.351 	 207.695
FD10907	159.250 	 28.366 	 207.757
FD10907	159.375 	 28.375 	 207.796
FD10907	159.500 	 28.385 	 207.812
FD10907	159.625 	 28.395 	 207.810
FD10907	159.750 	 28.411 	 207.814
FD10907	159.875 	 28.419 	 207.848
FD10907	160.000 	 28.432 	 207.900
FD10907	160.125 	 28.449 	 207.956
FD10907	160.250 	 28.459 	 208.001
FD10907	160.375 	 28.469 	 208.028
FD10907	160.500 	 28.485 	 208.031
FD10907	160.625 	 28.498 	 208.011
FD10907	160.750 	 28.515 	 207.966
FD10907	160.875 	 28.530 	 207.906
FD10907	161.000 	 28.541 	 207.848
FD10907	161.125 	 28.565 	 207.800
FD10907	161.250 	 28.576 	 207.781
FD10907	161.375 	 28.589 	 207.786
FD10907	161.500 	 28.613 	 207.800
FD10907	161.625 	 28.625 	 207.825
FD10907	161.750 	 28.646 	 207.864
FD10907	161.875 	 28.664 	 207.915
FD10907	162.000 	 28.681 	 207.975
FD10907	162.125 	 28.698 	 208.000
FD10907	162.250 	 28.719 	 207.978
FD10907	162.375 	 28.738 	 207.920
FD10907	162.500 	 28.760 	 207.865
FD10907	162.625 	 28.774 	 207.844
FD10907	162.750 	 28.796 	 207.859
FD10907	162.875 	 28.816 	 207.907
FD10907	163.000 	 28.839 	 207.979
FD10907	163.125 	 28.862 	 208.061
FD10907	163.250 	 28.882 	 208.157
FD10907	163.375 	 28.899 	 208.258
FD10907	163.500 	 28.926 	 208.350
FD10907	163.625 	 28.944 	 208.433
FD10907	163.750 	 28.973 	 208.485
FD10907	163.875 	 28.991 	 208.516
FD10907	164.000 	 29.015 	 208.529
FD10907	164.125 	 29.040 	 208.536
FD10907	164.250 	 29.065 	 208.552
FD10907	164.375 	 29.088 	 208.571
FD10907	164.500 	 29.113 	 208.579
FD10907	164.625 	 29.140 	 208.571
FD10907	164.750 	 29.166 	 208.549
FD10907	164.875 	 29.190 	 208.539
FD10907	165.000 	 29.216 	 208.555
FD10907	165.125 	 29.242 	 208.594
FD10907	165.250 	 29.271 	 208.629
FD10907	165.375 	 29.300 	 208.646
FD10907	165.500 	 29.326 	 208.655
FD10907	165.625 	 29.355 	 208.662
FD10907	165.750 	 29.384 	 208.674
FD10907	165.875 	 29.413 	 208.680
FD10907	166.000 	 29.444 	 208.678
FD10907	166.125 	 29.472 	 208.673
FD10907	166.250 	 29.502 	 208.674
FD10907	166.375 	 29.533 	 208.683
FD10907	166.500 	 29.568 	 208.699
FD10907	166.625 	 29.599 	 208.725
FD10907	166.750 	 29.635 	 208.761
FD10907	166.875 	 29.662 	 208.801
FD10907	167.000 	 29.699 	 208.829
FD10907	167.125 	 29.735 	 208.834
FD10907	167.250 	 29.764 	 208.815
FD10907	167.375 	 29.805 	 208.786
FD10907	167.500 	 29.838 	 208.755
FD10907	167.625 	 29.871 	 208.729
FD10907	167.750 	 29.914 	 208.695
FD10907	167.875 	 29.947 	 208.647
FD10907	168.000 	 29.982 	 208.584
FD10907	168.125 	 30.020 	 208.518
FD10907	168.250 	 30.055 	 208.473
FD10907	168.375 	 30.095 	 208.451
FD10907	168.500 	 30.136 	 208.449
FD10907	168.625 	 30.170 	 208.439
FD10907	168.750 	 30.205 	 208.407
FD10907	168.875 	 30.240 	 208.358
FD10907	169.000 	 30.280 	 208.322
FD10907	169.125 	 30.316 	 208.305
FD10907	169.250 	 30.353 	 208.316
FD10907	169.375 	 30.386 	 208.340
FD10907	169.500 	 30.423 	 208.371
FD10907	169.625 	 30.460 	 208.404
FD10907	169.750 	 30.493 	 208.445
FD10907	169.875 	 30.530 	 208.462
FD10907	170.000 	 30.561 	 208.443
FD10907	170.125 	 30.592 	 208.383
FD10907	170.250 	 30.627 	 208.306
FD10907	170.375 	 30.657 	 208.229
FD10907	170.500 	 30.688 	 208.156
FD10907	170.625 	 30.718 	 208.093
FD10907	170.750 	 30.750 	 208.040
FD10907	170.875 	 30.779 	 207.992
FD10907	171.000 	 30.809 	 207.941
FD10907	171.125 	 30.837 	 207.869
FD10907	171.250 	 30.865 	 207.781
FD10907	171.375 	 30.898 	 207.694
FD10907	171.500 	 30.922 	 207.653
FD10907	171.625 	 30.953 	 207.674
FD10907	171.750 	 30.979 	 207.749
FD10907	171.875 	 31.010 	 207.857
FD10907	172.000 	 31.037 	 207.970
FD10907	172.125 	 31.067 	 208.059
FD10907	172.250 	 31.096 	 208.108
FD10907	172.375 	 31.124 	 208.123
FD10907	172.500 	 31.156 	 208.124
FD10907	172.625 	 31.186 	 208.119
FD10907	172.750 	 31.215 	 208.125
FD10907	172.875 	 31.246 	 208.138
FD10907	173.000 	 31.280 	 208.148
FD10907	173.125 	 31.309 	 208.178
FD10907	173.250 	 31.342 	 208.226
FD10907	173.375 	 31.377 	 208.291
FD10907	173.500 	 31.407 	 208.352
FD10907	173.625 	 31.441 	 208.387
FD10907	173.750 	 31.477 	 208.390
FD10907	173.875 	 31.506 	 208.367
FD10907	174.000 	 31.541 	 208.334
FD10907	174.125 	 31.575 	 208.289
FD10907	174.250 	 31.607 	 208.236
FD10907	174.375 	 31.643 	 208.181
FD10907	174.500 	 31.677 	 208.129
FD10907	174.625 	 31.706 	 208.078
FD10907	174.750 	 31.743 	 208.032
FD10907	174.875 	 31.773 	 208.000
FD10907	175.000 	 31.811 	 207.989
FD10907	175.125 	 31.842 	 208.000
FD10907	175.250 	 31.873 	 208.028
FD10907	175.375 	 31.909 	 208.061
FD10907	175.500 	 31.939 	 208.086
FD10907	175.625 	 31.974 	 208.114
FD10907	175.750 	 32.005 	 208.148
FD10907	175.875 	 32.039 	 208.196
FD10907	176.000 	 32.069 	 208.249
FD10907	176.125 	 32.100 	 208.297
FD10907	176.250 	 32.134 	 208.329
FD10907	176.375 	 32.168 	 208.353
FD10907	176.500 	 32.195 	 208.367
FD10907	176.625 	 32.232 	 208.394
FD10907	176.750 	 32.258 	 208.432
FD10907	176.875 	 32.291 	 208.477
FD10907	177.000 	 32.322 	 208.518
FD10907	177.125 	 32.354 	 208.544
FD10907	177.250 	 32.385 	 208.554
FD10907	177.375 	 32.417 	 208.564
FD10907	177.500 	 32.442 	 208.577
FD10907	177.625 	 32.475 	 208.594
FD10907	177.750 	 32.508 	 208.594
FD10907	177.875 	 32.532 	 208.575
FD10907	178.000 	 32.567 	 208.534
FD10907	178.125 	 32.593 	 208.495
FD10907	178.250 	 32.627 	 208.477
FD10907	178.375 	 32.654 	 208.477
FD10907	178.500 	 32.683 	 208.493
FD10907	178.625 	 32.711 	 208.510
FD10907	178.750 	 32.740 	 208.520
FD10907	178.875 	 32.770 	 208.529
FD10907	179.000 	 32.798 	 208.533
FD10907	179.125 	 32.826 	 208.539
FD10907	179.250 	 32.853 	 208.556
FD10907	179.375 	 32.885 	 208.578
FD10907	179.500 	 32.907 	 208.591
FD10907	179.625 	 32.938 	 208.590
FD10907	179.750 	 32.965 	 208.579
FD10907	179.875 	 32.991 	 208.560
FD10907	180.000 	 33.016 	 208.545
FD10907	180.125 	 33.038 	 208.522
FD10907	180.250 	 33.067 	 208.487
FD10907	180.375 	 33.091 	 208.439
FD10907	180.500 	 33.112 	 208.385
FD10907	180.625 	 33.139 	 208.332
FD10907	180.750 	 33.154 	 208.288
FD10907	180.875 	 33.182 	 208.258
FD10907	181.000 	 33.199 	 208.248
FD10907	181.125 	 33.220 	 208.258
FD10907	181.250 	 33.238 	 208.283
FD10907	181.375 	 33.258 	 208.312
FD10907	181.500 	 33.274 	 208.334
FD10907	181.625 	 33.289 	 208.339
FD10907	181.750 	 33.309 	 208.321
FD10907	181.875 	 33.322 	 208.298
FD10907	182.000 	 33.332 	 208.280
FD10907	182.125 	 33.349 	 208.304
FD10907	182.250 	 33.361 	 208.350
FD10907	182.375 	 33.375 	 208.396
FD10907	182.500 	 33.387 	 208.418
FD10907	182.625 	 33.398 	 208.426
FD10907	182.750 	 33.405 	 208.440
FD10907	182.875 	 33.417 	 208.468
FD10907	183.000 	 33.431 	 208.500
FD10907	183.125 	 33.433 	 208.530
FD10907	183.250 	 33.448 	 208.543
FD10907	183.375 	 33.454 	 208.547
FD10907	183.500 	 33.463 	 208.537
FD10907	183.625 	 33.468 	 208.509
FD10907	183.750 	 33.477 	 208.469
FD10907	183.875 	 33.485 	 208.426
FD10907	184.000 	 33.490 	 208.386
FD10907	184.125 	 33.494 	 208.356
FD10907	184.250 	 33.503 	 208.336
FD10907	184.375 	 33.509 	 208.332
FD10907	184.500 	 33.510 	 208.339
FD10907	184.625 	 33.516 	 208.360
FD10907	184.750 	 33.522 	 208.391
FD10907	184.875 	 33.526 	 208.426
FD10907	185.000 	 33.528 	 208.461
FD10907	185.125 	 33.532 	 208.489
FD10907	185.250 	 33.538 	 208.510
FD10907	185.375 	 33.541 	 208.517
FD10907	185.500 	 33.545 	 208.512
FD10907	185.625 	 33.551 	 208.500
FD10907	185.750 	 33.554 	 208.485
FD10907	185.875 	 33.561 	 208.471
FD10907	186.000 	 33.563 	 208.461
FD10907	186.125 	 33.567 	 208.456
FD10907	186.250 	 33.572 	 208.462
FD10907	186.375 	 33.578 	 208.478
FD10907	186.500 	 33.581 	 208.497
FD10907	186.625 	 33.588 	 208.510
FD10907	186.750 	 33.594 	 208.519
FD10907	186.875 	 33.600 	 208.524
FD10907	187.000 	 33.605 	 208.528
FD10907	187.125 	 33.613 	 208.532
FD10907	187.250 	 33.617 	 208.541
FD10907	187.375 	 33.621 	 208.558
FD10907	187.500 	 33.629 	 208.579
FD10907	187.625 	 33.637 	 208.598
FD10907	187.750 	 33.641 	 208.618
FD10907	187.875 	 33.644 	 208.626
FD10907	188.000 	 33.652 	 208.620
FD10907	188.125 	 33.654 	 208.597
FD10907	188.250 	 33.659 	 208.565
FD10907	188.375 	 33.665 	 208.547
FD10907	188.500 	 33.668 	 208.537
FD10907	188.625 	 33.675 	 208.538
FD10907	188.750 	 33.676 	 208.543
FD10907	188.875 	 33.675 	 208.534
FD10907	189.000 	 33.684 	 208.531
FD10907	189.125 	 33.683 	 208.531
FD10907	189.250 	 33.684 	 208.546
FD10907	189.375 	 33.689 	 208.577
FD10907	189.500 	 33.690 	 208.619
FD10907	189.625 	 33.691 	 208.658
FD10907	189.750 	 33.692 	 208.693
FD10907	189.875 	 33.693 	 208.717
FD10907	190.000 	 33.692 	 208.728
FD10907	190.125 	 33.692 	 208.728
FD10907	190.250 	 33.693 	 208.712
FD10907	190.375 	 33.694 	 208.690
FD10907	190.500 	 33.693 	 208.657
FD10907	190.625 	 33.693 	 208.615
FD10907	190.750 	 33.697 	 208.575
FD10907	190.875 	 33.694 	 208.539
FD10907	191.000 	 33.694 	 208.516
FD10907	191.125 	 33.694 	 208.498
FD10907	191.250 	 33.695 	 208.477
FD10907	191.375 	 33.697 	 208.463
FD10907	191.500 	 33.693 	 208.454
FD10907	191.625 	 33.694 	 208.465
FD10907	191.750 	 33.694 	 208.504
FD10907	191.875 	 33.693 	 208.561
FD10907	192.000 	 33.693 	 208.621
FD10907	192.125 	 33.697 	 208.673
FD10907	192.250 	 33.694 	 208.714
FD10907	192.375 	 33.693 	 208.746
FD10907	192.500 	 33.694 	 208.773
FD10907	192.625 	 33.693 	 208.786
FD10907	192.750 	 33.698 	 208.790
FD10907	192.875 	 33.696 	 208.790
FD10907	193.000 	 33.695 	 208.800
FD10907	193.125 	 33.701 	 208.805
FD10907	193.250 	 33.701 	 208.808
FD10907	193.375 	 33.698 	 208.804
FD10907	193.500 	 33.703 	 208.789
FD10907	193.625 	 33.705 	 208.765
FD10907	193.750 	 33.707 	 208.744
FD10907	193.875 	 33.712 	 208.731
FD10907	194.000 	 33.710 	 208.731
FD10907	194.125 	 33.715 	 208.744
FD10907	194.250 	 33.716 	 208.753
FD10907	194.375 	 33.720 	 208.740
FD10907	194.500 	 33.726 	 208.709
FD10907	194.625 	 33.728 	 208.672
FD10907	194.750 	 33.729 	 208.637
FD10907	194.875 	 33.731 	 208.614
FD10907	195.000 	 33.734 	 208.600
FD10907	195.125 	 33.742 	 208.593
FD10907	195.250 	 33.743 	 208.586
FD10907	195.375 	 33.748 	 208.578
FD10907	195.500 	 33.749 	 208.564
FD10907	195.625 	 33.754 	 208.543
FD10907	195.750 	 33.763 	 208.521
FD10907	195.875 	 33.761 	 208.511
FD10907	196.000 	 33.768 	 208.517
FD10907	196.125 	 33.775 	 208.536
FD10907	196.250 	 33.778 	 208.547
FD10907	196.375 	 33.782 	 208.541
FD10907	196.500 	 33.785 	 208.507
FD10907	196.625 	 33.792 	 208.456
FD10907	196.750 	 33.798 	 208.413
FD10907	196.875 	 33.799 	 208.379
FD10907	197.000 	 33.806 	 208.362
FD10907	197.125 	 33.815 	 208.350
FD10907	197.250 	 33.816 	 208.340
FD10907	197.375 	 33.821 	 208.321
FD10907	197.500 	 33.826 	 208.313
FD10907	197.625 	 33.830 	 208.331
FD10907	197.750 	 33.833 	 208.373
FD10907	197.875 	 33.835 	 208.430
FD10907	198.000 	 33.843 	 208.476
FD10907	198.125 	 33.849 	 208.493
FD10907	198.250 	 33.846 	 208.485
FD10907	198.375 	 33.852 	 208.454
FD10907	198.500 	 33.850 	 208.415
FD10907	198.625 	 33.855 	 208.392
FD10907	198.750 	 33.856 	 208.377
FD10907	198.875 	 33.860 	 208.376
FD10907	199.000 	 33.857 	 208.382
FD10907	199.125 	 33.858 	 208.384
FD10907	199.250 	 33.857 	 208.391
FD10907	199.375 	 33.856 	 208.396
FD10907	199.500 	 33.855 	 208.411
FD10907	199.625 	 33.855 	 208.425
FD10907	199.750 	 33.853 	 208.444
FD10907	199.875 	 33.849 	 208.456
FD10907	200.000 	 33.851 	 208.473
FD10907	200.125 	 33.845 	 208.499
FD10907	200.250 	 33.844 	 208.530
FD10907	200.375 	 33.842 	 208.566
FD10907	200.500 	 33.840 	 208.596
FD10907	200.625 	 33.835 	 208.612
FD10907	200.750 	 33.838 	 208.616
FD10907	200.875 	 33.831 	 208.622
FD10907	201.000 	 33.830 	 208.630
FD10907	201.125 	 33.824 	 208.651
FD10907	201.250 	 33.827 	 208.681
FD10907	201.375 	 33.822 	 208.719
FD10907	201.500 	 33.825 	 208.750
FD10907	201.625 	 33.819 	 208.776
FD10907	201.750 	 33.818 	 208.790
FD10907	201.875 	 33.818 	 208.795
FD10907	202.000 	 33.817 	 208.794
FD10907	202.125 	 33.815 	 208.784
FD10907	202.250 	 33.813 	 208.765
FD10907	202.375 	 33.815 	 208.741
FD10907	202.500 	 33.814 	 208.710
FD10907	202.625 	 33.812 	 208.676
FD10907	202.750 	 33.814 	 208.645
FD10907	202.875 	 33.817 	 208.614
FD10907	203.000 	 33.816 	 208.592
FD10907	203.125 	 33.817 	 208.583
FD10907	203.250 	 33.814 	 208.599
FD10907	203.375 	 33.822 	 208.628
FD10907	203.500 	 33.820 	 208.659
FD10907	203.625 	 33.820 	 208.686
FD10907	203.750 	 33.827 	 208.698
FD10907	203.875 	 33.824 	 208.701
FD10907	204.000 	 33.830 	 208.696
FD10907	204.125 	 33.833 	 208.682
FD10907	204.250 	 33.837 	 208.669
FD10907	204.375 	 33.837 	 208.648
FD10907	204.500 	 33.842 	 208.625
FD10907	204.625 	 33.851 	 208.591
FD10907	204.750 	 33.848 	 208.572
FD10907	204.875 	 33.860 	 208.568
FD10907	205.000 	 33.860 	 208.578
FD10907	205.125 	 33.867 	 208.595
FD10907	205.250 	 33.870 	 208.614
FD10907	205.375 	 33.878 	 208.636
FD10907	205.500 	 33.881 	 208.670
FD10907	205.625 	 33.885 	 208.703
FD10907	205.750 	 33.893 	 208.733
FD10907	205.875 	 33.900 	 208.764
FD10907	206.000 	 33.899 	 208.789
FD10907	206.125 	 33.911 	 208.804
FD10907	206.250 	 33.909 	 208.805
FD10907	206.375 	 33.917 	 208.795
FD10907	206.500 	 33.919 	 208.790
FD10907	206.625 	 33.921 	 208.799
FD10907	206.750 	 33.927 	 208.833
FD10907	206.875 	 33.931 	 208.880
FD10907	207.000 	 33.931 	 208.926
FD10907	207.125 	 33.935 	 208.948
FD10907	207.250 	 33.939 	 208.930
FD10907	207.375 	 33.943 	 208.874
FD10907	207.500 	 33.944 	 208.798
FD10907	207.625 	 33.947 	 208.714
FD10907	207.750 	 33.951 	 208.635
FD10907	207.875 	 33.951 	 208.572
FD10907	208.000 	 33.954 	 208.544
FD10907	208.125 	 33.958 	 208.557
FD10907	208.250 	 33.963 	 208.608
FD10907	208.375 	 33.960 	 208.671
FD10907	208.500 	 33.965 	 208.722
FD10907	208.625 	 33.968 	 208.745
FD10907	208.750 	 33.964 	 208.746
FD10907	208.875 	 33.968 	 208.740
FD10907	209.000 	 33.972 	 208.747
FD10907	209.125 	 33.970 	 208.781
FD10907	209.250 	 33.969 	 208.836
FD10907	209.375 	 33.969 	 208.894
FD10907	209.500 	 33.968 	 208.949
FD10907	209.625 	 33.969 	 208.995
FD10907	209.750 	 33.967 	 209.021
FD10907	209.875 	 33.962 	 209.024
FD10907	210.000 	 33.964 	 209.008
FD10907	210.125 	 33.959 	 208.986
FD10907	210.250 	 33.957 	 208.976
FD10907	210.375 	 33.954 	 208.981
FD10907	210.500 	 33.952 	 208.984
FD10907	210.625 	 33.947 	 208.973
FD10907	210.750 	 33.944 	 208.949
FD10907	210.875 	 33.942 	 208.927
FD10907	211.000 	 33.940 	 208.926
FD10907	211.125 	 33.933 	 208.947
FD10907	211.250 	 33.930 	 208.981
FD10907	211.375 	 33.928 	 209.006
FD10907	211.500 	 33.922 	 209.022
FD10907	211.625 	 33.920 	 209.021
FD10907	211.750 	 33.918 	 209.006
FD10907	211.875 	 33.917 	 208.989
FD10907	212.000 	 33.909 	 208.961
FD10907	212.125 	 33.908 	 208.933
FD10907	212.250 	 33.911 	 208.921
FD10907	212.375 	 33.901 	 208.905
FD10907	212.500 	 33.904 	 208.898
FD10907	212.625 	 33.904 	 208.903
FD10907	212.750 	 33.903 	 208.918
FD10907	212.875 	 33.898 	 208.945
FD10907	213.000 	 33.904 	 208.974
FD10907	213.125 	 33.902 	 208.991
FD10907	213.250 	 33.899 	 208.990
FD10907	213.375 	 33.903 	 208.983
FD10907	213.500 	 33.906 	 208.975
FD10907	213.625 	 33.905 	 208.970
FD10907	213.750 	 33.906 	 208.968
FD10907	213.875 	 33.906 	 208.971
FD10907	214.000 	 33.909 	 208.982
FD10907	214.125 	 33.914 	 208.999
FD10907	214.250 	 33.917 	 209.021
FD10907	214.375 	 33.919 	 209.036
FD10907	214.500 	 33.922 	 209.047
FD10907	214.625 	 33.928 	 209.049
FD10907	214.750 	 33.931 	 209.048
FD10907	214.875 	 33.933 	 209.052
FD10907	215.000 	 33.941 	 209.055
FD10907	215.125 	 33.945 	 209.064
FD10907	215.250 	 33.948 	 209.082
FD10907	215.375 	 33.961 	 209.108
FD10907	215.500 	 33.960 	 209.137
FD10907	215.625 	 33.970 	 209.155
FD10907	215.750 	 33.977 	 209.169
FD10907	215.875 	 33.982 	 209.174
FD10907	216.000 	 33.992 	 209.184
FD10907	216.125 	 33.997 	 209.189
FD10907	216.250 	 34.006 	 209.183
FD10907	216.375 	 34.014 	 209.161
FD10907	216.500 	 34.020 	 209.132
FD10907	216.625 	 34.024 	 209.098
FD10907	216.750 	 34.031 	 209.073
FD10907	216.875 	 34.040 	 209.059
FD10907	217.000 	 34.045 	 209.060
FD10907	217.125 	 34.051 	 209.069
FD10907	217.250 	 34.056 	 209.074
FD10907	217.375 	 34.058 	 209.075
FD10907	217.500 	 34.066 	 209.059
FD10907	217.625 	 34.068 	 209.039
FD10907	217.750 	 34.070 	 209.011
FD10907	217.875 	 34.071 	 208.996
FD10907	218.000 	 34.076 	 208.987
FD10907	218.125 	 34.075 	 208.995
FD10907	218.250 	 34.079 	 209.023
FD10907	218.375 	 34.080 	 209.054
FD10907	218.500 	 34.080 	 209.097
FD10907	218.625 	 34.080 	 209.136
FD10907	218.750 	 34.081 	 209.171
FD10907	218.875 	 34.081 	 209.192
FD10907	219.000 	 34.079 	 209.198
FD10907	219.125 	 34.081 	 209.196
FD10907	219.250 	 34.081 	 209.189
FD10907	219.375 	 34.081 	 209.189
FD10907	219.500 	 34.075 	 209.188
FD10907	219.625 	 34.079 	 209.191
FD10907	219.750 	 34.078 	 209.181
FD10907	219.875 	 34.077 	 209.169
FD10907	220.000 	 34.073 	 209.158
FD10907	220.125 	 34.072 	 209.152
FD10907	220.250 	 34.074 	 209.140
FD10907	220.375 	 34.069 	 209.116
FD10907	220.500 	 34.068 	 209.093
FD10907	220.625 	 34.067 	 209.069
FD10907	220.750 	 34.061 	 209.061
FD10907	220.875 	 34.064 	 209.062
FD10907	221.000 	 34.060 	 209.076
FD10907	221.125 	 34.058 	 209.086
FD10907	221.250 	 34.058 	 209.096
FD10907	221.375 	 34.060 	 209.092
FD10907	221.500 	 34.057 	 209.079
FD10907	221.625 	 34.056 	 209.074
FD10907	221.750 	 34.054 	 209.054
FD10907	221.875 	 34.057 	 209.026
FD10907	222.000 	 34.057 	 209.001
FD10907	222.125 	 34.058 	 208.978
FD10907	222.250 	 34.058 	 208.953
FD10907	222.375 	 34.066 	 208.928
FD10907	222.500 	 34.060 	 208.908
FD10907	222.625 	 34.068 	 208.886
FD10907	222.750 	 34.068 	 208.861
FD10907	222.875 	 34.075 	 208.846
FD10907	223.000 	 34.072 	 208.838
FD10907	223.125 	 34.078 	 208.843
FD10907	223.250 	 34.081 	 208.857
FD10907	223.375 	 34.083 	 208.876
FD10907	223.500 	 34.089 	 208.887
FD10907	223.625 	 34.088 	 208.898
FD10907	223.750 	 34.095 	 208.909
FD10907	223.875 	 34.101 	 208.929
FD10907	224.000 	 34.105 	 208.959
FD10907	224.125 	 34.108 	 208.984
FD10907	224.250 	 34.114 	 209.003
FD10907	224.375 	 34.118 	 208.994
FD10907	224.500 	 34.122 	 208.972
FD10907	224.625 	 34.131 	 208.938
FD10907	224.750 	 34.133 	 208.910
FD10907	224.875 	 34.140 	 208.893
FD10907	225.000 	 34.143 	 208.879
FD10907	225.125 	 34.147 	 208.845
FD10907	225.250 	 34.156 	 208.800
FD10907	225.375 	 34.158 	 208.744
FD10907	225.500 	 34.166 	 208.693
FD10907	225.625 	 34.168 	 208.662
FD10907	225.750 	 34.177 	 208.643
FD10907	225.875 	 34.173 	 208.645
FD10907	226.000 	 34.186 	 208.650
FD10907	226.125 	 34.184 	 208.659
FD10907	226.250 	 34.192 	 208.661
FD10907	226.375 	 34.194 	 208.658
FD10907	226.500 	 34.196 	 208.639
FD10907	226.625 	 34.202 	 208.619
FD10907	226.750 	 34.208 	 208.604
FD10907	226.875 	 34.209 	 208.621
FD10907	227.000 	 34.215 	 208.643
FD10907	227.125 	 34.216 	 208.674
FD10907	227.250 	 34.224 	 208.679
FD10907	227.375 	 34.228 	 208.665
FD10907	227.500 	 34.231 	 208.639
FD10907	227.625 	 34.238 	 208.600
FD10907	227.750 	 34.243 	 208.567
FD10907	227.875 	 34.247 	 208.555
FD10907	228.000 	 34.252 	 208.549
FD10907	228.125 	 34.258 	 208.544
FD10907	228.250 	 34.266 	 208.549
FD10907	228.375 	 34.270 	 208.565
FD10907	228.500 	 34.278 	 208.593
FD10907	228.625 	 34.283 	 208.612
FD10907	228.750 	 34.292 	 208.606
FD10907	228.875 	 34.299 	 208.594
FD10907	229.000 	 34.307 	 208.585
FD10907	229.125 	 34.307 	 208.599
FD10907	229.250 	 34.320 	 208.621
FD10907	229.375 	 34.327 	 208.646
FD10907	229.500 	 34.332 	 208.665
FD10907	229.625 	 34.342 	 208.675
FD10907	229.750 	 34.348 	 208.686
FD10907	229.875 	 34.355 	 208.686
FD10907	230.000 	 34.360 	 208.680
FD10907	230.125 	 34.367 	 208.668
FD10907	230.250 	 34.379 	 208.659
FD10907	230.375 	 34.382 	 208.656
FD10907	230.500 	 34.392 	 208.645
FD10907	230.625 	 34.400 	 208.645
FD10907	230.750 	 34.404 	 208.650
FD10907	230.875 	 34.408 	 208.677
FD10907	231.000 	 34.421 	 208.699
FD10907	231.125 	 34.420 	 208.724
FD10907	231.250 	 34.431 	 208.737
FD10907	231.375 	 34.438 	 208.750
FD10907	231.500 	 34.440 	 208.756
FD10907	231.625 	 34.444 	 208.758
FD10907	231.750 	 34.453 	 208.752
FD10907	231.875 	 34.454 	 208.758
FD10907	232.000 	 34.463 	 208.777
FD10907	232.125 	 34.459 	 208.826
FD10907	232.250 	 34.468 	 208.873
FD10907	232.375 	 34.472 	 208.923
FD10907	232.500 	 34.471 	 208.961
FD10907	232.625 	 34.479 	 208.978
FD10907	232.750 	 34.478 	 208.986
FD10907	232.875 	 34.485 	 208.986
FD10907	233.000 	 34.482 	 209.002
FD10907	233.125 	 34.489 	 209.027
FD10907	233.250 	 34.490 	 209.054
FD10907	233.375 	 34.491 	 209.073
FD10907	233.500 	 34.499 	 209.073
FD10907	233.625 	 34.496 	 209.065
FD10907	233.750 	 34.504 	 209.056
FD10907	233.875 	 34.504 	 209.067
FD10907	234.000 	 34.512 	 209.070
FD10907	234.125 	 34.514 	 209.080
FD10907	234.250 	 34.515 	 209.083
FD10907	234.375 	 34.519 	 209.072
FD10907	234.500 	 34.525 	 209.055
FD10907	234.625 	 34.526 	 209.035
FD10907	234.750 	 34.530 	 209.013
FD10907	234.875 	 34.532 	 208.993
FD10907	235.000 	 34.540 	 208.971
FD10907	235.125 	 34.546 	 208.965
FD10907	235.250 	 34.547 	 208.959
FD10907	235.375 	 34.551 	 208.948
FD10907	235.500 	 34.560 	 208.929
FD10907	235.625 	 34.558 	 208.912
FD10907	235.750 	 34.570 	 208.889
FD10907	235.875 	 34.568 	 208.884
FD10907	236.000 	 34.577 	 208.892
FD10907	236.125 	 34.583 	 208.924
FD10907	236.250 	 34.583 	 208.965
FD10907	236.375 	 34.591 	 209.004
FD10907	236.500 	 34.598 	 209.028
FD10907	236.625 	 34.604 	 209.028
FD10907	236.750 	 34.607 	 209.025
FD10907	236.875 	 34.609 	 209.008
FD10907	237.000 	 34.622 	 208.988
FD10907	237.125 	 34.619 	 208.966
FD10907	237.250 	 34.633 	 208.941
FD10907	237.375 	 34.628 	 208.924
FD10907	237.500 	 34.637 	 208.891
FD10907	237.625 	 34.640 	 208.852
FD10907	237.750 	 34.642 	 208.824
FD10907	237.875 	 34.648 	 208.816
FD10907	238.000 	 34.650 	 208.824
FD10907	238.125 	 34.651 	 208.843
FD10907	238.250 	 34.653 	 208.837
FD10907	238.375 	 34.660 	 208.812
FD10907	238.500 	 34.654 	 208.791
FD10907	238.625 	 34.661 	 208.790
FD10907	238.750 	 34.655 	 208.821
FD10907	238.875 	 34.659 	 208.870
FD10907	239.000 	 34.662 	 208.920
FD10907	239.125 	 34.657 	 208.967
FD10907	239.250 	 34.658 	 209.005
FD10907	239.375 	 34.660 	 209.038
FD10907	239.500 	 34.657 	 209.055
FD10907	239.625 	 34.657 	 209.055
FD10907	239.750 	 34.655 	 209.011
FD10907	239.875 	 34.652 	 208.961
FD10907	240.000 	 34.652 	 208.898
FD10907	240.125 	 34.657 	 208.862
FD10907	240.250 	 34.652 	 208.860
FD10907	240.375 	 34.652 	 208.873
FD10907	240.500 	 34.649 	 208.898
FD10907	240.625 	 34.652 	 208.898
FD10907	240.750 	 34.651 	 208.879
FD10907	240.875 	 34.652 	 208.835
FD10907	241.000 	 34.650 	 208.785
FD10907	241.125 	 34.653 	 208.747
FD10907	241.250 	 34.654 	 208.725
FD10907	241.375 	 34.657 	 208.722
FD10907	241.500 	 34.657 	 208.724
FD10907	241.625 	 34.660 	 208.722
FD10907	241.750 	 34.661 	 208.711
FD10907	241.875 	 34.665 	 208.702
FD10907	242.000 	 34.665 	 208.727
FD10907	242.125 	 34.673 	 208.770
FD10907	242.250 	 34.673 	 208.831
FD10907	242.375 	 34.676 	 208.897
FD10907	242.500 	 34.678 	 208.968
FD10907	242.625 	 34.685 	 209.056
FD10907	242.750 	 34.681 	 209.155
FD10907	242.875 	 34.687 	 209.240
FD10907	243.000 	 34.693 	 209.295
FD10907	243.125 	 34.692 	 209.297
FD10907	243.250 	 34.697 	 209.261
FD10907	243.375 	 34.693 	 209.187
FD10907	243.500 	 34.701 	 209.112
FD10907	243.625 	 34.699 	 209.055
FD10907	243.750 	 34.699 	 209.030
FD10907	243.875 	 34.701 	 209.024
FD10907	244.000 	 34.701 	 209.036
FD10907	244.125 	 34.701 	 209.038
FD10907	244.250 	 34.699 	 209.044
FD10907	244.375 	 34.699 	 209.044
FD10907	244.500 	 34.701 	 209.038
FD10907	244.625 	 34.698 	 209.025
FD10907	244.750 	 34.697 	 209.008
FD10907	244.875 	 34.692 	 209.006
FD10907	245.000 	 34.689 	 209.031
FD10907	245.125 	 34.694 	 209.075
FD10907	245.250 	 34.688 	 209.141
FD10907	245.375 	 34.686 	 209.199
FD10907	245.500 	 34.682 	 209.248
FD10907	245.625 	 34.684 	 209.276
FD10907	245.750 	 34.678 	 209.295
FD10907	245.875 	 34.676 	 209.301
FD10907	246.000 	 34.676 	 209.298
FD10907	246.125 	 34.672 	 209.299
FD10907	246.250 	 34.674 	 209.304
FD10907	246.375 	 34.665 	 209.324
FD10907	246.500 	 34.667 	 209.343
FD10907	246.625 	 34.671 	 209.368
FD10907	246.750 	 34.663 	 209.390
FD10907	246.875 	 34.663 	 209.415
FD10907	247.000 	 34.664 	 209.431
FD10907	247.125 	 34.664 	 209.431
FD10907	247.250 	 34.660 	 209.418
FD10907	247.375 	 34.658 	 209.374
FD10907	247.500 	 34.663 	 209.327
FD10907	247.625 	 34.662 	 209.288
FD10907	247.750 	 34.661 	 209.283
FD10907	247.875 	 34.662 	 209.299
FD10907	248.000 	 34.662 	 209.324
FD10907	248.125 	 34.658 	 209.335
FD10907	248.250 	 34.661 	 209.308
FD10907	248.375 	 34.664 	 209.233
FD10907	248.500 	 34.662 	 209.148
FD10907	248.625 	 34.665 	 209.057
FD10907	248.750 	 34.668 	 208.991
FD10907	248.875 	 34.666 	 208.950
FD10907	249.000 	 34.667 	 208.927
FD10907	249.125 	 34.671 	 208.927
FD10907	249.250 	 34.670 	 208.938
FD10907	249.375 	 34.672 	 208.969
FD10907	249.500 	 34.676 	 209.010
FD10907	249.625 	 34.677 	 209.053
FD10907	249.750 	 34.680 	 209.084
FD10907	249.875 	 34.682 	 209.097
FD10907	250.000 	 34.685 	 209.119
FD10907	250.125 	 34.689 	 209.132
FD10907	250.250 	 34.691 	 209.152
FD10907	250.375 	 34.695 	 209.165
FD10907	250.500 	 34.699 	 209.170
FD10907	250.625 	 34.698 	 209.179
FD10907	250.750 	 34.703 	 209.170
FD10907	250.875 	 34.704 	 209.151
FD10907	251.000 	 34.709 	 209.115
FD10907	251.125 	 34.711 	 209.084
FD10907	251.250 	 34.712 	 209.051
FD10907	251.375 	 34.711 	 209.035
FD10907	251.500 	 34.716 	 209.018
FD10907	251.625 	 34.713 	 209.005
FD10907	251.750 	 34.716 	 208.979
FD10907	251.875 	 34.719 	 208.960
FD10907	252.000 	 34.715 	 208.938
FD10907	252.125 	 34.713 	 208.930
FD10907	252.250 	 34.721 	 208.919
FD10907	252.375 	 34.715 	 208.922
FD10907	252.500 	 34.720 	 208.916
FD10907	252.625 	 34.715 	 208.911
FD10907	252.750 	 34.715 	 208.911
FD10907	252.875 	 34.721 	 208.905
FD10907	253.000 	 34.717 	 208.894
FD10907	253.125 	 34.720 	 208.878
FD10907	253.250 	 34.716 	 208.864
FD10907	253.375 	 34.724 	 208.855
FD10907	253.500 	 34.725 	 208.844
FD10907	253.625 	 34.725 	 208.820
FD10907	253.750 	 34.733 	 208.770
FD10907	253.875 	 34.735 	 208.701
FD10907	254.000 	 34.731 	 208.627
FD10907	254.125 	 34.743 	 208.577
FD10907	254.250 	 34.739 	 208.566
FD10907	254.375 	 34.747 	 208.582
FD10907	254.500 	 34.749 	 208.615
FD10907	254.625 	 34.752 	 208.651
FD10907	254.750 	 34.754 	 208.683
FD10907	254.875 	 34.758 	 208.725
FD10907	255.000 	 34.759 	 208.777
FD10907	255.125 	 34.764 	 208.834
FD10907	255.250 	 34.764 	 208.886
FD10907	255.375 	 34.769 	 208.930
FD10907	255.500 	 34.766 	 208.944
FD10907	255.625 	 34.771 	 208.938
FD10907	255.750 	 34.769 	 208.902
FD10907	255.875 	 34.769 	 208.844
FD10907	256.000 	 34.770 	 208.779
FD10907	256.125 	 34.773 	 208.729
FD10907	256.250 	 34.772 	 208.713
FD10907	256.375 	 34.772 	 208.737
FD10907	256.500 	 34.768 	 208.790
FD10907	256.625 	 34.773 	 208.855
FD10907	256.750 	 34.774 	 208.910
FD10907	256.875 	 34.772 	 208.954
FD10907	257.000 	 34.774 	 208.984
FD10907	257.125 	 34.775 	 209.003
FD10907	257.250 	 34.778 	 209.012
FD10907	257.375 	 34.776 	 208.992
FD10907	257.500 	 34.776 	 208.932
FD10907	257.625 	 34.781 	 208.847
FD10907	257.750 	 34.778 	 208.748
FD10907	257.875 	 34.783 	 208.674
FD10907	258.000 	 34.784 	 208.641
FD10907	258.125 	 34.782 	 208.649
FD10907	258.250 	 34.791 	 208.679
FD10907	258.375 	 34.789 	 208.698
FD10907	258.500 	 34.786 	 208.701
FD10907	258.625 	 34.796 	 208.698
FD10907	258.750 	 34.798 	 208.717
FD10907	258.875 	 34.799 	 208.758
FD10907	259.000 	 34.800 	 208.815
FD10907	259.125 	 34.800 	 208.865
FD10907	259.250 	 34.810 	 208.900
FD10907	259.375 	 34.808 	 208.933
FD10907	259.500 	 34.813 	 208.963
FD10907	259.625 	 34.813 	 208.990
FD10907	259.750 	 34.821 	 209.003
FD10907	259.875 	 34.820 	 209.014
FD10907	260.000 	 34.825 	 209.006
FD10907	260.125 	 34.830 	 208.986
FD10907	260.250 	 34.834 	 208.926
FD10907	260.375 	 34.837 	 208.822
FD10907	260.500 	 34.837 	 208.684
FD10907	260.625 	 34.846 	 208.536
FD10907	260.750 	 34.846 	 208.421
FD10907	260.875 	 34.852 	 208.328
FD10907	261.000 	 34.857 	 208.281
FD10907	261.125 	 34.860 	 208.267
FD10907	261.250 	 34.868 	 208.281
FD10907	261.375 	 34.870 	 208.341
FD10907	261.500 	 34.876 	 208.431
FD10907	261.625 	 34.880 	 208.546
FD10907	261.750 	 34.887 	 208.649
FD10907	261.875 	 34.887 	 208.739
FD10907	262.000 	 34.898 	 208.804
FD10907	262.125 	 34.902 	 208.856
FD10907	262.250 	 34.909 	 208.880
FD10907	262.375 	 34.912 	 208.905
FD10907	262.500 	 34.920 	 208.934
FD10907	262.625 	 34.922 	 208.956
FD10907	262.750 	 34.931 	 208.961
FD10907	262.875 	 34.934 	 208.923
FD10907	263.000 	 34.940 	 208.868
FD10907	263.125 	 34.945 	 208.799
FD10907	263.250 	 34.946 	 208.750
FD10907	263.375 	 34.947 	 208.717
FD10907	263.500 	 34.954 	 208.678
FD10907	263.625 	 34.956 	 208.659
FD10907	263.750 	 34.960 	 208.662
FD10907	263.875 	 34.958 	 208.692
FD10907	264.000 	 34.965 	 208.743
FD10907	264.125 	 34.961 	 208.806
FD10907	264.250 	 34.965 	 208.858
FD10907	264.375 	 34.965 	 208.896
FD10907	264.500 	 34.965 	 208.921
FD10907	264.625 	 34.967 	 208.940
FD10907	264.750 	 34.963 	 208.965
FD10907	264.875 	 34.969 	 209.022
FD10907	265.000 	 34.965 	 209.085
FD10907	265.125 	 34.967 	 209.139
FD10907	265.250 	 34.964 	 209.169
FD10907	265.375 	 34.968 	 209.169
FD10907	265.500 	 34.966 	 209.150
FD10907	265.625 	 34.961 	 209.107
FD10907	265.750 	 34.966 	 209.036
FD10907	265.875 	 34.961 	 208.956
FD10907	266.000 	 34.966 	 208.872
FD10907	266.125 	 34.959 	 208.812
FD10907	266.250 	 34.957 	 208.777
FD10907	266.375 	 34.960 	 208.776
FD10907	266.500 	 34.955 	 208.809
FD10907	266.625 	 34.956 	 208.848
FD10907	266.750 	 34.955 	 208.883
FD10907	266.875 	 34.950 	 208.916
FD10907	267.000 	 34.953 	 208.952
FD10907	267.125 	 34.950 	 208.979
FD10907	267.250 	 34.953 	 209.004
FD10907	267.375 	 34.947 	 209.007
FD10907	267.500 	 34.948 	 208.987
FD10907	267.625 	 34.947 	 208.957
FD10907	267.750 	 34.950 	 208.927
FD10907	267.875 	 34.950 	 208.894
FD10907	268.000 	 34.952 	 208.873
FD10907	268.125 	 34.950 	 208.856
FD10907	268.250 	 34.956 	 208.848
FD10907	268.375 	 34.956 	 208.850
FD10907	268.500 	 34.957 	 208.867
FD10907	268.625 	 34.957 	 208.878
FD10907	268.750 	 34.958 	 208.883
FD10907	268.875 	 34.959 	 208.888
FD10907	269.000 	 34.958 	 208.897
FD10907	269.125 	 34.962 	 208.897
FD10907	269.250 	 34.960 	 208.902
FD10907	269.375 	 34.960 	 208.902
FD10907	269.500 	 34.957 	 208.916
FD10907	269.625 	 34.963 	 208.924
FD10907	269.750 	 34.959 	 208.938
FD10907	269.875 	 34.957 	 208.943
FD10907	270.000 	 34.956 	 208.951
FD10907	270.125 	 34.958 	 208.970
FD10907	270.250 	 34.951 	 208.998
FD10907	270.375 	 34.956 	 209.025
FD10907	270.500 	 34.956 	 209.025
FD10907	270.625 	 34.952 	 209.012
FD10907	270.750 	 34.952 	 208.976
FD10907	270.875 	 34.952 	 208.949
FD10907	271.000 	 34.950 	 208.943
FD10907	271.125 	 34.955 	 208.946
FD10907	271.250 	 34.954 	 208.968
FD10907	271.375 	 34.949 	 208.990
FD10907	271.500 	 34.958 	 208.995
FD10907	271.625 	 34.956 	 208.987
FD10907	271.750 	 34.956 	 208.949
FD10907	271.875 	 34.959 	 208.899
FD10907	272.000 	 34.960 	 208.864
FD10907	272.125 	 34.965 	 208.842
FD10907	272.250 	 34.963 	 208.825
FD10907	272.375 	 34.968 	 208.803
FD10907	272.500 	 34.970 	 208.776
FD10907	272.625 	 34.971 	 208.751
FD10907	272.750 	 34.977 	 208.721
FD10907	272.875 	 34.974 	 208.699
FD10907	273.000 	 34.981 	 208.674
FD10907	273.125 	 34.981 	 208.661
FD10907	273.250 	 34.981 	 208.663
FD10907	273.375 	 34.985 	 208.666
FD10907	273.500 	 34.988 	 208.674
FD10907	273.625 	 34.985 	 208.666
FD10907	273.750 	 34.991 	 208.646
FD10907	273.875 	 34.987 	 208.622
FD10907	274.000 	 34.989 	 208.600
FD10907	274.125 	 34.990 	 208.581
FD10907	274.250 	 34.986 	 208.581
FD10907	274.375 	 34.990 	 208.592
FD10907	274.500 	 34.985 	 208.614
FD10907	274.625 	 34.990 	 208.644
FD10907	274.750 	 34.982 	 208.677
FD10907	274.875 	 34.984 	 208.699
FD10907	275.000 	 34.981 	 208.723
FD10907	275.125 	 34.981 	 208.726
FD10907	275.250 	 34.975 	 208.743
FD10907	275.375 	 34.976 	 208.770
FD10907	275.500 	 34.974 	 208.814
FD10907	275.625 	 34.976 	 208.844
FD10907	275.750 	 34.974 	 208.852
FD10907	275.875 	 34.971 	 208.852
FD10907	276.000 	 34.970 	 208.850
FD10907	276.125 	 34.971 	 208.852
FD10907	276.250 	 34.968 	 208.844
FD10907	276.375 	 34.970 	 208.825
FD10907	276.500 	 34.975 	 208.789
FD10907	276.625 	 34.972 	 208.768
FD10907	276.750 	 34.972 	 208.746
FD10907	276.875 	 34.977 	 208.735
FD10907	277.000 	 34.976 	 208.748
FD10907	277.125 	 34.978 	 208.803
FD10907	277.250 	 34.981 	 208.890
FD10907	277.375 	 34.983 	 208.972
FD10907	277.500 	 34.985 	 209.021
FD10907	277.625 	 34.988 	 209.029
FD10907	277.750 	 34.986 	 209.023
FD10907	277.875 	 34.993 	 209.020
FD10907	278.000 	 34.992 	 209.029
FD10907	278.125 	 34.995 	 209.042
FD10907	278.250 	 34.994 	 209.039
FD10907	278.375 	 34.997 	 209.023
FD10907	278.500 	 35.002 	 208.990
FD10907	278.625 	 34.997 	 208.960
FD10907	278.750 	 35.004 	 208.946
FD10907	278.875 	 35.004 	 208.949
FD10907	279.000 	 35.004 	 208.973
FD10907	279.125 	 35.007 	 208.997
FD10907	279.250 	 35.007 	 209.036
FD10907	279.375 	 35.009 	 209.066
FD10907	279.500 	 35.014 	 209.095
FD10907	279.625 	 35.013 	 209.120
FD10907	279.750 	 35.018 	 209.136
FD10907	279.875 	 35.019 	 209.128
FD10907	280.000 	 35.024 	 209.095
FD10907	280.125 	 35.021 	 209.059
FD10907	280.250 	 35.029 	 209.026
FD10907	280.375 	 35.027 	 209.018
FD10907	280.500 	 35.031 	 209.021
FD10907	280.625 	 35.031 	 209.034
FD10907	280.750 	 35.032 	 209.050
FD10907	280.875 	 35.034 	 209.094
FD10907	281.000 	 35.040 	 209.165
FD10907	281.125 	 35.041 	 209.255
FD10907	281.250 	 35.041 	 209.320
FD10907	281.375 	 35.043 	 209.352
FD10907	281.500 	 35.043 	 209.352
FD10907	281.625 	 35.046 	 209.336
FD10907	281.750 	 35.049 	 209.320
FD10907	281.875 	 35.049 	 209.286
FD10907	282.000 	 35.053 	 209.237
FD10907	282.125 	 35.052 	 209.183
FD10907	282.250 	 35.055 	 209.120
FD10907	282.375 	 35.056 	 209.074
FD10907	282.500 	 35.058 	 209.030
FD10907	282.625 	 35.061 	 209.003
FD10907	282.750 	 35.060 	 208.961
FD10907	282.875 	 35.063 	 208.910
FD10907	283.000 	 35.060 	 208.836
FD10907	283.125 	 35.064 	 208.773
FD10907	283.250 	 35.065 	 208.738
FD10907	283.375 	 35.064 	 208.749
FD10907	283.500 	 35.062 	 208.792
FD10907	283.625 	 35.065 	 208.855
FD10907	283.750 	 35.065 	 208.918
FD10907	283.875 	 35.067 	 208.975
FD10907	284.000 	 35.065 	 209.040
FD10907	284.125 	 35.060 	 209.089
FD10907	284.250 	 35.065 	 209.128
FD10907	284.375 	 35.065 	 209.155
FD10907	284.500 	 35.059 	 209.171
FD10907	284.625 	 35.064 	 209.174
FD10907	284.750 	 35.059 	 209.160
FD10907	284.875 	 35.060 	 209.136
FD10907	285.000 	 35.054 	 209.106
FD10907	285.125 	 35.067 	 209.071
FD10907	285.250 	 35.056 	 209.035
FD10907	285.375 	 35.055 	 209.008
FD10907	285.500 	 35.055 	 208.995
FD10907	285.625 	 35.055 	 208.995
FD10907	285.750 	 35.056 	 208.997
FD10907	285.875 	 35.053 	 209.000
FD10907	286.000 	 35.053 	 209.011
FD10907	286.125 	 35.053 	 209.025
FD10907	286.250 	 35.044 	 209.044
FD10907	286.375 	 35.061 	 209.049
FD10907	286.500 	 35.045 	 209.060
FD10907	286.625 	 35.050 	 209.074
FD10907	286.750 	 35.052 	 209.096
FD10907	286.875 	 35.043 	 209.129
FD10907	287.000 	 35.058 	 209.164
FD10907	287.125 	 35.041 	 209.197
FD10907	287.250 	 35.039 	 209.238
FD10907	287.375 	 35.047 	 209.276
FD10907	287.500 	 35.047 	 209.301
FD10907	287.625 	 35.036 	 209.304
FD10907	287.750 	 35.035 	 209.285
FD10907	287.875 	 35.034 	 209.244
FD10907	288.000 	 35.033 	 209.189
FD10907	288.125 	 35.028 	 209.135
FD10907	288.250 	 35.029 	 209.086
FD10907	288.375 	 35.026 	 209.051
FD10907	288.500 	 35.024 	 209.032
FD10907	288.625 	 35.013 	 209.032
FD10907	288.750 	 35.012 	 209.030
FD10907	288.875 	 35.018 	 209.022
FD10907	289.000 	 35.010 	 209.008
FD10907	289.125 	 35.006 	 208.992
FD10907	289.250 	 35.006 	 208.992
FD10907	289.375 	 35.006 	 209.017
FD10907	289.500 	 35.005 	 209.063
FD10907	289.625 	 35.003 	 209.118
FD10907	289.750 	 34.995 	 209.159
FD10907	289.875 	 35.002 	 209.189
FD10907	290.000 	 35.001 	 209.211
FD10907	290.125 	 34.994 	 209.230
FD10907	290.250 	 35.012 	 209.249
FD10907	290.375 	 34.994 	 209.254
FD10907	290.500 	 35.003 	 209.244
FD10907	290.625 	 35.001 	 209.214
FD10907	290.750 	 34.997 	 209.164
FD10907	290.875 	 35.013 	 209.126
FD10907	291.000 	 34.994 	 209.104
FD10907	291.125 	 35.013 	 209.126
FD10907	291.250 	 34.998 	 209.180
FD10907	291.375 	 35.012 	 209.260
FD10907	291.500 	 34.998 	 209.355
FD10907	291.625 	 35.004 	 209.462
FD10907	291.750 	 35.004 	 209.582
FD10907	291.875 	 35.006 	 209.688
FD10907	292.000 	 35.004 	 209.768
FD10907	292.125 	 34.994 	 209.811
FD10907	292.250 	 35.011 	 209.803
FD10907	292.375 	 34.993 	 209.782
FD10907	292.500 	 34.990 	 209.746
FD10907	292.625 	 35.007 	 209.724
FD10907	292.750 	 34.989 	 209.706
FD10907	292.875 	 34.990 	 209.684
FD10907	293.000 	 34.985 	 209.668
FD10907	293.125 	 34.985 	 209.654
FD10907	293.250 	 34.982 	 209.654
FD10907	293.375 	 34.982 	 209.654
FD10907	293.500 	 34.982 	 209.665
FD10907	293.625 	 34.980 	 209.671
FD10907	293.750 	 34.977 	 209.699
FD10907	293.875 	 34.977 	 209.723
FD10907	294.000 	 34.978 	 209.751
FD10907	294.125 	 34.979 	 209.753
FD10907	294.250 	 34.977 	 209.734
FD10907	294.375 	 34.969 	 209.685
FD10907	294.500 	 34.969 	 209.622
FD10907	294.625 	 34.976 	 209.570
FD10907	294.750 	 34.976 	 209.546
FD10907	294.875 	 34.975 	 209.543
FD10907	295.000 	 34.975 	 209.541
FD10907	295.125 	 34.970 	 209.529
FD10907	295.250 	 34.967 	 209.494
FD10907	295.375 	 34.976 	 209.423
FD10907	295.500 	 34.974 	 209.317
FD10907	295.625 	 34.976 	 209.199
FD10907	295.750 	 34.965 	 209.112
FD10907	295.875 	 34.967 	 209.057
FD10907	296.000 	 34.975 	 209.043
FD10907	296.125 	 34.972 	 209.044
FD10907	296.250 	 34.965 	 209.046
FD10907	296.375 	 34.963 	 209.052
FD10907	296.500 	 34.973 	 209.046
FD10907	296.625 	 34.962 	 209.049
FD10907	296.750 	 34.965 	 209.046
FD10907	296.875 	 34.969 	 209.058
FD10907	297.000 	 34.972 	 209.068
FD10907	297.125 	 34.957 	 209.085
FD10907	297.250 	 34.975 	 209.106
FD10907	297.375 	 34.978 	 209.130
FD10907	297.500 	 34.983 	 209.149
FD10907	297.625 	 34.983 	 209.163
FD10907	297.750 	 34.989 	 209.170
FD10907	297.875 	 34.996 	 209.179
FD10907	298.000 	 34.996 	 209.179
FD10907	298.125 	 34.987 	 209.179
FD10907	298.250 	 34.988 	 209.181
FD10907	298.375 	 34.987 	 209.179
FD10907	298.500 	 34.999 	 209.178
FD10907	298.625 	 34.994 	 209.187
FD10907	298.750 	 34.989 	 209.222
FD10907	298.875 	 34.988 	 209.304
FD10907	299.000 	 34.987 	 209.427
FD10907	299.125 	 34.995 	 209.550
FD10907	299.250 	 34.996 	 209.640
FD10907	299.375 	 34.990 	 209.684
FD10907	299.500 	 34.987 	 209.698
FD10907	299.625 	 34.987 	 209.698
FD10907	299.750 	 34.997 	 209.692
FD10907	299.875 	 34.987 	 209.698
FD10907	300.000 	 34.997 	 209.695
FD10907	300.125 	 34.987 	 209.698
FD10907	300.250 	 34.989 	 209.695
FD10907	300.375 	 34.995 	 209.698
FD10907	300.500 	 34.989 	 209.695
FD10907	300.625 	 34.995 	 209.698
FD10907	300.750 	 34.987 	 209.698
FD10907	300.875 	 34.989 	 209.692
FD10907	301.000 	 34.987 	 209.698
FD10907	301.125 	 34.997 	 209.695
FD10907	301.250 	 34.995 	 209.698
FD10907	301.375 	 34.989 	 209.695
FD10907	301.500 	 34.987 	 209.698
FD10907	301.625 	 34.987 	 209.698
FD10907	301.750 	 34.997 	 209.695
FD10907	301.875 	 34.995 	 209.698
FD10907	302.000 	 34.989 	 209.695
FD10907	302.125 	 34.986 	 209.695
FD10907	302.250 	 34.989 	 209.695
FD10907	302.375 	 34.995 	 209.698
FD10907	302.500 	 34.997 	 209.695
FD10907	302.625 	 34.987 	 209.698
FD10907	302.750 	 34.987 	 209.698
FD10907	302.875 	 34.989 	 209.695
FD10907	303.000 	 34.995 	 209.698
FD10907	303.125 	 34.989 	 209.695
FD10907	303.250 	 34.994 	 209.695
FD10907	303.375 	 34.989 	 209.695
FD10907	303.500 	 34.987 	 209.698
FD10907	303.625 	 34.995 	 209.698
FD10907	303.750 	 34.989 	 209.695
FD10907	303.875 	 34.995 	 209.698
FD10907	304.000 	 34.989 	 209.695
FD10907	304.125 	 34.987 	 209.698
FD10907	304.250 	 34.989 	 209.695
FD10907	304.375 	 34.995 	 209.698
FD10907	304.500 	 34.997 	 209.692
FD10907	304.625 	 34.987 	 209.698
FD10907	304.750 	 34.987 	 209.698
FD10907	304.875 	 34.989 	 209.695
FD10907	305.000 	 34.995 	 209.698
FD10907	305.125 	 34.997 	 209.695
FD10907	305.250 	 34.987 	 209.698
FD10907	305.375 	 34.989 	 209.695
FD10907	305.500 	 34.987 	 209.698
FD10907	305.625 	 34.994 	 209.695
FD10907	305.750 	 34.997 	 209.695
FD10907	305.875 	 34.987 	 209.698
FD10907	306.000 	 34.990 	 209.697
FD10907	306.125 	 34.989 	 209.695
FD10907	306.250 	 35.009 	 209.694
FD10907	306.375 	 34.993 	 209.697
FD10907	306.500 	 35.005 	 209.696
FD10907	306.625 	 35.008 	 209.696
FD10907	306.750 	 35.019 	 209.696
FD10907	306.875 	 35.003 	 209.696
FD10907	307.000 	 35.022 	 209.695
FD10907	307.125 	 35.022 	 209.695
FD10907	307.250 	 35.015 	 209.698
FD10907	307.375 	 35.014 	 209.695
FD10907	307.500 	 35.022 	 209.695
FD10907	307.625 	 35.020 	 209.698
FD10907	307.750 	 35.014 	 209.695
FD10907	307.875 	 35.014 	 209.695
FD10907	308.000 	 35.023 	 209.698
FD10907	308.125 	 0.000 	 90.000
FD10907	308.250 	 0.000 	 90.000
FD10907	308.375 	 0.000 	 90.000
FD10907	308.500 	 0.000 	 90.000
FD10907	308.625 	 0.000 	 90.000
FD10907	308.750 	 0.000 	 90.000
FD10907	308.875 	 0.000 	 90.000
FD10907	309.000 	 0.000 	 90.000
FD10907	309.125 	 0.000 	 90.000
FD10907	309.250 	 0.000 	 90.000
FD10907	309.375 	 0.000 	 90.000
FD10907	309.500 	 0.000 	 90.000
FD10907	309.625 	 0.000 	 90.000
FD10907	309.750 	 0.000 	 90.000
FD10907	309.875 	 0.000 	 90.000
FD10907	310.000 	 0.000 	 90.000
FD10907	310.125 	 0.000 	 90.000
FD10907	310.250 	 0.000 	 90.000
FD10907	310.375 	 0.000 	 90.000
FD10907	310.500 	 0.000 	 90.000
FD10907	310.625 	 0.000 	 90.000
FD10907	310.750 	 0.000 	 90.000
FD10907	310.875 	 0.000 	 90.000
FD10907	311.000 	 0.000 	 90.000
FD10907	311.125 	 0.000 	 90.000
FD10907	311.250 	 0.000 	 90.000
FD10907	311.375 	 0.000 	 90.000
FD10907	311.500 	 0.000 	 90.000
FD10907	311.625 	 0.000 	 90.000
FD10907	311.750 	 0.000 	 90.000
FD10907	311.875 	 0.000 	 90.000
FD10907	312.000 	 0.000 	 90.000
FD10907	312.125 	 0.000 	 90.000
FD10907	312.250 	 0.000 	 90.000
FD10907	312.375 	 0.000 	 90.000
FD10907	312.500 	 0.000 	 90.000
FD10907	312.625 	 0.000 	 90.000
FD10907	312.750 	 0.000 	 90.000
FD10907	312.875 	 0.000 	 90.000
FD10907	313.000 	 0.000 	 90.000
FD10907	313.125 	 0.000 	 90.000
FD10907	313.250 	 0.000 	 90.000
FD10907	313.375 	 0.000 	 90.000
FD10907	313.500 	 0.000 	 90.000
FD10907	313.625 	 0.000 	 90.000
FD10907	313.750 	 0.000 	 90.000
FD10907	313.875 	 0.000 	 90.000
FD10907	314.000 	 0.000 	 90.000
FD10907	314.125 	 0.000 	 90.000
FD10907	314.250 	 0.000 	 90.000
FD10907	314.375 	 0.000 	 90.000
FD10907	314.500 	 0.000 	 90.000
FD10907	314.625 	 0.000 	 90.000
FD10907	314.750 	 0.000 	 90.000
FD10907	314.875 	 0.000 	 90.000
FD10907	315.000 	 0.000 	 90.000
FD10907	315.125 	 0.000 	 90.000
FD10907	315.250 	 0.000 	 90.000
FD10907	315.375 	 0.000 	 90.000
FD10907	315.500 	 0.000 	 90.000
FD10907	315.625 	 0.000 	 90.000
FD10907	315.750 	 0.000 	 90.000
FD10907	315.875 	 0.000 	 90.000
FD10907	316.000 	 0.000 	 90.000
FD10907	316.125 	 0.000 	 90.000
FD10907	316.250 	 0.000 	 90.000
FD10907	316.375 	 0.000 	 90.000
FD10907	316.500 	 0.000 	 90.000
FD10907	316.625 	 0.000 	 90.000
FD10907	316.750 	 0.000 	 90.000
FD10907	316.875 	 0.000 	 90.000
FD10907	317.000 	 0.000 	 90.000
FD10907	317.125 	 0.000 	 90.000
FD10907	317.250 	 0.000 	 90.000
FD10907	317.375 	 0.000 	 90.000
FD10907	317.500 	 0.000 	 90.000
FD10907	317.625 	 0.000 	 90.000
FD10907	317.750 	 0.000 	 90.000
FD10907	317.875 	 0.000 	 90.000
FD10907	318.000 	 0.000 	 90.000
