#WellName	 Depth.M	 INCL	 AZIM 
WellName	 Depth.M	 INCL	 AZIM 
FD10896	0.000 	 0.000 	 0.000
FD10896	0.125 	 0.000 	 90.000
FD10896	0.250 	 0.637 	 203.522
FD10896	0.375 	 0.637 	 203.522
FD10896	0.500 	 0.637 	 203.522
FD10896	0.625 	 0.637 	 203.520
FD10896	0.750 	 0.637 	 203.524
FD10896	0.875 	 0.637 	 203.547
FD10896	1.000 	 0.637 	 203.618
FD10896	1.125 	 0.637 	 203.739
FD10896	1.250 	 0.637 	 203.872
FD10896	1.375 	 0.637 	 203.956
FD10896	1.500 	 0.637 	 203.941
FD10896	1.625 	 0.637 	 203.828
FD10896	1.750 	 0.637 	 203.643
FD10896	1.875 	 0.636 	 203.425
FD10896	2.000 	 0.636 	 203.207
FD10896	2.125 	 0.634 	 203.014
FD10896	2.250 	 0.633 	 202.879
FD10896	2.375 	 0.633 	 202.818
FD10896	2.500 	 0.633 	 202.834
FD10896	2.625 	 0.631 	 202.896
FD10896	2.750 	 0.629 	 202.958
FD10896	2.875 	 0.629 	 202.984
FD10896	3.000 	 0.627 	 202.961
FD10896	3.125 	 0.627 	 202.909
FD10896	3.250 	 0.625 	 202.853
FD10896	3.375 	 0.624 	 202.819
FD10896	3.500 	 0.623 	 202.832
FD10896	3.625 	 0.622 	 202.912
FD10896	3.750 	 0.620 	 203.047
FD10896	3.875 	 0.618 	 203.203
FD10896	4.000 	 0.617 	 203.343
FD10896	4.125 	 0.615 	 203.462
FD10896	4.250 	 0.614 	 203.585
FD10896	4.375 	 0.612 	 203.731
FD10896	4.500 	 0.610 	 203.906
FD10896	4.625 	 0.608 	 204.105
FD10896	4.750 	 0.607 	 204.325
FD10896	4.875 	 0.606 	 204.560
FD10896	5.000 	 0.604 	 204.792
FD10896	5.125 	 0.603 	 204.990
FD10896	5.250 	 0.601 	 205.140
FD10896	5.375 	 0.600 	 205.262
FD10896	5.500 	 0.598 	 205.404
FD10896	5.625 	 0.596 	 205.591
FD10896	5.750 	 0.595 	 205.796
FD10896	5.875 	 0.594 	 205.962
FD10896	6.000 	 0.594 	 206.036
FD10896	6.125 	 0.593 	 205.999
FD10896	6.250 	 0.592 	 205.874
FD10896	6.375 	 0.591 	 205.715
FD10896	6.500 	 0.591 	 205.569
FD10896	6.625 	 0.591 	 205.448
FD10896	6.750 	 0.590 	 205.325
FD10896	6.875 	 0.590 	 205.182
FD10896	7.000 	 0.590 	 205.060
FD10896	7.125 	 0.590 	 205.025
FD10896	7.250 	 0.590 	 205.135
FD10896	7.375 	 0.590 	 205.388
FD10896	7.500 	 0.590 	 205.710
FD10896	7.625 	 0.590 	 206.005
FD10896	7.750 	 0.590 	 206.190
FD10896	7.875 	 0.590 	 206.243
FD10896	8.000 	 0.590 	 206.199
FD10896	8.125 	 0.590 	 206.110
FD10896	8.250 	 0.590 	 206.021
FD10896	8.375 	 0.590 	 205.940
FD10896	8.500 	 0.590 	 205.861
FD10896	8.625 	 0.590 	 205.797
FD10896	8.750 	 0.590 	 205.768
FD10896	8.875 	 0.589 	 205.795
FD10896	9.000 	 0.589 	 205.874
FD10896	9.125 	 0.589 	 205.981
FD10896	9.250 	 0.589 	 206.082
FD10896	9.375 	 0.588 	 206.154
FD10896	9.500 	 0.588 	 206.195
FD10896	9.625 	 0.588 	 206.234
FD10896	9.750 	 0.588 	 206.312
FD10896	9.875 	 0.588 	 206.447
FD10896	10.000 	 0.587 	 206.620
FD10896	10.125 	 0.587 	 206.777
FD10896	10.250 	 0.587 	 206.879
FD10896	10.375 	 0.587 	 206.934
FD10896	10.500 	 0.587 	 207.000
FD10896	10.625 	 0.586 	 207.107
FD10896	10.750 	 0.586 	 207.229
FD10896	10.875 	 0.586 	 207.311
FD10896	11.000 	 0.585 	 207.310
FD10896	11.125 	 0.585 	 207.230
FD10896	11.250 	 0.585 	 207.106
FD10896	11.375 	 0.585 	 206.970
FD10896	11.500 	 0.585 	 206.833
FD10896	11.625 	 0.584 	 206.692
FD10896	11.750 	 0.584 	 206.550
FD10896	11.875 	 0.584 	 206.411
FD10896	12.000 	 0.583 	 206.292
FD10896	12.125 	 0.582 	 206.197
FD10896	12.250 	 0.582 	 206.117
FD10896	12.375 	 0.582 	 206.026
FD10896	12.500 	 0.581 	 205.902
FD10896	12.625 	 0.581 	 205.746
FD10896	12.750 	 0.579 	 205.603
FD10896	12.875 	 0.579 	 205.517
FD10896	13.000 	 0.579 	 205.517
FD10896	13.125 	 0.577 	 205.593
FD10896	13.250 	 0.577 	 205.709
FD10896	13.375 	 0.576 	 205.824
FD10896	13.500 	 0.575 	 205.900
FD10896	13.625 	 0.575 	 205.919
FD10896	13.750 	 0.574 	 205.890
FD10896	13.875 	 0.573 	 205.853
FD10896	14.000 	 0.573 	 205.850
FD10896	14.125 	 0.572 	 205.908
FD10896	14.250 	 0.572 	 206.031
FD10896	14.375 	 0.570 	 206.217
FD10896	14.500 	 0.570 	 206.468
FD10896	14.625 	 0.568 	 206.758
FD10896	14.750 	 0.567 	 207.023
FD10896	14.875 	 0.567 	 207.192
FD10896	15.000 	 0.566 	 207.229
FD10896	15.125 	 0.565 	 207.169
FD10896	15.250 	 0.565 	 207.073
FD10896	15.375 	 0.564 	 206.978
FD10896	15.500 	 0.563 	 206.900
FD10896	15.625 	 0.561 	 206.859
FD10896	15.750 	 0.560 	 206.892
FD10896	15.875 	 0.559 	 207.026
FD10896	16.000 	 0.558 	 207.221
FD10896	16.125 	 0.556 	 207.389
FD10896	16.250 	 0.555 	 207.440
FD10896	16.375 	 0.554 	 207.346
FD10896	16.500 	 0.554 	 207.151
FD10896	16.625 	 0.552 	 206.902
FD10896	16.750 	 0.551 	 206.638
FD10896	16.875 	 0.550 	 206.376
FD10896	17.000 	 0.548 	 206.124
FD10896	17.125 	 0.547 	 205.913
FD10896	17.250 	 0.546 	 205.782
FD10896	17.375 	 0.545 	 205.760
FD10896	17.500 	 0.543 	 205.835
FD10896	17.625 	 0.541 	 205.941
FD10896	17.750 	 0.540 	 205.992
FD10896	17.875 	 0.538 	 205.947
FD10896	18.000 	 0.537 	 205.812
FD10896	18.125 	 0.536 	 205.625
FD10896	18.250 	 0.534 	 205.419
FD10896	18.375 	 0.533 	 205.210
FD10896	18.500 	 0.531 	 205.010
FD10896	18.625 	 0.530 	 204.833
FD10896	18.750 	 0.528 	 204.695
FD10896	18.875 	 0.526 	 204.608
FD10896	19.000 	 0.525 	 204.567
FD10896	19.125 	 0.523 	 204.540
FD10896	19.250 	 0.522 	 204.476
FD10896	19.375 	 0.520 	 204.342
FD10896	19.500 	 0.518 	 204.148
FD10896	19.625 	 0.517 	 203.932
FD10896	19.750 	 0.515 	 203.735
FD10896	19.875 	 0.513 	 203.561
FD10896	20.000 	 0.511 	 203.401
FD10896	20.125 	 0.510 	 203.256
FD10896	20.250 	 0.508 	 203.123
FD10896	20.375 	 0.506 	 202.995
FD10896	20.500 	 0.505 	 202.847
FD10896	20.625 	 0.503 	 202.688
FD10896	20.750 	 0.502 	 202.558
FD10896	20.875 	 0.500 	 202.495
FD10896	21.000 	 0.499 	 202.520
FD10896	21.125 	 0.497 	 202.597
FD10896	21.250 	 0.495 	 202.685
FD10896	21.375 	 0.493 	 202.754
FD10896	21.500 	 0.492 	 202.806
FD10896	21.625 	 0.490 	 202.893
FD10896	21.750 	 0.489 	 203.057
FD10896	21.875 	 0.487 	 203.283
FD10896	22.000 	 0.485 	 203.524
FD10896	22.125 	 0.484 	 203.746
FD10896	22.250 	 0.483 	 203.970
FD10896	22.375 	 0.481 	 204.223
FD10896	22.500 	 0.479 	 204.479
FD10896	22.625 	 0.478 	 204.674
FD10896	22.750 	 0.476 	 204.748
FD10896	22.875 	 0.475 	 204.705
FD10896	23.000 	 0.474 	 204.596
FD10896	23.125 	 0.473 	 204.489
FD10896	23.250 	 0.471 	 204.431
FD10896	23.375 	 0.470 	 204.454
FD10896	23.500 	 0.468 	 204.599
FD10896	23.625 	 0.466 	 204.865
FD10896	23.750 	 0.466 	 205.220
FD10896	23.875 	 0.464 	 205.611
FD10896	24.000 	 0.462 	 205.973
FD10896	24.125 	 0.461 	 206.278
FD10896	24.250 	 0.459 	 206.517
FD10896	24.375 	 0.458 	 206.692
FD10896	24.500 	 0.456 	 206.811
FD10896	24.625 	 0.455 	 206.878
FD10896	24.750 	 0.454 	 206.924
FD10896	24.875 	 0.452 	 207.001
FD10896	25.000 	 0.451 	 207.175
FD10896	25.125 	 0.450 	 207.463
FD10896	25.250 	 0.449 	 207.836
FD10896	25.375 	 0.447 	 208.234
FD10896	25.500 	 0.446 	 208.591
FD10896	25.625 	 0.444 	 208.889
FD10896	25.750 	 0.444 	 209.138
FD10896	25.875 	 0.442 	 209.376
FD10896	26.000 	 0.441 	 209.623
FD10896	26.125 	 0.439 	 209.849
FD10896	26.250 	 0.439 	 210.000
FD10896	26.375 	 0.437 	 210.035
FD10896	26.500 	 0.436 	 209.957
FD10896	26.625 	 0.434 	 209.798
FD10896	26.750 	 0.433 	 209.607
FD10896	26.875 	 0.433 	 209.419
FD10896	27.000 	 0.431 	 209.253
FD10896	27.125 	 0.431 	 209.112
FD10896	27.250 	 0.430 	 208.992
FD10896	27.375 	 0.428 	 208.888
FD10896	27.500 	 0.428 	 208.781
FD10896	27.625 	 0.426 	 208.655
FD10896	27.750 	 0.425 	 208.513
FD10896	27.875 	 0.424 	 208.379
FD10896	28.000 	 0.424 	 208.294
FD10896	28.125 	 0.424 	 208.293
FD10896	28.250 	 0.422 	 208.379
FD10896	28.375 	 0.421 	 208.528
FD10896	28.500 	 0.421 	 208.704
FD10896	28.625 	 0.420 	 208.886
FD10896	28.750 	 0.420 	 209.071
FD10896	28.875 	 0.419 	 209.242
FD10896	29.000 	 0.419 	 209.364
FD10896	29.125 	 0.419 	 209.422
FD10896	29.250 	 0.419 	 209.432
FD10896	29.375 	 0.418 	 209.438
FD10896	29.500 	 0.418 	 209.459
FD10896	29.625 	 0.418 	 209.458
FD10896	29.750 	 0.418 	 209.394
FD10896	29.875 	 0.418 	 209.266
FD10896	30.000 	 0.418 	 209.110
FD10896	30.125 	 0.418 	 208.961
FD10896	30.250 	 0.418 	 208.814
FD10896	30.375 	 0.418 	 208.640
FD10896	30.500 	 0.418 	 208.438
FD10896	30.625 	 0.419 	 208.261
FD10896	30.750 	 0.419 	 208.183
FD10896	30.875 	 0.419 	 208.244
FD10896	31.000 	 0.419 	 208.408
FD10896	31.125 	 0.419 	 208.611
FD10896	31.250 	 0.420 	 208.792
FD10896	31.375 	 0.420 	 208.944
FD10896	31.500 	 0.421 	 209.088
FD10896	31.625 	 0.421 	 209.243
FD10896	31.750 	 0.422 	 209.416
FD10896	31.875 	 0.423 	 209.605
FD10896	32.000 	 0.424 	 209.806
FD10896	32.125 	 0.425 	 210.020
FD10896	32.250 	 0.425 	 210.254
FD10896	32.375 	 0.426 	 210.504
FD10896	32.500 	 0.427 	 210.769
FD10896	32.625 	 0.427 	 211.043
FD10896	32.750 	 0.429 	 211.325
FD10896	32.875 	 0.429 	 211.626
FD10896	33.000 	 0.431 	 211.955
FD10896	33.125 	 0.431 	 212.303
FD10896	33.250 	 0.433 	 212.639
FD10896	33.375 	 0.434 	 212.935
FD10896	33.500 	 0.434 	 213.189
FD10896	33.625 	 0.436 	 213.421
FD10896	33.750 	 0.436 	 213.676
FD10896	33.875 	 0.437 	 213.978
FD10896	34.000 	 0.439 	 214.325
FD10896	34.125 	 0.440 	 214.700
FD10896	34.250 	 0.442 	 215.085
FD10896	34.375 	 0.443 	 215.480
FD10896	34.500 	 0.444 	 215.890
FD10896	34.625 	 0.446 	 216.307
FD10896	34.750 	 0.447 	 216.711
FD10896	34.875 	 0.448 	 217.096
FD10896	35.000 	 0.450 	 217.478
FD10896	35.125 	 0.452 	 217.873
FD10896	35.250 	 0.453 	 218.286
FD10896	35.375 	 0.455 	 218.704
FD10896	35.500 	 0.456 	 219.098
FD10896	35.625 	 0.458 	 219.444
FD10896	35.750 	 0.460 	 219.747
FD10896	35.875 	 0.462 	 220.021
FD10896	36.000 	 0.463 	 220.286
FD10896	36.125 	 0.465 	 220.547
FD10896	36.250 	 0.467 	 220.793
FD10896	36.375 	 0.469 	 221.023
FD10896	36.500 	 0.471 	 221.231
FD10896	36.625 	 0.473 	 221.393
FD10896	36.750 	 0.475 	 221.505
FD10896	36.875 	 0.477 	 221.558
FD10896	37.000 	 0.479 	 221.584
FD10896	37.125 	 0.480 	 221.595
FD10896	37.250 	 0.482 	 221.591
FD10896	37.375 	 0.484 	 221.553
FD10896	37.500 	 0.486 	 221.477
FD10896	37.625 	 0.488 	 221.380
FD10896	37.750 	 0.490 	 221.295
FD10896	37.875 	 0.492 	 221.246
FD10896	38.000 	 0.494 	 221.239
FD10896	38.125 	 0.496 	 221.266
FD10896	38.250 	 0.498 	 221.299
FD10896	38.375 	 0.500 	 221.318
FD10896	38.500 	 0.502 	 221.306
FD10896	38.625 	 0.504 	 221.263
FD10896	38.750 	 0.506 	 221.194
FD10896	38.875 	 0.508 	 221.130
FD10896	39.000 	 0.510 	 221.100
FD10896	39.125 	 0.512 	 221.133
FD10896	39.250 	 0.514 	 221.250
FD10896	39.375 	 0.516 	 221.437
FD10896	39.500 	 0.518 	 221.673
FD10896	39.625 	 0.520 	 221.925
FD10896	39.750 	 0.522 	 222.148
FD10896	39.875 	 0.525 	 222.309
FD10896	40.000 	 0.527 	 222.383
FD10896	40.125 	 0.529 	 222.363
FD10896	40.250 	 0.531 	 222.279
FD10896	40.375 	 0.533 	 222.174
FD10896	40.500 	 0.536 	 222.093
FD10896	40.625 	 0.538 	 222.071
FD10896	40.750 	 0.540 	 222.135
FD10896	40.875 	 0.542 	 222.296
FD10896	41.000 	 0.544 	 222.551
FD10896	41.125 	 0.547 	 222.880
FD10896	41.250 	 0.549 	 223.250
FD10896	41.375 	 0.552 	 223.624
FD10896	41.500 	 0.554 	 223.977
FD10896	41.625 	 0.556 	 224.288
FD10896	41.750 	 0.558 	 224.533
FD10896	41.875 	 0.560 	 224.691
FD10896	42.000 	 0.563 	 224.761
FD10896	42.125 	 0.565 	 224.780
FD10896	42.250 	 0.568 	 224.807
FD10896	42.375 	 0.570 	 224.892
FD10896	42.500 	 0.572 	 225.037
FD10896	42.625 	 0.575 	 225.201
FD10896	42.750 	 0.577 	 225.342
FD10896	42.875 	 0.579 	 225.475
FD10896	43.000 	 0.582 	 225.649
FD10896	43.125 	 0.584 	 225.900
FD10896	43.250 	 0.586 	 226.204
FD10896	43.375 	 0.589 	 226.490
FD10896	43.500 	 0.592 	 226.680
FD10896	43.625 	 0.594 	 226.745
FD10896	43.750 	 0.596 	 226.718
FD10896	43.875 	 0.600 	 226.667
FD10896	44.000 	 0.602 	 226.677
FD10896	44.125 	 0.604 	 226.812
FD10896	44.250 	 0.607 	 227.074
FD10896	44.375 	 0.609 	 227.404
FD10896	44.500 	 0.612 	 227.697
FD10896	44.625 	 0.615 	 227.879
FD10896	44.750 	 0.618 	 227.940
FD10896	44.875 	 0.621 	 227.916
FD10896	45.000 	 0.624 	 227.855
FD10896	45.125 	 0.626 	 227.798
FD10896	45.250 	 0.628 	 227.777
FD10896	45.375 	 0.632 	 227.815
FD10896	45.500 	 0.635 	 227.918
FD10896	45.625 	 0.637 	 228.051
FD10896	45.750 	 0.639 	 228.173
FD10896	45.875 	 0.643 	 228.261
FD10896	46.000 	 0.645 	 228.311
FD10896	46.125 	 0.648 	 228.314
FD10896	46.250 	 0.650 	 228.270
FD10896	46.375 	 0.653 	 228.186
FD10896	46.500 	 0.656 	 228.086
FD10896	46.625 	 0.658 	 227.979
FD10896	46.750 	 0.661 	 227.864
FD10896	46.875 	 0.665 	 227.728
FD10896	47.000 	 0.667 	 227.575
FD10896	47.125 	 0.670 	 227.415
FD10896	47.250 	 0.672 	 227.258
FD10896	47.375 	 0.676 	 227.118
FD10896	47.500 	 0.678 	 227.007
FD10896	47.625 	 0.681 	 226.927
FD10896	47.750 	 0.684 	 226.871
FD10896	47.875 	 0.686 	 226.821
FD10896	48.000 	 0.690 	 226.749
FD10896	48.125 	 0.692 	 226.669
FD10896	48.250 	 0.696 	 226.630
FD10896	48.375 	 0.698 	 226.673
FD10896	48.500 	 0.701 	 226.790
FD10896	48.625 	 0.705 	 226.916
FD10896	48.750 	 0.708 	 226.991
FD10896	48.875 	 0.712 	 227.018
FD10896	49.000 	 0.715 	 227.046
FD10896	49.125 	 0.719 	 227.117
FD10896	49.250 	 0.723 	 227.219
FD10896	49.375 	 0.727 	 227.315
FD10896	49.500 	 0.731 	 227.355
FD10896	49.625 	 0.736 	 227.353
FD10896	49.750 	 0.740 	 227.348
FD10896	49.875 	 0.745 	 227.361
FD10896	50.000 	 0.750 	 227.383
FD10896	50.125 	 0.755 	 227.374
FD10896	50.250 	 0.759 	 227.340
FD10896	50.375 	 0.765 	 227.319
FD10896	50.500 	 0.771 	 227.373
FD10896	50.625 	 0.776 	 227.535
FD10896	50.750 	 0.782 	 227.770
FD10896	50.875 	 0.788 	 228.013
FD10896	51.000 	 0.794 	 228.170
FD10896	51.125 	 0.800 	 228.187
FD10896	51.250 	 0.806 	 228.100
FD10896	51.375 	 0.813 	 228.012
FD10896	51.500 	 0.819 	 228.055
FD10896	51.625 	 0.825 	 228.278
FD10896	51.750 	 0.833 	 228.586
FD10896	51.875 	 0.839 	 228.828
FD10896	52.000 	 0.846 	 228.897
FD10896	52.125 	 0.853 	 228.817
FD10896	52.250 	 0.860 	 228.660
FD10896	52.375 	 0.868 	 228.487
FD10896	52.500 	 0.874 	 228.286
FD10896	52.625 	 0.882 	 228.025
FD10896	52.750 	 0.889 	 227.710
FD10896	52.875 	 0.897 	 227.373
FD10896	53.000 	 0.904 	 227.052
FD10896	53.125 	 0.910 	 226.772
FD10896	53.250 	 0.917 	 226.526
FD10896	53.375 	 0.924 	 226.307
FD10896	53.500 	 0.932 	 226.164
FD10896	53.625 	 0.938 	 226.186
FD10896	53.750 	 0.946 	 226.470
FD10896	53.875 	 0.952 	 227.022
FD10896	54.000 	 0.960 	 227.764
FD10896	54.125 	 0.966 	 228.600
FD10896	54.250 	 0.973 	 229.455
FD10896	54.375 	 0.979 	 230.308
FD10896	54.500 	 0.986 	 231.166
FD10896	54.625 	 0.992 	 232.033
FD10896	54.750 	 0.998 	 232.881
FD10896	54.875 	 1.004 	 233.649
FD10896	55.000 	 1.009 	 234.267
FD10896	55.125 	 1.015 	 234.685
FD10896	55.250 	 1.020 	 234.903
FD10896	55.375 	 1.026 	 234.957
FD10896	55.500 	 1.031 	 234.910
FD10896	55.625 	 1.035 	 234.822
FD10896	55.750 	 1.039 	 234.745
FD10896	55.875 	 1.044 	 234.708
FD10896	56.000 	 1.047 	 234.723
FD10896	56.125 	 1.051 	 234.791
FD10896	56.250 	 1.055 	 234.905
FD10896	56.375 	 1.059 	 235.056
FD10896	56.500 	 1.063 	 235.219
FD10896	56.625 	 1.066 	 235.378
FD10896	56.750 	 1.070 	 235.537
FD10896	56.875 	 1.073 	 235.706
FD10896	57.000 	 1.076 	 235.882
FD10896	57.125 	 1.080 	 236.028
FD10896	57.250 	 1.084 	 236.113
FD10896	57.375 	 1.087 	 236.150
FD10896	57.500 	 1.091 	 236.204
FD10896	57.625 	 1.095 	 236.330
FD10896	57.750 	 1.099 	 236.541
FD10896	57.875 	 1.104 	 236.788
FD10896	58.000 	 1.108 	 237.021
FD10896	58.125 	 1.112 	 237.222
FD10896	58.250 	 1.117 	 237.399
FD10896	58.375 	 1.121 	 237.584
FD10896	58.500 	 1.126 	 237.792
FD10896	58.625 	 1.131 	 238.040
FD10896	58.750 	 1.135 	 238.342
FD10896	58.875 	 1.140 	 238.704
FD10896	59.000 	 1.146 	 239.120
FD10896	59.125 	 1.152 	 239.549
FD10896	59.250 	 1.157 	 239.950
FD10896	59.375 	 1.163 	 240.304
FD10896	59.500 	 1.168 	 240.627
FD10896	59.625 	 1.174 	 240.948
FD10896	59.750 	 1.180 	 241.278
FD10896	59.875 	 1.186 	 241.618
FD10896	60.000 	 1.192 	 241.968
FD10896	60.125 	 1.198 	 242.334
FD10896	60.250 	 1.204 	 242.711
FD10896	60.375 	 1.211 	 243.071
FD10896	60.500 	 1.217 	 243.366
FD10896	60.625 	 1.224 	 243.575
FD10896	60.750 	 1.231 	 243.717
FD10896	60.875 	 1.238 	 243.831
FD10896	61.000 	 1.244 	 243.961
FD10896	61.125 	 1.251 	 244.106
FD10896	61.250 	 1.259 	 244.222
FD10896	61.375 	 1.265 	 244.280
FD10896	61.500 	 1.272 	 244.288
FD10896	61.625 	 1.280 	 244.295
FD10896	61.750 	 1.288 	 244.383
FD10896	61.875 	 1.294 	 244.605
FD10896	62.000 	 1.302 	 244.954
FD10896	62.125 	 1.310 	 245.383
FD10896	62.250 	 1.317 	 245.807
FD10896	62.375 	 1.324 	 246.175
FD10896	62.500 	 1.332 	 246.487
FD10896	62.625 	 1.339 	 246.780
FD10896	62.750 	 1.347 	 247.083
FD10896	62.875 	 1.354 	 247.392
FD10896	63.000 	 1.362 	 247.683
FD10896	63.125 	 1.370 	 247.958
FD10896	63.250 	 1.378 	 248.244
FD10896	63.375 	 1.386 	 248.566
FD10896	63.500 	 1.393 	 248.916
FD10896	63.625 	 1.401 	 249.263
FD10896	63.750 	 1.408 	 249.588
FD10896	63.875 	 1.416 	 249.906
FD10896	64.000 	 1.423 	 250.256
FD10896	64.125 	 1.430 	 250.651
FD10896	64.250 	 1.436 	 251.051
FD10896	64.375 	 1.443 	 251.398
FD10896	64.500 	 1.449 	 251.659
FD10896	64.625 	 1.456 	 251.842
FD10896	64.750 	 1.462 	 251.978
FD10896	64.875 	 1.468 	 252.114
FD10896	65.000 	 1.473 	 252.271
FD10896	65.125 	 1.479 	 252.491
FD10896	65.250 	 1.484 	 252.780
FD10896	65.375 	 1.490 	 253.129
FD10896	65.500 	 1.495 	 253.507
FD10896	65.625 	 1.501 	 253.865
FD10896	65.750 	 1.506 	 254.164
FD10896	65.875 	 1.510 	 254.386
FD10896	66.000 	 1.516 	 254.553
FD10896	66.125 	 1.522 	 254.719
FD10896	66.250 	 1.527 	 254.934
FD10896	66.375 	 1.533 	 255.223
FD10896	66.500 	 1.538 	 255.568
FD10896	66.625 	 1.543 	 255.924
FD10896	66.750 	 1.549 	 256.240
FD10896	66.875 	 1.555 	 256.486
FD10896	67.000 	 1.561 	 256.654
FD10896	67.125 	 1.567 	 256.766
FD10896	67.250 	 1.573 	 256.839
FD10896	67.375 	 1.579 	 256.897
FD10896	67.500 	 1.586 	 256.960
FD10896	67.625 	 1.593 	 257.048
FD10896	67.750 	 1.599 	 257.181
FD10896	67.875 	 1.605 	 257.370
FD10896	68.000 	 1.612 	 257.622
FD10896	68.125 	 1.619 	 257.923
FD10896	68.250 	 1.625 	 258.265
FD10896	68.375 	 1.633 	 258.626
FD10896	68.500 	 1.639 	 258.991
FD10896	68.625 	 1.646 	 259.339
FD10896	68.750 	 1.653 	 259.658
FD10896	68.875 	 1.660 	 259.978
FD10896	69.000 	 1.666 	 260.330
FD10896	69.125 	 1.674 	 260.726
FD10896	69.250 	 1.680 	 261.111
FD10896	69.375 	 1.687 	 261.425
FD10896	69.500 	 1.694 	 261.635
FD10896	69.625 	 1.702 	 261.762
FD10896	69.750 	 1.710 	 261.872
FD10896	69.875 	 1.716 	 262.018
FD10896	70.000 	 1.724 	 262.219
FD10896	70.125 	 1.732 	 262.463
FD10896	70.250 	 1.739 	 262.713
FD10896	70.375 	 1.747 	 262.937
FD10896	70.500 	 1.754 	 263.119
FD10896	70.625 	 1.762 	 263.272
FD10896	70.750 	 1.770 	 263.413
FD10896	70.875 	 1.778 	 263.570
FD10896	71.000 	 1.786 	 263.759
FD10896	71.125 	 1.794 	 263.982
FD10896	71.250 	 1.803 	 264.217
FD10896	71.375 	 1.811 	 264.434
FD10896	71.500 	 1.819 	 264.644
FD10896	71.625 	 1.827 	 264.867
FD10896	71.750 	 1.836 	 265.136
FD10896	71.875 	 1.845 	 265.450
FD10896	72.000 	 1.853 	 265.769
FD10896	72.125 	 1.861 	 266.057
FD10896	72.250 	 1.869 	 266.300
FD10896	72.375 	 1.878 	 266.500
FD10896	72.500 	 1.886 	 266.693
FD10896	72.625 	 1.894 	 266.904
FD10896	72.750 	 1.902 	 267.147
FD10896	72.875 	 1.910 	 267.424
FD10896	73.000 	 1.918 	 267.728
FD10896	73.125 	 1.926 	 268.049
FD10896	73.250 	 1.934 	 268.359
FD10896	73.375 	 1.942 	 268.626
FD10896	73.500 	 1.950 	 268.808
FD10896	73.625 	 1.958 	 268.887
FD10896	73.750 	 1.966 	 268.909
FD10896	73.875 	 1.973 	 268.948
FD10896	74.000 	 1.981 	 269.059
FD10896	74.125 	 1.989 	 269.228
FD10896	74.250 	 1.996 	 269.394
FD10896	74.375 	 2.003 	 269.524
FD10896	74.500 	 2.011 	 269.673
FD10896	74.625 	 2.018 	 269.904
FD10896	74.750 	 2.026 	 270.226
FD10896	74.875 	 2.034 	 270.594
FD10896	75.000 	 2.041 	 270.957
FD10896	75.125 	 2.049 	 271.351
FD10896	75.250 	 2.056 	 271.820
FD10896	75.375 	 2.064 	 272.353
FD10896	75.500 	 2.072 	 272.859
FD10896	75.625 	 2.080 	 273.254
FD10896	75.750 	 2.089 	 273.532
FD10896	75.875 	 2.097 	 273.756
FD10896	76.000 	 2.105 	 274.005
FD10896	76.125 	 2.114 	 274.315
FD10896	76.250 	 2.124 	 274.681
FD10896	76.375 	 2.132 	 275.041
FD10896	76.500 	 2.141 	 275.325
FD10896	76.625 	 2.151 	 275.554
FD10896	76.750 	 2.160 	 275.823
FD10896	76.875 	 2.169 	 276.233
FD10896	77.000 	 2.179 	 276.758
FD10896	77.125 	 2.189 	 277.270
FD10896	77.250 	 2.199 	 277.636
FD10896	77.375 	 2.208 	 277.849
FD10896	77.500 	 2.218 	 278.014
FD10896	77.625 	 2.228 	 278.263
FD10896	77.750 	 2.238 	 278.641
FD10896	77.875 	 2.248 	 279.101
FD10896	78.000 	 2.258 	 279.551
FD10896	78.125 	 2.267 	 279.938
FD10896	78.250 	 2.277 	 280.236
FD10896	78.375 	 2.287 	 280.452
FD10896	78.500 	 2.296 	 280.593
FD10896	78.625 	 2.305 	 280.659
FD10896	78.750 	 2.314 	 280.702
FD10896	78.875 	 2.324 	 280.767
FD10896	79.000 	 2.332 	 280.923
FD10896	79.125 	 2.342 	 281.244
FD10896	79.250 	 2.351 	 281.745
FD10896	79.375 	 2.359 	 282.412
FD10896	79.500 	 2.367 	 283.180
FD10896	79.625 	 2.375 	 283.934
FD10896	79.750 	 2.384 	 284.585
FD10896	79.875 	 2.393 	 285.097
FD10896	80.000 	 2.403 	 285.487
FD10896	80.125 	 2.413 	 285.816
FD10896	80.250 	 2.425 	 286.130
FD10896	80.375 	 2.437 	 286.439
FD10896	80.500 	 2.449 	 286.743
FD10896	80.625 	 2.463 	 287.023
FD10896	80.750 	 2.477 	 287.277
FD10896	80.875 	 2.493 	 287.516
FD10896	81.000 	 2.509 	 287.729
FD10896	81.125 	 2.527 	 287.906
FD10896	81.250 	 2.544 	 288.017
FD10896	81.375 	 2.563 	 288.040
FD10896	81.500 	 2.583 	 288.008
FD10896	81.625 	 2.603 	 287.966
FD10896	81.750 	 2.624 	 287.959
FD10896	81.875 	 2.645 	 287.993
FD10896	82.000 	 2.667 	 288.035
FD10896	82.125 	 2.688 	 288.031
FD10896	82.250 	 2.708 	 287.956
FD10896	82.375 	 2.730 	 287.818
FD10896	82.500 	 2.750 	 287.645
FD10896	82.625 	 2.770 	 287.468
FD10896	82.750 	 2.790 	 287.313
FD10896	82.875 	 2.810 	 287.217
FD10896	83.000 	 2.830 	 287.195
FD10896	83.125 	 2.848 	 287.232
FD10896	83.250 	 2.867 	 287.260
FD10896	83.375 	 2.884 	 287.218
FD10896	83.500 	 2.902 	 287.099
FD10896	83.625 	 2.920 	 286.924
FD10896	83.750 	 2.936 	 286.738
FD10896	83.875 	 2.952 	 286.558
FD10896	84.000 	 2.968 	 286.393
FD10896	84.125 	 2.983 	 286.273
FD10896	84.250 	 2.997 	 286.232
FD10896	84.375 	 3.012 	 286.323
FD10896	84.500 	 3.025 	 286.538
FD10896	84.625 	 3.037 	 286.828
FD10896	84.750 	 3.050 	 287.100
FD10896	84.875 	 3.064 	 287.254
FD10896	85.000 	 3.078 	 287.274
FD10896	85.125 	 3.093 	 287.186
FD10896	85.250 	 3.107 	 287.048
FD10896	85.375 	 3.123 	 286.886
FD10896	85.500 	 3.140 	 286.689
FD10896	85.625 	 3.157 	 286.460
FD10896	85.750 	 3.175 	 286.226
FD10896	85.875 	 3.194 	 286.014
FD10896	86.000 	 3.214 	 285.845
FD10896	86.125 	 3.234 	 285.734
FD10896	86.250 	 3.257 	 285.666
FD10896	86.375 	 3.280 	 285.641
FD10896	86.500 	 3.303 	 285.644
FD10896	86.625 	 3.327 	 285.652
FD10896	86.750 	 3.353 	 285.672
FD10896	86.875 	 3.378 	 285.722
FD10896	87.000 	 3.404 	 285.830
FD10896	87.125 	 3.429 	 285.971
FD10896	87.250 	 3.455 	 286.054
FD10896	87.375 	 3.480 	 286.030
FD10896	87.500 	 3.506 	 285.923
FD10896	87.625 	 3.531 	 285.792
FD10896	87.750 	 3.557 	 285.701
FD10896	87.875 	 3.583 	 285.657
FD10896	88.000 	 3.609 	 285.656
FD10896	88.125 	 3.636 	 285.686
FD10896	88.250 	 3.662 	 285.703
FD10896	88.375 	 3.689 	 285.674
FD10896	88.500 	 3.716 	 285.587
FD10896	88.625 	 3.743 	 285.455
FD10896	88.750 	 3.770 	 285.312
FD10896	88.875 	 3.798 	 285.172
FD10896	89.000 	 3.827 	 285.027
FD10896	89.125 	 3.855 	 284.878
FD10896	89.250 	 3.884 	 284.701
FD10896	89.375 	 3.914 	 284.489
FD10896	89.500 	 3.943 	 284.275
FD10896	89.625 	 3.973 	 284.104
FD10896	89.750 	 4.002 	 284.003
FD10896	89.875 	 4.031 	 283.943
FD10896	90.000 	 4.060 	 283.878
FD10896	90.125 	 4.090 	 283.795
FD10896	90.250 	 4.118 	 283.735
FD10896	90.375 	 4.147 	 283.752
FD10896	90.500 	 4.176 	 283.864
FD10896	90.625 	 4.204 	 284.039
FD10896	90.750 	 4.232 	 284.230
FD10896	90.875 	 4.260 	 284.406
FD10896	91.000 	 4.288 	 284.546
FD10896	91.125 	 4.314 	 284.639
FD10896	91.250 	 4.341 	 284.651
FD10896	91.375 	 4.368 	 284.569
FD10896	91.500 	 4.394 	 284.437
FD10896	91.625 	 4.420 	 284.344
FD10896	91.750 	 4.446 	 284.368
FD10896	91.875 	 4.472 	 284.494
FD10896	92.000 	 4.498 	 284.619
FD10896	92.125 	 4.524 	 284.679
FD10896	92.250 	 4.551 	 284.665
FD10896	92.375 	 4.577 	 284.619
FD10896	92.500 	 4.603 	 284.569
FD10896	92.625 	 4.629 	 284.499
FD10896	92.750 	 4.655 	 284.384
FD10896	92.875 	 4.680 	 284.217
FD10896	93.000 	 4.706 	 284.019
FD10896	93.125 	 4.732 	 283.850
FD10896	93.250 	 4.758 	 283.758
FD10896	93.375 	 4.784 	 283.771
FD10896	93.500 	 4.810 	 283.860
FD10896	93.625 	 4.836 	 283.962
FD10896	93.750 	 4.862 	 284.027
FD10896	93.875 	 4.888 	 284.034
FD10896	94.000 	 4.914 	 283.988
FD10896	94.125 	 4.940 	 283.892
FD10896	94.250 	 4.966 	 283.744
FD10896	94.375 	 4.993 	 283.551
FD10896	94.500 	 5.021 	 283.334
FD10896	94.625 	 5.048 	 283.133
FD10896	94.750 	 5.075 	 282.994
FD10896	94.875 	 5.104 	 282.937
FD10896	95.000 	 5.132 	 282.961
FD10896	95.125 	 5.162 	 283.051
FD10896	95.250 	 5.191 	 283.201
FD10896	95.375 	 5.222 	 283.387
FD10896	95.500 	 5.253 	 283.582
FD10896	95.625 	 5.285 	 283.745
FD10896	95.750 	 5.317 	 283.849
FD10896	95.875 	 5.350 	 283.890
FD10896	96.000 	 5.384 	 283.862
FD10896	96.125 	 5.417 	 283.783
FD10896	96.250 	 5.451 	 283.693
FD10896	96.375 	 5.485 	 283.654
FD10896	96.500 	 5.520 	 283.728
FD10896	96.625 	 5.554 	 283.926
FD10896	96.750 	 5.588 	 284.207
FD10896	96.875 	 5.622 	 284.500
FD10896	97.000 	 5.655 	 284.752
FD10896	97.125 	 5.689 	 284.965
FD10896	97.250 	 5.721 	 285.140
FD10896	97.375 	 5.752 	 285.286
FD10896	97.500 	 5.783 	 285.413
FD10896	97.625 	 5.815 	 285.521
FD10896	97.750 	 5.845 	 285.617
FD10896	97.875 	 5.874 	 285.689
FD10896	98.000 	 5.904 	 285.741
FD10896	98.125 	 5.934 	 285.789
FD10896	98.250 	 5.962 	 285.842
FD10896	98.375 	 5.992 	 285.906
FD10896	98.500 	 6.021 	 285.978
FD10896	98.625 	 6.051 	 286.049
FD10896	98.750 	 6.081 	 286.108
FD10896	98.875 	 6.110 	 286.126
FD10896	99.000 	 6.141 	 286.079
FD10896	99.125 	 6.172 	 285.965
FD10896	99.250 	 6.203 	 285.817
FD10896	99.375 	 6.234 	 285.684
FD10896	99.500 	 6.266 	 285.601
FD10896	99.625 	 6.298 	 285.568
FD10896	99.750 	 6.330 	 285.563
FD10896	99.875 	 6.363 	 285.554
FD10896	100.000 	 6.395 	 285.531
FD10896	100.125 	 6.428 	 285.505
FD10896	100.250 	 6.460 	 285.490
FD10896	100.375 	 6.492 	 285.503
FD10896	100.500 	 6.523 	 285.534
FD10896	100.625 	 6.555 	 285.563
FD10896	100.750 	 6.585 	 285.588
FD10896	100.875 	 6.615 	 285.616
FD10896	101.000 	 6.644 	 285.663
FD10896	101.125 	 6.674 	 285.721
FD10896	101.250 	 6.702 	 285.764
FD10896	101.375 	 6.730 	 285.778
FD10896	101.500 	 6.758 	 285.778
FD10896	101.625 	 6.785 	 285.796
FD10896	101.750 	 6.811 	 285.858
FD10896	101.875 	 6.837 	 285.947
FD10896	102.000 	 6.863 	 286.029
FD10896	102.125 	 6.890 	 286.066
FD10896	102.250 	 6.915 	 286.039
FD10896	102.375 	 6.941 	 285.964
FD10896	102.500 	 6.967 	 285.868
FD10896	102.625 	 6.993 	 285.775
FD10896	102.750 	 7.018 	 285.696
FD10896	102.875 	 7.044 	 285.616
FD10896	103.000 	 7.070 	 285.531
FD10896	103.125 	 7.096 	 285.449
FD10896	103.250 	 7.123 	 285.375
FD10896	103.375 	 7.149 	 285.308
FD10896	103.500 	 7.177 	 285.239
FD10896	103.625 	 7.203 	 285.157
FD10896	103.750 	 7.231 	 285.073
FD10896	103.875 	 7.259 	 284.996
FD10896	104.000 	 7.287 	 284.927
FD10896	104.125 	 7.315 	 284.865
FD10896	104.250 	 7.345 	 284.802
FD10896	104.375 	 7.373 	 284.740
FD10896	104.500 	 7.402 	 284.683
FD10896	104.625 	 7.431 	 284.623
FD10896	104.750 	 7.461 	 284.544
FD10896	104.875 	 7.490 	 284.440
FD10896	105.000 	 7.520 	 284.331
FD10896	105.125 	 7.549 	 284.249
FD10896	105.250 	 7.579 	 284.222
FD10896	105.375 	 7.609 	 284.247
FD10896	105.500 	 7.639 	 284.277
FD10896	105.625 	 7.669 	 284.282
FD10896	105.750 	 7.698 	 284.245
FD10896	105.875 	 7.728 	 284.184
FD10896	106.000 	 7.758 	 284.109
FD10896	106.125 	 7.787 	 284.016
FD10896	106.250 	 7.817 	 283.909
FD10896	106.375 	 7.846 	 283.804
FD10896	106.500 	 7.876 	 283.736
FD10896	106.625 	 7.905 	 283.723
FD10896	106.750 	 7.936 	 283.773
FD10896	106.875 	 7.966 	 283.873
FD10896	107.000 	 7.996 	 283.998
FD10896	107.125 	 8.026 	 284.110
FD10896	107.250 	 8.057 	 284.167
FD10896	107.375 	 8.087 	 284.166
FD10896	107.500 	 8.117 	 284.141
FD10896	107.625 	 8.146 	 284.150
FD10896	107.750 	 8.176 	 284.216
FD10896	107.875 	 8.205 	 284.323
FD10896	108.000 	 8.234 	 284.429
FD10896	108.125 	 8.262 	 284.512
FD10896	108.250 	 8.289 	 284.568
FD10896	108.375 	 8.317 	 284.600
FD10896	108.500 	 8.343 	 284.606
FD10896	108.625 	 8.370 	 284.609
FD10896	108.750 	 8.396 	 284.653
FD10896	108.875 	 8.422 	 284.763
FD10896	109.000 	 8.448 	 284.909
FD10896	109.125 	 8.473 	 285.016
FD10896	109.250 	 8.498 	 285.033
FD10896	109.375 	 8.526 	 284.959
FD10896	109.500 	 8.552 	 284.837
FD10896	109.625 	 8.578 	 284.714
FD10896	109.750 	 8.606 	 284.621
FD10896	109.875 	 8.634 	 284.571
FD10896	110.000 	 8.662 	 284.545
FD10896	110.125 	 8.690 	 284.510
FD10896	110.250 	 8.719 	 284.447
FD10896	110.375 	 8.749 	 284.380
FD10896	110.500 	 8.778 	 284.354
FD10896	110.625 	 8.806 	 284.387
FD10896	110.750 	 8.836 	 284.446
FD10896	110.875 	 8.864 	 284.488
FD10896	111.000 	 8.894 	 284.499
FD10896	111.125 	 8.922 	 284.499
FD10896	111.250 	 8.950 	 284.505
FD10896	111.375 	 8.978 	 284.513
FD10896	111.500 	 9.005 	 284.522
FD10896	111.625 	 9.032 	 284.533
FD10896	111.750 	 9.059 	 284.557
FD10896	111.875 	 9.087 	 284.594
FD10896	112.000 	 9.114 	 284.620
FD10896	112.125 	 9.140 	 284.609
FD10896	112.250 	 9.166 	 284.560
FD10896	112.375 	 9.193 	 284.504
FD10896	112.500 	 9.221 	 284.481
FD10896	112.625 	 9.248 	 284.512
FD10896	112.750 	 9.276 	 284.570
FD10896	112.875 	 9.304 	 284.621
FD10896	113.000 	 9.333 	 284.627
FD10896	113.125 	 9.362 	 284.573
FD10896	113.250 	 9.392 	 284.468
FD10896	113.375 	 9.423 	 284.329
FD10896	113.500 	 9.453 	 284.176
FD10896	113.625 	 9.485 	 284.029
FD10896	113.750 	 9.517 	 283.902
FD10896	113.875 	 9.550 	 283.803
FD10896	114.000 	 9.583 	 283.732
FD10896	114.125 	 9.617 	 283.666
FD10896	114.250 	 9.652 	 283.594
FD10896	114.375 	 9.687 	 283.505
FD10896	114.500 	 9.722 	 283.403
FD10896	114.625 	 9.757 	 283.312
FD10896	114.750 	 9.793 	 283.255
FD10896	114.875 	 9.827 	 283.254
FD10896	115.000 	 9.863 	 283.310
FD10896	115.125 	 9.897 	 283.410
FD10896	115.250 	 9.932 	 283.549
FD10896	115.375 	 9.966 	 283.715
FD10896	115.500 	 10.000 	 283.895
FD10896	115.625 	 10.033 	 284.069
FD10896	115.750 	 10.065 	 284.215
FD10896	115.875 	 10.095 	 284.331
FD10896	116.000 	 10.127 	 284.425
FD10896	116.125 	 10.157 	 284.506
FD10896	116.250 	 10.188 	 284.584
FD10896	116.375 	 10.217 	 284.677
FD10896	116.500 	 10.246 	 284.810
FD10896	116.625 	 10.275 	 284.975
FD10896	116.750 	 10.303 	 285.126
FD10896	116.875 	 10.333 	 285.198
FD10896	117.000 	 10.361 	 285.164
FD10896	117.125 	 10.390 	 285.052
FD10896	117.250 	 10.421 	 284.923
FD10896	117.375 	 10.449 	 284.823
FD10896	117.500 	 10.480 	 284.778
FD10896	117.625 	 10.509 	 284.793
FD10896	117.750 	 10.541 	 284.864
FD10896	117.875 	 10.573 	 284.968
FD10896	118.000 	 10.605 	 285.055
FD10896	118.125 	 10.638 	 285.081
FD10896	118.250 	 10.671 	 285.028
FD10896	118.375 	 10.705 	 284.925
FD10896	118.500 	 10.740 	 284.810
FD10896	118.625 	 10.775 	 284.722
FD10896	118.750 	 10.810 	 284.667
FD10896	118.875 	 10.846 	 284.630
FD10896	119.000 	 10.884 	 284.585
FD10896	119.125 	 10.921 	 284.506
FD10896	119.250 	 10.957 	 284.400
FD10896	119.375 	 10.996 	 284.282
FD10896	119.500 	 11.035 	 284.184
FD10896	119.625 	 11.073 	 284.134
FD10896	119.750 	 11.111 	 284.143
FD10896	119.875 	 11.151 	 284.206
FD10896	120.000 	 11.188 	 284.295
FD10896	120.125 	 11.227 	 284.372
FD10896	120.250 	 11.266 	 284.410
FD10896	120.375 	 11.304 	 284.419
FD10896	120.500 	 11.342 	 284.430
FD10896	120.625 	 11.379 	 284.468
FD10896	120.750 	 11.416 	 284.548
FD10896	120.875 	 11.453 	 284.657
FD10896	121.000 	 11.490 	 284.754
FD10896	121.125 	 11.526 	 284.806
FD10896	121.250 	 11.562 	 284.807
FD10896	121.375 	 11.596 	 284.802
FD10896	121.500 	 11.631 	 284.869
FD10896	121.625 	 11.665 	 285.038
FD10896	121.750 	 11.698 	 285.269
FD10896	121.875 	 11.731 	 285.484
FD10896	122.000 	 11.764 	 285.626
FD10896	122.125 	 11.796 	 285.718
FD10896	122.250 	 11.828 	 285.819
FD10896	122.375 	 11.860 	 285.969
FD10896	122.500 	 11.891 	 286.161
FD10896	122.625 	 11.921 	 286.338
FD10896	122.750 	 11.952 	 286.429
FD10896	122.875 	 11.982 	 286.403
FD10896	123.000 	 12.013 	 286.278
FD10896	123.125 	 12.043 	 286.109
FD10896	123.250 	 12.072 	 285.952
FD10896	123.375 	 12.102 	 285.832
FD10896	123.500 	 12.132 	 285.757
FD10896	123.625 	 12.161 	 285.716
FD10896	123.750 	 12.191 	 285.690
FD10896	123.875 	 12.220 	 285.666
FD10896	124.000 	 12.250 	 285.635
FD10896	124.125 	 12.280 	 285.597
FD10896	124.250 	 12.309 	 285.540
FD10896	124.375 	 12.338 	 285.450
FD10896	124.500 	 12.368 	 285.326
FD10896	124.625 	 12.399 	 285.198
FD10896	124.750 	 12.429 	 285.115
FD10896	124.875 	 12.458 	 285.110
FD10896	125.000 	 12.490 	 285.183
FD10896	125.125 	 12.522 	 285.304
FD10896	125.250 	 12.554 	 285.432
FD10896	125.375 	 12.586 	 285.524
FD10896	125.500 	 12.619 	 285.551
FD10896	125.625 	 12.652 	 285.516
FD10896	125.750 	 12.686 	 285.439
FD10896	125.875 	 12.719 	 285.353
FD10896	126.000 	 12.753 	 285.281
FD10896	126.125 	 12.787 	 285.231
FD10896	126.250 	 12.823 	 285.213
FD10896	126.375 	 12.858 	 285.224
FD10896	126.500 	 12.893 	 285.254
FD10896	126.625 	 12.928 	 285.286
FD10896	126.750 	 12.964 	 285.303
FD10896	126.875 	 12.999 	 285.303
FD10896	127.000 	 13.033 	 285.310
FD10896	127.125 	 13.068 	 285.340
FD10896	127.250 	 13.101 	 285.399
FD10896	127.375 	 13.135 	 285.476
FD10896	127.500 	 13.168 	 285.536
FD10896	127.625 	 13.201 	 285.556
FD10896	127.750 	 13.232 	 285.525
FD10896	127.875 	 13.264 	 285.463
FD10896	128.000 	 13.294 	 285.402
FD10896	128.125 	 13.324 	 285.367
FD10896	128.250 	 13.353 	 285.376
FD10896	128.375 	 13.381 	 285.437
FD10896	128.500 	 13.409 	 285.574
FD10896	128.625 	 13.436 	 285.790
FD10896	128.750 	 13.463 	 286.062
FD10896	128.875 	 13.489 	 286.333
FD10896	129.000 	 13.515 	 286.546
FD10896	129.125 	 13.541 	 286.702
FD10896	129.250 	 13.567 	 286.818
FD10896	129.375 	 13.591 	 286.896
FD10896	129.500 	 13.616 	 286.916
FD10896	129.625 	 13.642 	 286.869
FD10896	129.750 	 13.668 	 286.785
FD10896	129.875 	 13.694 	 286.707
FD10896	130.000 	 13.721 	 286.659
FD10896	130.125 	 13.748 	 286.630
FD10896	130.250 	 13.775 	 286.589
FD10896	130.375 	 13.805 	 286.525
FD10896	130.500 	 13.832 	 286.446
FD10896	130.625 	 13.862 	 286.363
FD10896	130.750 	 13.892 	 286.291
FD10896	130.875 	 13.919 	 286.244
FD10896	131.000 	 13.951 	 286.228
FD10896	131.125 	 13.979 	 286.248
FD10896	131.250 	 14.011 	 286.300
FD10896	131.375 	 14.040 	 286.388
FD10896	131.500 	 14.069 	 286.500
FD10896	131.625 	 14.097 	 286.619
FD10896	131.750 	 14.128 	 286.716
FD10896	131.875 	 14.157 	 286.772
FD10896	132.000 	 14.186 	 286.779
FD10896	132.125 	 14.213 	 286.740
FD10896	132.250 	 14.242 	 286.669
FD10896	132.375 	 14.270 	 286.579
FD10896	132.500 	 14.297 	 286.487
FD10896	132.625 	 14.322 	 286.404
FD10896	132.750 	 14.352 	 286.343
FD10896	132.875 	 14.379 	 286.312
FD10896	133.000 	 14.405 	 286.312
FD10896	133.125 	 14.433 	 286.333
FD10896	133.250 	 14.459 	 286.356
FD10896	133.375 	 14.488 	 286.362
FD10896	133.500 	 14.514 	 286.331
FD10896	133.625 	 14.544 	 286.268
FD10896	133.750 	 14.570 	 286.181
FD10896	133.875 	 14.600 	 286.096
FD10896	134.000 	 14.625 	 286.034
FD10896	134.125 	 14.656 	 285.996
FD10896	134.250 	 14.682 	 285.974
FD10896	134.375 	 14.712 	 285.960
FD10896	134.500 	 14.739 	 285.956
FD10896	134.625 	 14.770 	 285.969
FD10896	134.750 	 14.798 	 286.015
FD10896	134.875 	 14.825 	 286.095
FD10896	135.000 	 14.855 	 286.186
FD10896	135.125 	 14.883 	 286.265
FD10896	135.250 	 14.912 	 286.313
FD10896	135.375 	 14.939 	 286.341
FD10896	135.500 	 14.967 	 286.371
FD10896	135.625 	 14.995 	 286.414
FD10896	135.750 	 15.022 	 286.473
FD10896	135.875 	 15.050 	 286.532
FD10896	136.000 	 15.078 	 286.586
FD10896	136.125 	 15.106 	 286.621
FD10896	136.250 	 15.133 	 286.640
FD10896	136.375 	 15.161 	 286.647
FD10896	136.500 	 15.189 	 286.646
FD10896	136.625 	 15.218 	 286.639
FD10896	136.750 	 15.247 	 286.620
FD10896	136.875 	 15.274 	 286.588
FD10896	137.000 	 15.303 	 286.550
FD10896	137.125 	 15.333 	 286.522
FD10896	137.250 	 15.363 	 286.521
FD10896	137.375 	 15.392 	 286.549
FD10896	137.500 	 15.419 	 286.591
FD10896	137.625 	 15.450 	 286.640
FD10896	137.750 	 15.481 	 286.697
FD10896	137.875 	 15.508 	 286.780
FD10896	138.000 	 15.537 	 286.893
FD10896	138.125 	 15.568 	 287.020
FD10896	138.250 	 15.594 	 287.140
FD10896	138.375 	 15.625 	 287.236
FD10896	138.500 	 15.652 	 287.311
FD10896	138.625 	 15.681 	 287.371
FD10896	138.750 	 15.709 	 287.435
FD10896	138.875 	 15.737 	 287.516
FD10896	139.000 	 15.765 	 287.601
FD10896	139.125 	 15.793 	 287.674
FD10896	139.250 	 15.824 	 287.727
FD10896	139.375 	 15.850 	 287.760
FD10896	139.500 	 15.882 	 287.781
FD10896	139.625 	 15.911 	 287.781
FD10896	139.750 	 15.941 	 287.759
FD10896	139.875 	 15.971 	 287.734
FD10896	140.000 	 16.002 	 287.736
FD10896	140.125 	 16.036 	 287.776
FD10896	140.250 	 16.068 	 287.837
FD10896	140.375 	 16.100 	 287.883
FD10896	140.500 	 16.135 	 287.890
FD10896	140.625 	 16.167 	 287.865
FD10896	140.750 	 16.200 	 287.818
FD10896	140.875 	 16.236 	 287.759
FD10896	141.000 	 16.270 	 287.701
FD10896	141.125 	 16.305 	 287.662
FD10896	141.250 	 16.336 	 287.662
FD10896	141.375 	 16.371 	 287.709
FD10896	141.500 	 16.406 	 287.779
FD10896	141.625 	 16.438 	 287.850
FD10896	141.750 	 16.470 	 287.890
FD10896	141.875 	 16.501 	 287.888
FD10896	142.000 	 16.534 	 287.860
FD10896	142.125 	 16.564 	 287.836
FD10896	142.250 	 16.593 	 287.853
FD10896	142.375 	 16.624 	 287.907
FD10896	142.500 	 16.650 	 287.975
FD10896	142.625 	 16.680 	 288.012
FD10896	142.750 	 16.708 	 287.991
FD10896	142.875 	 16.736 	 287.916
FD10896	143.000 	 16.763 	 287.820
FD10896	143.125 	 16.790 	 287.738
FD10896	143.250 	 16.818 	 287.684
FD10896	143.375 	 16.846 	 287.648
FD10896	143.500 	 16.873 	 287.597
FD10896	143.625 	 16.899 	 287.504
FD10896	143.750 	 16.928 	 287.365
FD10896	143.875 	 16.955 	 287.202
FD10896	144.000 	 16.985 	 287.061
FD10896	144.125 	 17.010 	 286.981
FD10896	144.250 	 17.037 	 286.970
FD10896	144.375 	 17.066 	 287.000
FD10896	144.500 	 17.093 	 287.030
FD10896	144.625 	 17.120 	 287.038
FD10896	144.750 	 17.146 	 287.029
FD10896	144.875 	 17.173 	 287.012
FD10896	145.000 	 17.200 	 286.999
FD10896	145.125 	 17.224 	 286.988
FD10896	145.250 	 17.249 	 286.974
FD10896	145.375 	 17.275 	 286.965
FD10896	145.500 	 17.297 	 286.961
FD10896	145.625 	 17.322 	 286.977
FD10896	145.750 	 17.342 	 287.020
FD10896	145.875 	 17.367 	 287.089
FD10896	146.000 	 17.388 	 287.179
FD10896	146.125 	 17.410 	 287.276
FD10896	146.250 	 17.434 	 287.366
FD10896	146.375 	 17.454 	 287.437
FD10896	146.500 	 17.476 	 287.490
FD10896	146.625 	 17.498 	 287.542
FD10896	146.750 	 17.520 	 287.598
FD10896	146.875 	 17.542 	 287.654
FD10896	147.000 	 17.564 	 287.697
FD10896	147.125 	 17.587 	 287.716
FD10896	147.250 	 17.610 	 287.728
FD10896	147.375 	 17.632 	 287.741
FD10896	147.500 	 17.654 	 287.751
FD10896	147.625 	 17.680 	 287.747
FD10896	147.750 	 17.705 	 287.713
FD10896	147.875 	 17.729 	 287.662
FD10896	148.000 	 17.756 	 287.613
FD10896	148.125 	 17.779 	 287.568
FD10896	148.250 	 17.804 	 287.516
FD10896	148.375 	 17.832 	 287.443
FD10896	148.500 	 17.855 	 287.348
FD10896	148.625 	 17.883 	 287.247
FD10896	148.750 	 17.909 	 287.169
FD10896	148.875 	 17.933 	 287.133
FD10896	149.000 	 17.959 	 287.137
FD10896	149.125 	 17.984 	 287.172
FD10896	149.250 	 18.011 	 287.216
FD10896	149.375 	 18.033 	 287.254
FD10896	149.500 	 18.060 	 287.276
FD10896	149.625 	 18.085 	 287.289
FD10896	149.750 	 18.107 	 287.306
FD10896	149.875 	 18.133 	 287.323
FD10896	150.000 	 18.157 	 287.327
FD10896	150.125 	 18.181 	 287.316
FD10896	150.250 	 18.205 	 287.311
FD10896	150.375 	 18.228 	 287.332
FD10896	150.500 	 18.253 	 287.376
FD10896	150.625 	 18.280 	 287.415
FD10896	150.750 	 18.301 	 287.430
FD10896	150.875 	 18.329 	 287.422
FD10896	151.000 	 18.351 	 287.398
FD10896	151.125 	 18.379 	 287.351
FD10896	151.250 	 18.405 	 287.275
FD10896	151.375 	 18.433 	 287.173
FD10896	151.500 	 18.458 	 287.063
FD10896	151.625 	 18.487 	 286.959
FD10896	151.750 	 18.514 	 286.857
FD10896	151.875 	 18.541 	 286.762
FD10896	152.000 	 18.569 	 286.680
FD10896	152.125 	 18.599 	 286.629
FD10896	152.250 	 18.627 	 286.607
FD10896	152.375 	 18.658 	 286.600
FD10896	152.500 	 18.687 	 286.591
FD10896	152.625 	 18.715 	 286.571
FD10896	152.750 	 18.744 	 286.546
FD10896	152.875 	 18.776 	 286.521
FD10896	153.000 	 18.807 	 286.499
FD10896	153.125 	 18.834 	 286.482
FD10896	153.250 	 18.866 	 286.468
FD10896	153.375 	 18.897 	 286.454
FD10896	153.500 	 18.926 	 286.441
FD10896	153.625 	 18.955 	 286.426
FD10896	153.750 	 18.987 	 286.412
FD10896	153.875 	 19.017 	 286.398
FD10896	154.000 	 19.046 	 286.386
FD10896	154.125 	 19.077 	 286.383
FD10896	154.250 	 19.108 	 286.406
FD10896	154.375 	 19.135 	 286.455
FD10896	154.500 	 19.166 	 286.516
FD10896	154.625 	 19.197 	 286.567
FD10896	154.750 	 19.226 	 286.594
FD10896	154.875 	 19.254 	 286.599
FD10896	155.000 	 19.286 	 286.583
FD10896	155.125 	 19.314 	 286.550
FD10896	155.250 	 19.343 	 286.507
FD10896	155.375 	 19.373 	 286.461
FD10896	155.500 	 19.402 	 286.415
FD10896	155.625 	 19.432 	 286.363
FD10896	155.750 	 19.461 	 286.298
FD10896	155.875 	 19.489 	 286.221
FD10896	156.000 	 19.519 	 286.158
FD10896	156.125 	 19.546 	 286.129
FD10896	156.250 	 19.573 	 286.140
FD10896	156.375 	 19.602 	 286.178
FD10896	156.500 	 19.630 	 286.227
FD10896	156.625 	 19.659 	 286.284
FD10896	156.750 	 19.684 	 286.336
FD10896	156.875 	 19.715 	 286.373
FD10896	157.000 	 19.740 	 286.382
FD10896	157.125 	 19.768 	 286.369
FD10896	157.250 	 19.795 	 286.353
FD10896	157.375 	 19.820 	 286.337
FD10896	157.500 	 19.848 	 286.315
FD10896	157.625 	 19.874 	 286.284
FD10896	157.750 	 19.900 	 286.250
FD10896	157.875 	 19.925 	 286.230
FD10896	158.000 	 19.952 	 286.234
FD10896	158.125 	 19.977 	 286.270
FD10896	158.250 	 20.001 	 286.330
FD10896	158.375 	 20.026 	 286.408
FD10896	158.500 	 20.052 	 286.502
FD10896	158.625 	 20.073 	 286.603
FD10896	158.750 	 20.099 	 286.695
FD10896	158.875 	 20.122 	 286.751
FD10896	159.000 	 20.147 	 286.747
FD10896	159.125 	 20.168 	 286.685
FD10896	159.250 	 20.190 	 286.591
FD10896	159.375 	 20.214 	 286.493
FD10896	159.500 	 20.233 	 286.410
FD10896	159.625 	 20.257 	 286.353
FD10896	159.750 	 20.279 	 286.323
FD10896	159.875 	 20.296 	 286.314
FD10896	160.000 	 20.320 	 286.312
FD10896	160.125 	 20.340 	 286.312
FD10896	160.250 	 20.361 	 286.318
FD10896	160.375 	 20.382 	 286.336
FD10896	160.500 	 20.399 	 286.362
FD10896	160.625 	 20.422 	 286.383
FD10896	160.750 	 20.442 	 286.397
FD10896	160.875 	 20.462 	 286.394
FD10896	161.000 	 20.482 	 286.387
FD10896	161.125 	 20.503 	 286.376
FD10896	161.250 	 20.523 	 286.371
FD10896	161.375 	 20.544 	 286.386
FD10896	161.500 	 20.565 	 286.426
FD10896	161.625 	 20.585 	 286.487
FD10896	161.750 	 20.606 	 286.557
FD10896	161.875 	 20.627 	 286.624
FD10896	162.000 	 20.652 	 286.666
FD10896	162.125 	 20.671 	 286.685
FD10896	162.250 	 20.696 	 286.684
FD10896	162.375 	 20.716 	 286.677
FD10896	162.500 	 20.742 	 286.666
FD10896	162.625 	 20.765 	 286.643
FD10896	162.750 	 20.791 	 286.607
FD10896	162.875 	 20.814 	 286.570
FD10896	163.000 	 20.840 	 286.551
FD10896	163.125 	 20.868 	 286.558
FD10896	163.250 	 20.891 	 286.574
FD10896	163.375 	 20.920 	 286.582
FD10896	163.500 	 20.948 	 286.576
FD10896	163.625 	 20.972 	 286.560
FD10896	163.750 	 21.003 	 286.546
FD10896	163.875 	 21.028 	 286.541
FD10896	164.000 	 21.057 	 286.541
FD10896	164.125 	 21.088 	 286.545
FD10896	164.250 	 21.114 	 286.551
FD10896	164.375 	 21.142 	 286.557
FD10896	164.500 	 21.173 	 286.560
FD10896	164.625 	 21.203 	 286.552
FD10896	164.750 	 21.232 	 286.524
FD10896	164.875 	 21.260 	 286.486
FD10896	165.000 	 21.295 	 286.456
FD10896	165.125 	 21.321 	 286.450
FD10896	165.250 	 21.355 	 286.475
FD10896	165.375 	 21.385 	 286.513
FD10896	165.500 	 21.415 	 286.542
FD10896	165.625 	 21.449 	 286.554
FD10896	165.750 	 21.480 	 286.544
FD10896	165.875 	 21.510 	 286.518
FD10896	166.000 	 21.546 	 286.490
FD10896	166.125 	 21.576 	 286.466
FD10896	166.250 	 21.608 	 286.460
FD10896	166.375 	 21.644 	 286.477
FD10896	166.500 	 21.676 	 286.513
FD10896	166.625 	 21.711 	 286.570
FD10896	166.750 	 21.746 	 286.634
FD10896	166.875 	 21.781 	 286.694
FD10896	167.000 	 21.816 	 286.734
FD10896	167.125 	 21.850 	 286.753
FD10896	167.250 	 21.888 	 286.749
FD10896	167.375 	 21.923 	 286.717
FD10896	167.500 	 21.964 	 286.671
FD10896	167.625 	 21.997 	 286.629
FD10896	167.750 	 22.038 	 286.617
FD10896	167.875 	 22.073 	 286.643
FD10896	168.000 	 22.114 	 286.702
FD10896	168.125 	 22.149 	 286.780
FD10896	168.250 	 22.190 	 286.852
FD10896	168.375 	 22.229 	 286.902
FD10896	168.500 	 22.268 	 286.908
FD10896	168.625 	 22.305 	 286.872
FD10896	168.750 	 22.345 	 286.809
FD10896	168.875 	 22.383 	 286.743
FD10896	169.000 	 22.420 	 286.701
FD10896	169.125 	 22.461 	 286.686
FD10896	169.250 	 22.496 	 286.682
FD10896	169.375 	 22.536 	 286.678
FD10896	169.500 	 22.570 	 286.672
FD10896	169.625 	 22.610 	 286.661
FD10896	169.750 	 22.644 	 286.652
FD10896	169.875 	 22.683 	 286.642
FD10896	170.000 	 22.718 	 286.615
FD10896	170.125 	 22.757 	 286.568
FD10896	170.250 	 22.794 	 286.504
FD10896	170.375 	 22.827 	 286.433
FD10896	170.500 	 22.867 	 286.369
FD10896	170.625 	 22.902 	 286.326
FD10896	170.750 	 22.938 	 286.313
FD10896	170.875 	 22.971 	 286.338
FD10896	171.000 	 23.009 	 286.380
FD10896	171.125 	 23.044 	 286.422
FD10896	171.250 	 23.077 	 286.446
FD10896	171.375 	 23.114 	 286.468
FD10896	171.500 	 23.146 	 286.510
FD10896	171.625 	 23.183 	 286.578
FD10896	171.750 	 23.214 	 286.655
FD10896	171.875 	 23.247 	 286.714
FD10896	172.000 	 23.281 	 286.745
FD10896	172.125 	 23.314 	 286.775
FD10896	172.250 	 23.347 	 286.822
FD10896	172.375 	 23.377 	 286.902
FD10896	172.500 	 23.414 	 286.995
FD10896	172.625 	 23.444 	 287.085
FD10896	172.750 	 23.477 	 287.158
FD10896	172.875 	 23.511 	 287.212
FD10896	173.000 	 23.545 	 287.256
FD10896	173.125 	 23.578 	 287.297
FD10896	173.250 	 23.613 	 287.332
FD10896	173.375 	 23.648 	 287.370
FD10896	173.500 	 23.682 	 287.412
FD10896	173.625 	 23.717 	 287.455
FD10896	173.750 	 23.754 	 287.489
FD10896	173.875 	 23.789 	 287.513
FD10896	174.000 	 23.824 	 287.524
FD10896	174.125 	 23.861 	 287.528
FD10896	174.250 	 23.897 	 287.525
FD10896	174.375 	 23.936 	 287.522
FD10896	174.500 	 23.970 	 287.524
FD10896	174.625 	 24.009 	 287.543
FD10896	174.750 	 24.046 	 287.580
FD10896	174.875 	 24.081 	 287.635
FD10896	175.000 	 24.118 	 287.690
FD10896	175.125 	 24.154 	 287.725
FD10896	175.250 	 24.193 	 287.731
FD10896	175.375 	 24.226 	 287.720
FD10896	175.500 	 24.265 	 287.708
FD10896	175.625 	 24.302 	 287.702
FD10896	175.750 	 24.338 	 287.696
FD10896	175.875 	 24.375 	 287.674
FD10896	176.000 	 24.411 	 287.630
FD10896	176.125 	 24.451 	 287.572
FD10896	176.250 	 24.488 	 287.525
FD10896	176.375 	 24.527 	 287.511
FD10896	176.500 	 24.566 	 287.525
FD10896	176.625 	 24.601 	 287.538
FD10896	176.750 	 24.642 	 287.529
FD10896	176.875 	 24.682 	 287.501
FD10896	177.000 	 24.716 	 287.481
FD10896	177.125 	 24.757 	 287.484
FD10896	177.250 	 24.793 	 287.515
FD10896	177.375 	 24.830 	 287.563
FD10896	177.500 	 24.869 	 287.617
FD10896	177.625 	 24.903 	 287.676
FD10896	177.750 	 24.935 	 287.732
FD10896	177.875 	 24.971 	 287.772
FD10896	178.000 	 25.004 	 287.799
FD10896	178.125 	 25.033 	 287.826
FD10896	178.250 	 25.068 	 287.876
FD10896	178.375 	 25.094 	 287.961
FD10896	178.500 	 25.122 	 288.063
FD10896	178.625 	 25.150 	 288.150
FD10896	178.750 	 25.174 	 288.193
FD10896	178.875 	 25.197 	 288.188
FD10896	179.000 	 25.222 	 288.157
FD10896	179.125 	 25.246 	 288.121
FD10896	179.250 	 25.263 	 288.096
FD10896	179.375 	 25.287 	 288.083
FD10896	179.500 	 25.305 	 288.072
FD10896	179.625 	 25.327 	 288.055
FD10896	179.750 	 25.341 	 288.042
FD10896	179.875 	 25.363 	 288.038
FD10896	180.000 	 25.378 	 288.057
FD10896	180.125 	 25.398 	 288.082
FD10896	180.250 	 25.412 	 288.090
FD10896	180.375 	 25.432 	 288.073
FD10896	180.500 	 25.450 	 288.034
FD10896	180.625 	 25.468 	 287.990
FD10896	180.750 	 25.485 	 287.953
FD10896	180.875 	 25.507 	 287.915
FD10896	181.000 	 25.522 	 287.871
FD10896	181.125 	 25.544 	 287.808
FD10896	181.250 	 25.563 	 287.726
FD10896	181.375 	 25.583 	 287.638
FD10896	181.500 	 25.602 	 287.563
FD10896	181.625 	 25.624 	 287.516
FD10896	181.750 	 25.645 	 287.502
FD10896	181.875 	 25.665 	 287.525
FD10896	182.000 	 25.689 	 287.579
FD10896	182.125 	 25.711 	 287.651
FD10896	182.250 	 25.732 	 287.727
FD10896	182.375 	 25.756 	 287.796
FD10896	182.500 	 25.778 	 287.840
FD10896	182.625 	 25.802 	 287.855
FD10896	182.750 	 25.825 	 287.838
FD10896	182.875 	 25.850 	 287.803
FD10896	183.000 	 25.872 	 287.774
FD10896	183.125 	 25.898 	 287.763
FD10896	183.250 	 25.921 	 287.773
FD10896	183.375 	 25.947 	 287.796
FD10896	183.500 	 25.971 	 287.817
FD10896	183.625 	 25.997 	 287.826
FD10896	183.750 	 26.022 	 287.823
FD10896	183.875 	 26.052 	 287.805
FD10896	184.000 	 26.077 	 287.783
FD10896	184.125 	 26.102 	 287.762
FD10896	184.250 	 26.130 	 287.750
FD10896	184.375 	 26.163 	 287.749
FD10896	184.500 	 26.185 	 287.753
FD10896	184.625 	 26.218 	 287.762
FD10896	184.750 	 26.247 	 287.771
FD10896	184.875 	 26.274 	 287.777
FD10896	185.000 	 26.309 	 287.768
FD10896	185.125 	 26.336 	 287.730
FD10896	185.250 	 26.367 	 287.671
FD10896	185.375 	 26.397 	 287.607
FD10896	185.500 	 26.431 	 287.563
FD10896	185.625 	 26.459 	 287.547
FD10896	185.750 	 26.490 	 287.552
FD10896	185.875 	 26.520 	 287.565
FD10896	186.000 	 26.551 	 287.579
FD10896	186.125 	 26.578 	 287.594
FD10896	186.250 	 26.610 	 287.612
FD10896	186.375 	 26.641 	 287.626
FD10896	186.500 	 26.667 	 287.646
FD10896	186.625 	 26.699 	 287.676
FD10896	186.750 	 26.726 	 287.720
FD10896	186.875 	 26.754 	 287.772
FD10896	187.000 	 26.783 	 287.823
FD10896	187.125 	 26.809 	 287.862
FD10896	187.250 	 26.841 	 287.891
FD10896	187.375 	 26.868 	 287.913
FD10896	187.500 	 26.897 	 287.936
FD10896	187.625 	 26.931 	 287.957
FD10896	187.750 	 26.958 	 287.968
FD10896	187.875 	 26.989 	 287.964
FD10896	188.000 	 27.020 	 287.938
FD10896	188.125 	 27.052 	 287.911
FD10896	188.250 	 27.087 	 287.900
FD10896	188.375 	 27.115 	 287.917
FD10896	188.500 	 27.151 	 287.958
FD10896	188.625 	 27.183 	 287.997
FD10896	188.750 	 27.216 	 288.020
FD10896	188.875 	 27.248 	 288.026
FD10896	189.000 	 27.281 	 288.029
FD10896	189.125 	 27.314 	 288.052
FD10896	189.250 	 27.349 	 288.104
FD10896	189.375 	 27.381 	 288.184
FD10896	189.500 	 27.414 	 288.277
FD10896	189.625 	 27.442 	 288.366
FD10896	189.750 	 27.480 	 288.431
FD10896	189.875 	 27.508 	 288.468
FD10896	190.000 	 27.540 	 288.474
FD10896	190.125 	 27.570 	 288.468
FD10896	190.250 	 27.605 	 288.467
FD10896	190.375 	 27.632 	 288.478
FD10896	190.500 	 27.664 	 288.502
FD10896	190.625 	 27.692 	 288.529
FD10896	190.750 	 27.722 	 288.558
FD10896	190.875 	 27.754 	 288.599
FD10896	191.000 	 27.780 	 288.656
FD10896	191.125 	 27.808 	 288.729
FD10896	191.250 	 27.837 	 288.807
FD10896	191.375 	 27.864 	 288.880
FD10896	191.500 	 27.889 	 288.945
FD10896	191.625 	 27.919 	 289.002
FD10896	191.750 	 27.941 	 289.062
FD10896	191.875 	 27.965 	 289.133
FD10896	192.000 	 27.993 	 289.222
FD10896	192.125 	 28.012 	 289.325
FD10896	192.250 	 28.040 	 289.417
FD10896	192.375 	 28.061 	 289.478
FD10896	192.500 	 28.083 	 289.500
FD10896	192.625 	 28.106 	 289.495
FD10896	192.750 	 28.130 	 289.490
FD10896	192.875 	 28.150 	 289.504
FD10896	193.000 	 28.170 	 289.543
FD10896	193.125 	 28.194 	 289.600
FD10896	193.250 	 28.218 	 289.659
FD10896	193.375 	 28.237 	 289.710
FD10896	193.500 	 28.258 	 289.743
FD10896	193.625 	 28.281 	 289.756
FD10896	193.750 	 28.301 	 289.753
FD10896	193.875 	 28.325 	 289.732
FD10896	194.000 	 28.345 	 289.697
FD10896	194.125 	 28.368 	 289.654
FD10896	194.250 	 28.388 	 289.611
FD10896	194.375 	 28.412 	 289.582
FD10896	194.500 	 28.432 	 289.575
FD10896	194.625 	 28.452 	 289.579
FD10896	194.750 	 28.475 	 289.576
FD10896	194.875 	 28.499 	 289.565
FD10896	195.000 	 28.518 	 289.543
FD10896	195.125 	 28.538 	 289.523
FD10896	195.250 	 28.561 	 289.502
FD10896	195.375 	 28.579 	 289.479
FD10896	195.500 	 28.603 	 289.464
FD10896	195.625 	 28.621 	 289.463
FD10896	195.750 	 28.640 	 289.467
FD10896	195.875 	 28.661 	 289.469
FD10896	196.000 	 28.679 	 289.463
FD10896	196.125 	 28.698 	 289.459
FD10896	196.250 	 28.718 	 289.444
FD10896	196.375 	 28.735 	 289.415
FD10896	196.500 	 28.753 	 289.372
FD10896	196.625 	 28.769 	 289.328
FD10896	196.750 	 28.786 	 289.303
FD10896	196.875 	 28.804 	 289.301
FD10896	197.000 	 28.820 	 289.329
FD10896	197.125 	 28.832 	 289.376
FD10896	197.250 	 28.849 	 289.433
FD10896	197.375 	 28.860 	 289.479
FD10896	197.500 	 28.878 	 289.508
FD10896	197.625 	 28.888 	 289.519
FD10896	197.750 	 28.904 	 289.515
FD10896	197.875 	 28.914 	 289.506
FD10896	198.000 	 28.926 	 289.506
FD10896	198.125 	 28.938 	 289.521
FD10896	198.250 	 28.947 	 289.546
FD10896	198.375 	 28.962 	 289.570
FD10896	198.500 	 28.970 	 289.585
FD10896	198.625 	 28.978 	 289.584
FD10896	198.750 	 28.993 	 289.564
FD10896	198.875 	 29.001 	 289.528
FD10896	199.000 	 29.011 	 289.488
FD10896	199.125 	 29.019 	 289.459
FD10896	199.250 	 29.033 	 289.446
FD10896	199.375 	 29.037 	 289.448
FD10896	199.500 	 29.050 	 289.454
FD10896	199.625 	 29.057 	 289.459
FD10896	199.750 	 29.067 	 289.469
FD10896	199.875 	 29.074 	 289.483
FD10896	200.000 	 29.084 	 289.498
FD10896	200.125 	 29.094 	 289.509
FD10896	200.250 	 29.098 	 289.514
FD10896	200.375 	 29.106 	 289.519
FD10896	200.500 	 29.114 	 289.529
FD10896	200.625 	 29.121 	 289.535
FD10896	200.750 	 29.125 	 289.526
FD10896	200.875 	 29.135 	 289.506
FD10896	201.000 	 29.140 	 289.485
FD10896	201.125 	 29.143 	 289.473
FD10896	201.250 	 29.149 	 289.468
FD10896	201.375 	 29.155 	 289.477
FD10896	201.500 	 29.159 	 289.500
FD10896	201.625 	 29.164 	 289.536
FD10896	201.750 	 29.169 	 289.576
FD10896	201.875 	 29.172 	 289.619
FD10896	202.000 	 29.174 	 289.657
FD10896	202.125 	 29.177 	 289.686
FD10896	202.250 	 29.181 	 289.712
FD10896	202.375 	 29.186 	 289.732
FD10896	202.500 	 29.187 	 289.758
FD10896	202.625 	 29.195 	 289.787
FD10896	202.750 	 29.191 	 289.817
FD10896	202.875 	 29.198 	 289.841
FD10896	203.000 	 29.200 	 289.855
FD10896	203.125 	 29.201 	 289.860
FD10896	203.250 	 29.206 	 289.864
FD10896	203.375 	 29.206 	 289.871
FD10896	203.500 	 29.210 	 289.889
FD10896	203.625 	 29.211 	 289.915
FD10896	203.750 	 29.215 	 289.940
FD10896	203.875 	 29.215 	 289.964
FD10896	204.000 	 29.217 	 289.975
FD10896	204.125 	 29.222 	 289.977
FD10896	204.250 	 29.221 	 289.981
FD10896	204.375 	 29.227 	 289.988
FD10896	204.500 	 29.228 	 290.003
FD10896	204.625 	 29.232 	 290.016
FD10896	204.750 	 29.237 	 290.026
FD10896	204.875 	 29.239 	 290.030
FD10896	205.000 	 29.242 	 290.041
FD10896	205.125 	 29.245 	 290.071
FD10896	205.250 	 29.248 	 290.121
FD10896	205.375 	 29.255 	 290.171
FD10896	205.500 	 29.259 	 290.198
FD10896	205.625 	 29.265 	 290.206
FD10896	205.750 	 29.269 	 290.217
FD10896	205.875 	 29.274 	 290.251
FD10896	206.000 	 29.277 	 290.310
FD10896	206.125 	 29.283 	 290.372
FD10896	206.250 	 29.288 	 290.413
FD10896	206.375 	 29.296 	 290.428
FD10896	206.500 	 29.301 	 290.427
FD10896	206.625 	 29.304 	 290.427
FD10896	206.750 	 29.312 	 290.438
FD10896	206.875 	 29.314 	 290.462
FD10896	207.000 	 29.324 	 290.482
FD10896	207.125 	 29.327 	 290.499
FD10896	207.250 	 29.331 	 290.502
FD10896	207.375 	 29.335 	 290.501
FD10896	207.500 	 29.343 	 290.507
FD10896	207.625 	 29.351 	 290.522
FD10896	207.750 	 29.354 	 290.544
FD10896	207.875 	 29.359 	 290.563
FD10896	208.000 	 29.362 	 290.576
FD10896	208.125 	 29.370 	 290.581
FD10896	208.250 	 29.374 	 290.584
FD10896	208.375 	 29.382 	 290.586
FD10896	208.500 	 29.385 	 290.586
FD10896	208.625 	 29.391 	 290.580
FD10896	208.750 	 29.398 	 290.570
FD10896	208.875 	 29.406 	 290.561
FD10896	209.000 	 29.406 	 290.560
FD10896	209.125 	 29.414 	 290.558
FD10896	209.250 	 29.422 	 290.548
FD10896	209.375 	 29.422 	 290.536
FD10896	209.500 	 29.429 	 290.531
FD10896	209.625 	 29.436 	 290.543
FD10896	209.750 	 29.440 	 290.565
FD10896	209.875 	 29.442 	 290.581
FD10896	210.000 	 29.446 	 290.575
FD10896	210.125 	 29.449 	 290.560
FD10896	210.250 	 29.454 	 290.553
FD10896	210.375 	 29.457 	 290.568
FD10896	210.500 	 29.458 	 290.596
FD10896	210.625 	 29.464 	 290.613
FD10896	210.750 	 29.461 	 290.616
FD10896	210.875 	 29.467 	 290.610
FD10896	211.000 	 29.463 	 290.615
FD10896	211.125 	 29.467 	 290.633
FD10896	211.250 	 29.469 	 290.662
FD10896	211.375 	 29.469 	 290.701
FD10896	211.500 	 29.466 	 290.735
FD10896	211.625 	 29.469 	 290.752
FD10896	211.750 	 29.470 	 290.742
FD10896	211.875 	 29.471 	 290.714
FD10896	212.000 	 29.471 	 290.683
FD10896	212.125 	 29.470 	 290.660
FD10896	212.250 	 29.471 	 290.656
FD10896	212.375 	 29.473 	 290.667
FD10896	212.500 	 29.472 	 290.684
FD10896	212.625 	 29.478 	 290.688
FD10896	212.750 	 29.475 	 290.679
FD10896	212.875 	 29.475 	 290.658
FD10896	213.000 	 29.482 	 290.640
FD10896	213.125 	 29.481 	 290.636
FD10896	213.250 	 29.484 	 290.651
FD10896	213.375 	 29.485 	 290.683
FD10896	213.500 	 29.487 	 290.711
FD10896	213.625 	 29.488 	 290.730
FD10896	213.750 	 29.494 	 290.735
FD10896	213.875 	 29.493 	 290.737
FD10896	214.000 	 29.498 	 290.748
FD10896	214.125 	 29.501 	 290.767
FD10896	214.250 	 29.503 	 290.798
FD10896	214.375 	 29.506 	 290.839
FD10896	214.500 	 29.510 	 290.883
FD10896	214.625 	 29.509 	 290.925
FD10896	214.750 	 29.514 	 290.954
FD10896	214.875 	 29.519 	 290.975
FD10896	215.000 	 29.518 	 290.988
FD10896	215.125 	 29.519 	 291.005
FD10896	215.250 	 29.525 	 291.032
FD10896	215.375 	 29.526 	 291.070
FD10896	215.500 	 29.527 	 291.101
FD10896	215.625 	 29.531 	 291.106
FD10896	215.750 	 29.531 	 291.080
FD10896	215.875 	 29.536 	 291.040
FD10896	216.000 	 29.537 	 291.007
FD10896	216.125 	 29.538 	 290.981
FD10896	216.250 	 29.541 	 290.962
FD10896	216.375 	 29.547 	 290.943
FD10896	216.500 	 29.546 	 290.930
FD10896	216.625 	 29.551 	 290.931
FD10896	216.750 	 29.550 	 290.942
FD10896	216.875 	 29.555 	 290.952
FD10896	217.000 	 29.555 	 290.965
FD10896	217.125 	 29.557 	 290.978
FD10896	217.250 	 29.559 	 290.996
FD10896	217.375 	 29.563 	 291.024
FD10896	217.500 	 29.560 	 291.053
FD10896	217.625 	 29.561 	 291.081
FD10896	217.750 	 29.563 	 291.110
FD10896	217.875 	 29.561 	 291.136
FD10896	218.000 	 29.565 	 291.170
FD10896	218.125 	 29.559 	 291.207
FD10896	218.250 	 29.558 	 291.237
FD10896	218.375 	 29.558 	 291.250
FD10896	218.500 	 29.557 	 291.244
FD10896	218.625 	 29.556 	 291.224
FD10896	218.750 	 29.554 	 291.193
FD10896	218.875 	 29.552 	 291.163
FD10896	219.000 	 29.546 	 291.139
FD10896	219.125 	 29.549 	 291.123
FD10896	219.250 	 29.544 	 291.125
FD10896	219.375 	 29.541 	 291.137
FD10896	219.500 	 29.535 	 291.139
FD10896	219.625 	 29.536 	 291.120
FD10896	219.750 	 29.530 	 291.081
FD10896	219.875 	 29.528 	 291.041
FD10896	220.000 	 29.526 	 291.027
FD10896	220.125 	 29.519 	 291.047
FD10896	220.250 	 29.522 	 291.100
FD10896	220.375 	 29.514 	 291.175
FD10896	220.500 	 29.513 	 291.249
FD10896	220.625 	 29.507 	 291.296
FD10896	220.750 	 29.509 	 291.282
FD10896	220.875 	 29.503 	 291.204
FD10896	221.000 	 29.505 	 291.078
FD10896	221.125 	 29.500 	 290.943
FD10896	221.250 	 29.495 	 290.841
FD10896	221.375 	 29.495 	 290.783
FD10896	221.500 	 29.496 	 290.757
FD10896	221.625 	 29.490 	 290.750
FD10896	221.750 	 29.493 	 290.747
FD10896	221.875 	 29.489 	 290.757
FD10896	222.000 	 29.487 	 290.792
FD10896	222.125 	 29.488 	 290.839
FD10896	222.250 	 29.486 	 290.888
FD10896	222.375 	 29.485 	 290.921
FD10896	222.500 	 29.485 	 290.932
FD10896	222.625 	 29.483 	 290.919
FD10896	222.750 	 29.484 	 290.884
FD10896	222.875 	 29.483 	 290.848
FD10896	223.000 	 29.485 	 290.829
FD10896	223.125 	 29.482 	 290.824
FD10896	223.250 	 29.485 	 290.811
FD10896	223.375 	 29.485 	 290.780
FD10896	223.500 	 29.486 	 290.745
FD10896	223.625 	 29.487 	 290.721
FD10896	223.750 	 29.488 	 290.711
FD10896	223.875 	 29.495 	 290.701
FD10896	224.000 	 29.493 	 290.697
FD10896	224.125 	 29.499 	 290.703
FD10896	224.250 	 29.506 	 290.718
FD10896	224.375 	 29.504 	 290.728
FD10896	224.500 	 29.511 	 290.716
FD10896	224.625 	 29.515 	 290.685
FD10896	224.750 	 29.518 	 290.659
FD10896	224.875 	 29.524 	 290.655
FD10896	225.000 	 29.528 	 290.671
FD10896	225.125 	 29.530 	 290.697
FD10896	225.250 	 29.537 	 290.717
FD10896	225.375 	 29.541 	 290.730
FD10896	225.500 	 29.544 	 290.750
FD10896	225.625 	 29.548 	 290.781
FD10896	225.750 	 29.553 	 290.823
FD10896	225.875 	 29.557 	 290.874
FD10896	226.000 	 29.563 	 290.923
FD10896	226.125 	 29.564 	 290.967
FD10896	226.250 	 29.569 	 290.997
FD10896	226.375 	 29.573 	 291.013
FD10896	226.500 	 29.578 	 291.023
FD10896	226.625 	 29.583 	 291.031
FD10896	226.750 	 29.584 	 291.038
FD10896	226.875 	 29.588 	 291.034
FD10896	227.000 	 29.595 	 291.014
FD10896	227.125 	 29.593 	 290.986
FD10896	227.250 	 29.603 	 290.957
FD10896	227.375 	 29.603 	 290.947
FD10896	227.500 	 29.604 	 290.960
FD10896	227.625 	 29.610 	 290.980
FD10896	227.750 	 29.611 	 291.012
FD10896	227.875 	 29.614 	 291.049
FD10896	228.000 	 29.613 	 291.095
FD10896	228.125 	 29.613 	 291.144
FD10896	228.250 	 29.614 	 291.189
FD10896	228.375 	 29.614 	 291.235
FD10896	228.500 	 29.612 	 291.277
FD10896	228.625 	 29.611 	 291.318
FD10896	228.750 	 29.611 	 291.354
FD10896	228.875 	 29.609 	 291.371
FD10896	229.000 	 29.605 	 291.351
FD10896	229.125 	 29.605 	 291.293
FD10896	229.250 	 29.601 	 291.210
FD10896	229.375 	 29.598 	 291.134
FD10896	229.500 	 29.597 	 291.086
FD10896	229.625 	 29.591 	 291.064
FD10896	229.750 	 29.593 	 291.054
FD10896	229.875 	 29.586 	 291.054
FD10896	230.000 	 29.585 	 291.065
FD10896	230.125 	 29.583 	 291.102
FD10896	230.250 	 29.582 	 291.143
FD10896	230.375 	 29.576 	 291.168
FD10896	230.500 	 29.574 	 291.168
FD10896	230.625 	 29.577 	 291.146
FD10896	230.750 	 29.571 	 291.119
FD10896	230.875 	 29.571 	 291.080
FD10896	231.000 	 29.568 	 291.033
FD10896	231.125 	 29.564 	 290.979
FD10896	231.250 	 29.567 	 290.940
FD10896	231.375 	 29.564 	 290.921
FD10896	231.500 	 29.559 	 290.920
FD10896	231.625 	 29.559 	 290.911
FD10896	231.750 	 29.556 	 290.884
FD10896	231.875 	 29.555 	 290.853
FD10896	232.000 	 29.553 	 290.842
FD10896	232.125 	 29.548 	 290.873
FD10896	232.250 	 29.549 	 290.938
FD10896	232.375 	 29.542 	 291.005
FD10896	232.500 	 29.537 	 291.043
FD10896	232.625 	 29.537 	 291.053
FD10896	232.750 	 29.530 	 291.052
FD10896	232.875 	 29.527 	 291.052
FD10896	233.000 	 29.523 	 291.041
FD10896	233.125 	 29.517 	 291.014
FD10896	233.250 	 29.513 	 290.981
FD10896	233.375 	 29.510 	 290.962
FD10896	233.500 	 29.505 	 290.960
FD10896	233.625 	 29.501 	 290.965
FD10896	233.750 	 29.497 	 290.962
FD10896	233.875 	 29.496 	 290.948
FD10896	234.000 	 29.490 	 290.933
FD10896	234.125 	 29.491 	 290.924
FD10896	234.250 	 29.488 	 290.908
FD10896	234.375 	 29.485 	 290.888
FD10896	234.500 	 29.483 	 290.860
FD10896	234.625 	 29.481 	 290.835
FD10896	234.750 	 29.483 	 290.827
FD10896	234.875 	 29.481 	 290.837
FD10896	235.000 	 29.478 	 290.859
FD10896	235.125 	 29.482 	 290.882
FD10896	235.250 	 29.481 	 290.906
FD10896	235.375 	 29.478 	 290.921
FD10896	235.500 	 29.481 	 290.935
FD10896	235.625 	 29.482 	 290.942
FD10896	235.750 	 29.482 	 290.945
FD10896	235.875 	 29.480 	 290.950
FD10896	236.000 	 29.484 	 290.954
FD10896	236.125 	 29.485 	 290.962
FD10896	236.250 	 29.487 	 290.971
FD10896	236.375 	 29.491 	 290.977
FD10896	236.500 	 29.490 	 290.982
FD10896	236.625 	 29.494 	 290.985
FD10896	236.750 	 29.494 	 290.982
FD10896	236.875 	 29.500 	 290.979
FD10896	237.000 	 29.506 	 290.966
FD10896	237.125 	 29.506 	 290.945
FD10896	237.250 	 29.510 	 290.919
FD10896	237.375 	 29.515 	 290.891
FD10896	237.500 	 29.516 	 290.882
FD10896	237.625 	 29.524 	 290.895
FD10896	237.750 	 29.525 	 290.925
FD10896	237.875 	 29.529 	 290.949
FD10896	238.000 	 29.531 	 290.962
FD10896	238.125 	 29.537 	 290.957
FD10896	238.250 	 29.536 	 290.950
FD10896	238.375 	 29.542 	 290.944
FD10896	238.500 	 29.547 	 290.944
FD10896	238.625 	 29.545 	 290.954
FD10896	238.750 	 29.546 	 290.972
FD10896	238.875 	 29.550 	 290.986
FD10896	239.000 	 29.549 	 290.988
FD10896	239.125 	 29.552 	 290.978
FD10896	239.250 	 29.553 	 290.981
FD10896	239.375 	 29.550 	 291.014
FD10896	239.500 	 29.554 	 291.065
FD10896	239.625 	 29.553 	 291.101
FD10896	239.750 	 29.554 	 291.096
FD10896	239.875 	 29.555 	 291.056
FD10896	240.000 	 29.555 	 291.011
FD10896	240.125 	 29.551 	 290.980
FD10896	240.250 	 29.554 	 290.969
FD10896	240.375 	 29.555 	 290.962
FD10896	240.500 	 29.556 	 290.950
FD10896	240.625 	 29.556 	 290.920
FD10896	240.750 	 29.556 	 290.871
FD10896	240.875 	 29.557 	 290.819
FD10896	241.000 	 29.558 	 290.771
FD10896	241.125 	 29.562 	 290.736
FD10896	241.250 	 29.560 	 290.703
FD10896	241.375 	 29.561 	 290.663
FD10896	241.500 	 29.564 	 290.619
FD10896	241.625 	 29.562 	 290.570
FD10896	241.750 	 29.566 	 290.520
FD10896	241.875 	 29.568 	 290.460
FD10896	242.000 	 29.568 	 290.393
FD10896	242.125 	 29.566 	 290.338
FD10896	242.250 	 29.571 	 290.319
FD10896	242.375 	 29.575 	 290.351
FD10896	242.500 	 29.572 	 290.417
FD10896	242.625 	 29.574 	 290.489
FD10896	242.750 	 29.573 	 290.541
FD10896	242.875 	 29.578 	 290.562
FD10896	243.000 	 29.575 	 290.564
FD10896	243.125 	 29.579 	 290.559
FD10896	243.250 	 29.576 	 290.559
FD10896	243.375 	 29.580 	 290.553
FD10896	243.500 	 29.577 	 290.537
FD10896	243.625 	 29.580 	 290.505
FD10896	243.750 	 29.581 	 290.463
FD10896	243.875 	 29.578 	 290.423
FD10896	244.000 	 29.582 	 290.388
FD10896	244.125 	 29.582 	 290.364
FD10896	244.250 	 29.584 	 290.347
FD10896	244.375 	 29.582 	 290.336
FD10896	244.500 	 29.584 	 290.336
FD10896	244.625 	 29.586 	 290.357
FD10896	244.750 	 29.584 	 290.398
FD10896	244.875 	 29.587 	 290.439
FD10896	245.000 	 29.587 	 290.475
FD10896	245.125 	 29.587 	 290.496
FD10896	245.250 	 29.592 	 290.496
FD10896	245.375 	 29.589 	 290.493
FD10896	245.500 	 29.589 	 290.488
FD10896	245.625 	 29.594 	 290.491
FD10896	245.750 	 29.594 	 290.483
FD10896	245.875 	 29.591 	 290.462
FD10896	246.000 	 29.594 	 290.441
FD10896	246.125 	 29.597 	 290.447
FD10896	246.250 	 29.592 	 290.499
FD10896	246.375 	 29.597 	 290.592
FD10896	246.500 	 29.596 	 290.697
FD10896	246.625 	 29.598 	 290.784
FD10896	246.750 	 29.600 	 290.845
FD10896	246.875 	 29.599 	 290.869
FD10896	247.000 	 29.601 	 290.861
FD10896	247.125 	 29.600 	 290.839
FD10896	247.250 	 29.606 	 290.813
FD10896	247.375 	 29.602 	 290.809
FD10896	247.500 	 29.603 	 290.829
FD10896	247.625 	 29.609 	 290.864
FD10896	247.750 	 29.608 	 290.897
FD10896	247.875 	 29.611 	 290.916
FD10896	248.000 	 29.612 	 290.921
FD10896	248.125 	 29.615 	 290.926
FD10896	248.250 	 29.617 	 290.950
FD10896	248.375 	 29.621 	 290.995
FD10896	248.500 	 29.621 	 291.043
FD10896	248.625 	 29.625 	 291.079
FD10896	248.750 	 29.629 	 291.089
FD10896	248.875 	 29.634 	 291.088
FD10896	249.000 	 29.633 	 291.077
FD10896	249.125 	 29.640 	 291.059
FD10896	249.250 	 29.643 	 291.045
FD10896	249.375 	 29.648 	 291.044
FD10896	249.500 	 29.648 	 291.056
FD10896	249.625 	 29.655 	 291.085
FD10896	249.750 	 29.655 	 291.130
FD10896	249.875 	 29.659 	 291.170
FD10896	250.000 	 29.664 	 291.209
FD10896	250.125 	 29.667 	 291.236
FD10896	250.250 	 29.668 	 291.273
FD10896	250.375 	 29.671 	 291.320
FD10896	250.500 	 29.673 	 291.377
FD10896	250.625 	 29.678 	 291.428
FD10896	250.750 	 29.675 	 291.462
FD10896	250.875 	 29.682 	 291.478
FD10896	251.000 	 29.682 	 291.472
FD10896	251.125 	 29.683 	 291.458
FD10896	251.250 	 29.685 	 291.442
FD10896	251.375 	 29.685 	 291.441
FD10896	251.500 	 29.687 	 291.451
FD10896	251.625 	 29.691 	 291.465
FD10896	251.750 	 29.690 	 291.470
FD10896	251.875 	 29.694 	 291.466
FD10896	252.000 	 29.695 	 291.448
FD10896	252.125 	 29.698 	 291.430
FD10896	252.250 	 29.699 	 291.407
FD10896	252.375 	 29.701 	 291.377
FD10896	252.500 	 29.708 	 291.343
FD10896	252.625 	 29.709 	 291.311
FD10896	252.750 	 29.712 	 291.286
FD10896	252.875 	 29.715 	 291.255
FD10896	253.000 	 29.720 	 291.208
FD10896	253.125 	 29.720 	 291.150
FD10896	253.250 	 29.727 	 291.105
FD10896	253.375 	 29.735 	 291.090
FD10896	253.500 	 29.737 	 291.096
FD10896	253.625 	 29.740 	 291.111
FD10896	253.750 	 29.744 	 291.116
FD10896	253.875 	 29.751 	 291.130
FD10896	254.000 	 29.755 	 291.151
FD10896	254.125 	 29.757 	 291.191
FD10896	254.250 	 29.764 	 291.241
FD10896	254.375 	 29.766 	 291.297
FD10896	254.500 	 29.769 	 291.350
FD10896	254.625 	 29.772 	 291.380
FD10896	254.750 	 29.779 	 291.389
FD10896	254.875 	 29.780 	 291.388
FD10896	255.000 	 29.784 	 291.392
FD10896	255.125 	 29.784 	 291.403
FD10896	255.250 	 29.791 	 291.411
FD10896	255.375 	 29.790 	 291.415
FD10896	255.500 	 29.796 	 291.412
FD10896	255.625 	 29.798 	 291.424
FD10896	255.750 	 29.803 	 291.441
FD10896	255.875 	 29.802 	 291.437
FD10896	256.000 	 29.807 	 291.409
FD10896	256.125 	 29.809 	 291.370
FD10896	256.250 	 29.810 	 291.359
FD10896	256.375 	 29.812 	 291.399
FD10896	256.500 	 29.812 	 291.459
FD10896	256.625 	 29.814 	 291.507
FD10896	256.750 	 29.818 	 291.520
FD10896	256.875 	 29.816 	 291.509
FD10896	257.000 	 29.820 	 291.504
FD10896	257.125 	 29.821 	 291.530
FD10896	257.250 	 29.817 	 291.580
FD10896	257.375 	 29.822 	 291.640
FD10896	257.500 	 29.822 	 291.686
FD10896	257.625 	 29.821 	 291.702
FD10896	257.750 	 29.818 	 291.691
FD10896	257.875 	 29.823 	 291.671
FD10896	258.000 	 29.820 	 291.648
FD10896	258.125 	 29.817 	 291.613
FD10896	258.250 	 29.821 	 291.566
FD10896	258.375 	 29.819 	 291.518
FD10896	258.500 	 29.816 	 291.499
FD10896	258.625 	 29.819 	 291.499
FD10896	258.750 	 29.815 	 291.512
FD10896	258.875 	 29.819 	 291.506
FD10896	259.000 	 29.814 	 291.478
FD10896	259.125 	 29.814 	 291.431
FD10896	259.250 	 29.813 	 291.385
FD10896	259.375 	 29.814 	 291.342
FD10896	259.500 	 29.811 	 291.323
FD10896	259.625 	 29.807 	 291.329
FD10896	259.750 	 29.808 	 291.356
FD10896	259.875 	 29.805 	 291.388
FD10896	260.000 	 29.802 	 291.417
FD10896	260.125 	 29.803 	 291.441
FD10896	260.250 	 29.797 	 291.457
FD10896	260.375 	 29.796 	 291.458
FD10896	260.500 	 29.789 	 291.448
FD10896	260.625 	 29.791 	 291.429
FD10896	260.750 	 29.783 	 291.406
FD10896	260.875 	 29.781 	 291.385
FD10896	261.000 	 29.775 	 291.365
FD10896	261.125 	 29.776 	 291.350
FD10896	261.250 	 29.769 	 291.353
FD10896	261.375 	 29.767 	 291.370
FD10896	261.500 	 29.760 	 291.396
FD10896	261.625 	 29.762 	 291.418
FD10896	261.750 	 29.755 	 291.415
FD10896	261.875 	 29.754 	 291.398
FD10896	262.000 	 29.752 	 291.375
FD10896	262.125 	 29.746 	 291.353
FD10896	262.250 	 29.747 	 291.338
FD10896	262.375 	 29.743 	 291.327
FD10896	262.500 	 29.742 	 291.326
FD10896	262.625 	 29.740 	 291.334
FD10896	262.750 	 29.739 	 291.342
FD10896	262.875 	 29.738 	 291.354
FD10896	263.000 	 29.737 	 291.366
FD10896	263.125 	 29.733 	 291.373
FD10896	263.250 	 29.737 	 291.368
FD10896	263.375 	 29.736 	 291.361
FD10896	263.500 	 29.732 	 291.360
FD10896	263.625 	 29.737 	 291.355
FD10896	263.750 	 29.736 	 291.344
FD10896	263.875 	 29.733 	 291.324
FD10896	264.000 	 29.737 	 291.300
FD10896	264.125 	 29.738 	 291.273
FD10896	264.250 	 29.739 	 291.234
FD10896	264.375 	 29.740 	 291.188
FD10896	264.500 	 29.741 	 291.139
FD10896	264.625 	 29.741 	 291.101
FD10896	264.750 	 29.743 	 291.070
FD10896	264.875 	 29.749 	 291.055
FD10896	265.000 	 29.745 	 291.063
FD10896	265.125 	 29.752 	 291.086
FD10896	265.250 	 29.753 	 291.108
FD10896	265.375 	 29.754 	 291.105
FD10896	265.500 	 29.755 	 291.093
FD10896	265.625 	 29.758 	 291.092
FD10896	265.750 	 29.761 	 291.120
FD10896	265.875 	 29.760 	 291.170
FD10896	266.000 	 29.766 	 291.224
FD10896	266.125 	 29.765 	 291.279
FD10896	266.250 	 29.768 	 291.337
FD10896	266.375 	 29.768 	 291.392
FD10896	266.500 	 29.769 	 291.427
FD10896	266.625 	 29.770 	 291.437
FD10896	266.750 	 29.770 	 291.437
FD10896	266.875 	 29.774 	 291.448
FD10896	267.000 	 29.771 	 291.480
FD10896	267.125 	 29.771 	 291.518
FD10896	267.250 	 29.771 	 291.544
FD10896	267.375 	 29.775 	 291.557
FD10896	267.500 	 29.771 	 291.554
FD10896	267.625 	 29.771 	 291.538
FD10896	267.750 	 29.770 	 291.509
FD10896	267.875 	 29.769 	 291.486
FD10896	268.000 	 29.768 	 291.471
FD10896	268.125 	 29.768 	 291.460
FD10896	268.250 	 29.767 	 291.442
FD10896	268.375 	 29.766 	 291.398
FD10896	268.500 	 29.763 	 291.345
FD10896	268.625 	 29.760 	 291.296
FD10896	268.750 	 29.762 	 291.263
FD10896	268.875 	 29.758 	 291.231
FD10896	269.000 	 29.756 	 291.188
FD10896	269.125 	 29.756 	 291.126
FD10896	269.250 	 29.756 	 291.061
FD10896	269.375 	 29.758 	 291.024
FD10896	269.500 	 29.754 	 291.012
FD10896	269.625 	 29.756 	 291.001
FD10896	269.750 	 29.754 	 290.977
FD10896	269.875 	 29.752 	 290.931
FD10896	270.000 	 29.754 	 290.882
FD10896	270.125 	 29.756 	 290.855
FD10896	270.250 	 29.752 	 290.870
FD10896	270.375 	 29.755 	 290.909
FD10896	270.500 	 29.752 	 290.968
FD10896	270.625 	 29.755 	 291.023
FD10896	270.750 	 29.753 	 291.072
FD10896	270.875 	 29.753 	 291.111
FD10896	271.000 	 29.748 	 291.138
FD10896	271.125 	 29.754 	 291.154
FD10896	271.250 	 29.748 	 291.178
FD10896	271.375 	 29.750 	 291.190
FD10896	271.500 	 29.742 	 291.205
FD10896	271.625 	 29.747 	 291.228
FD10896	271.750 	 29.744 	 291.253
FD10896	271.875 	 29.736 	 291.286
FD10896	272.000 	 29.741 	 291.314
FD10896	272.125 	 29.733 	 291.327
FD10896	272.250 	 29.733 	 291.324
FD10896	272.375 	 29.740 	 291.308
FD10896	272.500 	 29.730 	 291.304
FD10896	272.625 	 29.728 	 291.316
FD10896	272.750 	 29.728 	 291.332
FD10896	272.875 	 29.729 	 291.337
FD10896	273.000 	 29.727 	 291.327
FD10896	273.125 	 29.728 	 291.297
FD10896	273.250 	 29.726 	 291.281
FD10896	273.375 	 29.726 	 291.265
FD10896	273.500 	 29.728 	 291.258
FD10896	273.625 	 29.728 	 291.256
FD10896	273.750 	 29.734 	 291.253
FD10896	273.875 	 29.727 	 291.251
FD10896	274.000 	 29.728 	 291.258
FD10896	274.125 	 29.729 	 291.259
FD10896	274.250 	 29.733 	 291.244
FD10896	274.375 	 29.730 	 291.228
FD10896	274.500 	 29.742 	 291.201
FD10896	274.625 	 29.733 	 291.186
FD10896	274.750 	 29.743 	 291.166
FD10896	274.875 	 29.738 	 291.143
FD10896	275.000 	 29.745 	 291.120
FD10896	275.125 	 29.740 	 291.096
FD10896	275.250 	 29.746 	 291.067
FD10896	275.375 	 29.751 	 291.022
FD10896	275.500 	 29.750 	 290.978
FD10896	275.625 	 29.750 	 290.955
FD10896	275.750 	 29.744 	 290.962
FD10896	275.875 	 29.750 	 290.997
FD10896	276.000 	 29.752 	 291.044
FD10896	276.125 	 29.749 	 291.086
FD10896	276.250 	 29.750 	 291.114
FD10896	276.375 	 29.748 	 291.121
FD10896	276.500 	 29.743 	 291.110
FD10896	276.625 	 29.745 	 291.101
FD10896	276.750 	 29.738 	 291.084
FD10896	276.875 	 29.744 	 291.078
FD10896	277.000 	 29.734 	 291.075
FD10896	277.125 	 29.742 	 291.066
FD10896	277.250 	 29.731 	 291.057
FD10896	277.375 	 29.731 	 291.041
FD10896	277.500 	 29.730 	 291.014
FD10896	277.625 	 29.734 	 290.994
FD10896	277.750 	 29.727 	 290.975
FD10896	277.875 	 29.726 	 290.969
FD10896	278.000 	 29.725 	 290.962
FD10896	278.125 	 29.718 	 290.946
FD10896	278.250 	 29.722 	 290.927
FD10896	278.375 	 29.720 	 290.914
FD10896	278.500 	 29.719 	 290.910
FD10896	278.625 	 29.709 	 290.927
FD10896	278.750 	 29.718 	 290.940
FD10896	278.875 	 29.708 	 290.965
FD10896	279.000 	 29.710 	 290.991
FD10896	279.125 	 29.705 	 291.021
FD10896	279.250 	 29.699 	 291.045
FD10896	279.375 	 29.699 	 291.045
FD10896	279.500 	 29.698 	 291.039
FD10896	279.625 	 29.693 	 291.026
FD10896	279.750 	 29.691 	 291.016
FD10896	279.875 	 29.679 	 291.007
FD10896	280.000 	 29.679 	 290.985
FD10896	280.125 	 29.682 	 290.960
FD10896	280.250 	 29.672 	 290.944
FD10896	280.375 	 29.669 	 290.943
FD10896	280.500 	 29.667 	 290.951
FD10896	280.625 	 29.665 	 290.961
FD10896	280.750 	 29.653 	 290.989
FD10896	280.875 	 29.658 	 291.036
FD10896	281.000 	 29.649 	 291.104
FD10896	281.125 	 29.645 	 291.174
FD10896	281.250 	 29.643 	 291.225
FD10896	281.375 	 29.640 	 291.243
FD10896	281.500 	 29.642 	 291.237
FD10896	281.625 	 29.639 	 291.236
FD10896	281.750 	 29.640 	 291.245
FD10896	281.875 	 29.643 	 291.261
FD10896	282.000 	 29.642 	 291.277
FD10896	282.125 	 29.641 	 291.270
FD10896	282.250 	 29.646 	 291.260
FD10896	282.375 	 29.654 	 291.267
FD10896	282.500 	 29.649 	 291.315
FD10896	282.625 	 29.656 	 291.396
FD10896	282.750 	 29.655 	 291.467
FD10896	282.875 	 29.663 	 291.513
FD10896	283.000 	 29.666 	 291.529
FD10896	283.125 	 29.670 	 291.533
FD10896	283.250 	 29.670 	 291.533
FD10896	283.375 	 29.673 	 291.533
FD10896	283.500 	 29.676 	 291.532
FD10896	283.625 	 29.673 	 291.536
FD10896	283.750 	 29.683 	 291.532
FD10896	283.875 	 29.676 	 291.533
FD10896	284.000 	 29.676 	 291.533
FD10896	284.125 	 29.676 	 291.533
FD10896	284.250 	 29.683 	 291.533
FD10896	284.375 	 29.676 	 291.532
FD10896	284.500 	 29.676 	 291.533
FD10896	284.625 	 29.683 	 291.533
FD10896	284.750 	 29.676 	 291.533
FD10896	284.875 	 29.676 	 291.533
FD10896	285.000 	 29.683 	 291.533
FD10896	285.125 	 29.676 	 291.532
FD10896	285.250 	 29.676 	 291.533
FD10896	285.375 	 29.680 	 291.536
FD10896	285.500 	 29.676 	 291.533
FD10896	285.625 	 29.676 	 291.532
FD10896	285.750 	 29.676 	 291.532
FD10896	285.875 	 29.677 	 291.535
FD10896	286.000 	 29.670 	 291.533
FD10896	286.125 	 29.659 	 291.533
FD10896	286.250 	 29.663 	 291.532
FD10896	286.375 	 29.650 	 291.534
FD10896	286.500 	 29.657 	 291.536
FD10896	286.625 	 29.642 	 291.545
FD10896	286.750 	 29.640 	 291.553
FD10896	286.875 	 29.638 	 291.563
FD10896	287.000 	 29.623 	 291.574
FD10896	287.125 	 29.628 	 291.577
FD10896	287.250 	 29.617 	 291.576
FD10896	287.375 	 29.614 	 291.577
FD10896	287.500 	 29.608 	 291.578
FD10896	287.625 	 29.600 	 291.576
FD10896	287.750 	 29.601 	 291.578
FD10896	287.875 	 29.594 	 291.578
FD10896	288.000 	 29.601 	 291.575
FD10896	288.125 	 29.591 	 291.577
FD10896	288.250 	 29.591 	 291.579
FD10896	288.375 	 29.598 	 291.577
FD10896	288.500 	 29.594 	 291.575
FD10896	288.625 	 29.591 	 291.577
FD10896	288.750 	 29.598 	 291.579
FD10896	288.875 	 29.591 	 291.577
FD10896	289.000 	 29.594 	 291.575
FD10896	289.125 	 29.598 	 291.579
FD10896	289.250 	 29.591 	 291.577
FD10896	289.375 	 29.591 	 291.577
FD10896	289.500 	 29.601 	 291.575
FD10896	289.625 	 29.591 	 291.579
FD10896	289.750 	 29.591 	 291.577
FD10896	289.875 	 29.598 	 291.577
FD10896	290.000 	 29.594 	 291.575
FD10896	290.125 	 29.591 	 291.579
FD10896	290.250 	 29.598 	 291.577
FD10896	290.375 	 29.591 	 291.577
FD10896	290.500 	 29.594 	 291.576
FD10896	290.625 	 29.598 	 291.577
FD10896	290.750 	 29.591 	 291.577
FD10896	290.875 	 29.591 	 291.577
FD10896	291.000 	 29.601 	 291.576
FD10896	291.125 	 29.591 	 291.577
FD10896	291.250 	 29.591 	 291.577
FD10896	291.375 	 29.598 	 291.577
FD10896	291.500 	 29.594 	 291.576
FD10896	291.625 	 29.591 	 291.577
FD10896	291.750 	 29.598 	 291.577
FD10896	291.875 	 29.591 	 291.579
FD10896	292.000 	 29.594 	 291.575
FD10896	292.125 	 29.598 	 291.577
FD10896	292.250 	 29.591 	 291.577
FD10896	292.375 	 29.591 	 291.579
FD10896	292.500 	 29.601 	 291.575
FD10896	292.625 	 29.591 	 291.577
FD10896	292.750 	 29.591 	 291.577
FD10896	292.875 	 29.598 	 291.579
FD10896	293.000 	 29.594 	 291.575
FD10896	293.125 	 29.591 	 291.577
FD10896	293.250 	 29.598 	 291.579
FD10896	293.375 	 29.591 	 291.577
FD10896	293.500 	 29.594 	 291.575
FD10896	293.625 	 29.598 	 291.577
FD10896	293.750 	 29.591 	 291.579
FD10896	293.875 	 29.591 	 291.577
FD10896	294.000 	 29.601 	 291.575
FD10896	294.125 	 29.591 	 291.577
FD10896	294.250 	 29.591 	 291.579
FD10896	294.375 	 29.598 	 291.577
FD10896	294.500 	 29.594 	 291.575
FD10896	294.625 	 29.591 	 291.579
FD10896	294.750 	 29.598 	 291.577
FD10896	294.875 	 29.591 	 291.577
FD10896	295.000 	 29.594 	 291.575
FD10896	295.125 	 29.598 	 291.579
FD10896	295.250 	 29.591 	 291.577
FD10896	295.375 	 29.591 	 291.577
FD10896	295.500 	 29.601 	 291.576
FD10896	295.625 	 29.591 	 291.577
FD10896	295.750 	 29.591 	 291.577
FD10896	295.875 	 29.598 	 291.577
FD10896	296.000 	 29.594 	 291.576
FD10896	296.125 	 0.000 	 90.000
FD10896	296.250 	 0.000 	 90.000
FD10896	296.375 	 0.000 	 90.000
FD10896	296.500 	 0.000 	 90.000
FD10896	296.625 	 0.000 	 90.000
FD10896	296.750 	 0.000 	 90.000
FD10896	296.875 	 0.000 	 90.000
FD10896	297.000 	 0.000 	 90.000
FD10896	297.125 	 0.000 	 90.000
FD10896	297.250 	 0.000 	 90.000
FD10896	297.375 	 0.000 	 90.000
FD10896	297.500 	 0.000 	 90.000
FD10896	297.625 	 0.000 	 90.000
FD10896	297.750 	 0.000 	 90.000
FD10896	297.875 	 0.000 	 90.000
FD10896	298.000 	 0.000 	 90.000
FD10896	298.125 	 0.000 	 90.000
FD10896	298.250 	 0.000 	 90.000
FD10896	298.375 	 0.000 	 90.000
FD10896	298.500 	 0.000 	 90.000
FD10896	298.625 	 0.000 	 90.000
FD10896	298.750 	 0.000 	 90.000
FD10896	298.875 	 0.000 	 90.000
FD10896	299.000 	 0.000 	 90.000
FD10896	299.125 	 0.000 	 90.000
FD10896	299.250 	 0.000 	 90.000
FD10896	299.375 	 0.000 	 90.000
FD10896	299.500 	 0.000 	 90.000
FD10896	299.625 	 0.000 	 90.000
FD10896	299.750 	 0.000 	 90.000
FD10896	299.875 	 0.000 	 90.000
FD10896	300.000 	 0.000 	 90.000
FD10896	300.125 	 0.000 	 90.000
FD10896	300.250 	 0.000 	 90.000
FD10896	300.375 	 0.000 	 90.000
FD10896	300.500 	 0.000 	 90.000
FD10896	300.625 	 0.000 	 90.000
FD10896	300.750 	 0.000 	 90.000
FD10896	300.875 	 0.000 	 90.000
FD10896	301.000 	 0.000 	 90.000
FD10896	301.125 	 0.000 	 90.000
FD10896	301.250 	 0.000 	 90.000
FD10896	301.375 	 0.000 	 90.000
FD10896	301.500 	 0.000 	 90.000
FD10896	301.625 	 0.000 	 90.000
FD10896	301.750 	 0.000 	 90.000
FD10896	301.875 	 0.000 	 90.000
FD10896	302.000 	 0.000 	 90.000
FD10896	302.125 	 0.000 	 90.000
FD10896	302.250 	 0.000 	 90.000
FD10896	302.375 	 0.000 	 90.000
FD10896	302.500 	 0.000 	 90.000
FD10896	302.625 	 0.000 	 90.000
FD10896	302.750 	 0.000 	 90.000
FD10896	302.875 	 0.000 	 90.000
FD10896	303.000 	 0.000 	 90.000
FD10896	303.125 	 0.000 	 90.000
FD10896	303.250 	 0.000 	 90.000
FD10896	303.375 	 0.000 	 90.000
FD10896	303.500 	 0.000 	 90.000
FD10896	303.625 	 0.000 	 90.000
FD10896	303.750 	 0.000 	 90.000
FD10896	303.875 	 0.000 	 90.000
FD10896	304.000 	 0.000 	 90.000
FD10896	304.125 	 0.000 	 90.000
FD10896	304.250 	 0.000 	 90.000
FD10896	304.375 	 0.000 	 90.000
FD10896	304.500 	 0.000 	 90.000
FD10896	304.625 	 0.000 	 90.000
FD10896	304.750 	 0.000 	 90.000
FD10896	304.875 	 0.000 	 90.000
FD10896	305.000 	 0.000 	 90.000
FD10896	305.125 	 0.000 	 90.000
FD10896	305.250 	 0.000 	 90.000
FD10896	305.375 	 0.000 	 90.000
FD10896	305.500 	 0.000 	 90.000
FD10896	305.625 	 0.000 	 90.000
FD10896	305.750 	 0.000 	 90.000
FD10896	305.875 	 0.000 	 90.000
FD10896	306.000 	 0.000 	 90.000
