#WellName	 Depth.M	 INCL	 AZIM 
WellName	 Depth.M	 INCL	 AZIM 
FD10858	0.000 	 0.000 	 0.000
FD10858	0.125 	 0.000 	 90.000
FD10858	0.250 	 0.000 	 90.000
FD10858	0.375 	 0.000 	 90.000
FD10858	0.500 	 0.000 	 90.000
FD10858	0.625 	 0.000 	 90.000
FD10858	0.750 	 0.000 	 90.000
FD10858	0.875 	 0.000 	 90.000
FD10858	1.000 	 0.000 	 90.000
FD10858	1.125 	 0.000 	 90.000
FD10858	1.250 	 0.000 	 90.000
FD10858	1.375 	 0.000 	 90.000
FD10858	1.500 	 0.000 	 90.000
FD10858	1.625 	 0.000 	 90.000
FD10858	1.750 	 0.000 	 90.000
FD10858	1.875 	 0.000 	 90.000
FD10858	2.000 	 0.000 	 90.000
FD10858	2.125 	 0.000 	 90.000
FD10858	2.250 	 0.000 	 90.000
FD10858	2.375 	 0.000 	 90.000
FD10858	2.500 	 0.000 	 90.000
FD10858	2.625 	 0.000 	 90.000
FD10858	2.750 	 0.000 	 90.000
FD10858	2.875 	 0.000 	 90.000
FD10858	3.000 	 0.000 	 90.000
FD10858	3.125 	 0.000 	 90.000
FD10858	3.250 	 0.000 	 90.000
FD10858	3.375 	 0.000 	 90.000
FD10858	3.500 	 0.000 	 90.000
FD10858	3.625 	 0.000 	 90.000
FD10858	3.750 	 0.000 	 90.000
FD10858	3.875 	 0.000 	 90.000
FD10858	4.000 	 0.000 	 90.000
FD10858	4.125 	 0.000 	 90.000
FD10858	4.250 	 0.000 	 90.000
FD10858	4.375 	 0.000 	 90.000
FD10858	4.500 	 0.000 	 90.000
FD10858	4.625 	 0.000 	 90.000
FD10858	4.750 	 0.000 	 90.000
FD10858	4.875 	 0.000 	 90.000
FD10858	5.000 	 0.000 	 90.000
FD10858	5.125 	 0.000 	 90.000
FD10858	5.250 	 0.000 	 90.000
FD10858	5.375 	 0.000 	 90.000
FD10858	5.500 	 0.000 	 90.000
FD10858	5.625 	 0.000 	 90.000
FD10858	5.750 	 0.000 	 90.000
FD10858	5.875 	 0.000 	 90.000
FD10858	6.000 	 0.000 	 90.000
FD10858	6.125 	 0.000 	 90.000
FD10858	6.250 	 0.000 	 90.000
FD10858	6.375 	 0.000 	 90.000
FD10858	6.500 	 0.000 	 90.000
FD10858	6.625 	 0.000 	 90.000
FD10858	6.750 	 0.000 	 90.000
FD10858	6.875 	 0.000 	 90.000
FD10858	7.000 	 0.000 	 90.000
FD10858	7.125 	 0.000 	 90.000
FD10858	7.250 	 0.000 	 90.000
FD10858	7.375 	 0.000 	 90.000
FD10858	7.500 	 0.000 	 90.000
FD10858	7.625 	 0.000 	 90.000
FD10858	7.750 	 0.000 	 90.000
FD10858	7.875 	 0.000 	 90.000
FD10858	8.000 	 0.000 	 90.000
FD10858	8.125 	 0.000 	 90.000
FD10858	8.250 	 0.000 	 90.000
FD10858	8.375 	 0.000 	 90.000
FD10858	8.500 	 0.000 	 90.000
FD10858	8.625 	 0.000 	 90.000
FD10858	8.750 	 0.000 	 90.000
FD10858	8.875 	 0.000 	 90.000
FD10858	9.000 	 0.000 	 90.000
FD10858	9.125 	 0.000 	 90.000
FD10858	9.250 	 0.000 	 90.000
FD10858	9.375 	 0.000 	 90.000
FD10858	9.500 	 0.000 	 90.000
FD10858	9.625 	 0.000 	 90.000
FD10858	9.750 	 0.000 	 90.000
FD10858	9.875 	 0.000 	 90.000
FD10858	10.000 	 0.000 	 90.000
FD10858	10.125 	 0.000 	 90.000
FD10858	10.250 	 0.000 	 90.000
FD10858	10.375 	 0.000 	 90.000
FD10858	10.500 	 0.000 	 90.000
FD10858	10.625 	 0.000 	 90.000
FD10858	10.750 	 0.000 	 90.000
FD10858	10.875 	 0.000 	 90.000
FD10858	11.000 	 0.000 	 90.000
FD10858	11.125 	 0.000 	 90.000
FD10858	11.250 	 0.000 	 90.000
FD10858	11.375 	 0.000 	 90.000
FD10858	11.500 	 0.000 	 90.000
FD10858	11.625 	 0.000 	 90.000
FD10858	11.750 	 0.000 	 90.000
FD10858	11.875 	 0.000 	 90.000
FD10858	12.000 	 0.000 	 90.000
FD10858	12.125 	 0.000 	 90.000
FD10858	12.250 	 0.000 	 90.000
FD10858	12.375 	 0.000 	 90.000
FD10858	12.500 	 0.000 	 90.000
FD10858	12.625 	 0.000 	 90.000
FD10858	12.750 	 0.000 	 90.000
FD10858	12.875 	 0.000 	 90.000
FD10858	13.000 	 0.000 	 90.000
FD10858	13.125 	 0.000 	 90.000
FD10858	13.250 	 0.000 	 90.000
FD10858	13.375 	 0.000 	 90.000
FD10858	13.500 	 0.000 	 90.000
FD10858	13.625 	 0.000 	 90.000
FD10858	13.750 	 0.000 	 90.000
FD10858	13.875 	 0.000 	 90.000
FD10858	14.000 	 0.000 	 90.000
FD10858	14.125 	 0.000 	 90.000
FD10858	14.250 	 0.000 	 90.000
FD10858	14.375 	 0.000 	 90.000
FD10858	14.500 	 0.000 	 90.000
FD10858	14.625 	 0.000 	 90.000
FD10858	14.750 	 0.000 	 90.000
FD10858	14.875 	 0.000 	 90.000
FD10858	15.000 	 0.000 	 90.000
FD10858	15.125 	 0.000 	 90.000
FD10858	15.250 	 0.000 	 90.000
FD10858	15.375 	 0.000 	 90.000
FD10858	15.500 	 0.000 	 90.000
FD10858	15.625 	 0.000 	 90.000
FD10858	15.750 	 0.000 	 90.000
FD10858	15.875 	 0.000 	 90.000
FD10858	16.000 	 0.000 	 90.000
FD10858	16.125 	 0.000 	 90.000
FD10858	16.250 	 0.000 	 90.000
FD10858	16.375 	 0.000 	 90.000
FD10858	16.500 	 0.000 	 90.000
FD10858	16.625 	 0.000 	 90.000
FD10858	16.750 	 0.000 	 90.000
FD10858	16.875 	 0.000 	 90.000
FD10858	17.000 	 0.000 	 90.000
FD10858	17.125 	 0.000 	 90.000
FD10858	17.250 	 0.000 	 90.000
FD10858	17.375 	 0.000 	 90.000
FD10858	17.500 	 0.000 	 90.000
FD10858	17.625 	 0.000 	 90.000
FD10858	17.750 	 0.000 	 90.000
FD10858	17.875 	 0.000 	 90.000
FD10858	18.000 	 0.000 	 90.000
FD10858	18.125 	 0.000 	 90.000
FD10858	18.250 	 0.000 	 90.000
FD10858	18.375 	 0.000 	 90.000
FD10858	18.500 	 0.000 	 90.000
FD10858	18.625 	 0.000 	 90.000
FD10858	18.750 	 0.000 	 90.000
FD10858	18.875 	 0.000 	 90.000
FD10858	19.000 	 0.000 	 90.000
FD10858	19.125 	 0.000 	 90.000
FD10858	19.250 	 0.000 	 90.000
FD10858	19.375 	 0.000 	 90.000
FD10858	19.500 	 0.000 	 90.000
FD10858	19.625 	 0.000 	 90.000
FD10858	19.750 	 0.000 	 90.000
FD10858	19.875 	 0.000 	 90.000
FD10858	20.000 	 0.000 	 90.000
FD10858	20.125 	 0.000 	 90.000
FD10858	20.250 	 0.000 	 90.000
FD10858	20.375 	 0.000 	 90.000
FD10858	20.500 	 0.000 	 90.000
FD10858	20.625 	 0.000 	 90.000
FD10858	20.750 	 0.000 	 90.000
FD10858	20.875 	 0.000 	 90.000
FD10858	21.000 	 0.000 	 90.000
FD10858	21.125 	 0.000 	 90.000
FD10858	21.250 	 0.000 	 90.000
FD10858	21.375 	 0.000 	 90.000
FD10858	21.500 	 0.000 	 90.000
FD10858	21.625 	 0.000 	 90.000
FD10858	21.750 	 0.000 	 90.000
FD10858	21.875 	 0.000 	 90.000
FD10858	22.000 	 0.000 	 90.000
FD10858	22.125 	 0.000 	 90.000
FD10858	22.250 	 0.000 	 90.000
FD10858	22.375 	 0.000 	 90.000
FD10858	22.500 	 0.000 	 90.000
FD10858	22.625 	 0.000 	 90.000
FD10858	22.750 	 0.000 	 90.000
FD10858	22.875 	 0.000 	 90.000
FD10858	23.000 	 0.000 	 90.000
FD10858	23.125 	 0.000 	 90.000
FD10858	23.250 	 0.000 	 90.000
FD10858	23.375 	 0.000 	 90.000
FD10858	23.500 	 0.000 	 90.000
FD10858	23.625 	 0.000 	 90.000
FD10858	23.750 	 0.000 	 90.000
FD10858	23.875 	 0.000 	 90.000
FD10858	24.000 	 0.000 	 90.000
FD10858	24.125 	 0.000 	 90.000
FD10858	24.250 	 0.000 	 90.000
FD10858	24.375 	 0.000 	 90.000
FD10858	24.500 	 0.000 	 90.000
FD10858	24.625 	 0.000 	 90.000
FD10858	24.750 	 0.000 	 90.000
FD10858	24.875 	 0.000 	 90.000
FD10858	25.000 	 0.000 	 90.000
FD10858	25.125 	 0.000 	 90.000
FD10858	25.250 	 0.000 	 90.000
FD10858	25.375 	 0.000 	 90.000
FD10858	25.500 	 0.000 	 90.000
FD10858	25.625 	 0.000 	 90.000
FD10858	25.750 	 0.000 	 90.000
FD10858	25.875 	 0.000 	 90.000
FD10858	26.000 	 0.000 	 90.000
FD10858	26.125 	 0.000 	 90.000
FD10858	26.250 	 0.000 	 90.000
FD10858	26.375 	 0.000 	 90.000
FD10858	26.500 	 0.000 	 90.000
FD10858	26.625 	 0.000 	 90.000
FD10858	26.750 	 0.000 	 90.000
FD10858	26.875 	 0.000 	 90.000
FD10858	27.000 	 0.000 	 90.000
FD10858	27.125 	 0.000 	 90.000
FD10858	27.250 	 0.000 	 90.000
FD10858	27.375 	 0.000 	 90.000
FD10858	27.500 	 0.000 	 90.000
FD10858	27.625 	 0.000 	 90.000
FD10858	27.750 	 0.000 	 90.000
FD10858	27.875 	 0.000 	 90.000
FD10858	28.000 	 0.000 	 90.000
FD10858	28.125 	 0.000 	 90.000
FD10858	28.250 	 0.000 	 90.000
FD10858	28.375 	 0.000 	 90.000
FD10858	28.500 	 0.000 	 90.000
FD10858	28.625 	 0.000 	 90.000
FD10858	28.750 	 0.000 	 90.000
FD10858	28.875 	 0.000 	 90.000
FD10858	29.000 	 0.000 	 90.000
FD10858	29.125 	 0.000 	 90.000
FD10858	29.250 	 0.000 	 90.000
FD10858	29.375 	 0.000 	 90.000
FD10858	29.500 	 0.000 	 90.000
FD10858	29.625 	 0.000 	 90.000
FD10858	29.750 	 0.000 	 90.000
FD10858	29.875 	 0.000 	 90.000
FD10858	30.000 	 0.000 	 90.000
FD10858	30.125 	 0.000 	 90.000
FD10858	30.250 	 0.000 	 90.000
FD10858	30.375 	 0.000 	 90.000
FD10858	30.500 	 0.000 	 90.000
FD10858	30.625 	 0.000 	 90.000
FD10858	30.750 	 0.000 	 90.000
FD10858	30.875 	 0.000 	 90.000
FD10858	31.000 	 0.000 	 90.000
FD10858	31.125 	 0.000 	 90.000
FD10858	31.250 	 0.000 	 90.000
FD10858	31.375 	 0.000 	 90.000
FD10858	31.500 	 0.000 	 90.000
FD10858	31.625 	 0.000 	 90.000
FD10858	31.750 	 0.000 	 90.000
FD10858	31.875 	 0.000 	 90.000
FD10858	32.000 	 0.000 	 90.000
FD10858	32.125 	 0.000 	 90.000
FD10858	32.250 	 0.000 	 90.000
FD10858	32.375 	 0.000 	 90.000
FD10858	32.500 	 0.000 	 90.000
FD10858	32.625 	 0.000 	 90.000
FD10858	32.750 	 0.000 	 90.000
FD10858	32.875 	 0.000 	 90.000
FD10858	33.000 	 0.000 	 90.000
FD10858	33.125 	 0.000 	 90.000
FD10858	33.250 	 0.000 	 90.000
FD10858	33.375 	 0.000 	 90.000
FD10858	33.500 	 0.000 	 90.000
FD10858	33.625 	 0.000 	 90.000
FD10858	33.750 	 0.000 	 90.000
FD10858	33.875 	 0.000 	 90.000
FD10858	34.000 	 0.000 	 90.000
FD10858	34.125 	 0.554 	 201.511
FD10858	34.250 	 0.553 	 201.604
FD10858	34.375 	 0.553 	 201.723
FD10858	34.500 	 0.553 	 201.443
FD10858	34.625 	 0.554 	 201.297
FD10858	34.750 	 0.554 	 201.242
FD10858	34.875 	 0.555 	 201.151
FD10858	35.000 	 0.555 	 201.415
FD10858	35.125 	 0.556 	 201.706
FD10858	35.250 	 0.556 	 202.024
FD10858	35.375 	 0.558 	 202.626
FD10858	35.500 	 0.558 	 203.132
FD10858	35.625 	 0.560 	 203.434
FD10858	35.750 	 0.561 	 203.549
FD10858	35.875 	 0.562 	 203.489
FD10858	36.000 	 0.564 	 203.571
FD10858	36.125 	 0.566 	 203.964
FD10858	36.250 	 0.568 	 204.667
FD10858	36.375 	 0.569 	 205.115
FD10858	36.500 	 0.571 	 205.345
FD10858	36.625 	 0.574 	 205.884
FD10858	36.750 	 0.576 	 206.543
FD10858	36.875 	 0.579 	 206.873
FD10858	37.000 	 0.581 	 207.153
FD10858	37.125 	 0.584 	 207.608
FD10858	37.250 	 0.586 	 207.872
FD10858	37.375 	 0.590 	 208.106
FD10858	37.500 	 0.593 	 208.677
FD10858	37.625 	 0.597 	 209.350
FD10858	37.750 	 0.600 	 209.674
FD10858	37.875 	 0.604 	 210.025
FD10858	38.000 	 0.607 	 210.487
FD10858	38.125 	 0.611 	 210.995
FD10858	38.250 	 0.614 	 211.259
FD10858	38.375 	 0.618 	 211.556
FD10858	38.500 	 0.622 	 212.220
FD10858	38.625 	 0.626 	 212.794
FD10858	38.750 	 0.631 	 213.085
FD10858	38.875 	 0.635 	 213.255
FD10858	39.000 	 0.639 	 213.386
FD10858	39.125 	 0.644 	 213.386
FD10858	39.250 	 0.650 	 213.386
FD10858	39.375 	 0.656 	 213.386
FD10858	39.500 	 0.662 	 213.386
FD10858	39.625 	 0.668 	 213.386
FD10858	39.750 	 0.676 	 213.386
FD10858	39.875 	 0.684 	 213.386
FD10858	40.000 	 0.692 	 213.386
FD10858	40.125 	 0.702 	 213.333
FD10858	40.250 	 0.711 	 213.014
FD10858	40.375 	 0.721 	 212.537
FD10858	40.500 	 0.732 	 212.324
FD10858	40.625 	 0.743 	 212.324
FD10858	40.750 	 0.756 	 212.324
FD10858	40.875 	 0.768 	 212.324
FD10858	41.000 	 0.780 	 212.324
FD10858	41.125 	 0.794 	 212.324
FD10858	41.250 	 0.808 	 212.324
FD10858	41.375 	 0.822 	 212.324
FD10858	41.500 	 0.836 	 212.324
FD10858	41.625 	 0.851 	 212.324
FD10858	41.750 	 0.865 	 212.324
FD10858	41.875 	 0.880 	 212.324
FD10858	42.000 	 0.895 	 212.324
FD10858	42.125 	 0.910 	 212.324
FD10858	42.250 	 0.925 	 212.324
FD10858	42.375 	 0.941 	 212.324
FD10858	42.500 	 0.957 	 212.324
FD10858	42.625 	 0.973 	 212.324
FD10858	42.750 	 0.990 	 212.324
FD10858	42.875 	 1.007 	 212.324
FD10858	43.000 	 1.024 	 212.324
FD10858	43.125 	 1.042 	 212.324
FD10858	43.250 	 1.061 	 212.324
FD10858	43.375 	 1.080 	 212.324
FD10858	43.500 	 1.099 	 212.324
FD10858	43.625 	 1.119 	 212.324
FD10858	43.750 	 1.139 	 212.324
FD10858	43.875 	 1.161 	 212.324
FD10858	44.000 	 1.182 	 212.324
FD10858	44.125 	 1.205 	 212.324
FD10858	44.250 	 1.227 	 212.324
FD10858	44.375 	 1.250 	 212.589
FD10858	44.500 	 1.273 	 213.121
FD10858	44.625 	 1.297 	 213.386
FD10858	44.750 	 1.321 	 213.386
FD10858	44.875 	 1.345 	 213.386
FD10858	45.000 	 1.369 	 213.386
FD10858	45.125 	 1.394 	 213.386
FD10858	45.250 	 1.418 	 213.386
FD10858	45.375 	 1.443 	 213.386
FD10858	45.500 	 1.468 	 213.386
FD10858	45.625 	 1.492 	 213.386
FD10858	45.750 	 1.518 	 213.386
FD10858	45.875 	 1.544 	 213.386
FD10858	46.000 	 1.568 	 213.386
FD10858	46.125 	 1.594 	 213.386
FD10858	46.250 	 1.619 	 213.386
FD10858	46.375 	 1.644 	 213.386
FD10858	46.500 	 1.670 	 213.386
FD10858	46.625 	 1.695 	 213.386
FD10858	46.750 	 1.719 	 213.386
FD10858	46.875 	 1.743 	 213.386
FD10858	47.000 	 1.766 	 213.386
FD10858	47.125 	 1.790 	 213.386
FD10858	47.250 	 1.812 	 213.386
FD10858	47.375 	 1.834 	 213.386
FD10858	47.500 	 1.857 	 213.386
FD10858	47.625 	 1.878 	 213.386
FD10858	47.750 	 1.900 	 213.386
FD10858	47.875 	 1.922 	 213.386
FD10858	48.000 	 1.942 	 213.386
FD10858	48.125 	 1.964 	 213.386
FD10858	48.250 	 1.984 	 213.386
FD10858	48.375 	 2.004 	 213.386
FD10858	48.500 	 2.026 	 213.386
FD10858	48.625 	 2.046 	 213.386
FD10858	48.750 	 2.067 	 213.386
FD10858	48.875 	 2.088 	 213.386
FD10858	49.000 	 2.109 	 213.386
FD10858	49.125 	 2.131 	 213.386
FD10858	49.250 	 2.153 	 213.386
FD10858	49.375 	 2.175 	 213.386
FD10858	49.500 	 2.198 	 213.386
FD10858	49.625 	 2.222 	 213.386
FD10858	49.750 	 2.246 	 213.386
FD10858	49.875 	 2.272 	 213.386
FD10858	50.000 	 2.298 	 213.386
FD10858	50.125 	 2.325 	 213.386
FD10858	50.250 	 2.353 	 213.386
FD10858	50.375 	 2.382 	 213.386
FD10858	50.500 	 2.413 	 213.386
FD10858	50.625 	 2.443 	 213.386
FD10858	50.750 	 2.476 	 213.386
FD10858	50.875 	 2.509 	 213.386
FD10858	51.000 	 2.543 	 213.386
FD10858	51.125 	 2.577 	 213.386
FD10858	51.250 	 2.612 	 213.386
FD10858	51.375 	 2.648 	 213.386
FD10858	51.500 	 2.682 	 213.386
FD10858	51.625 	 2.715 	 213.386
FD10858	51.750 	 2.746 	 213.386
FD10858	51.875 	 2.772 	 213.386
FD10858	52.000 	 2.796 	 213.386
FD10858	52.125 	 2.817 	 213.386
FD10858	52.250 	 2.836 	 213.386
FD10858	52.375 	 2.856 	 213.386
FD10858	52.500 	 2.876 	 213.386
FD10858	52.625 	 2.898 	 213.386
FD10858	52.750 	 2.922 	 213.386
FD10858	52.875 	 2.949 	 213.386
FD10858	53.000 	 2.979 	 213.386
FD10858	53.125 	 3.013 	 213.386
FD10858	53.250 	 3.051 	 213.386
FD10858	53.375 	 3.092 	 213.652
FD10858	53.500 	 3.137 	 214.184
FD10858	53.625 	 3.183 	 217.758
FD10858	53.750 	 3.235 	 221.259
FD10858	53.875 	 3.288 	 221.553
FD10858	54.000 	 3.341 	 221.619
FD10858	54.125 	 3.395 	 221.470
FD10858	54.250 	 3.448 	 221.470
FD10858	54.375 	 3.500 	 221.671
FD10858	54.500 	 3.551 	 221.721
FD10858	54.625 	 3.601 	 221.698
FD10858	54.750 	 3.650 	 221.819
FD10858	54.875 	 3.700 	 221.812
FD10858	55.000 	 3.749 	 221.724
FD10858	55.125 	 3.798 	 221.501
FD10858	55.250 	 3.847 	 221.150
FD10858	55.375 	 3.893 	 220.902
FD10858	55.500 	 3.937 	 220.732
FD10858	55.625 	 3.981 	 220.586
FD10858	55.750 	 4.025 	 220.399
FD10858	55.875 	 4.069 	 220.570
FD10858	56.000 	 4.113 	 220.768
FD10858	56.125 	 4.157 	 220.712
FD10858	56.250 	 4.200 	 220.812
FD10858	56.375 	 4.242 	 220.911
FD10858	56.500 	 4.283 	 220.757
FD10858	56.625 	 4.323 	 220.721
FD10858	56.750 	 4.364 	 220.803
FD10858	56.875 	 4.405 	 220.765
FD10858	57.000 	 4.448 	 220.737
FD10858	57.125 	 4.492 	 220.583
FD10858	57.250 	 4.539 	 220.425
FD10858	57.375 	 4.586 	 220.364
FD10858	57.500 	 4.634 	 220.298
FD10858	57.625 	 4.684 	 220.202
FD10858	57.750 	 4.734 	 220.169
FD10858	57.875 	 4.782 	 220.119
FD10858	58.000 	 4.830 	 220.026
FD10858	58.125 	 4.878 	 219.979
FD10858	58.250 	 4.926 	 219.864
FD10858	58.375 	 4.975 	 219.688
FD10858	58.500 	 5.024 	 219.545
FD10858	58.625 	 5.075 	 219.493
FD10858	58.750 	 5.126 	 219.504
FD10858	58.875 	 5.176 	 219.422
FD10858	59.000 	 5.224 	 219.504
FD10858	59.125 	 5.269 	 219.726
FD10858	59.250 	 5.312 	 219.738
FD10858	59.375 	 5.351 	 219.672
FD10858	59.500 	 5.388 	 219.612
FD10858	59.625 	 5.423 	 219.548
FD10858	59.750 	 5.457 	 219.559
FD10858	59.875 	 5.491 	 219.718
FD10858	60.000 	 5.524 	 219.812
FD10858	60.125 	 5.559 	 219.907
FD10858	60.250 	 5.596 	 220.100
FD10858	60.375 	 5.637 	 220.136
FD10858	60.500 	 5.682 	 219.966
FD10858	60.625 	 5.729 	 219.833
FD10858	60.750 	 5.778 	 219.850
FD10858	60.875 	 5.826 	 219.866
FD10858	61.000 	 5.876 	 219.763
FD10858	61.125 	 5.926 	 219.677
FD10858	61.250 	 5.974 	 219.579
FD10858	61.375 	 6.024 	 219.336
FD10858	61.500 	 6.075 	 219.232
FD10858	61.625 	 6.128 	 219.355
FD10858	61.750 	 6.183 	 219.400
FD10858	61.875 	 6.240 	 219.326
FD10858	62.000 	 6.301 	 219.243
FD10858	62.125 	 6.366 	 219.208
FD10858	62.250 	 6.432 	 219.185
FD10858	62.375 	 6.502 	 219.191
FD10858	62.500 	 6.572 	 219.240
FD10858	62.625 	 6.643 	 219.265
FD10858	62.750 	 6.713 	 219.238
FD10858	62.875 	 6.782 	 219.213
FD10858	63.000 	 6.849 	 219.279
FD10858	63.125 	 6.912 	 219.353
FD10858	63.250 	 6.973 	 219.342
FD10858	63.375 	 7.031 	 219.284
FD10858	63.500 	 7.088 	 219.241
FD10858	63.625 	 7.142 	 219.152
FD10858	63.750 	 7.195 	 219.087
FD10858	63.875 	 7.247 	 219.073
FD10858	64.000 	 7.299 	 218.935
FD10858	64.125 	 7.349 	 218.807
FD10858	64.250 	 7.400 	 218.729
FD10858	64.375 	 7.450 	 218.582
FD10858	64.500 	 7.502 	 218.537
FD10858	64.625 	 7.554 	 218.625
FD10858	64.750 	 7.606 	 218.636
FD10858	64.875 	 7.657 	 218.617
FD10858	65.000 	 7.707 	 218.771
FD10858	65.125 	 7.755 	 218.909
FD10858	65.250 	 7.800 	 218.925
FD10858	65.375 	 7.841 	 218.920
FD10858	65.500 	 7.879 	 219.046
FD10858	65.625 	 7.913 	 219.139
FD10858	65.750 	 7.943 	 219.072
FD10858	65.875 	 7.970 	 218.960
FD10858	66.000 	 7.992 	 218.829
FD10858	66.125 	 8.012 	 218.722
FD10858	66.250 	 8.031 	 218.710
FD10858	66.375 	 8.049 	 218.702
FD10858	66.500 	 8.065 	 218.686
FD10858	66.625 	 8.081 	 218.795
FD10858	66.750 	 8.099 	 218.867
FD10858	66.875 	 8.117 	 218.903
FD10858	67.000 	 8.138 	 218.996
FD10858	67.125 	 8.159 	 219.106
FD10858	67.250 	 8.182 	 219.089
FD10858	67.375 	 8.206 	 219.001
FD10858	67.500 	 8.232 	 218.979
FD10858	67.625 	 8.260 	 218.869
FD10858	67.750 	 8.291 	 218.809
FD10858	67.875 	 8.323 	 218.919
FD10858	68.000 	 8.357 	 218.963
FD10858	68.125 	 8.392 	 218.955
FD10858	68.250 	 8.427 	 218.955
FD10858	68.375 	 8.465 	 218.944
FD10858	68.500 	 8.504 	 218.939
FD10858	68.625 	 8.546 	 218.949
FD10858	68.750 	 8.589 	 218.938
FD10858	68.875 	 8.634 	 218.933
FD10858	69.000 	 8.679 	 218.867
FD10858	69.125 	 8.724 	 218.779
FD10858	69.250 	 8.770 	 218.812
FD10858	69.375 	 8.817 	 218.881
FD10858	69.500 	 8.865 	 218.892
FD10858	69.625 	 8.913 	 218.898
FD10858	69.750 	 8.961 	 218.732
FD10858	69.875 	 9.008 	 218.496
FD10858	70.000 	 9.055 	 218.403
FD10858	70.125 	 9.100 	 218.254
FD10858	70.250 	 9.146 	 218.155
FD10858	70.375 	 9.193 	 218.120
FD10858	70.500 	 9.240 	 218.026
FD10858	70.625 	 9.291 	 218.046
FD10858	70.750 	 9.343 	 218.041
FD10858	70.875 	 9.399 	 218.037
FD10858	71.000 	 9.458 	 218.136
FD10858	71.125 	 9.520 	 218.076
FD10858	71.250 	 9.585 	 217.961
FD10858	71.375 	 9.649 	 218.051
FD10858	71.500 	 9.713 	 218.204
FD10858	71.625 	 9.774 	 218.257
FD10858	71.750 	 9.832 	 218.318
FD10858	71.875 	 9.888 	 218.378
FD10858	72.000 	 9.940 	 218.356
FD10858	72.125 	 9.988 	 218.213
FD10858	72.250 	 10.034 	 218.152
FD10858	72.375 	 10.079 	 218.210
FD10858	72.500 	 10.119 	 218.155
FD10858	72.625 	 10.160 	 218.172
FD10858	72.750 	 10.198 	 218.216
FD10858	72.875 	 10.238 	 218.171
FD10858	73.000 	 10.278 	 218.182
FD10858	73.125 	 10.319 	 218.221
FD10858	73.250 	 10.364 	 218.276
FD10858	73.375 	 10.414 	 218.213
FD10858	73.500 	 10.471 	 218.213
FD10858	73.625 	 10.539 	 218.240
FD10858	73.750 	 10.620 	 218.153
FD10858	73.875 	 10.717 	 218.129
FD10858	74.000 	 10.827 	 218.129
FD10858	74.125 	 10.944 	 218.123
FD10858	74.250 	 11.062 	 218.260
FD10858	74.375 	 11.172 	 218.351
FD10858	74.500 	 11.270 	 218.296
FD10858	74.625 	 11.351 	 218.292
FD10858	74.750 	 11.416 	 218.298
FD10858	74.875 	 11.467 	 218.257
FD10858	75.000 	 11.511 	 218.191
FD10858	75.125 	 11.548 	 218.134
FD10858	75.250 	 11.582 	 218.062
FD10858	75.375 	 11.615 	 218.111
FD10858	75.500 	 11.647 	 218.188
FD10858	75.625 	 11.680 	 218.108
FD10858	75.750 	 11.715 	 218.141
FD10858	75.875 	 11.755 	 218.224
FD10858	76.000 	 11.799 	 218.246
FD10858	76.125 	 11.849 	 218.279
FD10858	76.250 	 11.906 	 218.284
FD10858	76.375 	 11.967 	 218.345
FD10858	76.500 	 12.035 	 218.312
FD10858	76.625 	 12.107 	 218.202
FD10858	76.750 	 12.184 	 218.087
FD10858	76.875 	 12.264 	 218.068
FD10858	77.000 	 12.347 	 218.096
FD10858	77.125 	 12.430 	 218.098
FD10858	77.250 	 12.510 	 218.070
FD10858	77.375 	 12.585 	 218.032
FD10858	77.500 	 12.654 	 218.081
FD10858	77.625 	 12.716 	 218.180
FD10858	77.750 	 12.773 	 218.334
FD10858	77.875 	 12.825 	 218.403
FD10858	78.000 	 12.876 	 218.375
FD10858	78.125 	 12.928 	 218.326
FD10858	78.250 	 12.977 	 218.200
FD10858	78.375 	 13.028 	 218.065
FD10858	78.500 	 13.077 	 218.125
FD10858	78.625 	 13.126 	 218.251
FD10858	78.750 	 13.175 	 218.405
FD10858	78.875 	 13.222 	 218.538
FD10858	79.000 	 13.269 	 218.515
FD10858	79.125 	 13.314 	 218.406
FD10858	79.250 	 13.358 	 218.295
FD10858	79.375 	 13.399 	 218.259
FD10858	79.500 	 13.439 	 218.276
FD10858	79.625 	 13.480 	 218.356
FD10858	79.750 	 13.518 	 218.504
FD10858	79.875 	 13.556 	 218.559
FD10858	80.000 	 13.599 	 218.620
FD10858	80.125 	 13.642 	 218.685
FD10858	80.250 	 13.691 	 218.664
FD10858	80.375 	 13.745 	 218.625
FD10858	80.500 	 13.805 	 218.548
FD10858	80.625 	 13.866 	 218.573
FD10858	80.750 	 13.931 	 218.678
FD10858	80.875 	 13.996 	 218.740
FD10858	81.000 	 14.061 	 218.729
FD10858	81.125 	 14.128 	 218.700
FD10858	81.250 	 14.194 	 218.727
FD10858	81.375 	 14.262 	 218.790
FD10858	81.500 	 14.330 	 218.818
FD10858	81.625 	 14.399 	 218.930
FD10858	81.750 	 14.467 	 219.078
FD10858	81.875 	 14.534 	 218.993
FD10858	82.000 	 14.600 	 218.938
FD10858	82.125 	 14.666 	 218.982
FD10858	82.250 	 14.730 	 219.026
FD10858	82.375 	 14.797 	 219.084
FD10858	82.500 	 14.863 	 219.166
FD10858	82.625 	 14.933 	 219.270
FD10858	82.750 	 15.002 	 219.309
FD10858	82.875 	 15.073 	 219.353
FD10858	83.000 	 15.141 	 219.403
FD10858	83.125 	 15.210 	 219.424
FD10858	83.250 	 15.277 	 219.436
FD10858	83.375 	 15.341 	 219.422
FD10858	83.500 	 15.403 	 219.449
FD10858	83.625 	 15.461 	 219.512
FD10858	83.750 	 15.519 	 219.595
FD10858	83.875 	 15.572 	 219.647
FD10858	84.000 	 15.622 	 219.587
FD10858	84.125 	 15.669 	 219.614
FD10858	84.250 	 15.714 	 219.674
FD10858	84.375 	 15.754 	 219.724
FD10858	84.500 	 15.793 	 219.812
FD10858	84.625 	 15.828 	 219.861
FD10858	84.750 	 15.864 	 219.894
FD10858	84.875 	 15.898 	 219.921
FD10858	85.000 	 15.926 	 219.955
FD10858	85.125 	 15.958 	 220.059
FD10858	85.250 	 15.987 	 220.153
FD10858	85.375 	 16.021 	 220.166
FD10858	85.500 	 16.055 	 220.161
FD10858	85.625 	 16.098 	 220.142
FD10858	85.750 	 16.143 	 220.158
FD10858	85.875 	 16.193 	 220.166
FD10858	86.000 	 16.244 	 220.083
FD10858	86.125 	 16.296 	 220.010
FD10858	86.250 	 16.348 	 220.010
FD10858	86.375 	 16.397 	 220.026
FD10858	86.500 	 16.448 	 220.054
FD10858	86.625 	 16.504 	 220.207
FD10858	86.750 	 16.558 	 220.328
FD10858	86.875 	 16.617 	 220.394
FD10858	87.000 	 16.677 	 220.559
FD10858	87.125 	 16.738 	 220.633
FD10858	87.250 	 16.799 	 220.551
FD10858	87.375 	 16.858 	 220.496
FD10858	87.500 	 16.918 	 220.496
FD10858	87.625 	 16.977 	 220.518
FD10858	87.750 	 17.036 	 220.616
FD10858	87.875 	 17.097 	 220.652
FD10858	88.000 	 17.157 	 220.658
FD10858	88.125 	 17.220 	 220.551
FD10858	88.250 	 17.280 	 220.380
FD10858	88.375 	 17.343 	 220.320
FD10858	88.500 	 17.404 	 220.320
FD10858	88.625 	 17.463 	 220.383
FD10858	88.750 	 17.522 	 220.372
FD10858	88.875 	 17.580 	 220.342
FD10858	89.000 	 17.638 	 220.386
FD10858	89.125 	 17.699 	 220.424
FD10858	89.250 	 17.762 	 220.298
FD10858	89.375 	 17.829 	 220.154
FD10858	89.500 	 17.900 	 220.172
FD10858	89.625 	 17.975 	 220.120
FD10858	89.750 	 18.054 	 220.076
FD10858	89.875 	 18.130 	 220.092
FD10858	90.000 	 18.205 	 220.026
FD10858	90.125 	 18.274 	 219.897
FD10858	90.250 	 18.336 	 219.803
FD10858	90.375 	 18.392 	 219.765
FD10858	90.500 	 18.442 	 219.759
FD10858	90.625 	 18.492 	 219.768
FD10858	90.750 	 18.538 	 219.702
FD10858	90.875 	 18.586 	 219.642
FD10858	91.000 	 18.630 	 219.531
FD10858	91.125 	 18.676 	 219.455
FD10858	91.250 	 18.722 	 219.444
FD10858	91.375 	 18.769 	 219.386
FD10858	91.500 	 18.814 	 219.331
FD10858	91.625 	 18.861 	 219.424
FD10858	91.750 	 18.907 	 219.529
FD10858	91.875 	 18.953 	 219.537
FD10858	92.000 	 18.999 	 219.537
FD10858	92.125 	 19.043 	 219.441
FD10858	92.250 	 19.087 	 219.364
FD10858	92.375 	 19.133 	 219.372
FD10858	92.500 	 19.174 	 219.416
FD10858	92.625 	 19.220 	 219.441
FD10858	92.750 	 19.261 	 219.513
FD10858	92.875 	 19.306 	 219.515
FD10858	93.000 	 19.349 	 219.520
FD10858	93.125 	 19.390 	 219.570
FD10858	93.250 	 19.434 	 219.460
FD10858	93.375 	 19.476 	 219.460
FD10858	93.500 	 19.516 	 219.597
FD10858	93.625 	 19.557 	 219.639
FD10858	93.750 	 19.598 	 219.694
FD10858	93.875 	 19.638 	 219.749
FD10858	94.000 	 19.679 	 219.682
FD10858	94.125 	 19.721 	 219.661
FD10858	94.250 	 19.762 	 219.759
FD10858	94.375 	 19.804 	 219.952
FD10858	94.500 	 19.849 	 220.209
FD10858	94.625 	 19.891 	 220.288
FD10858	94.750 	 19.937 	 220.154
FD10858	94.875 	 19.982 	 220.095
FD10858	95.000 	 20.029 	 220.155
FD10858	95.125 	 20.077 	 220.054
FD10858	95.250 	 20.124 	 219.844
FD10858	95.375 	 20.174 	 219.880
FD10858	95.500 	 20.224 	 220.028
FD10858	95.625 	 20.276 	 219.925
FD10858	95.750 	 20.331 	 219.924
FD10858	95.875 	 20.385 	 220.100
FD10858	96.000 	 20.442 	 220.083
FD10858	96.125 	 20.498 	 220.087
FD10858	96.250 	 20.557 	 220.059
FD10858	96.375 	 20.613 	 219.858
FD10858	96.500 	 20.673 	 219.803
FD10858	96.625 	 20.728 	 219.902
FD10858	96.750 	 20.785 	 219.907
FD10858	96.875 	 20.842 	 219.925
FD10858	97.000 	 20.898 	 219.857
FD10858	97.125 	 20.953 	 219.713
FD10858	97.250 	 21.005 	 219.647
FD10858	97.375 	 21.059 	 219.694
FD10858	97.500 	 21.112 	 219.820
FD10858	97.625 	 21.165 	 219.823
FD10858	97.750 	 21.214 	 219.729
FD10858	97.875 	 21.264 	 219.798
FD10858	98.000 	 21.315 	 219.809
FD10858	98.125 	 21.364 	 219.708
FD10858	98.250 	 21.413 	 219.631
FD10858	98.375 	 21.465 	 219.611
FD10858	98.500 	 21.513 	 219.545
FD10858	98.625 	 21.564 	 219.389
FD10858	98.750 	 21.613 	 219.493
FD10858	98.875 	 21.664 	 219.710
FD10858	99.000 	 21.715 	 219.830
FD10858	99.125 	 21.765 	 219.812
FD10858	99.250 	 21.815 	 219.735
FD10858	99.375 	 21.866 	 219.730
FD10858	99.500 	 21.916 	 219.867
FD10858	99.625 	 21.965 	 220.034
FD10858	99.750 	 22.012 	 220.072
FD10858	99.875 	 22.058 	 220.026
FD10858	100.000 	 22.099 	 219.993
FD10858	100.125 	 22.139 	 220.027
FD10858	100.250 	 22.176 	 220.124
FD10858	100.375 	 22.210 	 220.098
FD10858	100.500 	 22.239 	 220.092
FD10858	100.625 	 22.267 	 220.089
FD10858	100.750 	 22.294 	 220.018
FD10858	100.875 	 22.316 	 220.043
FD10858	101.000 	 22.339 	 219.971
FD10858	101.125 	 22.357 	 219.957
FD10858	101.250 	 22.379 	 220.001
FD10858	101.375 	 22.399 	 219.944
FD10858	101.500 	 22.421 	 219.933
FD10858	101.625 	 22.442 	 219.990
FD10858	101.750 	 22.461 	 220.012
FD10858	101.875 	 22.479 	 220.026
FD10858	102.000 	 22.497 	 220.015
FD10858	102.125 	 22.512 	 220.028
FD10858	102.250 	 22.523 	 220.067
FD10858	102.375 	 22.536 	 220.081
FD10858	102.500 	 22.548 	 220.086
FD10858	102.625 	 22.558 	 220.139
FD10858	102.750 	 22.573 	 220.171
FD10858	102.875 	 22.585 	 220.279
FD10858	103.000 	 22.601 	 220.477
FD10858	103.125 	 22.620 	 220.699
FD10858	103.250 	 22.636 	 220.962
FD10858	103.375 	 22.655 	 221.101
FD10858	103.500 	 22.675 	 220.957
FD10858	103.625 	 22.697 	 220.844
FD10858	103.750 	 22.719 	 220.812
FD10858	103.875 	 22.743 	 220.768
FD10858	104.000 	 22.769 	 220.728
FD10858	104.125 	 22.796 	 220.598
FD10858	104.250 	 22.825 	 220.504
FD10858	104.375 	 22.855 	 220.364
FD10858	104.500 	 22.888 	 220.270
FD10858	104.625 	 22.922 	 220.312
FD10858	104.750 	 22.956 	 220.295
FD10858	104.875 	 22.994 	 220.295
FD10858	105.000 	 23.033 	 220.328
FD10858	105.125 	 23.074 	 220.222
FD10858	105.250 	 23.117 	 220.248
FD10858	105.375 	 23.160 	 220.334
FD10858	105.500 	 23.207 	 220.367
FD10858	105.625 	 23.251 	 220.424
FD10858	105.750 	 23.298 	 220.523
FD10858	105.875 	 23.344 	 220.710
FD10858	106.000 	 23.391 	 220.776
FD10858	106.125 	 23.434 	 220.778
FD10858	106.250 	 23.480 	 220.778
FD10858	106.375 	 23.527 	 220.721
FD10858	106.500 	 23.574 	 220.682
FD10858	106.625 	 23.625 	 220.693
FD10858	106.750 	 23.680 	 220.670
FD10858	106.875 	 23.733 	 220.718
FD10858	107.000 	 23.788 	 220.899
FD10858	107.125 	 23.844 	 220.881
FD10858	107.250 	 23.895 	 220.780
FD10858	107.375 	 23.946 	 220.841
FD10858	107.500 	 23.995 	 220.903
FD10858	107.625 	 24.045 	 220.866
FD10858	107.750 	 24.092 	 220.751
FD10858	107.875 	 24.142 	 220.715
FD10858	108.000 	 24.193 	 220.836
FD10858	108.125 	 24.246 	 220.918
FD10858	108.250 	 24.301 	 220.863
FD10858	108.375 	 24.354 	 220.781
FD10858	108.500 	 24.405 	 220.820
FD10858	108.625 	 24.455 	 220.872
FD10858	108.750 	 24.499 	 220.800
FD10858	108.875 	 24.540 	 220.874
FD10858	109.000 	 24.576 	 220.990
FD10858	109.125 	 24.610 	 221.089
FD10858	109.250 	 24.641 	 221.320
FD10858	109.375 	 24.668 	 221.371
FD10858	109.500 	 24.696 	 221.306
FD10858	109.625 	 24.719 	 221.383
FD10858	109.750 	 24.743 	 221.411
FD10858	109.875 	 24.766 	 221.390
FD10858	110.000 	 24.788 	 221.473
FD10858	110.125 	 24.806 	 221.580
FD10858	110.250 	 24.828 	 221.619
FD10858	110.375 	 24.845 	 221.608
FD10858	110.500 	 24.866 	 221.597
FD10858	110.625 	 24.884 	 221.616
FD10858	110.750 	 24.901 	 221.551
FD10858	110.875 	 24.917 	 221.453
FD10858	111.000 	 24.934 	 221.509
FD10858	111.125 	 24.950 	 221.586
FD10858	111.250 	 24.966 	 221.641
FD10858	111.375 	 24.982 	 221.672
FD10858	111.500 	 24.997 	 221.638
FD10858	111.625 	 25.011 	 221.602
FD10858	111.750 	 25.029 	 221.608
FD10858	111.875 	 25.044 	 221.636
FD10858	112.000 	 25.061 	 221.795
FD10858	112.125 	 25.076 	 221.962
FD10858	112.250 	 25.091 	 221.907
FD10858	112.375 	 25.107 	 221.864
FD10858	112.500 	 25.122 	 221.930
FD10858	112.625 	 25.136 	 221.976
FD10858	112.750 	 25.153 	 221.987
FD10858	112.875 	 25.171 	 222.039
FD10858	113.000 	 25.189 	 222.078
FD10858	113.125 	 25.209 	 222.036
FD10858	113.250 	 25.232 	 222.020
FD10858	113.375 	 25.258 	 221.996
FD10858	113.500 	 25.281 	 221.951
FD10858	113.625 	 25.307 	 221.987
FD10858	113.750 	 25.335 	 221.948
FD10858	113.875 	 25.363 	 221.781
FD10858	114.000 	 25.392 	 221.753
FD10858	114.125 	 25.421 	 221.741
FD10858	114.250 	 25.450 	 221.641
FD10858	114.375 	 25.481 	 221.733
FD10858	114.500 	 25.509 	 221.871
FD10858	114.625 	 25.540 	 221.998
FD10858	114.750 	 25.567 	 222.108
FD10858	114.875 	 25.595 	 222.196
FD10858	115.000 	 25.622 	 222.294
FD10858	115.125 	 25.649 	 222.265
FD10858	115.250 	 25.672 	 222.286
FD10858	115.375 	 25.695 	 222.407
FD10858	115.500 	 25.717 	 222.490
FD10858	115.625 	 25.737 	 222.506
FD10858	115.750 	 25.757 	 222.501
FD10858	115.875 	 25.775 	 222.531
FD10858	116.000 	 25.792 	 222.586
FD10858	116.125 	 25.812 	 222.715
FD10858	116.250 	 25.830 	 222.753
FD10858	116.375 	 25.848 	 222.685
FD10858	116.500 	 25.866 	 222.690
FD10858	116.625 	 25.885 	 222.555
FD10858	116.750 	 25.903 	 222.446
FD10858	116.875 	 25.923 	 222.591
FD10858	117.000 	 25.939 	 222.607
FD10858	117.125 	 25.958 	 222.465
FD10858	117.250 	 25.974 	 222.400
FD10858	117.375 	 25.989 	 222.423
FD10858	117.500 	 26.002 	 222.407
FD10858	117.625 	 26.015 	 222.418
FD10858	117.750 	 26.027 	 222.555
FD10858	117.875 	 26.034 	 222.561
FD10858	118.000 	 26.043 	 222.517
FD10858	118.125 	 26.048 	 222.542
FD10858	118.250 	 26.053 	 222.597
FD10858	118.375 	 26.055 	 222.699
FD10858	118.500 	 26.056 	 222.807
FD10858	118.625 	 26.058 	 222.908
FD10858	118.750 	 26.057 	 222.880
FD10858	118.875 	 26.056 	 222.848
FD10858	119.000 	 26.056 	 223.022
FD10858	119.125 	 26.057 	 223.171
FD10858	119.250 	 26.056 	 223.022
FD10858	119.375 	 26.056 	 222.965
FD10858	119.500 	 26.059 	 223.217
FD10858	119.625 	 26.062 	 223.332
FD10858	119.750 	 26.066 	 223.228
FD10858	119.875 	 26.075 	 223.204
FD10858	120.000 	 26.081 	 223.203
FD10858	120.125 	 26.092 	 223.149
FD10858	120.250 	 26.104 	 223.154
FD10858	120.375 	 26.119 	 223.277
FD10858	120.500 	 26.134 	 223.377
FD10858	120.625 	 26.151 	 223.251
FD10858	120.750 	 26.171 	 223.283
FD10858	120.875 	 26.191 	 223.473
FD10858	121.000 	 26.212 	 223.429
FD10858	121.125 	 26.234 	 223.459
FD10858	121.250 	 26.259 	 223.596
FD10858	121.375 	 26.284 	 223.482
FD10858	121.500 	 26.310 	 223.383
FD10858	121.625 	 26.339 	 223.468
FD10858	121.750 	 26.369 	 223.538
FD10858	121.875 	 26.399 	 223.536
FD10858	122.000 	 26.434 	 223.497
FD10858	122.125 	 26.471 	 223.589
FD10858	122.250 	 26.511 	 223.731
FD10858	122.375 	 26.553 	 223.851
FD10858	122.500 	 26.598 	 223.814
FD10858	122.625 	 26.647 	 223.688
FD10858	122.750 	 26.699 	 223.759
FD10858	122.875 	 26.754 	 223.802
FD10858	123.000 	 26.811 	 223.737
FD10858	123.125 	 26.871 	 223.590
FD10858	123.250 	 26.935 	 223.465
FD10858	123.375 	 26.999 	 223.486
FD10858	123.500 	 27.068 	 223.492
FD10858	123.625 	 27.135 	 223.470
FD10858	123.750 	 27.206 	 223.492
FD10858	123.875 	 27.274 	 223.600
FD10858	124.000 	 27.345 	 223.726
FD10858	124.125 	 27.414 	 223.789
FD10858	124.250 	 27.482 	 223.805
FD10858	124.375 	 27.547 	 223.725
FD10858	124.500 	 27.612 	 223.611
FD10858	124.625 	 27.676 	 223.605
FD10858	124.750 	 27.735 	 223.604
FD10858	124.875 	 27.793 	 223.619
FD10858	125.000 	 27.849 	 223.580
FD10858	125.125 	 27.901 	 223.918
FD10858	125.250 	 27.952 	 224.358
FD10858	125.375 	 27.998 	 224.391
FD10858	125.500 	 28.045 	 224.479
FD10858	125.625 	 28.089 	 224.527
FD10858	125.750 	 28.128 	 224.502
FD10858	125.875 	 28.167 	 224.496
FD10858	126.000 	 28.204 	 224.498
FD10858	126.125 	 28.243 	 224.349
FD10858	126.250 	 28.277 	 224.184
FD10858	126.375 	 28.311 	 224.226
FD10858	126.500 	 28.343 	 224.254
FD10858	126.625 	 28.373 	 224.151
FD10858	126.750 	 28.403 	 224.079
FD10858	126.875 	 28.431 	 223.960
FD10858	127.000 	 28.459 	 223.790
FD10858	127.125 	 28.486 	 224.291
FD10858	127.250 	 28.510 	 224.935
FD10858	127.375 	 28.535 	 225.068
FD10858	127.500 	 28.558 	 225.235
FD10858	127.625 	 28.583 	 225.344
FD10858	127.750 	 28.605 	 225.387
FD10858	127.875 	 28.627 	 225.412
FD10858	128.000 	 28.647 	 225.292
FD10858	128.125 	 28.669 	 225.176
FD10858	128.250 	 28.687 	 225.291
FD10858	128.375 	 28.707 	 225.391
FD10858	128.500 	 28.725 	 225.259
FD10858	128.625 	 28.743 	 225.359
FD10858	128.750 	 28.760 	 225.459
FD10858	128.875 	 28.777 	 225.297
FD10858	129.000 	 28.795 	 225.247
FD10858	129.125 	 28.813 	 225.768
FD10858	129.250 	 28.828 	 226.228
FD10858	129.375 	 28.846 	 226.169
FD10858	129.500 	 28.860 	 226.180
FD10858	129.625 	 28.870 	 226.282
FD10858	129.750 	 28.878 	 226.252
FD10858	129.875 	 28.878 	 226.079
FD10858	130.000 	 28.876 	 225.899
FD10858	130.125 	 28.869 	 225.746
FD10858	130.250 	 28.865 	 225.772
FD10858	130.375 	 28.857 	 225.852
FD10858	130.500 	 28.854 	 225.896
FD10858	130.625 	 28.852 	 225.910
FD10858	130.750 	 28.852 	 225.883
FD10858	130.875 	 28.853 	 226.017
FD10858	131.000 	 28.855 	 226.160
FD10858	131.125 	 28.860 	 226.184
FD10858	131.250 	 28.863 	 226.256
FD10858	131.375 	 28.867 	 226.268
FD10858	131.500 	 28.871 	 226.140
FD10858	131.625 	 28.875 	 226.173
FD10858	131.750 	 28.880 	 226.229
FD10858	131.875 	 28.885 	 226.099
FD10858	132.000 	 28.890 	 226.221
FD10858	132.125 	 28.899 	 226.272
FD10858	132.250 	 28.907 	 226.168
FD10858	132.375 	 28.913 	 226.166
FD10858	132.500 	 28.919 	 226.093
FD10858	132.625 	 28.924 	 226.107
FD10858	132.750 	 28.926 	 226.175
FD10858	132.875 	 28.928 	 226.123
FD10858	133.000 	 28.929 	 226.068
FD10858	133.125 	 28.931 	 226.072
FD10858	133.250 	 28.941 	 226.017
FD10858	133.375 	 28.938 	 226.053
FD10858	133.500 	 28.949 	 226.189
FD10858	133.625 	 28.955 	 226.262
FD10858	133.750 	 28.962 	 226.406
FD10858	133.875 	 28.977 	 226.372
FD10858	134.000 	 28.987 	 226.139
FD10858	134.125 	 29.004 	 226.199
FD10858	134.250 	 29.017 	 226.280
FD10858	134.375 	 29.036 	 226.215
FD10858	134.500 	 29.051 	 226.362
FD10858	134.625 	 29.072 	 226.518
FD10858	134.750 	 29.093 	 226.385
FD10858	134.875 	 29.106 	 226.305
FD10858	135.000 	 29.125 	 226.531
FD10858	135.125 	 29.142 	 226.551
FD10858	135.250 	 29.158 	 226.390
FD10858	135.375 	 29.173 	 226.341
FD10858	135.500 	 29.194 	 226.298
FD10858	135.625 	 29.213 	 226.450
FD10858	135.750 	 29.233 	 226.479
FD10858	135.875 	 29.263 	 226.381
FD10858	136.000 	 29.289 	 226.493
FD10858	136.125 	 29.321 	 226.555
FD10858	136.250 	 29.360 	 226.478
FD10858	136.375 	 29.405 	 226.405
FD10858	136.500 	 29.447 	 226.552
FD10858	136.625 	 29.496 	 226.790
FD10858	136.750 	 29.539 	 226.635
FD10858	136.875 	 29.576 	 226.479
FD10858	137.000 	 29.611 	 226.724
FD10858	137.125 	 29.638 	 226.703
FD10858	137.250 	 29.657 	 226.462
FD10858	137.375 	 29.675 	 226.486
FD10858	137.500 	 29.680 	 226.634
FD10858	137.625 	 29.697 	 226.568
FD10858	137.750 	 29.708 	 226.330
FD10858	137.875 	 29.718 	 226.382
FD10858	138.000 	 29.734 	 226.394
FD10858	138.125 	 29.746 	 226.170
FD10858	138.250 	 29.763 	 226.171
FD10858	138.375 	 29.775 	 226.325
FD10858	138.500 	 29.796 	 226.429
FD10858	138.625 	 29.805 	 226.474
FD10858	138.750 	 29.824 	 226.499
FD10858	138.875 	 29.839 	 226.569
FD10858	139.000 	 29.859 	 226.570
FD10858	139.125 	 29.868 	 226.477
FD10858	139.250 	 29.876 	 226.545
FD10858	139.375 	 29.889 	 226.643
FD10858	139.500 	 29.892 	 226.633
FD10858	139.625 	 29.894 	 226.585
FD10858	139.750 	 29.895 	 226.465
FD10858	139.875 	 29.897 	 226.481
FD10858	140.000 	 29.896 	 226.536
FD10858	140.125 	 29.896 	 226.445
FD10858	140.250 	 29.897 	 226.469
FD10858	140.375 	 29.896 	 226.572
FD10858	140.500 	 29.900 	 226.533
FD10858	140.625 	 29.896 	 226.327
FD10858	140.750 	 29.897 	 226.301
FD10858	140.875 	 29.900 	 226.531
FD10858	141.000 	 29.896 	 226.595
FD10858	141.125 	 29.896 	 226.625
FD10858	141.250 	 29.897 	 226.744
FD10858	141.375 	 29.896 	 226.651
FD10858	141.500 	 29.896 	 226.371
FD10858	141.625 	 29.897 	 226.314
FD10858	141.750 	 29.896 	 226.325
FD10858	141.875 	 29.896 	 226.225
FD10858	142.000 	 29.900 	 226.193
FD10858	142.125 	 29.897 	 226.156
FD10858	142.250 	 29.896 	 226.186
FD10858	142.375 	 29.900 	 226.217
FD10858	142.500 	 29.896 	 226.196
FD10858	142.625 	 29.896 	 226.101
FD10858	142.750 	 29.896 	 226.064
FD10858	142.875 	 29.897 	 226.212
FD10858	143.000 	 29.896 	 226.266
FD10858	143.125 	 29.896 	 226.175
FD10858	143.250 	 29.896 	 226.172
FD10858	143.375 	 29.897 	 226.240
FD10858	143.500 	 29.900 	 226.091
FD10858	143.625 	 29.896 	 225.930
FD10858	143.750 	 29.896 	 226.099
FD10858	143.875 	 29.900 	 226.243
FD10858	144.000 	 29.897 	 226.258
FD10858	144.125 	 29.896 	 226.412
FD10858	144.250 	 29.896 	 226.457
FD10858	144.375 	 29.897 	 226.212
FD10858	144.500 	 29.896 	 226.113
FD10858	144.625 	 29.897 	 226.202
FD10858	144.750 	 29.897 	 226.180
FD10858	144.875 	 29.896 	 226.048
FD10858	145.000 	 29.899 	 225.974
FD10858	145.125 	 29.897 	 226.141
FD10858	145.250 	 29.896 	 226.266
FD10858	145.375 	 29.900 	 226.091
FD10858	145.500 	 29.897 	 226.020
FD10858	145.625 	 29.896 	 226.145
FD10858	145.750 	 29.896 	 226.125
FD10858	145.875 	 29.897 	 225.934
FD10858	146.000 	 29.896 	 225.887
FD10858	146.125 	 29.897 	 225.936
FD10858	146.250 	 29.896 	 225.899
FD10858	146.375 	 29.896 	 226.037
FD10858	146.500 	 29.900 	 226.228
FD10858	146.625 	 29.897 	 226.202
FD10858	146.750 	 29.896 	 226.135
FD10858	146.875 	 29.900 	 226.175
FD10858	147.000 	 29.897 	 226.336
FD10858	147.125 	 29.896 	 226.419
FD10858	147.250 	 29.896 	 226.312
FD10858	147.375 	 29.896 	 226.342
FD10858	147.500 	 29.896 	 226.395
FD10858	147.625 	 29.897 	 226.459
FD10858	147.750 	 29.898 	 226.553
FD10858	147.875 	 29.902 	 226.605
FD10858	148.000 	 29.905 	 226.671
FD10858	148.125 	 29.909 	 226.636
FD10858	148.250 	 29.918 	 226.597
FD10858	148.375 	 29.939 	 226.618
FD10858	148.500 	 29.954 	 226.602
FD10858	148.625 	 29.977 	 226.564
FD10858	148.750 	 29.999 	 226.491
FD10858	148.875 	 30.022 	 226.464
FD10858	149.000 	 30.046 	 226.563
FD10858	149.125 	 30.064 	 226.530
FD10858	149.250 	 30.080 	 226.361
FD10858	149.375 	 30.098 	 226.292
FD10858	149.500 	 30.108 	 226.257
FD10858	149.625 	 30.118 	 226.172
FD10858	149.750 	 30.128 	 226.215
FD10858	149.875 	 30.132 	 226.172
FD10858	150.000 	 30.136 	 226.081
FD10858	150.125 	 30.137 	 225.734
FD10858	150.250 	 30.143 	 225.355
FD10858	150.375 	 30.145 	 225.391
FD10858	150.500 	 30.147 	 225.297
FD10858	150.625 	 30.150 	 225.277
FD10858	150.750 	 30.161 	 225.427
FD10858	150.875 	 30.158 	 225.386
FD10858	151.000 	 30.169 	 225.290
FD10858	151.125 	 30.172 	 225.172
FD10858	151.250 	 30.176 	 224.999
FD10858	151.375 	 30.179 	 224.924
FD10858	151.500 	 30.185 	 224.903
FD10858	151.625 	 30.188 	 224.855
FD10858	151.750 	 30.193 	 224.860
FD10858	151.875 	 30.187 	 224.935
FD10858	152.000 	 30.195 	 225.050
FD10858	152.125 	 30.192 	 224.631
FD10858	152.250 	 30.192 	 224.012
FD10858	152.375 	 30.195 	 223.881
FD10858	152.500 	 30.195 	 223.884
FD10858	152.625 	 30.189 	 223.707
FD10858	152.750 	 30.195 	 223.602
FD10858	152.875 	 30.195 	 223.776
FD10858	153.000 	 30.188 	 223.929
FD10858	153.125 	 30.195 	 224.092
FD10858	153.250 	 30.195 	 224.256
FD10858	153.375 	 30.191 	 224.340
FD10858	153.500 	 30.192 	 224.452
FD10858	153.625 	 30.195 	 224.557
FD10858	153.750 	 30.191 	 224.586
FD10858	153.875 	 30.192 	 224.433
FD10858	154.000 	 30.195 	 224.276
FD10858	154.125 	 30.192 	 224.261
FD10858	154.250 	 30.192 	 224.190
FD10858	154.375 	 30.194 	 224.058
FD10858	154.500 	 30.186 	 224.035
FD10858	154.625 	 30.192 	 224.055
FD10858	154.750 	 30.183 	 224.035
FD10858	154.875 	 30.188 	 224.064
FD10858	155.000 	 30.178 	 224.145
FD10858	155.125 	 30.175 	 224.220
FD10858	155.250 	 30.173 	 224.258
FD10858	155.375 	 30.171 	 224.307
FD10858	155.500 	 30.166 	 224.374
FD10858	155.625 	 30.166 	 224.443
FD10858	155.750 	 30.169 	 224.580
FD10858	155.875 	 30.167 	 224.630
FD10858	156.000 	 30.162 	 224.437
FD10858	156.125 	 30.168 	 224.273
FD10858	156.250 	 30.168 	 224.371
FD10858	156.375 	 30.164 	 224.445
FD10858	156.500 	 30.164 	 224.402
FD10858	156.625 	 30.168 	 224.577
FD10858	156.750 	 30.164 	 224.841
FD10858	156.875 	 30.165 	 224.877
FD10858	157.000 	 30.168 	 224.723
FD10858	157.125 	 30.168 	 224.601
FD10858	157.250 	 30.164 	 224.614
FD10858	157.375 	 30.164 	 224.621
FD10858	157.500 	 30.169 	 224.561
FD10858	157.625 	 30.166 	 224.540
FD10858	157.750 	 30.170 	 224.572
FD10858	157.875 	 30.169 	 224.657
FD10858	158.000 	 30.179 	 224.887
FD10858	158.125 	 30.184 	 225.182
FD10858	158.250 	 30.187 	 225.345
FD10858	158.375 	 30.200 	 225.395
FD10858	158.500 	 30.212 	 225.310
FD10858	158.625 	 30.219 	 225.127
FD10858	158.750 	 30.228 	 224.956
FD10858	158.875 	 30.234 	 224.709
FD10858	159.000 	 30.243 	 224.330
FD10858	159.125 	 30.235 	 224.202
FD10858	159.250 	 30.231 	 224.398
FD10858	159.375 	 30.224 	 224.500
FD10858	159.500 	 30.203 	 224.479
FD10858	159.625 	 30.176 	 224.470
FD10858	159.750 	 30.144 	 224.520
FD10858	159.875 	 30.096 	 224.594
FD10858	160.000 	 30.038 	 224.457
FD10858	160.125 	 29.970 	 224.827
FD10858	160.250 	 29.879 	 225.438
FD10858	160.375 	 29.789 	 225.451
FD10858	160.500 	 29.686 	 225.313
FD10858	160.625 	 29.588 	 225.135
FD10858	160.750 	 29.501 	 225.030
FD10858	160.875 	 29.429 	 225.034
FD10858	161.000 	 29.361 	 225.016
FD10858	161.125 	 29.309 	 224.958
FD10858	161.250 	 29.268 	 224.942
FD10858	161.375 	 29.225 	 225.168
FD10858	161.500 	 29.176 	 225.387
FD10858	161.625 	 29.135 	 225.391
FD10858	161.750 	 29.085 	 225.418
FD10858	161.875 	 29.039 	 225.479
FD10858	162.000 	 28.993 	 225.314
FD10858	162.125 	 28.957 	 225.592
FD10858	162.250 	 28.926 	 226.011
FD10858	162.375 	 28.897 	 225.826
FD10858	162.500 	 28.877 	 225.745
FD10858	162.625 	 28.852 	 225.826
FD10858	162.750 	 28.834 	 225.754
FD10858	162.875 	 28.813 	 225.741
FD10858	163.000 	 28.791 	 225.802
FD10858	163.125 	 28.777 	 225.271
FD10858	163.250 	 28.757 	 224.884
FD10858	163.375 	 28.745 	 224.913
FD10858	163.500 	 28.725 	 224.831
FD10858	163.625 	 28.716 	 224.857
FD10858	163.750 	 28.700 	 224.775
FD10858	163.875 	 28.695 	 224.732
FD10858	164.000 	 28.690 	 224.885
FD10858	164.125 	 28.684 	 224.888
FD10858	164.250 	 28.682 	 224.816
FD10858	164.375 	 28.684 	 224.983
FD10858	164.500 	 28.676 	 225.045
FD10858	164.625 	 28.681 	 224.903
FD10858	164.750 	 28.672 	 224.883
FD10858	164.875 	 28.670 	 224.916
FD10858	165.000 	 28.666 	 224.826
FD10858	165.125 	 28.663 	 224.200
FD10858	165.250 	 28.662 	 223.797
FD10858	165.375 	 28.659 	 224.003
FD10858	165.500 	 28.659 	 224.086
FD10858	165.625 	 28.651 	 224.063
FD10858	165.750 	 28.657 	 223.889
FD10858	165.875 	 28.657 	 223.637
FD10858	166.000 	 28.651 	 223.424
FD10858	166.125 	 28.657 	 223.313
FD10858	166.250 	 28.657 	 223.312
FD10858	166.375 	 28.651 	 223.422
FD10858	166.500 	 28.657 	 223.513
FD10858	166.625 	 28.657 	 223.553
FD10858	166.750 	 28.650 	 223.619
FD10858	166.875 	 28.657 	 223.704
FD10858	167.000 	 28.657 	 223.669
FD10858	167.125 	 28.650 	 222.946
FD10858	167.250 	 28.657 	 222.430
FD10858	167.375 	 28.658 	 222.574
FD10858	167.500 	 28.650 	 222.738
FD10858	167.625 	 28.656 	 222.995
FD10858	167.750 	 28.652 	 223.079
FD10858	167.875 	 28.651 	 223.022
FD10858	168.000 	 28.648 	 223.077
FD10858	168.125 	 28.647 	 223.116
FD10858	168.250 	 28.640 	 223.154
FD10858	168.375 	 28.637 	 223.273
FD10858	168.500 	 28.634 	 223.404
FD10858	168.625 	 28.633 	 223.388
FD10858	168.750 	 28.631 	 223.188
FD10858	168.875 	 28.627 	 222.977
FD10858	169.000 	 28.627 	 222.712
FD10858	169.125 	 28.630 	 222.638
FD10858	169.250 	 28.630 	 222.628
FD10858	169.375 	 28.626 	 222.451
FD10858	169.500 	 28.627 	 222.439
FD10858	169.625 	 28.630 	 222.584
FD10858	169.750 	 28.630 	 222.522
FD10858	169.875 	 28.626 	 222.295
FD10858	170.000 	 28.627 	 222.163
FD10858	170.125 	 28.630 	 222.311
FD10858	170.250 	 28.627 	 222.360
FD10858	170.375 	 28.627 	 222.141
FD10858	170.500 	 28.629 	 222.218
FD10858	170.625 	 28.630 	 222.406
FD10858	170.750 	 28.626 	 222.408
FD10858	170.875 	 28.627 	 222.472
FD10858	171.000 	 28.630 	 222.596
FD10858	171.125 	 28.630 	 222.593
FD10858	171.250 	 28.626 	 222.599
FD10858	171.375 	 28.626 	 222.668
FD10858	171.500 	 28.630 	 222.747
FD10858	171.625 	 28.629 	 222.833
FD10858	171.750 	 28.627 	 222.776
FD10858	171.875 	 28.626 	 222.603
FD10858	172.000 	 28.630 	 222.554
FD10858	172.125 	 28.627 	 222.443
FD10858	172.250 	 28.629 	 222.232
FD10858	172.375 	 28.627 	 222.301
FD10858	172.500 	 28.630 	 222.420
FD10858	172.625 	 28.626 	 222.295
FD10858	172.750 	 28.630 	 222.323
FD10858	172.875 	 28.627 	 222.577
FD10858	173.000 	 28.630 	 222.581
FD10858	173.125 	 28.626 	 222.407
FD10858	173.250 	 28.631 	 222.357
FD10858	173.375 	 28.626 	 222.251
FD10858	173.500 	 28.630 	 222.208
FD10858	173.625 	 28.627 	 222.345
FD10858	173.750 	 28.629 	 222.337
FD10858	173.875 	 28.627 	 222.225
FD10858	174.000 	 28.632 	 222.186
FD10858	174.125 	 28.628 	 222.087
FD10858	174.250 	 28.634 	 221.997
FD10858	174.375 	 28.638 	 222.055
FD10858	174.500 	 28.646 	 222.095
FD10858	174.625 	 28.650 	 222.090
FD10858	174.750 	 28.661 	 222.055
FD10858	174.875 	 28.667 	 222.064
FD10858	175.000 	 28.676 	 222.059
FD10858	175.125 	 28.682 	 222.026
FD10858	175.250 	 28.692 	 222.091
FD10858	175.375 	 28.699 	 222.046
FD10858	175.500 	 28.710 	 221.924
FD10858	175.625 	 28.724 	 221.891
FD10858	175.750 	 28.737 	 221.940
FD10858	175.875 	 28.750 	 222.013
FD10858	176.000 	 28.761 	 221.942
FD10858	176.125 	 28.769 	 221.832
FD10858	176.250 	 28.779 	 221.783
FD10858	176.375 	 28.782 	 221.725
FD10858	176.500 	 28.784 	 221.705
FD10858	176.625 	 28.787 	 221.756
FD10858	176.750 	 28.789 	 221.894
FD10858	176.875 	 28.788 	 221.883
FD10858	177.000 	 28.790 	 221.734
FD10858	177.125 	 28.788 	 221.694
FD10858	177.250 	 28.790 	 221.641
FD10858	177.375 	 28.791 	 221.599
FD10858	177.500 	 28.786 	 221.613
FD10858	177.625 	 28.791 	 221.648
FD10858	177.750 	 28.787 	 221.831
FD10858	177.875 	 28.792 	 221.977
FD10858	178.000 	 28.787 	 222.001
FD10858	178.125 	 28.790 	 222.071
FD10858	178.250 	 28.788 	 222.080
FD10858	178.375 	 28.791 	 222.013
FD10858	178.500 	 28.787 	 222.028
FD10858	178.625 	 28.789 	 221.992
FD10858	178.750 	 28.787 	 221.871
FD10858	178.875 	 28.792 	 221.869
FD10858	179.000 	 28.791 	 222.018
FD10858	179.125 	 28.787 	 221.907
FD10858	179.250 	 28.791 	 221.555
FD10858	179.375 	 28.787 	 221.630
FD10858	179.500 	 28.790 	 221.745
FD10858	179.625 	 28.788 	 221.694
FD10858	179.750 	 28.790 	 221.781
FD10858	179.875 	 28.787 	 221.799
FD10858	180.000 	 28.789 	 221.714
FD10858	180.125 	 28.784 	 221.748
FD10858	180.250 	 28.779 	 221.932
FD10858	180.375 	 28.770 	 222.047
FD10858	180.500 	 28.763 	 222.136
FD10858	180.625 	 28.745 	 222.161
FD10858	180.750 	 28.733 	 222.082
FD10858	180.875 	 28.711 	 222.116
FD10858	181.000 	 28.701 	 222.192
FD10858	181.125 	 28.682 	 222.114
FD10858	181.250 	 28.669 	 222.141
FD10858	181.375 	 28.664 	 222.303
FD10858	181.500 	 28.661 	 222.197
FD10858	181.625 	 28.654 	 222.023
FD10858	181.750 	 28.659 	 222.005
FD10858	181.875 	 28.654 	 221.979
FD10858	182.000 	 28.653 	 221.848
FD10858	182.125 	 28.658 	 221.763
FD10858	182.250 	 28.654 	 221.915
FD10858	182.375 	 28.654 	 221.959
FD10858	182.500 	 28.652 	 221.845
FD10858	182.625 	 28.651 	 221.814
FD10858	182.750 	 28.649 	 221.754
FD10858	182.875 	 28.644 	 221.702
FD10858	183.000 	 28.638 	 221.707
FD10858	183.125 	 28.630 	 221.801
FD10858	183.250 	 28.622 	 221.909
FD10858	183.375 	 28.614 	 222.004
FD10858	183.500 	 28.613 	 222.086
FD10858	183.625 	 28.606 	 222.016
FD10858	183.750 	 28.601 	 221.902
FD10858	183.875 	 28.604 	 221.682
FD10858	184.000 	 28.602 	 221.529
FD10858	184.125 	 28.599 	 221.646
FD10858	184.250 	 28.603 	 221.827
FD10858	184.375 	 28.603 	 221.964
FD10858	184.500 	 28.599 	 222.039
FD10858	184.625 	 28.601 	 221.997
FD10858	184.750 	 28.603 	 221.959
FD10858	184.875 	 28.599 	 221.979
FD10858	185.000 	 28.603 	 221.954
FD10858	185.125 	 28.601 	 221.873
FD10858	185.250 	 28.598 	 221.814
FD10858	185.375 	 28.604 	 221.775
FD10858	185.500 	 28.598 	 221.721
FD10858	185.625 	 28.601 	 221.643
FD10858	185.750 	 28.603 	 221.547
FD10858	185.875 	 28.599 	 221.529
FD10858	186.000 	 28.603 	 221.674
FD10858	186.125 	 28.602 	 221.951
FD10858	186.250 	 28.598 	 222.184
FD10858	186.375 	 28.603 	 222.171
FD10858	186.500 	 28.599 	 221.891
FD10858	186.625 	 28.603 	 221.904
FD10858	186.750 	 28.601 	 222.070
FD10858	186.875 	 28.599 	 222.028
FD10858	187.000 	 28.602 	 222.147
FD10858	187.125 	 28.603 	 222.318
FD10858	187.250 	 28.598 	 222.163
FD10858	187.375 	 28.603 	 221.801
FD10858	187.500 	 28.602 	 221.671
FD10858	187.625 	 28.599 	 221.749
FD10858	187.750 	 28.602 	 221.715
FD10858	187.875 	 28.599 	 221.568
FD10858	188.000 	 28.603 	 221.664
FD10858	188.125 	 28.601 	 221.943
FD10858	188.250 	 28.599 	 221.969
FD10858	188.375 	 28.602 	 221.798
FD10858	188.500 	 28.602 	 221.853
FD10858	188.625 	 28.600 	 221.954
FD10858	188.750 	 28.603 	 221.915
FD10858	188.875 	 28.599 	 221.876
FD10858	189.000 	 28.602 	 221.907
FD10858	189.125 	 28.602 	 221.951
FD10858	189.250 	 28.599 	 221.832
FD10858	189.375 	 28.600 	 221.886
FD10858	189.500 	 28.597 	 222.039
FD10858	189.625 	 28.598 	 222.033
FD10858	189.750 	 28.588 	 222.090
FD10858	189.875 	 28.585 	 222.226
FD10858	190.000 	 28.570 	 222.259
FD10858	190.125 	 28.562 	 222.188
FD10858	190.250 	 28.553 	 222.078
FD10858	190.375 	 28.539 	 221.961
FD10858	190.500 	 28.532 	 221.848
FD10858	190.625 	 28.529 	 221.780
FD10858	190.750 	 28.523 	 221.689
FD10858	190.875 	 28.520 	 221.645
FD10858	191.000 	 28.520 	 221.793
FD10858	191.125 	 28.519 	 221.839
FD10858	191.250 	 28.523 	 221.847
FD10858	191.375 	 28.520 	 221.925
FD10858	191.500 	 28.519 	 221.932
FD10858	191.625 	 28.519 	 221.966
FD10858	191.750 	 28.521 	 222.042
FD10858	191.875 	 28.519 	 222.085
FD10858	192.000 	 28.519 	 222.065
FD10858	192.125 	 28.518 	 221.984
FD10858	192.250 	 28.516 	 221.852
FD10858	192.375 	 28.508 	 221.817
FD10858	192.500 	 28.500 	 221.853
FD10858	192.625 	 28.487 	 221.815
FD10858	192.750 	 28.470 	 221.821
FD10858	192.875 	 28.457 	 221.885
FD10858	193.000 	 28.444 	 221.959
FD10858	193.125 	 28.433 	 222.041
FD10858	193.250 	 28.429 	 221.926
FD10858	193.375 	 28.428 	 221.744
FD10858	193.500 	 28.432 	 221.791
FD10858	193.625 	 28.435 	 221.768
FD10858	193.750 	 28.442 	 221.579
FD10858	193.875 	 28.445 	 221.509
FD10858	194.000 	 28.447 	 221.541
FD10858	194.125 	 28.452 	 221.580
FD10858	194.250 	 28.447 	 221.593
FD10858	194.375 	 28.448 	 221.676
FD10858	194.500 	 28.446 	 221.743
FD10858	194.625 	 28.446 	 221.689
FD10858	194.750 	 28.444 	 221.616
FD10858	194.875 	 28.441 	 221.576
FD10858	195.000 	 28.439 	 221.496
FD10858	195.125 	 28.439 	 221.381
FD10858	195.250 	 28.437 	 221.319
FD10858	195.375 	 28.439 	 221.381
FD10858	195.500 	 28.434 	 221.394
FD10858	195.625 	 28.435 	 221.368
FD10858	195.750 	 28.437 	 221.464
FD10858	195.875 	 28.433 	 221.581
FD10858	196.000 	 28.433 	 221.706
FD10858	196.125 	 28.432 	 221.820
FD10858	196.250 	 28.430 	 221.809
FD10858	196.375 	 28.429 	 221.965
FD10858	196.500 	 28.427 	 222.331
FD10858	196.625 	 28.420 	 222.399
FD10858	196.750 	 28.414 	 222.208
FD10858	196.875 	 28.409 	 222.088
FD10858	197.000 	 28.401 	 222.046
FD10858	197.125 	 28.396 	 222.105
FD10858	197.250 	 28.385 	 222.260
FD10858	197.375 	 28.378 	 222.359
FD10858	197.500 	 28.372 	 222.426
FD10858	197.625 	 28.369 	 222.472
FD10858	197.750 	 28.368 	 222.381
FD10858	197.875 	 28.366 	 222.209
FD10858	198.000 	 28.371 	 222.170
FD10858	198.125 	 28.378 	 222.207
FD10858	198.250 	 28.385 	 222.221
FD10858	198.375 	 28.390 	 222.284
FD10858	198.500 	 28.398 	 222.379
FD10858	198.625 	 28.404 	 222.455
FD10858	198.750 	 28.413 	 222.434
FD10858	198.875 	 28.422 	 222.404
FD10858	199.000 	 28.433 	 222.532
FD10858	199.125 	 28.446 	 222.549
FD10858	199.250 	 28.468 	 222.457
FD10858	199.375 	 28.488 	 222.539
FD10858	199.500 	 28.508 	 222.528
FD10858	199.625 	 28.535 	 222.434
FD10858	199.750 	 28.560 	 222.428
FD10858	199.875 	 28.581 	 222.430
FD10858	200.000 	 28.606 	 222.337
FD10858	200.125 	 28.631 	 222.222
FD10858	200.250 	 28.652 	 222.302
FD10858	200.375 	 28.677 	 222.361
FD10858	200.500 	 28.700 	 222.345
FD10858	200.625 	 28.728 	 222.236
FD10858	200.750 	 28.751 	 222.076
FD10858	200.875 	 28.774 	 221.996
FD10858	201.000 	 28.807 	 221.942
FD10858	201.125 	 28.830 	 221.909
FD10858	201.250 	 28.864 	 221.868
FD10858	201.375 	 28.894 	 221.930
FD10858	201.500 	 28.918 	 222.028
FD10858	201.625 	 28.950 	 221.954
FD10858	201.750 	 28.971 	 221.848
FD10858	201.875 	 28.988 	 221.820
FD10858	202.000 	 29.008 	 221.786
FD10858	202.125 	 29.018 	 221.764
FD10858	202.250 	 29.034 	 221.809
FD10858	202.375 	 29.036 	 221.743
FD10858	202.500 	 29.049 	 221.649
FD10858	202.625 	 29.054 	 221.663
FD10858	202.750 	 29.054 	 221.691
FD10858	202.875 	 29.057 	 221.709
FD10858	203.000 	 29.058 	 221.732
FD10858	203.125 	 29.057 	 221.878
FD10858	203.250 	 29.056 	 222.020
FD10858	203.375 	 29.059 	 222.150
FD10858	203.500 	 29.057 	 222.173
FD10858	203.625 	 29.057 	 221.985
FD10858	203.750 	 29.057 	 221.941
FD10858	203.875 	 29.062 	 222.112
FD10858	204.000 	 29.057 	 221.995
FD10858	204.125 	 29.058 	 221.895
FD10858	204.250 	 29.057 	 222.183
FD10858	204.375 	 29.057 	 222.209
FD10858	204.500 	 29.058 	 222.041
FD10858	204.625 	 29.058 	 222.036
FD10858	204.750 	 29.056 	 222.117
FD10858	204.875 	 29.055 	 222.198
FD10858	205.000 	 29.051 	 222.254
FD10858	205.125 	 29.044 	 222.297
FD10858	205.250 	 29.038 	 222.329
FD10858	205.375 	 29.025 	 222.290
FD10858	205.500 	 29.013 	 222.085
FD10858	205.625 	 29.004 	 222.054
FD10858	205.750 	 28.995 	 222.068
FD10858	205.875 	 28.988 	 222.062
FD10858	206.000 	 28.983 	 222.297
FD10858	206.125 	 28.982 	 222.430
FD10858	206.250 	 28.981 	 222.330
FD10858	206.375 	 28.982 	 222.284
FD10858	206.500 	 28.979 	 222.151
FD10858	206.625 	 28.989 	 222.121
FD10858	206.750 	 28.988 	 222.172
FD10858	206.875 	 28.994 	 222.086
FD10858	207.000 	 28.993 	 222.142
FD10858	207.125 	 29.004 	 222.296
FD10858	207.250 	 29.003 	 222.271
FD10858	207.375 	 29.003 	 222.133
FD10858	207.500 	 29.009 	 222.133
FD10858	207.625 	 29.011 	 222.138
FD10858	207.750 	 29.015 	 221.970
FD10858	207.875 	 29.021 	 221.930
FD10858	208.000 	 29.021 	 222.117
FD10858	208.125 	 29.032 	 222.186
FD10858	208.250 	 29.032 	 222.184
FD10858	208.375 	 29.039 	 222.182
FD10858	208.500 	 29.044 	 222.068
FD10858	208.625 	 29.051 	 221.984
FD10858	208.750 	 29.052 	 222.066
FD10858	208.875 	 29.063 	 222.260
FD10858	209.000 	 29.064 	 222.334
FD10858	209.125 	 29.078 	 222.198
FD10858	209.250 	 29.084 	 222.112
FD10858	209.375 	 29.097 	 222.154
FD10858	209.500 	 29.105 	 222.007
FD10858	209.625 	 29.123 	 221.866
FD10858	209.750 	 29.133 	 221.913
FD10858	209.875 	 29.150 	 221.940
FD10858	210.000 	 29.160 	 221.928
FD10858	210.125 	 29.171 	 222.018
FD10858	210.250 	 29.178 	 222.072
FD10858	210.375 	 29.184 	 221.946
FD10858	210.500 	 29.192 	 221.974
FD10858	210.625 	 29.189 	 222.045
FD10858	210.750 	 29.188 	 222.043
FD10858	210.875 	 29.187 	 222.103
FD10858	211.000 	 29.186 	 222.058
FD10858	211.125 	 29.181 	 221.991
FD10858	211.250 	 29.176 	 222.080
FD10858	211.375 	 29.176 	 222.107
FD10858	211.500 	 29.166 	 222.008
FD10858	211.625 	 29.167 	 221.936
FD10858	211.750 	 29.160 	 221.923
FD10858	211.875 	 29.156 	 222.034
FD10858	212.000 	 29.149 	 222.173
FD10858	212.125 	 29.135 	 222.170
FD10858	212.250 	 29.125 	 222.004
FD10858	212.375 	 29.102 	 221.887
FD10858	212.500 	 29.083 	 222.061
FD10858	212.625 	 29.055 	 222.163
FD10858	212.750 	 29.026 	 222.186
FD10858	212.875 	 28.999 	 222.308
FD10858	213.000 	 28.972 	 222.332
FD10858	213.125 	 28.953 	 222.161
FD10858	213.250 	 28.937 	 222.104
FD10858	213.375 	 28.928 	 222.136
FD10858	213.500 	 28.927 	 222.090
FD10858	213.625 	 28.927 	 222.149
FD10858	213.750 	 28.930 	 222.205
FD10858	213.875 	 28.937 	 222.324
FD10858	214.000 	 28.945 	 222.473
FD10858	214.125 	 28.955 	 222.366
FD10858	214.250 	 28.968 	 222.180
FD10858	214.375 	 28.981 	 222.276
FD10858	214.500 	 28.988 	 222.407
FD10858	214.625 	 28.997 	 222.433
FD10858	214.750 	 29.008 	 222.462
FD10858	214.875 	 29.012 	 222.669
FD10858	215.000 	 29.014 	 222.777
FD10858	215.125 	 29.015 	 222.570
FD10858	215.250 	 29.016 	 222.527
FD10858	215.375 	 29.019 	 222.680
FD10858	215.500 	 29.017 	 222.688
FD10858	215.625 	 29.016 	 222.552
FD10858	215.750 	 29.016 	 222.450
FD10858	215.875 	 29.019 	 222.509
FD10858	216.000 	 29.018 	 222.606
FD10858	216.125 	 29.020 	 222.644
FD10858	216.250 	 29.019 	 222.741
FD10858	216.375 	 29.025 	 222.696
FD10858	216.500 	 29.032 	 222.531
FD10858	216.625 	 29.041 	 222.445
FD10858	216.750 	 29.056 	 222.425
FD10858	216.875 	 29.076 	 222.366
FD10858	217.000 	 29.088 	 222.214
FD10858	217.125 	 29.106 	 222.117
FD10858	217.250 	 29.123 	 222.064
FD10858	217.375 	 29.132 	 222.070
FD10858	217.500 	 29.141 	 222.097
FD10858	217.625 	 29.148 	 222.133
FD10858	217.750 	 29.148 	 222.194
FD10858	217.875 	 29.148 	 222.270
FD10858	218.000 	 29.150 	 222.390
FD10858	218.125 	 29.148 	 222.349
FD10858	218.250 	 29.150 	 222.283
FD10858	218.375 	 29.145 	 222.084
FD10858	218.500 	 29.140 	 221.713
FD10858	218.625 	 29.132 	 221.742
FD10858	218.750 	 29.123 	 221.774
FD10858	218.875 	 29.105 	 221.554
FD10858	219.000 	 29.086 	 221.577
FD10858	219.125 	 29.065 	 221.695
FD10858	219.250 	 29.041 	 221.697
FD10858	219.375 	 29.016 	 221.774
FD10858	219.500 	 29.000 	 221.869
FD10858	219.625 	 28.984 	 221.735
FD10858	219.750 	 28.977 	 221.624
FD10858	219.875 	 28.970 	 221.797
FD10858	220.000 	 28.968 	 222.019
FD10858	220.125 	 28.962 	 222.073
FD10858	220.250 	 28.964 	 222.027
FD10858	220.375 	 28.962 	 221.996
FD10858	220.500 	 28.962 	 221.945
FD10858	220.625 	 28.956 	 221.960
FD10858	220.750 	 28.948 	 222.038
FD10858	220.875 	 28.946 	 222.097
FD10858	221.000 	 28.934 	 221.996
FD10858	221.125 	 28.932 	 221.683
FD10858	221.250 	 28.918 	 221.408
FD10858	221.375 	 28.913 	 221.389
FD10858	221.500 	 28.907 	 221.378
FD10858	221.625 	 28.897 	 221.321
FD10858	221.750 	 28.884 	 221.394
FD10858	221.875 	 28.871 	 221.379
FD10858	222.000 	 28.854 	 221.470
FD10858	222.125 	 28.835 	 221.663
FD10858	222.250 	 28.814 	 221.689
FD10858	222.375 	 28.794 	 221.718
FD10858	222.500 	 28.771 	 221.723
FD10858	222.625 	 28.758 	 221.698
FD10858	222.750 	 28.734 	 221.717
FD10858	222.875 	 28.722 	 221.777
FD10858	223.000 	 28.708 	 221.832
FD10858	223.125 	 28.699 	 221.945
FD10858	223.250 	 28.682 	 221.943
FD10858	223.375 	 28.668 	 221.681
FD10858	223.500 	 28.653 	 221.605
FD10858	223.625 	 28.634 	 221.853
FD10858	223.750 	 28.617 	 221.846
FD10858	223.875 	 28.603 	 221.713
FD10858	224.000 	 28.584 	 221.779
FD10858	224.125 	 28.577 	 221.892
FD10858	224.250 	 28.571 	 221.831
FD10858	224.375 	 28.563 	 221.665
FD10858	224.500 	 28.553 	 221.742
FD10858	224.625 	 28.551 	 221.770
FD10858	224.750 	 28.549 	 221.593
FD10858	224.875 	 28.545 	 221.466
FD10858	225.000 	 28.542 	 221.408
FD10858	225.125 	 28.536 	 221.491
FD10858	225.250 	 28.535 	 221.576
FD10858	225.375 	 28.535 	 221.602
FD10858	225.500 	 28.536 	 221.698
FD10858	225.625 	 28.537 	 221.659
FD10858	225.750 	 28.536 	 221.649
FD10858	225.875 	 28.538 	 221.743
FD10858	226.000 	 28.542 	 221.634
FD10858	226.125 	 28.542 	 221.489
FD10858	226.250 	 28.545 	 221.396
FD10858	226.375 	 28.550 	 221.303
FD10858	226.500 	 28.556 	 221.221
FD10858	226.625 	 28.554 	 221.213
FD10858	226.750 	 28.561 	 221.361
FD10858	226.875 	 28.563 	 221.468
FD10858	227.000 	 28.570 	 221.445
FD10858	227.125 	 28.570 	 221.425
FD10858	227.250 	 28.577 	 221.552
FD10858	227.375 	 28.586 	 221.626
FD10858	227.500 	 28.586 	 221.613
FD10858	227.625 	 28.599 	 221.795
FD10858	227.750 	 28.600 	 222.016
FD10858	227.875 	 28.612 	 222.109
FD10858	228.000 	 28.612 	 222.012
FD10858	228.125 	 28.621 	 221.824
FD10858	228.250 	 28.629 	 221.897
FD10858	228.375 	 28.627 	 221.889
FD10858	228.500 	 28.635 	 221.856
FD10858	228.625 	 28.637 	 221.890
FD10858	228.750 	 28.643 	 221.810
FD10858	228.875 	 28.642 	 221.723
FD10858	229.000 	 28.648 	 221.723
FD10858	229.125 	 28.648 	 221.790
FD10858	229.250 	 28.651 	 221.731
FD10858	229.375 	 28.651 	 221.568
FD10858	229.500 	 28.650 	 221.566
FD10858	229.625 	 28.652 	 221.669
FD10858	229.750 	 28.652 	 221.646
FD10858	229.875 	 28.649 	 221.524
FD10858	230.000 	 28.649 	 221.428
FD10858	230.125 	 28.648 	 221.289
FD10858	230.250 	 28.646 	 221.089
FD10858	230.375 	 28.638 	 221.156
FD10858	230.500 	 28.638 	 221.342
FD10858	230.625 	 28.633 	 221.318
FD10858	230.750 	 28.625 	 221.206
FD10858	230.875 	 28.620 	 221.319
FD10858	231.000 	 28.612 	 221.450
FD10858	231.125 	 28.605 	 221.475
FD10858	231.250 	 28.599 	 221.604
FD10858	231.375 	 28.585 	 221.786
FD10858	231.500 	 28.583 	 221.959
FD10858	231.625 	 28.571 	 222.026
FD10858	231.750 	 28.563 	 221.973
FD10858	231.875 	 28.558 	 222.024
FD10858	232.000 	 28.549 	 222.099
FD10858	232.125 	 28.544 	 222.036
FD10858	232.250 	 28.536 	 221.903
FD10858	232.375 	 28.533 	 221.742
FD10858	232.500 	 28.530 	 221.793
FD10858	232.625 	 28.525 	 222.019
FD10858	232.750 	 28.526 	 222.112
FD10858	232.875 	 28.521 	 221.998
FD10858	233.000 	 28.523 	 221.806
FD10858	233.125 	 28.525 	 221.795
FD10858	233.250 	 28.522 	 221.793
FD10858	233.375 	 28.523 	 221.580
FD10858	233.500 	 28.525 	 221.305
FD10858	233.625 	 28.521 	 221.277
FD10858	233.750 	 28.519 	 221.471
FD10858	233.875 	 28.518 	 221.582
FD10858	234.000 	 28.510 	 221.709
FD10858	234.125 	 28.511 	 222.004
FD10858	234.250 	 28.505 	 222.217
FD10858	234.375 	 28.496 	 222.403
FD10858	234.500 	 28.490 	 222.659
FD10858	234.625 	 28.485 	 222.871
FD10858	234.750 	 28.477 	 223.011
FD10858	234.875 	 28.471 	 223.034
FD10858	235.000 	 28.464 	 223.049
FD10858	235.125 	 28.457 	 223.038
FD10858	235.250 	 28.453 	 223.006
FD10858	235.375 	 28.446 	 222.970
FD10858	235.500 	 28.438 	 222.915
FD10858	235.625 	 28.438 	 222.803
FD10858	235.750 	 28.433 	 222.626
FD10858	235.875 	 28.431 	 222.407
FD10858	236.000 	 28.430 	 222.329
FD10858	236.125 	 28.431 	 222.218
FD10858	236.250 	 28.432 	 222.023
FD10858	236.375 	 28.435 	 222.005
FD10858	236.500 	 28.442 	 222.068
FD10858	236.625 	 28.445 	 222.099
FD10858	236.750 	 28.453 	 222.084
FD10858	236.875 	 28.455 	 222.147
FD10858	237.000 	 28.468 	 222.208
FD10858	237.125 	 28.474 	 222.315
FD10858	237.250 	 28.480 	 222.440
FD10858	237.375 	 28.490 	 222.425
FD10858	237.500 	 28.502 	 222.377
FD10858	237.625 	 28.511 	 222.608
FD10858	237.750 	 28.519 	 222.861
FD10858	237.875 	 28.526 	 222.939
FD10858	238.000 	 28.535 	 222.947
FD10858	238.125 	 28.545 	 222.873
FD10858	238.250 	 28.549 	 222.909
FD10858	238.375 	 28.555 	 223.083
FD10858	238.500 	 28.556 	 223.233
FD10858	238.625 	 28.561 	 223.169
FD10858	238.750 	 28.560 	 222.946
FD10858	238.875 	 28.562 	 222.936
FD10858	239.000 	 28.563 	 223.050
FD10858	239.125 	 28.562 	 222.962
FD10858	239.250 	 28.560 	 222.762
FD10858	239.375 	 28.557 	 222.628
FD10858	239.500 	 28.555 	 222.663
FD10858	239.625 	 28.550 	 222.816
FD10858	239.750 	 28.546 	 222.940
FD10858	239.875 	 28.538 	 223.025
FD10858	240.000 	 28.533 	 223.056
FD10858	240.125 	 28.529 	 223.035
FD10858	240.250 	 28.521 	 222.905
FD10858	240.375 	 28.515 	 222.808
FD10858	240.500 	 28.508 	 222.738
FD10858	240.625 	 28.503 	 222.525
FD10858	240.750 	 28.498 	 222.519
FD10858	240.875 	 28.490 	 222.739
FD10858	241.000 	 28.481 	 222.671
FD10858	241.125 	 28.476 	 222.658
FD10858	241.250 	 28.471 	 222.759
FD10858	241.375 	 28.467 	 222.807
FD10858	241.500 	 28.456 	 222.973
FD10858	241.625 	 28.456 	 223.287
FD10858	241.750 	 28.448 	 223.541
FD10858	241.875 	 28.445 	 223.577
FD10858	242.000 	 28.442 	 223.559
FD10858	242.125 	 28.441 	 223.471
FD10858	242.250 	 28.437 	 223.375
FD10858	242.375 	 28.439 	 223.348
FD10858	242.500 	 28.437 	 223.325
FD10858	242.625 	 28.442 	 223.393
FD10858	242.750 	 28.444 	 223.403
FD10858	242.875 	 28.446 	 223.302
FD10858	243.000 	 28.450 	 223.258
FD10858	243.125 	 28.454 	 223.261
FD10858	243.250 	 28.452 	 223.137
FD10858	243.375 	 28.457 	 222.854
FD10858	243.500 	 28.458 	 222.586
FD10858	243.625 	 28.452 	 222.238
FD10858	243.750 	 28.455 	 221.796
FD10858	243.875 	 28.448 	 221.489
FD10858	244.000 	 28.445 	 221.441
FD10858	244.125 	 28.440 	 221.495
FD10858	244.250 	 28.432 	 221.482
FD10858	244.375 	 28.423 	 221.528
FD10858	244.500 	 28.416 	 221.410
FD10858	244.625 	 28.412 	 221.047
FD10858	244.750 	 28.401 	 220.751
FD10858	244.875 	 28.389 	 220.914
FD10858	245.000 	 28.385 	 221.020
FD10858	245.125 	 28.375 	 220.834
FD10858	245.250 	 28.369 	 220.862
FD10858	245.375 	 28.364 	 220.902
FD10858	245.500 	 28.357 	 220.910
FD10858	245.625 	 28.351 	 220.909
FD10858	245.750 	 28.350 	 220.908
FD10858	245.875 	 28.346 	 220.911
FD10858	246.000 	 28.345 	 220.903
FD10858	246.125 	 28.344 	 220.900
FD10858	246.250 	 28.348 	 220.903
FD10858	246.375 	 28.344 	 220.900
FD10858	246.500 	 28.345 	 220.903
FD10858	246.625 	 28.345 	 220.903
FD10858	246.750 	 28.344 	 220.900
FD10858	246.875 	 28.348 	 220.903
FD10858	247.000 	 28.344 	 220.900
FD10858	247.125 	 28.344 	 220.900
FD10858	247.250 	 28.344 	 220.900
FD10858	247.375 	 28.345 	 220.903
FD10858	247.500 	 28.345 	 220.903
FD10858	247.625 	 28.347 	 220.900
FD10858	247.750 	 28.345 	 220.903
FD10858	247.875 	 28.344 	 220.900
FD10858	248.000 	 28.345 	 220.903
FD10858	248.125 	 28.344 	 220.905
FD10858	248.250 	 28.347 	 220.895
FD10858	248.375 	 28.345 	 220.898
FD10858	248.500 	 28.344 	 220.900
FD10858	248.625 	 28.345 	 220.903
FD10858	248.750 	 28.344 	 220.900
FD10858	248.875 	 28.345 	 220.903
FD10858	249.000 	 28.348 	 220.903
FD10858	249.125 	 28.344 	 220.900
FD10858	249.250 	 28.344 	 220.905
FD10858	249.375 	 28.344 	 220.900
FD10858	249.500 	 28.345 	 220.903
FD10858	249.625 	 28.347 	 220.900
FD10858	249.750 	 28.345 	 220.908
FD10858	249.875 	 28.345 	 220.903
FD10858	250.000 	 28.344 	 220.885
FD10858	250.125 	 28.344 	 220.871
FD10858	250.250 	 28.344 	 220.851
FD10858	250.375 	 28.348 	 220.830
FD10858	250.500 	 28.344 	 220.822
FD10858	250.625 	 28.345 	 220.791
FD10858	250.750 	 28.344 	 220.769
FD10858	250.875 	 28.345 	 220.772
FD10858	251.000 	 28.348 	 220.767
FD10858	251.125 	 28.345 	 220.772
FD10858	251.250 	 28.344 	 220.769
FD10858	251.375 	 28.346 	 220.770
FD10858	251.500 	 28.344 	 220.769
FD10858	251.625 	 28.345 	 220.772
FD10858	251.750 	 28.348 	 220.767
FD10858	251.875 	 28.345 	 220.772
FD10858	252.000 	 28.344 	 220.769
FD10858	252.125 	 28.346 	 220.770
FD10858	252.250 	 28.344 	 220.769
FD10858	252.375 	 28.348 	 220.772
FD10858	252.500 	 28.345 	 220.767
FD10858	252.625 	 28.345 	 220.772
FD10858	252.750 	 28.344 	 220.769
FD10858	252.875 	 28.345 	 220.767
FD10858	253.000 	 28.345 	 220.772
FD10858	253.125 	 28.347 	 220.769
FD10858	253.250 	 28.346 	 220.770
FD10858	253.375 	 28.344 	 220.769
FD10858	253.500 	 28.345 	 220.772
FD10858	253.625 	 28.345 	 220.767
FD10858	253.750 	 28.348 	 220.772
FD10858	253.875 	 28.344 	 220.769
FD10858	254.000 	 28.346 	 220.770
FD10858	254.125 	 28.344 	 220.769
FD10858	254.250 	 28.345 	 220.772
FD10858	254.375 	 28.345 	 220.767
FD10858	254.500 	 28.348 	 220.772
FD10858	254.625 	 28.344 	 220.769
FD10858	254.750 	 28.346 	 220.770
FD10858	254.875 	 28.344 	 220.769
FD10858	255.000 	 28.345 	 220.772
FD10858	255.125 	 28.348 	 220.767
FD10858	255.250 	 28.344 	 220.769
FD10858	255.375 	 28.345 	 220.772
FD10858	255.500 	 28.345 	 220.767
FD10858	255.625 	 28.345 	 220.772
FD10858	255.750 	 28.344 	 220.769
FD10858	255.875 	 28.348 	 220.772
FD10858	256.000 	 28.345 	 220.767
FD10858	256.125 	 28.345 	 220.772
FD10858	256.250 	 28.344 	 220.769
FD10858	256.375 	 28.346 	 220.770
FD10858	256.500 	 28.347 	 220.769
FD10858	256.625 	 28.345 	 220.772
FD10858	256.750 	 28.345 	 220.767
FD10858	256.875 	 28.345 	 220.772
FD10858	257.000 	 28.344 	 220.769
FD10858	257.125 	 28.346 	 220.770
FD10858	257.250 	 28.347 	 220.769
FD10858	257.375 	 28.345 	 220.772
FD10858	257.500 	 28.345 	 220.767
FD10858	257.625 	 28.345 	 220.772
FD10858	257.750 	 28.344 	 220.769
FD10858	257.875 	 28.348 	 220.767
FD10858	258.000 	 28.345 	 220.772
FD10858	258.125 	 28.344 	 220.769
FD10858	258.250 	 28.346 	 220.770
FD10858	258.375 	 28.344 	 220.769
FD10858	258.500 	 28.345 	 220.772
FD10858	258.625 	 28.348 	 220.767
FD10858	258.750 	 28.345 	 220.772
FD10858	258.875 	 28.344 	 220.769
FD10858	259.000 	 28.346 	 220.770
FD10858	259.125 	 28.344 	 220.769
FD10858	259.250 	 28.348 	 220.772
FD10858	259.375 	 28.345 	 220.767
FD10858	259.500 	 28.345 	 220.772
FD10858	259.625 	 28.344 	 220.769
FD10858	259.750 	 28.346 	 220.770
FD10858	259.875 	 28.344 	 220.769
FD10858	260.000 	 28.348 	 220.772
FD10858	260.125 	 0.000 	 90.000
FD10858	260.250 	 0.000 	 90.000
FD10858	260.375 	 0.000 	 90.000
FD10858	260.500 	 0.000 	 90.000
FD10858	260.625 	 0.000 	 90.000
FD10858	260.750 	 0.000 	 90.000
FD10858	260.875 	 0.000 	 90.000
FD10858	261.000 	 0.000 	 90.000
FD10858	261.125 	 0.000 	 90.000
FD10858	261.250 	 0.000 	 90.000
FD10858	261.375 	 0.000 	 90.000
FD10858	261.500 	 0.000 	 90.000
FD10858	261.625 	 0.000 	 90.000
FD10858	261.750 	 0.000 	 90.000
FD10858	261.875 	 0.000 	 90.000
FD10858	262.000 	 0.000 	 90.000
FD10858	262.125 	 0.000 	 90.000
FD10858	262.250 	 0.000 	 90.000
FD10858	262.375 	 0.000 	 90.000
FD10858	262.500 	 0.000 	 90.000
FD10858	262.625 	 0.000 	 90.000
FD10858	262.750 	 0.000 	 90.000
FD10858	262.875 	 0.000 	 90.000
FD10858	263.000 	 0.000 	 90.000
FD10858	263.125 	 0.000 	 90.000
FD10858	263.250 	 0.000 	 90.000
FD10858	263.375 	 0.000 	 90.000
FD10858	263.500 	 0.000 	 90.000
FD10858	263.625 	 0.000 	 90.000
FD10858	263.750 	 0.000 	 90.000
FD10858	263.875 	 0.000 	 90.000
FD10858	264.000 	 0.000 	 90.000
FD10858	264.125 	 0.000 	 90.000
FD10858	264.250 	 0.000 	 90.000
FD10858	264.375 	 0.000 	 90.000
FD10858	264.500 	 0.000 	 90.000
FD10858	264.625 	 0.000 	 90.000
FD10858	264.750 	 0.000 	 90.000
FD10858	264.875 	 0.000 	 90.000
FD10858	265.000 	 0.000 	 90.000
FD10858	265.125 	 0.000 	 90.000
FD10858	265.250 	 0.000 	 90.000
FD10858	265.375 	 0.000 	 90.000
FD10858	265.500 	 0.000 	 90.000
FD10858	265.625 	 0.000 	 90.000
FD10858	265.750 	 0.000 	 90.000
FD10858	265.875 	 0.000 	 90.000
FD10858	266.000 	 0.000 	 90.000
FD10858	266.125 	 0.000 	 90.000
FD10858	266.250 	 0.000 	 90.000
FD10858	266.375 	 0.000 	 90.000
FD10858	266.500 	 0.000 	 90.000
FD10858	266.625 	 0.000 	 90.000
FD10858	266.750 	 0.000 	 90.000
FD10858	266.875 	 0.000 	 90.000
FD10858	267.000 	 0.000 	 90.000
FD10858	267.125 	 0.000 	 90.000
FD10858	267.250 	 0.000 	 90.000
FD10858	267.375 	 0.000 	 90.000
FD10858	267.500 	 0.000 	 90.000
FD10858	267.625 	 0.000 	 90.000
FD10858	267.750 	 0.000 	 90.000
FD10858	267.875 	 0.000 	 90.000
FD10858	268.000 	 0.000 	 90.000
FD10858	268.125 	 0.000 	 90.000
FD10858	268.250 	 0.000 	 90.000
FD10858	268.375 	 0.000 	 90.000
FD10858	268.500 	 0.000 	 90.000
FD10858	268.625 	 0.000 	 90.000
FD10858	268.750 	 0.000 	 90.000
FD10858	268.875 	 0.000 	 90.000
FD10858	269.000 	 0.000 	 90.000
FD10858	269.125 	 0.000 	 90.000
FD10858	269.250 	 0.000 	 90.000
FD10858	269.375 	 0.000 	 90.000
FD10858	269.500 	 0.000 	 90.000
FD10858	269.625 	 0.000 	 90.000
FD10858	269.750 	 0.000 	 90.000
FD10858	269.875 	 0.000 	 90.000
FD10858	270.000 	 0.000 	 90.000
