#WellName	 Depth.M	 INCL	 AZIM 
WellName	 Depth.M	 INCL	 AZIM 
FD10800	0.000 	 0.000 	 0.000
FD10800	0.125 	 0.000 	 90.000
FD10800	0.250 	 0.000 	 90.000
FD10800	0.375 	 0.000 	 90.000
FD10800	0.500 	 0.000 	 90.000
FD10800	0.625 	 0.000 	 90.000
FD10800	0.750 	 0.000 	 90.000
FD10800	0.875 	 0.000 	 90.000
FD10800	1.000 	 0.000 	 90.000
FD10800	1.125 	 0.000 	 90.000
FD10800	1.250 	 0.000 	 90.000
FD10800	1.375 	 0.000 	 90.000
FD10800	1.500 	 0.000 	 90.000
FD10800	1.625 	 0.000 	 90.000
FD10800	1.750 	 0.000 	 90.000
FD10800	1.875 	 0.000 	 90.000
FD10800	2.000 	 0.000 	 90.000
FD10800	2.125 	 0.000 	 90.000
FD10800	2.250 	 0.000 	 90.000
FD10800	2.375 	 0.000 	 90.000
FD10800	2.500 	 0.000 	 90.000
FD10800	2.625 	 0.000 	 90.000
FD10800	2.750 	 0.000 	 90.000
FD10800	2.875 	 0.000 	 90.000
FD10800	3.000 	 0.000 	 90.000
FD10800	3.125 	 0.000 	 90.000
FD10800	3.250 	 0.000 	 90.000
FD10800	3.375 	 0.000 	 90.000
FD10800	3.500 	 0.000 	 90.000
FD10800	3.625 	 0.000 	 90.000
FD10800	3.750 	 0.000 	 90.000
FD10800	3.875 	 0.000 	 90.000
FD10800	4.000 	 0.000 	 90.000
FD10800	4.125 	 0.000 	 90.000
FD10800	4.250 	 0.000 	 90.000
FD10800	4.375 	 0.000 	 90.000
FD10800	4.500 	 0.000 	 90.000
FD10800	4.625 	 0.000 	 90.000
FD10800	4.750 	 0.000 	 90.000
FD10800	4.875 	 0.000 	 90.000
FD10800	5.000 	 0.000 	 90.000
FD10800	5.125 	 0.000 	 90.000
FD10800	5.250 	 0.000 	 90.000
FD10800	5.375 	 0.000 	 90.000
FD10800	5.500 	 0.000 	 90.000
FD10800	5.625 	 0.000 	 90.000
FD10800	5.750 	 0.000 	 90.000
FD10800	5.875 	 0.000 	 90.000
FD10800	6.000 	 0.000 	 90.000
FD10800	6.125 	 0.000 	 90.000
FD10800	6.250 	 0.000 	 90.000
FD10800	6.375 	 0.000 	 90.000
FD10800	6.500 	 0.000 	 90.000
FD10800	6.625 	 0.000 	 90.000
FD10800	6.750 	 0.000 	 90.000
FD10800	6.875 	 0.000 	 90.000
FD10800	7.000 	 0.000 	 90.000
FD10800	7.125 	 0.000 	 90.000
FD10800	7.250 	 0.000 	 90.000
FD10800	7.375 	 0.000 	 90.000
FD10800	7.500 	 0.000 	 90.000
FD10800	7.625 	 0.000 	 90.000
FD10800	7.750 	 0.000 	 90.000
FD10800	7.875 	 0.000 	 90.000
FD10800	8.000 	 0.000 	 90.000
FD10800	8.125 	 0.000 	 90.000
FD10800	8.250 	 0.000 	 90.000
FD10800	8.375 	 0.000 	 90.000
FD10800	8.500 	 0.000 	 90.000
FD10800	8.625 	 0.000 	 90.000
FD10800	8.750 	 0.000 	 90.000
FD10800	8.875 	 0.000 	 90.000
FD10800	9.000 	 0.000 	 90.000
FD10800	9.125 	 0.000 	 90.000
FD10800	9.250 	 0.000 	 90.000
FD10800	9.375 	 0.000 	 90.000
FD10800	9.500 	 0.000 	 90.000
FD10800	9.625 	 0.000 	 90.000
FD10800	9.750 	 0.000 	 90.000
FD10800	9.875 	 0.000 	 90.000
FD10800	10.000 	 0.000 	 90.000
FD10800	10.125 	 0.000 	 90.000
FD10800	10.250 	 0.000 	 90.000
FD10800	10.375 	 0.000 	 90.000
FD10800	10.500 	 0.000 	 90.000
FD10800	10.625 	 0.000 	 90.000
FD10800	10.750 	 0.000 	 90.000
FD10800	10.875 	 0.000 	 90.000
FD10800	11.000 	 0.000 	 90.000
FD10800	11.125 	 0.000 	 90.000
FD10800	11.250 	 0.000 	 90.000
FD10800	11.375 	 0.000 	 90.000
FD10800	11.500 	 0.000 	 90.000
FD10800	11.625 	 0.000 	 90.000
FD10800	11.750 	 0.000 	 90.000
FD10800	11.875 	 0.000 	 90.000
FD10800	12.000 	 0.000 	 90.000
FD10800	12.125 	 0.000 	 90.000
FD10800	12.250 	 0.000 	 90.000
FD10800	12.375 	 0.000 	 90.000
FD10800	12.500 	 0.000 	 90.000
FD10800	12.625 	 0.000 	 90.000
FD10800	12.750 	 0.000 	 90.000
FD10800	12.875 	 0.000 	 90.000
FD10800	13.000 	 0.000 	 90.000
FD10800	13.125 	 0.000 	 90.000
FD10800	13.250 	 0.000 	 90.000
FD10800	13.375 	 0.000 	 90.000
FD10800	13.500 	 0.000 	 90.000
FD10800	13.625 	 0.000 	 90.000
FD10800	13.750 	 0.000 	 90.000
FD10800	13.875 	 0.000 	 90.000
FD10800	14.000 	 0.000 	 90.000
FD10800	14.125 	 0.000 	 90.000
FD10800	14.250 	 0.000 	 90.000
FD10800	14.375 	 0.000 	 90.000
FD10800	14.500 	 0.000 	 90.000
FD10800	14.625 	 0.000 	 90.000
FD10800	14.750 	 0.000 	 90.000
FD10800	14.875 	 0.000 	 90.000
FD10800	15.000 	 0.000 	 90.000
FD10800	15.125 	 0.000 	 90.000
FD10800	15.250 	 0.000 	 90.000
FD10800	15.375 	 0.000 	 90.000
FD10800	15.500 	 0.000 	 90.000
FD10800	15.625 	 0.000 	 90.000
FD10800	15.750 	 0.000 	 90.000
FD10800	15.875 	 0.000 	 90.000
FD10800	16.000 	 0.000 	 90.000
FD10800	16.125 	 0.000 	 90.000
FD10800	16.250 	 0.000 	 90.000
FD10800	16.375 	 0.000 	 90.000
FD10800	16.500 	 0.000 	 90.000
FD10800	16.625 	 0.000 	 90.000
FD10800	16.750 	 0.000 	 90.000
FD10800	16.875 	 0.000 	 90.000
FD10800	17.000 	 0.000 	 90.000
FD10800	17.125 	 0.000 	 90.000
FD10800	17.250 	 0.000 	 90.000
FD10800	17.375 	 0.000 	 90.000
FD10800	17.500 	 0.000 	 90.000
FD10800	17.625 	 0.000 	 90.000
FD10800	17.750 	 0.000 	 90.000
FD10800	17.875 	 0.000 	 90.000
FD10800	18.000 	 0.000 	 90.000
FD10800	18.125 	 0.000 	 90.000
FD10800	18.250 	 0.000 	 90.000
FD10800	18.375 	 0.000 	 90.000
FD10800	18.500 	 0.000 	 90.000
FD10800	18.625 	 0.000 	 90.000
FD10800	18.750 	 0.000 	 90.000
FD10800	18.875 	 0.000 	 90.000
FD10800	19.000 	 0.000 	 90.000
FD10800	19.125 	 0.000 	 90.000
FD10800	19.250 	 0.000 	 90.000
FD10800	19.375 	 0.000 	 90.000
FD10800	19.500 	 0.000 	 90.000
FD10800	19.625 	 0.000 	 90.000
FD10800	19.750 	 0.000 	 90.000
FD10800	19.875 	 0.000 	 90.000
FD10800	20.000 	 0.000 	 90.000
FD10800	20.125 	 0.000 	 90.000
FD10800	20.250 	 0.000 	 90.000
FD10800	20.375 	 0.000 	 90.000
FD10800	20.500 	 0.000 	 90.000
FD10800	20.625 	 0.000 	 90.000
FD10800	20.750 	 0.000 	 90.000
FD10800	20.875 	 0.000 	 90.000
FD10800	21.000 	 0.000 	 90.000
FD10800	21.125 	 0.000 	 90.000
FD10800	21.250 	 0.000 	 90.000
FD10800	21.375 	 0.000 	 90.000
FD10800	21.500 	 0.000 	 90.000
FD10800	21.625 	 0.000 	 90.000
FD10800	21.750 	 0.000 	 90.000
FD10800	21.875 	 0.000 	 90.000
FD10800	22.000 	 0.000 	 90.000
FD10800	22.125 	 0.000 	 90.000
FD10800	22.250 	 0.000 	 90.000
FD10800	22.375 	 0.000 	 90.000
FD10800	22.500 	 0.000 	 90.000
FD10800	22.625 	 0.000 	 90.000
FD10800	22.750 	 0.000 	 90.000
FD10800	22.875 	 0.000 	 90.000
FD10800	23.000 	 0.000 	 90.000
FD10800	23.125 	 0.000 	 90.000
FD10800	23.250 	 0.000 	 90.000
FD10800	23.375 	 0.000 	 90.000
FD10800	23.500 	 0.000 	 90.000
FD10800	23.625 	 0.000 	 90.000
FD10800	23.750 	 0.000 	 90.000
FD10800	23.875 	 0.000 	 90.000
FD10800	24.000 	 0.000 	 90.000
FD10800	24.125 	 0.000 	 90.000
FD10800	24.250 	 0.000 	 90.000
FD10800	24.375 	 0.000 	 90.000
FD10800	24.500 	 0.000 	 90.000
FD10800	24.625 	 0.000 	 90.000
FD10800	24.750 	 0.000 	 90.000
FD10800	24.875 	 0.000 	 90.000
FD10800	25.000 	 0.000 	 90.000
FD10800	25.125 	 0.000 	 90.000
FD10800	25.250 	 0.000 	 90.000
FD10800	25.375 	 0.000 	 90.000
FD10800	25.500 	 0.000 	 90.000
FD10800	25.625 	 0.000 	 90.000
FD10800	25.750 	 0.000 	 90.000
FD10800	25.875 	 0.000 	 90.000
FD10800	26.000 	 0.000 	 90.000
FD10800	26.125 	 0.000 	 90.000
FD10800	26.250 	 0.000 	 90.000
FD10800	26.375 	 0.000 	 90.000
FD10800	26.500 	 0.000 	 90.000
FD10800	26.625 	 0.000 	 90.000
FD10800	26.750 	 0.000 	 90.000
FD10800	26.875 	 0.000 	 90.000
FD10800	27.000 	 0.000 	 90.000
FD10800	27.125 	 0.000 	 90.000
FD10800	27.250 	 0.000 	 90.000
FD10800	27.375 	 0.000 	 90.000
FD10800	27.500 	 0.000 	 90.000
FD10800	27.625 	 0.000 	 90.000
FD10800	27.750 	 0.000 	 90.000
FD10800	27.875 	 0.000 	 90.000
FD10800	28.000 	 0.000 	 90.000
FD10800	28.125 	 0.000 	 90.000
FD10800	28.250 	 0.000 	 90.000
FD10800	28.375 	 0.000 	 90.000
FD10800	28.500 	 0.000 	 90.000
FD10800	28.625 	 0.000 	 90.000
FD10800	28.750 	 0.000 	 90.000
FD10800	28.875 	 0.000 	 90.000
FD10800	29.000 	 0.000 	 90.000
FD10800	29.125 	 0.000 	 90.000
FD10800	29.250 	 0.000 	 90.000
FD10800	29.375 	 0.000 	 90.000
FD10800	29.500 	 0.000 	 90.000
FD10800	29.625 	 0.000 	 90.000
FD10800	29.750 	 0.000 	 90.000
FD10800	29.875 	 0.000 	 90.000
FD10800	30.000 	 0.000 	 90.000
FD10800	30.125 	 0.878 	 180.000
FD10800	30.250 	 0.879 	 180.000
FD10800	30.375 	 0.880 	 183.659
FD10800	30.500 	 0.881 	 184.307
FD10800	30.625 	 0.882 	 184.985
FD10800	30.750 	 0.884 	 185.713
FD10800	30.875 	 0.886 	 186.268
FD10800	31.000 	 0.886 	 186.131
FD10800	31.125 	 0.888 	 185.949
FD10800	31.250 	 0.889 	 186.460
FD10800	31.375 	 0.890 	 187.355
FD10800	31.500 	 0.892 	 188.114
FD10800	31.625 	 0.893 	 188.833
FD10800	31.750 	 0.895 	 189.429
FD10800	31.875 	 0.897 	 190.052
FD10800	32.000 	 0.898 	 190.685
FD10800	32.125 	 0.900 	 191.478
FD10800	32.250 	 0.901 	 192.380
FD10800	32.375 	 0.903 	 193.387
FD10800	32.500 	 0.905 	 194.263
FD10800	32.625 	 0.906 	 195.219
FD10800	32.750 	 0.908 	 196.062
FD10800	32.875 	 0.910 	 196.982
FD10800	33.000 	 0.910 	 197.947
FD10800	33.125 	 0.911 	 199.176
FD10800	33.250 	 0.912 	 200.442
FD10800	33.375 	 0.913 	 201.902
FD10800	33.500 	 0.914 	 203.452
FD10800	33.625 	 0.915 	 205.214
FD10800	33.750 	 0.915 	 206.654
FD10800	33.875 	 0.916 	 208.029
FD10800	34.000 	 0.916 	 209.237
FD10800	34.125 	 0.917 	 210.550
FD10800	34.250 	 0.917 	 211.964
FD10800	34.375 	 0.917 	 213.665
FD10800	34.500 	 0.918 	 215.089
FD10800	34.625 	 0.918 	 216.480
FD10800	34.750 	 0.919 	 217.703
FD10800	34.875 	 0.919 	 219.092
FD10800	35.000 	 0.921 	 220.584
FD10800	35.125 	 0.922 	 222.380
FD10800	35.250 	 0.924 	 223.951
FD10800	35.375 	 0.926 	 225.407
FD10800	35.500 	 0.928 	 226.545
FD10800	35.625 	 0.930 	 227.736
FD10800	35.750 	 0.932 	 229.102
FD10800	35.875 	 0.935 	 230.263
FD10800	36.000 	 0.937 	 230.658
FD10800	36.125 	 0.941 	 230.686
FD10800	36.250 	 0.945 	 231.239
FD10800	36.375 	 0.949 	 232.924
FD10800	36.500 	 0.953 	 234.743
FD10800	36.625 	 0.958 	 236.553
FD10800	36.750 	 0.963 	 237.628
FD10800	36.875 	 0.969 	 238.346
FD10800	37.000 	 0.973 	 239.326
FD10800	37.125 	 0.977 	 240.768
FD10800	37.250 	 0.982 	 242.150
FD10800	37.375 	 0.987 	 243.740
FD10800	37.500 	 0.991 	 245.375
FD10800	37.625 	 0.996 	 247.129
FD10800	37.750 	 1.000 	 248.606
FD10800	37.875 	 1.004 	 249.868
FD10800	38.000 	 1.008 	 250.617
FD10800	38.125 	 1.012 	 251.359
FD10800	38.250 	 1.014 	 251.950
FD10800	38.375 	 1.018 	 252.342
FD10800	38.500 	 1.020 	 252.564
FD10800	38.625 	 1.022 	 252.653
FD10800	38.750 	 1.025 	 252.268
FD10800	38.875 	 1.027 	 251.697
FD10800	39.000 	 1.029 	 251.554
FD10800	39.125 	 1.032 	 251.502
FD10800	39.250 	 1.034 	 251.476
FD10800	39.375 	 1.038 	 251.614
FD10800	39.500 	 1.040 	 251.440
FD10800	39.625 	 1.044 	 250.856
FD10800	39.750 	 1.047 	 250.788
FD10800	39.875 	 1.051 	 251.645
FD10800	40.000 	 1.055 	 252.752
FD10800	40.125 	 1.059 	 253.630
FD10800	40.250 	 1.063 	 254.184
FD10800	40.375 	 1.068 	 254.724
FD10800	40.500 	 1.072 	 255.209
FD10800	40.625 	 1.076 	 255.734
FD10800	40.750 	 1.080 	 256.499
FD10800	40.875 	 1.084 	 257.443
FD10800	41.000 	 1.087 	 258.191
FD10800	41.125 	 1.090 	 258.942
FD10800	41.250 	 1.093 	 259.575
FD10800	41.375 	 1.095 	 260.297
FD10800	41.500 	 1.097 	 260.971
FD10800	41.625 	 1.098 	 261.659
FD10800	41.750 	 1.100 	 262.312
FD10800	41.875 	 1.102 	 263.037
FD10800	42.000 	 1.102 	 263.718
FD10800	42.125 	 1.104 	 264.468
FD10800	42.250 	 1.104 	 265.180
FD10800	42.375 	 1.106 	 265.937
FD10800	42.500 	 1.107 	 266.539
FD10800	42.625 	 1.109 	 267.086
FD10800	42.750 	 1.110 	 267.381
FD10800	42.875 	 1.112 	 267.520
FD10800	43.000 	 1.115 	 267.631
FD10800	43.125 	 1.120 	 267.767
FD10800	43.250 	 1.124 	 268.099
FD10800	43.375 	 1.130 	 268.734
FD10800	43.500 	 1.135 	 269.435
FD10800	43.625 	 1.142 	 270.143
FD10800	43.750 	 1.148 	 270.686
FD10800	43.875 	 1.155 	 271.269
FD10800	44.000 	 1.161 	 271.702
FD10800	44.125 	 1.169 	 272.054
FD10800	44.250 	 1.175 	 272.339
FD10800	44.375 	 1.183 	 272.494
FD10800	44.500 	 1.190 	 272.478
FD10800	44.625 	 1.198 	 272.502
FD10800	44.750 	 1.205 	 272.787
FD10800	44.875 	 1.212 	 273.219
FD10800	45.000 	 1.218 	 273.630
FD10800	45.125 	 1.223 	 274.150
FD10800	45.250 	 1.227 	 274.519
FD10800	45.375 	 1.231 	 274.598
FD10800	45.500 	 1.233 	 274.286
FD10800	45.625 	 1.235 	 273.688
FD10800	45.750 	 1.235 	 273.066
FD10800	45.875 	 1.236 	 272.329
FD10800	46.000 	 1.236 	 271.839
FD10800	46.125 	 1.235 	 271.846
FD10800	46.250 	 1.233 	 272.273
FD10800	46.375 	 1.230 	 272.338
FD10800	46.500 	 1.228 	 271.868
FD10800	46.625 	 1.224 	 271.533
FD10800	46.750 	 1.220 	 271.342
FD10800	46.875 	 1.215 	 271.073
FD10800	47.000 	 1.211 	 271.011
FD10800	47.125 	 1.207 	 271.083
FD10800	47.250 	 1.204 	 271.246
FD10800	47.375 	 1.201 	 271.467
FD10800	47.500 	 1.198 	 271.651
FD10800	47.625 	 1.194 	 271.508
FD10800	47.750 	 1.192 	 270.938
FD10800	47.875 	 1.190 	 270.450
FD10800	48.000 	 1.187 	 270.055
FD10800	48.125 	 1.183 	 269.459
FD10800	48.250 	 1.181 	 268.885
FD10800	48.375 	 1.178 	 268.322
FD10800	48.500 	 1.176 	 267.789
FD10800	48.625 	 1.174 	 267.182
FD10800	48.750 	 1.173 	 266.629
FD10800	48.875 	 1.171 	 266.001
FD10800	49.000 	 1.169 	 265.442
FD10800	49.125 	 1.168 	 264.831
FD10800	49.250 	 1.167 	 264.193
FD10800	49.375 	 1.165 	 263.683
FD10800	49.500 	 1.165 	 263.172
FD10800	49.625 	 1.165 	 262.392
FD10800	49.750 	 1.165 	 261.649
FD10800	49.875 	 1.166 	 260.889
FD10800	50.000 	 1.167 	 260.204
FD10800	50.125 	 1.169 	 259.454
FD10800	50.250 	 1.172 	 258.815
FD10800	50.375 	 1.175 	 258.162
FD10800	50.500 	 1.177 	 257.392
FD10800	50.625 	 1.181 	 256.344
FD10800	50.750 	 1.183 	 255.347
FD10800	50.875 	 1.187 	 254.281
FD10800	51.000 	 1.191 	 253.385
FD10800	51.125 	 1.195 	 252.567
FD10800	51.250 	 1.198 	 251.908
FD10800	51.375 	 1.202 	 251.186
FD10800	51.500 	 1.205 	 250.580
FD10800	51.625 	 1.209 	 249.961
FD10800	51.750 	 1.212 	 249.397
FD10800	51.875 	 1.215 	 248.852
FD10800	52.000 	 1.219 	 248.356
FD10800	52.125 	 1.223 	 247.829
FD10800	52.250 	 1.225 	 247.350
FD10800	52.375 	 1.229 	 246.797
FD10800	52.500 	 1.232 	 246.254
FD10800	52.625 	 1.236 	 245.643
FD10800	52.750 	 1.240 	 245.090
FD10800	52.875 	 1.244 	 244.492
FD10800	53.000 	 1.247 	 243.865
FD10800	53.125 	 1.250 	 243.136
FD10800	53.250 	 1.253 	 242.460
FD10800	53.375 	 1.256 	 241.727
FD10800	53.500 	 1.259 	 241.052
FD10800	53.625 	 1.261 	 240.257
FD10800	53.750 	 1.263 	 239.450
FD10800	53.875 	 1.266 	 238.527
FD10800	54.000 	 1.267 	 237.725
FD10800	54.125 	 1.269 	 237.055
FD10800	54.250 	 1.271 	 236.702
FD10800	54.375 	 1.273 	 236.283
FD10800	54.500 	 1.275 	 235.592
FD10800	54.625 	 1.277 	 234.797
FD10800	54.750 	 1.278 	 234.106
FD10800	54.875 	 1.279 	 233.369
FD10800	55.000 	 1.281 	 232.815
FD10800	55.125 	 1.283 	 232.348
FD10800	55.250 	 1.283 	 231.947
FD10800	55.375 	 1.285 	 231.546
FD10800	55.500 	 1.286 	 231.192
FD10800	55.625 	 1.288 	 231.215
FD10800	55.750 	 1.290 	 231.711
FD10800	55.875 	 1.292 	 232.259
FD10800	56.000 	 1.294 	 232.744
FD10800	56.125 	 1.296 	 233.248
FD10800	56.250 	 1.298 	 233.701
FD10800	56.375 	 1.301 	 234.209
FD10800	56.500 	 1.303 	 234.626
FD10800	56.625 	 1.306 	 235.072
FD10800	56.750 	 1.308 	 235.541
FD10800	56.875 	 1.311 	 236.036
FD10800	57.000 	 1.313 	 236.526
FD10800	57.125 	 1.316 	 237.096
FD10800	57.250 	 1.318 	 237.608
FD10800	57.375 	 1.320 	 238.156
FD10800	57.500 	 1.321 	 238.678
FD10800	57.625 	 1.322 	 239.274
FD10800	57.750 	 1.322 	 239.833
FD10800	57.875 	 1.322 	 240.482
FD10800	58.000 	 1.320 	 241.068
FD10800	58.125 	 1.318 	 241.677
FD10800	58.250 	 1.316 	 242.242
FD10800	58.375 	 1.312 	 242.842
FD10800	58.500 	 1.308 	 243.443
FD10800	58.625 	 1.302 	 244.089
FD10800	58.750 	 1.296 	 244.674
FD10800	58.875 	 1.289 	 245.358
FD10800	59.000 	 1.282 	 246.016
FD10800	59.125 	 1.274 	 246.687
FD10800	59.250 	 1.266 	 247.336
FD10800	59.375 	 1.256 	 248.079
FD10800	59.500 	 1.248 	 248.717
FD10800	59.625 	 1.239 	 249.406
FD10800	59.750 	 1.229 	 250.017
FD10800	59.875 	 1.220 	 250.710
FD10800	60.000 	 1.210 	 251.386
FD10800	60.125 	 1.201 	 252.095
FD10800	60.250 	 1.192 	 252.722
FD10800	60.375 	 1.183 	 253.394
FD10800	60.500 	 1.174 	 254.053
FD10800	60.625 	 1.165 	 254.768
FD10800	60.750 	 1.158 	 255.437
FD10800	60.875 	 1.150 	 256.190
FD10800	61.000 	 1.144 	 256.871
FD10800	61.125 	 1.137 	 257.594
FD10800	61.250 	 1.132 	 258.279
FD10800	61.375 	 1.127 	 259.041
FD10800	61.500 	 1.122 	 259.742
FD10800	61.625 	 1.118 	 260.494
FD10800	61.750 	 1.116 	 261.190
FD10800	61.875 	 1.114 	 261.964
FD10800	62.000 	 1.113 	 262.681
FD10800	62.125 	 1.112 	 263.444
FD10800	62.250 	 1.112 	 264.161
FD10800	62.375 	 1.113 	 264.943
FD10800	62.500 	 1.114 	 265.682
FD10800	62.625 	 1.116 	 266.496
FD10800	62.750 	 1.118 	 267.197
FD10800	62.875 	 1.122 	 267.912
FD10800	63.000 	 1.125 	 268.609
FD10800	63.125 	 1.129 	 269.401
FD10800	63.250 	 1.133 	 270.092
FD10800	63.375 	 1.139 	 270.840
FD10800	63.500 	 1.144 	 271.574
FD10800	63.625 	 1.150 	 272.396
FD10800	63.750 	 1.156 	 273.186
FD10800	63.875 	 1.163 	 274.021
FD10800	64.000 	 1.171 	 274.791
FD10800	64.125 	 1.179 	 275.622
FD10800	64.250 	 1.187 	 276.350
FD10800	64.375 	 1.197 	 277.136
FD10800	64.500 	 1.207 	 277.885
FD10800	64.625 	 1.218 	 278.726
FD10800	64.750 	 1.228 	 279.502
FD10800	64.875 	 1.241 	 280.335
FD10800	65.000 	 1.253 	 281.111
FD10800	65.125 	 1.266 	 281.904
FD10800	65.250 	 1.279 	 282.616
FD10800	65.375 	 1.295 	 283.403
FD10800	65.500 	 1.308 	 284.105
FD10800	65.625 	 1.324 	 284.843
FD10800	65.750 	 1.339 	 285.528
FD10800	65.875 	 1.355 	 286.309
FD10800	66.000 	 1.371 	 287.005
FD10800	66.125 	 1.388 	 287.721
FD10800	66.250 	 1.405 	 288.344
FD10800	66.375 	 1.422 	 289.012
FD10800	66.500 	 1.439 	 289.639
FD10800	66.625 	 1.458 	 290.359
FD10800	66.750 	 1.475 	 290.953
FD10800	66.875 	 1.495 	 291.488
FD10800	67.000 	 1.514 	 292.030
FD10800	67.125 	 1.536 	 292.611
FD10800	67.250 	 1.556 	 293.125
FD10800	67.375 	 1.580 	 293.688
FD10800	67.500 	 1.602 	 294.249
FD10800	67.625 	 1.628 	 294.906
FD10800	67.750 	 1.652 	 295.582
FD10800	67.875 	 1.680 	 296.518
FD10800	68.000 	 1.706 	 297.666
FD10800	68.125 	 1.736 	 298.977
FD10800	68.250 	 1.763 	 300.007
FD10800	68.375 	 1.795 	 300.882
FD10800	68.500 	 1.824 	 301.618
FD10800	68.625 	 1.856 	 302.486
FD10800	68.750 	 1.887 	 303.300
FD10800	68.875 	 1.920 	 304.153
FD10800	69.000 	 1.951 	 305.000
FD10800	69.125 	 1.984 	 306.011
FD10800	69.250 	 2.014 	 306.903
FD10800	69.375 	 2.047 	 307.748
FD10800	69.500 	 2.076 	 308.495
FD10800	69.625 	 2.106 	 309.317
FD10800	69.750 	 2.134 	 310.093
FD10800	69.875 	 2.164 	 310.952
FD10800	70.000 	 2.191 	 311.734
FD10800	70.125 	 2.222 	 312.527
FD10800	70.250 	 2.251 	 313.238
FD10800	70.375 	 2.282 	 313.970
FD10800	70.500 	 2.312 	 314.469
FD10800	70.625 	 2.345 	 314.768
FD10800	70.750 	 2.378 	 314.950
FD10800	70.875 	 2.413 	 315.243
FD10800	71.000 	 2.446 	 315.613
FD10800	71.125 	 2.483 	 316.040
FD10800	71.250 	 2.519 	 316.426
FD10800	71.375 	 2.558 	 316.755
FD10800	71.500 	 2.596 	 316.883
FD10800	71.625 	 2.637 	 316.800
FD10800	71.750 	 2.676 	 316.525
FD10800	71.875 	 2.718 	 316.182
FD10800	72.000 	 2.758 	 315.915
FD10800	72.125 	 2.799 	 315.634
FD10800	72.250 	 2.837 	 315.319
FD10800	72.375 	 2.877 	 315.002
FD10800	72.500 	 2.914 	 314.850
FD10800	72.625 	 2.955 	 314.786
FD10800	72.750 	 2.992 	 314.690
FD10800	72.875 	 3.031 	 314.432
FD10800	73.000 	 3.066 	 314.110
FD10800	73.125 	 3.106 	 313.843
FD10800	73.250 	 3.143 	 313.722
FD10800	73.375 	 3.183 	 313.571
FD10800	73.500 	 3.220 	 313.297
FD10800	73.625 	 3.263 	 312.951
FD10800	73.750 	 3.303 	 312.679
FD10800	73.875 	 3.349 	 312.398
FD10800	74.000 	 3.394 	 312.089
FD10800	74.125 	 3.446 	 311.754
FD10800	74.250 	 3.495 	 311.475
FD10800	74.375 	 3.550 	 311.139
FD10800	74.500 	 3.601 	 310.821
FD10800	74.625 	 3.656 	 310.587
FD10800	74.750 	 3.708 	 310.537
FD10800	74.875 	 3.765 	 310.664
FD10800	75.000 	 3.817 	 310.948
FD10800	75.125 	 3.875 	 311.281
FD10800	75.250 	 3.929 	 311.451
FD10800	75.375 	 3.988 	 311.455
FD10800	75.500 	 4.044 	 311.352
FD10800	75.625 	 4.106 	 311.225
FD10800	75.750 	 4.164 	 311.117
FD10800	75.875 	 4.230 	 311.007
FD10800	76.000 	 4.289 	 310.883
FD10800	76.125 	 4.353 	 310.710
FD10800	76.250 	 4.412 	 310.537
FD10800	76.375 	 4.476 	 310.364
FD10800	76.500 	 4.535 	 310.240
FD10800	76.625 	 4.599 	 310.150
FD10800	76.750 	 4.659 	 310.080
FD10800	76.875 	 4.725 	 309.977
FD10800	77.000 	 4.787 	 309.849
FD10800	77.125 	 4.855 	 309.712
FD10800	77.250 	 4.916 	 309.603
FD10800	77.375 	 4.984 	 309.475
FD10800	77.500 	 5.045 	 309.323
FD10800	77.625 	 5.109 	 309.145
FD10800	77.750 	 5.166 	 309.000
FD10800	77.875 	 5.226 	 308.876
FD10800	78.000 	 5.281 	 308.789
FD10800	78.125 	 5.340 	 308.708
FD10800	78.250 	 5.396 	 308.630
FD10800	78.375 	 5.456 	 308.512
FD10800	78.500 	 5.514 	 308.374
FD10800	78.625 	 5.576 	 308.235
FD10800	78.750 	 5.635 	 308.137
FD10800	78.875 	 5.699 	 308.057
FD10800	79.000 	 5.758 	 307.984
FD10800	79.125 	 5.821 	 307.892
FD10800	79.250 	 5.880 	 307.793
FD10800	79.375 	 5.945 	 307.664
FD10800	79.500 	 6.005 	 307.520
FD10800	79.625 	 6.071 	 307.332
FD10800	79.750 	 6.131 	 307.137
FD10800	79.875 	 6.197 	 306.949
FD10800	80.000 	 6.259 	 306.834
FD10800	80.125 	 6.324 	 306.762
FD10800	80.250 	 6.383 	 306.703
FD10800	80.375 	 6.449 	 306.620
FD10800	80.500 	 6.508 	 306.530
FD10800	80.625 	 6.574 	 306.450
FD10800	80.750 	 6.636 	 306.405
FD10800	80.875 	 6.702 	 306.385
FD10800	81.000 	 6.765 	 306.379
FD10800	81.125 	 6.834 	 306.355
FD10800	81.250 	 6.898 	 306.300
FD10800	81.375 	 6.968 	 306.211
FD10800	81.500 	 7.033 	 306.123
FD10800	81.625 	 7.104 	 306.047
FD10800	81.750 	 7.171 	 306.008
FD10800	81.875 	 7.245 	 305.975
FD10800	82.000 	 7.311 	 305.920
FD10800	82.125 	 7.386 	 305.837
FD10800	82.250 	 7.455 	 305.770
FD10800	82.375 	 7.530 	 305.729
FD10800	82.500 	 7.600 	 305.718
FD10800	82.625 	 7.675 	 305.713
FD10800	82.750 	 7.742 	 305.688
FD10800	82.875 	 7.815 	 305.615
FD10800	83.000 	 7.882 	 305.498
FD10800	83.125 	 7.955 	 305.340
FD10800	83.250 	 8.023 	 305.183
FD10800	83.375 	 8.094 	 305.035
FD10800	83.500 	 8.161 	 304.933
FD10800	83.625 	 8.235 	 304.842
FD10800	83.750 	 8.301 	 304.761
FD10800	83.875 	 8.376 	 304.685
FD10800	84.000 	 8.445 	 304.646
FD10800	84.125 	 8.519 	 304.633
FD10800	84.250 	 8.588 	 304.640
FD10800	84.375 	 8.662 	 304.655
FD10800	84.500 	 8.727 	 304.659
FD10800	84.625 	 8.801 	 304.640
FD10800	84.750 	 8.867 	 304.602
FD10800	84.875 	 8.939 	 304.532
FD10800	85.000 	 9.004 	 304.444
FD10800	85.125 	 9.074 	 304.353
FD10800	85.250 	 9.139 	 304.283
FD10800	85.375 	 9.208 	 304.196
FD10800	85.500 	 9.270 	 304.097
FD10800	85.625 	 9.336 	 303.992
FD10800	85.750 	 9.397 	 303.928
FD10800	85.875 	 9.459 	 303.905
FD10800	86.000 	 9.517 	 303.906
FD10800	86.125 	 9.579 	 303.898
FD10800	86.250 	 9.639 	 303.864
FD10800	86.375 	 9.705 	 303.793
FD10800	86.500 	 9.767 	 303.712
FD10800	86.625 	 9.835 	 303.638
FD10800	86.750 	 9.902 	 303.572
FD10800	86.875 	 9.974 	 303.478
FD10800	87.000 	 10.042 	 303.367
FD10800	87.125 	 10.116 	 303.235
FD10800	87.250 	 10.186 	 303.114
FD10800	87.375 	 10.260 	 302.994
FD10800	87.500 	 10.329 	 302.903
FD10800	87.625 	 10.405 	 302.813
FD10800	87.750 	 10.477 	 302.717
FD10800	87.875 	 10.554 	 302.607
FD10800	88.000 	 10.625 	 302.523
FD10800	88.125 	 10.700 	 302.456
FD10800	88.250 	 10.767 	 302.395
FD10800	88.375 	 10.839 	 302.319
FD10800	88.500 	 10.904 	 302.262
FD10800	88.625 	 10.973 	 302.251
FD10800	88.750 	 11.034 	 302.294
FD10800	88.875 	 11.100 	 302.358
FD10800	89.000 	 11.157 	 302.383
FD10800	89.125 	 11.219 	 302.349
FD10800	89.250 	 11.275 	 302.258
FD10800	89.375 	 11.334 	 302.138
FD10800	89.500 	 11.389 	 302.043
FD10800	89.625 	 11.448 	 301.964
FD10800	89.750 	 11.502 	 301.886
FD10800	89.875 	 11.561 	 301.770
FD10800	90.000 	 11.615 	 301.636
FD10800	90.125 	 11.676 	 301.477
FD10800	90.250 	 11.733 	 301.320
FD10800	90.375 	 11.793 	 301.149
FD10800	90.500 	 11.852 	 301.006
FD10800	90.625 	 11.915 	 300.867
FD10800	90.750 	 11.974 	 300.763
FD10800	90.875 	 12.039 	 300.683
FD10800	91.000 	 12.098 	 300.621
FD10800	91.125 	 12.165 	 300.528
FD10800	91.250 	 12.228 	 300.416
FD10800	91.375 	 12.296 	 300.296
FD10800	91.500 	 12.360 	 300.188
FD10800	91.625 	 12.431 	 300.073
FD10800	91.750 	 12.497 	 299.973
FD10800	91.875 	 12.568 	 299.864
FD10800	92.000 	 12.635 	 299.764
FD10800	92.125 	 12.709 	 299.665
FD10800	92.250 	 12.776 	 299.597
FD10800	92.375 	 12.852 	 299.558
FD10800	92.500 	 12.922 	 299.551
FD10800	92.625 	 12.996 	 299.546
FD10800	92.750 	 13.067 	 299.529
FD10800	92.875 	 13.140 	 299.515
FD10800	93.000 	 13.211 	 299.528
FD10800	93.125 	 13.286 	 299.537
FD10800	93.250 	 13.358 	 299.492
FD10800	93.375 	 13.434 	 299.397
FD10800	93.500 	 13.505 	 299.305
FD10800	93.625 	 13.580 	 299.225
FD10800	93.750 	 13.650 	 299.173
FD10800	93.875 	 13.726 	 299.129
FD10800	94.000 	 13.796 	 299.097
FD10800	94.125 	 13.873 	 299.043
FD10800	94.250 	 13.942 	 298.949
FD10800	94.375 	 14.017 	 298.802
FD10800	94.500 	 14.086 	 298.649
FD10800	94.625 	 14.158 	 298.496
FD10800	94.750 	 14.227 	 298.372
FD10800	94.875 	 14.301 	 298.257
FD10800	95.000 	 14.370 	 298.163
FD10800	95.125 	 14.446 	 298.043
FD10800	95.250 	 14.515 	 297.902
FD10800	95.375 	 14.588 	 297.764
FD10800	95.500 	 14.656 	 297.716
FD10800	95.625 	 14.729 	 297.808
FD10800	95.750 	 14.797 	 298.018
FD10800	95.875 	 14.869 	 298.302
FD10800	96.000 	 14.934 	 298.515
FD10800	96.125 	 15.005 	 298.549
FD10800	96.250 	 15.070 	 298.361
FD10800	96.375 	 15.141 	 298.024
FD10800	96.500 	 15.207 	 297.751
FD10800	96.625 	 15.277 	 297.608
FD10800	96.750 	 15.342 	 297.544
FD10800	96.875 	 15.412 	 297.378
FD10800	97.000 	 15.476 	 297.032
FD10800	97.125 	 15.542 	 296.511
FD10800	97.250 	 15.602 	 296.019
FD10800	97.375 	 15.670 	 295.606
FD10800	97.500 	 15.728 	 295.351
FD10800	97.625 	 15.795 	 295.147
FD10800	97.750 	 15.859 	 295.049
FD10800	97.875 	 15.928 	 294.962
FD10800	98.000 	 15.995 	 294.763
FD10800	98.125 	 16.069 	 294.433
FD10800	98.250 	 16.138 	 294.135
FD10800	98.375 	 16.212 	 293.909
FD10800	98.500 	 16.278 	 293.685
FD10800	98.625 	 16.351 	 293.668
FD10800	98.750 	 16.416 	 293.705
FD10800	98.875 	 16.487 	 293.478
FD10800	99.000 	 16.550 	 293.378
FD10800	99.125 	 16.620 	 293.339
FD10800	99.250 	 16.685 	 293.206
FD10800	99.375 	 16.755 	 293.099
FD10800	99.500 	 16.821 	 293.083
FD10800	99.625 	 16.893 	 293.012
FD10800	99.750 	 16.959 	 293.017
FD10800	99.875 	 17.029 	 292.929
FD10800	100.000 	 17.093 	 292.776
FD10800	100.125 	 17.158 	 292.677
FD10800	100.250 	 17.218 	 292.597
FD10800	100.375 	 17.282 	 292.498
FD10800	100.500 	 17.344 	 292.355
FD10800	100.625 	 17.407 	 292.223
FD10800	100.750 	 17.469 	 292.134
FD10800	100.875 	 17.535 	 292.113
FD10800	101.000 	 17.598 	 292.098
FD10800	101.125 	 17.665 	 292.064
FD10800	101.250 	 17.728 	 292.001
FD10800	101.375 	 17.797 	 291.968
FD10800	101.500 	 17.858 	 291.963
FD10800	101.625 	 17.926 	 291.946
FD10800	101.750 	 17.988 	 291.845
FD10800	101.875 	 18.054 	 291.767
FD10800	102.000 	 18.113 	 291.825
FD10800	102.125 	 18.179 	 291.663
FD10800	102.250 	 18.238 	 291.294
FD10800	102.375 	 18.302 	 291.078
FD10800	102.500 	 18.361 	 291.194
FD10800	102.625 	 18.425 	 291.273
FD10800	102.750 	 18.485 	 291.299
FD10800	102.875 	 18.552 	 291.330
FD10800	103.000 	 18.613 	 291.352
FD10800	103.125 	 18.682 	 291.338
FD10800	103.250 	 18.747 	 291.233
FD10800	103.375 	 18.819 	 291.105
FD10800	103.500 	 18.884 	 290.984
FD10800	103.625 	 18.953 	 290.946
FD10800	103.750 	 19.017 	 290.936
FD10800	103.875 	 19.089 	 290.929
FD10800	104.000 	 19.157 	 290.919
FD10800	104.125 	 19.229 	 290.930
FD10800	104.250 	 19.302 	 290.908
FD10800	104.375 	 19.378 	 290.891
FD10800	104.500 	 19.451 	 291.039
FD10800	104.625 	 19.530 	 291.135
FD10800	104.750 	 19.604 	 290.967
FD10800	104.875 	 19.682 	 290.781
FD10800	105.000 	 19.752 	 290.776
FD10800	105.125 	 19.828 	 290.880
FD10800	105.250 	 19.897 	 290.885
FD10800	105.375 	 19.971 	 290.872
FD10800	105.500 	 20.040 	 290.920
FD10800	105.625 	 20.115 	 290.941
FD10800	105.750 	 20.187 	 290.967
FD10800	105.875 	 20.261 	 291.009
FD10800	106.000 	 20.330 	 291.099
FD10800	106.125 	 20.403 	 291.174
FD10800	106.250 	 20.470 	 291.132
FD10800	106.375 	 20.539 	 291.130
FD10800	106.500 	 20.605 	 291.109
FD10800	106.625 	 20.674 	 290.951
FD10800	106.750 	 20.738 	 290.809
FD10800	106.875 	 20.807 	 290.759
FD10800	107.000 	 20.872 	 290.748
FD10800	107.125 	 20.944 	 290.690
FD10800	107.250 	 21.009 	 290.664
FD10800	107.375 	 21.079 	 290.696
FD10800	107.500 	 21.146 	 290.685
FD10800	107.625 	 21.215 	 290.649
FD10800	107.750 	 21.281 	 290.638
FD10800	107.875 	 21.351 	 290.558
FD10800	108.000 	 21.415 	 290.501
FD10800	108.125 	 21.485 	 290.449
FD10800	108.250 	 21.552 	 290.428
FD10800	108.375 	 21.622 	 290.353
FD10800	108.500 	 21.686 	 290.284
FD10800	108.625 	 21.756 	 290.304
FD10800	108.750 	 21.820 	 290.240
FD10800	108.875 	 21.890 	 290.142
FD10800	109.000 	 21.949 	 290.598
FD10800	109.125 	 22.017 	 291.127
FD10800	109.250 	 22.076 	 291.127
FD10800	109.375 	 22.142 	 291.127
FD10800	109.500 	 22.198 	 291.127
FD10800	109.625 	 22.259 	 291.127
FD10800	109.750 	 22.317 	 290.611
FD10800	109.875 	 22.375 	 290.051
FD10800	110.000 	 22.425 	 290.051
FD10800	110.125 	 22.481 	 290.051
FD10800	110.250 	 22.531 	 290.051
FD10800	110.375 	 22.582 	 290.051
FD10800	110.500 	 22.627 	 290.052
FD10800	110.625 	 22.678 	 290.051
FD10800	110.750 	 22.725 	 290.051
FD10800	110.875 	 22.774 	 290.051
FD10800	111.000 	 22.822 	 290.051
FD10800	111.125 	 22.872 	 290.051
FD10800	111.250 	 22.919 	 290.051
FD10800	111.375 	 22.970 	 290.051
FD10800	111.500 	 23.017 	 290.051
FD10800	111.625 	 23.066 	 290.051
FD10800	111.750 	 23.113 	 290.051
FD10800	111.875 	 23.163 	 290.304
FD10800	112.000 	 23.213 	 290.457
FD10800	112.125 	 23.265 	 290.343
FD10800	112.250 	 23.316 	 290.289
FD10800	112.375 	 23.370 	 290.236
FD10800	112.500 	 23.420 	 290.109
FD10800	112.625 	 23.473 	 289.955
FD10800	112.750 	 23.523 	 290.055
FD10800	112.875 	 23.579 	 290.178
FD10800	113.000 	 23.631 	 290.104
FD10800	113.125 	 23.684 	 290.115
FD10800	113.250 	 23.734 	 290.056
FD10800	113.375 	 23.784 	 289.952
FD10800	113.500 	 23.831 	 290.010
FD10800	113.625 	 23.878 	 289.922
FD10800	113.750 	 23.919 	 289.753
FD10800	113.875 	 23.962 	 289.769
FD10800	114.000 	 23.995 	 289.763
FD10800	114.125 	 24.036 	 289.711
FD10800	114.250 	 24.068 	 289.690
FD10800	114.375 	 24.106 	 289.579
FD10800	114.500 	 24.139 	 289.510
FD10800	114.625 	 24.172 	 289.384
FD10800	114.750 	 24.199 	 289.183
FD10800	114.875 	 24.229 	 289.040
FD10800	115.000 	 24.253 	 288.999
FD10800	115.125 	 24.279 	 288.966
FD10800	115.250 	 24.302 	 288.920
FD10800	115.375 	 24.326 	 288.920
FD10800	115.500 	 24.349 	 288.851
FD10800	115.625 	 24.376 	 288.767
FD10800	115.750 	 24.401 	 288.739
FD10800	115.875 	 24.431 	 288.631
FD10800	116.000 	 24.460 	 288.590
FD10800	116.125 	 24.487 	 288.637
FD10800	116.250 	 24.514 	 288.589
FD10800	116.375 	 24.543 	 288.466
FD10800	116.500 	 24.567 	 288.388
FD10800	116.625 	 24.593 	 288.351
FD10800	116.750 	 24.618 	 288.246
FD10800	116.875 	 24.648 	 288.184
FD10800	117.000 	 24.674 	 288.168
FD10800	117.125 	 24.703 	 288.097
FD10800	117.250 	 24.732 	 288.064
FD10800	117.375 	 24.762 	 287.945
FD10800	117.500 	 24.786 	 287.823
FD10800	117.625 	 24.814 	 287.741
FD10800	117.750 	 24.836 	 287.599
FD10800	117.875 	 24.862 	 287.488
FD10800	118.000 	 24.888 	 287.531
FD10800	118.125 	 24.916 	 287.406
FD10800	118.250 	 24.945 	 287.217
FD10800	118.375 	 24.976 	 287.217
FD10800	118.500 	 25.006 	 287.339
FD10800	118.625 	 25.036 	 287.275
FD10800	118.750 	 25.069 	 287.032
FD10800	118.875 	 25.100 	 286.903
FD10800	119.000 	 25.128 	 286.846
FD10800	119.125 	 25.160 	 286.829
FD10800	119.250 	 25.185 	 286.808
FD10800	119.375 	 25.215 	 286.725
FD10800	119.500 	 25.240 	 286.714
FD10800	119.625 	 25.267 	 286.695
FD10800	119.750 	 25.294 	 286.663
FD10800	119.875 	 25.323 	 286.665
FD10800	120.000 	 25.350 	 286.654
FD10800	120.125 	 25.376 	 286.646
FD10800	120.250 	 25.396 	 286.567
FD10800	120.375 	 25.419 	 286.440
FD10800	120.500 	 25.440 	 286.471
FD10800	120.625 	 25.459 	 286.448
FD10800	120.750 	 25.479 	 286.274
FD10800	120.875 	 25.498 	 286.193
FD10800	121.000 	 25.514 	 286.124
FD10800	121.125 	 25.532 	 286.085
FD10800	121.250 	 25.549 	 286.075
FD10800	121.375 	 25.571 	 286.066
FD10800	121.500 	 25.588 	 286.035
FD10800	121.625 	 25.610 	 285.923
FD10800	121.750 	 25.630 	 285.881
FD10800	121.875 	 25.650 	 285.849
FD10800	122.000 	 25.672 	 285.707
FD10800	122.125 	 25.690 	 285.552
FD10800	122.250 	 25.709 	 285.679
FD10800	122.375 	 25.730 	 285.786
FD10800	122.500 	 25.746 	 285.802
FD10800	122.625 	 25.769 	 285.879
FD10800	122.750 	 25.787 	 285.869
FD10800	122.875 	 25.810 	 285.739
FD10800	123.000 	 25.828 	 285.708
FD10800	123.125 	 25.849 	 285.775
FD10800	123.250 	 25.869 	 285.733
FD10800	123.375 	 25.887 	 285.535
FD10800	123.500 	 25.904 	 285.410
FD10800	123.625 	 25.924 	 285.420
FD10800	123.750 	 25.937 	 285.510
FD10800	123.875 	 25.955 	 285.503
FD10800	124.000 	 25.968 	 285.366
FD10800	124.125 	 25.982 	 285.253
FD10800	124.250 	 25.994 	 285.174
FD10800	124.375 	 26.009 	 285.132
FD10800	124.500 	 26.017 	 285.090
FD10800	124.625 	 26.028 	 284.959
FD10800	124.750 	 26.034 	 284.880
FD10800	124.875 	 26.042 	 284.784
FD10800	125.000 	 26.050 	 284.688
FD10800	125.125 	 26.052 	 284.646
FD10800	125.250 	 26.058 	 284.651
FD10800	125.375 	 26.059 	 284.718
FD10800	125.500 	 26.063 	 284.628
FD10800	125.625 	 26.064 	 284.591
FD10800	125.750 	 26.066 	 284.549
FD10800	125.875 	 26.068 	 284.416
FD10800	126.000 	 26.070 	 284.362
FD10800	126.125 	 26.070 	 284.286
FD10800	126.250 	 26.070 	 284.160
FD10800	126.375 	 26.070 	 284.040
FD10800	126.500 	 26.072 	 283.949
FD10800	126.625 	 26.077 	 283.896
FD10800	126.750 	 26.079 	 283.869
FD10800	126.875 	 26.083 	 283.800
FD10800	127.000 	 26.087 	 283.758
FD10800	127.125 	 26.088 	 283.811
FD10800	127.250 	 26.091 	 283.795
FD10800	127.375 	 26.092 	 283.699
FD10800	127.500 	 26.097 	 283.546
FD10800	127.625 	 26.099 	 283.448
FD10800	127.750 	 26.105 	 283.438
FD10800	127.875 	 26.108 	 283.385
FD10800	128.000 	 26.115 	 283.312
FD10800	128.125 	 26.120 	 283.187
FD10800	128.250 	 26.127 	 283.150
FD10800	128.375 	 26.137 	 283.086
FD10800	128.500 	 26.144 	 283.007
FD10800	128.625 	 26.155 	 282.838
FD10800	128.750 	 26.164 	 282.707
FD10800	128.875 	 26.178 	 282.820
FD10800	129.000 	 26.192 	 282.988
FD10800	129.125 	 26.211 	 282.938
FD10800	129.250 	 26.230 	 282.847
FD10800	129.375 	 26.252 	 282.773
FD10800	129.500 	 26.272 	 282.604
FD10800	129.625 	 26.295 	 282.383
FD10800	129.750 	 26.311 	 282.299
FD10800	129.875 	 26.331 	 282.184
FD10800	130.000 	 26.349 	 282.043
FD10800	130.125 	 26.370 	 281.932
FD10800	130.250 	 26.390 	 281.869
FD10800	130.375 	 26.416 	 281.826
FD10800	130.500 	 26.441 	 281.677
FD10800	130.625 	 26.472 	 281.523
FD10800	130.750 	 26.501 	 281.502
FD10800	130.875 	 26.540 	 281.457
FD10800	131.000 	 26.575 	 281.357
FD10800	131.125 	 26.619 	 281.229
FD10800	131.250 	 26.662 	 281.107
FD10800	131.375 	 26.711 	 281.059
FD10800	131.500 	 26.766 	 280.933
FD10800	131.625 	 26.822 	 280.765
FD10800	131.750 	 26.880 	 280.744
FD10800	131.875 	 26.950 	 280.718
FD10800	132.000 	 27.014 	 280.661
FD10800	132.125 	 27.088 	 280.601
FD10800	132.250 	 27.168 	 280.547
FD10800	132.375 	 27.255 	 280.553
FD10800	132.500 	 27.331 	 280.490
FD10800	132.625 	 27.417 	 280.383
FD10800	132.750 	 27.492 	 280.231
FD10800	132.875 	 27.574 	 280.148
FD10800	133.000 	 27.639 	 280.168
FD10800	133.125 	 27.712 	 280.070
FD10800	133.250 	 27.768 	 279.955
FD10800	133.375 	 27.818 	 280.029
FD10800	133.500 	 27.867 	 280.186
FD10800	133.625 	 27.916 	 280.133
FD10800	133.750 	 27.950 	 280.049
FD10800	133.875 	 27.996 	 280.131
FD10800	134.000 	 28.028 	 280.152
FD10800	134.125 	 28.071 	 280.018
FD10800	134.250 	 28.104 	 279.928
FD10800	134.375 	 28.130 	 279.788
FD10800	134.500 	 28.163 	 279.545
FD10800	134.625 	 28.187 	 279.309
FD10800	134.750 	 28.214 	 279.257
FD10800	134.875 	 28.246 	 279.158
FD10800	135.000 	 28.271 	 279.000
FD10800	135.125 	 28.307 	 278.947
FD10800	135.250 	 28.334 	 278.900
FD10800	135.375 	 28.378 	 278.917
FD10800	135.500 	 28.411 	 278.900
FD10800	135.625 	 28.456 	 278.860
FD10800	135.750 	 28.508 	 278.769
FD10800	135.875 	 28.552 	 278.631
FD10800	136.000 	 28.599 	 278.541
FD10800	136.125 	 28.640 	 278.409
FD10800	136.250 	 28.678 	 278.319
FD10800	136.375 	 28.719 	 278.216
FD10800	136.500 	 28.749 	 278.085
FD10800	136.625 	 28.791 	 277.969
FD10800	136.750 	 28.828 	 277.969
FD10800	136.875 	 28.871 	 277.925
FD10800	137.000 	 28.905 	 277.962
FD10800	137.125 	 28.953 	 277.955
FD10800	137.250 	 28.994 	 277.697
FD10800	137.375 	 29.034 	 277.558
FD10800	137.500 	 29.077 	 277.340
FD10800	137.625 	 29.114 	 277.211
FD10800	137.750 	 29.146 	 277.285
FD10800	137.875 	 29.183 	 277.167
FD10800	138.000 	 29.213 	 277.030
FD10800	138.125 	 29.244 	 276.890
FD10800	138.250 	 29.275 	 276.705
FD10800	138.375 	 29.306 	 276.738
FD10800	138.500 	 29.338 	 276.749
FD10800	138.625 	 29.365 	 276.607
FD10800	138.750 	 29.384 	 276.633
FD10800	138.875 	 29.402 	 276.565
FD10800	139.000 	 29.417 	 276.439
FD10800	139.125 	 29.432 	 276.426
FD10800	139.250 	 29.445 	 276.315
FD10800	139.375 	 29.461 	 276.267
FD10800	139.500 	 29.471 	 276.361
FD10800	139.625 	 29.484 	 276.329
FD10800	139.750 	 29.495 	 276.328
FD10800	139.875 	 29.510 	 276.115
FD10800	140.000 	 29.524 	 275.894
FD10800	140.125 	 29.534 	 276.000
FD10800	140.250 	 29.550 	 275.974
FD10800	140.375 	 29.562 	 275.871
FD10800	140.500 	 29.580 	 275.823
FD10800	140.625 	 29.594 	 275.747
FD10800	140.750 	 29.618 	 275.694
FD10800	140.875 	 29.633 	 275.512
FD10800	141.000 	 29.655 	 275.395
FD10800	141.125 	 29.677 	 275.286
FD10800	141.250 	 29.692 	 275.106
FD10800	141.375 	 29.718 	 275.034
FD10800	141.500 	 29.738 	 275.128
FD10800	141.625 	 29.757 	 275.072
FD10800	141.750 	 29.779 	 275.008
FD10800	141.875 	 29.804 	 275.042
FD10800	142.000 	 29.821 	 274.973
FD10800	142.125 	 29.850 	 274.920
FD10800	142.250 	 29.872 	 274.884
FD10800	142.375 	 29.899 	 274.852
FD10800	142.500 	 29.923 	 274.751
FD10800	142.625 	 29.948 	 274.596
FD10800	142.750 	 29.972 	 274.470
FD10800	142.875 	 29.993 	 274.379
FD10800	143.000 	 30.018 	 274.379
FD10800	143.125 	 30.038 	 274.347
FD10800	143.250 	 30.062 	 274.304
FD10800	143.375 	 30.084 	 274.181
FD10800	143.500 	 30.097 	 274.140
FD10800	143.625 	 30.120 	 274.212
FD10800	143.750 	 30.140 	 274.174
FD10800	143.875 	 30.155 	 274.267
FD10800	144.000 	 30.178 	 274.356
FD10800	144.125 	 30.200 	 274.275
FD10800	144.250 	 30.222 	 274.238
FD10800	144.375 	 30.237 	 274.278
FD10800	144.500 	 30.257 	 274.193
FD10800	144.625 	 30.276 	 274.124
FD10800	144.750 	 30.296 	 274.077
FD10800	144.875 	 30.312 	 274.033
FD10800	145.000 	 30.330 	 274.086
FD10800	145.125 	 30.338 	 274.077
FD10800	145.250 	 30.355 	 274.035
FD10800	145.375 	 30.374 	 274.091
FD10800	145.500 	 30.385 	 274.081
FD10800	145.625 	 30.405 	 274.060
FD10800	145.750 	 30.418 	 274.113
FD10800	145.875 	 30.438 	 274.077
FD10800	146.000 	 30.457 	 273.982
FD10800	146.125 	 30.468 	 273.830
FD10800	146.250 	 30.482 	 273.740
FD10800	146.375 	 30.499 	 273.641
FD10800	146.500 	 30.504 	 273.487
FD10800	146.625 	 30.526 	 273.311
FD10800	146.750 	 30.536 	 273.327
FD10800	146.875 	 30.553 	 273.368
FD10800	147.000 	 30.575 	 273.390
FD10800	147.125 	 30.595 	 273.437
FD10800	147.250 	 30.624 	 273.464
FD10800	147.375 	 30.652 	 273.429
FD10800	147.500 	 30.675 	 273.371
FD10800	147.625 	 30.703 	 273.269
FD10800	147.750 	 30.728 	 273.164
FD10800	147.875 	 30.752 	 273.165
FD10800	148.000 	 30.774 	 273.101
FD10800	148.125 	 30.793 	 272.990
FD10800	148.250 	 30.804 	 273.000
FD10800	148.375 	 30.828 	 273.110
FD10800	148.500 	 30.841 	 273.184
FD10800	148.625 	 30.859 	 273.273
FD10800	148.750 	 30.867 	 273.331
FD10800	148.875 	 30.879 	 273.316
FD10800	149.000 	 30.891 	 273.264
FD10800	149.125 	 30.888 	 273.122
FD10800	149.250 	 30.897 	 272.952
FD10800	149.375 	 30.888 	 272.893
FD10800	149.500 	 30.892 	 272.888
FD10800	149.625 	 30.880 	 272.839
FD10800	149.750 	 30.875 	 272.807
FD10800	149.875 	 30.868 	 272.701
FD10800	150.000 	 30.856 	 272.654
FD10800	150.125 	 30.854 	 272.756
FD10800	150.250 	 30.842 	 272.756
FD10800	150.375 	 30.837 	 272.712
FD10800	150.500 	 30.834 	 272.749
FD10800	150.625 	 30.832 	 272.786
FD10800	150.750 	 30.825 	 272.792
FD10800	150.875 	 30.823 	 272.706
FD10800	151.000 	 30.823 	 272.691
FD10800	151.125 	 30.822 	 272.712
FD10800	151.250 	 30.828 	 272.616
FD10800	151.375 	 30.831 	 272.477
FD10800	151.500 	 30.830 	 272.428
FD10800	151.625 	 30.843 	 272.366
FD10800	151.750 	 30.846 	 272.286
FD10800	151.875 	 30.861 	 272.212
FD10800	152.000 	 30.875 	 272.170
FD10800	152.125 	 30.888 	 272.272
FD10800	152.250 	 30.900 	 272.410
FD10800	152.375 	 30.909 	 272.462
FD10800	152.500 	 30.920 	 272.409
FD10800	152.625 	 30.930 	 272.396
FD10800	152.750 	 30.943 	 272.444
FD10800	152.875 	 30.955 	 272.545
FD10800	153.000 	 30.963 	 272.677
FD10800	153.125 	 30.980 	 272.690
FD10800	153.250 	 30.988 	 272.663
FD10800	153.375 	 30.995 	 272.647
FD10800	153.500 	 31.009 	 272.589
FD10800	153.625 	 31.014 	 272.506
FD10800	153.750 	 31.021 	 272.554
FD10800	153.875 	 31.025 	 272.547
FD10800	154.000 	 31.026 	 272.558
FD10800	154.125 	 31.028 	 272.660
FD10800	154.250 	 31.033 	 272.660
FD10800	154.375 	 31.031 	 272.778
FD10800	154.500 	 31.032 	 272.878
FD10800	154.625 	 31.038 	 272.919
FD10800	154.750 	 31.040 	 272.845
FD10800	154.875 	 31.040 	 272.756
FD10800	155.000 	 31.038 	 272.677
FD10800	155.125 	 31.038 	 272.599
FD10800	155.250 	 31.033 	 272.547
FD10800	155.375 	 31.021 	 272.445
FD10800	155.500 	 31.021 	 272.345
FD10800	155.625 	 31.019 	 272.177
FD10800	155.750 	 31.015 	 272.071
FD10800	155.875 	 31.013 	 272.070
FD10800	156.000 	 31.011 	 272.048
FD10800	156.125 	 31.006 	 271.992
FD10800	156.250 	 31.004 	 272.029
FD10800	156.375 	 31.005 	 271.938
FD10800	156.500 	 30.998 	 271.811
FD10800	156.625 	 30.995 	 271.801
FD10800	156.750 	 30.991 	 271.822
FD10800	156.875 	 30.990 	 271.822
FD10800	157.000 	 30.993 	 271.770
FD10800	157.125 	 30.993 	 271.704
FD10800	157.250 	 30.991 	 271.710
FD10800	157.375 	 30.991 	 271.685
FD10800	157.500 	 30.995 	 271.664
FD10800	157.625 	 30.993 	 271.740
FD10800	157.750 	 30.987 	 271.782
FD10800	157.875 	 30.986 	 271.985
FD10800	158.000 	 30.985 	 272.111
FD10800	158.125 	 30.986 	 272.127
FD10800	158.250 	 30.988 	 272.249
FD10800	158.375 	 30.996 	 272.322
FD10800	158.500 	 31.002 	 272.254
FD10800	158.625 	 31.014 	 272.029
FD10800	158.750 	 31.024 	 271.859
FD10800	158.875 	 31.029 	 271.946
FD10800	159.000 	 31.037 	 271.999
FD10800	159.125 	 31.042 	 271.921
FD10800	159.250 	 31.048 	 271.921
FD10800	159.375 	 31.052 	 271.847
FD10800	159.500 	 31.060 	 271.873
FD10800	159.625 	 31.067 	 272.053
FD10800	159.750 	 31.075 	 272.168
FD10800	159.875 	 31.093 	 272.132
FD10800	160.000 	 31.112 	 272.033
FD10800	160.125 	 31.124 	 271.990
FD10800	160.250 	 31.138 	 271.948
FD10800	160.375 	 31.154 	 272.042
FD10800	160.500 	 31.156 	 272.200
FD10800	160.625 	 31.165 	 272.319
FD10800	160.750 	 31.160 	 272.382
FD10800	160.875 	 31.167 	 272.490
FD10800	161.000 	 31.165 	 272.600
FD10800	161.125 	 31.167 	 272.657
FD10800	161.250 	 31.173 	 272.747
FD10800	161.375 	 31.177 	 272.728
FD10800	161.500 	 31.183 	 272.650
FD10800	161.625 	 31.186 	 272.504
FD10800	161.750 	 31.183 	 272.192
FD10800	161.875 	 31.190 	 272.059
FD10800	162.000 	 31.179 	 272.053
FD10800	162.125 	 31.173 	 271.987
FD10800	162.250 	 31.160 	 271.976
FD10800	162.375 	 31.162 	 272.045
FD10800	162.500 	 31.153 	 272.040
FD10800	162.625 	 31.155 	 271.952
FD10800	162.750 	 31.158 	 271.925
FD10800	162.875 	 31.161 	 272.009
FD10800	163.000 	 31.161 	 272.120
FD10800	163.125 	 31.162 	 272.182
FD10800	163.250 	 31.158 	 272.213
FD10800	163.375 	 31.155 	 272.308
FD10800	163.500 	 31.150 	 272.361
FD10800	163.625 	 31.146 	 272.399
FD10800	163.750 	 31.143 	 272.367
FD10800	163.875 	 31.146 	 272.212
FD10800	164.000 	 31.149 	 272.139
FD10800	164.125 	 31.156 	 272.020
FD10800	164.250 	 31.158 	 271.767
FD10800	164.375 	 31.172 	 271.566
FD10800	164.500 	 31.178 	 271.556
FD10800	164.625 	 31.189 	 271.536
FD10800	164.750 	 31.186 	 271.516
FD10800	164.875 	 31.200 	 271.531
FD10800	165.000 	 31.204 	 271.521
FD10800	165.125 	 31.215 	 271.509
FD10800	165.250 	 31.227 	 271.461
FD10800	165.375 	 31.238 	 271.539
FD10800	165.500 	 31.258 	 271.655
FD10800	165.625 	 31.270 	 271.685
FD10800	165.750 	 31.286 	 271.669
FD10800	165.875 	 31.300 	 271.701
FD10800	166.000 	 31.314 	 271.738
FD10800	166.125 	 31.317 	 271.809
FD10800	166.250 	 31.335 	 271.914
FD10800	166.375 	 31.346 	 271.871
FD10800	166.500 	 31.351 	 271.861
FD10800	166.625 	 31.365 	 271.946
FD10800	166.750 	 31.375 	 272.152
FD10800	166.875 	 31.386 	 272.289
FD10800	167.000 	 31.396 	 272.342
FD10800	167.125 	 31.414 	 272.305
FD10800	167.250 	 31.423 	 272.185
FD10800	167.375 	 31.443 	 272.069
FD10800	167.500 	 31.456 	 271.917
FD10800	167.625 	 31.468 	 271.886
FD10800	167.750 	 31.476 	 271.896
FD10800	167.875 	 31.492 	 271.855
FD10800	168.000 	 31.502 	 271.966
FD10800	168.125 	 31.517 	 272.064
FD10800	168.250 	 31.520 	 272.106
FD10800	168.375 	 31.534 	 272.312
FD10800	168.500 	 31.539 	 272.570
FD10800	168.625 	 31.545 	 272.613
FD10800	168.750 	 31.545 	 272.503
FD10800	168.875 	 31.552 	 272.514
FD10800	169.000 	 31.552 	 272.530
FD10800	169.125 	 31.552 	 272.624
FD10800	169.250 	 31.550 	 272.740
FD10800	169.375 	 31.546 	 272.750
FD10800	169.500 	 31.542 	 272.730
FD10800	169.625 	 31.540 	 272.756
FD10800	169.750 	 31.537 	 272.841
FD10800	169.875 	 31.535 	 272.949
FD10800	170.000 	 31.528 	 272.937
FD10800	170.125 	 31.530 	 272.707
FD10800	170.250 	 31.518 	 272.406
FD10800	170.375 	 31.523 	 272.143
FD10800	170.500 	 31.517 	 272.118
FD10800	170.625 	 31.528 	 272.146
FD10800	170.750 	 31.520 	 272.110
FD10800	170.875 	 31.529 	 272.105
FD10800	171.000 	 31.529 	 272.143
FD10800	171.125 	 31.533 	 272.201
FD10800	171.250 	 31.534 	 272.296
FD10800	171.375 	 31.543 	 272.476
FD10800	171.500 	 31.541 	 272.539
FD10800	171.625 	 31.543 	 272.622
FD10800	171.750 	 31.535 	 272.722
FD10800	171.875 	 31.532 	 272.621
FD10800	172.000 	 31.515 	 272.432
FD10800	172.125 	 31.507 	 272.396
FD10800	172.250 	 31.491 	 272.401
FD10800	172.375 	 31.480 	 272.479
FD10800	172.500 	 31.467 	 272.594
FD10800	172.625 	 31.449 	 272.515
FD10800	172.750 	 31.433 	 272.335
FD10800	172.875 	 31.417 	 272.188
FD10800	173.000 	 31.393 	 272.130
FD10800	173.125 	 31.373 	 272.078
FD10800	173.250 	 31.350 	 271.994
FD10800	173.375 	 31.327 	 271.797
FD10800	173.500 	 31.307 	 271.813
FD10800	173.625 	 31.286 	 271.990
FD10800	173.750 	 31.275 	 272.121
FD10800	173.875 	 31.255 	 272.119
FD10800	174.000 	 31.252 	 271.934
FD10800	174.125 	 31.245 	 271.756
FD10800	174.250 	 31.239 	 271.789
FD10800	174.375 	 31.233 	 271.893
FD10800	174.500 	 31.233 	 271.867
FD10800	174.625 	 31.221 	 271.734
FD10800	174.750 	 31.216 	 271.598
FD10800	174.875 	 31.213 	 271.597
FD10800	175.000 	 31.213 	 271.681
FD10800	175.125 	 31.210 	 271.721
FD10800	175.250 	 31.205 	 271.837
FD10800	175.375 	 31.211 	 271.874
FD10800	175.500 	 31.209 	 271.927
FD10800	175.625 	 31.217 	 271.996
FD10800	175.750 	 31.226 	 271.932
FD10800	175.875 	 31.225 	 271.908
FD10800	176.000 	 31.236 	 271.797
FD10800	176.125 	 31.233 	 271.742
FD10800	176.250 	 31.239 	 271.774
FD10800	176.375 	 31.242 	 271.753
FD10800	176.500 	 31.243 	 271.749
FD10800	176.625 	 31.248 	 271.913
FD10800	176.750 	 31.258 	 271.945
FD10800	176.875 	 31.260 	 271.960
FD10800	177.000 	 31.270 	 271.996
FD10800	177.125 	 31.282 	 271.998
FD10800	177.250 	 31.298 	 271.971
FD10800	177.375 	 31.313 	 271.926
FD10800	177.500 	 31.329 	 271.932
FD10800	177.625 	 31.344 	 271.871
FD10800	177.750 	 31.361 	 271.776
FD10800	177.875 	 31.379 	 271.809
FD10800	178.000 	 31.400 	 271.856
FD10800	178.125 	 31.418 	 271.899
FD10800	178.250 	 31.438 	 272.047
FD10800	178.375 	 31.452 	 272.171
FD10800	178.500 	 31.471 	 272.134
FD10800	178.625 	 31.492 	 272.149
FD10800	178.750 	 31.505 	 272.244
FD10800	178.875 	 31.528 	 272.253
FD10800	179.000 	 31.538 	 272.285
FD10800	179.125 	 31.550 	 272.176
FD10800	179.250 	 31.553 	 272.182
FD10800	179.375 	 31.558 	 272.278
FD10800	179.500 	 31.559 	 272.252
FD10800	179.625 	 31.556 	 272.264
FD10800	179.750 	 31.553 	 272.290
FD10800	179.875 	 31.549 	 272.317
FD10800	180.000 	 31.547 	 272.279
FD10800	180.125 	 31.537 	 272.163
FD10800	180.250 	 31.537 	 272.057
FD10800	180.375 	 31.527 	 272.053
FD10800	180.500 	 31.525 	 271.984
FD10800	180.625 	 31.519 	 271.918
FD10800	180.750 	 31.505 	 272.161
FD10800	180.875 	 31.502 	 272.184
FD10800	181.000 	 31.488 	 272.074
FD10800	181.125 	 31.483 	 272.114
FD10800	181.250 	 31.477 	 272.166
FD10800	181.375 	 31.473 	 272.272
FD10800	181.500 	 31.467 	 272.341
FD10800	181.625 	 31.462 	 272.275
FD10800	181.750 	 31.454 	 272.134
FD10800	181.875 	 31.445 	 272.176
FD10800	182.000 	 31.434 	 272.224
FD10800	182.125 	 31.429 	 272.158
FD10800	182.250 	 31.419 	 272.036
FD10800	182.375 	 31.411 	 271.943
FD10800	182.500 	 31.394 	 271.980
FD10800	182.625 	 31.387 	 272.004
FD10800	182.750 	 31.369 	 272.004
FD10800	182.875 	 31.359 	 272.051
FD10800	183.000 	 31.347 	 272.129
FD10800	183.125 	 31.332 	 272.108
FD10800	183.250 	 31.331 	 271.934
FD10800	183.375 	 31.323 	 271.849
FD10800	183.500 	 31.324 	 271.939
FD10800	183.625 	 31.326 	 272.040
FD10800	183.750 	 31.334 	 272.002
FD10800	183.875 	 31.342 	 271.844
FD10800	184.000 	 31.350 	 271.866
FD10800	184.125 	 31.361 	 271.932
FD10800	184.250 	 31.366 	 271.753
FD10800	184.375 	 31.376 	 271.836
FD10800	184.500 	 31.386 	 272.142
FD10800	184.625 	 31.392 	 272.198
FD10800	184.750 	 31.405 	 272.130
FD10800	184.875 	 31.417 	 272.191
FD10800	185.000 	 31.430 	 272.375
FD10800	185.125 	 31.442 	 272.303
FD10800	185.250 	 31.449 	 272.002
FD10800	185.375 	 31.464 	 271.894
FD10800	185.500 	 31.462 	 271.883
FD10800	185.625 	 31.467 	 271.787
FD10800	185.750 	 31.465 	 271.607
FD10800	185.875 	 31.467 	 271.542
FD10800	186.000 	 31.463 	 271.568
FD10800	186.125 	 31.468 	 271.526
FD10800	186.250 	 31.472 	 271.520
FD10800	186.375 	 31.489 	 271.673
FD10800	186.500 	 31.493 	 271.795
FD10800	186.625 	 31.518 	 271.809
FD10800	186.750 	 31.529 	 271.787
FD10800	186.875 	 31.546 	 271.625
FD10800	187.000 	 31.556 	 271.551
FD10800	187.125 	 31.565 	 271.517
FD10800	187.250 	 31.576 	 271.391
FD10800	187.375 	 31.578 	 271.322
FD10800	187.500 	 31.581 	 271.449
FD10800	187.625 	 31.583 	 271.484
FD10800	187.750 	 31.588 	 271.473
FD10800	187.875 	 31.588 	 271.580
FD10800	188.000 	 31.587 	 271.728
FD10800	188.125 	 31.581 	 271.632
FD10800	188.250 	 31.576 	 271.327
FD10800	188.375 	 31.558 	 271.372
FD10800	188.500 	 31.551 	 271.498
FD10800	188.625 	 31.531 	 271.515
FD10800	188.750 	 31.513 	 271.625
FD10800	188.875 	 31.496 	 271.668
FD10800	189.000 	 31.484 	 271.716
FD10800	189.125 	 31.469 	 271.746
FD10800	189.250 	 31.460 	 271.698
FD10800	189.375 	 31.447 	 271.712
FD10800	189.500 	 31.438 	 271.718
FD10800	189.625 	 31.424 	 271.669
FD10800	189.750 	 31.418 	 271.695
FD10800	189.875 	 31.411 	 271.602
FD10800	190.000 	 31.395 	 271.645
FD10800	190.125 	 31.390 	 271.811
FD10800	190.250 	 31.380 	 271.811
FD10800	190.375 	 31.372 	 271.751
FD10800	190.500 	 31.365 	 271.572
FD10800	190.625 	 31.360 	 271.542
FD10800	190.750 	 31.351 	 271.605
FD10800	190.875 	 31.344 	 271.586
FD10800	191.000 	 31.343 	 271.444
FD10800	191.125 	 31.336 	 271.400
FD10800	191.250 	 31.334 	 271.494
FD10800	191.375 	 31.333 	 271.432
FD10800	191.500 	 31.341 	 271.347
FD10800	191.625 	 31.334 	 271.383
FD10800	191.750 	 31.341 	 271.525
FD10800	191.875 	 31.333 	 271.567
FD10800	192.000 	 31.340 	 271.456
FD10800	192.125 	 31.332 	 271.385
FD10800	192.250 	 31.334 	 271.359
FD10800	192.375 	 31.333 	 271.416
FD10800	192.500 	 31.335 	 271.569
FD10800	192.625 	 31.337 	 271.625
FD10800	192.750 	 31.339 	 271.635
FD10800	192.875 	 31.348 	 271.731
FD10800	193.000 	 31.351 	 271.737
FD10800	193.125 	 31.358 	 271.682
FD10800	193.250 	 31.361 	 271.482
FD10800	193.375 	 31.363 	 271.278
FD10800	193.500 	 31.369 	 271.405
FD10800	193.625 	 31.369 	 271.446
FD10800	193.750 	 31.378 	 271.393
FD10800	193.875 	 31.388 	 271.380
FD10800	194.000 	 31.391 	 271.438
FD10800	194.125 	 31.405 	 271.511
FD10800	194.250 	 31.413 	 271.343
FD10800	194.375 	 31.420 	 271.232
FD10800	194.500 	 31.428 	 271.322
FD10800	194.625 	 31.429 	 271.262
FD10800	194.750 	 31.431 	 271.188
FD10800	194.875 	 31.432 	 271.237
FD10800	195.000 	 31.433 	 271.280
FD10800	195.125 	 31.440 	 271.405
FD10800	195.250 	 31.440 	 271.452
FD10800	195.375 	 31.450 	 271.470
FD10800	195.500 	 31.447 	 271.508
FD10800	195.625 	 31.447 	 271.536
FD10800	195.750 	 31.450 	 271.611
FD10800	195.875 	 31.447 	 271.770
FD10800	196.000 	 31.454 	 271.802
FD10800	196.125 	 31.456 	 271.805
FD10800	196.250 	 31.460 	 271.964
FD10800	196.375 	 31.468 	 272.064
FD10800	196.500 	 31.472 	 272.143
FD10800	196.625 	 31.483 	 272.105
FD10800	196.750 	 31.490 	 272.168
FD10800	196.875 	 31.498 	 272.330
FD10800	197.000 	 31.501 	 272.330
FD10800	197.125 	 31.507 	 272.330
FD10800	197.250 	 31.504 	 272.330
FD10800	197.375 	 31.513 	 272.330
FD10800	197.500 	 31.507 	 272.330
FD10800	197.625 	 31.517 	 272.330
FD10800	197.750 	 31.516 	 272.330
FD10800	197.875 	 31.523 	 272.330
FD10800	198.000 	 31.516 	 272.330
FD10800	198.125 	 31.521 	 272.330
FD10800	198.250 	 31.521 	 272.330
FD10800	198.375 	 31.521 	 272.330
FD10800	198.500 	 31.516 	 272.330
FD10800	198.625 	 31.523 	 272.330
FD10800	198.750 	 31.516 	 272.330
FD10800	198.875 	 31.521 	 272.330
FD10800	199.000 	 31.521 	 272.330
FD10800	199.125 	 31.521 	 272.330
FD10800	199.250 	 31.516 	 272.330
FD10800	199.375 	 31.523 	 272.330
FD10800	199.500 	 31.516 	 272.330
FD10800	199.625 	 31.521 	 272.330
FD10800	199.750 	 31.521 	 272.330
FD10800	199.875 	 31.523 	 272.330
FD10800	200.000 	 31.516 	 272.330
FD10800	200.125 	 31.523 	 272.330
FD10800	200.250 	 31.521 	 272.330
FD10800	200.375 	 31.524 	 272.198
FD10800	200.500 	 31.518 	 272.072
FD10800	200.625 	 31.527 	 272.067
FD10800	200.750 	 31.519 	 272.067
FD10800	200.875 	 31.523 	 272.067
FD10800	201.000 	 31.523 	 272.067
FD10800	201.125 	 31.523 	 272.067
FD10800	201.250 	 31.521 	 272.067
FD10800	201.375 	 31.527 	 272.067
FD10800	201.500 	 31.519 	 272.067
FD10800	201.625 	 31.527 	 272.067
FD10800	201.750 	 31.521 	 272.067
FD10800	201.875 	 31.523 	 272.067
FD10800	202.000 	 31.523 	 272.067
FD10800	202.125 	 31.523 	 272.067
FD10800	202.250 	 31.524 	 272.067
FD10800	202.375 	 31.523 	 272.067
FD10800	202.500 	 31.521 	 272.067
FD10800	202.625 	 31.527 	 272.066
FD10800	202.750 	 31.519 	 272.067
FD10800	202.875 	 31.523 	 272.067
FD10800	203.000 	 31.524 	 272.067
FD10800	203.125 	 31.523 	 272.066
FD10800	203.250 	 31.523 	 272.067
FD10800	203.375 	 31.523 	 272.067
FD10800	203.500 	 31.524 	 272.066
FD10800	203.625 	 31.523 	 272.067
FD10800	203.750 	 31.521 	 272.067
FD10800	203.875 	 31.527 	 272.067
FD10800	204.000 	 31.519 	 272.066
FD10800	204.125 	 31.523 	 272.067
FD10800	204.250 	 31.524 	 272.067
FD10800	204.375 	 31.523 	 272.067
FD10800	204.500 	 31.523 	 272.066
FD10800	204.625 	 31.523 	 272.067
FD10800	204.750 	 31.521 	 272.067
FD10800	204.875 	 31.527 	 272.067
FD10800	205.000 	 31.521 	 272.066
FD10800	205.125 	 31.523 	 272.067
FD10800	205.250 	 31.523 	 272.067
FD10800	205.375 	 31.523 	 272.066
FD10800	205.500 	 31.524 	 272.067
FD10800	205.625 	 31.523 	 272.067
FD10800	205.750 	 31.523 	 272.067
FD10800	205.875 	 31.523 	 272.066
FD10800	206.000 	 31.521 	 272.067
FD10800	206.125 	 31.527 	 272.067
FD10800	206.250 	 31.521 	 272.067
FD10800	206.375 	 31.523 	 272.066
FD10800	206.500 	 31.523 	 272.067
FD10800	206.625 	 31.523 	 272.067
FD10800	206.750 	 31.524 	 272.067
FD10800	206.875 	 31.523 	 272.066
FD10800	207.000 	 31.519 	 272.067
FD10800	207.125 	 31.527 	 272.067
FD10800	207.250 	 31.521 	 272.066
FD10800	207.375 	 31.527 	 272.067
FD10800	207.500 	 31.521 	 272.067
FD10800	207.625 	 31.523 	 272.067
FD10800	207.750 	 31.523 	 272.066
FD10800	207.875 	 31.523 	 272.067
FD10800	208.000 	 31.524 	 272.067
FD10800	208.125 	 31.523 	 272.067
FD10800	208.250 	 31.519 	 272.066
FD10800	208.375 	 31.527 	 272.067
FD10800	208.500 	 31.521 	 272.067
FD10800	208.625 	 31.523 	 272.067
FD10800	208.750 	 31.524 	 272.066
FD10800	208.875 	 31.523 	 272.067
FD10800	209.000 	 31.523 	 272.067
FD10800	209.125 	 31.523 	 272.066
FD10800	209.250 	 31.520 	 271.918
FD10800	209.375 	 31.526 	 271.758
FD10800	209.500 	 31.521 	 271.757
FD10800	209.625 	 31.527 	 272.295
FD10800	209.750 	 31.519 	 272.811
FD10800	209.875 	 31.524 	 272.833
FD10800	210.000 	 31.523 	 272.833
FD10800	210.125 	 0.000 	 90.000
FD10800	210.250 	 0.000 	 90.000
FD10800	210.375 	 0.000 	 90.000
FD10800	210.500 	 0.000 	 90.000
FD10800	210.625 	 0.000 	 90.000
FD10800	210.750 	 0.000 	 90.000
FD10800	210.875 	 0.000 	 90.000
FD10800	211.000 	 0.000 	 90.000
FD10800	211.125 	 0.000 	 90.000
FD10800	211.250 	 0.000 	 90.000
FD10800	211.375 	 0.000 	 90.000
FD10800	211.500 	 0.000 	 90.000
FD10800	211.625 	 0.000 	 90.000
FD10800	211.750 	 0.000 	 90.000
FD10800	211.875 	 0.000 	 90.000
FD10800	212.000 	 0.000 	 90.000
FD10800	212.125 	 0.000 	 90.000
FD10800	212.250 	 0.000 	 90.000
FD10800	212.375 	 0.000 	 90.000
FD10800	212.500 	 0.000 	 90.000
FD10800	212.625 	 0.000 	 90.000
FD10800	212.750 	 0.000 	 90.000
FD10800	212.875 	 0.000 	 90.000
FD10800	213.000 	 0.000 	 90.000
FD10800	213.125 	 0.000 	 90.000
FD10800	213.250 	 0.000 	 90.000
FD10800	213.375 	 0.000 	 90.000
FD10800	213.500 	 0.000 	 90.000
FD10800	213.625 	 0.000 	 90.000
FD10800	213.750 	 0.000 	 90.000
FD10800	213.875 	 0.000 	 90.000
FD10800	214.000 	 0.000 	 90.000
FD10800	214.125 	 0.000 	 90.000
FD10800	214.250 	 0.000 	 90.000
FD10800	214.375 	 0.000 	 90.000
FD10800	214.500 	 0.000 	 90.000
FD10800	214.625 	 0.000 	 90.000
FD10800	214.750 	 0.000 	 90.000
FD10800	214.875 	 0.000 	 90.000
FD10800	215.000 	 0.000 	 90.000
FD10800	215.125 	 0.000 	 90.000
FD10800	215.250 	 0.000 	 90.000
FD10800	215.375 	 0.000 	 90.000
FD10800	215.500 	 0.000 	 90.000
FD10800	215.625 	 0.000 	 90.000
FD10800	215.750 	 0.000 	 90.000
FD10800	215.875 	 0.000 	 90.000
FD10800	216.000 	 0.000 	 90.000
FD10800	216.125 	 0.000 	 90.000
FD10800	216.250 	 0.000 	 90.000
FD10800	216.375 	 0.000 	 90.000
FD10800	216.500 	 0.000 	 90.000
FD10800	216.625 	 0.000 	 90.000
FD10800	216.750 	 0.000 	 90.000
FD10800	216.875 	 0.000 	 90.000
FD10800	217.000 	 0.000 	 90.000
FD10800	217.125 	 0.000 	 90.000
FD10800	217.250 	 0.000 	 90.000
FD10800	217.375 	 0.000 	 90.000
FD10800	217.500 	 0.000 	 90.000
FD10800	217.625 	 0.000 	 90.000
FD10800	217.750 	 0.000 	 90.000
FD10800	217.875 	 0.000 	 90.000
FD10800	218.000 	 0.000 	 90.000
FD10800	218.125 	 0.000 	 90.000
FD10800	218.250 	 0.000 	 90.000
FD10800	218.375 	 0.000 	 90.000
FD10800	218.500 	 0.000 	 90.000
FD10800	218.625 	 0.000 	 90.000
FD10800	218.750 	 0.000 	 90.000
FD10800	218.875 	 0.000 	 90.000
FD10800	219.000 	 0.000 	 90.000
FD10800	219.125 	 0.000 	 90.000
FD10800	219.250 	 0.000 	 90.000
FD10800	219.375 	 0.000 	 90.000
FD10800	219.500 	 0.000 	 90.000
FD10800	219.625 	 0.000 	 90.000
FD10800	219.750 	 0.000 	 90.000
FD10800	219.875 	 0.000 	 90.000
FD10800	220.000 	 0.000 	 90.000
