#WellName	 Depth.M	 INCL	 AZIM 
WellName	 Depth.M	 INCL	 AZIM 
FD10903	0.000 	 0.000 	 0.000
FD10903	0.125 	 0.000 	 90.000
FD10903	0.250 	 0.000 	 90.000
FD10903	0.375 	 0.000 	 90.000
FD10903	0.500 	 0.000 	 90.000
FD10903	0.625 	 0.000 	 90.000
FD10903	0.750 	 0.000 	 90.000
FD10903	0.875 	 0.000 	 90.000
FD10903	1.000 	 0.000 	 90.000
FD10903	1.125 	 0.000 	 90.000
FD10903	1.250 	 0.000 	 90.000
FD10903	1.375 	 0.000 	 90.000
FD10903	1.500 	 0.000 	 90.000
FD10903	1.625 	 0.000 	 90.000
FD10903	1.750 	 0.000 	 90.000
FD10903	1.875 	 0.000 	 90.000
FD10903	2.000 	 0.000 	 90.000
FD10903	2.125 	 0.000 	 90.000
FD10903	2.250 	 0.000 	 90.000
FD10903	2.375 	 0.000 	 90.000
FD10903	2.500 	 0.000 	 90.000
FD10903	2.625 	 0.000 	 90.000
FD10903	2.750 	 0.000 	 90.000
FD10903	2.875 	 0.000 	 90.000
FD10903	3.000 	 0.000 	 90.000
FD10903	3.125 	 0.000 	 90.000
FD10903	3.250 	 0.000 	 90.000
FD10903	3.375 	 0.000 	 90.000
FD10903	3.500 	 0.000 	 90.000
FD10903	3.625 	 0.000 	 90.000
FD10903	3.750 	 0.000 	 90.000
FD10903	3.875 	 0.000 	 90.000
FD10903	4.000 	 0.000 	 90.000
FD10903	4.125 	 0.000 	 90.000
FD10903	4.250 	 0.000 	 90.000
FD10903	4.375 	 0.000 	 90.000
FD10903	4.500 	 0.000 	 90.000
FD10903	4.625 	 0.000 	 90.000
FD10903	4.750 	 0.000 	 90.000
FD10903	4.875 	 0.000 	 90.000
FD10903	5.000 	 0.000 	 90.000
FD10903	5.125 	 0.000 	 90.000
FD10903	5.250 	 0.000 	 90.000
FD10903	5.375 	 0.000 	 90.000
FD10903	5.500 	 0.000 	 90.000
FD10903	5.625 	 0.000 	 90.000
FD10903	5.750 	 0.000 	 90.000
FD10903	5.875 	 0.000 	 90.000
FD10903	6.000 	 0.000 	 90.000
FD10903	6.125 	 0.000 	 90.000
FD10903	6.250 	 0.000 	 90.000
FD10903	6.375 	 0.000 	 90.000
FD10903	6.500 	 0.000 	 90.000
FD10903	6.625 	 0.000 	 90.000
FD10903	6.750 	 0.000 	 90.000
FD10903	6.875 	 0.000 	 90.000
FD10903	7.000 	 0.000 	 90.000
FD10903	7.125 	 0.000 	 90.000
FD10903	7.250 	 0.000 	 90.000
FD10903	7.375 	 0.000 	 90.000
FD10903	7.500 	 0.000 	 90.000
FD10903	7.625 	 0.000 	 90.000
FD10903	7.750 	 0.000 	 90.000
FD10903	7.875 	 0.000 	 90.000
FD10903	8.000 	 0.000 	 90.000
FD10903	8.125 	 0.000 	 90.000
FD10903	8.250 	 0.000 	 90.000
FD10903	8.375 	 0.000 	 90.000
FD10903	8.500 	 0.000 	 90.000
FD10903	8.625 	 0.000 	 90.000
FD10903	8.750 	 0.000 	 90.000
FD10903	8.875 	 0.000 	 90.000
FD10903	9.000 	 0.000 	 90.000
FD10903	9.125 	 0.000 	 90.000
FD10903	9.250 	 0.000 	 90.000
FD10903	9.375 	 0.000 	 90.000
FD10903	9.500 	 0.000 	 90.000
FD10903	9.625 	 0.000 	 90.000
FD10903	9.750 	 0.000 	 90.000
FD10903	9.875 	 0.000 	 90.000
FD10903	10.000 	 0.000 	 90.000
FD10903	10.125 	 0.000 	 90.000
FD10903	10.250 	 0.000 	 90.000
FD10903	10.375 	 0.000 	 90.000
FD10903	10.500 	 0.000 	 90.000
FD10903	10.625 	 0.000 	 90.000
FD10903	10.750 	 0.000 	 90.000
FD10903	10.875 	 0.000 	 90.000
FD10903	11.000 	 0.000 	 90.000
FD10903	11.125 	 0.000 	 90.000
FD10903	11.250 	 0.000 	 90.000
FD10903	11.375 	 0.000 	 90.000
FD10903	11.500 	 0.000 	 90.000
FD10903	11.625 	 0.000 	 90.000
FD10903	11.750 	 0.000 	 90.000
FD10903	11.875 	 0.000 	 90.000
FD10903	12.000 	 0.000 	 90.000
FD10903	12.125 	 0.000 	 90.000
FD10903	12.250 	 0.000 	 90.000
FD10903	12.375 	 0.000 	 90.000
FD10903	12.500 	 0.000 	 90.000
FD10903	12.625 	 0.000 	 90.000
FD10903	12.750 	 0.000 	 90.000
FD10903	12.875 	 0.000 	 90.000
FD10903	13.000 	 0.000 	 90.000
FD10903	13.125 	 0.000 	 90.000
FD10903	13.250 	 0.000 	 90.000
FD10903	13.375 	 0.000 	 90.000
FD10903	13.500 	 0.000 	 90.000
FD10903	13.625 	 0.000 	 90.000
FD10903	13.750 	 0.000 	 90.000
FD10903	13.875 	 0.000 	 90.000
FD10903	14.000 	 0.000 	 90.000
FD10903	14.125 	 0.000 	 90.000
FD10903	14.250 	 0.000 	 90.000
FD10903	14.375 	 0.000 	 90.000
FD10903	14.500 	 0.000 	 90.000
FD10903	14.625 	 0.000 	 90.000
FD10903	14.750 	 0.000 	 90.000
FD10903	14.875 	 0.000 	 90.000
FD10903	15.000 	 0.000 	 90.000
FD10903	15.125 	 0.000 	 90.000
FD10903	15.250 	 0.000 	 90.000
FD10903	15.375 	 0.000 	 90.000
FD10903	15.500 	 0.000 	 90.000
FD10903	15.625 	 0.000 	 90.000
FD10903	15.750 	 0.000 	 90.000
FD10903	15.875 	 0.000 	 90.000
FD10903	16.000 	 0.000 	 90.000
FD10903	16.125 	 0.000 	 90.000
FD10903	16.250 	 0.000 	 90.000
FD10903	16.375 	 0.000 	 90.000
FD10903	16.500 	 0.000 	 90.000
FD10903	16.625 	 0.000 	 90.000
FD10903	16.750 	 0.000 	 90.000
FD10903	16.875 	 0.000 	 90.000
FD10903	17.000 	 0.000 	 90.000
FD10903	17.125 	 0.000 	 90.000
FD10903	17.250 	 0.000 	 90.000
FD10903	17.375 	 0.000 	 90.000
FD10903	17.500 	 0.000 	 90.000
FD10903	17.625 	 0.000 	 90.000
FD10903	17.750 	 0.000 	 90.000
FD10903	17.875 	 0.000 	 90.000
FD10903	18.000 	 0.000 	 90.000
FD10903	18.125 	 0.000 	 90.000
FD10903	18.250 	 0.000 	 90.000
FD10903	18.375 	 0.000 	 90.000
FD10903	18.500 	 0.000 	 90.000
FD10903	18.625 	 0.000 	 90.000
FD10903	18.750 	 0.000 	 90.000
FD10903	18.875 	 0.000 	 90.000
FD10903	19.000 	 0.000 	 90.000
FD10903	19.125 	 0.000 	 90.000
FD10903	19.250 	 0.000 	 90.000
FD10903	19.375 	 0.000 	 90.000
FD10903	19.500 	 0.000 	 90.000
FD10903	19.625 	 0.000 	 90.000
FD10903	19.750 	 0.000 	 90.000
FD10903	19.875 	 0.000 	 90.000
FD10903	20.000 	 0.000 	 90.000
FD10903	20.125 	 0.000 	 90.000
FD10903	20.250 	 0.000 	 90.000
FD10903	20.375 	 0.000 	 90.000
FD10903	20.500 	 0.000 	 90.000
FD10903	20.625 	 0.000 	 90.000
FD10903	20.750 	 0.000 	 90.000
FD10903	20.875 	 0.000 	 90.000
FD10903	21.000 	 0.000 	 90.000
FD10903	21.125 	 0.000 	 90.000
FD10903	21.250 	 0.000 	 90.000
FD10903	21.375 	 0.000 	 90.000
FD10903	21.500 	 0.000 	 90.000
FD10903	21.625 	 0.000 	 90.000
FD10903	21.750 	 0.000 	 90.000
FD10903	21.875 	 0.000 	 90.000
FD10903	22.000 	 0.000 	 90.000
FD10903	22.125 	 0.000 	 90.000
FD10903	22.250 	 0.000 	 90.000
FD10903	22.375 	 0.000 	 90.000
FD10903	22.500 	 0.000 	 90.000
FD10903	22.625 	 0.000 	 90.000
FD10903	22.750 	 0.000 	 90.000
FD10903	22.875 	 0.000 	 90.000
FD10903	23.000 	 0.000 	 90.000
FD10903	23.125 	 0.000 	 90.000
FD10903	23.250 	 0.000 	 90.000
FD10903	23.375 	 0.000 	 90.000
FD10903	23.500 	 0.000 	 90.000
FD10903	23.625 	 0.000 	 90.000
FD10903	23.750 	 0.000 	 90.000
FD10903	23.875 	 0.000 	 90.000
FD10903	24.000 	 0.000 	 90.000
FD10903	24.125 	 0.000 	 90.000
FD10903	24.250 	 0.000 	 90.000
FD10903	24.375 	 0.000 	 90.000
FD10903	24.500 	 0.000 	 90.000
FD10903	24.625 	 0.000 	 90.000
FD10903	24.750 	 0.000 	 90.000
FD10903	24.875 	 0.000 	 90.000
FD10903	25.000 	 0.000 	 90.000
FD10903	25.125 	 0.000 	 90.000
FD10903	25.250 	 0.000 	 90.000
FD10903	25.375 	 0.000 	 90.000
FD10903	25.500 	 0.000 	 90.000
FD10903	25.625 	 0.000 	 90.000
FD10903	25.750 	 0.000 	 90.000
FD10903	25.875 	 0.000 	 90.000
FD10903	26.000 	 0.000 	 90.000
FD10903	26.125 	 0.000 	 90.000
FD10903	26.250 	 0.000 	 90.000
FD10903	26.375 	 0.000 	 90.000
FD10903	26.500 	 0.000 	 90.000
FD10903	26.625 	 0.000 	 90.000
FD10903	26.750 	 0.000 	 90.000
FD10903	26.875 	 0.000 	 90.000
FD10903	27.000 	 0.000 	 90.000
FD10903	27.125 	 0.000 	 90.000
FD10903	27.250 	 0.000 	 90.000
FD10903	27.375 	 0.000 	 90.000
FD10903	27.500 	 0.000 	 90.000
FD10903	27.625 	 0.000 	 90.000
FD10903	27.750 	 0.000 	 90.000
FD10903	27.875 	 0.000 	 90.000
FD10903	28.000 	 0.000 	 90.000
FD10903	28.125 	 0.000 	 90.000
FD10903	28.250 	 0.000 	 90.000
FD10903	28.375 	 0.000 	 90.000
FD10903	28.500 	 0.000 	 90.000
FD10903	28.625 	 0.000 	 90.000
FD10903	28.750 	 0.000 	 90.000
FD10903	28.875 	 0.000 	 90.000
FD10903	29.000 	 0.000 	 90.000
FD10903	29.125 	 0.000 	 90.000
FD10903	29.250 	 0.000 	 90.000
FD10903	29.375 	 0.000 	 90.000
FD10903	29.500 	 0.000 	 90.000
FD10903	29.625 	 0.000 	 90.000
FD10903	29.750 	 0.000 	 90.000
FD10903	29.875 	 0.000 	 90.000
FD10903	30.000 	 0.000 	 90.000
FD10903	30.125 	 0.000 	 90.000
FD10903	30.250 	 0.000 	 90.000
FD10903	30.375 	 0.000 	 90.000
FD10903	30.500 	 0.000 	 90.000
FD10903	30.625 	 0.000 	 90.000
FD10903	30.750 	 0.000 	 90.000
FD10903	30.875 	 0.000 	 90.000
FD10903	31.000 	 0.000 	 90.000
FD10903	31.125 	 0.000 	 90.000
FD10903	31.250 	 0.000 	 90.000
FD10903	31.375 	 0.000 	 90.000
FD10903	31.500 	 0.000 	 90.000
FD10903	31.625 	 0.000 	 90.000
FD10903	31.750 	 0.000 	 90.000
FD10903	31.875 	 0.000 	 90.000
FD10903	32.000 	 0.000 	 90.000
FD10903	32.125 	 0.000 	 90.000
FD10903	32.250 	 0.000 	 90.000
FD10903	32.375 	 0.000 	 90.000
FD10903	32.500 	 0.000 	 90.000
FD10903	32.625 	 0.000 	 90.000
FD10903	32.750 	 0.000 	 90.000
FD10903	32.875 	 0.000 	 90.000
FD10903	33.000 	 0.000 	 90.000
FD10903	33.125 	 0.000 	 90.000
FD10903	33.250 	 0.000 	 90.000
FD10903	33.375 	 0.000 	 90.000
FD10903	33.500 	 0.000 	 90.000
FD10903	33.625 	 0.000 	 90.000
FD10903	33.750 	 0.000 	 90.000
FD10903	33.875 	 0.000 	 90.000
FD10903	34.000 	 0.000 	 90.000
FD10903	34.125 	 0.000 	 90.000
FD10903	34.250 	 0.000 	 90.000
FD10903	34.375 	 0.000 	 90.000
FD10903	34.500 	 0.000 	 90.000
FD10903	34.625 	 0.000 	 90.000
FD10903	34.750 	 0.000 	 90.000
FD10903	34.875 	 0.000 	 90.000
FD10903	35.000 	 0.000 	 90.000
FD10903	35.125 	 0.000 	 90.000
FD10903	35.250 	 0.000 	 90.000
FD10903	35.375 	 0.000 	 90.000
FD10903	35.500 	 0.000 	 90.000
FD10903	35.625 	 0.000 	 90.000
FD10903	35.750 	 0.000 	 90.000
FD10903	35.875 	 0.000 	 90.000
FD10903	36.000 	 0.000 	 90.000
FD10903	36.125 	 0.000 	 90.000
FD10903	36.250 	 0.000 	 90.000
FD10903	36.375 	 0.000 	 90.000
FD10903	36.500 	 0.000 	 90.000
FD10903	36.625 	 0.000 	 90.000
FD10903	36.750 	 0.000 	 90.000
FD10903	36.875 	 0.000 	 90.000
FD10903	37.000 	 0.000 	 90.000
FD10903	37.125 	 0.000 	 90.000
FD10903	37.250 	 0.000 	 90.000
FD10903	37.375 	 0.000 	 90.000
FD10903	37.500 	 0.000 	 90.000
FD10903	37.625 	 0.000 	 90.000
FD10903	37.750 	 0.000 	 90.000
FD10903	37.875 	 0.000 	 90.000
FD10903	38.000 	 0.000 	 90.000
FD10903	38.125 	 0.000 	 90.000
FD10903	38.250 	 0.000 	 90.000
FD10903	38.375 	 0.000 	 90.000
FD10903	38.500 	 0.000 	 90.000
FD10903	38.625 	 0.000 	 90.000
FD10903	38.750 	 0.000 	 90.000
FD10903	38.875 	 0.000 	 90.000
FD10903	39.000 	 0.000 	 90.000
FD10903	39.125 	 0.000 	 90.000
FD10903	39.250 	 0.000 	 90.000
FD10903	39.375 	 0.000 	 90.000
FD10903	39.500 	 0.000 	 90.000
FD10903	39.625 	 0.000 	 90.000
FD10903	39.750 	 0.000 	 90.000
FD10903	39.875 	 0.000 	 90.000
FD10903	40.000 	 0.000 	 90.000
FD10903	40.125 	 0.000 	 90.000
FD10903	40.250 	 0.000 	 90.000
FD10903	40.375 	 0.000 	 90.000
FD10903	40.500 	 0.000 	 90.000
FD10903	40.625 	 0.000 	 90.000
FD10903	40.750 	 0.000 	 90.000
FD10903	40.875 	 0.000 	 90.000
FD10903	41.000 	 0.000 	 90.000
FD10903	41.125 	 0.000 	 90.000
FD10903	41.250 	 0.000 	 90.000
FD10903	41.375 	 0.000 	 90.000
FD10903	41.500 	 0.000 	 90.000
FD10903	41.625 	 0.000 	 90.000
FD10903	41.750 	 0.000 	 90.000
FD10903	41.875 	 0.000 	 90.000
FD10903	42.000 	 0.000 	 90.000
FD10903	42.125 	 0.000 	 90.000
FD10903	42.250 	 0.000 	 90.000
FD10903	42.375 	 0.000 	 90.000
FD10903	42.500 	 0.000 	 90.000
FD10903	42.625 	 0.000 	 90.000
FD10903	42.750 	 0.000 	 90.000
FD10903	42.875 	 0.000 	 90.000
FD10903	43.000 	 0.000 	 90.000
FD10903	43.125 	 0.000 	 90.000
FD10903	43.250 	 0.000 	 90.000
FD10903	43.375 	 0.000 	 90.000
FD10903	43.500 	 0.000 	 90.000
FD10903	43.625 	 0.000 	 90.000
FD10903	43.750 	 0.000 	 90.000
FD10903	43.875 	 0.000 	 90.000
FD10903	44.000 	 0.000 	 90.000
FD10903	44.125 	 0.000 	 90.000
FD10903	44.250 	 0.000 	 90.000
FD10903	44.375 	 0.000 	 90.000
FD10903	44.500 	 0.000 	 90.000
FD10903	44.625 	 0.000 	 90.000
FD10903	44.750 	 0.000 	 90.000
FD10903	44.875 	 0.000 	 90.000
FD10903	45.000 	 0.000 	 90.000
FD10903	45.125 	 0.000 	 90.000
FD10903	45.250 	 0.000 	 90.000
FD10903	45.375 	 0.000 	 90.000
FD10903	45.500 	 0.000 	 90.000
FD10903	45.625 	 0.000 	 90.000
FD10903	45.750 	 0.000 	 90.000
FD10903	45.875 	 0.000 	 90.000
FD10903	46.000 	 0.000 	 90.000
FD10903	46.125 	 0.000 	 90.000
FD10903	46.250 	 0.000 	 90.000
FD10903	46.375 	 0.000 	 90.000
FD10903	46.500 	 0.000 	 90.000
FD10903	46.625 	 0.000 	 90.000
FD10903	46.750 	 0.000 	 90.000
FD10903	46.875 	 0.000 	 90.000
FD10903	47.000 	 0.000 	 90.000
FD10903	47.125 	 0.000 	 90.000
FD10903	47.250 	 0.000 	 90.000
FD10903	47.375 	 0.000 	 90.000
FD10903	47.500 	 0.000 	 90.000
FD10903	47.625 	 0.000 	 90.000
FD10903	47.750 	 0.000 	 90.000
FD10903	47.875 	 0.000 	 90.000
FD10903	48.000 	 0.000 	 90.000
FD10903	48.125 	 0.000 	 90.000
FD10903	48.250 	 0.000 	 90.000
FD10903	48.375 	 0.000 	 90.000
FD10903	48.500 	 0.000 	 90.000
FD10903	48.625 	 0.000 	 90.000
FD10903	48.750 	 0.000 	 90.000
FD10903	48.875 	 0.000 	 90.000
FD10903	49.000 	 0.000 	 90.000
FD10903	49.125 	 0.000 	 90.000
FD10903	49.250 	 0.000 	 90.000
FD10903	49.375 	 0.000 	 90.000
FD10903	49.500 	 0.000 	 90.000
FD10903	49.625 	 0.000 	 90.000
FD10903	49.750 	 0.000 	 90.000
FD10903	49.875 	 0.000 	 90.000
FD10903	50.000 	 0.000 	 90.000
FD10903	50.125 	 0.000 	 90.000
FD10903	50.250 	 0.000 	 90.000
FD10903	50.375 	 0.000 	 90.000
FD10903	50.500 	 0.000 	 90.000
FD10903	50.625 	 0.000 	 90.000
FD10903	50.750 	 0.000 	 90.000
FD10903	50.875 	 0.000 	 90.000
FD10903	51.000 	 0.000 	 90.000
FD10903	51.125 	 0.000 	 90.000
FD10903	51.250 	 0.000 	 90.000
FD10903	51.375 	 0.000 	 90.000
FD10903	51.500 	 0.000 	 90.000
FD10903	51.625 	 0.000 	 90.000
FD10903	51.750 	 0.000 	 90.000
FD10903	51.875 	 0.000 	 90.000
FD10903	52.000 	 0.000 	 90.000
FD10903	52.125 	 0.000 	 90.000
FD10903	52.250 	 0.000 	 90.000
FD10903	52.375 	 0.000 	 90.000
FD10903	52.500 	 0.000 	 90.000
FD10903	52.625 	 0.000 	 90.000
FD10903	52.750 	 0.000 	 90.000
FD10903	52.875 	 0.000 	 90.000
FD10903	53.000 	 0.000 	 90.000
FD10903	53.125 	 0.000 	 90.000
FD10903	53.250 	 0.000 	 90.000
FD10903	53.375 	 0.000 	 90.000
FD10903	53.500 	 0.000 	 90.000
FD10903	53.625 	 0.000 	 90.000
FD10903	53.750 	 0.000 	 90.000
FD10903	53.875 	 0.000 	 90.000
FD10903	54.000 	 0.000 	 90.000
FD10903	54.125 	 0.000 	 90.000
FD10903	54.250 	 0.000 	 90.000
FD10903	54.375 	 0.000 	 90.000
FD10903	54.500 	 0.000 	 90.000
FD10903	54.625 	 0.000 	 90.000
FD10903	54.750 	 0.000 	 90.000
FD10903	54.875 	 0.000 	 90.000
FD10903	55.000 	 0.000 	 90.000
FD10903	55.125 	 0.000 	 90.000
FD10903	55.250 	 0.000 	 90.000
FD10903	55.375 	 0.000 	 90.000
FD10903	55.500 	 0.000 	 90.000
FD10903	55.625 	 0.000 	 90.000
FD10903	55.750 	 0.000 	 90.000
FD10903	55.875 	 0.000 	 90.000
FD10903	56.000 	 0.000 	 90.000
FD10903	56.125 	 0.000 	 90.000
FD10903	56.250 	 0.000 	 90.000
FD10903	56.375 	 0.000 	 90.000
FD10903	56.500 	 0.000 	 90.000
FD10903	56.625 	 0.000 	 90.000
FD10903	56.750 	 0.000 	 90.000
FD10903	56.875 	 0.000 	 90.000
FD10903	57.000 	 0.000 	 90.000
FD10903	57.125 	 0.000 	 90.000
FD10903	57.250 	 0.000 	 90.000
FD10903	57.375 	 0.000 	 90.000
FD10903	57.500 	 0.000 	 90.000
FD10903	57.625 	 0.000 	 90.000
FD10903	57.750 	 0.000 	 90.000
FD10903	57.875 	 0.000 	 90.000
FD10903	58.000 	 0.000 	 90.000
FD10903	58.125 	 0.000 	 90.000
FD10903	58.250 	 0.000 	 90.000
FD10903	58.375 	 0.000 	 90.000
FD10903	58.500 	 0.000 	 90.000
FD10903	58.625 	 0.000 	 90.000
FD10903	58.750 	 0.000 	 90.000
FD10903	58.875 	 0.000 	 90.000
FD10903	59.000 	 0.000 	 90.000
FD10903	59.125 	 0.000 	 90.000
FD10903	59.250 	 0.000 	 90.000
FD10903	59.375 	 0.000 	 90.000
FD10903	59.500 	 0.000 	 90.000
FD10903	59.625 	 0.000 	 90.000
FD10903	59.750 	 0.000 	 90.000
FD10903	59.875 	 0.000 	 90.000
FD10903	60.000 	 0.000 	 90.000
FD10903	60.125 	 0.000 	 90.000
FD10903	60.250 	 0.000 	 90.000
FD10903	60.375 	 0.000 	 90.000
FD10903	60.500 	 0.000 	 90.000
FD10903	60.625 	 0.000 	 90.000
FD10903	60.750 	 0.000 	 90.000
FD10903	60.875 	 0.000 	 90.000
FD10903	61.000 	 0.000 	 90.000
FD10903	61.125 	 0.000 	 90.000
FD10903	61.250 	 0.000 	 90.000
FD10903	61.375 	 0.000 	 90.000
FD10903	61.500 	 0.000 	 90.000
FD10903	61.625 	 0.000 	 90.000
FD10903	61.750 	 0.000 	 90.000
FD10903	61.875 	 0.000 	 90.000
FD10903	62.000 	 0.000 	 90.000
FD10903	62.125 	 0.000 	 90.000
FD10903	62.250 	 0.000 	 90.000
FD10903	62.375 	 0.000 	 90.000
FD10903	62.500 	 0.000 	 90.000
FD10903	62.625 	 0.000 	 90.000
FD10903	62.750 	 0.000 	 90.000
FD10903	62.875 	 0.000 	 90.000
FD10903	63.000 	 0.000 	 90.000
FD10903	63.125 	 2.100 	 159.828
FD10903	63.250 	 2.111 	 159.602
FD10903	63.375 	 2.123 	 159.346
FD10903	63.500 	 2.134 	 159.083
FD10903	63.625 	 2.146 	 158.838
FD10903	63.750 	 2.157 	 158.659
FD10903	63.875 	 2.167 	 158.583
FD10903	64.000 	 2.178 	 158.617
FD10903	64.125 	 2.188 	 158.735
FD10903	64.250 	 2.199 	 158.884
FD10903	64.375 	 2.210 	 159.014
FD10903	64.500 	 2.220 	 159.077
FD10903	64.625 	 2.230 	 159.043
FD10903	64.750 	 2.241 	 158.912
FD10903	64.875 	 2.251 	 158.733
FD10903	65.000 	 2.261 	 158.585
FD10903	65.125 	 2.270 	 158.513
FD10903	65.250 	 2.280 	 158.507
FD10903	65.375 	 2.289 	 158.524
FD10903	65.500 	 2.298 	 158.527
FD10903	65.625 	 2.307 	 158.512
FD10903	65.750 	 2.315 	 158.478
FD10903	65.875 	 2.324 	 158.432
FD10903	66.000 	 2.333 	 158.382
FD10903	66.125 	 2.341 	 158.334
FD10903	66.250 	 2.349 	 158.282
FD10903	66.375 	 2.359 	 158.206
FD10903	66.500 	 2.368 	 158.091
FD10903	66.625 	 2.377 	 157.935
FD10903	66.750 	 2.388 	 157.732
FD10903	66.875 	 2.398 	 157.482
FD10903	67.000 	 2.410 	 157.203
FD10903	67.125 	 2.424 	 156.935
FD10903	67.250 	 2.437 	 156.730
FD10903	67.375 	 2.451 	 156.613
FD10903	67.500 	 2.465 	 156.557
FD10903	67.625 	 2.481 	 156.515
FD10903	67.750 	 2.497 	 156.444
FD10903	67.875 	 2.514 	 156.338
FD10903	68.000 	 2.531 	 156.218
FD10903	68.125 	 2.549 	 156.109
FD10903	68.250 	 2.567 	 156.018
FD10903	68.375 	 2.587 	 155.938
FD10903	68.500 	 2.605 	 155.845
FD10903	68.625 	 2.623 	 155.727
FD10903	68.750 	 2.642 	 155.584
FD10903	68.875 	 2.660 	 155.432
FD10903	69.000 	 2.678 	 155.284
FD10903	69.125 	 2.695 	 155.140
FD10903	69.250 	 2.713 	 154.997
FD10903	69.375 	 2.729 	 154.855
FD10903	69.500 	 2.746 	 154.723
FD10903	69.625 	 2.762 	 154.614
FD10903	69.750 	 2.777 	 154.544
FD10903	69.875 	 2.793 	 154.515
FD10903	70.000 	 2.807 	 154.522
FD10903	70.125 	 2.823 	 154.548
FD10903	70.250 	 2.837 	 154.580
FD10903	70.375 	 2.851 	 154.616
FD10903	70.500 	 2.865 	 154.671
FD10903	70.625 	 2.879 	 154.758
FD10903	70.750 	 2.892 	 154.876
FD10903	70.875 	 2.904 	 155.002
FD10903	71.000 	 2.917 	 155.108
FD10903	71.125 	 2.929 	 155.182
FD10903	71.250 	 2.941 	 155.233
FD10903	71.375 	 2.953 	 155.274
FD10903	71.500 	 2.965 	 155.302
FD10903	71.625 	 2.975 	 155.284
FD10903	71.750 	 2.986 	 155.179
FD10903	71.875 	 2.997 	 154.979
FD10903	72.000 	 3.007 	 154.720
FD10903	72.125 	 3.017 	 154.458
FD10903	72.250 	 3.026 	 154.225
FD10903	72.375 	 3.036 	 154.014
FD10903	72.500 	 3.046 	 153.802
FD10903	72.625 	 3.057 	 153.590
FD10903	72.750 	 3.069 	 153.403
FD10903	72.875 	 3.080 	 153.252
FD10903	73.000 	 3.093 	 153.124
FD10903	73.125 	 3.105 	 152.985
FD10903	73.250 	 3.119 	 152.811
FD10903	73.375 	 3.133 	 152.614
FD10903	73.500 	 3.148 	 152.431
FD10903	73.625 	 3.164 	 152.296
FD10903	73.750 	 3.180 	 152.224
FD10903	73.875 	 3.197 	 152.201
FD10903	74.000 	 3.216 	 152.202
FD10903	74.125 	 3.235 	 152.216
FD10903	74.250 	 3.255 	 152.241
FD10903	74.375 	 3.275 	 152.286
FD10903	74.500 	 3.297 	 152.349
FD10903	74.625 	 3.319 	 152.413
FD10903	74.750 	 3.341 	 152.464
FD10903	74.875 	 3.363 	 152.507
FD10903	75.000 	 3.387 	 152.546
FD10903	75.125 	 3.410 	 152.590
FD10903	75.250 	 3.433 	 152.647
FD10903	75.375 	 3.457 	 152.723
FD10903	75.500 	 3.481 	 152.804
FD10903	75.625 	 3.506 	 152.853
FD10903	75.750 	 3.530 	 152.821
FD10903	75.875 	 3.555 	 152.694
FD10903	76.000 	 3.581 	 152.491
FD10903	76.125 	 3.606 	 152.245
FD10903	76.250 	 3.631 	 151.982
FD10903	76.375 	 3.656 	 151.717
FD10903	76.500 	 3.682 	 151.486
FD10903	76.625 	 3.707 	 151.338
FD10903	76.750 	 3.733 	 151.301
FD10903	76.875 	 3.759 	 151.353
FD10903	77.000 	 3.785 	 151.428
FD10903	77.125 	 3.810 	 151.474
FD10903	77.250 	 3.836 	 151.470
FD10903	77.375 	 3.860 	 151.431
FD10903	77.500 	 3.886 	 151.386
FD10903	77.625 	 3.911 	 151.356
FD10903	77.750 	 3.936 	 151.338
FD10903	77.875 	 3.961 	 151.324
FD10903	78.000 	 3.987 	 151.304
FD10903	78.125 	 4.011 	 151.271
FD10903	78.250 	 4.037 	 151.231
FD10903	78.375 	 4.061 	 151.196
FD10903	78.500 	 4.086 	 151.178
FD10903	78.625 	 4.110 	 151.172
FD10903	78.750 	 4.134 	 151.149
FD10903	78.875 	 4.158 	 151.087
FD10903	79.000 	 4.181 	 150.979
FD10903	79.125 	 4.205 	 150.835
FD10903	79.250 	 4.228 	 150.673
FD10903	79.375 	 4.250 	 150.501
FD10903	79.500 	 4.273 	 150.326
FD10903	79.625 	 4.295 	 150.152
FD10903	79.750 	 4.317 	 149.980
FD10903	79.875 	 4.338 	 149.804
FD10903	80.000 	 4.358 	 149.614
FD10903	80.125 	 4.380 	 149.403
FD10903	80.250 	 4.400 	 149.171
FD10903	80.375 	 4.420 	 148.926
FD10903	80.500 	 4.440 	 148.683
FD10903	80.625 	 4.460 	 148.457
FD10903	80.750 	 4.480 	 148.260
FD10903	80.875 	 4.500 	 148.092
FD10903	81.000 	 4.520 	 147.949
FD10903	81.125 	 4.540 	 147.836
FD10903	81.250 	 4.560 	 147.761
FD10903	81.375 	 4.580 	 147.729
FD10903	81.500 	 4.602 	 147.724
FD10903	81.625 	 4.624 	 147.720
FD10903	81.750 	 4.646 	 147.691
FD10903	81.875 	 4.668 	 147.638
FD10903	82.000 	 4.692 	 147.572
FD10903	82.125 	 4.715 	 147.498
FD10903	82.250 	 4.739 	 147.408
FD10903	82.375 	 4.765 	 147.289
FD10903	82.500 	 4.790 	 147.135
FD10903	82.625 	 4.817 	 146.951
FD10903	82.750 	 4.844 	 146.748
FD10903	82.875 	 4.872 	 146.550
FD10903	83.000 	 4.901 	 146.382
FD10903	83.125 	 4.930 	 146.257
FD10903	83.250 	 4.959 	 146.176
FD10903	83.375 	 4.989 	 146.122
FD10903	83.500 	 5.020 	 146.078
FD10903	83.625 	 5.050 	 146.018
FD10903	83.750 	 5.081 	 145.931
FD10903	83.875 	 5.111 	 145.821
FD10903	84.000 	 5.143 	 145.709
FD10903	84.125 	 5.174 	 145.613
FD10903	84.250 	 5.204 	 145.522
FD10903	84.375 	 5.235 	 145.412
FD10903	84.500 	 5.265 	 145.267
FD10903	84.625 	 5.296 	 145.090
FD10903	84.750 	 5.326 	 144.908
FD10903	84.875 	 5.356 	 144.734
FD10903	85.000 	 5.385 	 144.574
FD10903	85.125 	 5.414 	 144.434
FD10903	85.250 	 5.442 	 144.337
FD10903	85.375 	 5.471 	 144.289
FD10903	85.500 	 5.498 	 144.276
FD10903	85.625 	 5.526 	 144.260
FD10903	85.750 	 5.553 	 144.205
FD10903	85.875 	 5.580 	 144.101
FD10903	86.000 	 5.606 	 143.970
FD10903	86.125 	 5.633 	 143.846
FD10903	86.250 	 5.659 	 143.766
FD10903	86.375 	 5.686 	 143.738
FD10903	86.500 	 5.712 	 143.729
FD10903	86.625 	 5.739 	 143.694
FD10903	86.750 	 5.767 	 143.614
FD10903	86.875 	 5.795 	 143.507
FD10903	87.000 	 5.824 	 143.409
FD10903	87.125 	 5.854 	 143.341
FD10903	87.250 	 5.884 	 143.302
FD10903	87.375 	 5.916 	 143.281
FD10903	87.500 	 5.948 	 143.262
FD10903	87.625 	 5.982 	 143.232
FD10903	87.750 	 6.017 	 143.190
FD10903	87.875 	 6.053 	 143.132
FD10903	88.000 	 6.089 	 143.055
FD10903	88.125 	 6.127 	 142.959
FD10903	88.250 	 6.166 	 142.855
FD10903	88.375 	 6.205 	 142.758
FD10903	88.500 	 6.244 	 142.675
FD10903	88.625 	 6.284 	 142.603
FD10903	88.750 	 6.325 	 142.525
FD10903	88.875 	 6.365 	 142.443
FD10903	89.000 	 6.406 	 142.367
FD10903	89.125 	 6.446 	 142.310
FD10903	89.250 	 6.486 	 142.263
FD10903	89.375 	 6.526 	 142.213
FD10903	89.500 	 6.565 	 142.158
FD10903	89.625 	 6.604 	 142.108
FD10903	89.750 	 6.642 	 142.073
FD10903	89.875 	 6.680 	 142.051
FD10903	90.000 	 6.717 	 142.033
FD10903	90.125 	 6.753 	 142.014
FD10903	90.250 	 6.789 	 141.998
FD10903	90.375 	 6.823 	 141.998
FD10903	90.500 	 6.857 	 142.018
FD10903	90.625 	 6.891 	 142.047
FD10903	90.750 	 6.923 	 142.070
FD10903	90.875 	 6.955 	 142.087
FD10903	91.000 	 6.986 	 142.115
FD10903	91.125 	 7.016 	 142.163
FD10903	91.250 	 7.046 	 142.210
FD10903	91.375 	 7.076 	 142.210
FD10903	91.500 	 7.105 	 142.134
FD10903	91.625 	 7.135 	 141.991
FD10903	91.750 	 7.164 	 141.825
FD10903	91.875 	 7.194 	 141.675
FD10903	92.000 	 7.223 	 141.553
FD10903	92.125 	 7.253 	 141.446
FD10903	92.250 	 7.283 	 141.332
FD10903	92.375 	 7.314 	 141.209
FD10903	92.500 	 7.344 	 141.083
FD10903	92.625 	 7.376 	 140.960
FD10903	92.750 	 7.406 	 140.838
FD10903	92.875 	 7.438 	 140.713
FD10903	93.000 	 7.469 	 140.597
FD10903	93.125 	 7.501 	 140.506
FD10903	93.250 	 7.533 	 140.441
FD10903	93.375 	 7.565 	 140.389
FD10903	93.500 	 7.597 	 140.333
FD10903	93.625 	 7.629 	 140.278
FD10903	93.750 	 7.661 	 140.245
FD10903	93.875 	 7.693 	 140.249
FD10903	94.000 	 7.725 	 140.280
FD10903	94.125 	 7.757 	 140.326
FD10903	94.250 	 7.788 	 140.404
FD10903	94.375 	 7.820 	 140.537
FD10903	94.500 	 7.852 	 140.724
FD10903	94.625 	 7.885 	 140.919
FD10903	94.750 	 7.917 	 141.056
FD10903	94.875 	 7.950 	 141.105
FD10903	95.000 	 7.984 	 141.081
FD10903	95.125 	 8.017 	 141.030
FD10903	95.250 	 8.051 	 140.998
FD10903	95.375 	 8.086 	 140.997
FD10903	95.500 	 8.120 	 141.023
FD10903	95.625 	 8.156 	 141.065
FD10903	95.750 	 8.190 	 141.114
FD10903	95.875 	 8.226 	 141.164
FD10903	96.000 	 8.263 	 141.211
FD10903	96.125 	 8.298 	 141.255
FD10903	96.250 	 8.333 	 141.307
FD10903	96.375 	 8.368 	 141.376
FD10903	96.500 	 8.404 	 141.453
FD10903	96.625 	 8.438 	 141.521
FD10903	96.750 	 8.472 	 141.561
FD10903	96.875 	 8.506 	 141.566
FD10903	97.000 	 8.539 	 141.539
FD10903	97.125 	 8.572 	 141.492
FD10903	97.250 	 8.604 	 141.438
FD10903	97.375 	 8.634 	 141.383
FD10903	97.500 	 8.665 	 141.329
FD10903	97.625 	 8.696 	 141.285
FD10903	97.750 	 8.726 	 141.263
FD10903	97.875 	 8.756 	 141.270
FD10903	98.000 	 8.786 	 141.290
FD10903	98.125 	 8.816 	 141.290
FD10903	98.250 	 8.847 	 141.237
FD10903	98.375 	 8.877 	 141.131
FD10903	98.500 	 8.909 	 141.006
FD10903	98.625 	 8.940 	 140.910
FD10903	98.750 	 8.973 	 140.883
FD10903	98.875 	 9.004 	 140.930
FD10903	99.000 	 9.037 	 141.021
FD10903	99.125 	 9.072 	 141.119
FD10903	99.250 	 9.104 	 141.196
FD10903	99.375 	 9.138 	 141.242
FD10903	99.500 	 9.172 	 141.254
FD10903	99.625 	 9.204 	 141.231
FD10903	99.750 	 9.238 	 141.179
FD10903	99.875 	 9.270 	 141.116
FD10903	100.000 	 9.301 	 141.061
FD10903	100.125 	 9.332 	 141.030
FD10903	100.250 	 9.362 	 141.032
FD10903	100.375 	 9.391 	 141.062
FD10903	100.500 	 9.420 	 141.102
FD10903	100.625 	 9.447 	 141.131
FD10903	100.750 	 9.474 	 141.143
FD10903	100.875 	 9.499 	 141.155
FD10903	101.000 	 9.524 	 141.186
FD10903	101.125 	 9.547 	 141.231
FD10903	101.250 	 9.569 	 141.262
FD10903	101.375 	 9.591 	 141.260
FD10903	101.500 	 9.610 	 141.221
FD10903	101.625 	 9.629 	 141.166
FD10903	101.750 	 9.648 	 141.113
FD10903	101.875 	 9.666 	 141.075
FD10903	102.000 	 9.682 	 141.057
FD10903	102.125 	 9.697 	 141.051
FD10903	102.250 	 9.713 	 141.062
FD10903	102.375 	 9.727 	 141.099
FD10903	102.500 	 9.742 	 141.168
FD10903	102.625 	 9.756 	 141.260
FD10903	102.750 	 9.770 	 141.352
FD10903	102.875 	 9.784 	 141.416
FD10903	103.000 	 9.799 	 141.423
FD10903	103.125 	 9.814 	 141.373
FD10903	103.250 	 9.828 	 141.294
FD10903	103.375 	 9.843 	 141.229
FD10903	103.500 	 9.859 	 141.204
FD10903	103.625 	 9.876 	 141.219
FD10903	103.750 	 9.893 	 141.252
FD10903	103.875 	 9.909 	 141.285
FD10903	104.000 	 9.927 	 141.313
FD10903	104.125 	 9.946 	 141.344
FD10903	104.250 	 9.965 	 141.388
FD10903	104.375 	 9.984 	 141.444
FD10903	104.500 	 10.004 	 141.506
FD10903	104.625 	 10.025 	 141.555
FD10903	104.750 	 10.043 	 141.572
FD10903	104.875 	 10.064 	 141.551
FD10903	105.000 	 10.085 	 141.501
FD10903	105.125 	 10.105 	 141.452
FD10903	105.250 	 10.126 	 141.431
FD10903	105.375 	 10.148 	 141.436
FD10903	105.500 	 10.168 	 141.447
FD10903	105.625 	 10.190 	 141.444
FD10903	105.750 	 10.210 	 141.427
FD10903	105.875 	 10.232 	 141.416
FD10903	106.000 	 10.252 	 141.425
FD10903	106.125 	 10.274 	 141.466
FD10903	106.250 	 10.294 	 141.550
FD10903	106.375 	 10.317 	 141.680
FD10903	106.500 	 10.337 	 141.846
FD10903	106.625 	 10.358 	 142.013
FD10903	106.750 	 10.379 	 142.130
FD10903	106.875 	 10.399 	 142.166
FD10903	107.000 	 10.420 	 142.128
FD10903	107.125 	 10.442 	 142.053
FD10903	107.250 	 10.462 	 141.989
FD10903	107.375 	 10.484 	 141.953
FD10903	107.500 	 10.505 	 141.931
FD10903	107.625 	 10.527 	 141.893
FD10903	107.750 	 10.549 	 141.818
FD10903	107.875 	 10.571 	 141.710
FD10903	108.000 	 10.594 	 141.593
FD10903	108.125 	 10.617 	 141.500
FD10903	108.250 	 10.640 	 141.461
FD10903	108.375 	 10.665 	 141.492
FD10903	108.500 	 10.688 	 141.597
FD10903	108.625 	 10.712 	 141.759
FD10903	108.750 	 10.737 	 141.958
FD10903	108.875 	 10.761 	 142.172
FD10903	109.000 	 10.787 	 142.367
FD10903	109.125 	 10.811 	 142.513
FD10903	109.250 	 10.836 	 142.597
FD10903	109.375 	 10.861 	 142.641
FD10903	109.500 	 10.886 	 142.687
FD10903	109.625 	 10.910 	 142.767
FD10903	109.750 	 10.933 	 142.877
FD10903	109.875 	 10.957 	 142.992
FD10903	110.000 	 10.980 	 143.085
FD10903	110.125 	 11.002 	 143.154
FD10903	110.250 	 11.024 	 143.215
FD10903	110.375 	 11.046 	 143.281
FD10903	110.500 	 11.066 	 143.355
FD10903	110.625 	 11.088 	 143.438
FD10903	110.750 	 11.109 	 143.527
FD10903	110.875 	 11.128 	 143.620
FD10903	111.000 	 11.147 	 143.697
FD10903	111.125 	 11.167 	 143.736
FD10903	111.250 	 11.186 	 143.719
FD10903	111.375 	 11.205 	 143.647
FD10903	111.500 	 11.225 	 143.531
FD10903	111.625 	 11.244 	 143.380
FD10903	111.750 	 11.264 	 143.201
FD10903	111.875 	 11.283 	 143.006
FD10903	112.000 	 11.303 	 142.823
FD10903	112.125 	 11.323 	 142.678
FD10903	112.250 	 11.343 	 142.584
FD10903	112.375 	 11.365 	 142.536
FD10903	112.500 	 11.387 	 142.517
FD10903	112.625 	 11.407 	 142.517
FD10903	112.750 	 11.431 	 142.528
FD10903	112.875 	 11.453 	 142.544
FD10903	113.000 	 11.476 	 142.551
FD10903	113.125 	 11.498 	 142.536
FD10903	113.250 	 11.521 	 142.495
FD10903	113.375 	 11.543 	 142.452
FD10903	113.500 	 11.565 	 142.453
FD10903	113.625 	 11.587 	 142.524
FD10903	113.750 	 11.609 	 142.645
FD10903	113.875 	 11.629 	 142.767
FD10903	114.000 	 11.648 	 142.847
FD10903	114.125 	 11.668 	 142.883
FD10903	114.250 	 11.685 	 142.902
FD10903	114.375 	 11.703 	 142.928
FD10903	114.500 	 11.719 	 142.961
FD10903	114.625 	 11.734 	 142.993
FD10903	114.750 	 11.748 	 143.009
FD10903	114.875 	 11.761 	 143.000
FD10903	115.000 	 11.773 	 142.969
FD10903	115.125 	 11.784 	 142.933
FD10903	115.250 	 11.793 	 142.909
FD10903	115.375 	 11.803 	 142.900
FD10903	115.500 	 11.811 	 142.881
FD10903	115.625 	 11.818 	 142.832
FD10903	115.750 	 11.825 	 142.749
FD10903	115.875 	 11.831 	 142.649
FD10903	116.000 	 11.837 	 142.563
FD10903	116.125 	 11.841 	 142.515
FD10903	116.250 	 11.846 	 142.524
FD10903	116.375 	 11.851 	 142.586
FD10903	116.500 	 11.857 	 142.677
FD10903	116.625 	 11.862 	 142.775
FD10903	116.750 	 11.867 	 142.884
FD10903	116.875 	 11.873 	 143.031
FD10903	117.000 	 11.879 	 143.230
FD10903	117.125 	 11.885 	 143.464
FD10903	117.250 	 11.893 	 143.697
FD10903	117.375 	 11.899 	 143.902
FD10903	117.500 	 11.908 	 144.056
FD10903	117.625 	 11.916 	 144.142
FD10903	117.750 	 11.925 	 144.147
FD10903	117.875 	 11.934 	 144.082
FD10903	118.000 	 11.944 	 143.988
FD10903	118.125 	 11.955 	 143.919
FD10903	118.250 	 11.966 	 143.909
FD10903	118.375 	 11.977 	 143.955
FD10903	118.500 	 11.991 	 144.021
FD10903	118.625 	 12.002 	 144.069
FD10903	118.750 	 12.016 	 144.077
FD10903	118.875 	 12.028 	 144.042
FD10903	119.000 	 12.043 	 143.987
FD10903	119.125 	 12.057 	 143.937
FD10903	119.250 	 12.072 	 143.919
FD10903	119.375 	 12.085 	 143.944
FD10903	119.500 	 12.101 	 144.004
FD10903	119.625 	 12.115 	 144.084
FD10903	119.750 	 12.131 	 144.165
FD10903	119.875 	 12.146 	 144.244
FD10903	120.000 	 12.162 	 144.323
FD10903	120.125 	 12.178 	 144.407
FD10903	120.250 	 12.195 	 144.496
FD10903	120.375 	 12.211 	 144.589
FD10903	120.500 	 12.228 	 144.675
FD10903	120.625 	 12.243 	 144.738
FD10903	120.750 	 12.261 	 144.772
FD10903	120.875 	 12.278 	 144.781
FD10903	121.000 	 12.296 	 144.794
FD10903	121.125 	 12.313 	 144.836
FD10903	121.250 	 12.330 	 144.913
FD10903	121.375 	 12.347 	 145.010
FD10903	121.500 	 12.367 	 145.111
FD10903	121.625 	 12.384 	 145.211
FD10903	121.750 	 12.402 	 145.316
FD10903	121.875 	 12.421 	 145.426
FD10903	122.000 	 12.438 	 145.532
FD10903	122.125 	 12.456 	 145.626
FD10903	122.250 	 12.473 	 145.711
FD10903	122.375 	 12.492 	 145.791
FD10903	122.500 	 12.512 	 145.875
FD10903	122.625 	 12.529 	 145.958
FD10903	122.750 	 12.547 	 146.031
FD10903	122.875 	 12.567 	 146.085
FD10903	123.000 	 12.584 	 146.113
FD10903	123.125 	 12.603 	 146.123
FD10903	123.250 	 12.622 	 146.126
FD10903	123.375 	 12.640 	 146.127
FD10903	123.500 	 12.658 	 146.126
FD10903	123.625 	 12.676 	 146.119
FD10903	123.750 	 12.695 	 146.111
FD10903	123.875 	 12.712 	 146.114
FD10903	124.000 	 12.730 	 146.143
FD10903	124.125 	 12.746 	 146.202
FD10903	124.250 	 12.765 	 146.276
FD10903	124.375 	 12.781 	 146.345
FD10903	124.500 	 12.798 	 146.380
FD10903	124.625 	 12.814 	 146.374
FD10903	124.750 	 12.830 	 146.331
FD10903	124.875 	 12.846 	 146.263
FD10903	125.000 	 12.862 	 146.171
FD10903	125.125 	 12.877 	 146.066
FD10903	125.250 	 12.891 	 145.956
FD10903	125.375 	 12.906 	 145.857
FD10903	125.500 	 12.921 	 145.784
FD10903	125.625 	 12.935 	 145.734
FD10903	125.750 	 12.949 	 145.702
FD10903	125.875 	 12.963 	 145.689
FD10903	126.000 	 12.978 	 145.691
FD10903	126.125 	 12.992 	 145.707
FD10903	126.250 	 13.006 	 145.725
FD10903	126.375 	 13.021 	 145.725
FD10903	126.500 	 13.037 	 145.697
FD10903	126.625 	 13.051 	 145.640
FD10903	126.750 	 13.067 	 145.570
FD10903	126.875 	 13.083 	 145.507
FD10903	127.000 	 13.098 	 145.474
FD10903	127.125 	 13.115 	 145.480
FD10903	127.250 	 13.132 	 145.531
FD10903	127.375 	 13.148 	 145.608
FD10903	127.500 	 13.166 	 145.694
FD10903	127.625 	 13.184 	 145.768
FD10903	127.750 	 13.202 	 145.826
FD10903	127.875 	 13.221 	 145.871
FD10903	128.000 	 13.241 	 145.919
FD10903	128.125 	 13.261 	 145.977
FD10903	128.250 	 13.282 	 146.040
FD10903	128.375 	 13.302 	 146.102
FD10903	128.500 	 13.324 	 146.166
FD10903	128.625 	 13.346 	 146.241
FD10903	128.750 	 13.369 	 146.335
FD10903	128.875 	 13.391 	 146.442
FD10903	129.000 	 13.417 	 146.554
FD10903	129.125 	 13.440 	 146.668
FD10903	129.250 	 13.466 	 146.788
FD10903	129.375 	 13.494 	 146.915
FD10903	129.500 	 13.516 	 147.044
FD10903	129.625 	 13.544 	 147.165
FD10903	129.750 	 13.569 	 147.266
FD10903	129.875 	 13.598 	 147.341
FD10903	130.000 	 13.625 	 147.397
FD10903	130.125 	 13.651 	 147.435
FD10903	130.250 	 13.679 	 147.461
FD10903	130.375 	 13.708 	 147.469
FD10903	130.500 	 13.734 	 147.461
FD10903	130.625 	 13.763 	 147.445
FD10903	130.750 	 13.790 	 147.439
FD10903	130.875 	 13.816 	 147.455
FD10903	131.000 	 13.846 	 147.503
FD10903	131.125 	 13.876 	 147.584
FD10903	131.250 	 13.902 	 147.687
FD10903	131.375 	 13.929 	 147.796
FD10903	131.500 	 13.959 	 147.889
FD10903	131.625 	 13.989 	 147.961
FD10903	131.750 	 14.014 	 148.017
FD10903	131.875 	 14.044 	 148.074
FD10903	132.000 	 14.073 	 148.139
FD10903	132.125 	 14.101 	 148.212
FD10903	132.250 	 14.128 	 148.291
FD10903	132.375 	 14.159 	 148.370
FD10903	132.500 	 14.184 	 148.447
FD10903	132.625 	 14.213 	 148.521
FD10903	132.750 	 14.241 	 148.596
FD10903	132.875 	 14.266 	 148.668
FD10903	133.000 	 14.295 	 148.733
FD10903	133.125 	 14.320 	 148.786
FD10903	133.250 	 14.347 	 148.837
FD10903	133.375 	 14.371 	 148.890
FD10903	133.500 	 14.399 	 148.950
FD10903	133.625 	 14.422 	 149.015
FD10903	133.750 	 14.446 	 149.074
FD10903	133.875 	 14.469 	 149.126
FD10903	134.000 	 14.496 	 149.181
FD10903	134.125 	 14.516 	 149.244
FD10903	134.250 	 14.541 	 149.325
FD10903	134.375 	 14.560 	 149.417
FD10903	134.500 	 14.585 	 149.505
FD10903	134.625 	 14.607 	 149.577
FD10903	134.750 	 14.629 	 149.630
FD10903	134.875 	 14.649 	 149.665
FD10903	135.000 	 14.671 	 149.687
FD10903	135.125 	 14.693 	 149.708
FD10903	135.250 	 14.713 	 149.737
FD10903	135.375 	 14.736 	 149.782
FD10903	135.500 	 14.755 	 149.847
FD10903	135.625 	 14.776 	 149.926
FD10903	135.750 	 14.797 	 150.004
FD10903	135.875 	 14.817 	 150.071
FD10903	136.000 	 14.837 	 150.115
FD10903	136.125 	 14.858 	 150.139
FD10903	136.250 	 14.879 	 150.144
FD10903	136.375 	 14.898 	 150.138
FD10903	136.500 	 14.919 	 150.123
FD10903	136.625 	 14.941 	 150.108
FD10903	136.750 	 14.958 	 150.091
FD10903	136.875 	 14.980 	 150.070
FD10903	137.000 	 14.997 	 150.044
FD10903	137.125 	 15.020 	 150.010
FD10903	137.250 	 15.041 	 149.975
FD10903	137.375 	 15.060 	 149.944
FD10903	137.500 	 15.081 	 149.919
FD10903	137.625 	 15.103 	 149.896
FD10903	137.750 	 15.122 	 149.871
FD10903	137.875 	 15.145 	 149.842
FD10903	138.000 	 15.165 	 149.813
FD10903	138.125 	 15.188 	 149.794
FD10903	138.250 	 15.210 	 149.783
FD10903	138.375 	 15.234 	 149.779
FD10903	138.500 	 15.255 	 149.770
FD10903	138.625 	 15.281 	 149.754
FD10903	138.750 	 15.303 	 149.736
FD10903	138.875 	 15.330 	 149.725
FD10903	139.000 	 15.353 	 149.722
FD10903	139.125 	 15.380 	 149.733
FD10903	139.250 	 15.405 	 149.745
FD10903	139.375 	 15.433 	 149.755
FD10903	139.500 	 15.458 	 149.758
FD10903	139.625 	 15.485 	 149.749
FD10903	139.750 	 15.515 	 149.730
FD10903	139.875 	 15.540 	 149.707
FD10903	140.000 	 15.570 	 149.684
FD10903	140.125 	 15.598 	 149.676
FD10903	140.250 	 15.625 	 149.689
FD10903	140.375 	 15.655 	 149.717
FD10903	140.500 	 15.684 	 149.749
FD10903	140.625 	 15.712 	 149.771
FD10903	140.750 	 15.741 	 149.779
FD10903	140.875 	 15.770 	 149.778
FD10903	141.000 	 15.802 	 149.778
FD10903	141.125 	 15.831 	 149.778
FD10903	141.250 	 15.861 	 149.776
FD10903	141.375 	 15.891 	 149.770
FD10903	141.500 	 15.923 	 149.762
FD10903	141.625 	 15.956 	 149.751
FD10903	141.750 	 15.989 	 149.735
FD10903	141.875 	 16.021 	 149.717
FD10903	142.000 	 16.055 	 149.699
FD10903	142.125 	 16.093 	 149.676
FD10903	142.250 	 16.127 	 149.644
FD10903	142.375 	 16.165 	 149.590
FD10903	142.500 	 16.201 	 149.507
FD10903	142.625 	 16.241 	 149.410
FD10903	142.750 	 16.279 	 149.317
FD10903	142.875 	 16.319 	 149.253
FD10903	143.000 	 16.360 	 149.229
FD10903	143.125 	 16.402 	 149.238
FD10903	143.250 	 16.439 	 149.260
FD10903	143.375 	 16.482 	 149.285
FD10903	143.500 	 16.524 	 149.313
FD10903	143.625 	 16.562 	 149.353
FD10903	143.750 	 16.605 	 149.398
FD10903	143.875 	 16.644 	 149.445
FD10903	144.000 	 16.685 	 149.485
FD10903	144.125 	 16.725 	 149.513
FD10903	144.250 	 16.764 	 149.530
FD10903	144.375 	 16.804 	 149.534
FD10903	144.500 	 16.842 	 149.523
FD10903	144.625 	 16.881 	 149.501
FD10903	144.750 	 16.919 	 149.475
FD10903	144.875 	 16.958 	 149.447
FD10903	145.000 	 16.997 	 149.416
FD10903	145.125 	 17.037 	 149.380
FD10903	145.250 	 17.074 	 149.340
FD10903	145.375 	 17.112 	 149.297
FD10903	145.500 	 17.148 	 149.255
FD10903	145.625 	 17.187 	 149.217
FD10903	145.750 	 17.223 	 149.187
FD10903	145.875 	 17.260 	 149.173
FD10903	146.000 	 17.295 	 149.187
FD10903	146.125 	 17.332 	 149.239
FD10903	146.250 	 17.368 	 149.326
FD10903	146.375 	 17.399 	 149.431
FD10903	146.500 	 17.437 	 149.521
FD10903	146.625 	 17.469 	 149.570
FD10903	146.750 	 17.501 	 149.573
FD10903	146.875 	 17.532 	 149.537
FD10903	147.000 	 17.565 	 149.484
FD10903	147.125 	 17.598 	 149.421
FD10903	147.250 	 17.625 	 149.348
FD10903	147.375 	 17.657 	 149.270
FD10903	147.500 	 17.689 	 149.194
FD10903	147.625 	 17.716 	 149.135
FD10903	147.750 	 17.746 	 149.100
FD10903	147.875 	 17.775 	 149.088
FD10903	148.000 	 17.806 	 149.083
FD10903	148.125 	 17.832 	 149.072
FD10903	148.250 	 17.862 	 149.043
FD10903	148.375 	 17.890 	 149.000
FD10903	148.500 	 17.921 	 148.961
FD10903	148.625 	 17.947 	 148.947
FD10903	148.750 	 17.978 	 148.968
FD10903	148.875 	 18.008 	 149.004
FD10903	149.000 	 18.034 	 149.024
FD10903	149.125 	 18.065 	 149.007
FD10903	149.250 	 18.091 	 148.965
FD10903	149.375 	 18.124 	 148.916
FD10903	149.500 	 18.149 	 148.872
FD10903	149.625 	 18.182 	 148.826
FD10903	149.750 	 18.208 	 148.769
FD10903	149.875 	 18.238 	 148.696
FD10903	150.000 	 18.265 	 148.629
FD10903	150.125 	 18.295 	 148.579
FD10903	150.250 	 18.326 	 148.554
FD10903	150.375 	 18.351 	 148.541
FD10903	150.500 	 18.382 	 148.525
FD10903	150.625 	 18.412 	 148.496
FD10903	150.750 	 18.436 	 148.452
FD10903	150.875 	 18.465 	 148.399
FD10903	151.000 	 18.493 	 148.330
FD10903	151.125 	 18.519 	 148.250
FD10903	151.250 	 18.545 	 148.166
FD10903	151.375 	 18.573 	 148.084
FD10903	151.500 	 18.599 	 148.014
FD10903	151.625 	 18.624 	 147.942
FD10903	151.750 	 18.649 	 147.859
FD10903	151.875 	 18.674 	 147.757
FD10903	152.000 	 18.701 	 147.646
FD10903	152.125 	 18.722 	 147.538
FD10903	152.250 	 18.749 	 147.448
FD10903	152.375 	 18.772 	 147.389
FD10903	152.500 	 18.793 	 147.366
FD10903	152.625 	 18.819 	 147.371
FD10903	152.750 	 18.842 	 147.396
FD10903	152.875 	 18.864 	 147.423
FD10903	153.000 	 18.886 	 147.438
FD10903	153.125 	 18.908 	 147.430
FD10903	153.250 	 18.932 	 147.399
FD10903	153.375 	 18.951 	 147.354
FD10903	153.500 	 18.971 	 147.305
FD10903	153.625 	 18.994 	 147.265
FD10903	153.750 	 19.017 	 147.230
FD10903	153.875 	 19.036 	 147.205
FD10903	154.000 	 19.054 	 147.190
FD10903	154.125 	 19.077 	 147.194
FD10903	154.250 	 19.097 	 147.216
FD10903	154.375 	 19.117 	 147.240
FD10903	154.500 	 19.138 	 147.253
FD10903	154.625 	 19.156 	 147.254
FD10903	154.750 	 19.178 	 147.262
FD10903	154.875 	 19.199 	 147.296
FD10903	155.000 	 19.216 	 147.363
FD10903	155.125 	 19.240 	 147.448
FD10903	155.250 	 19.259 	 147.548
FD10903	155.375 	 19.281 	 147.650
FD10903	155.500 	 19.301 	 147.749
FD10903	155.625 	 19.322 	 147.834
FD10903	155.750 	 19.346 	 147.897
FD10903	155.875 	 19.365 	 147.933
FD10903	156.000 	 19.389 	 147.943
FD10903	156.125 	 19.410 	 147.941
FD10903	156.250 	 19.430 	 147.933
FD10903	156.375 	 19.454 	 147.927
FD10903	156.500 	 19.474 	 147.913
FD10903	156.625 	 19.498 	 147.888
FD10903	156.750 	 19.520 	 147.850
FD10903	156.875 	 19.540 	 147.803
FD10903	157.000 	 19.568 	 147.756
FD10903	157.125 	 19.588 	 147.716
FD10903	157.250 	 19.612 	 147.694
FD10903	157.375 	 19.637 	 147.694
FD10903	157.500 	 19.659 	 147.724
FD10903	157.625 	 19.685 	 147.772
FD10903	157.750 	 19.710 	 147.824
FD10903	157.875 	 19.734 	 147.866
FD10903	158.000 	 19.759 	 147.884
FD10903	158.125 	 19.785 	 147.878
FD10903	158.250 	 19.811 	 147.850
FD10903	158.375 	 19.836 	 147.804
FD10903	158.500 	 19.861 	 147.761
FD10903	158.625 	 19.889 	 147.733
FD10903	158.750 	 19.915 	 147.729
FD10903	158.875 	 19.939 	 147.749
FD10903	159.000 	 19.969 	 147.789
FD10903	159.125 	 19.995 	 147.848
FD10903	159.250 	 20.021 	 147.908
FD10903	159.375 	 20.048 	 147.944
FD10903	159.500 	 20.077 	 147.941
FD10903	159.625 	 20.106 	 147.904
FD10903	159.750 	 20.130 	 147.863
FD10903	159.875 	 20.160 	 147.846
FD10903	160.000 	 20.187 	 147.849
FD10903	160.125 	 20.217 	 147.851
FD10903	160.250 	 20.244 	 147.840
FD10903	160.375 	 20.272 	 147.820
FD10903	160.500 	 20.303 	 147.818
FD10903	160.625 	 20.332 	 147.856
FD10903	160.750 	 20.364 	 147.931
FD10903	160.875 	 20.396 	 148.023
FD10903	161.000 	 20.425 	 148.106
FD10903	161.125 	 20.458 	 148.157
FD10903	161.250 	 20.489 	 148.165
FD10903	161.375 	 20.523 	 148.131
FD10903	161.500 	 20.557 	 148.072
FD10903	161.625 	 20.590 	 148.010
FD10903	161.750 	 20.625 	 147.971
FD10903	161.875 	 20.659 	 147.958
FD10903	162.000 	 20.701 	 147.962
FD10903	162.125 	 20.733 	 147.972
FD10903	162.250 	 20.771 	 147.971
FD10903	162.375 	 20.811 	 147.963
FD10903	162.500 	 20.849 	 147.948
FD10903	162.625 	 20.886 	 147.937
FD10903	162.750 	 20.924 	 147.929
FD10903	162.875 	 20.964 	 147.923
FD10903	163.000 	 21.003 	 147.929
FD10903	163.125 	 21.045 	 147.953
FD10903	163.250 	 21.082 	 148.000
FD10903	163.375 	 21.124 	 148.060
FD10903	163.500 	 21.161 	 148.123
FD10903	163.625 	 21.199 	 148.182
FD10903	163.750 	 21.241 	 148.238
FD10903	163.875 	 21.278 	 148.282
FD10903	164.000 	 21.314 	 148.315
FD10903	164.125 	 21.351 	 148.328
FD10903	164.250 	 21.386 	 148.318
FD10903	164.375 	 21.423 	 148.283
FD10903	164.500 	 21.457 	 148.225
FD10903	164.625 	 21.490 	 148.152
FD10903	164.750 	 21.523 	 148.081
FD10903	164.875 	 21.560 	 148.023
FD10903	165.000 	 21.587 	 147.993
FD10903	165.125 	 21.619 	 147.987
FD10903	165.250 	 21.650 	 147.999
FD10903	165.375 	 21.681 	 148.010
FD10903	165.500 	 21.708 	 148.010
FD10903	165.625 	 21.737 	 148.009
FD10903	165.750 	 21.761 	 148.014
FD10903	165.875 	 21.790 	 148.039
FD10903	166.000 	 21.820 	 148.074
FD10903	166.125 	 21.844 	 148.125
FD10903	166.250 	 21.868 	 148.192
FD10903	166.375 	 21.895 	 148.270
FD10903	166.500 	 21.921 	 148.355
FD10903	166.625 	 21.948 	 148.423
FD10903	166.750 	 21.971 	 148.462
FD10903	166.875 	 22.000 	 148.473
FD10903	167.000 	 22.020 	 148.467
FD10903	167.125 	 22.047 	 148.462
FD10903	167.250 	 22.071 	 148.465
FD10903	167.375 	 22.097 	 148.476
FD10903	167.500 	 22.122 	 148.493
FD10903	167.625 	 22.148 	 148.515
FD10903	167.750 	 22.172 	 148.539
FD10903	167.875 	 22.193 	 148.566
FD10903	168.000 	 22.220 	 148.603
FD10903	168.125 	 22.246 	 148.652
FD10903	168.250 	 22.272 	 148.705
FD10903	168.375 	 22.294 	 148.767
FD10903	168.500 	 22.319 	 148.819
FD10903	168.625 	 22.340 	 148.862
FD10903	168.750 	 22.369 	 148.878
FD10903	168.875 	 22.390 	 148.862
FD10903	169.000 	 22.420 	 148.821
FD10903	169.125 	 22.441 	 148.768
FD10903	169.250 	 22.466 	 148.713
FD10903	169.375 	 22.488 	 148.676
FD10903	169.500 	 22.517 	 148.663
FD10903	169.625 	 22.541 	 148.687
FD10903	169.750 	 22.565 	 148.747
FD10903	169.875 	 22.589 	 148.840
FD10903	170.000 	 22.616 	 148.952
FD10903	170.125 	 22.642 	 149.067
FD10903	170.250 	 22.663 	 149.178
FD10903	170.375 	 22.689 	 149.272
FD10903	170.500 	 22.715 	 149.354
FD10903	170.625 	 22.735 	 149.422
FD10903	170.750 	 22.759 	 149.476
FD10903	170.875 	 22.781 	 149.518
FD10903	171.000 	 22.805 	 149.545
FD10903	171.125 	 22.820 	 149.542
FD10903	171.250 	 22.848 	 149.504
FD10903	171.375 	 22.861 	 149.432
FD10903	171.500 	 22.883 	 149.347
FD10903	171.625 	 22.899 	 149.270
FD10903	171.750 	 22.918 	 149.219
FD10903	171.875 	 22.935 	 149.198
FD10903	172.000 	 22.949 	 149.208
FD10903	172.125 	 22.965 	 149.237
FD10903	172.250 	 22.984 	 149.275
FD10903	172.375 	 22.993 	 149.315
FD10903	172.500 	 23.011 	 149.348
FD10903	172.625 	 23.026 	 149.365
FD10903	172.750 	 23.039 	 149.376
FD10903	172.875 	 23.053 	 149.392
FD10903	173.000 	 23.070 	 149.420
FD10903	173.125 	 23.079 	 149.461
FD10903	173.250 	 23.095 	 149.507
FD10903	173.375 	 23.106 	 149.551
FD10903	173.500 	 23.116 	 149.581
FD10903	173.625 	 23.135 	 149.602
FD10903	173.750 	 23.139 	 149.619
FD10903	173.875 	 23.154 	 149.643
FD10903	174.000 	 23.162 	 149.680
FD10903	174.125 	 23.176 	 149.727
FD10903	174.250 	 23.181 	 149.773
FD10903	174.375 	 23.191 	 149.798
FD10903	174.500 	 23.197 	 149.787
FD10903	174.625 	 23.205 	 149.747
FD10903	174.750 	 23.211 	 149.701
FD10903	174.875 	 23.216 	 149.658
FD10903	175.000 	 23.223 	 149.621
FD10903	175.125 	 23.227 	 149.581
FD10903	175.250 	 23.232 	 149.531
FD10903	175.375 	 23.238 	 149.472
FD10903	175.500 	 23.243 	 149.417
FD10903	175.625 	 23.247 	 149.378
FD10903	175.750 	 23.251 	 149.349
FD10903	175.875 	 23.260 	 149.323
FD10903	176.000 	 23.265 	 149.278
FD10903	176.125 	 23.274 	 149.217
FD10903	176.250 	 23.280 	 149.149
FD10903	176.375 	 23.286 	 149.091
FD10903	176.500 	 23.295 	 149.059
FD10903	176.625 	 23.303 	 149.053
FD10903	176.750 	 23.313 	 149.066
FD10903	176.875 	 23.324 	 149.083
FD10903	177.000 	 23.330 	 149.103
FD10903	177.125 	 23.344 	 149.117
FD10903	177.250 	 23.349 	 149.122
FD10903	177.375 	 23.363 	 149.122
FD10903	177.500 	 23.372 	 149.130
FD10903	177.625 	 23.383 	 149.156
FD10903	177.750 	 23.391 	 149.206
FD10903	177.875 	 23.401 	 149.266
FD10903	178.000 	 23.409 	 149.327
FD10903	178.125 	 23.421 	 149.381
FD10903	178.250 	 23.422 	 149.448
FD10903	178.375 	 23.435 	 149.527
FD10903	178.500 	 23.440 	 149.603
FD10903	178.625 	 23.446 	 149.661
FD10903	178.750 	 23.457 	 149.689
FD10903	178.875 	 23.456 	 149.703
FD10903	179.000 	 23.466 	 149.714
FD10903	179.125 	 23.470 	 149.731
FD10903	179.250 	 23.473 	 149.745
FD10903	179.375 	 23.477 	 149.748
FD10903	179.500 	 23.479 	 149.723
FD10903	179.625 	 23.482 	 149.678
FD10903	179.750 	 23.487 	 149.619
FD10903	179.875 	 23.489 	 149.565
FD10903	180.000 	 23.490 	 149.527
FD10903	180.125 	 23.492 	 149.503
FD10903	180.250 	 23.494 	 149.478
FD10903	180.375 	 23.494 	 149.449
FD10903	180.500 	 23.494 	 149.430
FD10903	180.625 	 23.495 	 149.431
FD10903	180.750 	 23.497 	 149.461
FD10903	180.875 	 23.492 	 149.507
FD10903	181.000 	 23.497 	 149.554
FD10903	181.125 	 23.493 	 149.602
FD10903	181.250 	 23.494 	 149.652
FD10903	181.375 	 23.492 	 149.706
FD10903	181.500 	 23.491 	 149.762
FD10903	181.625 	 23.488 	 149.810
FD10903	181.750 	 23.493 	 149.834
FD10903	181.875 	 23.486 	 149.827
FD10903	182.000 	 23.489 	 149.793
FD10903	182.125 	 23.488 	 149.737
FD10903	182.250 	 23.485 	 149.671
FD10903	182.375 	 23.488 	 149.614
FD10903	182.500 	 23.488 	 149.577
FD10903	182.625 	 23.485 	 149.573
FD10903	182.750 	 23.491 	 149.603
FD10903	182.875 	 23.486 	 149.649
FD10903	183.000 	 23.489 	 149.698
FD10903	183.125 	 23.491 	 149.741
FD10903	183.250 	 23.493 	 149.781
FD10903	183.375 	 23.494 	 149.823
FD10903	183.500 	 23.500 	 149.866
FD10903	183.625 	 23.499 	 149.909
FD10903	183.750 	 23.502 	 149.938
FD10903	183.875 	 23.508 	 149.952
FD10903	184.000 	 23.512 	 149.954
FD10903	184.125 	 23.518 	 149.947
FD10903	184.250 	 23.521 	 149.937
FD10903	184.375 	 23.522 	 149.929
FD10903	184.500 	 23.532 	 149.926
FD10903	184.625 	 23.534 	 149.933
FD10903	184.750 	 23.538 	 149.959
FD10903	184.875 	 23.544 	 150.009
FD10903	185.000 	 23.548 	 150.082
FD10903	185.125 	 23.555 	 150.168
FD10903	185.250 	 23.557 	 150.261
FD10903	185.375 	 23.557 	 150.358
FD10903	185.500 	 23.566 	 150.454
FD10903	185.625 	 23.565 	 150.541
FD10903	185.750 	 23.567 	 150.618
FD10903	185.875 	 23.571 	 150.681
FD10903	186.000 	 23.570 	 150.733
FD10903	186.125 	 23.571 	 150.771
FD10903	186.250 	 23.573 	 150.788
FD10903	186.375 	 23.574 	 150.784
FD10903	186.500 	 23.573 	 150.761
FD10903	186.625 	 23.572 	 150.725
FD10903	186.750 	 23.574 	 150.674
FD10903	186.875 	 23.572 	 150.613
FD10903	187.000 	 23.574 	 150.554
FD10903	187.125 	 23.574 	 150.508
FD10903	187.250 	 23.575 	 150.494
FD10903	187.375 	 23.573 	 150.515
FD10903	187.500 	 23.572 	 150.569
FD10903	187.625 	 23.577 	 150.642
FD10903	187.750 	 23.577 	 150.710
FD10903	187.875 	 23.578 	 150.756
FD10903	188.000 	 23.580 	 150.771
FD10903	188.125 	 23.581 	 150.762
FD10903	188.250 	 23.582 	 150.747
FD10903	188.375 	 23.583 	 150.752
FD10903	188.500 	 23.588 	 150.785
FD10903	188.625 	 23.589 	 150.831
FD10903	188.750 	 23.587 	 150.878
FD10903	188.875 	 23.589 	 150.911
FD10903	189.000 	 23.596 	 150.922
FD10903	189.125 	 23.592 	 150.918
FD10903	189.250 	 23.595 	 150.903
FD10903	189.375 	 23.595 	 150.889
FD10903	189.500 	 23.593 	 150.881
FD10903	189.625 	 23.600 	 150.871
FD10903	189.750 	 23.593 	 150.858
FD10903	189.875 	 23.599 	 150.843
FD10903	190.000 	 23.593 	 150.824
FD10903	190.125 	 23.595 	 150.803
FD10903	190.250 	 23.594 	 150.774
FD10903	190.375 	 23.589 	 150.739
FD10903	190.500 	 23.591 	 150.723
FD10903	190.625 	 23.589 	 150.732
FD10903	190.750 	 23.584 	 150.770
FD10903	190.875 	 23.581 	 150.822
FD10903	191.000 	 23.579 	 150.860
FD10903	191.125 	 23.576 	 150.882
FD10903	191.250 	 23.570 	 150.889
FD10903	191.375 	 23.567 	 150.902
FD10903	191.500 	 23.567 	 150.929
FD10903	191.625 	 23.558 	 150.972
FD10903	191.750 	 23.557 	 151.027
FD10903	191.875 	 23.553 	 151.076
FD10903	192.000 	 23.548 	 151.122
FD10903	192.125 	 23.543 	 151.150
FD10903	192.250 	 23.538 	 151.144
FD10903	192.375 	 23.533 	 151.107
FD10903	192.500 	 23.533 	 151.053
FD10903	192.625 	 23.526 	 150.988
FD10903	192.750 	 23.522 	 150.920
FD10903	192.875 	 23.517 	 150.851
FD10903	193.000 	 23.514 	 150.788
FD10903	193.125 	 23.511 	 150.734
FD10903	193.250 	 23.508 	 150.694
FD10903	193.375 	 23.505 	 150.662
FD10903	193.500 	 23.503 	 150.634
FD10903	193.625 	 23.498 	 150.611
FD10903	193.750 	 23.497 	 150.598
FD10903	193.875 	 23.498 	 150.591
FD10903	194.000 	 23.491 	 150.591
FD10903	194.125 	 23.496 	 150.592
FD10903	194.250 	 23.490 	 150.589
FD10903	194.375 	 23.495 	 150.588
FD10903	194.500 	 23.490 	 150.589
FD10903	194.625 	 23.496 	 150.616
FD10903	194.750 	 23.491 	 150.672
FD10903	194.875 	 23.499 	 150.748
FD10903	195.000 	 23.501 	 150.824
FD10903	195.125 	 23.500 	 150.880
FD10903	195.250 	 23.501 	 150.926
FD10903	195.375 	 23.507 	 150.969
FD10903	195.500 	 23.511 	 151.027
FD10903	195.625 	 23.512 	 151.092
FD10903	195.750 	 23.519 	 151.150
FD10903	195.875 	 23.522 	 151.188
FD10903	196.000 	 23.526 	 151.201
FD10903	196.125 	 23.530 	 151.202
FD10903	196.250 	 23.534 	 151.200
FD10903	196.375 	 23.540 	 151.202
FD10903	196.500 	 23.543 	 151.211
FD10903	196.625 	 23.548 	 151.202
FD10903	196.750 	 23.551 	 151.172
FD10903	196.875 	 23.558 	 151.116
FD10903	197.000 	 23.561 	 151.046
FD10903	197.125 	 23.565 	 150.966
FD10903	197.250 	 23.570 	 150.887
FD10903	197.375 	 23.571 	 150.820
FD10903	197.500 	 23.576 	 150.769
FD10903	197.625 	 23.578 	 150.737
FD10903	197.750 	 23.582 	 150.715
FD10903	197.875 	 23.583 	 150.704
FD10903	198.000 	 23.585 	 150.703
FD10903	198.125 	 23.590 	 150.703
FD10903	198.250 	 23.592 	 150.719
FD10903	198.375 	 23.591 	 150.737
FD10903	198.500 	 23.596 	 150.755
FD10903	198.625 	 23.598 	 150.778
FD10903	198.750 	 23.604 	 150.792
FD10903	198.875 	 23.605 	 150.798
FD10903	199.000 	 23.610 	 150.789
FD10903	199.125 	 23.613 	 150.769
FD10903	199.250 	 23.617 	 150.757
FD10903	199.375 	 23.620 	 150.767
FD10903	199.500 	 23.627 	 150.803
FD10903	199.625 	 23.629 	 150.862
FD10903	199.750 	 23.633 	 150.923
FD10903	199.875 	 23.637 	 150.976
FD10903	200.000 	 23.644 	 151.013
FD10903	200.125 	 23.649 	 151.044
FD10903	200.250 	 23.653 	 151.081
FD10903	200.375 	 23.658 	 151.120
FD10903	200.500 	 23.665 	 151.149
FD10903	200.625 	 23.673 	 151.158
FD10903	200.750 	 23.676 	 151.160
FD10903	200.875 	 23.685 	 151.152
FD10903	201.000 	 23.689 	 151.151
FD10903	201.125 	 23.698 	 151.147
FD10903	201.250 	 23.704 	 151.142
FD10903	201.375 	 23.713 	 151.136
FD10903	201.500 	 23.720 	 151.132
FD10903	201.625 	 23.727 	 151.147
FD10903	201.750 	 23.741 	 151.182
FD10903	201.875 	 23.746 	 151.251
FD10903	202.000 	 23.757 	 151.345
FD10903	202.125 	 23.768 	 151.454
FD10903	202.250 	 23.780 	 151.552
FD10903	202.375 	 23.788 	 151.627
FD10903	202.500 	 23.796 	 151.665
FD10903	202.625 	 23.806 	 151.674
FD10903	202.750 	 23.817 	 151.665
FD10903	202.875 	 23.823 	 151.639
FD10903	203.000 	 23.830 	 151.606
FD10903	203.125 	 23.839 	 151.564
FD10903	203.250 	 23.845 	 151.521
FD10903	203.375 	 23.854 	 151.468
FD10903	203.500 	 23.860 	 151.410
FD10903	203.625 	 23.867 	 151.342
FD10903	203.750 	 23.869 	 151.275
FD10903	203.875 	 23.875 	 151.204
FD10903	204.000 	 23.877 	 151.142
FD10903	204.125 	 23.881 	 151.082
FD10903	204.250 	 23.880 	 151.028
FD10903	204.375 	 23.881 	 150.980
FD10903	204.500 	 23.879 	 150.938
FD10903	204.625 	 23.882 	 150.902
FD10903	204.750 	 23.877 	 150.872
FD10903	204.875 	 23.875 	 150.831
FD10903	205.000 	 23.871 	 150.781
FD10903	205.125 	 23.865 	 150.731
FD10903	205.250 	 23.861 	 150.705
FD10903	205.375 	 23.857 	 150.717
FD10903	205.500 	 23.852 	 150.758
FD10903	205.625 	 23.845 	 150.816
FD10903	205.750 	 23.840 	 150.866
FD10903	205.875 	 23.836 	 150.921
FD10903	206.000 	 23.827 	 150.979
FD10903	206.125 	 23.822 	 151.035
FD10903	206.250 	 23.814 	 151.076
FD10903	206.375 	 23.812 	 151.084
FD10903	206.500 	 23.802 	 151.075
FD10903	206.625 	 23.800 	 151.050
FD10903	206.750 	 23.794 	 151.028
FD10903	206.875 	 23.794 	 151.004
FD10903	207.000 	 23.788 	 150.964
FD10903	207.125 	 23.783 	 150.921
FD10903	207.250 	 23.784 	 150.881
FD10903	207.375 	 23.782 	 150.870
FD10903	207.500 	 23.778 	 150.891
FD10903	207.625 	 23.776 	 150.941
FD10903	207.750 	 23.778 	 150.993
FD10903	207.875 	 23.774 	 151.026
FD10903	208.000 	 23.773 	 151.020
FD10903	208.125 	 23.773 	 151.005
FD10903	208.250 	 23.772 	 150.999
FD10903	208.375 	 23.772 	 151.013
FD10903	208.500 	 23.773 	 151.028
FD10903	208.625 	 23.774 	 151.029
FD10903	208.750 	 23.779 	 151.012
FD10903	208.875 	 23.776 	 150.990
FD10903	209.000 	 23.778 	 150.970
FD10903	209.125 	 23.782 	 150.960
FD10903	209.250 	 23.783 	 150.956
FD10903	209.375 	 23.780 	 150.962
FD10903	209.500 	 23.784 	 150.968
FD10903	209.625 	 23.785 	 150.967
FD10903	209.750 	 23.781 	 150.953
FD10903	209.875 	 23.784 	 150.918
FD10903	210.000 	 23.784 	 150.874
FD10903	210.125 	 23.781 	 150.819
FD10903	210.250 	 23.783 	 150.766
FD10903	210.375 	 23.782 	 150.727
FD10903	210.500 	 23.781 	 150.710
FD10903	210.625 	 23.783 	 150.707
FD10903	210.750 	 23.780 	 150.715
FD10903	210.875 	 23.781 	 150.713
FD10903	211.000 	 23.779 	 150.700
FD10903	211.125 	 23.783 	 150.678
FD10903	211.250 	 23.782 	 150.649
FD10903	211.375 	 23.781 	 150.630
FD10903	211.500 	 23.784 	 150.612
FD10903	211.625 	 23.786 	 150.603
FD10903	211.750 	 23.788 	 150.594
FD10903	211.875 	 23.790 	 150.584
FD10903	212.000 	 23.792 	 150.583
FD10903	212.125 	 23.795 	 150.602
FD10903	212.250 	 23.800 	 150.638
FD10903	212.375 	 23.804 	 150.690
FD10903	212.500 	 23.805 	 150.727
FD10903	212.625 	 23.810 	 150.740
FD10903	212.750 	 23.811 	 150.717
FD10903	212.875 	 23.819 	 150.684
FD10903	213.000 	 23.820 	 150.651
FD10903	213.125 	 23.823 	 150.627
FD10903	213.250 	 23.825 	 150.608
FD10903	213.375 	 23.829 	 150.600
FD10903	213.500 	 23.832 	 150.596
FD10903	213.625 	 23.830 	 150.602
FD10903	213.750 	 23.835 	 150.610
FD10903	213.875 	 23.832 	 150.610
FD10903	214.000 	 23.834 	 150.608
FD10903	214.125 	 23.830 	 150.602
FD10903	214.250 	 23.831 	 150.592
FD10903	214.375 	 23.827 	 150.581
FD10903	214.500 	 23.824 	 150.563
FD10903	214.625 	 23.821 	 150.522
FD10903	214.750 	 23.816 	 150.461
FD10903	214.875 	 23.815 	 150.377
FD10903	215.000 	 23.806 	 150.283
FD10903	215.125 	 23.804 	 150.215
FD10903	215.250 	 23.794 	 150.185
FD10903	215.375 	 23.791 	 150.212
FD10903	215.500 	 23.784 	 150.259
FD10903	215.625 	 23.778 	 150.311
FD10903	215.750 	 23.777 	 150.346
FD10903	215.875 	 23.766 	 150.347
FD10903	216.000 	 23.767 	 150.327
FD10903	216.125 	 23.760 	 150.280
FD10903	216.250 	 23.761 	 150.225
FD10903	216.375 	 23.755 	 150.178
FD10903	216.500 	 23.755 	 150.154
FD10903	216.625 	 23.753 	 150.144
FD10903	216.750 	 23.752 	 150.133
FD10903	216.875 	 23.747 	 150.097
FD10903	217.000 	 23.752 	 150.045
FD10903	217.125 	 23.751 	 149.989
FD10903	217.250 	 23.751 	 149.946
FD10903	217.375 	 23.754 	 149.933
FD10903	217.500 	 23.754 	 149.933
FD10903	217.625 	 23.754 	 149.946
FD10903	217.750 	 23.757 	 149.962
FD10903	217.875 	 23.757 	 149.986
FD10903	218.000 	 23.763 	 150.031
FD10903	218.125 	 23.762 	 150.103
FD10903	218.250 	 23.767 	 150.195
FD10903	218.375 	 23.769 	 150.290
FD10903	218.500 	 23.772 	 150.376
FD10903	218.625 	 23.775 	 150.441
FD10903	218.750 	 23.782 	 150.488
FD10903	218.875 	 23.783 	 150.514
FD10903	219.000 	 23.794 	 150.524
FD10903	219.125 	 23.797 	 150.531
FD10903	219.250 	 23.804 	 150.545
FD10903	219.375 	 23.811 	 150.585
FD10903	219.500 	 23.818 	 150.659
FD10903	219.625 	 23.824 	 150.782
FD10903	219.750 	 23.830 	 150.924
FD10903	219.875 	 23.839 	 151.043
FD10903	220.000 	 23.848 	 151.104
FD10903	220.125 	 23.849 	 151.085
FD10903	220.250 	 23.856 	 151.027
FD10903	220.375 	 23.859 	 150.958
FD10903	220.500 	 23.866 	 150.904
FD10903	220.625 	 23.865 	 150.852
FD10903	220.750 	 23.864 	 150.776
FD10903	220.875 	 23.869 	 150.661
FD10903	221.000 	 23.864 	 150.504
FD10903	221.125 	 23.864 	 150.339
FD10903	221.250 	 23.860 	 150.209
FD10903	221.375 	 23.856 	 150.131
FD10903	221.500 	 23.850 	 150.117
FD10903	221.625 	 23.850 	 150.134
FD10903	221.750 	 23.844 	 150.176
FD10903	221.875 	 23.838 	 150.221
FD10903	222.000 	 23.833 	 150.275
FD10903	222.125 	 23.830 	 150.319
FD10903	222.250 	 23.824 	 150.361
FD10903	222.375 	 23.816 	 150.393
FD10903	222.500 	 23.816 	 150.416
FD10903	222.625 	 23.809 	 150.437
FD10903	222.750 	 23.804 	 150.458
FD10903	222.875 	 23.798 	 150.490
FD10903	223.000 	 23.798 	 150.531
FD10903	223.125 	 23.792 	 150.565
FD10903	223.250 	 23.789 	 150.570
FD10903	223.375 	 23.785 	 150.545
FD10903	223.500 	 23.780 	 150.484
FD10903	223.625 	 23.780 	 150.410
FD10903	223.750 	 23.774 	 150.346
FD10903	223.875 	 23.771 	 150.289
FD10903	224.000 	 23.769 	 150.257
FD10903	224.125 	 23.766 	 150.245
FD10903	224.250 	 23.763 	 150.257
FD10903	224.375 	 23.764 	 150.274
FD10903	224.500 	 23.759 	 150.289
FD10903	224.625 	 23.759 	 150.281
FD10903	224.750 	 23.763 	 150.260
FD10903	224.875 	 23.759 	 150.221
FD10903	225.000 	 23.760 	 150.173
FD10903	225.125 	 23.764 	 150.113
FD10903	225.250 	 23.765 	 150.049
FD10903	225.375 	 23.765 	 149.995
FD10903	225.500 	 23.768 	 149.950
FD10903	225.625 	 23.771 	 149.916
FD10903	225.750 	 23.771 	 149.883
FD10903	225.875 	 23.772 	 149.867
FD10903	226.000 	 23.774 	 149.867
FD10903	226.125 	 23.779 	 149.891
FD10903	226.250 	 23.776 	 149.928
FD10903	226.375 	 23.778 	 149.963
FD10903	226.500 	 23.780 	 149.973
FD10903	226.625 	 23.779 	 149.956
FD10903	226.750 	 23.781 	 149.926
FD10903	226.875 	 23.778 	 149.917
FD10903	227.000 	 23.781 	 149.946
FD10903	227.125 	 23.778 	 150.016
FD10903	227.250 	 23.776 	 150.111
FD10903	227.375 	 23.778 	 150.212
FD10903	227.500 	 23.774 	 150.303
FD10903	227.625 	 23.772 	 150.366
FD10903	227.750 	 23.771 	 150.413
FD10903	227.875 	 23.770 	 150.444
FD10903	228.000 	 23.768 	 150.453
FD10903	228.125 	 23.765 	 150.453
FD10903	228.250 	 23.769 	 150.440
FD10903	228.375 	 23.769 	 150.417
FD10903	228.500 	 23.771 	 150.390
FD10903	228.625 	 23.771 	 150.362
FD10903	228.750 	 23.772 	 150.347
FD10903	228.875 	 23.775 	 150.351
FD10903	229.000 	 23.779 	 150.363
FD10903	229.125 	 23.780 	 150.372
FD10903	229.250 	 23.783 	 150.354
FD10903	229.375 	 23.787 	 150.308
FD10903	229.500 	 23.789 	 150.235
FD10903	229.625 	 23.792 	 150.169
FD10903	229.750 	 23.796 	 150.127
FD10903	229.875 	 23.801 	 150.106
FD10903	230.000 	 23.806 	 150.089
FD10903	230.125 	 23.808 	 150.039
FD10903	230.250 	 23.814 	 149.970
FD10903	230.375 	 23.815 	 149.910
FD10903	230.500 	 23.820 	 149.889
FD10903	230.625 	 23.822 	 149.915
FD10903	230.750 	 23.826 	 149.978
FD10903	230.875 	 23.825 	 150.040
FD10903	231.000 	 23.829 	 150.110
FD10903	231.125 	 23.832 	 150.178
FD10903	231.250 	 23.831 	 150.265
FD10903	231.375 	 23.835 	 150.374
FD10903	231.500 	 23.837 	 150.504
FD10903	231.625 	 23.838 	 150.632
FD10903	231.750 	 23.837 	 150.739
FD10903	231.875 	 23.841 	 150.801
FD10903	232.000 	 23.844 	 150.819
FD10903	232.125 	 23.844 	 150.790
FD10903	232.250 	 23.844 	 150.724
FD10903	232.375 	 23.846 	 150.629
FD10903	232.500 	 23.850 	 150.519
FD10903	232.625 	 23.848 	 150.418
FD10903	232.750 	 23.850 	 150.333
FD10903	232.875 	 23.848 	 150.266
FD10903	233.000 	 23.851 	 150.198
FD10903	233.125 	 23.848 	 150.128
FD10903	233.250 	 23.852 	 150.060
FD10903	233.375 	 23.852 	 150.008
FD10903	233.500 	 23.849 	 149.983
FD10903	233.625 	 23.854 	 149.993
FD10903	233.750 	 23.850 	 150.022
FD10903	233.875 	 23.853 	 150.074
FD10903	234.000 	 23.853 	 150.128
FD10903	234.125 	 23.854 	 150.192
FD10903	234.250 	 23.852 	 150.251
FD10903	234.375 	 23.854 	 150.307
FD10903	234.500 	 23.855 	 150.359
FD10903	234.625 	 23.855 	 150.390
FD10903	234.750 	 23.852 	 150.406
FD10903	234.875 	 23.854 	 150.400
FD10903	235.000 	 23.855 	 150.386
FD10903	235.125 	 23.855 	 150.371
FD10903	235.250 	 23.855 	 150.369
FD10903	235.375 	 23.852 	 150.390
FD10903	235.500 	 23.854 	 150.417
FD10903	235.625 	 23.853 	 150.434
FD10903	235.750 	 23.850 	 150.417
FD10903	235.875 	 23.851 	 150.362
FD10903	236.000 	 23.848 	 150.285
FD10903	236.125 	 23.849 	 150.197
FD10903	236.250 	 23.850 	 150.119
FD10903	236.375 	 23.870 	 150.076
FD10903	236.500 	 23.881 	 150.068
FD10903	236.625 	 23.889 	 150.089
FD10903	236.750 	 23.888 	 150.110
FD10903	236.875 	 23.890 	 150.112
FD10903	237.000 	 23.886 	 150.098
FD10903	237.125 	 23.891 	 150.087
FD10903	237.250 	 23.901 	 150.096
FD10903	237.375 	 23.908 	 150.116
FD10903	237.500 	 23.915 	 150.164
FD10903	237.625 	 23.913 	 150.221
FD10903	237.750 	 23.919 	 150.293
FD10903	237.875 	 23.927 	 150.360
FD10903	238.000 	 23.948 	 150.415
FD10903	238.125 	 23.966 	 150.456
FD10903	238.250 	 23.982 	 150.492
FD10903	238.375 	 23.992 	 150.524
FD10903	238.500 	 24.006 	 150.560
FD10903	238.625 	 24.013 	 150.578
FD10903	238.750 	 24.021 	 150.593
FD10903	238.875 	 24.024 	 150.595
FD10903	239.000 	 24.022 	 150.599
FD10903	239.125 	 24.025 	 150.595
FD10903	239.250 	 24.030 	 150.573
FD10903	239.375 	 24.046 	 150.534
FD10903	239.500 	 24.069 	 150.483
FD10903	239.625 	 24.084 	 150.429
FD10903	239.750 	 24.098 	 150.383
FD10903	239.875 	 24.112 	 150.340
FD10903	240.000 	 24.124 	 150.302
FD10903	240.125 	 24.143 	 150.261
FD10903	240.250 	 24.164 	 150.222
FD10903	240.375 	 24.183 	 150.188
FD10903	240.500 	 24.201 	 150.185
FD10903	240.625 	 24.220 	 150.233
FD10903	240.750 	 24.229 	 150.326
FD10903	240.875 	 24.239 	 150.445
FD10903	241.000 	 24.242 	 150.562
FD10903	241.125 	 24.252 	 150.652
FD10903	241.250 	 24.264 	 150.715
FD10903	241.375 	 24.262 	 150.743
FD10903	241.500 	 24.266 	 150.747
FD10903	241.625 	 24.266 	 150.730
FD10903	241.750 	 24.270 	 150.721
FD10903	241.875 	 24.276 	 150.728
FD10903	242.000 	 24.284 	 150.751
FD10903	242.125 	 24.290 	 150.769
FD10903	242.250 	 24.295 	 150.750
FD10903	242.375 	 24.298 	 150.677
FD10903	242.500 	 24.313 	 150.558
FD10903	242.625 	 24.324 	 150.436
FD10903	242.750 	 24.338 	 150.341
FD10903	242.875 	 24.356 	 150.294
FD10903	243.000 	 24.370 	 150.269
FD10903	243.125 	 24.382 	 150.262
FD10903	243.250 	 24.390 	 150.239
FD10903	243.375 	 24.395 	 150.173
FD10903	243.500 	 24.400 	 150.064
FD10903	243.625 	 24.402 	 149.918
FD10903	243.750 	 24.398 	 149.773
FD10903	243.875 	 24.404 	 149.668
FD10903	244.000 	 24.406 	 149.617
FD10903	244.125 	 24.415 	 149.614
FD10903	244.250 	 24.417 	 149.649
FD10903	244.375 	 24.423 	 149.699
FD10903	244.500 	 24.427 	 149.737
FD10903	244.625 	 24.426 	 149.737
FD10903	244.750 	 24.426 	 149.688
FD10903	244.875 	 24.427 	 149.599
FD10903	245.000 	 24.434 	 149.482
FD10903	245.125 	 24.443 	 149.359
FD10903	245.250 	 24.455 	 149.249
FD10903	245.375 	 24.466 	 149.165
FD10903	245.500 	 24.479 	 149.117
FD10903	245.625 	 24.503 	 149.100
FD10903	245.750 	 24.529 	 149.104
FD10903	245.875 	 24.558 	 149.117
FD10903	246.000 	 24.581 	 149.130
FD10903	246.125 	 24.585 	 149.142
FD10903	246.250 	 24.589 	 149.161
FD10903	246.375 	 24.588 	 149.189
FD10903	246.500 	 24.589 	 149.210
FD10903	246.625 	 24.593 	 149.202
FD10903	246.750 	 24.597 	 149.159
FD10903	246.875 	 24.605 	 149.096
FD10903	247.000 	 24.610 	 149.041
FD10903	247.125 	 24.619 	 149.012
FD10903	247.250 	 24.634 	 149.009
FD10903	247.375 	 24.650 	 149.036
FD10903	247.500 	 24.674 	 149.089
FD10903	247.625 	 24.690 	 149.167
FD10903	247.750 	 24.709 	 149.271
FD10903	247.875 	 24.723 	 149.382
FD10903	248.000 	 24.741 	 149.508
FD10903	248.125 	 24.759 	 149.646
FD10903	248.250 	 24.775 	 149.792
FD10903	248.375 	 24.798 	 149.943
FD10903	248.500 	 24.825 	 150.064
FD10903	248.625 	 24.853 	 150.145
FD10903	248.750 	 24.874 	 150.189
FD10903	248.875 	 24.883 	 150.200
FD10903	249.000 	 24.891 	 150.199
FD10903	249.125 	 24.906 	 150.195
FD10903	249.250 	 24.922 	 150.193
FD10903	249.375 	 24.931 	 150.193
FD10903	249.500 	 24.939 	 150.195
FD10903	249.625 	 24.943 	 150.194
FD10903	249.750 	 24.959 	 150.194
FD10903	249.875 	 24.985 	 150.193
FD10903	250.000 	 25.011 	 150.197
FD10903	250.125 	 25.033 	 150.192
FD10903	250.250 	 25.047 	 150.194
FD10903	250.375 	 25.060 	 150.195
FD10903	250.500 	 25.077 	 150.193
FD10903	250.625 	 25.095 	 150.193
FD10903	250.750 	 25.108 	 150.194
FD10903	250.875 	 25.117 	 150.195
FD10903	251.000 	 25.124 	 150.194
FD10903	251.125 	 25.132 	 150.196
FD10903	251.250 	 25.136 	 150.191
FD10903	251.375 	 25.146 	 150.196
FD10903	251.500 	 25.157 	 150.194
FD10903	251.625 	 25.176 	 150.194
FD10903	251.750 	 25.203 	 150.190
FD10903	251.875 	 25.224 	 150.191
FD10903	252.000 	 25.233 	 150.181
FD10903	252.125 	 25.230 	 150.172
FD10903	252.250 	 25.235 	 150.165
FD10903	252.375 	 25.235 	 150.157
FD10903	252.500 	 25.235 	 150.155
FD10903	252.625 	 25.233 	 150.152
FD10903	252.750 	 25.239 	 150.154
FD10903	252.875 	 25.242 	 150.154
FD10903	253.000 	 25.241 	 150.153
FD10903	253.125 	 25.247 	 150.152
FD10903	253.250 	 25.255 	 150.152
FD10903	253.375 	 25.262 	 150.153
FD10903	253.500 	 25.260 	 150.155
FD10903	253.625 	 25.259 	 150.153
FD10903	253.750 	 25.264 	 150.151
FD10903	253.875 	 25.264 	 150.154
FD10903	254.000 	 25.279 	 150.153
FD10903	254.125 	 25.284 	 150.154
FD10903	254.250 	 25.289 	 150.151
FD10903	254.375 	 25.295 	 150.154
FD10903	254.500 	 25.304 	 150.153
FD10903	254.625 	 25.314 	 150.154
FD10903	254.750 	 25.312 	 150.152
FD10903	254.875 	 25.316 	 150.154
FD10903	255.000 	 25.315 	 150.150
FD10903	255.125 	 25.313 	 150.154
FD10903	255.250 	 25.315 	 150.152
FD10903	255.375 	 25.313 	 150.154
FD10903	255.500 	 25.315 	 150.152
FD10903	255.625 	 25.316 	 150.154
FD10903	255.750 	 25.312 	 150.152
FD10903	255.875 	 25.316 	 150.154
FD10903	256.000 	 25.312 	 150.152
FD10903	256.125 	 25.316 	 150.154
FD10903	256.250 	 25.315 	 150.152
FD10903	256.375 	 25.312 	 150.152
FD10903	256.500 	 25.316 	 150.154
FD10903	256.625 	 25.315 	 150.152
FD10903	256.750 	 25.313 	 150.154
FD10903	256.875 	 25.315 	 150.152
FD10903	257.000 	 25.313 	 150.154
FD10903	257.125 	 25.315 	 150.152
FD10903	257.250 	 25.316 	 150.154
FD10903	257.375 	 25.312 	 150.152
FD10903	257.500 	 25.316 	 150.154
FD10903	257.625 	 25.312 	 150.152
FD10903	257.750 	 25.315 	 150.150
FD10903	257.875 	 25.316 	 150.154
FD10903	258.000 	 25.312 	 150.152
FD10903	258.125 	 25.316 	 150.154
FD10903	258.250 	 25.315 	 150.152
FD10903	258.375 	 25.313 	 150.154
FD10903	258.500 	 25.315 	 150.152
FD10903	258.625 	 25.313 	 150.154
FD10903	258.750 	 25.315 	 150.152
FD10903	258.875 	 25.316 	 150.154
FD10903	259.000 	 25.312 	 150.152
FD10903	259.125 	 25.316 	 150.154
FD10903	259.250 	 25.312 	 150.152
FD10903	259.375 	 25.315 	 150.152
FD10903	259.500 	 25.316 	 150.154
FD10903	259.625 	 25.312 	 150.152
FD10903	259.750 	 25.316 	 150.154
FD10903	259.875 	 25.312 	 150.152
FD10903	260.000 	 25.316 	 150.154
FD10903	260.125 	 25.315 	 150.152
FD10903	260.250 	 25.313 	 150.154
FD10903	260.375 	 25.315 	 150.150
FD10903	260.500 	 25.316 	 150.154
FD10903	260.625 	 25.312 	 150.152
FD10903	260.750 	 25.316 	 150.154
FD10903	260.875 	 25.312 	 150.152
FD10903	261.000 	 25.315 	 150.152
FD10903	261.125 	 25.316 	 150.154
FD10903	261.250 	 25.312 	 150.152
FD10903	261.375 	 25.316 	 150.154
FD10903	261.500 	 25.312 	 150.152
FD10903	261.625 	 25.316 	 150.154
FD10903	261.750 	 25.315 	 150.152
FD10903	261.875 	 25.313 	 150.154
FD10903	262.000 	 25.315 	 150.152
FD10903	262.125 	 0.000 	 90.000
FD10903	262.250 	 0.000 	 90.000
FD10903	262.375 	 0.000 	 90.000
FD10903	262.500 	 0.000 	 90.000
FD10903	262.625 	 0.000 	 90.000
FD10903	262.750 	 0.000 	 90.000
FD10903	262.875 	 0.000 	 90.000
FD10903	263.000 	 0.000 	 90.000
FD10903	263.125 	 0.000 	 90.000
FD10903	263.250 	 0.000 	 90.000
FD10903	263.375 	 0.000 	 90.000
FD10903	263.500 	 0.000 	 90.000
FD10903	263.625 	 0.000 	 90.000
FD10903	263.750 	 0.000 	 90.000
FD10903	263.875 	 0.000 	 90.000
FD10903	264.000 	 0.000 	 90.000
FD10903	264.125 	 0.000 	 90.000
FD10903	264.250 	 0.000 	 90.000
FD10903	264.375 	 0.000 	 90.000
FD10903	264.500 	 0.000 	 90.000
FD10903	264.625 	 0.000 	 90.000
FD10903	264.750 	 0.000 	 90.000
FD10903	264.875 	 0.000 	 90.000
FD10903	265.000 	 0.000 	 90.000
FD10903	265.125 	 0.000 	 90.000
FD10903	265.250 	 0.000 	 90.000
FD10903	265.375 	 0.000 	 90.000
FD10903	265.500 	 0.000 	 90.000
FD10903	265.625 	 0.000 	 90.000
FD10903	265.750 	 0.000 	 90.000
FD10903	265.875 	 0.000 	 90.000
FD10903	266.000 	 0.000 	 90.000
FD10903	266.125 	 0.000 	 90.000
FD10903	266.250 	 0.000 	 90.000
FD10903	266.375 	 0.000 	 90.000
FD10903	266.500 	 0.000 	 90.000
FD10903	266.625 	 0.000 	 90.000
FD10903	266.750 	 0.000 	 90.000
FD10903	266.875 	 0.000 	 90.000
FD10903	267.000 	 0.000 	 90.000
FD10903	267.125 	 0.000 	 90.000
FD10903	267.250 	 0.000 	 90.000
FD10903	267.375 	 0.000 	 90.000
FD10903	267.500 	 0.000 	 90.000
FD10903	267.625 	 0.000 	 90.000
FD10903	267.750 	 0.000 	 90.000
FD10903	267.875 	 0.000 	 90.000
FD10903	268.000 	 0.000 	 90.000
FD10903	268.125 	 0.000 	 90.000
FD10903	268.250 	 0.000 	 90.000
FD10903	268.375 	 0.000 	 90.000
FD10903	268.500 	 0.000 	 90.000
FD10903	268.625 	 0.000 	 90.000
FD10903	268.750 	 0.000 	 90.000
FD10903	268.875 	 0.000 	 90.000
FD10903	269.000 	 0.000 	 90.000
FD10903	269.125 	 0.000 	 90.000
FD10903	269.250 	 0.000 	 90.000
FD10903	269.375 	 0.000 	 90.000
FD10903	269.500 	 0.000 	 90.000
FD10903	269.625 	 0.000 	 90.000
FD10903	269.750 	 0.000 	 90.000
FD10903	269.875 	 0.000 	 90.000
FD10903	270.000 	 0.000 	 90.000
FD10903	270.125 	 0.000 	 90.000
FD10903	270.250 	 0.000 	 90.000
FD10903	270.375 	 0.000 	 90.000
FD10903	270.500 	 0.000 	 90.000
FD10903	270.625 	 0.000 	 90.000
FD10903	270.750 	 0.000 	 90.000
FD10903	270.875 	 0.000 	 90.000
FD10903	271.000 	 0.000 	 90.000
FD10903	271.125 	 0.000 	 90.000
FD10903	271.250 	 0.000 	 90.000
FD10903	271.375 	 0.000 	 90.000
FD10903	271.500 	 0.000 	 90.000
FD10903	271.625 	 0.000 	 90.000
FD10903	271.750 	 0.000 	 90.000
FD10903	271.875 	 0.000 	 90.000
FD10903	272.000 	 0.000 	 90.000
