#WellName	 Depth.M	 INCL	 AZIM 
WellName	 Depth.M	 INCL	 AZIM 
FD10909	0.000 	 0.000 	 0.000
FD10909	0.125 	 0.000 	 90.000
FD10909	0.250 	 0.000 	 90.000
FD10909	0.375 	 0.000 	 90.000
FD10909	0.500 	 0.000 	 90.000
FD10909	0.625 	 0.000 	 90.000
FD10909	0.750 	 0.000 	 90.000
FD10909	0.875 	 0.000 	 90.000
FD10909	1.000 	 0.000 	 90.000
FD10909	1.125 	 0.000 	 90.000
FD10909	1.250 	 0.000 	 90.000
FD10909	1.375 	 0.000 	 90.000
FD10909	1.500 	 0.000 	 90.000
FD10909	1.625 	 0.000 	 90.000
FD10909	1.750 	 0.000 	 90.000
FD10909	1.875 	 0.000 	 90.000
FD10909	2.000 	 0.000 	 90.000
FD10909	2.125 	 0.000 	 90.000
FD10909	2.250 	 0.000 	 90.000
FD10909	2.375 	 0.000 	 90.000
FD10909	2.500 	 0.000 	 90.000
FD10909	2.625 	 0.000 	 90.000
FD10909	2.750 	 0.000 	 90.000
FD10909	2.875 	 0.000 	 90.000
FD10909	3.000 	 0.000 	 90.000
FD10909	3.125 	 0.000 	 90.000
FD10909	3.250 	 0.000 	 90.000
FD10909	3.375 	 0.000 	 90.000
FD10909	3.500 	 0.000 	 90.000
FD10909	3.625 	 0.000 	 90.000
FD10909	3.750 	 0.000 	 90.000
FD10909	3.875 	 0.000 	 90.000
FD10909	4.000 	 0.000 	 90.000
FD10909	4.125 	 0.000 	 90.000
FD10909	4.250 	 0.000 	 90.000
FD10909	4.375 	 0.000 	 90.000
FD10909	4.500 	 0.000 	 90.000
FD10909	4.625 	 0.000 	 90.000
FD10909	4.750 	 0.000 	 90.000
FD10909	4.875 	 0.000 	 90.000
FD10909	5.000 	 0.000 	 90.000
FD10909	5.125 	 0.000 	 90.000
FD10909	5.250 	 0.000 	 90.000
FD10909	5.375 	 0.000 	 90.000
FD10909	5.500 	 0.000 	 90.000
FD10909	5.625 	 0.000 	 90.000
FD10909	5.750 	 0.000 	 90.000
FD10909	5.875 	 0.000 	 90.000
FD10909	6.000 	 0.000 	 90.000
FD10909	6.125 	 0.000 	 90.000
FD10909	6.250 	 0.000 	 90.000
FD10909	6.375 	 0.000 	 90.000
FD10909	6.500 	 0.000 	 90.000
FD10909	6.625 	 0.000 	 90.000
FD10909	6.750 	 0.000 	 90.000
FD10909	6.875 	 0.000 	 90.000
FD10909	7.000 	 0.000 	 90.000
FD10909	7.125 	 0.000 	 90.000
FD10909	7.250 	 0.000 	 90.000
FD10909	7.375 	 0.000 	 90.000
FD10909	7.500 	 0.000 	 90.000
FD10909	7.625 	 0.000 	 90.000
FD10909	7.750 	 0.000 	 90.000
FD10909	7.875 	 0.000 	 90.000
FD10909	8.000 	 0.000 	 90.000
FD10909	8.125 	 0.000 	 90.000
FD10909	8.250 	 0.000 	 90.000
FD10909	8.375 	 0.000 	 90.000
FD10909	8.500 	 0.000 	 90.000
FD10909	8.625 	 0.000 	 90.000
FD10909	8.750 	 0.000 	 90.000
FD10909	8.875 	 0.000 	 90.000
FD10909	9.000 	 0.000 	 90.000
FD10909	9.125 	 0.000 	 90.000
FD10909	9.250 	 0.000 	 90.000
FD10909	9.375 	 0.000 	 90.000
FD10909	9.500 	 0.000 	 90.000
FD10909	9.625 	 0.000 	 90.000
FD10909	9.750 	 0.000 	 90.000
FD10909	9.875 	 0.000 	 90.000
FD10909	10.000 	 0.000 	 90.000
FD10909	10.125 	 0.000 	 90.000
FD10909	10.250 	 0.000 	 90.000
FD10909	10.375 	 0.000 	 90.000
FD10909	10.500 	 0.000 	 90.000
FD10909	10.625 	 0.000 	 90.000
FD10909	10.750 	 0.000 	 90.000
FD10909	10.875 	 0.000 	 90.000
FD10909	11.000 	 0.000 	 90.000
FD10909	11.125 	 0.000 	 90.000
FD10909	11.250 	 0.000 	 90.000
FD10909	11.375 	 0.000 	 90.000
FD10909	11.500 	 0.000 	 90.000
FD10909	11.625 	 0.000 	 90.000
FD10909	11.750 	 0.000 	 90.000
FD10909	11.875 	 0.000 	 90.000
FD10909	12.000 	 0.000 	 90.000
FD10909	12.125 	 0.000 	 90.000
FD10909	12.250 	 0.000 	 90.000
FD10909	12.375 	 0.000 	 90.000
FD10909	12.500 	 0.000 	 90.000
FD10909	12.625 	 0.000 	 90.000
FD10909	12.750 	 0.000 	 90.000
FD10909	12.875 	 0.000 	 90.000
FD10909	13.000 	 0.000 	 90.000
FD10909	13.125 	 0.000 	 90.000
FD10909	13.250 	 0.000 	 90.000
FD10909	13.375 	 0.000 	 90.000
FD10909	13.500 	 0.000 	 90.000
FD10909	13.625 	 0.000 	 90.000
FD10909	13.750 	 0.000 	 90.000
FD10909	13.875 	 0.000 	 90.000
FD10909	14.000 	 0.000 	 90.000
FD10909	14.125 	 0.000 	 90.000
FD10909	14.250 	 0.000 	 90.000
FD10909	14.375 	 0.000 	 90.000
FD10909	14.500 	 0.000 	 90.000
FD10909	14.625 	 0.000 	 90.000
FD10909	14.750 	 0.000 	 90.000
FD10909	14.875 	 0.000 	 90.000
FD10909	15.000 	 0.000 	 90.000
FD10909	15.125 	 0.000 	 90.000
FD10909	15.250 	 0.000 	 90.000
FD10909	15.375 	 0.000 	 90.000
FD10909	15.500 	 0.000 	 90.000
FD10909	15.625 	 0.000 	 90.000
FD10909	15.750 	 0.000 	 90.000
FD10909	15.875 	 0.000 	 90.000
FD10909	16.000 	 0.000 	 90.000
FD10909	16.125 	 0.000 	 90.000
FD10909	16.250 	 0.000 	 90.000
FD10909	16.375 	 0.000 	 90.000
FD10909	16.500 	 0.000 	 90.000
FD10909	16.625 	 0.000 	 90.000
FD10909	16.750 	 0.000 	 90.000
FD10909	16.875 	 0.000 	 90.000
FD10909	17.000 	 0.000 	 90.000
FD10909	17.125 	 0.000 	 90.000
FD10909	17.250 	 0.000 	 90.000
FD10909	17.375 	 0.000 	 90.000
FD10909	17.500 	 0.000 	 90.000
FD10909	17.625 	 0.000 	 90.000
FD10909	17.750 	 0.000 	 90.000
FD10909	17.875 	 0.000 	 90.000
FD10909	18.000 	 0.000 	 90.000
FD10909	18.125 	 0.000 	 90.000
FD10909	18.250 	 0.000 	 90.000
FD10909	18.375 	 0.000 	 90.000
FD10909	18.500 	 0.000 	 90.000
FD10909	18.625 	 0.000 	 90.000
FD10909	18.750 	 0.000 	 90.000
FD10909	18.875 	 0.000 	 90.000
FD10909	19.000 	 0.000 	 90.000
FD10909	19.125 	 0.000 	 90.000
FD10909	19.250 	 0.000 	 90.000
FD10909	19.375 	 0.000 	 90.000
FD10909	19.500 	 0.000 	 90.000
FD10909	19.625 	 0.000 	 90.000
FD10909	19.750 	 0.000 	 90.000
FD10909	19.875 	 0.000 	 90.000
FD10909	20.000 	 0.000 	 90.000
FD10909	20.125 	 0.000 	 90.000
FD10909	20.250 	 0.000 	 90.000
FD10909	20.375 	 0.000 	 90.000
FD10909	20.500 	 0.000 	 90.000
FD10909	20.625 	 0.000 	 90.000
FD10909	20.750 	 0.000 	 90.000
FD10909	20.875 	 0.000 	 90.000
FD10909	21.000 	 0.000 	 90.000
FD10909	21.125 	 0.000 	 90.000
FD10909	21.250 	 0.000 	 90.000
FD10909	21.375 	 0.000 	 90.000
FD10909	21.500 	 0.000 	 90.000
FD10909	21.625 	 0.000 	 90.000
FD10909	21.750 	 0.000 	 90.000
FD10909	21.875 	 0.000 	 90.000
FD10909	22.000 	 0.000 	 90.000
FD10909	22.125 	 0.000 	 90.000
FD10909	22.250 	 0.000 	 90.000
FD10909	22.375 	 0.000 	 90.000
FD10909	22.500 	 0.000 	 90.000
FD10909	22.625 	 0.000 	 90.000
FD10909	22.750 	 0.000 	 90.000
FD10909	22.875 	 0.000 	 90.000
FD10909	23.000 	 0.000 	 90.000
FD10909	23.125 	 0.000 	 90.000
FD10909	23.250 	 0.000 	 90.000
FD10909	23.375 	 0.000 	 90.000
FD10909	23.500 	 0.000 	 90.000
FD10909	23.625 	 0.000 	 90.000
FD10909	23.750 	 0.000 	 90.000
FD10909	23.875 	 0.000 	 90.000
FD10909	24.000 	 0.000 	 90.000
FD10909	24.125 	 0.000 	 90.000
FD10909	24.250 	 0.000 	 90.000
FD10909	24.375 	 0.000 	 90.000
FD10909	24.500 	 0.000 	 90.000
FD10909	24.625 	 0.000 	 90.000
FD10909	24.750 	 0.000 	 90.000
FD10909	24.875 	 0.000 	 90.000
FD10909	25.000 	 0.000 	 90.000
FD10909	25.125 	 0.000 	 90.000
FD10909	25.250 	 0.000 	 90.000
FD10909	25.375 	 0.000 	 90.000
FD10909	25.500 	 0.000 	 90.000
FD10909	25.625 	 0.000 	 90.000
FD10909	25.750 	 0.000 	 90.000
FD10909	25.875 	 0.000 	 90.000
FD10909	26.000 	 0.000 	 90.000
FD10909	26.125 	 0.000 	 90.000
FD10909	26.250 	 0.000 	 90.000
FD10909	26.375 	 0.000 	 90.000
FD10909	26.500 	 0.000 	 90.000
FD10909	26.625 	 0.000 	 90.000
FD10909	26.750 	 0.000 	 90.000
FD10909	26.875 	 0.000 	 90.000
FD10909	27.000 	 0.000 	 90.000
FD10909	27.125 	 0.000 	 90.000
FD10909	27.250 	 0.000 	 90.000
FD10909	27.375 	 0.000 	 90.000
FD10909	27.500 	 0.000 	 90.000
FD10909	27.625 	 0.000 	 90.000
FD10909	27.750 	 0.000 	 90.000
FD10909	27.875 	 0.000 	 90.000
FD10909	28.000 	 0.000 	 90.000
FD10909	28.125 	 0.000 	 90.000
FD10909	28.250 	 0.000 	 90.000
FD10909	28.375 	 0.000 	 90.000
FD10909	28.500 	 0.000 	 90.000
FD10909	28.625 	 0.000 	 90.000
FD10909	28.750 	 0.000 	 90.000
FD10909	28.875 	 0.000 	 90.000
FD10909	29.000 	 0.000 	 90.000
FD10909	29.125 	 0.000 	 90.000
FD10909	29.250 	 0.000 	 90.000
FD10909	29.375 	 0.000 	 90.000
FD10909	29.500 	 0.000 	 90.000
FD10909	29.625 	 0.000 	 90.000
FD10909	29.750 	 0.000 	 90.000
FD10909	29.875 	 0.000 	 90.000
FD10909	30.000 	 0.000 	 90.000
FD10909	30.125 	 0.000 	 90.000
FD10909	30.250 	 0.000 	 90.000
FD10909	30.375 	 0.000 	 90.000
FD10909	30.500 	 0.000 	 90.000
FD10909	30.625 	 0.000 	 90.000
FD10909	30.750 	 0.000 	 90.000
FD10909	30.875 	 0.000 	 90.000
FD10909	31.000 	 0.000 	 90.000
FD10909	31.125 	 0.000 	 90.000
FD10909	31.250 	 0.000 	 90.000
FD10909	31.375 	 0.000 	 90.000
FD10909	31.500 	 0.000 	 90.000
FD10909	31.625 	 0.000 	 90.000
FD10909	31.750 	 0.000 	 90.000
FD10909	31.875 	 0.000 	 90.000
FD10909	32.000 	 0.000 	 90.000
FD10909	32.125 	 0.000 	 90.000
FD10909	32.250 	 0.000 	 90.000
FD10909	32.375 	 0.000 	 90.000
FD10909	32.500 	 0.000 	 90.000
FD10909	32.625 	 0.000 	 90.000
FD10909	32.750 	 0.000 	 90.000
FD10909	32.875 	 0.000 	 90.000
FD10909	33.000 	 0.000 	 90.000
FD10909	33.125 	 0.000 	 90.000
FD10909	33.250 	 0.000 	 90.000
FD10909	33.375 	 0.000 	 90.000
FD10909	33.500 	 0.000 	 90.000
FD10909	33.625 	 0.000 	 90.000
FD10909	33.750 	 0.000 	 90.000
FD10909	33.875 	 0.000 	 90.000
FD10909	34.000 	 0.000 	 90.000
FD10909	34.125 	 0.000 	 90.000
FD10909	34.250 	 0.000 	 90.000
FD10909	34.375 	 0.000 	 90.000
FD10909	34.500 	 0.000 	 90.000
FD10909	34.625 	 0.000 	 90.000
FD10909	34.750 	 0.000 	 90.000
FD10909	34.875 	 0.000 	 90.000
FD10909	35.000 	 0.000 	 90.000
FD10909	35.125 	 0.000 	 90.000
FD10909	35.250 	 0.000 	 90.000
FD10909	35.375 	 0.000 	 90.000
FD10909	35.500 	 0.000 	 90.000
FD10909	35.625 	 0.000 	 90.000
FD10909	35.750 	 0.000 	 90.000
FD10909	35.875 	 0.000 	 90.000
FD10909	36.000 	 0.000 	 90.000
FD10909	36.125 	 0.000 	 90.000
FD10909	36.250 	 0.000 	 90.000
FD10909	36.375 	 0.000 	 90.000
FD10909	36.500 	 0.000 	 90.000
FD10909	36.625 	 0.000 	 90.000
FD10909	36.750 	 0.000 	 90.000
FD10909	36.875 	 0.000 	 90.000
FD10909	37.000 	 0.000 	 90.000
FD10909	37.125 	 0.000 	 90.000
FD10909	37.250 	 0.000 	 90.000
FD10909	37.375 	 0.000 	 90.000
FD10909	37.500 	 0.000 	 90.000
FD10909	37.625 	 0.000 	 90.000
FD10909	37.750 	 0.000 	 90.000
FD10909	37.875 	 0.000 	 90.000
FD10909	38.000 	 0.000 	 90.000
FD10909	38.125 	 0.000 	 90.000
FD10909	38.250 	 0.000 	 90.000
FD10909	38.375 	 0.000 	 90.000
FD10909	38.500 	 0.000 	 90.000
FD10909	38.625 	 0.000 	 90.000
FD10909	38.750 	 0.000 	 90.000
FD10909	38.875 	 0.000 	 90.000
FD10909	39.000 	 0.000 	 90.000
FD10909	39.125 	 0.000 	 90.000
FD10909	39.250 	 0.000 	 90.000
FD10909	39.375 	 0.000 	 90.000
FD10909	39.500 	 0.000 	 90.000
FD10909	39.625 	 0.000 	 90.000
FD10909	39.750 	 0.000 	 90.000
FD10909	39.875 	 0.000 	 90.000
FD10909	40.000 	 0.000 	 90.000
FD10909	40.125 	 0.000 	 90.000
FD10909	40.250 	 0.000 	 90.000
FD10909	40.375 	 0.000 	 90.000
FD10909	40.500 	 0.000 	 90.000
FD10909	40.625 	 0.000 	 90.000
FD10909	40.750 	 0.000 	 90.000
FD10909	40.875 	 0.000 	 90.000
FD10909	41.000 	 0.000 	 90.000
FD10909	41.125 	 0.000 	 90.000
FD10909	41.250 	 0.000 	 90.000
FD10909	41.375 	 0.000 	 90.000
FD10909	41.500 	 0.000 	 90.000
FD10909	41.625 	 0.000 	 90.000
FD10909	41.750 	 0.000 	 90.000
FD10909	41.875 	 0.000 	 90.000
FD10909	42.000 	 0.000 	 90.000
FD10909	42.125 	 0.000 	 90.000
FD10909	42.250 	 0.000 	 90.000
FD10909	42.375 	 0.000 	 90.000
FD10909	42.500 	 0.000 	 90.000
FD10909	42.625 	 0.000 	 90.000
FD10909	42.750 	 0.000 	 90.000
FD10909	42.875 	 0.000 	 90.000
FD10909	43.000 	 0.000 	 90.000
FD10909	43.125 	 0.000 	 90.000
FD10909	43.250 	 0.000 	 90.000
FD10909	43.375 	 0.000 	 90.000
FD10909	43.500 	 0.000 	 90.000
FD10909	43.625 	 0.000 	 90.000
FD10909	43.750 	 0.000 	 90.000
FD10909	43.875 	 0.000 	 90.000
FD10909	44.000 	 0.000 	 90.000
FD10909	44.125 	 0.000 	 90.000
FD10909	44.250 	 0.000 	 90.000
FD10909	44.375 	 0.000 	 90.000
FD10909	44.500 	 0.000 	 90.000
FD10909	44.625 	 0.000 	 90.000
FD10909	44.750 	 0.000 	 90.000
FD10909	44.875 	 0.000 	 90.000
FD10909	45.000 	 0.000 	 90.000
FD10909	45.125 	 0.000 	 90.000
FD10909	45.250 	 0.000 	 90.000
FD10909	45.375 	 0.000 	 90.000
FD10909	45.500 	 0.000 	 90.000
FD10909	45.625 	 0.000 	 90.000
FD10909	45.750 	 0.000 	 90.000
FD10909	45.875 	 0.000 	 90.000
FD10909	46.000 	 0.000 	 90.000
FD10909	46.125 	 0.000 	 90.000
FD10909	46.250 	 0.000 	 90.000
FD10909	46.375 	 0.000 	 90.000
FD10909	46.500 	 0.000 	 90.000
FD10909	46.625 	 0.000 	 90.000
FD10909	46.750 	 0.000 	 90.000
FD10909	46.875 	 0.000 	 90.000
FD10909	47.000 	 0.000 	 90.000
FD10909	47.125 	 0.000 	 90.000
FD10909	47.250 	 0.000 	 90.000
FD10909	47.375 	 0.000 	 90.000
FD10909	47.500 	 0.000 	 90.000
FD10909	47.625 	 0.000 	 90.000
FD10909	47.750 	 0.000 	 90.000
FD10909	47.875 	 0.000 	 90.000
FD10909	48.000 	 0.000 	 90.000
FD10909	48.125 	 0.000 	 90.000
FD10909	48.250 	 0.000 	 90.000
FD10909	48.375 	 0.000 	 90.000
FD10909	48.500 	 0.000 	 90.000
FD10909	48.625 	 0.000 	 90.000
FD10909	48.750 	 0.000 	 90.000
FD10909	48.875 	 0.000 	 90.000
FD10909	49.000 	 0.000 	 90.000
FD10909	49.125 	 0.000 	 90.000
FD10909	49.250 	 0.000 	 90.000
FD10909	49.375 	 0.000 	 90.000
FD10909	49.500 	 0.000 	 90.000
FD10909	49.625 	 0.000 	 90.000
FD10909	49.750 	 0.000 	 90.000
FD10909	49.875 	 0.000 	 90.000
FD10909	50.000 	 0.000 	 90.000
FD10909	50.125 	 0.000 	 90.000
FD10909	50.250 	 0.000 	 90.000
FD10909	50.375 	 0.000 	 90.000
FD10909	50.500 	 0.000 	 90.000
FD10909	50.625 	 0.000 	 90.000
FD10909	50.750 	 0.000 	 90.000
FD10909	50.875 	 0.000 	 90.000
FD10909	51.000 	 0.000 	 90.000
FD10909	51.125 	 0.000 	 90.000
FD10909	51.250 	 0.000 	 90.000
FD10909	51.375 	 0.000 	 90.000
FD10909	51.500 	 0.000 	 90.000
FD10909	51.625 	 0.000 	 90.000
FD10909	51.750 	 0.000 	 90.000
FD10909	51.875 	 0.000 	 90.000
FD10909	52.000 	 0.000 	 90.000
FD10909	52.125 	 0.000 	 90.000
FD10909	52.250 	 0.000 	 90.000
FD10909	52.375 	 0.000 	 90.000
FD10909	52.500 	 0.000 	 90.000
FD10909	52.625 	 0.000 	 90.000
FD10909	52.750 	 0.000 	 90.000
FD10909	52.875 	 0.000 	 90.000
FD10909	53.000 	 0.000 	 90.000
FD10909	53.125 	 0.000 	 90.000
FD10909	53.250 	 0.000 	 90.000
FD10909	53.375 	 0.000 	 90.000
FD10909	53.500 	 0.000 	 90.000
FD10909	53.625 	 0.000 	 90.000
FD10909	53.750 	 0.000 	 90.000
FD10909	53.875 	 0.000 	 90.000
FD10909	54.000 	 0.000 	 90.000
FD10909	54.125 	 0.000 	 90.000
FD10909	54.250 	 0.000 	 90.000
FD10909	54.375 	 0.000 	 90.000
FD10909	54.500 	 0.000 	 90.000
FD10909	54.625 	 0.000 	 90.000
FD10909	54.750 	 0.000 	 90.000
FD10909	54.875 	 0.000 	 90.000
FD10909	55.000 	 0.000 	 90.000
FD10909	55.125 	 0.809 	 127.526
FD10909	55.250 	 0.813 	 127.465
FD10909	55.375 	 0.816 	 127.426
FD10909	55.500 	 0.820 	 127.369
FD10909	55.625 	 0.824 	 127.266
FD10909	55.750 	 0.827 	 127.104
FD10909	55.875 	 0.831 	 126.909
FD10909	56.000 	 0.835 	 126.723
FD10909	56.125 	 0.838 	 126.578
FD10909	56.250 	 0.842 	 126.474
FD10909	56.375 	 0.846 	 126.387
FD10909	56.500 	 0.849 	 126.289
FD10909	56.625 	 0.853 	 126.161
FD10909	56.750 	 0.857 	 126.016
FD10909	56.875 	 0.861 	 125.868
FD10909	57.000 	 0.865 	 125.740
FD10909	57.125 	 0.868 	 125.638
FD10909	57.250 	 0.872 	 125.559
FD10909	57.375 	 0.876 	 125.498
FD10909	57.500 	 0.880 	 125.452
FD10909	57.625 	 0.884 	 125.413
FD10909	57.750 	 0.888 	 125.365
FD10909	57.875 	 0.892 	 125.289
FD10909	58.000 	 0.896 	 125.168
FD10909	58.125 	 0.900 	 124.996
FD10909	58.250 	 0.904 	 124.792
FD10909	58.375 	 0.908 	 124.578
FD10909	58.500 	 0.912 	 124.382
FD10909	58.625 	 0.917 	 124.220
FD10909	58.750 	 0.921 	 124.078
FD10909	58.875 	 0.926 	 123.940
FD10909	59.000 	 0.930 	 123.794
FD10909	59.125 	 0.936 	 123.639
FD10909	59.250 	 0.940 	 123.479
FD10909	59.375 	 0.945 	 123.314
FD10909	59.500 	 0.949 	 123.145
FD10909	59.625 	 0.955 	 122.963
FD10909	59.750 	 0.959 	 122.763
FD10909	59.875 	 0.965 	 122.541
FD10909	60.000 	 0.970 	 122.301
FD10909	60.125 	 0.974 	 122.056
FD10909	60.250 	 0.980 	 121.828
FD10909	60.375 	 0.985 	 121.624
FD10909	60.500 	 0.991 	 121.445
FD10909	60.625 	 0.996 	 121.284
FD10909	60.750 	 1.001 	 121.139
FD10909	60.875 	 1.007 	 121.013
FD10909	61.000 	 1.012 	 120.896
FD10909	61.125 	 1.018 	 120.767
FD10909	61.250 	 1.023 	 120.604
FD10909	61.375 	 1.029 	 120.408
FD10909	61.500 	 1.034 	 120.198
FD10909	61.625 	 1.040 	 120.000
FD10909	61.750 	 1.046 	 119.823
FD10909	61.875 	 1.051 	 119.666
FD10909	62.000 	 1.057 	 119.520
FD10909	62.125 	 1.062 	 119.382
FD10909	62.250 	 1.067 	 119.251
FD10909	62.375 	 1.073 	 119.123
FD10909	62.500 	 1.079 	 118.995
FD10909	62.625 	 1.084 	 118.866
FD10909	62.750 	 1.089 	 118.737
FD10909	62.875 	 1.094 	 118.615
FD10909	63.000 	 1.100 	 118.482
FD10909	63.125 	 1.106 	 118.315
FD10909	63.250 	 1.112 	 118.107
FD10909	63.375 	 1.117 	 117.872
FD10909	63.500 	 1.123 	 117.646
FD10909	63.625 	 1.129 	 117.436
FD10909	63.750 	 1.135 	 117.244
FD10909	63.875 	 1.141 	 117.075
FD10909	64.000 	 1.147 	 116.948
FD10909	64.125 	 1.154 	 116.878
FD10909	64.250 	 1.160 	 116.838
FD10909	64.375 	 1.167 	 116.794
FD10909	64.500 	 1.175 	 116.730
FD10909	64.625 	 1.181 	 116.649
FD10909	64.750 	 1.189 	 116.561
FD10909	64.875 	 1.195 	 116.454
FD10909	65.000 	 1.203 	 116.305
FD10909	65.125 	 1.210 	 116.094
FD10909	65.250 	 1.216 	 115.815
FD10909	65.375 	 1.224 	 115.488
FD10909	65.500 	 1.232 	 115.147
FD10909	65.625 	 1.239 	 114.830
FD10909	65.750 	 1.247 	 114.556
FD10909	65.875 	 1.255 	 114.335
FD10909	66.000 	 1.263 	 114.161
FD10909	66.125 	 1.271 	 114.013
FD10909	66.250 	 1.279 	 113.846
FD10909	66.375 	 1.288 	 113.620
FD10909	66.500 	 1.296 	 113.315
FD10909	66.625 	 1.304 	 112.945
FD10909	66.750 	 1.313 	 112.541
FD10909	66.875 	 1.323 	 112.162
FD10909	67.000 	 1.331 	 111.863
FD10909	67.125 	 1.340 	 111.674
FD10909	67.250 	 1.349 	 111.569
FD10909	67.375 	 1.359 	 111.485
FD10909	67.500 	 1.367 	 111.369
FD10909	67.625 	 1.377 	 111.213
FD10909	67.750 	 1.386 	 111.052
FD10909	67.875 	 1.395 	 110.901
FD10909	68.000 	 1.405 	 110.762
FD10909	68.125 	 1.414 	 110.600
FD10909	68.250 	 1.423 	 110.380
FD10909	68.375 	 1.433 	 110.082
FD10909	68.500 	 1.443 	 109.721
FD10909	68.625 	 1.453 	 109.357
FD10909	68.750 	 1.463 	 109.037
FD10909	68.875 	 1.473 	 108.776
FD10909	69.000 	 1.483 	 108.538
FD10909	69.125 	 1.493 	 108.275
FD10909	69.250 	 1.504 	 107.959
FD10909	69.375 	 1.514 	 107.598
FD10909	69.500 	 1.525 	 107.239
FD10909	69.625 	 1.536 	 106.936
FD10909	69.750 	 1.547 	 106.724
FD10909	69.875 	 1.557 	 106.588
FD10909	70.000 	 1.568 	 106.473
FD10909	70.125 	 1.580 	 106.323
FD10909	70.250 	 1.592 	 106.089
FD10909	70.375 	 1.604 	 105.768
FD10909	70.500 	 1.616 	 105.383
FD10909	70.625 	 1.628 	 104.956
FD10909	70.750 	 1.640 	 104.510
FD10909	70.875 	 1.652 	 104.041
FD10909	71.000 	 1.664 	 103.547
FD10909	71.125 	 1.677 	 103.042
FD10909	71.250 	 1.689 	 102.541
FD10909	71.375 	 1.702 	 102.066
FD10909	71.500 	 1.716 	 101.637
FD10909	71.625 	 1.728 	 101.262
FD10909	71.750 	 1.741 	 100.940
FD10909	71.875 	 1.753 	 100.649
FD10909	72.000 	 1.767 	 100.368
FD10909	72.125 	 1.779 	 100.087
FD10909	72.250 	 1.792 	 99.817
FD10909	72.375 	 1.804 	 99.572
FD10909	72.500 	 1.816 	 99.345
FD10909	72.625 	 1.829 	 99.114
FD10909	72.750 	 1.841 	 98.857
FD10909	72.875 	 1.854 	 98.579
FD10909	73.000 	 1.866 	 98.298
FD10909	73.125 	 1.878 	 98.034
FD10909	73.250 	 1.891 	 97.793
FD10909	73.375 	 1.904 	 97.567
FD10909	73.500 	 1.916 	 97.335
FD10909	73.625 	 1.929 	 97.070
FD10909	73.750 	 1.941 	 96.760
FD10909	73.875 	 1.954 	 96.400
FD10909	74.000 	 1.968 	 95.992
FD10909	74.125 	 1.981 	 95.542
FD10909	74.250 	 1.993 	 95.047
FD10909	74.375 	 2.007 	 94.502
FD10909	74.500 	 2.020 	 93.936
FD10909	74.625 	 2.034 	 93.391
FD10909	74.750 	 2.048 	 92.909
FD10909	74.875 	 2.061 	 92.478
FD10909	75.000 	 2.075 	 92.052
FD10909	75.125 	 2.089 	 91.592
FD10909	75.250 	 2.102 	 91.089
FD10909	75.375 	 2.115 	 90.556
FD10909	75.500 	 2.129 	 90.015
FD10909	75.625 	 2.142 	 89.496
FD10909	75.750 	 2.156 	 88.998
FD10909	75.875 	 2.170 	 88.490
FD10909	76.000 	 2.182 	 87.948
FD10909	76.125 	 2.196 	 87.391
FD10909	76.250 	 2.209 	 86.874
FD10909	76.375 	 2.222 	 86.434
FD10909	76.500 	 2.234 	 86.028
FD10909	76.625 	 2.248 	 85.604
FD10909	76.750 	 2.260 	 85.102
FD10909	76.875 	 2.272 	 84.517
FD10909	77.000 	 2.284 	 83.913
FD10909	77.125 	 2.296 	 83.334
FD10909	77.250 	 2.308 	 82.842
FD10909	77.375 	 2.320 	 82.455
FD10909	77.500 	 2.330 	 82.137
FD10909	77.625 	 2.342 	 81.843
FD10909	77.750 	 2.352 	 81.542
FD10909	77.875 	 2.363 	 81.279
FD10909	78.000 	 2.373 	 81.131
FD10909	78.125 	 2.383 	 81.115
FD10909	78.250 	 2.393 	 81.202
FD10909	78.375 	 2.403 	 81.349
FD10909	78.500 	 2.413 	 81.501
FD10909	78.625 	 2.423 	 81.610
FD10909	78.750 	 2.435 	 81.634
FD10909	78.875 	 2.447 	 81.558
FD10909	79.000 	 2.459 	 81.426
FD10909	79.125 	 2.473 	 81.281
FD10909	79.250 	 2.488 	 81.154
FD10909	79.375 	 2.503 	 81.065
FD10909	79.500 	 2.519 	 81.022
FD10909	79.625 	 2.535 	 81.031
FD10909	79.750 	 2.553 	 81.072
FD10909	79.875 	 2.571 	 81.110
FD10909	80.000 	 2.591 	 81.114
FD10909	80.125 	 2.611 	 81.073
FD10909	80.250 	 2.632 	 81.011
FD10909	80.375 	 2.654 	 80.962
FD10909	80.500 	 2.676 	 80.946
FD10909	80.625 	 2.698 	 80.954
FD10909	80.750 	 2.721 	 80.961
FD10909	80.875 	 2.743 	 80.958
FD10909	81.000 	 2.765 	 80.949
FD10909	81.125 	 2.787 	 80.945
FD10909	81.250 	 2.808 	 80.960
FD10909	81.375 	 2.829 	 80.997
FD10909	81.500 	 2.850 	 81.060
FD10909	81.625 	 2.870 	 81.140
FD10909	81.750 	 2.890 	 81.229
FD10909	81.875 	 2.909 	 81.320
FD10909	82.000 	 2.928 	 81.413
FD10909	82.125 	 2.946 	 81.513
FD10909	82.250 	 2.964 	 81.623
FD10909	82.375 	 2.980 	 81.751
FD10909	82.500 	 2.996 	 81.903
FD10909	82.625 	 3.012 	 82.070
FD10909	82.750 	 3.027 	 82.234
FD10909	82.875 	 3.041 	 82.371
FD10909	83.000 	 3.056 	 82.484
FD10909	83.125 	 3.071 	 82.585
FD10909	83.250 	 3.086 	 82.694
FD10909	83.375 	 3.102 	 82.823
FD10909	83.500 	 3.118 	 82.960
FD10909	83.625 	 3.135 	 83.079
FD10909	83.750 	 3.153 	 83.155
FD10909	83.875 	 3.171 	 83.180
FD10909	84.000 	 3.191 	 83.172
FD10909	84.125 	 3.212 	 83.167
FD10909	84.250 	 3.233 	 83.185
FD10909	84.375 	 3.255 	 83.216
FD10909	84.500 	 3.279 	 83.230
FD10909	84.625 	 3.303 	 83.198
FD10909	84.750 	 3.330 	 83.125
FD10909	84.875 	 3.357 	 83.035
FD10909	85.000 	 3.385 	 82.974
FD10909	85.125 	 3.414 	 82.964
FD10909	85.250 	 3.442 	 82.995
FD10909	85.375 	 3.472 	 83.040
FD10909	85.500 	 3.502 	 83.066
FD10909	85.625 	 3.531 	 83.067
FD10909	85.750 	 3.561 	 83.052
FD10909	85.875 	 3.593 	 83.022
FD10909	86.000 	 3.624 	 82.961
FD10909	86.125 	 3.655 	 82.860
FD10909	86.250 	 3.687 	 82.742
FD10909	86.375 	 3.718 	 82.665
FD10909	86.500 	 3.751 	 82.684
FD10909	86.625 	 3.784 	 82.814
FD10909	86.750 	 3.816 	 83.010
FD10909	86.875 	 3.849 	 83.203
FD10909	87.000 	 3.883 	 83.328
FD10909	87.125 	 3.915 	 83.371
FD10909	87.250 	 3.949 	 83.363
FD10909	87.375 	 3.983 	 83.353
FD10909	87.500 	 4.016 	 83.375
FD10909	87.625 	 4.050 	 83.430
FD10909	87.750 	 4.084 	 83.495
FD10909	87.875 	 4.117 	 83.556
FD10909	88.000 	 4.151 	 83.613
FD10909	88.125 	 4.184 	 83.678
FD10909	88.250 	 4.218 	 83.758
FD10909	88.375 	 4.250 	 83.836
FD10909	88.500 	 4.284 	 83.880
FD10909	88.625 	 4.317 	 83.870
FD10909	88.750 	 4.349 	 83.805
FD10909	88.875 	 4.382 	 83.710
FD10909	89.000 	 4.414 	 83.618
FD10909	89.125 	 4.446 	 83.548
FD10909	89.250 	 4.478 	 83.507
FD10909	89.375 	 4.510 	 83.484
FD10909	89.500 	 4.542 	 83.479
FD10909	89.625 	 4.573 	 83.500
FD10909	89.750 	 4.605 	 83.547
FD10909	89.875 	 4.636 	 83.618
FD10909	90.000 	 4.668 	 83.706
FD10909	90.125 	 4.698 	 83.805
FD10909	90.250 	 4.730 	 83.905
FD10909	90.375 	 4.760 	 84.000
FD10909	90.500 	 4.792 	 84.085
FD10909	90.625 	 4.823 	 84.174
FD10909	90.750 	 4.853 	 84.279
FD10909	90.875 	 4.885 	 84.385
FD10909	91.000 	 4.915 	 84.474
FD10909	91.125 	 4.946 	 84.529
FD10909	91.250 	 4.978 	 84.550
FD10909	91.375 	 5.010 	 84.554
FD10909	91.500 	 5.040 	 84.550
FD10909	91.625 	 5.072 	 84.543
FD10909	91.750 	 5.104 	 84.525
FD10909	91.875 	 5.135 	 84.494
FD10909	92.000 	 5.166 	 84.449
FD10909	92.125 	 5.198 	 84.393
FD10909	92.250 	 5.229 	 84.333
FD10909	92.375 	 5.261 	 84.273
FD10909	92.500 	 5.293 	 84.218
FD10909	92.625 	 5.324 	 84.165
FD10909	92.750 	 5.354 	 84.110
FD10909	92.875 	 5.385 	 84.049
FD10909	93.000 	 5.415 	 83.974
FD10909	93.125 	 5.445 	 83.876
FD10909	93.250 	 5.475 	 83.762
FD10909	93.375 	 5.504 	 83.646
FD10909	93.500 	 5.534 	 83.548
FD10909	93.625 	 5.562 	 83.484
FD10909	93.750 	 5.590 	 83.457
FD10909	93.875 	 5.618 	 83.465
FD10909	94.000 	 5.646 	 83.487
FD10909	94.125 	 5.674 	 83.497
FD10909	94.250 	 5.702 	 83.480
FD10909	94.375 	 5.729 	 83.433
FD10909	94.500 	 5.757 	 83.374
FD10909	94.625 	 5.785 	 83.322
FD10909	94.750 	 5.813 	 83.285
FD10909	94.875 	 5.841 	 83.263
FD10909	95.000 	 5.870 	 83.245
FD10909	95.125 	 5.900 	 83.235
FD10909	95.250 	 5.929 	 83.241
FD10909	95.375 	 5.959 	 83.273
FD10909	95.500 	 5.989 	 83.341
FD10909	95.625 	 6.020 	 83.424
FD10909	95.750 	 6.050 	 83.486
FD10909	95.875 	 6.082 	 83.511
FD10909	96.000 	 6.114 	 83.511
FD10909	96.125 	 6.146 	 83.520
FD10909	96.250 	 6.178 	 83.554
FD10909	96.375 	 6.210 	 83.607
FD10909	96.500 	 6.242 	 83.672
FD10909	96.625 	 6.275 	 83.757
FD10909	96.750 	 6.307 	 83.875
FD10909	96.875 	 6.340 	 84.017
FD10909	97.000 	 6.374 	 84.155
FD10909	97.125 	 6.407 	 84.267
FD10909	97.250 	 6.441 	 84.350
FD10909	97.375 	 6.475 	 84.411
FD10909	97.500 	 6.510 	 84.465
FD10909	97.625 	 6.544 	 84.527
FD10909	97.750 	 6.580 	 84.592
FD10909	97.875 	 6.615 	 84.643
FD10909	98.000 	 6.651 	 84.658
FD10909	98.125 	 6.687 	 84.632
FD10909	98.250 	 6.724 	 84.592
FD10909	98.375 	 6.760 	 84.568
FD10909	98.500 	 6.796 	 84.582
FD10909	98.625 	 6.832 	 84.634
FD10909	98.750 	 6.867 	 84.718
FD10909	98.875 	 6.903 	 84.810
FD10909	99.000 	 6.938 	 84.872
FD10909	99.125 	 6.972 	 84.883
FD10909	99.250 	 7.007 	 84.837
FD10909	99.375 	 7.040 	 84.757
FD10909	99.500 	 7.074 	 84.678
FD10909	99.625 	 7.108 	 84.620
FD10909	99.750 	 7.141 	 84.595
FD10909	99.875 	 7.173 	 84.590
FD10909	100.000 	 7.206 	 84.583
FD10909	100.125 	 7.238 	 84.550
FD10909	100.250 	 7.272 	 84.498
FD10909	100.375 	 7.304 	 84.446
FD10909	100.500 	 7.337 	 84.415
FD10909	100.625 	 7.370 	 84.411
FD10909	100.750 	 7.404 	 84.417
FD10909	100.875 	 7.437 	 84.421
FD10909	101.000 	 7.470 	 84.419
FD10909	101.125 	 7.503 	 84.422
FD10909	101.250 	 7.537 	 84.443
FD10909	101.375 	 7.570 	 84.475
FD10909	101.500 	 7.603 	 84.481
FD10909	101.625 	 7.636 	 84.439
FD10909	101.750 	 7.668 	 84.357
FD10909	101.875 	 7.700 	 84.258
FD10909	102.000 	 7.732 	 84.177
FD10909	102.125 	 7.762 	 84.115
FD10909	102.250 	 7.791 	 84.051
FD10909	102.375 	 7.822 	 83.967
FD10909	102.500 	 7.851 	 83.854
FD10909	102.625 	 7.882 	 83.725
FD10909	102.750 	 7.910 	 83.587
FD10909	102.875 	 7.938 	 83.444
FD10909	103.000 	 7.967 	 83.296
FD10909	103.125 	 7.995 	 83.150
FD10909	103.250 	 8.022 	 83.018
FD10909	103.375 	 8.050 	 82.891
FD10909	103.500 	 8.076 	 82.765
FD10909	103.625 	 8.104 	 82.642
FD10909	103.750 	 8.130 	 82.538
FD10909	103.875 	 8.157 	 82.468
FD10909	104.000 	 8.184 	 82.438
FD10909	104.125 	 8.209 	 82.440
FD10909	104.250 	 8.237 	 82.466
FD10909	104.375 	 8.262 	 82.507
FD10909	104.500 	 8.288 	 82.561
FD10909	104.625 	 8.315 	 82.619
FD10909	104.750 	 8.341 	 82.673
FD10909	104.875 	 8.366 	 82.714
FD10909	105.000 	 8.392 	 82.738
FD10909	105.125 	 8.418 	 82.745
FD10909	105.250 	 8.444 	 82.737
FD10909	105.375 	 8.470 	 82.720
FD10909	105.500 	 8.497 	 82.693
FD10909	105.625 	 8.523 	 82.652
FD10909	105.750 	 8.550 	 82.596
FD10909	105.875 	 8.578 	 82.531
FD10909	106.000 	 8.606 	 82.465
FD10909	106.125 	 8.635 	 82.406
FD10909	106.250 	 8.662 	 82.358
FD10909	106.375 	 8.691 	 82.323
FD10909	106.500 	 8.721 	 82.290
FD10909	106.625 	 8.750 	 82.250
FD10909	106.750 	 8.780 	 82.182
FD10909	106.875 	 8.810 	 82.091
FD10909	107.000 	 8.841 	 82.011
FD10909	107.125 	 8.872 	 81.971
FD10909	107.250 	 8.904 	 81.982
FD10909	107.375 	 8.937 	 82.018
FD10909	107.500 	 8.969 	 82.051
FD10909	107.625 	 9.003 	 82.058
FD10909	107.750 	 9.036 	 82.040
FD10909	107.875 	 9.070 	 82.013
FD10909	108.000 	 9.104 	 81.985
FD10909	108.125 	 9.139 	 81.951
FD10909	108.250 	 9.173 	 81.908
FD10909	108.375 	 9.208 	 81.852
FD10909	108.500 	 9.244 	 81.792
FD10909	108.625 	 9.280 	 81.733
FD10909	108.750 	 9.315 	 81.664
FD10909	108.875 	 9.351 	 81.580
FD10909	109.000 	 9.387 	 81.472
FD10909	109.125 	 9.423 	 81.348
FD10909	109.250 	 9.459 	 81.219
FD10909	109.375 	 9.495 	 81.097
FD10909	109.500 	 9.531 	 80.999
FD10909	109.625 	 9.567 	 80.923
FD10909	109.750 	 9.602 	 80.850
FD10909	109.875 	 9.638 	 80.772
FD10909	110.000 	 9.673 	 80.708
FD10909	110.125 	 9.710 	 80.687
FD10909	110.250 	 9.744 	 80.724
FD10909	110.375 	 9.779 	 80.802
FD10909	110.500 	 9.814 	 80.890
FD10909	110.625 	 9.848 	 80.962
FD10909	110.750 	 9.881 	 81.010
FD10909	110.875 	 9.915 	 81.034
FD10909	111.000 	 9.949 	 81.034
FD10909	111.125 	 9.981 	 81.021
FD10909	111.250 	 10.013 	 81.008
FD10909	111.375 	 10.045 	 81.012
FD10909	111.500 	 10.077 	 81.040
FD10909	111.625 	 10.109 	 81.078
FD10909	111.750 	 10.141 	 81.110
FD10909	111.875 	 10.172 	 81.127
FD10909	112.000 	 10.205 	 81.125
FD10909	112.125 	 10.236 	 81.099
FD10909	112.250 	 10.268 	 81.043
FD10909	112.375 	 10.300 	 80.971
FD10909	112.500 	 10.333 	 80.908
FD10909	112.625 	 10.366 	 80.871
FD10909	112.750 	 10.400 	 80.872
FD10909	112.875 	 10.434 	 80.905
FD10909	113.000 	 10.468 	 80.970
FD10909	113.125 	 10.503 	 81.049
FD10909	113.250 	 10.538 	 81.126
FD10909	113.375 	 10.573 	 81.175
FD10909	113.500 	 10.610 	 81.180
FD10909	113.625 	 10.646 	 81.144
FD10909	113.750 	 10.684 	 81.075
FD10909	113.875 	 10.721 	 80.988
FD10909	114.000 	 10.757 	 80.901
FD10909	114.125 	 10.793 	 80.825
FD10909	114.250 	 10.830 	 80.757
FD10909	114.375 	 10.865 	 80.687
FD10909	114.500 	 10.900 	 80.608
FD10909	114.625 	 10.936 	 80.527
FD10909	114.750 	 10.970 	 80.455
FD10909	114.875 	 11.003 	 80.396
FD10909	115.000 	 11.037 	 80.346
FD10909	115.125 	 11.068 	 80.308
FD10909	115.250 	 11.101 	 80.286
FD10909	115.375 	 11.132 	 80.273
FD10909	115.500 	 11.161 	 80.261
FD10909	115.625 	 11.191 	 80.242
FD10909	115.750 	 11.221 	 80.217
FD10909	115.875 	 11.248 	 80.185
FD10909	116.000 	 11.278 	 80.139
FD10909	116.125 	 11.305 	 80.074
FD10909	116.250 	 11.333 	 79.991
FD10909	116.375 	 11.362 	 79.902
FD10909	116.500 	 11.389 	 79.820
FD10909	116.625 	 11.418 	 79.753
FD10909	116.750 	 11.447 	 79.707
FD10909	116.875 	 11.476 	 79.667
FD10909	117.000 	 11.505 	 79.603
FD10909	117.125 	 11.535 	 79.501
FD10909	117.250 	 11.564 	 79.364
FD10909	117.375 	 11.594 	 79.224
FD10909	117.500 	 11.623 	 79.110
FD10909	117.625 	 11.653 	 79.035
FD10909	117.750 	 11.683 	 78.988
FD10909	117.875 	 11.712 	 78.962
FD10909	118.000 	 11.742 	 78.954
FD10909	118.125 	 11.770 	 78.972
FD10909	118.250 	 11.799 	 79.010
FD10909	118.375 	 11.828 	 79.053
FD10909	118.500 	 11.856 	 79.083
FD10909	118.625 	 11.883 	 79.091
FD10909	118.750 	 11.910 	 79.082
FD10909	118.875 	 11.936 	 79.062
FD10909	119.000 	 11.963 	 79.047
FD10909	119.125 	 11.989 	 79.044
FD10909	119.250 	 12.016 	 79.049
FD10909	119.375 	 12.043 	 79.048
FD10909	119.500 	 12.069 	 79.020
FD10909	119.625 	 12.097 	 78.966
FD10909	119.750 	 12.125 	 78.898
FD10909	119.875 	 12.153 	 78.835
FD10909	120.000 	 12.183 	 78.786
FD10909	120.125 	 12.212 	 78.740
FD10909	120.250 	 12.243 	 78.686
FD10909	120.375 	 12.273 	 78.632
FD10909	120.500 	 12.305 	 78.583
FD10909	120.625 	 12.338 	 78.539
FD10909	120.750 	 12.371 	 78.493
FD10909	120.875 	 12.405 	 78.438
FD10909	121.000 	 12.439 	 78.380
FD10909	121.125 	 12.473 	 78.322
FD10909	121.250 	 12.507 	 78.273
FD10909	121.375 	 12.542 	 78.253
FD10909	121.500 	 12.576 	 78.271
FD10909	121.625 	 12.611 	 78.330
FD10909	121.750 	 12.645 	 78.411
FD10909	121.875 	 12.677 	 78.485
FD10909	122.000 	 12.710 	 78.532
FD10909	122.125 	 12.742 	 78.537
FD10909	122.250 	 12.773 	 78.509
FD10909	122.375 	 12.804 	 78.461
FD10909	122.500 	 12.833 	 78.402
FD10909	122.625 	 12.862 	 78.331
FD10909	122.750 	 12.892 	 78.255
FD10909	122.875 	 12.920 	 78.185
FD10909	123.000 	 12.948 	 78.134
FD10909	123.125 	 12.974 	 78.105
FD10909	123.250 	 13.002 	 78.087
FD10909	123.375 	 13.029 	 78.072
FD10909	123.500 	 13.055 	 78.055
FD10909	123.625 	 13.081 	 78.032
FD10909	123.750 	 13.107 	 78.005
FD10909	123.875 	 13.133 	 77.971
FD10909	124.000 	 13.159 	 77.935
FD10909	124.125 	 13.186 	 77.899
FD10909	124.250 	 13.212 	 77.866
FD10909	124.375 	 13.240 	 77.836
FD10909	124.500 	 13.267 	 77.812
FD10909	124.625 	 13.295 	 77.801
FD10909	124.750 	 13.322 	 77.797
FD10909	124.875 	 13.350 	 77.794
FD10909	125.000 	 13.378 	 77.782
FD10909	125.125 	 13.406 	 77.769
FD10909	125.250 	 13.434 	 77.755
FD10909	125.375 	 13.464 	 77.731
FD10909	125.500 	 13.492 	 77.683
FD10909	125.625 	 13.521 	 77.608
FD10909	125.750 	 13.550 	 77.514
FD10909	125.875 	 13.580 	 77.426
FD10909	126.000 	 13.609 	 77.355
FD10909	126.125 	 13.637 	 77.303
FD10909	126.250 	 13.666 	 77.258
FD10909	126.375 	 13.693 	 77.203
FD10909	126.500 	 13.723 	 77.145
FD10909	126.625 	 13.751 	 77.087
FD10909	126.750 	 13.779 	 77.040
FD10909	126.875 	 13.809 	 77.001
FD10909	127.000 	 13.835 	 76.957
FD10909	127.125 	 13.863 	 76.915
FD10909	127.250 	 13.891 	 76.872
FD10909	127.375 	 13.918 	 76.837
FD10909	127.500 	 13.944 	 76.807
FD10909	127.625 	 13.972 	 76.779
FD10909	127.750 	 13.998 	 76.750
FD10909	127.875 	 14.024 	 76.716
FD10909	128.000 	 14.051 	 76.672
FD10909	128.125 	 14.078 	 76.625
FD10909	128.250 	 14.106 	 76.580
FD10909	128.375 	 14.134 	 76.534
FD10909	128.500 	 14.161 	 76.487
FD10909	128.625 	 14.190 	 76.444
FD10909	128.750 	 14.215 	 76.417
FD10909	128.875 	 14.244 	 76.411
FD10909	129.000 	 14.272 	 76.413
FD10909	129.125 	 14.300 	 76.410
FD10909	129.250 	 14.327 	 76.384
FD10909	129.375 	 14.355 	 76.347
FD10909	129.500 	 14.380 	 76.322
FD10909	129.625 	 14.410 	 76.328
FD10909	129.750 	 14.435 	 76.356
FD10909	129.875 	 14.464 	 76.376
FD10909	130.000 	 14.490 	 76.371
FD10909	130.125 	 14.518 	 76.345
FD10909	130.250 	 14.543 	 76.318
FD10909	130.375 	 14.572 	 76.295
FD10909	130.500 	 14.597 	 76.265
FD10909	130.625 	 14.626 	 76.227
FD10909	130.750 	 14.651 	 76.189
FD10909	130.875 	 14.680 	 76.169
FD10909	131.000 	 14.705 	 76.169
FD10909	131.125 	 14.735 	 76.181
FD10909	131.250 	 14.762 	 76.194
FD10909	131.375 	 14.793 	 76.213
FD10909	131.500 	 14.819 	 76.244
FD10909	131.625 	 14.851 	 76.292
FD10909	131.750 	 14.879 	 76.346
FD10909	131.875 	 14.910 	 76.396
FD10909	132.000 	 14.941 	 76.429
FD10909	132.125 	 14.971 	 76.449
FD10909	132.250 	 15.002 	 76.466
FD10909	132.375 	 15.032 	 76.490
FD10909	132.500 	 15.065 	 76.521
FD10909	132.625 	 15.097 	 76.542
FD10909	132.750 	 15.128 	 76.534
FD10909	132.875 	 15.159 	 76.491
FD10909	133.000 	 15.190 	 76.433
FD10909	133.125 	 15.223 	 76.385
FD10909	133.250 	 15.253 	 76.366
FD10909	133.375 	 15.286 	 76.372
FD10909	133.500 	 15.317 	 76.397
FD10909	133.625 	 15.348 	 76.427
FD10909	133.750 	 15.379 	 76.450
FD10909	133.875 	 15.412 	 76.465
FD10909	134.000 	 15.443 	 76.477
FD10909	134.125 	 15.475 	 76.495
FD10909	134.250 	 15.506 	 76.512
FD10909	134.375 	 15.539 	 76.517
FD10909	134.500 	 15.569 	 76.491
FD10909	134.625 	 15.601 	 76.430
FD10909	134.750 	 15.632 	 76.339
FD10909	134.875 	 15.662 	 76.233
FD10909	135.000 	 15.692 	 76.131
FD10909	135.125 	 15.724 	 76.046
FD10909	135.250 	 15.752 	 75.989
FD10909	135.375 	 15.785 	 75.956
FD10909	135.500 	 15.813 	 75.945
FD10909	135.625 	 15.839 	 75.951
FD10909	135.750 	 15.870 	 75.967
FD10909	135.875 	 15.901 	 75.990
FD10909	136.000 	 15.927 	 76.023
FD10909	136.125 	 15.957 	 76.068
FD10909	136.250 	 15.985 	 76.118
FD10909	136.375 	 16.012 	 76.149
FD10909	136.500 	 16.039 	 76.144
FD10909	136.625 	 16.067 	 76.105
FD10909	136.750 	 16.093 	 76.057
FD10909	136.875 	 16.125 	 76.023
FD10909	137.000 	 16.150 	 76.017
FD10909	137.125 	 16.178 	 76.035
FD10909	137.250 	 16.209 	 76.071
FD10909	137.375 	 16.237 	 76.121
FD10909	137.500 	 16.265 	 76.182
FD10909	137.625 	 16.293 	 76.255
FD10909	137.750 	 16.322 	 76.320
FD10909	137.875 	 16.353 	 76.357
FD10909	138.000 	 16.379 	 76.362
FD10909	138.125 	 16.410 	 76.344
FD10909	138.250 	 16.437 	 76.332
FD10909	138.375 	 16.468 	 76.331
FD10909	138.500 	 16.498 	 76.322
FD10909	138.625 	 16.523 	 76.292
FD10909	138.750 	 16.553 	 76.250
FD10909	138.875 	 16.578 	 76.216
FD10909	139.000 	 16.608 	 76.202
FD10909	139.125 	 16.634 	 76.200
FD10909	139.250 	 16.662 	 76.195
FD10909	139.375 	 16.691 	 76.184
FD10909	139.500 	 16.716 	 76.177
FD10909	139.625 	 16.743 	 76.181
FD10909	139.750 	 16.772 	 76.192
FD10909	139.875 	 16.795 	 76.203
FD10909	140.000 	 16.824 	 76.205
FD10909	140.125 	 16.850 	 76.199
FD10909	140.250 	 16.874 	 76.189
FD10909	140.375 	 16.903 	 76.185
FD10909	140.500 	 16.930 	 76.200
FD10909	140.625 	 16.959 	 76.238
FD10909	140.750 	 16.982 	 76.297
FD10909	140.875 	 17.014 	 76.363
FD10909	141.000 	 17.043 	 76.413
FD10909	141.125 	 17.072 	 76.437
FD10909	141.250 	 17.102 	 76.440
FD10909	141.375 	 17.133 	 76.440
FD10909	141.500 	 17.162 	 76.457
FD10909	141.625 	 17.195 	 76.499
FD10909	141.750 	 17.228 	 76.571
FD10909	141.875 	 17.258 	 76.664
FD10909	142.000 	 17.290 	 76.762
FD10909	142.125 	 17.322 	 76.847
FD10909	142.250 	 17.358 	 76.904
FD10909	142.375 	 17.388 	 76.932
FD10909	142.500 	 17.422 	 76.937
FD10909	142.625 	 17.455 	 76.930
FD10909	142.750 	 17.489 	 76.918
FD10909	142.875 	 17.521 	 76.904
FD10909	143.000 	 17.552 	 76.879
FD10909	143.125 	 17.586 	 76.845
FD10909	143.250 	 17.616 	 76.820
FD10909	143.375 	 17.649 	 76.819
FD10909	143.500 	 17.678 	 76.851
FD10909	143.625 	 17.712 	 76.904
FD10909	143.750 	 17.740 	 76.952
FD10909	143.875 	 17.774 	 76.981
FD10909	144.000 	 17.800 	 76.982
FD10909	144.125 	 17.829 	 76.962
FD10909	144.250 	 17.860 	 76.933
FD10909	144.375 	 17.888 	 76.900
FD10909	144.500 	 17.917 	 76.874
FD10909	144.625 	 17.947 	 76.852
FD10909	144.750 	 17.975 	 76.826
FD10909	144.875 	 18.000 	 76.801
FD10909	145.000 	 18.032 	 76.779
FD10909	145.125 	 18.056 	 76.772
FD10909	145.250 	 18.085 	 76.778
FD10909	145.375 	 18.111 	 76.787
FD10909	145.500 	 18.136 	 76.799
FD10909	145.625 	 18.162 	 76.799
FD10909	145.750 	 18.187 	 76.776
FD10909	145.875 	 18.213 	 76.732
FD10909	146.000 	 18.235 	 76.688
FD10909	146.125 	 18.261 	 76.673
FD10909	146.250 	 18.282 	 76.693
FD10909	146.375 	 18.307 	 76.728
FD10909	146.500 	 18.330 	 76.754
FD10909	146.625 	 18.350 	 76.766
FD10909	146.750 	 18.373 	 76.773
FD10909	146.875 	 18.393 	 76.782
FD10909	147.000 	 18.417 	 76.783
FD10909	147.125 	 18.435 	 76.765
FD10909	147.250 	 18.458 	 76.740
FD10909	147.375 	 18.477 	 76.720
FD10909	147.500 	 18.498 	 76.720
FD10909	147.625 	 18.518 	 76.730
FD10909	147.750 	 18.539 	 76.733
FD10909	147.875 	 18.560 	 76.735
FD10909	148.000 	 18.580 	 76.748
FD10909	148.125 	 18.601 	 76.792
FD10909	148.250 	 18.622 	 76.862
FD10909	148.375 	 18.643 	 76.938
FD10909	148.500 	 18.662 	 77.006
FD10909	148.625 	 18.685 	 77.061
FD10909	148.750 	 18.706 	 77.106
FD10909	148.875 	 18.724 	 77.150
FD10909	149.000 	 18.748 	 77.195
FD10909	149.125 	 18.765 	 77.238
FD10909	149.250 	 18.789 	 77.277
FD10909	149.375 	 18.807 	 77.299
FD10909	149.500 	 18.830 	 77.300
FD10909	149.625 	 18.848 	 77.275
FD10909	149.750 	 18.869 	 77.235
FD10909	149.875 	 18.891 	 77.202
FD10909	150.000 	 18.910 	 77.197
FD10909	150.125 	 18.930 	 77.225
FD10909	150.250 	 18.952 	 77.274
FD10909	150.375 	 18.973 	 77.329
FD10909	150.500 	 18.995 	 77.378
FD10909	150.625 	 19.019 	 77.431
FD10909	150.750 	 19.040 	 77.502
FD10909	150.875 	 19.060 	 77.601
FD10909	151.000 	 19.088 	 77.719
FD10909	151.125 	 19.109 	 77.834
FD10909	151.250 	 19.135 	 77.925
FD10909	151.375 	 19.160 	 77.982
FD10909	151.500 	 19.185 	 78.011
FD10909	151.625 	 19.211 	 78.022
FD10909	151.750 	 19.238 	 78.021
FD10909	151.875 	 19.262 	 78.011
FD10909	152.000 	 19.290 	 78.000
FD10909	152.125 	 19.317 	 77.997
FD10909	152.250 	 19.346 	 78.015
FD10909	152.375 	 19.372 	 78.065
FD10909	152.500 	 19.395 	 78.140
FD10909	152.625 	 19.424 	 78.225
FD10909	152.750 	 19.451 	 78.300
FD10909	152.875 	 19.475 	 78.356
FD10909	153.000 	 19.497 	 78.396
FD10909	153.125 	 19.527 	 78.417
FD10909	153.250 	 19.548 	 78.416
FD10909	153.375 	 19.574 	 78.391
FD10909	153.500 	 19.594 	 78.352
FD10909	153.625 	 19.620 	 78.320
FD10909	153.750 	 19.640 	 78.303
FD10909	153.875 	 19.663 	 78.292
FD10909	154.000 	 19.681 	 78.281
FD10909	154.125 	 19.704 	 78.266
FD10909	154.250 	 19.722 	 78.247
FD10909	154.375 	 19.743 	 78.230
FD10909	154.500 	 19.760 	 78.210
FD10909	154.625 	 19.782 	 78.183
FD10909	154.750 	 19.798 	 78.163
FD10909	154.875 	 19.817 	 78.158
FD10909	155.000 	 19.835 	 78.177
FD10909	155.125 	 19.853 	 78.214
FD10909	155.250 	 19.870 	 78.250
FD10909	155.375 	 19.885 	 78.281
FD10909	155.500 	 19.905 	 78.306
FD10909	155.625 	 19.918 	 78.332
FD10909	155.750 	 19.932 	 78.357
FD10909	155.875 	 19.951 	 78.379
FD10909	156.000 	 19.963 	 78.405
FD10909	156.125 	 19.978 	 78.430
FD10909	156.250 	 19.993 	 78.456
FD10909	156.375 	 20.004 	 78.475
FD10909	156.500 	 20.019 	 78.483
FD10909	156.625 	 20.032 	 78.487
FD10909	156.750 	 20.043 	 78.489
FD10909	156.875 	 20.053 	 78.497
FD10909	157.000 	 20.067 	 78.515
FD10909	157.125 	 20.077 	 78.537
FD10909	157.250 	 20.086 	 78.559
FD10909	157.375 	 20.094 	 78.572
FD10909	157.500 	 20.107 	 78.573
FD10909	157.625 	 20.112 	 78.564
FD10909	157.750 	 20.122 	 78.552
FD10909	157.875 	 20.132 	 78.557
FD10909	158.000 	 20.137 	 78.586
FD10909	158.125 	 20.149 	 78.634
FD10909	158.250 	 20.156 	 78.684
FD10909	158.375 	 20.163 	 78.714
FD10909	158.500 	 20.169 	 78.724
FD10909	158.625 	 20.176 	 78.728
FD10909	158.750 	 20.188 	 78.741
FD10909	158.875 	 20.193 	 78.771
FD10909	159.000 	 20.197 	 78.805
FD10909	159.125 	 20.210 	 78.831
FD10909	159.250 	 20.213 	 78.849
FD10909	159.375 	 20.222 	 78.866
FD10909	159.500 	 20.229 	 78.887
FD10909	159.625 	 20.236 	 78.909
FD10909	159.750 	 20.243 	 78.928
FD10909	159.875 	 20.248 	 78.943
FD10909	160.000 	 20.255 	 78.957
FD10909	160.125 	 20.266 	 78.968
FD10909	160.250 	 20.270 	 78.973
FD10909	160.375 	 20.276 	 78.971
FD10909	160.500 	 20.283 	 78.968
FD10909	160.625 	 20.292 	 78.969
FD10909	160.750 	 20.297 	 78.977
FD10909	160.875 	 20.301 	 78.993
FD10909	161.000 	 20.310 	 79.015
FD10909	161.125 	 20.316 	 79.039
FD10909	161.250 	 20.318 	 79.059
FD10909	161.375 	 20.328 	 79.078
FD10909	161.500 	 20.331 	 79.102
FD10909	161.625 	 20.335 	 79.126
FD10909	161.750 	 20.342 	 79.143
FD10909	161.875 	 20.346 	 79.142
FD10909	162.000 	 20.352 	 79.122
FD10909	162.125 	 20.353 	 79.095
FD10909	162.250 	 20.359 	 79.073
FD10909	162.375 	 20.359 	 79.066
FD10909	162.500 	 20.366 	 79.076
FD10909	162.625 	 20.370 	 79.091
FD10909	162.750 	 20.373 	 79.110
FD10909	162.875 	 20.373 	 79.125
FD10909	163.000 	 20.376 	 79.134
FD10909	163.125 	 20.383 	 79.138
FD10909	163.250 	 20.381 	 79.136
FD10909	163.375 	 20.389 	 79.132
FD10909	163.500 	 20.387 	 79.125
FD10909	163.625 	 20.395 	 79.117
FD10909	163.750 	 20.397 	 79.111
FD10909	163.875 	 20.400 	 79.104
FD10909	164.000 	 20.404 	 79.097
FD10909	164.125 	 20.407 	 79.084
FD10909	164.250 	 20.410 	 79.075
FD10909	164.375 	 20.413 	 79.083
FD10909	164.500 	 20.419 	 79.106
FD10909	164.625 	 20.422 	 79.136
FD10909	164.750 	 20.426 	 79.152
FD10909	164.875 	 20.428 	 79.147
FD10909	165.000 	 20.434 	 79.125
FD10909	165.125 	 20.434 	 79.101
FD10909	165.250 	 20.441 	 79.094
FD10909	165.375 	 20.444 	 79.106
FD10909	165.500 	 20.447 	 79.131
FD10909	165.625 	 20.452 	 79.162
FD10909	165.750 	 20.454 	 79.196
FD10909	165.875 	 20.458 	 79.229
FD10909	166.000 	 20.465 	 79.254
FD10909	166.125 	 20.465 	 79.263
FD10909	166.250 	 20.471 	 79.263
FD10909	166.375 	 20.475 	 79.269
FD10909	166.500 	 20.476 	 79.280
FD10909	166.625 	 20.481 	 79.286
FD10909	166.750 	 20.484 	 79.265
FD10909	166.875 	 20.487 	 79.217
FD10909	167.000 	 20.492 	 79.167
FD10909	167.125 	 20.494 	 79.140
FD10909	167.250 	 20.496 	 79.138
FD10909	167.375 	 20.503 	 79.149
FD10909	167.500 	 20.502 	 79.163
FD10909	167.625 	 20.509 	 79.176
FD10909	167.750 	 20.506 	 79.192
FD10909	167.875 	 20.514 	 79.205
FD10909	168.000 	 20.517 	 79.207
FD10909	168.125 	 20.519 	 79.198
FD10909	168.250 	 20.519 	 79.179
FD10909	168.375 	 20.525 	 79.166
FD10909	168.500 	 20.530 	 79.165
FD10909	168.625 	 20.530 	 79.177
FD10909	168.750 	 20.533 	 79.195
FD10909	168.875 	 20.538 	 79.211
FD10909	169.000 	 20.541 	 79.219
FD10909	169.125 	 20.541 	 79.225
FD10909	169.250 	 20.549 	 79.238
FD10909	169.375 	 20.548 	 79.266
FD10909	169.500 	 20.552 	 79.306
FD10909	169.625 	 20.556 	 79.344
FD10909	169.750 	 20.558 	 79.371
FD10909	169.875 	 20.561 	 79.379
FD10909	170.000 	 20.559 	 79.370
FD10909	170.125 	 20.564 	 79.357
FD10909	170.250 	 20.568 	 79.348
FD10909	170.375 	 20.568 	 79.357
FD10909	170.500 	 20.568 	 79.384
FD10909	170.625 	 20.569 	 79.425
FD10909	170.750 	 20.571 	 79.477
FD10909	170.875 	 20.574 	 79.527
FD10909	171.000 	 20.574 	 79.563
FD10909	171.125 	 20.572 	 79.579
FD10909	171.250 	 20.574 	 79.581
FD10909	171.375 	 20.576 	 79.580
FD10909	171.500 	 20.577 	 79.595
FD10909	171.625 	 20.574 	 79.623
FD10909	171.750 	 20.575 	 79.659
FD10909	171.875 	 20.578 	 79.697
FD10909	172.000 	 20.577 	 79.731
FD10909	172.125 	 20.576 	 79.759
FD10909	172.250 	 20.578 	 79.777
FD10909	172.375 	 20.578 	 79.784
FD10909	172.500 	 20.575 	 79.785
FD10909	172.625 	 20.578 	 79.786
FD10909	172.750 	 20.578 	 79.783
FD10909	172.875 	 20.576 	 79.775
FD10909	173.000 	 20.578 	 79.754
FD10909	173.125 	 20.576 	 79.731
FD10909	173.250 	 20.574 	 79.718
FD10909	173.375 	 20.573 	 79.715
FD10909	173.500 	 20.574 	 79.725
FD10909	173.625 	 20.574 	 79.733
FD10909	173.750 	 20.571 	 79.733
FD10909	173.875 	 20.569 	 79.731
FD10909	174.000 	 20.568 	 79.739
FD10909	174.125 	 20.566 	 79.763
FD10909	174.250 	 20.566 	 79.784
FD10909	174.375 	 20.564 	 79.788
FD10909	174.500 	 20.562 	 79.772
FD10909	174.625 	 20.562 	 79.742
FD10909	174.750 	 20.561 	 79.718
FD10909	174.875 	 20.560 	 79.702
FD10909	175.000 	 20.560 	 79.694
FD10909	175.125 	 20.560 	 79.700
FD10909	175.250 	 20.557 	 79.714
FD10909	175.375 	 20.560 	 79.736
FD10909	175.500 	 20.558 	 79.757
FD10909	175.625 	 20.562 	 79.773
FD10909	175.750 	 20.564 	 79.784
FD10909	175.875 	 20.566 	 79.789
FD10909	176.000 	 20.571 	 79.797
FD10909	176.125 	 20.571 	 79.806
FD10909	176.250 	 20.576 	 79.815
FD10909	176.375 	 20.576 	 79.826
FD10909	176.500 	 20.583 	 79.840
FD10909	176.625 	 20.581 	 79.858
FD10909	176.750 	 20.589 	 79.880
FD10909	176.875 	 20.586 	 79.901
FD10909	177.000 	 20.594 	 79.920
FD10909	177.125 	 20.596 	 79.934
FD10909	177.250 	 20.595 	 79.944
FD10909	177.375 	 20.600 	 79.948
FD10909	177.500 	 20.601 	 79.943
FD10909	177.625 	 20.600 	 79.927
FD10909	177.750 	 20.604 	 79.901
FD10909	177.875 	 20.605 	 79.874
FD10909	178.000 	 20.607 	 79.854
FD10909	178.125 	 20.605 	 79.847
FD10909	178.250 	 20.605 	 79.848
FD10909	178.375 	 20.606 	 79.853
FD10909	178.500 	 20.606 	 79.859
FD10909	178.625 	 20.609 	 79.869
FD10909	178.750 	 20.607 	 79.881
FD10909	178.875 	 20.607 	 79.895
FD10909	179.000 	 20.607 	 79.902
FD10909	179.125 	 20.606 	 79.902
FD10909	179.250 	 20.607 	 79.895
FD10909	179.375 	 20.607 	 79.885
FD10909	179.500 	 20.608 	 79.879
FD10909	179.625 	 20.612 	 79.873
FD10909	179.750 	 20.609 	 79.865
FD10909	179.875 	 20.613 	 79.855
FD10909	180.000 	 20.611 	 79.846
FD10909	180.125 	 20.613 	 79.844
FD10909	180.250 	 20.617 	 79.844
FD10909	180.375 	 20.619 	 79.847
FD10909	180.500 	 20.618 	 79.851
FD10909	180.625 	 20.624 	 79.859
FD10909	180.750 	 20.622 	 79.877
FD10909	180.875 	 20.628 	 79.892
FD10909	181.000 	 20.628 	 79.896
FD10909	181.125 	 20.629 	 79.872
FD10909	181.250 	 20.634 	 79.831
FD10909	181.375 	 20.632 	 79.786
FD10909	181.500 	 20.633 	 79.757
FD10909	181.625 	 20.637 	 79.744
FD10909	181.750 	 20.636 	 79.741
FD10909	181.875 	 20.636 	 79.730
FD10909	182.000 	 20.634 	 79.697
FD10909	182.125 	 20.633 	 79.640
FD10909	182.250 	 20.634 	 79.576
FD10909	182.375 	 20.630 	 79.521
FD10909	182.500 	 20.629 	 79.483
FD10909	182.625 	 20.628 	 79.451
FD10909	182.750 	 20.621 	 79.432
FD10909	182.875 	 20.624 	 79.430
FD10909	183.000 	 20.616 	 79.450
FD10909	183.125 	 20.613 	 79.487
FD10909	183.250 	 20.613 	 79.527
FD10909	183.375 	 20.607 	 79.570
FD10909	183.500 	 20.604 	 79.620
FD10909	183.625 	 20.601 	 79.672
FD10909	183.750 	 20.595 	 79.714
FD10909	183.875 	 20.593 	 79.739
FD10909	184.000 	 20.591 	 79.759
FD10909	184.125 	 20.582 	 79.784
FD10909	184.250 	 20.582 	 79.821
FD10909	184.375 	 20.578 	 79.860
FD10909	184.500 	 20.573 	 79.885
FD10909	184.625 	 20.569 	 79.885
FD10909	184.750 	 20.565 	 79.868
FD10909	184.875 	 20.562 	 79.848
FD10909	185.000 	 20.557 	 79.832
FD10909	185.125 	 20.553 	 79.818
FD10909	185.250 	 20.545 	 79.798
FD10909	185.375 	 20.545 	 79.766
FD10909	185.500 	 20.536 	 79.730
FD10909	185.625 	 20.531 	 79.696
FD10909	185.750 	 20.529 	 79.671
FD10909	185.875 	 20.520 	 79.659
FD10909	186.000 	 20.517 	 79.656
FD10909	186.125 	 20.513 	 79.657
FD10909	186.250 	 20.503 	 79.647
FD10909	186.375 	 20.502 	 79.620
FD10909	186.500 	 20.491 	 79.584
FD10909	186.625 	 20.485 	 79.548
FD10909	186.750 	 20.479 	 79.521
FD10909	186.875 	 20.470 	 79.507
FD10909	187.000 	 20.463 	 79.499
FD10909	187.125 	 20.453 	 79.488
FD10909	187.250 	 20.447 	 79.474
FD10909	187.375 	 20.438 	 79.444
FD10909	187.500 	 20.427 	 79.405
FD10909	187.625 	 20.418 	 79.354
FD10909	187.750 	 20.407 	 79.299
FD10909	187.875 	 20.396 	 79.243
FD10909	188.000 	 20.380 	 79.184
FD10909	188.125 	 20.371 	 79.125
FD10909	188.250 	 20.356 	 79.062
FD10909	188.375 	 20.343 	 78.999
FD10909	188.500 	 20.328 	 78.949
FD10909	188.625 	 20.314 	 78.914
FD10909	188.750 	 20.298 	 78.897
FD10909	188.875 	 20.279 	 78.888
FD10909	189.000 	 20.266 	 78.868
FD10909	189.125 	 20.247 	 78.838
FD10909	189.250 	 20.229 	 78.794
FD10909	189.375 	 20.214 	 78.743
FD10909	189.500 	 20.193 	 78.693
FD10909	189.625 	 20.176 	 78.638
FD10909	189.750 	 20.157 	 78.580
FD10909	189.875 	 20.136 	 78.516
FD10909	190.000 	 20.118 	 78.452
FD10909	190.125 	 20.100 	 78.392
FD10909	190.250 	 20.079 	 78.334
FD10909	190.375 	 20.060 	 78.279
FD10909	190.500 	 20.039 	 78.225
FD10909	190.625 	 20.019 	 78.169
FD10909	190.750 	 19.999 	 78.115
FD10909	190.875 	 19.979 	 78.064
FD10909	191.000 	 19.959 	 78.022
FD10909	191.125 	 19.938 	 77.986
FD10909	191.250 	 19.919 	 77.946
FD10909	191.375 	 19.899 	 77.900
FD10909	191.500 	 19.879 	 77.855
FD10909	191.625 	 19.862 	 77.825
FD10909	191.750 	 19.841 	 77.821
FD10909	191.875 	 19.821 	 77.840
FD10909	192.000 	 19.806 	 77.860
FD10909	192.125 	 19.785 	 77.861
FD10909	192.250 	 19.770 	 77.835
FD10909	192.375 	 19.751 	 77.794
FD10909	192.500 	 19.735 	 77.759
FD10909	192.625 	 19.719 	 77.730
FD10909	192.750 	 19.701 	 77.702
FD10909	192.875 	 19.687 	 77.674
FD10909	193.000 	 19.671 	 77.643
FD10909	193.125 	 19.658 	 77.608
FD10909	193.250 	 19.640 	 77.576
FD10909	193.375 	 19.628 	 77.553
FD10909	193.500 	 19.615 	 77.541
FD10909	193.625 	 19.599 	 77.532
FD10909	193.750 	 19.587 	 77.512
FD10909	193.875 	 19.576 	 77.474
FD10909	194.000 	 19.563 	 77.422
FD10909	194.125 	 19.549 	 77.367
FD10909	194.250 	 19.539 	 77.326
FD10909	194.375 	 19.526 	 77.296
FD10909	194.500 	 19.514 	 77.268
FD10909	194.625 	 19.507 	 77.227
FD10909	194.750 	 19.492 	 77.181
FD10909	194.875 	 19.483 	 77.141
FD10909	195.000 	 19.474 	 77.111
FD10909	195.125 	 19.463 	 77.073
FD10909	195.250 	 19.454 	 77.019
FD10909	195.375 	 19.444 	 76.947
FD10909	195.500 	 19.436 	 76.858
FD10909	195.625 	 19.427 	 76.764
FD10909	195.750 	 19.420 	 76.674
FD10909	195.875 	 19.413 	 76.610
FD10909	196.000 	 19.404 	 76.582
FD10909	196.125 	 19.397 	 76.580
FD10909	196.250 	 19.391 	 76.592
FD10909	196.375 	 19.384 	 76.594
FD10909	196.500 	 19.377 	 76.575
FD10909	196.625 	 19.373 	 76.542
FD10909	196.750 	 19.367 	 76.504
FD10909	196.875 	 19.361 	 76.469
FD10909	197.000 	 19.357 	 76.426
FD10909	197.125 	 19.353 	 76.368
FD10909	197.250 	 19.350 	 76.308
FD10909	197.375 	 19.343 	 76.257
FD10909	197.500 	 19.341 	 76.234
FD10909	197.625 	 19.340 	 76.246
FD10909	197.750 	 19.336 	 76.277
FD10909	197.875 	 19.332 	 76.314
FD10909	198.000 	 19.328 	 76.345
FD10909	198.125 	 19.327 	 76.361
FD10909	198.250 	 19.325 	 76.363
FD10909	198.375 	 19.321 	 76.351
FD10909	198.500 	 19.319 	 76.330
FD10909	198.625 	 19.316 	 76.312
FD10909	198.750 	 19.317 	 76.304
FD10909	198.875 	 19.313 	 76.297
FD10909	199.000 	 19.308 	 76.277
FD10909	199.125 	 19.309 	 76.240
FD10909	199.250 	 19.307 	 76.196
FD10909	199.375 	 19.302 	 76.164
FD10909	199.500 	 19.304 	 76.152
FD10909	199.625 	 19.300 	 76.157
FD10909	199.750 	 19.301 	 76.175
FD10909	199.875 	 19.296 	 76.198
FD10909	200.000 	 19.295 	 76.210
FD10909	200.125 	 19.293 	 76.197
FD10909	200.250 	 19.291 	 76.138
FD10909	200.375 	 19.290 	 76.050
FD10909	200.500 	 19.287 	 75.953
FD10909	200.625 	 19.283 	 75.881
FD10909	200.750 	 19.283 	 75.845
FD10909	200.875 	 19.278 	 75.841
FD10909	201.000 	 19.278 	 75.853
FD10909	201.125 	 19.273 	 75.855
FD10909	201.250 	 19.271 	 75.838
FD10909	201.375 	 19.268 	 75.815
FD10909	201.500 	 19.263 	 75.805
FD10909	201.625 	 19.262 	 75.808
FD10909	201.750 	 19.257 	 75.811
FD10909	201.875 	 19.258 	 75.808
FD10909	202.000 	 19.253 	 75.803
FD10909	202.125 	 19.251 	 75.797
FD10909	202.250 	 19.250 	 75.788
FD10909	202.375 	 19.248 	 75.770
FD10909	202.500 	 19.246 	 75.746
FD10909	202.625 	 19.242 	 75.721
FD10909	202.750 	 19.245 	 75.697
FD10909	202.875 	 19.244 	 75.676
FD10909	203.000 	 19.244 	 75.661
FD10909	203.125 	 19.243 	 75.653
FD10909	203.250 	 19.245 	 75.647
FD10909	203.375 	 19.245 	 75.641
FD10909	203.500 	 19.246 	 75.636
FD10909	203.625 	 19.245 	 75.628
FD10909	203.750 	 19.248 	 75.625
FD10909	203.875 	 19.249 	 75.631
FD10909	204.000 	 19.251 	 75.646
FD10909	204.125 	 19.255 	 75.668
FD10909	204.250 	 19.254 	 75.681
FD10909	204.375 	 19.255 	 75.689
FD10909	204.500 	 19.257 	 75.691
FD10909	204.625 	 19.261 	 75.689
FD10909	204.750 	 19.263 	 75.688
FD10909	204.875 	 19.263 	 75.679
FD10909	205.000 	 19.266 	 75.666
FD10909	205.125 	 19.267 	 75.656
FD10909	205.250 	 19.270 	 75.656
FD10909	205.375 	 19.269 	 75.666
FD10909	205.500 	 19.273 	 75.686
FD10909	205.625 	 19.271 	 75.707
FD10909	205.750 	 19.274 	 75.734
FD10909	205.875 	 19.274 	 75.756
FD10909	206.000 	 19.275 	 75.770
FD10909	206.125 	 19.277 	 75.770
FD10909	206.250 	 19.276 	 75.758
FD10909	206.375 	 19.275 	 75.740
FD10909	206.500 	 19.275 	 75.727
FD10909	206.625 	 19.279 	 75.725
FD10909	206.750 	 19.276 	 75.733
FD10909	206.875 	 19.276 	 75.754
FD10909	207.000 	 19.281 	 75.783
FD10909	207.125 	 19.278 	 75.812
FD10909	207.250 	 19.279 	 75.844
FD10909	207.375 	 19.284 	 75.878
FD10909	207.500 	 19.284 	 75.916
FD10909	207.625 	 19.285 	 75.959
FD10909	207.750 	 19.288 	 75.998
FD10909	207.875 	 19.293 	 76.042
FD10909	208.000 	 19.295 	 76.086
FD10909	208.125 	 19.300 	 76.136
FD10909	208.250 	 19.302 	 76.190
FD10909	208.375 	 19.308 	 76.235
FD10909	208.500 	 19.312 	 76.267
FD10909	208.625 	 19.318 	 76.284
FD10909	208.750 	 19.323 	 76.288
FD10909	208.875 	 19.324 	 76.285
FD10909	209.000 	 19.332 	 76.280
FD10909	209.125 	 19.335 	 76.263
FD10909	209.250 	 19.344 	 76.240
FD10909	209.375 	 19.343 	 76.199
FD10909	209.500 	 19.352 	 76.157
FD10909	209.625 	 19.354 	 76.113
FD10909	209.750 	 19.359 	 76.071
FD10909	209.875 	 19.361 	 76.030
FD10909	210.000 	 19.367 	 76.001
FD10909	210.125 	 19.366 	 75.984
FD10909	210.250 	 19.372 	 75.978
FD10909	210.375 	 19.373 	 75.963
FD10909	210.500 	 19.375 	 75.939
FD10909	210.625 	 19.375 	 75.913
FD10909	210.750 	 19.378 	 75.902
FD10909	210.875 	 19.378 	 75.897
FD10909	211.000 	 19.379 	 75.892
FD10909	211.125 	 19.380 	 75.894
FD10909	211.250 	 19.382 	 75.908
FD10909	211.375 	 19.380 	 75.943
FD10909	211.500 	 19.382 	 75.984
FD10909	211.625 	 19.380 	 76.012
FD10909	211.750 	 19.381 	 76.020
FD10909	211.875 	 19.385 	 75.998
FD10909	212.000 	 19.381 	 75.946
FD10909	212.125 	 19.381 	 75.888
FD10909	212.250 	 19.382 	 75.846
FD10909	212.375 	 19.385 	 75.824
FD10909	212.500 	 19.382 	 75.809
FD10909	212.625 	 19.382 	 75.785
FD10909	212.750 	 19.386 	 75.749
FD10909	212.875 	 19.383 	 75.712
FD10909	213.000 	 19.384 	 75.681
FD10909	213.125 	 19.386 	 75.656
FD10909	213.250 	 19.384 	 75.638
FD10909	213.375 	 19.387 	 75.626
FD10909	213.500 	 19.384 	 75.612
FD10909	213.625 	 19.383 	 75.585
FD10909	213.750 	 19.385 	 75.543
FD10909	213.875 	 19.385 	 75.499
FD10909	214.000 	 19.384 	 75.456
FD10909	214.125 	 19.382 	 75.425
FD10909	214.250 	 19.382 	 75.405
FD10909	214.375 	 19.380 	 75.403
FD10909	214.500 	 19.380 	 75.426
FD10909	214.625 	 19.380 	 75.460
FD10909	214.750 	 19.377 	 75.485
FD10909	214.875 	 19.377 	 75.492
FD10909	215.000 	 19.375 	 75.473
FD10909	215.125 	 19.370 	 75.436
FD10909	215.250 	 19.373 	 75.392
FD10909	215.375 	 19.371 	 75.350
FD10909	215.500 	 19.370 	 75.320
FD10909	215.625 	 19.368 	 75.298
FD10909	215.750 	 19.370 	 75.275
FD10909	215.875 	 19.369 	 75.252
FD10909	216.000 	 19.368 	 75.232
FD10909	216.125 	 19.371 	 75.222
FD10909	216.250 	 19.370 	 75.221
FD10909	216.375 	 19.372 	 75.234
FD10909	216.500 	 19.374 	 75.259
FD10909	216.625 	 19.375 	 75.301
FD10909	216.750 	 19.377 	 75.363
FD10909	216.875 	 19.378 	 75.437
FD10909	217.000 	 19.383 	 75.501
FD10909	217.125 	 19.382 	 75.536
FD10909	217.250 	 19.384 	 75.547
FD10909	217.375 	 19.388 	 75.544
FD10909	217.500 	 19.388 	 75.538
FD10909	217.625 	 19.391 	 75.529
FD10909	217.750 	 19.395 	 75.520
FD10909	217.875 	 19.395 	 75.503
FD10909	218.000 	 19.398 	 75.488
FD10909	218.125 	 19.401 	 75.474
FD10909	218.250 	 19.402 	 75.465
FD10909	218.375 	 19.405 	 75.472
FD10909	218.500 	 19.404 	 75.496
FD10909	218.625 	 19.407 	 75.522
FD10909	218.750 	 19.412 	 75.536
FD10909	218.875 	 19.412 	 75.538
FD10909	219.000 	 19.416 	 75.548
FD10909	219.125 	 19.415 	 75.575
FD10909	219.250 	 19.417 	 75.614
FD10909	219.375 	 19.423 	 75.661
FD10909	219.500 	 19.422 	 75.705
FD10909	219.625 	 19.422 	 75.747
FD10909	219.750 	 19.425 	 75.802
FD10909	219.875 	 19.426 	 75.853
FD10909	220.000 	 19.427 	 75.899
FD10909	220.125 	 19.425 	 75.920
FD10909	220.250 	 19.429 	 75.924
FD10909	220.375 	 19.428 	 75.933
FD10909	220.500 	 19.428 	 75.957
FD10909	220.625 	 19.427 	 76.002
FD10909	220.750 	 19.430 	 76.046
FD10909	220.875 	 19.427 	 76.068
FD10909	221.000 	 19.427 	 76.056
FD10909	221.125 	 19.427 	 76.013
FD10909	221.250 	 19.427 	 75.943
FD10909	221.375 	 19.428 	 75.857
FD10909	221.500 	 19.425 	 75.772
FD10909	221.625 	 19.424 	 75.699
FD10909	221.750 	 19.429 	 75.653
FD10909	221.875 	 19.424 	 75.633
FD10909	222.000 	 19.425 	 75.641
FD10909	222.125 	 19.428 	 75.663
FD10909	222.250 	 19.426 	 75.693
FD10909	222.375 	 19.428 	 75.720
FD10909	222.500 	 19.427 	 75.748
FD10909	222.625 	 19.429 	 75.774
FD10909	222.750 	 19.427 	 75.794
FD10909	222.875 	 19.431 	 75.799
FD10909	223.000 	 19.428 	 75.780
FD10909	223.125 	 19.431 	 75.749
FD10909	223.250 	 19.431 	 75.720
FD10909	223.375 	 19.431 	 75.701
FD10909	223.500 	 19.432 	 75.690
FD10909	223.625 	 19.433 	 75.678
FD10909	223.750 	 19.436 	 75.662
FD10909	223.875 	 19.437 	 75.637
FD10909	224.000 	 19.439 	 75.608
FD10909	224.125 	 19.439 	 75.583
FD10909	224.250 	 19.440 	 75.568
FD10909	224.375 	 19.441 	 75.562
FD10909	224.500 	 19.443 	 75.564
FD10909	224.625 	 19.442 	 75.564
FD10909	224.750 	 19.445 	 75.559
FD10909	224.875 	 19.447 	 75.540
FD10909	225.000 	 19.445 	 75.514
FD10909	225.125 	 19.445 	 75.492
FD10909	225.250 	 19.447 	 75.479
FD10909	225.375 	 19.445 	 75.473
FD10909	225.500 	 19.444 	 75.478
FD10909	225.625 	 19.442 	 75.503
FD10909	225.750 	 19.440 	 75.553
FD10909	225.875 	 19.438 	 75.615
FD10909	226.000 	 19.436 	 75.667
FD10909	226.125 	 19.433 	 75.697
FD10909	226.250 	 19.429 	 75.706
FD10909	226.375 	 19.426 	 75.684
FD10909	226.500 	 19.423 	 75.633
FD10909	226.625 	 19.419 	 75.550
FD10909	226.750 	 19.415 	 75.453
FD10909	226.875 	 19.411 	 75.367
FD10909	227.000 	 19.412 	 75.309
FD10909	227.125 	 19.406 	 75.282
FD10909	227.250 	 19.406 	 75.290
FD10909	227.375 	 19.403 	 75.324
FD10909	227.500 	 19.401 	 75.368
FD10909	227.625 	 19.399 	 75.393
FD10909	227.750 	 19.398 	 75.385
FD10909	227.875 	 19.399 	 75.352
FD10909	228.000 	 19.402 	 75.318
FD10909	228.125 	 19.401 	 75.304
FD10909	228.250 	 19.403 	 75.308
FD10909	228.375 	 19.405 	 75.319
FD10909	228.500 	 19.411 	 75.338
FD10909	228.625 	 19.415 	 75.369
FD10909	228.750 	 19.418 	 75.413
FD10909	228.875 	 19.422 	 75.468
FD10909	229.000 	 19.431 	 75.518
FD10909	229.125 	 19.433 	 75.544
FD10909	229.250 	 19.441 	 75.546
FD10909	229.375 	 19.450 	 75.518
FD10909	229.500 	 19.456 	 75.474
FD10909	229.625 	 19.463 	 75.423
FD10909	229.750 	 19.470 	 75.385
FD10909	229.875 	 19.478 	 75.357
FD10909	230.000 	 19.485 	 75.345
FD10909	230.125 	 19.493 	 75.340
FD10909	230.250 	 19.500 	 75.340
FD10909	230.375 	 19.505 	 75.340
FD10909	230.500 	 19.512 	 75.337
FD10909	230.625 	 19.522 	 75.332
FD10909	230.750 	 19.524 	 75.324
FD10909	230.875 	 19.535 	 75.328
FD10909	231.000 	 19.537 	 75.335
FD10909	231.125 	 19.544 	 75.343
FD10909	231.250 	 19.553 	 75.347
FD10909	231.375 	 19.555 	 75.357
FD10909	231.500 	 19.563 	 75.384
FD10909	231.625 	 19.568 	 75.433
FD10909	231.750 	 19.575 	 75.498
FD10909	231.875 	 19.578 	 75.559
FD10909	232.000 	 19.586 	 75.594
FD10909	232.125 	 19.593 	 75.599
FD10909	232.250 	 19.595 	 75.581
FD10909	232.375 	 19.601 	 75.555
FD10909	232.500 	 19.608 	 75.535
FD10909	232.625 	 19.612 	 75.513
FD10909	232.750 	 19.621 	 75.493
FD10909	232.875 	 19.625 	 75.466
FD10909	233.000 	 19.629 	 75.437
FD10909	233.125 	 19.636 	 75.412
FD10909	233.250 	 19.642 	 75.383
FD10909	233.375 	 19.648 	 75.361
FD10909	233.500 	 19.651 	 75.343
FD10909	233.625 	 19.657 	 75.345
FD10909	233.750 	 19.663 	 75.349
FD10909	233.875 	 19.668 	 75.354
FD10909	234.000 	 19.670 	 75.348
FD10909	234.125 	 19.676 	 75.337
FD10909	234.250 	 19.679 	 75.321
FD10909	234.375 	 19.680 	 75.311
FD10909	234.500 	 19.684 	 75.304
FD10909	234.625 	 19.687 	 75.298
FD10909	234.750 	 19.688 	 75.281
FD10909	234.875 	 19.686 	 75.254
FD10909	235.000 	 19.690 	 75.210
FD10909	235.125 	 19.689 	 75.149
FD10909	235.250 	 19.689 	 75.100
FD10909	235.375 	 19.688 	 75.078
FD10909	235.500 	 19.688 	 75.098
FD10909	235.625 	 19.687 	 75.145
FD10909	235.750 	 19.685 	 75.199
FD10909	235.875 	 19.682 	 75.241
FD10909	236.000 	 19.681 	 75.260
FD10909	236.125 	 19.679 	 75.277
FD10909	236.250 	 19.681 	 75.308
FD10909	236.375 	 19.676 	 75.354
FD10909	236.500 	 19.679 	 75.413
FD10909	236.625 	 19.675 	 75.475
FD10909	236.750 	 19.674 	 75.528
FD10909	236.875 	 19.673 	 75.575
FD10909	237.000 	 19.674 	 75.609
FD10909	237.125 	 19.675 	 75.629
FD10909	237.250 	 19.671 	 75.639
FD10909	237.375 	 19.671 	 75.649
FD10909	237.500 	 19.671 	 75.670
FD10909	237.625 	 19.670 	 75.703
FD10909	237.750 	 19.668 	 75.738
FD10909	237.875 	 19.668 	 75.765
FD10909	238.000 	 19.667 	 75.780
FD10909	238.125 	 19.662 	 75.791
FD10909	238.250 	 19.663 	 75.805
FD10909	238.375 	 19.660 	 75.821
FD10909	238.500 	 19.655 	 75.833
FD10909	238.625 	 19.654 	 75.830
FD10909	238.750 	 19.650 	 75.812
FD10909	238.875 	 19.646 	 75.781
FD10909	239.000 	 19.644 	 75.739
FD10909	239.125 	 19.638 	 75.704
FD10909	239.250 	 19.637 	 75.682
FD10909	239.375 	 19.632 	 75.691
FD10909	239.500 	 19.627 	 75.726
FD10909	239.625 	 19.625 	 75.776
FD10909	239.750 	 19.619 	 75.817
FD10909	239.875 	 19.619 	 75.848
FD10909	240.000 	 19.615 	 75.875
FD10909	240.125 	 19.614 	 75.897
FD10909	240.250 	 19.610 	 75.912
FD10909	240.375 	 19.608 	 75.917
FD10909	240.500 	 19.606 	 75.916
FD10909	240.625 	 19.605 	 75.917
FD10909	240.750 	 19.606 	 75.920
FD10909	240.875 	 19.601 	 75.912
FD10909	241.000 	 19.602 	 75.902
FD10909	241.125 	 19.603 	 75.892
FD10909	241.250 	 19.605 	 75.897
FD10909	241.375 	 19.605 	 75.916
FD10909	241.500 	 19.605 	 75.950
FD10909	241.625 	 19.606 	 75.983
FD10909	241.750 	 19.608 	 76.004
FD10909	241.875 	 19.610 	 76.005
FD10909	242.000 	 19.611 	 76.009
FD10909	242.125 	 19.613 	 76.031
FD10909	242.250 	 19.617 	 76.076
FD10909	242.375 	 19.618 	 76.136
FD10909	242.500 	 19.622 	 76.180
FD10909	242.625 	 19.624 	 76.194
FD10909	242.750 	 19.629 	 76.182
FD10909	242.875 	 19.630 	 76.144
FD10909	243.000 	 19.632 	 76.098
FD10909	243.125 	 19.638 	 76.048
FD10909	243.250 	 19.638 	 76.000
FD10909	243.375 	 19.641 	 75.965
FD10909	243.500 	 19.644 	 75.947
FD10909	243.625 	 19.643 	 75.935
FD10909	243.750 	 19.645 	 75.912
FD10909	243.875 	 19.648 	 75.862
FD10909	244.000 	 19.648 	 75.795
FD10909	244.125 	 19.649 	 75.719
FD10909	244.250 	 19.649 	 75.651
FD10909	244.375 	 19.647 	 75.595
FD10909	244.500 	 19.647 	 75.554
FD10909	244.625 	 19.644 	 75.527
FD10909	244.750 	 19.645 	 75.522
FD10909	244.875 	 19.638 	 75.531
FD10909	245.000 	 19.637 	 75.549
FD10909	245.125 	 19.633 	 75.570
FD10909	245.250 	 19.628 	 75.571
FD10909	245.375 	 19.625 	 75.562
FD10909	245.500 	 19.618 	 75.557
FD10909	245.625 	 19.616 	 75.572
FD10909	245.750 	 19.606 	 75.604
FD10909	245.875 	 19.596 	 75.638
FD10909	246.000 	 19.589 	 75.656
FD10909	246.125 	 19.586 	 75.656
FD10909	246.250 	 19.584 	 75.658
FD10909	246.375 	 19.584 	 75.678
FD10909	246.500 	 19.585 	 75.712
FD10909	246.625 	 19.584 	 75.740
FD10909	246.750 	 19.585 	 75.754
FD10909	246.875 	 19.586 	 75.755
FD10909	247.000 	 19.590 	 75.747
FD10909	247.125 	 19.598 	 75.730
FD10909	247.250 	 19.603 	 75.695
FD10909	247.375 	 19.609 	 75.639
FD10909	247.500 	 19.609 	 75.585
FD10909	247.625 	 19.611 	 75.548
FD10909	247.750 	 19.611 	 75.538
FD10909	247.875 	 19.610 	 75.549
FD10909	248.000 	 19.615 	 75.585
FD10909	248.125 	 19.614 	 75.629
FD10909	248.250 	 19.623 	 75.678
FD10909	248.375 	 19.626 	 75.718
FD10909	248.500 	 19.633 	 75.745
FD10909	248.625 	 19.635 	 75.761
FD10909	248.750 	 19.639 	 75.776
FD10909	248.875 	 19.637 	 75.801
FD10909	249.000 	 19.640 	 75.836
FD10909	249.125 	 19.641 	 75.878
FD10909	249.250 	 19.646 	 75.899
FD10909	249.375 	 19.655 	 75.901
FD10909	249.500 	 19.657 	 75.876
FD10909	249.625 	 19.664 	 75.835
FD10909	249.750 	 19.661 	 75.800
FD10909	249.875 	 19.666 	 75.789
FD10909	250.000 	 19.666 	 75.791
FD10909	250.125 	 19.665 	 75.786
FD10909	250.250 	 19.666 	 75.747
FD10909	250.375 	 19.662 	 75.683
FD10909	250.500 	 19.665 	 75.632
FD10909	250.625 	 19.667 	 75.608
FD10909	250.750 	 19.664 	 75.602
FD10909	250.875 	 19.664 	 75.593
FD10909	251.000 	 19.665 	 75.573
FD10909	251.125 	 19.665 	 75.548
FD10909	251.250 	 19.666 	 75.535
FD10909	251.375 	 19.665 	 75.533
FD10909	251.500 	 19.663 	 75.550
FD10909	251.625 	 19.666 	 75.586
FD10909	251.750 	 19.667 	 75.635
FD10909	251.875 	 19.665 	 75.697
FD10909	252.000 	 19.665 	 75.780
FD10909	252.125 	 19.663 	 75.878
FD10909	252.250 	 19.665 	 75.971
FD10909	252.375 	 19.665 	 76.037
FD10909	252.500 	 19.666 	 76.070
FD10909	252.625 	 19.666 	 76.083
FD10909	252.750 	 19.662 	 76.087
FD10909	252.875 	 19.666 	 76.068
FD10909	253.000 	 19.665 	 76.019
FD10909	253.125 	 19.667 	 75.949
FD10909	253.250 	 19.663 	 75.882
FD10909	253.375 	 19.664 	 75.836
FD10909	253.500 	 19.666 	 75.814
FD10909	253.625 	 19.665 	 75.802
FD10909	253.750 	 19.665 	 75.797
FD10909	253.875 	 19.661 	 75.796
FD10909	254.000 	 19.662 	 75.802
FD10909	254.125 	 19.658 	 75.821
FD10909	254.250 	 19.655 	 75.838
FD10909	254.375 	 19.648 	 75.836
FD10909	254.500 	 19.642 	 75.800
FD10909	254.625 	 19.643 	 75.735
FD10909	254.750 	 19.636 	 75.657
FD10909	254.875 	 19.639 	 75.593
FD10909	255.000 	 19.638 	 75.536
FD10909	255.125 	 19.639 	 75.486
FD10909	255.250 	 19.637 	 75.459
FD10909	255.375 	 19.639 	 75.469
FD10909	255.500 	 19.637 	 75.520
FD10909	255.625 	 19.639 	 75.588
FD10909	255.750 	 19.637 	 75.655
FD10909	255.875 	 19.639 	 75.700
FD10909	256.000 	 19.638 	 75.723
FD10909	256.125 	 19.639 	 75.721
FD10909	256.250 	 19.637 	 75.715
FD10909	256.375 	 19.639 	 75.713
FD10909	256.500 	 19.637 	 75.709
FD10909	256.625 	 19.638 	 75.685
FD10909	256.750 	 19.637 	 75.648
FD10909	256.875 	 19.639 	 75.609
FD10909	257.000 	 19.638 	 75.595
FD10909	257.125 	 19.639 	 75.612
FD10909	257.250 	 19.636 	 75.644
FD10909	257.375 	 19.641 	 75.676
FD10909	257.500 	 19.637 	 75.675
FD10909	257.625 	 19.638 	 75.641
FD10909	257.750 	 19.638 	 75.600
FD10909	257.875 	 19.639 	 75.571
FD10909	258.000 	 19.637 	 75.563
FD10909	258.125 	 19.639 	 75.549
FD10909	258.250 	 19.637 	 75.504
FD10909	258.375 	 19.640 	 75.439
FD10909	258.500 	 19.636 	 75.390
FD10909	258.625 	 19.640 	 75.392
FD10909	258.750 	 19.636 	 75.429
FD10909	258.875 	 19.640 	 75.457
FD10909	259.000 	 19.637 	 75.440
FD10909	259.125 	 19.638 	 75.393
FD10909	259.250 	 19.637 	 75.354
FD10909	259.375 	 19.640 	 75.332
FD10909	259.500 	 19.636 	 75.304
FD10909	259.625 	 19.639 	 75.262
FD10909	259.750 	 19.637 	 75.215
FD10909	259.875 	 19.639 	 75.164
FD10909	260.000 	 19.638 	 75.104
FD10909	260.125 	 19.638 	 75.044
FD10909	260.250 	 19.637 	 75.007
FD10909	260.375 	 19.636 	 74.998
FD10909	260.500 	 19.640 	 75.007
FD10909	260.625 	 19.637 	 75.010
FD10909	260.750 	 19.638 	 75.007
FD10909	260.875 	 19.637 	 75.027
FD10909	261.000 	 19.640 	 75.084
FD10909	261.125 	 19.636 	 75.149
FD10909	261.250 	 19.641 	 75.178
FD10909	261.375 	 19.643 	 75.153
FD10909	261.500 	 19.648 	 75.095
FD10909	261.625 	 19.654 	 75.045
FD10909	261.750 	 19.658 	 75.016
FD10909	261.875 	 19.664 	 75.013
FD10909	262.000 	 19.665 	 75.017
FD10909	262.125 	 19.665 	 75.034
FD10909	262.250 	 19.664 	 75.061
FD10909	262.375 	 19.665 	 75.099
FD10909	262.500 	 19.665 	 75.140
FD10909	262.625 	 19.666 	 75.169
FD10909	262.750 	 19.665 	 75.177
FD10909	262.875 	 19.664 	 75.185
FD10909	263.000 	 19.665 	 75.198
FD10909	263.125 	 19.665 	 75.220
FD10909	263.250 	 19.666 	 75.248
FD10909	263.375 	 19.665 	 75.266
FD10909	263.500 	 19.663 	 75.273
FD10909	263.625 	 19.666 	 75.274
FD10909	263.750 	 19.666 	 75.273
FD10909	263.875 	 19.664 	 75.268
FD10909	264.000 	 19.663 	 75.253
FD10909	264.125 	 19.666 	 75.227
FD10909	264.250 	 19.665 	 75.198
FD10909	264.375 	 19.664 	 75.189
FD10909	264.500 	 19.666 	 75.204
FD10909	264.625 	 19.661 	 75.237
FD10909	264.750 	 19.671 	 75.271
FD10909	264.875 	 19.664 	 75.296
FD10909	265.000 	 19.679 	 75.311
FD10909	265.125 	 19.679 	 75.320
FD10909	265.250 	 19.684 	 75.344
FD10909	265.375 	 19.693 	 75.389
FD10909	265.500 	 19.693 	 75.418
FD10909	265.625 	 19.688 	 75.411
FD10909	265.750 	 19.690 	 75.353
FD10909	265.875 	 19.693 	 75.270
FD10909	266.000 	 19.693 	 75.210
FD10909	266.125 	 19.689 	 75.194
FD10909	266.250 	 19.688 	 75.206
FD10909	266.375 	 19.693 	 75.224
FD10909	266.500 	 19.694 	 75.219
FD10909	266.625 	 19.692 	 75.206
FD10909	266.750 	 19.699 	 75.194
FD10909	266.875 	 19.697 	 75.206
FD10909	267.000 	 19.708 	 75.253
FD10909	267.125 	 19.710 	 75.312
FD10909	267.250 	 19.715 	 75.372
FD10909	267.375 	 19.720 	 75.406
FD10909	267.500 	 19.718 	 75.420
FD10909	267.625 	 19.717 	 75.427
FD10909	267.750 	 19.721 	 75.443
FD10909	267.875 	 19.718 	 75.479
FD10909	268.000 	 19.717 	 75.513
FD10909	268.125 	 19.717 	 75.531
FD10909	268.250 	 19.717 	 75.511
FD10909	268.375 	 19.716 	 75.457
FD10909	268.500 	 19.719 	 75.391
FD10909	268.625 	 19.716 	 75.320
FD10909	268.750 	 19.718 	 75.276
FD10909	268.875 	 19.721 	 75.252
FD10909	269.000 	 19.718 	 75.250
FD10909	269.125 	 19.716 	 75.259
FD10909	269.250 	 19.723 	 75.272
FD10909	269.375 	 19.716 	 75.296
FD10909	269.500 	 19.718 	 75.335
FD10909	269.625 	 19.717 	 75.372
FD10909	269.750 	 19.718 	 75.420
FD10909	269.875 	 19.717 	 75.476
FD10909	270.000 	 19.719 	 75.550
FD10909	270.125 	 19.719 	 75.629
FD10909	270.250 	 19.729 	 75.697
FD10909	270.375 	 19.732 	 75.746
FD10909	270.500 	 19.731 	 75.779
FD10909	270.625 	 19.734 	 75.807
FD10909	270.750 	 19.747 	 75.831
FD10909	270.875 	 19.742 	 75.852
FD10909	271.000 	 19.750 	 75.876
FD10909	271.125 	 19.755 	 75.917
FD10909	271.250 	 19.766 	 75.965
FD10909	271.375 	 19.767 	 76.008
FD10909	271.500 	 19.773 	 76.019
FD10909	271.625 	 19.787 	 76.005
FD10909	271.750 	 19.796 	 75.976
FD10909	271.875 	 19.805 	 75.949
FD10909	272.000 	 19.820 	 75.922
FD10909	272.125 	 19.828 	 75.889
FD10909	272.250 	 19.835 	 75.849
FD10909	272.375 	 19.839 	 75.795
FD10909	272.500 	 19.850 	 75.739
FD10909	272.625 	 19.848 	 75.680
FD10909	272.750 	 19.855 	 75.625
FD10909	272.875 	 19.867 	 75.574
FD10909	273.000 	 19.873 	 75.520
FD10909	273.125 	 19.879 	 75.464
FD10909	273.250 	 19.887 	 75.418
FD10909	273.375 	 19.898 	 75.403
FD10909	273.500 	 19.902 	 75.438
FD10909	273.625 	 19.904 	 75.519
FD10909	273.750 	 19.911 	 75.610
FD10909	273.875 	 19.916 	 75.659
FD10909	274.000 	 19.919 	 75.644
FD10909	274.125 	 19.922 	 75.584
FD10909	274.250 	 19.930 	 75.521
FD10909	274.375 	 19.924 	 75.500
FD10909	274.500 	 19.934 	 75.528
FD10909	274.625 	 19.939 	 75.592
FD10909	274.750 	 19.938 	 75.654
FD10909	274.875 	 19.940 	 75.688
FD10909	275.000 	 19.947 	 75.688
FD10909	275.125 	 19.952 	 75.670
FD10909	275.250 	 19.955 	 75.653
FD10909	275.375 	 19.959 	 75.644
FD10909	275.500 	 19.961 	 75.640
FD10909	275.625 	 19.966 	 75.642
FD10909	275.750 	 19.968 	 75.640
FD10909	275.875 	 19.979 	 75.642
FD10909	276.000 	 19.981 	 75.641
FD10909	276.125 	 19.980 	 75.640
FD10909	276.250 	 19.981 	 75.641
FD10909	276.375 	 19.994 	 75.642
FD10909	276.500 	 19.983 	 75.640
FD10909	276.625 	 19.988 	 75.640
FD10909	276.750 	 19.989 	 75.642
FD10909	276.875 	 19.983 	 75.637
FD10909	277.000 	 19.988 	 75.635
FD10909	277.125 	 19.989 	 75.629
FD10909	277.250 	 19.983 	 75.618
FD10909	277.375 	 19.989 	 75.608
FD10909	277.500 	 19.988 	 75.594
FD10909	277.625 	 19.984 	 75.587
FD10909	277.750 	 19.989 	 75.580
FD10909	277.875 	 19.988 	 75.575
FD10909	278.000 	 19.983 	 75.574
FD10909	278.125 	 19.993 	 75.575
FD10909	278.250 	 19.985 	 75.575
FD10909	278.375 	 19.983 	 75.575
FD10909	278.500 	 19.993 	 75.574
FD10909	278.625 	 19.983 	 75.574
FD10909	278.750 	 19.990 	 75.577
FD10909	278.875 	 19.988 	 75.577
FD10909	279.000 	 19.983 	 75.579
FD10909	279.125 	 19.989 	 75.599
FD10909	279.250 	 19.988 	 75.632
FD10909	279.375 	 19.984 	 75.690
FD10909	279.500 	 19.988 	 75.747
FD10909	279.625 	 19.990 	 75.794
FD10909	279.750 	 19.987 	 75.816
FD10909	279.875 	 20.000 	 75.824
FD10909	280.000 	 19.997 	 75.824
FD10909	280.125 	 20.015 	 75.824
FD10909	280.250 	 20.023 	 75.824
FD10909	280.375 	 20.025 	 75.825
FD10909	280.500 	 20.032 	 75.824
FD10909	280.625 	 20.027 	 75.824
FD10909	280.750 	 20.027 	 75.824
FD10909	280.875 	 20.022 	 75.824
FD10909	281.000 	 20.015 	 75.825
FD10909	281.125 	 20.012 	 75.824
FD10909	281.250 	 20.017 	 75.824
FD10909	281.375 	 20.013 	 75.824
FD10909	281.500 	 20.012 	 75.824
FD10909	281.625 	 20.017 	 75.824
FD10909	281.750 	 20.018 	 75.825
FD10909	281.875 	 20.007 	 75.824
FD10909	282.000 	 20.017 	 75.824
FD10909	282.125 	 20.018 	 75.825
FD10909	282.250 	 20.007 	 75.824
FD10909	282.375 	 20.017 	 75.823
FD10909	282.500 	 20.018 	 75.825
FD10909	282.625 	 20.012 	 75.824
FD10909	282.750 	 20.012 	 75.824
FD10909	282.875 	 20.018 	 75.825
FD10909	283.000 	 20.012 	 75.824
FD10909	283.125 	 20.012 	 75.824
FD10909	283.250 	 20.018 	 75.825
FD10909	283.375 	 20.012 	 75.824
FD10909	283.500 	 20.012 	 75.823
FD10909	283.625 	 20.018 	 75.825
FD10909	283.750 	 20.012 	 75.824
FD10909	283.875 	 20.012 	 75.824
FD10909	284.000 	 20.018 	 75.825
FD10909	284.125 	 20.012 	 75.824
FD10909	284.250 	 20.012 	 75.824
FD10909	284.375 	 20.018 	 75.825
FD10909	284.500 	 20.012 	 75.824
FD10909	284.625 	 20.012 	 75.823
FD10909	284.750 	 20.018 	 75.825
FD10909	284.875 	 20.017 	 75.824
FD10909	285.000 	 20.007 	 75.824
FD10909	285.125 	 20.018 	 75.825
FD10909	285.250 	 20.017 	 75.824
FD10909	285.375 	 20.012 	 75.824
FD10909	285.500 	 20.013 	 75.825
FD10909	285.625 	 20.017 	 75.823
FD10909	285.750 	 20.012 	 75.824
FD10909	285.875 	 20.012 	 75.824
FD10909	286.000 	 20.018 	 75.825
FD10909	286.125 	 20.012 	 75.824
FD10909	286.250 	 20.012 	 75.824
FD10909	286.375 	 20.018 	 75.825
FD10909	286.500 	 20.012 	 75.824
FD10909	286.625 	 20.012 	 75.824
FD10909	286.750 	 20.018 	 75.824
FD10909	286.875 	 20.012 	 75.824
FD10909	287.000 	 20.012 	 75.824
FD10909	287.125 	 20.018 	 75.825
FD10909	287.250 	 20.012 	 75.824
FD10909	287.375 	 20.012 	 75.824
FD10909	287.500 	 20.018 	 75.825
FD10909	287.625 	 20.017 	 75.824
FD10909	287.750 	 20.007 	 75.824
FD10909	287.875 	 20.018 	 75.824
FD10909	288.000 	 20.017 	 75.824
FD10909	288.125 	 20.007 	 75.824
FD10909	288.250 	 20.018 	 75.825
FD10909	288.375 	 20.017 	 75.824
FD10909	288.500 	 20.012 	 75.824
FD10909	288.625 	 20.013 	 75.825
FD10909	288.750 	 20.017 	 75.824
FD10909	288.875 	 20.012 	 75.823
FD10909	289.000 	 20.013 	 75.825
FD10909	289.125 	 0.000 	 90.000
FD10909	289.250 	 0.000 	 90.000
FD10909	289.375 	 0.000 	 90.000
FD10909	289.500 	 0.000 	 90.000
FD10909	289.625 	 0.000 	 90.000
FD10909	289.750 	 0.000 	 90.000
FD10909	289.875 	 0.000 	 90.000
FD10909	290.000 	 0.000 	 90.000
FD10909	290.125 	 0.000 	 90.000
FD10909	290.250 	 0.000 	 90.000
FD10909	290.375 	 0.000 	 90.000
FD10909	290.500 	 0.000 	 90.000
FD10909	290.625 	 0.000 	 90.000
FD10909	290.750 	 0.000 	 90.000
FD10909	290.875 	 0.000 	 90.000
FD10909	291.000 	 0.000 	 90.000
FD10909	291.125 	 0.000 	 90.000
FD10909	291.250 	 0.000 	 90.000
FD10909	291.375 	 0.000 	 90.000
FD10909	291.500 	 0.000 	 90.000
FD10909	291.625 	 0.000 	 90.000
FD10909	291.750 	 0.000 	 90.000
FD10909	291.875 	 0.000 	 90.000
FD10909	292.000 	 0.000 	 90.000
FD10909	292.125 	 0.000 	 90.000
FD10909	292.250 	 0.000 	 90.000
FD10909	292.375 	 0.000 	 90.000
FD10909	292.500 	 0.000 	 90.000
FD10909	292.625 	 0.000 	 90.000
FD10909	292.750 	 0.000 	 90.000
FD10909	292.875 	 0.000 	 90.000
FD10909	293.000 	 0.000 	 90.000
FD10909	293.125 	 0.000 	 90.000
FD10909	293.250 	 0.000 	 90.000
FD10909	293.375 	 0.000 	 90.000
FD10909	293.500 	 0.000 	 90.000
FD10909	293.625 	 0.000 	 90.000
FD10909	293.750 	 0.000 	 90.000
FD10909	293.875 	 0.000 	 90.000
FD10909	294.000 	 0.000 	 90.000
FD10909	294.125 	 0.000 	 90.000
FD10909	294.250 	 0.000 	 90.000
FD10909	294.375 	 0.000 	 90.000
FD10909	294.500 	 0.000 	 90.000
FD10909	294.625 	 0.000 	 90.000
FD10909	294.750 	 0.000 	 90.000
FD10909	294.875 	 0.000 	 90.000
FD10909	295.000 	 0.000 	 90.000
FD10909	295.125 	 0.000 	 90.000
FD10909	295.250 	 0.000 	 90.000
FD10909	295.375 	 0.000 	 90.000
FD10909	295.500 	 0.000 	 90.000
FD10909	295.625 	 0.000 	 90.000
FD10909	295.750 	 0.000 	 90.000
FD10909	295.875 	 0.000 	 90.000
FD10909	296.000 	 0.000 	 90.000
FD10909	296.125 	 0.000 	 90.000
FD10909	296.250 	 0.000 	 90.000
FD10909	296.375 	 0.000 	 90.000
FD10909	296.500 	 0.000 	 90.000
FD10909	296.625 	 0.000 	 90.000
FD10909	296.750 	 0.000 	 90.000
FD10909	296.875 	 0.000 	 90.000
FD10909	297.000 	 0.000 	 90.000
FD10909	297.125 	 0.000 	 90.000
FD10909	297.250 	 0.000 	 90.000
FD10909	297.375 	 0.000 	 90.000
FD10909	297.500 	 0.000 	 90.000
FD10909	297.625 	 0.000 	 90.000
FD10909	297.750 	 0.000 	 90.000
FD10909	297.875 	 0.000 	 90.000
FD10909	298.000 	 0.000 	 90.000
FD10909	298.125 	 0.000 	 90.000
FD10909	298.250 	 0.000 	 90.000
FD10909	298.375 	 0.000 	 90.000
FD10909	298.500 	 0.000 	 90.000
FD10909	298.625 	 0.000 	 90.000
FD10909	298.750 	 0.000 	 90.000
FD10909	298.875 	 0.000 	 90.000
FD10909	299.000 	 0.000 	 90.000
