#WellName	 Depth.M	 INCL	 AZIM 
WellName	 Depth.M	 INCL	 AZIM 
FD10655	0.000 	 0.000 	 0.000
FD10655	0.125 	 0.458 	 180.000
FD10655	0.250 	 0.458 	 90.000
FD10655	0.375 	 0.458 	 180.000
FD10655	0.500 	 0.648 	 135.000
FD10655	0.625 	 0.458 	 180.000
FD10655	0.750 	 0.000 	 90.000
FD10655	0.875 	 0.648 	 135.000
FD10655	1.000 	 0.458 	 180.000
FD10655	1.125 	 0.458 	 90.000
FD10655	1.250 	 0.458 	 180.000
FD10655	1.375 	 0.458 	 180.000
FD10655	1.500 	 0.648 	 135.000
FD10655	1.625 	 0.000 	 90.000
FD10655	1.750 	 0.648 	 135.000
FD10655	1.875 	 0.458 	 180.000
FD10655	2.000 	 0.458 	 90.000
FD10655	2.125 	 0.458 	 180.000
FD10655	2.250 	 0.458 	 180.000
FD10655	2.375 	 0.458 	 90.000
FD10655	2.500 	 0.458 	 180.000
FD10655	2.625 	 0.648 	 135.000
FD10655	2.750 	 0.458 	 180.000
FD10655	2.875 	 0.000 	 90.000
FD10655	3.000 	 0.648 	 135.000
FD10655	3.125 	 0.458 	 180.000
FD10655	3.250 	 0.458 	 90.000
FD10655	3.375 	 0.458 	 180.000
FD10655	3.500 	 0.458 	 180.000
FD10655	3.625 	 0.648 	 135.000
FD10655	3.750 	 0.000 	 90.000
FD10655	3.875 	 0.648 	 135.000
FD10655	4.000 	 0.458 	 180.000
FD10655	4.125 	 0.000 	 90.000
FD10655	4.250 	 0.648 	 135.000
FD10655	4.375 	 0.458 	 180.000
FD10655	4.500 	 0.648 	 135.000
FD10655	4.625 	 0.000 	 90.000
FD10655	4.750 	 0.648 	 135.000
FD10655	4.875 	 0.458 	 180.000
FD10655	5.000 	 0.000 	 90.000
FD10655	5.125 	 0.648 	 135.000
FD10655	5.250 	 0.458 	 180.000
FD10655	5.375 	 0.458 	 90.000
FD10655	5.500 	 0.458 	 180.000
FD10655	5.625 	 0.458 	 180.000
FD10655	5.750 	 0.648 	 135.000
FD10655	5.875 	 0.000 	 90.000
FD10655	6.000 	 0.648 	 135.000
FD10655	6.125 	 0.458 	 180.000
FD10655	6.250 	 0.000 	 90.000
FD10655	6.375 	 0.648 	 135.000
FD10655	6.500 	 0.458 	 180.000
FD10655	6.625 	 0.648 	 135.000
FD10655	6.750 	 0.000 	 90.000
FD10655	6.875 	 0.458 	 180.000
FD10655	7.000 	 0.648 	 135.000
FD10655	7.125 	 0.000 	 90.000
FD10655	7.250 	 0.648 	 135.000
FD10655	7.375 	 0.458 	 180.000
FD10655	7.500 	 0.648 	 135.000
FD10655	7.625 	 0.000 	 90.000
FD10655	7.750 	 0.458 	 180.000
FD10655	7.875 	 0.648 	 135.000
FD10655	8.000 	 0.000 	 90.000
FD10655	8.125 	 0.648 	 135.000
FD10655	8.250 	 0.458 	 180.000
FD10655	8.375 	 0.000 	 90.000
FD10655	8.500 	 0.648 	 135.000
FD10655	8.625 	 0.458 	 180.000
FD10655	8.750 	 0.648 	 135.000
FD10655	8.875 	 0.000 	 90.000
FD10655	9.000 	 0.458 	 180.000
FD10655	9.125 	 0.648 	 135.000
FD10655	9.250 	 0.000 	 90.000
FD10655	9.375 	 0.648 	 135.000
FD10655	9.500 	 0.458 	 180.000
FD10655	9.625 	 0.458 	 180.000
FD10655	9.750 	 0.458 	 90.000
FD10655	9.875 	 0.458 	 180.000
FD10655	10.000 	 0.648 	 135.000
FD10655	10.125 	 0.000 	 90.000
FD10655	10.250 	 0.648 	 135.000
FD10655	10.375 	 0.458 	 180.000
FD10655	10.500 	 0.458 	 180.000
FD10655	10.625 	 0.458 	 90.000
FD10655	10.750 	 0.458 	 180.000
FD10655	10.875 	 0.648 	 135.000
FD10655	11.000 	 0.000 	 90.000
FD10655	11.125 	 0.458 	 180.000
FD10655	11.250 	 0.648 	 135.000
FD10655	11.375 	 0.000 	 90.000
FD10655	11.500 	 0.648 	 135.000
FD10655	11.625 	 0.458 	 180.000
FD10655	11.750 	 0.458 	 180.000
FD10655	11.875 	 0.458 	 90.000
FD10655	12.000 	 0.458 	 180.000
FD10655	12.125 	 0.648 	 135.000
FD10655	12.250 	 0.000 	 90.000
FD10655	12.375 	 0.458 	 180.000
FD10655	12.500 	 0.648 	 135.000
FD10655	12.625 	 0.458 	 180.000
FD10655	12.750 	 0.458 	 90.000
FD10655	12.875 	 0.458 	 180.000
FD10655	13.000 	 0.648 	 135.000
FD10655	13.125 	 0.000 	 90.000
FD10655	13.250 	 0.458 	 180.000
FD10655	13.375 	 0.648 	 135.000
FD10655	13.500 	 0.458 	 180.000
FD10655	13.625 	 0.458 	 90.000
FD10655	13.750 	 0.458 	 180.000
FD10655	13.875 	 0.458 	 180.000
FD10655	14.000 	 0.458 	 90.000
FD10655	14.125 	 0.458 	 180.000
FD10655	14.250 	 0.648 	 135.000
FD10655	14.375 	 0.000 	 90.000
FD10655	14.500 	 0.458 	 180.000
FD10655	14.625 	 0.648 	 135.000
FD10655	14.750 	 0.458 	 180.000
FD10655	14.875 	 0.458 	 90.000
FD10655	15.000 	 0.458 	 180.000
FD10655	15.125 	 0.458 	 180.000
FD10655	15.250 	 0.458 	 90.000
FD10655	15.375 	 0.458 	 180.000
FD10655	15.500 	 0.648 	 135.000
FD10655	15.625 	 0.458 	 180.000
FD10655	15.750 	 0.458 	 90.000
FD10655	15.875 	 0.458 	 180.000
FD10655	16.000 	 0.458 	 180.000
FD10655	16.125 	 0.458 	 90.000
FD10655	16.250 	 0.458 	 180.000
FD10655	16.375 	 0.648 	 135.000
FD10655	16.500 	 0.458 	 180.000
FD10655	16.625 	 0.000 	 90.000
FD10655	16.750 	 0.648 	 135.000
FD10655	16.875 	 0.458 	 180.000
FD10655	17.000 	 0.458 	 90.000
FD10655	17.125 	 0.458 	 180.000
FD10655	17.250 	 0.458 	 180.000
FD10655	17.375 	 0.458 	 90.000
FD10655	17.500 	 0.458 	 180.000
FD10655	17.625 	 0.648 	 135.000
FD10655	17.750 	 0.458 	 180.000
FD10655	17.875 	 0.000 	 90.000
FD10655	18.000 	 0.648 	 135.000
FD10655	18.125 	 0.458 	 180.000
FD10655	18.250 	 0.458 	 90.000
FD10655	18.375 	 0.458 	 180.000
FD10655	18.500 	 0.648 	 135.000
FD10655	18.625 	 0.458 	 180.000
FD10655	18.750 	 0.000 	 90.000
FD10655	18.875 	 0.648 	 135.000
FD10655	19.000 	 0.458 	 180.000
FD10655	19.125 	 0.458 	 90.000
FD10655	19.250 	 0.458 	 180.000
FD10655	19.375 	 0.458 	 180.000
FD10655	19.500 	 0.648 	 135.000
FD10655	19.625 	 0.000 	 90.000
FD10655	19.750 	 0.648 	 135.000
FD10655	19.875 	 0.458 	 180.000
FD10655	20.000 	 0.000 	 90.000
FD10655	20.125 	 0.648 	 135.000
FD10655	20.250 	 0.458 	 180.000
FD10655	20.375 	 0.458 	 90.000
FD10655	20.500 	 0.458 	 180.000
FD10655	20.625 	 0.458 	 180.000
FD10655	20.750 	 0.648 	 135.000
FD10655	20.875 	 0.000 	 90.000
FD10655	21.000 	 0.648 	 135.000
FD10655	21.125 	 0.458 	 180.000
FD10655	21.250 	 0.458 	 90.000
FD10655	21.375 	 0.458 	 180.000
FD10655	21.500 	 0.458 	 180.000
FD10655	21.625 	 0.648 	 135.000
FD10655	21.750 	 0.000 	 90.000
FD10655	21.875 	 0.648 	 135.000
FD10655	22.000 	 0.458 	 180.000
FD10655	22.125 	 0.000 	 90.000
FD10655	22.250 	 0.648 	 135.000
FD10655	22.375 	 0.458 	 180.000
FD10655	22.500 	 0.648 	 135.000
FD10655	22.625 	 0.000 	 90.000
FD10655	22.750 	 0.458 	 180.000
FD10655	22.875 	 0.648 	 135.000
FD10655	23.000 	 0.000 	 90.000
FD10655	23.125 	 0.648 	 135.000
FD10655	23.250 	 0.458 	 180.000
FD10655	23.375 	 0.000 	 90.000
FD10655	23.500 	 0.648 	 135.000
FD10655	23.625 	 0.458 	 180.000
FD10655	23.750 	 0.648 	 135.000
FD10655	23.875 	 0.000 	 90.000
FD10655	24.000 	 0.648 	 135.000
FD10655	24.125 	 0.458 	 180.000
FD10655	24.250 	 0.000 	 90.000
FD10655	24.375 	 0.648 	 135.000
FD10655	24.500 	 0.458 	 180.000
FD10655	24.625 	 0.648 	 135.000
FD10655	24.750 	 0.000 	 90.000
FD10655	24.875 	 0.458 	 180.000
FD10655	25.000 	 0.648 	 135.000
FD10655	25.125 	 0.000 	 90.000
FD10655	25.250 	 0.648 	 135.000
FD10655	25.375 	 0.458 	 180.000
FD10655	25.500 	 0.458 	 180.000
FD10655	25.625 	 0.458 	 90.000
FD10655	25.750 	 0.458 	 180.000
FD10655	25.875 	 0.648 	 135.000
FD10655	26.000 	 0.000 	 90.000
FD10655	26.125 	 0.458 	 180.000
FD10655	26.250 	 0.648 	 135.000
FD10655	26.375 	 0.000 	 90.000
FD10655	26.500 	 0.648 	 135.000
FD10655	26.625 	 0.458 	 180.000
FD10655	26.750 	 0.648 	 135.000
FD10655	26.875 	 0.000 	 90.000
FD10655	27.000 	 0.458 	 180.000
FD10655	27.125 	 0.648 	 135.000
FD10655	27.250 	 0.000 	 90.000
FD10655	27.375 	 0.648 	 135.000
FD10655	27.500 	 0.458 	 180.000
FD10655	27.625 	 0.458 	 180.000
FD10655	27.750 	 0.458 	 90.000
FD10655	27.875 	 0.458 	 180.000
FD10655	28.000 	 0.648 	 135.000
FD10655	28.125 	 0.000 	 90.000
FD10655	28.250 	 0.458 	 180.000
FD10655	28.375 	 0.648 	 135.000
FD10655	28.500 	 0.458 	 180.000
FD10655	28.625 	 0.458 	 90.000
FD10655	28.750 	 0.458 	 180.000
FD10655	28.875 	 0.458 	 180.000
FD10655	29.000 	 0.458 	 90.000
FD10655	29.125 	 0.458 	 180.000
FD10655	29.250 	 0.648 	 135.000
FD10655	29.375 	 0.000 	 90.000
FD10655	29.500 	 0.648 	 135.000
FD10655	29.625 	 0.458 	 180.000
FD10655	29.750 	 0.458 	 180.000
FD10655	29.875 	 0.458 	 90.000
FD10655	30.000 	 0.458 	 180.000
FD10655	30.125 	 3.238 	 98.130
FD10655	30.250 	 2.786 	 99.462
FD10655	30.375 	 2.808 	 99.462
FD10655	30.500 	 3.238 	 98.130
FD10655	30.625 	 2.786 	 99.462
FD10655	30.750 	 3.238 	 98.130
FD10655	30.875 	 2.920 	 108.435
FD10655	31.000 	 2.786 	 99.462
FD10655	31.125 	 3.238 	 98.130
FD10655	31.250 	 2.786 	 99.462
FD10655	31.375 	 3.264 	 98.130
FD10655	31.500 	 2.786 	 99.462
FD10655	31.625 	 2.786 	 99.462
FD10655	31.750 	 3.238 	 98.130
FD10655	31.875 	 2.808 	 99.462
FD10655	32.000 	 3.238 	 98.130
FD10655	32.125 	 2.786 	 99.462
FD10655	32.250 	 2.808 	 99.462
FD10655	32.375 	 3.238 	 98.130
FD10655	32.500 	 2.786 	 99.462
FD10655	32.625 	 3.333 	 105.945
FD10655	32.750 	 2.808 	 99.462
FD10655	32.875 	 2.786 	 99.462
FD10655	33.000 	 3.238 	 98.130
FD10655	33.125 	 2.786 	 99.462
FD10655	33.250 	 3.264 	 98.130
FD10655	33.375 	 2.786 	 99.462
FD10655	33.500 	 2.786 	 99.462
FD10655	33.625 	 3.264 	 98.130
FD10655	33.750 	 2.786 	 99.462
FD10655	33.875 	 3.238 	 98.130
FD10655	34.000 	 2.786 	 99.462
FD10655	34.125 	 2.808 	 99.462
FD10655	34.250 	 3.238 	 98.130
FD10655	34.375 	 2.896 	 108.435
FD10655	34.500 	 3.238 	 98.130
FD10655	34.625 	 2.808 	 99.462
FD10655	34.750 	 2.786 	 99.462
FD10655	34.875 	 3.238 	 98.130
FD10655	35.000 	 2.808 	 99.462
FD10655	35.125 	 3.238 	 98.130
FD10655	35.250 	 2.786 	 99.462
FD10655	35.375 	 2.786 	 99.462
FD10655	35.500 	 3.264 	 98.130
FD10655	35.625 	 2.786 	 99.462
FD10655	35.750 	 3.238 	 98.130
FD10655	35.875 	 2.786 	 99.462
FD10655	36.000 	 2.808 	 99.462
FD10655	36.125 	 3.333 	 105.945
FD10655	36.250 	 2.786 	 99.462
FD10655	36.375 	 2.786 	 99.462
FD10655	36.500 	 3.264 	 98.130
FD10655	36.625 	 2.786 	 99.462
FD10655	36.750 	 3.238 	 98.130
FD10655	36.875 	 2.808 	 99.462
FD10655	37.000 	 2.786 	 99.462
FD10655	37.125 	 3.238 	 98.130
FD10655	37.250 	 2.786 	 99.462
FD10655	37.375 	 3.264 	 98.130
FD10655	37.500 	 2.786 	 99.462
FD10655	37.625 	 2.786 	 99.462
FD10655	37.750 	 3.238 	 98.130
FD10655	37.875 	 2.808 	 99.462
FD10655	38.000 	 3.333 	 105.945
FD10655	38.125 	 2.786 	 99.462
FD10655	38.250 	 2.808 	 99.462
FD10655	38.375 	 3.238 	 98.130
FD10655	38.500 	 2.786 	 99.462
FD10655	38.625 	 3.238 	 98.130
FD10655	38.750 	 2.808 	 99.462
FD10655	38.875 	 2.786 	 99.462
FD10655	39.000 	 3.238 	 98.130
FD10655	39.125 	 2.786 	 99.462
FD10655	39.250 	 3.264 	 98.130
FD10655	39.375 	 2.786 	 99.462
FD10655	39.500 	 2.786 	 99.462
FD10655	39.625 	 3.238 	 98.130
FD10655	39.750 	 2.920 	 108.435
FD10655	39.875 	 3.238 	 98.130
FD10655	40.000 	 2.786 	 99.462
FD10655	40.125 	 2.808 	 99.462
FD10655	40.250 	 3.238 	 98.130
FD10655	40.375 	 2.786 	 99.463
FD10655	40.500 	 3.238 	 98.130
FD10655	40.625 	 2.808 	 99.462
FD10655	40.750 	 2.786 	 99.462
FD10655	40.875 	 3.238 	 98.130
FD10655	41.000 	 2.786 	 99.462
FD10655	41.125 	 3.264 	 98.130
FD10655	41.250 	 2.786 	 99.462
FD10655	41.375 	 2.786 	 99.462
FD10655	41.500 	 3.360 	 105.946
FD10655	41.625 	 2.786 	 99.462
FD10655	41.750 	 3.238 	 98.130
FD10655	41.875 	 2.786 	 99.463
FD10655	42.000 	 2.808 	 99.462
FD10655	42.125 	 3.238 	 98.130
FD10655	42.250 	 2.786 	 99.462
FD10655	42.375 	 3.238 	 98.130
FD10655	42.500 	 2.808 	 99.463
FD10655	42.625 	 2.786 	 99.462
FD10655	42.750 	 3.238 	 98.130
FD10655	42.875 	 2.786 	 99.462
FD10655	43.000 	 3.264 	 98.130
FD10655	43.125 	 2.786 	 99.463
FD10655	43.250 	 2.897 	 108.435
FD10655	43.375 	 3.264 	 98.130
FD10655	43.500 	 2.786 	 99.463
FD10655	43.625 	 3.238 	 98.130
FD10655	43.750 	 2.786 	 99.462
FD10655	43.875 	 2.808 	 99.462
FD10655	44.000 	 3.238 	 98.130
FD10655	44.125 	 2.786 	 99.463
FD10655	44.250 	 3.238 	 98.130
FD10655	44.375 	 2.808 	 99.463
FD10655	44.500 	 2.786 	 99.462
FD10655	44.625 	 3.238 	 98.130
FD10655	44.750 	 2.808 	 99.463
FD10655	44.875 	 3.238 	 98.130
FD10655	45.000 	 2.896 	 108.435
FD10655	45.125 	 2.786 	 99.463
FD10655	45.250 	 3.264 	 98.130
FD10655	45.375 	 2.786 	 99.462
FD10655	45.500 	 3.238 	 98.130
FD10655	45.625 	 2.786 	 99.462
FD10655	45.750 	 2.808 	 99.463
FD10655	45.875 	 3.238 	 98.130
FD10655	46.000 	 2.786 	 99.463
FD10655	46.125 	 3.264 	 98.130
FD10655	46.250 	 2.786 	 99.462
FD10655	46.375 	 2.786 	 99.463
FD10655	46.500 	 3.238 	 98.130
FD10655	46.625 	 2.808 	 99.463
FD10655	46.750 	 3.333 	 105.946
FD10655	46.875 	 2.786 	 99.462
FD10655	47.000 	 2.786 	 99.463
FD10655	47.125 	 3.264 	 98.130
FD10655	47.250 	 2.786 	 99.462
FD10655	47.375 	 3.238 	 98.130
FD10655	47.500 	 2.786 	 99.462
FD10655	47.625 	 2.808 	 99.463
FD10655	47.750 	 3.238 	 98.130
FD10655	47.875 	 2.786 	 99.462
FD10655	48.000 	 3.264 	 98.130
FD10655	48.125 	 2.786 	 99.462
FD10655	48.250 	 2.786 	 99.463
FD10655	48.375 	 3.238 	 98.130
FD10655	48.500 	 2.920 	 108.435
FD10655	48.625 	 3.238 	 98.130
FD10655	48.750 	 2.786 	 99.462
FD10655	48.875 	 2.786 	 99.462
FD10655	49.000 	 3.264 	 98.130
FD10655	49.125 	 2.786 	 99.462
FD10655	49.250 	 3.238 	 98.130
FD10655	49.375 	 2.808 	 99.462
FD10655	49.500 	 2.786 	 99.463
FD10655	49.625 	 3.238 	 98.130
FD10655	49.750 	 2.786 	 99.462
FD10655	49.875 	 3.264 	 98.130
FD10655	50.000 	 2.786 	 99.462
FD10655	50.125 	 2.786 	 99.462
FD10655	50.250 	 3.333 	 105.946
FD10655	50.375 	 2.808 	 99.462
FD10655	50.500 	 3.238 	 98.130
FD10655	50.625 	 2.786 	 99.462
FD10655	50.750 	 2.786 	 99.462
FD10655	50.875 	 3.264 	 98.130
FD10655	51.000 	 2.786 	 99.462
FD10655	51.125 	 3.238 	 98.130
FD10655	51.250 	 2.808 	 99.462
FD10655	51.375 	 2.786 	 99.462
FD10655	51.500 	 3.238 	 98.130
FD10655	51.625 	 2.786 	 99.462
FD10655	51.750 	 3.264 	 98.130
FD10655	51.875 	 2.786 	 99.462
FD10655	52.000 	 2.786 	 99.463
FD10655	52.125 	 3.333 	 105.946
FD10655	52.250 	 2.808 	 99.462
FD10655	52.375 	 3.238 	 98.130
FD10655	52.500 	 2.786 	 99.462
FD10655	52.625 	 2.808 	 99.462
FD10655	52.750 	 3.238 	 98.130
FD10655	52.875 	 2.786 	 99.462
FD10655	53.000 	 2.786 	 99.463
FD10655	53.125 	 3.264 	 98.130
FD10655	53.250 	 2.786 	 99.462
FD10655	53.375 	 3.238 	 98.130
FD10655	53.500 	 2.786 	 99.462
FD10655	53.625 	 2.808 	 99.462
FD10655	53.750 	 3.238 	 98.130
FD10655	53.875 	 2.897 	 108.435
FD10655	54.000 	 3.264 	 98.130
FD10655	54.125 	 2.786 	 99.463
FD10655	54.250 	 2.786 	 99.462
FD10655	54.375 	 3.238 	 98.130
FD10655	54.500 	 2.808 	 99.462
FD10655	54.625 	 3.238 	 98.130
FD10655	54.750 	 2.786 	 99.462
FD10655	54.875 	 2.786 	 99.462
FD10655	55.000 	 3.264 	 98.130
FD10655	55.125 	 2.786 	 99.462
FD10655	55.250 	 3.238 	 98.130
FD10655	55.375 	 2.786 	 99.462
FD10655	55.500 	 2.808 	 99.462
FD10655	55.625 	 3.333 	 105.945
FD10655	55.750 	 2.786 	 99.462
FD10655	55.875 	 3.264 	 98.130
FD10655	56.000 	 2.786 	 99.462
FD10655	56.125 	 2.786 	 99.462
FD10655	56.250 	 3.238 	 98.130
FD10655	56.375 	 2.808 	 99.462
FD10655	56.500 	 3.238 	 98.130
FD10655	56.625 	 2.786 	 99.462
FD10655	56.750 	 2.786 	 99.462
FD10655	56.875 	 3.264 	 98.130
FD10655	57.000 	 2.786 	 99.462
FD10655	57.125 	 3.238 	 98.130
FD10655	57.250 	 2.808 	 99.462
FD10655	57.375 	 2.896 	 108.435
FD10655	57.500 	 3.238 	 98.130
FD10655	57.625 	 2.786 	 99.463
FD10655	57.750 	 3.264 	 98.130
FD10655	57.875 	 2.786 	 99.463
FD10655	58.000 	 2.786 	 99.462
FD10655	58.125 	 3.238 	 98.130
FD10655	58.250 	 2.808 	 99.462
FD10655	58.375 	 3.238 	 98.130
FD10655	58.500 	 2.786 	 99.462
FD10655	58.625 	 2.786 	 99.462
FD10655	58.750 	 3.264 	 98.130
FD10655	58.875 	 2.786 	 99.462
FD10655	59.000 	 3.238 	 98.130
FD10655	59.125 	 2.920 	 108.435
FD10655	59.250 	 2.786 	 99.462
FD10655	59.375 	 3.238 	 98.130
FD10655	59.500 	 2.786 	 99.462
FD10655	59.625 	 3.264 	 98.130
FD10655	59.750 	 2.786 	 99.462
FD10655	59.875 	 2.786 	 99.462
FD10655	60.000 	 3.238 	 98.130
FD10655	60.125 	 9.471 	 46.975
FD10655	60.250 	 9.806 	 48.814
FD10655	60.375 	 9.471 	 46.975
FD10655	60.500 	 9.807 	 48.814
FD10655	60.625 	 9.471 	 46.975
FD10655	60.750 	 9.729 	 48.814
FD10655	60.875 	 9.471 	 46.975
FD10655	61.000 	 9.515 	 50.906
FD10655	61.125 	 9.471 	 46.975
FD10655	61.250 	 9.806 	 48.814
FD10655	61.375 	 9.396 	 46.975
FD10655	61.500 	 9.807 	 48.814
FD10655	61.625 	 9.471 	 46.975
FD10655	61.750 	 9.806 	 48.814
FD10655	61.875 	 9.471 	 46.975
FD10655	62.000 	 9.807 	 48.814
FD10655	62.125 	 9.396 	 46.975
FD10655	62.250 	 9.471 	 46.975
FD10655	62.375 	 9.806 	 48.814
FD10655	62.500 	 9.471 	 46.975
FD10655	62.625 	 9.806 	 48.814
FD10655	62.750 	 9.471 	 46.975
FD10655	62.875 	 9.729 	 48.814
FD10655	63.000 	 9.471 	 46.975
FD10655	63.125 	 9.515 	 50.906
FD10655	63.250 	 9.471 	 46.975
FD10655	63.375 	 9.807 	 48.814
FD10655	63.500 	 9.396 	 46.975
FD10655	63.625 	 9.806 	 48.814
FD10655	63.750 	 9.471 	 46.975
FD10655	63.875 	 9.807 	 48.814
FD10655	64.000 	 9.470 	 46.975
FD10655	64.125 	 9.806 	 48.814
FD10655	64.250 	 9.396 	 46.975
FD10655	64.375 	 9.806 	 48.814
FD10655	64.500 	 9.470 	 46.975
FD10655	64.625 	 9.807 	 48.814
FD10655	64.750 	 9.470 	 46.975
FD10655	64.875 	 9.806 	 48.814
FD10655	65.000 	 9.396 	 46.975
FD10655	65.125 	 9.806 	 48.814
FD10655	65.250 	 9.167 	 49.085
FD10655	65.375 	 9.806 	 48.814
FD10655	65.500 	 9.471 	 46.975
FD10655	65.625 	 9.396 	 46.975
FD10655	65.750 	 9.806 	 48.814
FD10655	65.875 	 9.471 	 46.975
FD10655	66.000 	 9.806 	 48.814
FD10655	66.125 	 9.470 	 46.975
FD10655	66.250 	 9.806 	 48.814
FD10655	66.375 	 9.396 	 46.975
FD10655	66.500 	 9.807 	 48.814
FD10655	66.625 	 9.471 	 46.975
FD10655	66.750 	 9.806 	 48.814
FD10655	66.875 	 9.470 	 46.975
FD10655	67.000 	 9.806 	 48.814
FD10655	67.125 	 9.396 	 46.975
FD10655	67.250 	 9.515 	 50.906
FD10655	67.375 	 9.470 	 46.975
FD10655	67.500 	 9.807 	 48.814
FD10655	67.625 	 9.471 	 46.975
FD10655	67.750 	 9.729 	 48.814
FD10655	67.875 	 9.470 	 46.975
FD10655	68.000 	 9.806 	 48.814
FD10655	68.125 	 9.471 	 46.975
FD10655	68.250 	 9.806 	 48.814
FD10655	68.375 	 9.471 	 46.975
FD10655	68.500 	 9.729 	 48.814
FD10655	68.625 	 9.470 	 46.975
FD10655	68.750 	 9.806 	 48.814
FD10655	68.875 	 9.471 	 46.975
FD10655	69.000 	 9.806 	 48.814
FD10655	69.125 	 9.470 	 46.975
FD10655	69.250 	 9.396 	 46.975
FD10655	69.375 	 9.515 	 50.906
FD10655	69.500 	 9.470 	 46.975
FD10655	69.625 	 9.806 	 48.814
FD10655	69.750 	 9.471 	 46.975
FD10655	69.875 	 9.729 	 48.814
FD10655	70.000 	 9.470 	 46.975
FD10655	70.125 	 9.806 	 48.814
FD10655	70.250 	 9.471 	 46.975
FD10655	70.375 	 9.807 	 48.814
FD10655	70.500 	 9.471 	 46.975
FD10655	70.625 	 9.729 	 48.814
FD10655	70.750 	 9.470 	 46.975
FD10655	70.875 	 9.806 	 48.814
FD10655	71.000 	 9.471 	 46.975
FD10655	71.125 	 9.806 	 48.814
FD10655	71.250 	 9.396 	 46.975
FD10655	71.375 	 9.807 	 48.814
FD10655	71.500 	 9.167 	 49.086
FD10655	71.625 	 9.806 	 48.814
FD10655	71.750 	 9.471 	 46.975
FD10655	71.875 	 9.806 	 48.814
FD10655	72.000 	 9.396 	 46.975
FD10655	72.125 	 9.806 	 48.814
FD10655	72.250 	 9.471 	 46.975
FD10655	72.375 	 9.806 	 48.814
FD10655	72.500 	 9.470 	 46.975
FD10655	72.625 	 9.471 	 46.975
FD10655	72.750 	 9.729 	 48.814
FD10655	72.875 	 9.470 	 46.975
FD10655	73.000 	 9.807 	 48.814
FD10655	73.125 	 9.471 	 46.975
FD10655	73.250 	 9.807 	 48.814
FD10655	73.375 	 9.396 	 46.975
FD10655	73.500 	 9.515 	 50.906
FD10655	73.625 	 9.471 	 46.975
FD10655	73.750 	 9.806 	 48.814
FD10655	73.875 	 9.471 	 46.975
FD10655	74.000 	 9.806 	 48.814
FD10655	74.125 	 9.396 	 46.975
FD10655	74.250 	 9.806 	 48.814
FD10655	74.375 	 9.471 	 46.975
FD10655	74.500 	 9.807 	 48.814
FD10655	74.625 	 9.470 	 46.975
FD10655	74.750 	 9.807 	 48.814
FD10655	74.875 	 9.396 	 46.975
FD10655	75.000 	 9.807 	 48.814
FD10655	75.125 	 9.471 	 46.975
FD10655	75.250 	 9.807 	 48.814
FD10655	75.375 	 9.471 	 46.975
FD10655	75.500 	 9.729 	 48.814
FD10655	75.625 	 9.167 	 49.086
FD10655	75.750 	 9.806 	 48.814
FD10655	75.875 	 9.470 	 46.975
FD10655	76.000 	 9.471 	 46.975
FD10655	76.125 	 9.807 	 48.814
FD10655	76.250 	 9.395 	 46.975
FD10655	76.375 	 9.807 	 48.814
FD10655	76.500 	 9.471 	 46.975
FD10655	76.625 	 9.807 	 48.814
FD10655	76.750 	 9.470 	 46.975
FD10655	76.875 	 9.807 	 48.814
FD10655	77.000 	 9.396 	 46.975
FD10655	77.125 	 9.807 	 48.814
FD10655	77.250 	 9.470 	 46.975
FD10655	77.375 	 9.807 	 48.814
FD10655	77.500 	 9.471 	 46.975
FD10655	77.625 	 9.729 	 48.814
FD10655	77.750 	 9.167 	 49.086
FD10655	77.875 	 9.806 	 48.814
FD10655	78.000 	 9.471 	 46.975
FD10655	78.125 	 9.806 	 48.814
FD10655	78.250 	 9.471 	 46.975
FD10655	78.375 	 9.729 	 48.814
FD10655	78.500 	 9.470 	 46.975
FD10655	78.625 	 9.806 	 48.814
FD10655	78.750 	 9.471 	 46.975
FD10655	78.875 	 9.807 	 48.814
FD10655	79.000 	 9.471 	 46.975
FD10655	79.125 	 9.729 	 48.814
FD10655	79.250 	 9.471 	 46.975
FD10655	79.375 	 9.470 	 46.975
FD10655	79.500 	 9.806 	 48.814
FD10655	79.625 	 9.471 	 46.976
FD10655	79.750 	 9.439 	 50.906
FD10655	79.875 	 9.471 	 46.975
FD10655	80.000 	 9.807 	 48.815
FD10655	80.125 	 9.470 	 46.975
FD10655	80.250 	 9.807 	 48.815
FD10655	80.375 	 9.470 	 46.975
FD10655	80.500 	 9.729 	 48.814
FD10655	80.625 	 9.471 	 46.975
FD10655	80.750 	 9.806 	 48.814
FD10655	80.875 	 9.471 	 46.975
FD10655	81.000 	 9.807 	 48.815
FD10655	81.125 	 9.470 	 46.975
FD10655	81.250 	 9.729 	 48.814
FD10655	81.375 	 9.471 	 46.975
FD10655	81.500 	 9.806 	 48.814
FD10655	81.625 	 9.470 	 46.975
FD10655	81.750 	 9.807 	 48.815
FD10655	81.875 	 9.094 	 49.085
FD10655	82.000 	 9.807 	 48.815
FD10655	82.125 	 9.470 	 46.975
FD10655	82.250 	 9.806 	 48.814
FD10655	82.375 	 9.471 	 46.975
FD10655	82.500 	 9.806 	 48.814
FD10655	82.625 	 9.395 	 46.975
FD10655	82.750 	 9.807 	 48.815
FD10655	82.875 	 9.471 	 46.974
FD10655	83.000 	 9.470 	 46.975
FD10655	83.125 	 9.807 	 48.815
FD10655	83.250 	 9.395 	 46.975
FD10655	83.375 	 9.806 	 48.813
FD10655	83.500 	 9.471 	 46.976
FD10655	83.625 	 9.807 	 48.814
FD10655	83.750 	 9.470 	 46.975
FD10655	83.875 	 9.515 	 50.907
FD10655	84.000 	 9.396 	 46.974
FD10655	84.125 	 9.807 	 48.815
FD10655	84.250 	 9.470 	 46.975
FD10655	84.375 	 9.806 	 48.814
FD10655	84.500 	 9.471 	 46.975
FD10655	84.625 	 9.807 	 48.814
FD10655	84.750 	 9.395 	 46.975
FD10655	84.875 	 9.807 	 48.815
FD10655	85.000 	 9.471 	 46.974
FD10655	85.125 	 9.806 	 48.814
FD10655	85.250 	 9.471 	 46.976
FD10655	85.375 	 9.729 	 48.813
FD10655	85.500 	 9.470 	 46.975
FD10655	85.625 	 9.807 	 48.815
FD10655	85.750 	 9.470 	 46.975
FD10655	85.875 	 9.807 	 48.814
FD10655	86.000 	 9.167 	 49.086
FD10655	86.125 	 9.729 	 48.813
FD10655	86.250 	 9.471 	 46.976
FD10655	86.375 	 9.470 	 46.975
FD10655	86.500 	 9.807 	 48.813
FD10655	86.625 	 9.471 	 46.976
FD10655	86.750 	 9.806 	 48.814
FD10655	86.875 	 9.395 	 46.975
FD10655	87.000 	 9.807 	 48.814
FD10655	87.125 	 9.470 	 46.975
FD10655	87.250 	 9.806 	 48.814
FD10655	87.375 	 9.471 	 46.976
FD10655	87.500 	 9.730 	 48.813
FD10655	87.625 	 9.470 	 46.975
FD10655	87.750 	 9.807 	 48.815
FD10655	87.875 	 9.470 	 46.975
FD10655	88.000 	 9.807 	 48.814
FD10655	88.125 	 9.167 	 49.085
FD10655	88.250 	 9.729 	 48.814
FD10655	88.375 	 9.470 	 46.975
FD10655	88.500 	 9.807 	 48.815
FD10655	88.625 	 9.471 	 46.974
FD10655	88.750 	 9.807 	 48.815
FD10655	88.875 	 9.470 	 46.975
FD10655	89.000 	 9.729 	 48.814
FD10655	89.125 	 9.471 	 46.975
FD10655	89.250 	 9.806 	 48.814
FD10655	89.375 	 9.471 	 46.975
FD10655	89.500 	 9.807 	 48.815
FD10655	89.625 	 9.396 	 46.974
FD10655	89.750 	 9.470 	 46.975
FD10655	89.875 	 9.807 	 48.815
FD10655	90.000 	 9.470 	 46.975
FD10655	90.125 	 15.911 	 52.125
FD10655	90.250 	 15.440 	 51.073
FD10655	90.375 	 15.845 	 49.764
FD10655	90.500 	 15.910 	 52.125
FD10655	90.625 	 15.563 	 51.072
FD10655	90.750 	 15.720 	 49.764
FD10655	90.875 	 15.911 	 52.125
FD10655	91.000 	 15.563 	 51.073
FD10655	91.125 	 15.845 	 49.764
FD10655	91.250 	 15.786 	 52.125
FD10655	91.375 	 15.563 	 51.072
FD10655	91.500 	 15.845 	 49.764
FD10655	91.625 	 15.911 	 52.125
FD10655	91.750 	 15.440 	 51.073
FD10655	91.875 	 15.845 	 49.764
FD10655	92.000 	 15.910 	 52.125
FD10655	92.125 	 15.720 	 49.764
FD10655	92.250 	 15.563 	 51.073
FD10655	92.375 	 15.910 	 52.125
FD10655	92.500 	 15.845 	 49.764
FD10655	92.625 	 15.441 	 51.072
FD10655	92.750 	 15.564 	 51.073
FD10655	92.875 	 16.184 	 50.826
FD10655	93.000 	 15.563 	 51.073
FD10655	93.125 	 15.441 	 51.073
FD10655	93.250 	 16.184 	 50.826
FD10655	93.375 	 15.563 	 51.073
FD10655	93.500 	 15.564 	 51.072
FD10655	93.625 	 16.057 	 50.826
FD10655	93.750 	 15.563 	 51.073
FD10655	93.875 	 15.564 	 51.073
FD10655	94.000 	 16.184 	 50.826
FD10655	94.125 	 15.440 	 51.073
FD10655	94.250 	 15.564 	 51.072
FD10655	94.375 	 16.184 	 50.827
FD10655	94.500 	 15.564 	 51.072
FD10655	94.625 	 15.720 	 49.764
FD10655	94.750 	 15.909 	 52.125
FD10655	94.875 	 15.564 	 51.073
FD10655	95.000 	 15.720 	 49.764
FD10655	95.125 	 15.909 	 52.125
FD10655	95.250 	 15.564 	 51.072
FD10655	95.375 	 15.845 	 49.764
FD10655	95.500 	 15.441 	 51.072
FD10655	95.625 	 15.910 	 52.125
FD10655	95.750 	 15.845 	 49.764
FD10655	95.875 	 15.563 	 51.073
FD10655	96.000 	 15.786 	 52.125
FD10655	96.125 	 15.845 	 49.764
FD10655	96.250 	 15.563 	 51.072
FD10655	96.375 	 15.910 	 52.125
FD10655	96.500 	 15.720 	 49.764
FD10655	96.625 	 15.563 	 51.072
FD10655	96.750 	 15.910 	 52.125
FD10655	96.875 	 15.845 	 49.764
FD10655	97.000 	 15.440 	 51.073
FD10655	97.125 	 16.185 	 50.826
FD10655	97.250 	 15.563 	 51.073
FD10655	97.375 	 15.563 	 51.073
FD10655	97.500 	 16.058 	 50.827
FD10655	97.625 	 15.563 	 51.072
FD10655	97.750 	 15.563 	 51.073
FD10655	97.875 	 16.058 	 50.827
FD10655	98.000 	 15.563 	 51.073
FD10655	98.125 	 15.563 	 51.072
FD10655	98.250 	 15.846 	 49.764
FD10655	98.375 	 15.785 	 52.125
FD10655	98.500 	 15.563 	 51.073
FD10655	98.625 	 15.846 	 49.763
FD10655	98.750 	 15.909 	 52.125
FD10655	98.875 	 15.440 	 51.073
FD10655	99.000 	 15.846 	 49.764
FD10655	99.125 	 15.910 	 52.124
FD10655	99.250 	 15.845 	 49.764
FD10655	99.375 	 15.441 	 51.073
FD10655	99.500 	 15.909 	 52.125
FD10655	99.625 	 15.845 	 49.763
FD10655	99.750 	 15.564 	 51.073
FD10655	99.875 	 15.785 	 52.125
FD10655	100.000 	 15.846 	 49.764
FD10655	100.125 	 15.563 	 51.073
FD10655	100.250 	 15.910 	 52.124
FD10655	100.375 	 15.721 	 49.764
FD10655	100.500 	 15.563 	 51.073
FD10655	100.625 	 15.909 	 52.125
FD10655	100.750 	 15.721 	 49.763
FD10655	100.875 	 15.563 	 51.073
FD10655	101.000 	 15.909 	 52.125
FD10655	101.125 	 15.846 	 49.764
FD10655	101.250 	 15.441 	 51.072
FD10655	101.375 	 15.563 	 51.073
FD10655	101.500 	 16.185 	 50.827
FD10655	101.625 	 15.563 	 51.073
FD10655	101.750 	 15.721 	 49.763
FD10655	101.875 	 15.910 	 52.125
FD10655	102.000 	 15.563 	 51.073
FD10655	102.125 	 15.845 	 49.764
FD10655	102.250 	 15.786 	 52.124
FD10655	102.375 	 15.563 	 51.073
FD10655	102.500 	 15.845 	 49.764
FD10655	102.625 	 15.911 	 52.126
FD10655	102.750 	 15.441 	 51.072
FD10655	102.875 	 15.845 	 49.764
FD10655	103.000 	 15.910 	 52.125
FD10655	103.125 	 15.563 	 51.073
FD10655	103.250 	 15.721 	 49.763
FD10655	103.375 	 15.911 	 52.126
FD10655	103.500 	 15.563 	 51.073
FD10655	103.625 	 15.845 	 49.764
FD10655	103.750 	 15.786 	 52.124
FD10655	103.875 	 15.563 	 51.073
FD10655	104.000 	 15.845 	 49.764
FD10655	104.125 	 15.441 	 51.073
FD10655	104.250 	 16.184 	 50.826
FD10655	104.375 	 15.563 	 51.073
FD10655	104.500 	 15.564 	 51.073
FD10655	104.625 	 16.057 	 50.826
FD10655	104.750 	 15.563 	 51.072
FD10655	104.875 	 15.564 	 51.073
FD10655	105.000 	 16.184 	 50.827
FD10655	105.125 	 15.440 	 51.073
FD10655	105.250 	 15.564 	 51.073
FD10655	105.375 	 16.184 	 50.825
FD10655	105.500 	 15.564 	 51.073
FD10655	105.625 	 15.440 	 51.073
FD10655	105.750 	 16.184 	 50.826
FD10655	105.875 	 15.564 	 51.073
FD10655	106.000 	 15.563 	 51.073
FD10655	106.125 	 16.057 	 50.826
FD10655	106.250 	 15.564 	 51.073
FD10655	106.375 	 15.563 	 51.072
FD10655	106.500 	 16.184 	 50.827
FD10655	106.625 	 15.441 	 51.073
FD10655	106.750 	 15.845 	 49.763
FD10655	106.875 	 15.909 	 52.125
FD10655	107.000 	 15.441 	 51.073
FD10655	107.125 	 15.845 	 49.764
FD10655	107.250 	 15.563 	 51.073
FD10655	107.375 	 15.911 	 52.125
FD10655	107.500 	 15.720 	 49.764
FD10655	107.625 	 15.563 	 51.073
FD10655	107.750 	 15.910 	 52.125
FD10655	107.875 	 15.845 	 49.763
FD10655	108.000 	 15.440 	 51.073
FD10655	108.125 	 15.911 	 52.126
FD10655	108.250 	 15.845 	 49.764
FD10655	108.375 	 15.563 	 51.072
FD10655	108.500 	 15.785 	 52.125
FD10655	108.625 	 15.845 	 49.764
FD10655	108.750 	 15.563 	 51.073
FD10655	108.875 	 16.185 	 50.826
FD10655	109.000 	 15.440 	 51.073
FD10655	109.125 	 15.563 	 51.073
FD10655	109.250 	 16.185 	 50.826
FD10655	109.375 	 15.563 	 51.072
FD10655	109.500 	 15.440 	 51.073
FD10655	109.625 	 16.185 	 50.827
FD10655	109.750 	 15.563 	 51.073
FD10655	109.875 	 15.441 	 51.072
FD10655	110.000 	 15.846 	 49.764
FD10655	110.125 	 15.909 	 52.125
FD10655	110.250 	 15.564 	 51.073
FD10655	110.375 	 15.721 	 49.763
FD10655	110.500 	 15.910 	 52.126
FD10655	110.625 	 15.564 	 51.073
FD10655	110.750 	 15.845 	 49.764
FD10655	110.875 	 15.785 	 52.124
FD10655	111.000 	 15.564 	 51.073
FD10655	111.125 	 15.845 	 49.764
FD10655	111.250 	 15.910 	 52.126
FD10655	111.375 	 15.721 	 49.763
FD10655	111.500 	 15.563 	 51.073
FD10655	111.625 	 15.909 	 52.125
FD10655	111.750 	 15.846 	 49.764
FD10655	111.875 	 15.441 	 51.072
FD10655	112.000 	 15.910 	 52.126
FD10655	112.125 	 15.846 	 49.764
FD10655	112.250 	 15.563 	 51.073
FD10655	112.375 	 15.784 	 52.125
FD10655	112.500 	 15.846 	 49.763
FD10655	112.625 	 15.563 	 51.073
FD10655	112.750 	 15.440 	 51.073
FD10655	112.875 	 16.185 	 50.826
FD10655	113.000 	 15.563 	 51.073
FD10655	113.125 	 15.563 	 51.073
FD10655	113.250 	 16.058 	 50.826
FD10655	113.375 	 15.563 	 51.073
FD10655	113.500 	 15.563 	 51.072
FD10655	113.625 	 16.185 	 50.827
FD10655	113.750 	 15.440 	 51.073
FD10655	113.875 	 15.845 	 49.763
FD10655	114.000 	 15.910 	 52.125
FD10655	114.125 	 15.563 	 51.073
FD10655	114.250 	 15.720 	 49.764
FD10655	114.375 	 15.911 	 52.126
FD10655	114.500 	 15.563 	 51.072
FD10655	114.625 	 15.845 	 49.764
FD10655	114.750 	 15.785 	 52.125
FD10655	114.875 	 15.563 	 51.073
FD10655	115.000 	 15.845 	 49.763
FD10655	115.125 	 15.911 	 52.126
FD10655	115.250 	 15.440 	 51.073
FD10655	115.375 	 15.845 	 49.764
FD10655	115.500 	 15.910 	 52.124
FD10655	115.625 	 15.440 	 51.073
FD10655	115.750 	 15.845 	 49.764
FD10655	115.875 	 15.564 	 51.073
FD10655	116.000 	 16.184 	 50.826
FD10655	116.125 	 15.440 	 51.073
FD10655	116.250 	 15.564 	 51.073
FD10655	116.375 	 16.184 	 50.826
FD10655	116.500 	 15.564 	 51.072
FD10655	116.625 	 15.440 	 51.073
FD10655	116.750 	 16.184 	 50.827
FD10655	116.875 	 15.564 	 51.073
FD10655	117.000 	 15.563 	 51.072
FD10655	117.125 	 16.057 	 50.826
FD10655	117.250 	 15.564 	 51.073
FD10655	117.375 	 15.563 	 51.073
FD10655	117.500 	 16.184 	 50.826
FD10655	117.625 	 15.441 	 51.073
FD10655	117.750 	 15.563 	 51.073
FD10655	117.875 	 16.184 	 50.826
FD10655	118.000 	 15.564 	 51.072
FD10655	118.125 	 15.440 	 51.073
FD10655	118.250 	 16.184 	 50.827
FD10655	118.375 	 15.564 	 51.073
FD10655	118.500 	 15.721 	 49.763
FD10655	118.625 	 15.563 	 51.073
FD10655	118.750 	 15.910 	 52.125
FD10655	118.875 	 15.845 	 49.764
FD10655	119.000 	 15.441 	 51.072
FD10655	119.125 	 15.911 	 52.126
FD10655	119.250 	 15.845 	 49.764
FD10655	119.375 	 15.563 	 51.073
FD10655	119.500 	 15.785 	 52.125
FD10655	119.625 	 15.845 	 49.763
FD10655	119.750 	 15.563 	 51.073
FD10655	119.875 	 15.911 	 52.126
FD10655	120.000 	 15.721 	 49.763
FD10655	120.125 	 21.298 	 54.904
FD10655	120.250 	 21.546 	 53.881
FD10655	120.375 	 21.038 	 53.130
FD10655	120.500 	 21.547 	 53.881
FD10655	120.625 	 21.379 	 53.881
FD10655	120.750 	 21.298 	 54.904
FD10655	120.875 	 21.202 	 53.131
FD10655	121.000 	 21.380 	 53.880
FD10655	121.125 	 21.548 	 53.880
FD10655	121.250 	 21.297 	 54.905
FD10655	121.375 	 21.380 	 53.881
FD10655	121.500 	 21.203 	 53.130
FD10655	121.625 	 21.379 	 53.881
FD10655	121.750 	 21.298 	 54.904
FD10655	121.875 	 21.547 	 53.881
FD10655	122.000 	 21.038 	 53.130
FD10655	122.125 	 21.548 	 53.881
FD10655	122.250 	 21.546 	 53.881
FD10655	122.375 	 21.132 	 54.904
FD10655	122.500 	 21.548 	 53.881
FD10655	122.625 	 21.202 	 53.130
FD10655	122.750 	 21.381 	 53.881
FD10655	122.875 	 21.297 	 54.904
FD10655	123.000 	 21.380 	 53.880
FD10655	123.125 	 21.203 	 53.131
FD10655	123.250 	 21.546 	 53.880
FD10655	123.375 	 21.133 	 54.905
FD10655	123.500 	 21.547 	 53.881
FD10655	123.625 	 21.546 	 53.880
FD10655	123.750 	 21.038 	 53.131
FD10655	123.875 	 21.546 	 53.880
FD10655	124.000 	 21.133 	 54.905
FD10655	124.125 	 21.547 	 53.881
FD10655	124.250 	 21.202 	 53.130
FD10655	124.375 	 21.380 	 53.881
FD10655	124.500 	 21.297 	 54.904
FD10655	124.625 	 21.548 	 53.881
FD10655	124.750 	 21.380 	 53.880
FD10655	124.875 	 21.202 	 53.131
FD10655	125.000 	 21.132 	 54.904
FD10655	125.125 	 21.548 	 53.880
FD10655	125.250 	 21.546 	 53.882
FD10655	125.375 	 21.038 	 53.129
FD10655	125.500 	 21.546 	 53.882
FD10655	125.625 	 21.298 	 54.904
FD10655	125.750 	 21.380 	 53.880
FD10655	125.875 	 21.202 	 53.131
FD10655	126.000 	 21.380 	 53.880
FD10655	126.125 	 21.299 	 54.905
FD10655	126.250 	 21.546 	 53.881
FD10655	126.375 	 21.380 	 53.880
FD10655	126.500 	 21.202 	 53.130
FD10655	126.625 	 21.298 	 54.904
FD10655	126.750 	 21.380 	 53.882
FD10655	126.875 	 21.546 	 53.880
FD10655	127.000 	 21.038 	 53.131
FD10655	127.125 	 21.548 	 53.880
FD10655	127.250 	 21.297 	 54.904
FD10655	127.375 	 21.380 	 53.882
FD10655	127.500 	 21.546 	 53.880
FD10655	127.625 	 21.203 	 53.131
FD10655	127.750 	 21.132 	 54.904
FD10655	127.875 	 21.546 	 53.880
FD10655	128.000 	 21.380 	 53.882
FD10655	128.125 	 21.202 	 53.129
FD10655	128.250 	 21.299 	 54.905
FD10655	128.375 	 21.380 	 53.880
FD10655	128.500 	 21.546 	 53.881
FD10655	128.625 	 21.548 	 53.881
FD10655	128.750 	 21.038 	 53.130
FD10655	128.875 	 21.297 	 54.905
FD10655	129.000 	 21.380 	 53.880
FD10655	129.125 	 21.546 	 53.881
FD10655	129.250 	 21.203 	 53.130
FD10655	129.375 	 21.132 	 54.904
FD10655	129.500 	 21.546 	 53.882
FD10655	129.625 	 21.548 	 53.880
FD10655	129.750 	 21.380 	 53.881
FD10655	129.875 	 20.947 	 54.163
FD10655	130.000 	 21.380 	 53.880
FD10655	130.125 	 21.547 	 53.881
FD10655	130.250 	 21.547 	 53.881
FD10655	130.375 	 21.038 	 53.130
FD10655	130.500 	 21.298 	 54.904
FD10655	130.625 	 21.545 	 53.881
FD10655	130.750 	 21.382 	 53.881
FD10655	130.875 	 21.547 	 53.881
FD10655	131.000 	 20.784 	 54.163
FD10655	131.125 	 21.548 	 53.880
FD10655	131.250 	 21.547 	 53.881
FD10655	131.375 	 21.379 	 53.880
FD10655	131.500 	 20.948 	 54.163
FD10655	131.625 	 21.545 	 53.882
FD10655	131.750 	 21.381 	 53.880
FD10655	131.875 	 21.548 	 53.880
FD10655	132.000 	 21.379 	 53.881
FD10655	132.125 	 20.948 	 54.163
FD10655	132.250 	 21.545 	 53.881
FD10655	132.375 	 21.381 	 53.881
FD10655	132.500 	 21.548 	 53.880
FD10655	132.625 	 20.946 	 54.163
FD10655	132.750 	 21.381 	 53.881
FD10655	132.875 	 21.548 	 53.881
FD10655	133.000 	 21.379 	 53.881
FD10655	133.125 	 21.298 	 54.904
FD10655	133.250 	 21.201 	 53.130
FD10655	133.375 	 21.381 	 53.881
FD10655	133.500 	 21.548 	 53.880
FD10655	133.625 	 21.545 	 53.881
FD10655	133.750 	 20.786 	 54.163
FD10655	133.875 	 21.547 	 53.881
FD10655	134.000 	 21.379 	 53.880
FD10655	134.125 	 21.547 	 53.881
FD10655	134.250 	 21.296 	 54.905
FD10655	134.375 	 21.039 	 53.130
FD10655	134.500 	 21.547 	 53.881
FD10655	134.625 	 21.545 	 53.880
FD10655	134.750 	 21.134 	 54.905
FD10655	134.875 	 21.203 	 53.130
FD10655	135.000 	 21.545 	 53.881
FD10655	135.125 	 21.381 	 53.880
FD10655	135.250 	 21.545 	 53.881
FD10655	135.375 	 21.134 	 54.905
FD10655	135.500 	 21.203 	 53.129
FD10655	135.625 	 21.545 	 53.882
FD10655	135.750 	 21.381 	 53.879
FD10655	135.875 	 21.296 	 54.905
FD10655	136.000 	 21.203 	 53.130
FD10655	136.125 	 21.382 	 53.881
FD10655	136.250 	 21.545 	 53.882
FD10655	136.375 	 21.133 	 54.903
FD10655	136.500 	 21.548 	 53.881
FD10655	136.625 	 21.200 	 53.130
FD10655	136.750 	 21.382 	 53.881
FD10655	136.875 	 21.545 	 53.882
FD10655	137.000 	 21.298 	 54.903
FD10655	137.125 	 21.040 	 53.131
FD10655	137.250 	 21.545 	 53.879
FD10655	137.375 	 21.382 	 53.882
FD10655	137.500 	 21.299 	 54.905
FD10655	137.625 	 21.201 	 53.129
FD10655	137.750 	 21.382 	 53.882
FD10655	137.875 	 21.545 	 53.879
FD10655	138.000 	 21.299 	 54.905
FD10655	138.125 	 21.382 	 53.882
FD10655	138.250 	 21.201 	 53.129
FD10655	138.375 	 21.382 	 53.882
FD10655	138.500 	 21.547 	 53.879
FD10655	138.625 	 21.296 	 54.905
FD10655	138.750 	 21.039 	 53.130
FD10655	138.875 	 21.545 	 53.881
FD10655	139.000 	 21.548 	 53.881
FD10655	139.125 	 21.133 	 54.904
FD10655	139.250 	 21.545 	 53.881
FD10655	139.375 	 21.039 	 53.129
FD10655	139.500 	 21.545 	 53.882
FD10655	139.625 	 21.299 	 54.905
FD10655	139.750 	 21.381 	 53.879
FD10655	139.875 	 21.201 	 53.132
FD10655	140.000 	 21.547 	 53.879
FD10655	140.125 	 21.382 	 53.882
FD10655	140.250 	 21.296 	 54.905
FD10655	140.375 	 21.381 	 53.879
FD10655	140.500 	 21.201 	 53.132
FD10655	140.625 	 21.547 	 53.879
FD10655	140.750 	 21.134 	 54.905
FD10655	140.875 	 21.545 	 53.882
FD10655	141.000 	 21.203 	 53.129
FD10655	141.125 	 21.382 	 53.881
FD10655	141.250 	 21.295 	 54.903
FD10655	141.375 	 21.382 	 53.882
FD10655	141.500 	 21.545 	 53.881
FD10655	141.625 	 21.203 	 53.130
FD10655	141.750 	 21.134 	 54.905
FD10655	141.875 	 21.545 	 53.879
FD10655	142.000 	 21.548 	 53.882
FD10655	142.125 	 21.039 	 53.129
FD10655	142.250 	 21.545 	 53.882
FD10655	142.375 	 21.134 	 54.905
FD10655	142.500 	 21.545 	 53.879
FD10655	142.625 	 21.548 	 53.882
FD10655	142.750 	 21.039 	 53.129
FD10655	142.875 	 21.296 	 54.905
FD10655	143.000 	 21.548 	 53.881
FD10655	143.125 	 21.378 	 53.880
FD10655	143.250 	 21.204 	 53.131
FD10655	143.375 	 21.133 	 54.903
FD10655	143.500 	 21.545 	 53.882
FD10655	143.625 	 21.548 	 53.881
FD10655	143.750 	 21.381 	 53.880
FD10655	143.875 	 21.201 	 53.131
FD10655	144.000 	 21.298 	 54.903
FD10655	144.125 	 21.379 	 53.882
FD10655	144.250 	 21.548 	 53.881
FD10655	144.375 	 21.039 	 53.130
FD10655	144.500 	 21.296 	 54.905
FD10655	144.625 	 21.547 	 53.879
FD10655	144.750 	 21.382 	 53.881
FD10655	144.875 	 21.545 	 53.882
FD10655	145.000 	 20.948 	 54.162
FD10655	145.125 	 21.379 	 53.881
FD10655	145.250 	 21.547 	 53.880
FD10655	145.375 	 21.382 	 53.881
FD10655	145.500 	 21.200 	 53.130
FD10655	145.625 	 21.299 	 54.905
FD10655	145.750 	 21.382 	 53.881
FD10655	145.875 	 21.544 	 53.880
FD10655	146.000 	 21.548 	 53.881
FD10655	146.125 	 20.783 	 54.162
FD10655	146.250 	 21.548 	 53.882
FD10655	146.375 	 21.382 	 53.881
FD10655	146.500 	 21.545 	 53.879
FD10655	146.625 	 20.949 	 54.163
FD10655	146.750 	 21.378 	 53.880
FD10655	146.875 	 21.548 	 53.881
FD10655	147.000 	 21.548 	 53.882
FD10655	147.125 	 21.379 	 53.879
FD10655	147.250 	 20.949 	 54.163
FD10655	147.375 	 21.381 	 53.880
FD10655	147.500 	 21.545 	 53.881
FD10655	147.625 	 21.548 	 53.882
FD10655	147.750 	 20.783 	 54.162
FD10655	147.875 	 21.548 	 53.881
FD10655	148.000 	 21.547 	 53.880
FD10655	148.125 	 21.379 	 53.881
FD10655	148.250 	 21.299 	 54.905
FD10655	148.375 	 21.203 	 53.129
FD10655	148.500 	 21.379 	 53.882
FD10655	148.625 	 21.547 	 53.879
FD10655	148.750 	 21.379 	 53.882
FD10655	148.875 	 20.948 	 54.162
FD10655	149.000 	 21.548 	 53.881
FD10655	149.125 	 21.379 	 53.882
FD10655	149.250 	 21.547 	 53.879
FD10655	149.375 	 20.949 	 54.163
FD10655	149.500 	 21.378 	 53.880
FD10655	149.625 	 21.548 	 53.881
FD10655	149.750 	 21.379 	 53.882
FD10655	149.875 	 21.298 	 54.903
FD10655	150.000 	 21.204 	 53.131
FD10655	150.125 	 27.509 	 52.733
FD10655	150.250 	 27.436 	 51.340
FD10655	150.375 	 27.186 	 52.125
FD10655	150.500 	 27.506 	 52.733
FD10655	150.625 	 27.439 	 51.340
FD10655	150.750 	 27.183 	 52.125
FD10655	150.875 	 27.186 	 52.125
FD10655	151.000 	 27.506 	 52.733
FD10655	151.125 	 27.439 	 51.340
FD10655	151.250 	 27.183 	 52.125
FD10655	151.375 	 27.509 	 52.733
FD10655	151.500 	 27.183 	 52.124
FD10655	151.625 	 27.439 	 51.341
FD10655	151.750 	 27.183 	 52.124
FD10655	151.875 	 27.510 	 52.735
FD10655	152.000 	 27.182 	 52.124
FD10655	152.125 	 27.439 	 51.340
FD10655	152.250 	 27.506 	 52.735
FD10655	152.375 	 27.186 	 52.125
FD10655	152.500 	 27.183 	 52.125
FD10655	152.625 	 27.439 	 51.340
FD10655	152.750 	 27.506 	 52.733
FD10655	152.875 	 27.186 	 52.125
FD10655	153.000 	 27.183 	 52.125
FD10655	153.125 	 27.757 	 51.952
FD10655	153.250 	 27.183 	 52.125
FD10655	153.375 	 27.186 	 52.125
FD10655	153.500 	 27.506 	 52.733
FD10655	153.625 	 27.439 	 51.341
FD10655	153.750 	 27.396 	 52.125
FD10655	153.875 	 27.183 	 52.124
FD10655	154.000 	 27.509 	 52.733
FD10655	154.125 	 27.435 	 51.341
FD10655	154.250 	 27.187 	 52.124
FD10655	154.375 	 27.506 	 52.733
FD10655	154.500 	 27.439 	 51.340
FD10655	154.625 	 27.183 	 52.125
FD10655	154.750 	 27.186 	 52.125
FD10655	154.875 	 27.506 	 52.735
FD10655	155.000 	 27.439 	 51.340
FD10655	155.125 	 27.183 	 52.125
FD10655	155.250 	 27.509 	 52.733
FD10655	155.375 	 27.183 	 52.125
FD10655	155.500 	 27.439 	 51.341
FD10655	155.625 	 27.184 	 52.124
FD10655	155.750 	 27.509 	 52.733
FD10655	155.875 	 27.183 	 52.125
FD10655	156.000 	 27.439 	 51.341
FD10655	156.125 	 27.506 	 52.733
FD10655	156.250 	 27.186 	 52.125
FD10655	156.375 	 27.183 	 52.125
FD10655	156.500 	 27.439 	 51.339
FD10655	156.625 	 27.506 	 52.733
FD10655	156.750 	 27.186 	 52.125
FD10655	156.875 	 27.183 	 52.125
FD10655	157.000 	 27.756 	 51.953
FD10655	157.125 	 27.183 	 52.125
FD10655	157.250 	 27.186 	 52.125
FD10655	157.375 	 27.507 	 52.733
FD10655	157.500 	 27.438 	 51.340
FD10655	157.625 	 27.183 	 52.125
FD10655	157.750 	 27.186 	 52.125
FD10655	157.875 	 27.506 	 52.735
FD10655	158.000 	 27.439 	 51.339
FD10655	158.125 	 27.396 	 52.125
FD10655	158.250 	 27.506 	 52.733
FD10655	158.375 	 27.439 	 51.341
FD10655	158.500 	 27.183 	 52.125
FD10655	158.625 	 27.186 	 52.125
FD10655	158.750 	 27.506 	 52.733
FD10655	158.875 	 27.439 	 51.339
FD10655	159.000 	 27.183 	 52.125
FD10655	159.125 	 27.509 	 52.733
FD10655	159.250 	 27.183 	 52.125
FD10655	159.375 	 27.439 	 51.341
FD10655	159.500 	 27.183 	 52.125
FD10655	159.625 	 27.509 	 52.733
FD10655	159.750 	 27.183 	 52.125
FD10655	159.875 	 27.439 	 51.339
FD10655	160.000 	 27.506 	 52.733
FD10655	160.125 	 27.186 	 52.125
FD10655	160.250 	 27.183 	 52.125
FD10655	160.375 	 27.757 	 51.954
FD10655	160.500 	 27.187 	 52.124
FD10655	160.625 	 27.182 	 52.124
FD10655	160.750 	 27.186 	 52.125
FD10655	160.875 	 27.754 	 51.954
FD10655	161.000 	 27.186 	 52.125
FD10655	161.125 	 27.183 	 52.125
FD10655	161.250 	 27.509 	 52.733
FD10655	161.375 	 27.436 	 51.339
FD10655	161.500 	 27.186 	 52.125
FD10655	161.625 	 27.183 	 52.125
FD10655	161.750 	 27.509 	 52.733
FD10655	161.875 	 27.435 	 51.341
FD10655	162.000 	 27.186 	 52.125
FD10655	162.125 	 27.506 	 52.733
FD10655	162.250 	 27.439 	 51.339
FD10655	162.375 	 27.396 	 52.125
FD10655	162.500 	 27.183 	 52.125
FD10655	162.625 	 27.509 	 52.733
FD10655	162.750 	 27.435 	 51.341
FD10655	162.875 	 27.187 	 52.124
FD10655	163.000 	 27.506 	 52.733
FD10655	163.125 	 27.186 	 52.125
FD10655	163.250 	 27.435 	 51.341
FD10655	163.375 	 27.510 	 52.735
FD10655	163.500 	 27.183 	 52.125
FD10655	163.625 	 27.186 	 52.125
FD10655	163.750 	 27.436 	 51.339
FD10655	163.875 	 27.509 	 52.733
FD10655	164.000 	 27.183 	 52.125
FD10655	164.125 	 27.186 	 52.125
FD10655	164.250 	 27.753 	 51.953
FD10655	164.375 	 27.186 	 52.125
FD10655	164.500 	 27.183 	 52.125
FD10655	164.625 	 27.186 	 52.125
FD10655	164.750 	 27.754 	 51.952
FD10655	164.875 	 27.186 	 52.125
FD10655	165.000 	 27.183 	 52.125
FD10655	165.125 	 27.509 	 52.733
FD10655	165.250 	 27.435 	 51.341
FD10655	165.375 	 27.187 	 52.124
FD10655	165.500 	 27.183 	 52.125
FD10655	165.625 	 27.509 	 52.733
FD10655	165.750 	 27.435 	 51.341
FD10655	165.875 	 27.186 	 52.125
FD10655	166.000 	 27.506 	 52.735
FD10655	166.125 	 27.438 	 51.338
FD10655	166.250 	 27.183 	 52.125
FD10655	166.375 	 27.186 	 52.125
FD10655	166.500 	 27.506 	 52.735
FD10655	166.625 	 27.439 	 51.341
FD10655	166.750 	 27.396 	 52.125
FD10655	166.875 	 27.506 	 52.733
FD10655	167.000 	 27.186 	 52.125
FD10655	167.125 	 27.436 	 51.339
FD10655	167.250 	 27.509 	 52.733
FD10655	167.375 	 27.183 	 52.125
FD10655	167.500 	 27.186 	 52.125
FD10655	167.625 	 27.435 	 51.341
FD10655	167.750 	 27.509 	 52.732
FD10655	167.875 	 27.183 	 52.125
FD10655	168.000 	 27.186 	 52.125
FD10655	168.125 	 27.753 	 51.953
FD10655	168.250 	 27.186 	 52.125
FD10655	168.375 	 27.183 	 52.125
FD10655	168.500 	 27.186 	 52.125
FD10655	168.625 	 27.754 	 51.952
FD10655	168.750 	 27.186 	 52.125
FD10655	168.875 	 27.183 	 52.125
FD10655	169.000 	 27.510 	 52.735
FD10655	169.125 	 27.435 	 51.341
FD10655	169.250 	 27.186 	 52.124
FD10655	169.375 	 27.183 	 52.125
FD10655	169.500 	 27.510 	 52.735
FD10655	169.625 	 27.436 	 51.339
FD10655	169.750 	 27.186 	 52.125
FD10655	169.875 	 27.506 	 52.733
FD10655	170.000 	 27.439 	 51.341
FD10655	170.125 	 27.183 	 52.125
FD10655	170.250 	 27.509 	 52.732
FD10655	170.375 	 27.183 	 52.125
FD10655	170.500 	 27.439 	 51.341
FD10655	170.625 	 27.183 	 52.125
FD10655	170.750 	 27.509 	 52.733
FD10655	170.875 	 27.183 	 52.125
FD10655	171.000 	 27.650 	 51.339
FD10655	171.125 	 27.509 	 52.733
FD10655	171.250 	 27.183 	 52.125
FD10655	171.375 	 27.186 	 52.125
FD10655	171.500 	 27.435 	 51.341
FD10655	171.625 	 27.509 	 52.733
FD10655	171.750 	 27.183 	 52.125
FD10655	171.875 	 27.186 	 52.125
FD10655	172.000 	 27.754 	 51.953
FD10655	172.125 	 27.186 	 52.125
FD10655	172.250 	 27.183 	 52.125
FD10655	172.375 	 27.186 	 52.125
FD10655	172.500 	 27.753 	 51.953
FD10655	172.625 	 27.187 	 52.124
FD10655	172.750 	 27.186 	 52.125
FD10655	172.875 	 27.506 	 52.733
FD10655	173.000 	 27.439 	 51.341
FD10655	173.125 	 27.183 	 52.125
FD10655	173.250 	 27.186 	 52.125
FD10655	173.375 	 27.506 	 52.733
FD10655	173.500 	 27.439 	 51.339
FD10655	173.625 	 27.183 	 52.125
FD10655	173.750 	 27.509 	 52.733
FD10655	173.875 	 27.435 	 51.341
FD10655	174.000 	 27.186 	 52.125
FD10655	174.125 	 27.506 	 52.733
FD10655	174.250 	 27.186 	 52.125
FD10655	174.375 	 27.436 	 51.339
FD10655	174.500 	 27.186 	 52.125
FD10655	174.625 	 27.506 	 52.735
FD10655	174.750 	 27.186 	 52.124
FD10655	174.875 	 27.435 	 51.341
FD10655	175.000 	 27.510 	 52.735
FD10655	175.125 	 27.184 	 52.124
FD10655	175.250 	 27.186 	 52.125
FD10655	175.375 	 27.649 	 51.341
FD10655	175.500 	 27.506 	 52.733
FD10655	175.625 	 27.186 	 52.125
FD10655	175.750 	 27.183 	 52.125
FD10655	175.875 	 27.757 	 51.952
FD10655	176.000 	 27.183 	 52.125
FD10655	176.125 	 27.186 	 52.125
FD10655	176.250 	 27.183 	 52.125
FD10655	176.375 	 27.756 	 51.953
FD10655	176.500 	 27.183 	 52.125
FD10655	176.625 	 27.186 	 52.125
FD10655	176.750 	 27.506 	 52.733
FD10655	176.875 	 27.439 	 51.339
FD10655	177.000 	 27.183 	 52.125
FD10655	177.125 	 27.509 	 52.733
FD10655	177.250 	 27.183 	 52.125
FD10655	177.375 	 27.439 	 51.341
FD10655	177.500 	 27.184 	 52.124
FD10655	177.625 	 27.510 	 52.735
FD10655	177.750 	 27.435 	 51.341
FD10655	177.875 	 27.186 	 52.124
FD10655	178.000 	 27.506 	 52.735
FD10655	178.125 	 27.186 	 52.125
FD10655	178.250 	 27.436 	 51.339
FD10655	178.375 	 27.186 	 52.125
FD10655	178.500 	 27.506 	 52.733
FD10655	178.625 	 27.186 	 52.125
FD10655	178.750 	 27.435 	 51.341
FD10655	178.875 	 27.509 	 52.733
FD10655	179.000 	 27.183 	 52.125
FD10655	179.125 	 27.186 	 52.125
FD10655	179.250 	 27.436 	 51.339
FD10655	179.375 	 27.509 	 52.733
FD10655	179.500 	 27.183 	 52.125
FD10655	179.625 	 27.186 	 52.125
FD10655	179.750 	 27.969 	 51.953
FD10655	179.875 	 27.183 	 52.125
FD10655	180.000 	 27.187 	 52.124
FD10655	180.125 	 33.025 	 50.948
FD10655	180.250 	 33.318 	 51.470
FD10655	180.375 	 33.036 	 51.605
FD10655	180.500 	 33.022 	 50.947
FD10655	180.625 	 33.024 	 50.947
FD10655	180.750 	 33.335 	 52.125
FD10655	180.875 	 33.025 	 50.947
FD10655	181.000 	 33.024 	 50.947
FD10655	181.125 	 33.021 	 50.947
FD10655	181.250 	 33.036 	 51.603
FD10655	181.375 	 33.319 	 51.471
FD10655	181.500 	 33.024 	 50.947
FD10655	181.625 	 33.033 	 51.606
FD10655	181.750 	 33.024 	 50.945
FD10655	181.875 	 33.025 	 50.948
FD10655	182.000 	 33.573 	 51.470
FD10655	182.125 	 32.783 	 51.604
FD10655	182.250 	 33.021 	 50.948
FD10655	182.375 	 33.278 	 50.948
FD10655	182.500 	 33.082 	 52.122
FD10655	182.625 	 33.025 	 50.948
FD10655	182.750 	 33.274 	 50.948
FD10655	182.875 	 33.024 	 50.945
FD10655	183.000 	 32.785 	 51.606
FD10655	183.125 	 33.573 	 51.471
FD10655	183.250 	 33.024 	 50.945
FD10655	183.375 	 32.785 	 51.606
FD10655	183.500 	 33.274 	 50.948
FD10655	183.625 	 33.322 	 51.469
FD10655	183.750 	 33.022 	 50.947
FD10655	183.875 	 33.033 	 51.606
FD10655	184.000 	 33.024 	 50.946
FD10655	184.125 	 33.025 	 50.947
FD10655	184.250 	 33.087 	 52.126
FD10655	184.375 	 33.273 	 50.946
FD10655	184.500 	 33.025 	 50.948
FD10655	184.625 	 33.022 	 50.947
FD10655	184.750 	 33.339 	 52.124
FD10655	184.875 	 33.021 	 50.948
FD10655	185.000 	 33.025 	 50.947
FD10655	185.125 	 33.031 	 51.604
FD10655	185.250 	 33.025 	 50.948
FD10655	185.375 	 33.323 	 51.470
FD10655	185.500 	 33.273 	 50.946
FD10655	185.625 	 32.785 	 51.606
FD10655	185.750 	 33.021 	 50.948
FD10655	185.875 	 33.277 	 50.945
FD10655	186.000 	 33.083 	 52.126
FD10655	186.125 	 33.025 	 50.948
FD10655	186.250 	 33.273 	 50.945
FD10655	186.375 	 33.025 	 50.948
FD10655	186.500 	 33.087 	 52.126
FD10655	186.625 	 33.273 	 50.945
FD10655	186.750 	 33.025 	 50.948
FD10655	186.875 	 32.785 	 51.606
FD10655	187.000 	 33.273 	 50.946
FD10655	187.125 	 33.319 	 51.470
FD10655	187.250 	 32.785 	 51.606
FD10655	187.375 	 33.273 	 50.946
FD10655	187.500 	 33.025 	 50.947
FD10655	187.625 	 33.323 	 51.471
FD10655	187.750 	 32.783 	 51.604
FD10655	187.875 	 33.274 	 50.947
FD10655	188.000 	 33.025 	 50.948
FD10655	188.125 	 32.780 	 51.604
FD10655	188.250 	 33.577 	 51.471
FD10655	188.375 	 33.022 	 50.947
FD10655	188.500 	 33.024 	 50.946
FD10655	188.625 	 33.033 	 51.606
FD10655	188.750 	 33.323 	 51.470
FD10655	188.875 	 33.024 	 50.946
FD10655	189.000 	 33.033 	 51.606
FD10655	189.125 	 33.025 	 50.947
FD10655	189.250 	 33.020 	 50.946
FD10655	189.375 	 33.577 	 51.471
FD10655	189.500 	 32.781 	 51.606
FD10655	189.625 	 33.024 	 50.945
FD10655	189.750 	 33.274 	 50.948
FD10655	189.875 	 32.785 	 51.606
FD10655	190.000 	 33.322 	 51.468
FD10655	190.125 	 33.274 	 50.948
FD10655	190.250 	 33.025 	 50.948
FD10655	190.375 	 32.784 	 51.602
FD10655	190.500 	 33.573 	 51.471
FD10655	190.625 	 33.021 	 50.948
FD10655	190.750 	 32.783 	 51.604
FD10655	190.875 	 33.274 	 50.947
FD10655	191.000 	 33.024 	 50.946
FD10655	191.125 	 33.323 	 51.470
FD10655	191.250 	 32.785 	 51.606
FD10655	191.375 	 33.274 	 50.948
FD10655	191.500 	 33.024 	 50.946
FD10655	191.625 	 33.083 	 52.126
FD10655	191.750 	 33.278 	 50.947
FD10655	191.875 	 33.020 	 50.946
FD10655	192.000 	 33.025 	 50.947
FD10655	192.125 	 33.031 	 51.604
FD10655	192.250 	 33.323 	 51.471
FD10655	192.375 	 33.025 	 50.947
FD10655	192.500 	 33.031 	 51.604
FD10655	192.625 	 33.025 	 50.948
FD10655	192.750 	 33.319 	 51.471
FD10655	192.875 	 33.278 	 50.947
FD10655	193.000 	 32.780 	 51.604
FD10655	193.125 	 33.025 	 50.948
FD10655	193.250 	 33.273 	 50.945
FD10655	193.375 	 33.087 	 52.126
FD10655	193.500 	 33.025 	 50.948
FD10655	193.625 	 33.273 	 50.946
FD10655	193.750 	 33.025 	 50.947
FD10655	193.875 	 32.781 	 51.606
FD10655	194.000 	 33.577 	 51.471
FD10655	194.125 	 33.021 	 50.945
FD10655	194.250 	 32.785 	 51.606
FD10655	194.375 	 33.273 	 50.946
FD10655	194.500 	 33.323 	 51.470
FD10655	194.625 	 33.025 	 50.948
FD10655	194.750 	 32.783 	 51.604
FD10655	194.875 	 33.274 	 50.948
FD10655	195.000 	 33.025 	 50.947
FD10655	195.125 	 33.082 	 52.124
FD10655	195.250 	 33.278 	 50.948
FD10655	195.375 	 33.022 	 50.947
FD10655	195.500 	 33.024 	 50.946
FD10655	195.625 	 33.336 	 52.126
FD10655	195.750 	 33.025 	 50.947
FD10655	195.875 	 33.024 	 50.946
FD10655	196.000 	 33.033 	 51.606
FD10655	196.125 	 33.025 	 50.948
FD10655	196.250 	 33.318 	 51.468
FD10655	196.375 	 33.278 	 50.948
FD10655	196.500 	 32.781 	 51.606
FD10655	196.625 	 33.024 	 50.945
FD10655	196.750 	 33.573 	 51.471
FD10655	196.875 	 32.785 	 51.606
FD10655	197.000 	 33.024 	 50.945
FD10655	197.125 	 33.274 	 50.948
FD10655	197.250 	 32.785 	 51.606
FD10655	197.375 	 33.318 	 51.469
FD10655	197.500 	 33.278 	 50.947
FD10655	197.625 	 33.021 	 50.948
FD10655	197.750 	 32.783 	 51.604
FD10655	197.875 	 33.274 	 50.947
FD10655	198.000 	 33.323 	 51.471
FD10655	198.125 	 32.783 	 51.604
FD10655	198.250 	 33.025 	 50.947
FD10655	198.375 	 33.274 	 50.948
FD10655	198.500 	 33.322 	 51.469
FD10655	198.625 	 32.781 	 51.606
FD10655	198.750 	 33.278 	 50.947
FD10655	198.875 	 33.020 	 50.946
FD10655	199.000 	 32.785 	 51.606
FD10655	199.125 	 33.573 	 51.470
FD10655	199.250 	 33.024 	 50.946
FD10655	199.375 	 33.025 	 50.948
FD10655	199.500 	 33.033 	 51.606
FD10655	199.625 	 33.322 	 51.468
FD10655	199.750 	 33.021 	 50.948
FD10655	199.875 	 33.036 	 51.606
FD10655	200.000 	 33.021 	 50.945
FD10655	200.125 	 33.025 	 50.948
FD10655	200.250 	 33.573 	 51.470
FD10655	200.375 	 32.783 	 51.604
FD10655	200.500 	 33.025 	 50.948
FD10655	200.625 	 33.274 	 50.948
FD10655	200.750 	 33.086 	 52.124
FD10655	200.875 	 33.022 	 50.947
FD10655	201.000 	 33.278 	 50.948
FD10655	201.125 	 33.021 	 50.945
FD10655	201.250 	 32.785 	 51.606
FD10655	201.375 	 33.323 	 51.471
FD10655	201.500 	 33.273 	 50.946
FD10655	201.625 	 32.785 	 51.604
FD10655	201.750 	 33.025 	 50.948
FD10655	201.875 	 33.273 	 50.946
FD10655	202.000 	 33.323 	 51.470
FD10655	202.125 	 32.781 	 51.606
FD10655	202.250 	 33.277 	 50.946
FD10655	202.375 	 33.022 	 50.947
FD10655	202.500 	 33.087 	 52.126
FD10655	202.625 	 33.273 	 50.946
FD10655	202.750 	 33.025 	 50.948
FD10655	202.875 	 33.025 	 50.947
FD10655	203.000 	 33.031 	 51.604
FD10655	203.125 	 33.323 	 51.471
FD10655	203.250 	 33.022 	 50.947
FD10655	203.375 	 33.035 	 51.604
FD10655	203.500 	 33.021 	 50.948
FD10655	203.625 	 33.323 	 51.470
FD10655	203.750 	 33.273 	 50.946
FD10655	203.875 	 32.785 	 51.606
FD10655	204.000 	 33.025 	 50.948
FD10655	204.125 	 33.273 	 50.945
FD10655	204.250 	 33.087 	 52.126
FD10655	204.375 	 33.021 	 50.948
FD10655	204.500 	 33.277 	 50.945
FD10655	204.625 	 33.021 	 50.948
FD10655	204.750 	 33.087 	 52.126
FD10655	204.875 	 33.024 	 50.945
FD10655	205.000 	 33.274 	 50.948
FD10655	205.125 	 32.783 	 51.604
FD10655	205.250 	 33.025 	 50.948
FD10655	205.375 	 33.573 	 51.470
FD10655	205.500 	 33.025 	 50.948
FD10655	205.625 	 32.780 	 51.604
FD10655	205.750 	 33.278 	 50.947
FD10655	205.875 	 33.020 	 50.946
FD10655	206.000 	 33.087 	 52.126
FD10655	206.125 	 33.274 	 50.947
FD10655	206.250 	 33.024 	 50.946
FD10655	206.375 	 33.025 	 50.948
FD10655	206.500 	 33.336 	 52.126
FD10655	206.625 	 33.025 	 50.947
FD10655	206.750 	 33.020 	 50.946
FD10655	206.875 	 33.036 	 51.606
FD10655	207.000 	 33.020 	 50.946
FD10655	207.125 	 33.324 	 51.468
FD10655	207.250 	 33.274 	 50.948
FD10655	207.375 	 32.783 	 51.604
FD10655	207.500 	 33.025 	 50.948
FD10655	207.625 	 33.573 	 51.471
FD10655	207.750 	 32.783 	 51.604
FD10655	207.875 	 33.021 	 50.948
FD10655	208.000 	 33.279 	 50.946
FD10655	208.125 	 32.780 	 51.604
FD10655	208.250 	 33.323 	 51.471
FD10655	208.375 	 33.025 	 50.948
FD10655	208.500 	 33.273 	 50.946
FD10655	208.625 	 32.785 	 51.606
FD10655	208.750 	 33.323 	 51.471
FD10655	208.875 	 33.274 	 50.944
FD10655	209.000 	 32.785 	 51.606
FD10655	209.125 	 33.021 	 50.948
FD10655	209.250 	 33.273 	 50.946
FD10655	209.375 	 33.323 	 51.471
FD10655	209.500 	 32.785 	 51.606
FD10655	209.625 	 33.273 	 50.946
FD10655	209.750 	 33.026 	 50.946
FD10655	209.875 	 32.785 	 51.606
FD10655	210.000 	 33.572 	 51.469
FD10655	210.125 	 35.952 	 51.096
FD10655	210.250 	 35.968 	 51.583
FD10655	210.375 	 35.951 	 51.095
FD10655	210.500 	 35.950 	 51.097
FD10655	210.625 	 36.013 	 52.193
FD10655	210.750 	 35.951 	 51.095
FD10655	210.875 	 36.235 	 51.583
FD10655	211.000 	 35.952 	 51.096
FD10655	211.125 	 35.950 	 51.097
FD10655	211.250 	 35.969 	 51.580
FD10655	211.375 	 35.717 	 51.711
FD10655	211.500 	 36.241 	 51.582
FD10655	211.625 	 35.951 	 51.095
FD10655	211.750 	 36.239 	 51.583
FD10655	211.875 	 35.951 	 51.095
FD10655	212.000 	 35.952 	 51.096
FD10655	212.125 	 36.006 	 52.194
FD10655	212.250 	 35.685 	 51.095
FD10655	212.375 	 36.240 	 51.585
FD10655	212.500 	 35.951 	 51.095
FD10655	212.625 	 36.236 	 51.580
FD10655	212.750 	 35.950 	 51.097
FD10655	212.875 	 35.719 	 51.710
FD10655	213.000 	 36.239 	 51.583
FD10655	213.125 	 35.681 	 51.095
FD10655	213.250 	 36.240 	 51.580
FD10655	213.375 	 35.951 	 51.099
FD10655	213.500 	 35.951 	 51.095
FD10655	213.625 	 36.011 	 52.194
FD10655	213.750 	 35.951 	 51.095
FD10655	213.875 	 36.241 	 51.582
FD10655	214.000 	 35.946 	 51.097
FD10655	214.125 	 35.973 	 51.580
FD10655	214.250 	 35.951 	 51.099
FD10655	214.375 	 35.947 	 51.095
FD10655	214.500 	 36.011 	 52.192
FD10655	214.625 	 35.950 	 51.097
FD10655	214.750 	 36.241 	 51.582
FD10655	214.875 	 35.950 	 51.097
FD10655	215.000 	 36.240 	 51.580
FD10655	215.125 	 35.681 	 51.095
FD10655	215.250 	 35.718 	 51.712
FD10655	215.375 	 36.240 	 51.580
FD10655	215.500 	 35.950 	 51.097
FD10655	215.625 	 36.241 	 51.582
FD10655	215.750 	 35.947 	 51.095
FD10655	215.875 	 35.950 	 51.097
FD10655	216.000 	 36.011 	 52.192
FD10655	216.125 	 35.681 	 51.099
FD10655	216.250 	 36.240 	 51.580
FD10655	216.375 	 35.951 	 51.095
FD10655	216.500 	 36.239 	 51.583
FD10655	216.625 	 35.952 	 51.096
FD10655	216.750 	 35.717 	 51.711
FD10655	216.875 	 36.240 	 51.580
FD10655	217.000 	 35.951 	 51.095
FD10655	217.125 	 35.969 	 51.585
FD10655	217.250 	 35.951 	 51.095
FD10655	217.375 	 36.239 	 51.583
FD10655	217.500 	 35.715 	 51.710
FD10655	217.625 	 35.951 	 51.095
FD10655	217.750 	 36.239 	 51.583
FD10655	217.875 	 35.951 	 51.095
FD10655	218.000 	 36.240 	 51.585
FD10655	218.125 	 35.681 	 51.095
FD10655	218.250 	 35.951 	 51.095
FD10655	218.375 	 36.011 	 52.194
FD10655	218.500 	 35.952 	 51.096
FD10655	218.625 	 36.239 	 51.583
FD10655	218.750 	 35.951 	 51.095
FD10655	218.875 	 36.237 	 51.582
FD10655	219.000 	 35.950 	 51.097
FD10655	219.125 	 35.453 	 51.708
FD10655	219.250 	 36.235 	 51.583
FD10655	219.375 	 35.952 	 51.096
FD10655	219.500 	 36.240 	 51.580
FD10655	219.625 	 35.950 	 51.097
FD10655	219.750 	 35.951 	 51.095
FD10655	219.875 	 36.012 	 52.196
FD10655	220.000 	 35.951 	 51.095
FD10655	220.125 	 35.969 	 51.580
FD10655	220.250 	 35.950 	 51.097
FD10655	220.375 	 36.241 	 51.582
FD10655	220.500 	 35.950 	 51.097
FD10655	220.625 	 35.714 	 51.708
FD10655	220.750 	 36.241 	 51.582
FD10655	220.875 	 35.950 	 51.097
FD10655	221.000 	 36.240 	 51.580
FD10655	221.125 	 35.680 	 51.097
FD10655	221.250 	 36.241 	 51.582
FD10655	221.375 	 35.718 	 51.708
FD10655	221.500 	 35.950 	 51.097
FD10655	221.625 	 36.240 	 51.580
FD10655	221.750 	 35.951 	 51.099
FD10655	221.875 	 36.240 	 51.580
FD10655	222.000 	 35.681 	 51.095
FD10655	222.125 	 35.717 	 51.711
FD10655	222.250 	 36.241 	 51.582
FD10655	222.375 	 35.946 	 51.097
FD10655	222.500 	 36.240 	 51.580
FD10655	222.625 	 35.951 	 51.095
FD10655	222.750 	 36.240 	 51.585
FD10655	222.875 	 35.951 	 51.095
FD10655	223.000 	 35.448 	 51.711
FD10655	223.125 	 36.241 	 51.582
FD10655	223.250 	 35.951 	 51.095
FD10655	223.375 	 36.239 	 51.583
FD10655	223.500 	 35.951 	 51.095
FD10655	223.625 	 36.240 	 51.585
FD10655	223.750 	 35.714 	 51.708
FD10655	223.875 	 35.951 	 51.095
FD10655	224.000 	 35.973 	 51.585
FD10655	224.125 	 35.947 	 51.095
FD10655	224.250 	 36.239 	 51.583
FD10655	224.375 	 35.951 	 51.095
FD10655	224.500 	 35.718 	 51.708
FD10655	224.625 	 36.240 	 51.585
FD10655	224.750 	 35.951 	 51.095
FD10655	224.875 	 36.239 	 51.583
FD10655	225.000 	 35.682 	 51.096
FD10655	225.125 	 36.240 	 51.580
FD10655	225.250 	 35.717 	 51.711
FD10655	225.375 	 35.951 	 51.095
FD10655	225.500 	 36.236 	 51.585
FD10655	225.625 	 35.951 	 51.095
FD10655	225.750 	 36.240 	 51.580
FD10655	225.875 	 35.950 	 51.097
FD10655	226.000 	 35.743 	 52.193
FD10655	226.125 	 35.950 	 51.097
FD10655	226.250 	 35.951 	 51.095
FD10655	226.375 	 36.241 	 51.582
FD10655	226.500 	 35.950 	 51.097
FD10655	226.625 	 36.240 	 51.580
FD10655	226.750 	 35.717 	 51.711
FD10655	226.875 	 35.948 	 51.096
FD10655	227.000 	 35.973 	 51.580
FD10655	227.125 	 35.950 	 51.097
FD10655	227.250 	 36.236 	 51.580
FD10655	227.375 	 35.951 	 51.099
FD10655	227.500 	 36.240 	 51.580
FD10655	227.625 	 35.718 	 51.708
FD10655	227.750 	 35.950 	 51.097
FD10655	227.875 	 36.241 	 51.582
FD10655	228.000 	 35.680 	 51.097
FD10655	228.125 	 36.240 	 51.580
FD10655	228.250 	 35.952 	 51.096
FD10655	228.375 	 36.011 	 52.194
FD10655	228.500 	 35.951 	 51.095
FD10655	228.625 	 35.946 	 51.097
FD10655	228.750 	 36.241 	 51.582
FD10655	228.875 	 35.951 	 51.095
FD10655	229.000 	 35.968 	 51.583
FD10655	229.125 	 35.718 	 51.708
FD10655	229.250 	 35.951 	 51.099
FD10655	229.375 	 36.240 	 51.580
FD10655	229.500 	 35.951 	 51.095
FD10655	229.625 	 36.240 	 51.585
FD10655	229.750 	 35.951 	 51.095
FD10655	229.875 	 36.011 	 52.194
FD10655	230.000 	 35.681 	 51.095
FD10655	230.125 	 35.952 	 51.096
FD10655	230.250 	 36.239 	 51.583
FD10655	230.375 	 35.947 	 51.095
FD10655	230.500 	 36.240 	 51.580
FD10655	230.625 	 35.718 	 51.712
FD10655	230.750 	 36.240 	 51.580
FD10655	230.875 	 35.680 	 51.097
FD10655	231.000 	 35.951 	 51.095
FD10655	231.125 	 36.240 	 51.585
FD10655	231.250 	 35.951 	 51.095
FD10655	231.375 	 36.240 	 51.580
FD10655	231.500 	 35.718 	 51.712
FD10655	231.625 	 35.951 	 51.095
FD10655	231.750 	 36.235 	 51.583
FD10655	231.875 	 35.685 	 51.095
FD10655	232.000 	 36.241 	 51.582
FD10655	232.125 	 35.946 	 51.097
FD10655	232.250 	 36.011 	 52.192
FD10655	232.375 	 35.950 	 51.097
FD10655	232.500 	 35.952 	 51.096
FD10655	232.625 	 36.240 	 51.580
FD10655	232.750 	 35.950 	 51.097
FD10655	232.875 	 35.970 	 51.582
FD10655	233.000 	 35.717 	 51.711
FD10655	233.125 	 35.951 	 51.095
FD10655	233.250 	 36.240 	 51.580
FD10655	233.375 	 35.951 	 51.099
FD10655	233.500 	 36.236 	 51.580
FD10655	233.625 	 35.951 	 51.095
FD10655	233.750 	 36.011 	 52.194
FD10655	233.875 	 35.686 	 51.096
FD10655	234.000 	 35.946 	 51.097
FD10655	234.125 	 36.240 	 51.580
FD10655	234.250 	 35.951 	 51.095
FD10655	234.375 	 36.240 	 51.585
FD10655	234.500 	 35.718 	 51.708
FD10655	234.625 	 36.239 	 51.583
FD10655	234.750 	 35.952 	 51.096
FD10655	234.875 	 35.680 	 51.097
FD10655	235.000 	 36.240 	 51.580
FD10655	235.125 	 35.951 	 51.095
FD10655	235.250 	 36.008 	 52.196
FD10655	235.375 	 35.951 	 51.095
FD10655	235.500 	 35.950 	 51.097
FD10655	235.625 	 36.240 	 51.580
FD10655	235.750 	 35.952 	 51.096
FD10655	235.875 	 35.968 	 51.583
FD10655	236.000 	 35.951 	 51.095
FD10655	236.125 	 36.012 	 52.196
FD10655	236.250 	 35.951 	 51.095
FD10655	236.375 	 35.951 	 51.095
FD10655	236.500 	 36.239 	 51.583
FD10655	236.625 	 35.948 	 51.096
FD10655	236.750 	 36.240 	 51.580
FD10655	236.875 	 35.452 	 51.711
FD10655	237.000 	 36.236 	 51.580
FD10655	237.125 	 35.951 	 51.099
FD10655	237.250 	 35.951 	 51.095
FD10655	237.375 	 36.240 	 51.580
FD10655	237.500 	 35.950 	 51.097
FD10655	237.625 	 36.013 	 52.193
FD10655	237.750 	 35.950 	 51.097
FD10655	237.875 	 35.681 	 51.095
FD10655	238.000 	 36.241 	 51.582
FD10655	238.125 	 35.950 	 51.097
FD10655	238.250 	 36.240 	 51.580
FD10655	238.375 	 35.713 	 51.711
FD10655	238.500 	 36.241 	 51.582
FD10655	238.625 	 35.950 	 51.097
FD10655	238.750 	 35.951 	 51.095
FD10655	238.875 	 35.969 	 51.580
FD10655	239.000 	 35.951 	 51.099
FD10655	239.125 	 36.011 	 52.192
FD10655	239.250 	 35.950 	 51.097
FD10655	239.375 	 36.241 	 51.582
FD10655	239.500 	 35.951 	 51.095
FD10655	239.625 	 35.950 	 51.097
FD10655	239.750 	 36.236 	 51.580
FD10655	239.875 	 35.686 	 51.096
FD10655	240.000 	 36.011 	 52.194
FD10655	240.125 	 36.799 	 52.056
FD10655	240.250 	 36.510 	 51.585
FD10655	240.375 	 36.304 	 52.665
FD10655	240.500 	 36.804 	 52.060
FD10655	240.625 	 36.304 	 52.665
FD10655	240.750 	 36.801 	 52.058
FD10655	240.875 	 36.799 	 52.058
FD10655	241.000 	 36.305 	 52.667
FD10655	241.125 	 36.803 	 52.058
FD10655	241.250 	 36.801 	 52.058
FD10655	241.375 	 36.303 	 52.667
FD10655	241.500 	 36.801 	 52.058
FD10655	241.625 	 36.578 	 52.667
FD10655	241.750 	 36.530 	 52.058
FD10655	241.875 	 36.799 	 52.056
FD10655	242.000 	 36.281 	 52.196
FD10655	242.125 	 36.529 	 52.056
FD10655	242.250 	 36.804 	 52.060
FD10655	242.375 	 36.575 	 52.665
FD10655	242.500 	 36.530 	 52.058
FD10655	242.625 	 36.574 	 52.667
FD10655	242.750 	 36.805 	 52.058
FD10655	242.875 	 36.528 	 52.058
FD10655	243.000 	 36.576 	 52.667
FD10655	243.125 	 36.528 	 52.058
FD10655	243.250 	 36.801 	 52.058
FD10655	243.375 	 36.578 	 52.667
FD10655	243.500 	 36.526 	 52.058
FD10655	243.625 	 36.285 	 52.192
FD10655	243.750 	 36.799 	 52.058
FD10655	243.875 	 36.530 	 52.058
FD10655	244.000 	 36.578 	 52.667
FD10655	244.125 	 36.801 	 52.058
FD10655	244.250 	 36.529 	 52.056
FD10655	244.375 	 36.575 	 52.669
FD10655	244.500 	 36.804 	 52.056
FD10655	244.625 	 36.525 	 52.060
FD10655	244.750 	 36.579 	 52.665
FD10655	244.875 	 36.800 	 52.060
FD10655	245.000 	 36.304 	 52.665
FD10655	245.125 	 36.804 	 52.060
FD10655	245.250 	 36.524 	 52.056
FD10655	245.375 	 36.286 	 52.193
FD10655	245.500 	 36.799 	 52.058
FD10655	245.625 	 36.530 	 52.058
FD10655	245.750 	 36.574 	 52.667
FD10655	245.875 	 36.805 	 52.058
FD10655	246.000 	 36.303 	 52.667
FD10655	246.125 	 36.801 	 52.058
FD10655	246.250 	 36.804 	 52.056
FD10655	246.375 	 36.300 	 52.669
FD10655	246.500 	 36.804 	 52.056
FD10655	246.625 	 36.800 	 52.060
FD10655	246.750 	 36.304 	 52.665
FD10655	246.875 	 36.801 	 52.058
FD10655	247.000 	 36.578 	 52.667
FD10655	247.125 	 36.240 	 51.580
FD10655	247.250 	 36.800 	 52.060
FD10655	247.375 	 36.579 	 52.665
FD10655	247.500 	 36.525 	 52.060
FD10655	247.625 	 36.804 	 52.056
FD10655	247.750 	 36.305 	 52.669
FD10655	247.875 	 36.799 	 52.056
FD10655	248.000 	 36.576 	 52.667
FD10655	248.125 	 36.528 	 52.058
FD10655	248.250 	 36.805 	 52.058
FD10655	248.375 	 36.574 	 52.667
FD10655	248.500 	 36.530 	 52.058
FD10655	248.625 	 36.799 	 52.056
FD10655	248.750 	 36.285 	 52.196
FD10655	248.875 	 36.529 	 52.056
FD10655	249.000 	 36.575 	 52.669
FD10655	249.125 	 36.799 	 52.056
FD10655	249.250 	 36.529 	 52.060
FD10655	249.375 	 36.579 	 52.665
FD10655	249.500 	 36.800 	 52.060
FD10655	249.625 	 36.529 	 52.056
FD10655	249.750 	 36.576 	 52.667
FD10655	249.875 	 36.528 	 52.058
FD10655	250.000 	 36.580 	 52.667
FD10655	250.125 	 36.799 	 52.058
FD10655	250.250 	 36.530 	 52.058
FD10655	250.375 	 36.574 	 52.667
FD10655	250.500 	 36.515 	 51.582
FD10655	250.625 	 36.529 	 52.056
FD10655	250.750 	 36.575 	 52.669
FD10655	250.875 	 36.799 	 52.056
FD10655	251.000 	 36.305 	 52.669
FD10655	251.125 	 36.804 	 52.056
FD10655	251.250 	 36.800 	 52.060
FD10655	251.375 	 36.304 	 52.665
FD10655	251.500 	 36.801 	 52.058
FD10655	251.625 	 36.803 	 52.058
FD10655	251.750 	 36.305 	 52.667
FD10655	251.875 	 36.799 	 52.058
FD10655	252.000 	 36.305 	 52.667
FD10655	252.125 	 36.799 	 52.058
FD10655	252.250 	 36.514 	 51.580
FD10655	252.375 	 36.301 	 52.667
FD10655	252.500 	 36.803 	 52.058
FD10655	252.625 	 36.801 	 52.058
FD10655	252.750 	 36.303 	 52.667
FD10655	252.875 	 36.805 	 52.058
FD10655	253.000 	 36.574 	 52.667
FD10655	253.125 	 36.529 	 52.056
FD10655	253.250 	 36.802 	 52.060
FD10655	253.375 	 36.578 	 52.667
FD10655	253.500 	 36.524 	 52.056
FD10655	253.625 	 36.803 	 52.058
FD10655	253.750 	 36.577 	 52.668
FD10655	253.875 	 36.239 	 51.583
FD10655	254.000 	 36.579 	 52.665
FD10655	254.125 	 36.799 	 52.056
FD10655	254.250 	 36.530 	 52.062
FD10655	254.375 	 36.575 	 52.665
FD10655	254.500 	 36.528 	 52.058
FD10655	254.625 	 36.799 	 52.056
FD10655	254.750 	 36.580 	 52.671
FD10655	254.875 	 36.529 	 52.056
FD10655	255.000 	 36.574 	 52.667
FD10655	255.125 	 36.804 	 52.056
FD10655	255.250 	 36.527 	 52.060
FD10655	255.375 	 36.578 	 52.667
FD10655	255.500 	 36.799 	 52.056
FD10655	255.625 	 36.239 	 51.583
FD10655	255.750 	 36.575 	 52.665
FD10655	255.875 	 36.806 	 52.060
FD10655	256.000 	 36.303 	 52.667
FD10655	256.125 	 36.799 	 52.056
FD10655	256.250 	 36.803 	 52.058
FD10655	256.375 	 36.302 	 52.668
FD10655	256.500 	 36.803 	 52.058
FD10655	256.625 	 36.529 	 52.056
FD10655	256.750 	 36.574 	 52.667
FD10655	256.875 	 36.802 	 52.060
FD10655	257.000 	 36.304 	 52.665
FD10655	257.125 	 36.803 	 52.058
FD10655	257.250 	 36.510 	 51.580
FD10655	257.375 	 36.306 	 52.671
FD10655	257.500 	 36.799 	 52.056
FD10655	257.625 	 36.804 	 52.056
FD10655	257.750 	 36.303 	 52.667
FD10655	257.875 	 36.802 	 52.060
FD10655	258.000 	 36.574 	 52.667
FD10655	258.125 	 36.529 	 52.056
FD10655	258.250 	 36.803 	 52.058
FD10655	258.375 	 36.577 	 52.668
FD10655	258.500 	 36.528 	 52.058
FD10655	258.625 	 36.799 	 52.056
FD10655	258.750 	 36.579 	 52.665
FD10655	258.875 	 36.530 	 52.062
FD10655	259.000 	 36.281 	 52.192
FD10655	259.125 	 36.528 	 52.058
FD10655	259.250 	 36.799 	 52.056
FD10655	259.375 	 36.580 	 52.671
FD10655	259.500 	 36.529 	 52.056
FD10655	259.625 	 36.799 	 52.056
FD10655	259.750 	 36.574 	 52.667
FD10655	259.875 	 36.531 	 52.060
FD10655	260.000 	 36.578 	 52.667
FD10655	260.125 	 36.799 	 52.056
FD10655	260.250 	 36.529 	 52.056
FD10655	260.375 	 36.576 	 52.671
FD10655	260.500 	 36.804 	 52.056
FD10655	260.625 	 36.528 	 52.058
FD10655	260.750 	 36.281 	 52.192
FD10655	260.875 	 36.799 	 52.058
FD10655	261.000 	 36.307 	 52.668
FD10655	261.125 	 36.803 	 52.058
FD10655	261.250 	 36.524 	 52.056
FD10655	261.375 	 36.579 	 52.665
FD10655	261.500 	 36.801 	 52.062
FD10655	261.625 	 36.529 	 52.056
FD10655	261.750 	 36.578 	 52.667
FD10655	261.875 	 36.799 	 52.056
FD10655	262.000 	 36.531 	 52.060
FD10655	262.125 	 36.574 	 52.667
FD10655	262.250 	 36.804 	 52.056
FD10655	262.375 	 36.006 	 52.194
FD10655	262.500 	 36.806 	 52.060
FD10655	262.625 	 36.799 	 52.058
FD10655	262.750 	 36.304 	 52.665
FD10655	262.875 	 36.803 	 52.058
FD10655	263.000 	 36.802 	 52.060
FD10655	263.125 	 36.304 	 52.665
FD10655	263.250 	 36.799 	 52.058
FD10655	263.375 	 36.304 	 52.665
FD10655	263.500 	 36.801 	 52.062
FD10655	263.625 	 36.804 	 52.056
FD10655	263.750 	 36.303 	 52.667
FD10655	263.875 	 36.799 	 52.056
FD10655	264.000 	 36.806 	 52.060
FD10655	264.125 	 36.006 	 52.194
FD10655	264.250 	 36.804 	 52.056
FD10655	264.375 	 36.574 	 52.667
FD10655	264.500 	 36.529 	 52.056
FD10655	264.625 	 36.801 	 52.062
FD10655	264.750 	 36.579 	 52.665
FD10655	264.875 	 36.529 	 52.056
FD10655	265.000 	 36.799 	 52.058
FD10655	265.125 	 36.581 	 52.668
FD10655	265.250 	 36.524 	 52.058
FD10655	265.375 	 36.579 	 52.665
FD10655	265.500 	 36.799 	 52.058
FD10655	265.625 	 36.531 	 52.060
FD10655	265.750 	 36.575 	 52.665
FD10655	265.875 	 36.239 	 51.583
FD10655	266.000 	 36.804 	 52.056
FD10655	266.125 	 36.576 	 52.671
FD10655	266.250 	 36.529 	 52.056
FD10655	266.375 	 36.574 	 52.667
FD10655	266.500 	 36.804 	 52.056
FD10655	266.625 	 36.531 	 52.060
FD10655	266.750 	 36.574 	 52.667
FD10655	266.875 	 36.799 	 52.056
FD10655	267.000 	 36.528 	 52.058
FD10655	267.125 	 36.581 	 52.668
FD10655	267.250 	 36.799 	 52.058
FD10655	267.375 	 36.304 	 52.665
FD10655	267.500 	 36.510 	 51.580
FD10655	267.625 	 36.805 	 52.062
FD10655	267.750 	 36.304 	 52.665
FD10655	267.875 	 36.799 	 52.058
FD10655	268.000 	 36.529 	 52.056
FD10655	268.125 	 36.576 	 52.671
FD10655	268.250 	 36.804 	 52.056
FD10655	268.375 	 36.303 	 52.667
FD10655	268.500 	 36.799 	 52.056
FD10655	268.625 	 36.802 	 52.060
FD10655	268.750 	 36.303 	 52.667
FD10655	268.875 	 36.804 	 52.056
FD10655	269.000 	 36.799 	 52.058
FD10655	269.125 	 36.307 	 52.668
FD10655	269.250 	 36.510 	 51.580
FD10655	269.375 	 36.578 	 52.667
FD10655	269.500 	 36.529 	 52.056
FD10655	269.625 	 36.799 	 52.058
FD10655	269.750 	 36.577 	 52.668
FD10655	269.875 	 36.528 	 52.058
FD10655	270.000 	 36.804 	 52.056
FD10655	270.125 	 36.648 	 53.746
FD10655	270.250 	 37.163 	 53.585
FD10655	270.375 	 36.652 	 53.746
FD10655	270.500 	 36.870 	 53.131
FD10655	270.625 	 36.871 	 53.130
FD10655	270.750 	 36.945 	 54.196
FD10655	270.875 	 36.870 	 53.131
FD10655	271.000 	 36.652 	 53.746
FD10655	271.125 	 36.868 	 53.128
FD10655	271.250 	 36.952 	 54.200
FD10655	271.375 	 36.868 	 53.128
FD10655	271.500 	 36.867 	 53.130
FD10655	271.625 	 36.380 	 53.749
FD10655	271.750 	 37.165 	 53.581
FD10655	271.875 	 36.648 	 53.746
FD10655	272.000 	 36.870 	 53.131
FD10655	272.125 	 36.871 	 53.130
FD10655	272.250 	 36.945 	 54.196
FD10655	272.375 	 36.874 	 53.131
FD10655	272.500 	 36.648 	 53.746
FD10655	272.625 	 36.868 	 53.128
FD10655	272.750 	 37.166 	 53.587
FD10655	272.875 	 36.649 	 53.743
FD10655	273.000 	 36.871 	 53.130
