#WellName	 Depth.M	 INCL	 AZIM 
WellName	 Depth.M	 INCL	 AZIM 
FD10899	0.000 	 0.000 	 0.000
FD10899	0.125 	 0.000 	 90.000
FD10899	0.250 	 0.000 	 90.000
FD10899	0.375 	 0.000 	 90.000
FD10899	0.500 	 0.000 	 90.000
FD10899	0.625 	 0.000 	 90.000
FD10899	0.750 	 0.000 	 90.000
FD10899	0.875 	 0.000 	 90.000
FD10899	1.000 	 0.000 	 90.000
FD10899	1.125 	 0.000 	 90.000
FD10899	1.250 	 0.000 	 90.000
FD10899	1.375 	 0.000 	 90.000
FD10899	1.500 	 0.000 	 90.000
FD10899	1.625 	 0.000 	 90.000
FD10899	1.750 	 0.000 	 90.000
FD10899	1.875 	 0.000 	 90.000
FD10899	2.000 	 0.000 	 90.000
FD10899	2.125 	 0.000 	 90.000
FD10899	2.250 	 0.000 	 90.000
FD10899	2.375 	 0.000 	 90.000
FD10899	2.500 	 0.000 	 90.000
FD10899	2.625 	 0.000 	 90.000
FD10899	2.750 	 0.000 	 90.000
FD10899	2.875 	 0.000 	 90.000
FD10899	3.000 	 0.000 	 90.000
FD10899	3.125 	 0.000 	 90.000
FD10899	3.250 	 0.000 	 90.000
FD10899	3.375 	 0.000 	 90.000
FD10899	3.500 	 0.000 	 90.000
FD10899	3.625 	 0.000 	 90.000
FD10899	3.750 	 0.000 	 90.000
FD10899	3.875 	 0.000 	 90.000
FD10899	4.000 	 0.000 	 90.000
FD10899	4.125 	 0.000 	 90.000
FD10899	4.250 	 0.000 	 90.000
FD10899	4.375 	 0.000 	 90.000
FD10899	4.500 	 0.000 	 90.000
FD10899	4.625 	 0.000 	 90.000
FD10899	4.750 	 0.000 	 90.000
FD10899	4.875 	 0.000 	 90.000
FD10899	5.000 	 0.000 	 90.000
FD10899	5.125 	 0.000 	 90.000
FD10899	5.250 	 0.000 	 90.000
FD10899	5.375 	 0.000 	 90.000
FD10899	5.500 	 0.000 	 90.000
FD10899	5.625 	 0.000 	 90.000
FD10899	5.750 	 0.000 	 90.000
FD10899	5.875 	 0.000 	 90.000
FD10899	6.000 	 0.000 	 90.000
FD10899	6.125 	 0.000 	 90.000
FD10899	6.250 	 0.000 	 90.000
FD10899	6.375 	 0.000 	 90.000
FD10899	6.500 	 0.000 	 90.000
FD10899	6.625 	 0.000 	 90.000
FD10899	6.750 	 0.000 	 90.000
FD10899	6.875 	 0.000 	 90.000
FD10899	7.000 	 0.000 	 90.000
FD10899	7.125 	 0.000 	 90.000
FD10899	7.250 	 0.000 	 90.000
FD10899	7.375 	 0.000 	 90.000
FD10899	7.500 	 0.000 	 90.000
FD10899	7.625 	 0.000 	 90.000
FD10899	7.750 	 0.000 	 90.000
FD10899	7.875 	 0.000 	 90.000
FD10899	8.000 	 0.000 	 90.000
FD10899	8.125 	 0.000 	 90.000
FD10899	8.250 	 0.000 	 90.000
FD10899	8.375 	 0.000 	 90.000
FD10899	8.500 	 0.000 	 90.000
FD10899	8.625 	 0.000 	 90.000
FD10899	8.750 	 0.000 	 90.000
FD10899	8.875 	 0.000 	 90.000
FD10899	9.000 	 0.000 	 90.000
FD10899	9.125 	 0.000 	 90.000
FD10899	9.250 	 0.000 	 90.000
FD10899	9.375 	 0.000 	 90.000
FD10899	9.500 	 0.000 	 90.000
FD10899	9.625 	 0.000 	 90.000
FD10899	9.750 	 0.000 	 90.000
FD10899	9.875 	 0.000 	 90.000
FD10899	10.000 	 0.000 	 90.000
FD10899	10.125 	 0.000 	 90.000
FD10899	10.250 	 0.000 	 90.000
FD10899	10.375 	 0.000 	 90.000
FD10899	10.500 	 0.000 	 90.000
FD10899	10.625 	 0.000 	 90.000
FD10899	10.750 	 0.000 	 90.000
FD10899	10.875 	 0.000 	 90.000
FD10899	11.000 	 0.000 	 90.000
FD10899	11.125 	 0.000 	 90.000
FD10899	11.250 	 0.000 	 90.000
FD10899	11.375 	 0.000 	 90.000
FD10899	11.500 	 0.000 	 90.000
FD10899	11.625 	 0.000 	 90.000
FD10899	11.750 	 0.000 	 90.000
FD10899	11.875 	 0.000 	 90.000
FD10899	12.000 	 0.000 	 90.000
FD10899	12.125 	 0.000 	 90.000
FD10899	12.250 	 0.000 	 90.000
FD10899	12.375 	 0.000 	 90.000
FD10899	12.500 	 0.000 	 90.000
FD10899	12.625 	 0.000 	 90.000
FD10899	12.750 	 0.000 	 90.000
FD10899	12.875 	 0.000 	 90.000
FD10899	13.000 	 0.000 	 90.000
FD10899	13.125 	 0.000 	 90.000
FD10899	13.250 	 0.000 	 90.000
FD10899	13.375 	 0.000 	 90.000
FD10899	13.500 	 0.000 	 90.000
FD10899	13.625 	 0.000 	 90.000
FD10899	13.750 	 0.000 	 90.000
FD10899	13.875 	 0.000 	 90.000
FD10899	14.000 	 0.000 	 90.000
FD10899	14.125 	 0.000 	 90.000
FD10899	14.250 	 0.000 	 90.000
FD10899	14.375 	 0.000 	 90.000
FD10899	14.500 	 0.000 	 90.000
FD10899	14.625 	 0.000 	 90.000
FD10899	14.750 	 0.000 	 90.000
FD10899	14.875 	 0.000 	 90.000
FD10899	15.000 	 0.000 	 90.000
FD10899	15.125 	 0.000 	 90.000
FD10899	15.250 	 0.000 	 90.000
FD10899	15.375 	 0.000 	 90.000
FD10899	15.500 	 0.000 	 90.000
FD10899	15.625 	 0.000 	 90.000
FD10899	15.750 	 0.000 	 90.000
FD10899	15.875 	 0.000 	 90.000
FD10899	16.000 	 0.000 	 90.000
FD10899	16.125 	 0.000 	 90.000
FD10899	16.250 	 0.000 	 90.000
FD10899	16.375 	 0.000 	 90.000
FD10899	16.500 	 0.000 	 90.000
FD10899	16.625 	 0.000 	 90.000
FD10899	16.750 	 0.000 	 90.000
FD10899	16.875 	 0.000 	 90.000
FD10899	17.000 	 0.000 	 90.000
FD10899	17.125 	 0.000 	 90.000
FD10899	17.250 	 0.000 	 90.000
FD10899	17.375 	 0.000 	 90.000
FD10899	17.500 	 0.000 	 90.000
FD10899	17.625 	 0.000 	 90.000
FD10899	17.750 	 0.000 	 90.000
FD10899	17.875 	 0.000 	 90.000
FD10899	18.000 	 0.000 	 90.000
FD10899	18.125 	 0.000 	 90.000
FD10899	18.250 	 0.000 	 90.000
FD10899	18.375 	 0.000 	 90.000
FD10899	18.500 	 0.000 	 90.000
FD10899	18.625 	 0.000 	 90.000
FD10899	18.750 	 0.000 	 90.000
FD10899	18.875 	 0.000 	 90.000
FD10899	19.000 	 0.000 	 90.000
FD10899	19.125 	 0.000 	 90.000
FD10899	19.250 	 0.000 	 90.000
FD10899	19.375 	 0.000 	 90.000
FD10899	19.500 	 0.000 	 90.000
FD10899	19.625 	 0.000 	 90.000
FD10899	19.750 	 0.000 	 90.000
FD10899	19.875 	 0.000 	 90.000
FD10899	20.000 	 0.000 	 90.000
FD10899	20.125 	 0.000 	 90.000
FD10899	20.250 	 0.000 	 90.000
FD10899	20.375 	 0.000 	 90.000
FD10899	20.500 	 0.000 	 90.000
FD10899	20.625 	 0.000 	 90.000
FD10899	20.750 	 0.000 	 90.000
FD10899	20.875 	 0.000 	 90.000
FD10899	21.000 	 0.000 	 90.000
FD10899	21.125 	 0.000 	 90.000
FD10899	21.250 	 0.000 	 90.000
FD10899	21.375 	 0.000 	 90.000
FD10899	21.500 	 0.000 	 90.000
FD10899	21.625 	 0.000 	 90.000
FD10899	21.750 	 0.000 	 90.000
FD10899	21.875 	 0.000 	 90.000
FD10899	22.000 	 0.000 	 90.000
FD10899	22.125 	 0.000 	 90.000
FD10899	22.250 	 0.000 	 90.000
FD10899	22.375 	 0.000 	 90.000
FD10899	22.500 	 0.000 	 90.000
FD10899	22.625 	 0.000 	 90.000
FD10899	22.750 	 0.000 	 90.000
FD10899	22.875 	 0.000 	 90.000
FD10899	23.000 	 0.000 	 90.000
FD10899	23.125 	 0.000 	 90.000
FD10899	23.250 	 0.000 	 90.000
FD10899	23.375 	 0.000 	 90.000
FD10899	23.500 	 0.000 	 90.000
FD10899	23.625 	 0.000 	 90.000
FD10899	23.750 	 0.000 	 90.000
FD10899	23.875 	 0.000 	 90.000
FD10899	24.000 	 0.000 	 90.000
FD10899	24.125 	 0.000 	 90.000
FD10899	24.250 	 0.000 	 90.000
FD10899	24.375 	 0.000 	 90.000
FD10899	24.500 	 0.000 	 90.000
FD10899	24.625 	 0.000 	 90.000
FD10899	24.750 	 0.000 	 90.000
FD10899	24.875 	 0.000 	 90.000
FD10899	25.000 	 0.000 	 90.000
FD10899	25.125 	 0.000 	 90.000
FD10899	25.250 	 0.000 	 90.000
FD10899	25.375 	 0.000 	 90.000
FD10899	25.500 	 0.000 	 90.000
FD10899	25.625 	 0.000 	 90.000
FD10899	25.750 	 0.000 	 90.000
FD10899	25.875 	 0.000 	 90.000
FD10899	26.000 	 0.000 	 90.000
FD10899	26.125 	 0.000 	 90.000
FD10899	26.250 	 0.000 	 90.000
FD10899	26.375 	 0.000 	 90.000
FD10899	26.500 	 0.000 	 90.000
FD10899	26.625 	 0.000 	 90.000
FD10899	26.750 	 0.000 	 90.000
FD10899	26.875 	 0.000 	 90.000
FD10899	27.000 	 0.000 	 90.000
FD10899	27.125 	 0.000 	 90.000
FD10899	27.250 	 0.000 	 90.000
FD10899	27.375 	 0.000 	 90.000
FD10899	27.500 	 0.000 	 90.000
FD10899	27.625 	 0.000 	 90.000
FD10899	27.750 	 0.000 	 90.000
FD10899	27.875 	 0.000 	 90.000
FD10899	28.000 	 0.000 	 90.000
FD10899	28.125 	 0.000 	 90.000
FD10899	28.250 	 0.000 	 90.000
FD10899	28.375 	 0.000 	 90.000
FD10899	28.500 	 0.000 	 90.000
FD10899	28.625 	 0.000 	 90.000
FD10899	28.750 	 0.000 	 90.000
FD10899	28.875 	 0.000 	 90.000
FD10899	29.000 	 0.000 	 90.000
FD10899	29.125 	 0.000 	 90.000
FD10899	29.250 	 0.000 	 90.000
FD10899	29.375 	 0.000 	 90.000
FD10899	29.500 	 0.000 	 90.000
FD10899	29.625 	 0.000 	 90.000
FD10899	29.750 	 0.000 	 90.000
FD10899	29.875 	 0.000 	 90.000
FD10899	30.000 	 0.000 	 90.000
FD10899	30.125 	 0.000 	 90.000
FD10899	30.250 	 0.000 	 90.000
FD10899	30.375 	 0.000 	 90.000
FD10899	30.500 	 0.000 	 90.000
FD10899	30.625 	 0.000 	 90.000
FD10899	30.750 	 0.000 	 90.000
FD10899	30.875 	 0.000 	 90.000
FD10899	31.000 	 0.000 	 90.000
FD10899	31.125 	 0.000 	 90.000
FD10899	31.250 	 0.000 	 90.000
FD10899	31.375 	 0.000 	 90.000
FD10899	31.500 	 0.000 	 90.000
FD10899	31.625 	 0.000 	 90.000
FD10899	31.750 	 0.000 	 90.000
FD10899	31.875 	 0.000 	 90.000
FD10899	32.000 	 0.000 	 90.000
FD10899	32.125 	 0.000 	 90.000
FD10899	32.250 	 0.000 	 90.000
FD10899	32.375 	 0.000 	 90.000
FD10899	32.500 	 0.000 	 90.000
FD10899	32.625 	 0.000 	 90.000
FD10899	32.750 	 0.000 	 90.000
FD10899	32.875 	 0.000 	 90.000
FD10899	33.000 	 0.000 	 90.000
FD10899	33.125 	 0.000 	 90.000
FD10899	33.250 	 0.000 	 90.000
FD10899	33.375 	 0.000 	 90.000
FD10899	33.500 	 0.000 	 90.000
FD10899	33.625 	 0.000 	 90.000
FD10899	33.750 	 0.000 	 90.000
FD10899	33.875 	 0.000 	 90.000
FD10899	34.000 	 0.000 	 90.000
FD10899	34.125 	 0.000 	 90.000
FD10899	34.250 	 0.000 	 90.000
FD10899	34.375 	 0.000 	 90.000
FD10899	34.500 	 0.000 	 90.000
FD10899	34.625 	 0.000 	 90.000
FD10899	34.750 	 0.000 	 90.000
FD10899	34.875 	 0.000 	 90.000
FD10899	35.000 	 0.000 	 90.000
FD10899	35.125 	 0.000 	 90.000
FD10899	35.250 	 0.000 	 90.000
FD10899	35.375 	 0.000 	 90.000
FD10899	35.500 	 0.000 	 90.000
FD10899	35.625 	 0.000 	 90.000
FD10899	35.750 	 0.000 	 90.000
FD10899	35.875 	 0.000 	 90.000
FD10899	36.000 	 0.000 	 90.000
FD10899	36.125 	 0.000 	 90.000
FD10899	36.250 	 0.000 	 90.000
FD10899	36.375 	 0.000 	 90.000
FD10899	36.500 	 0.000 	 90.000
FD10899	36.625 	 0.000 	 90.000
FD10899	36.750 	 0.000 	 90.000
FD10899	36.875 	 0.000 	 90.000
FD10899	37.000 	 0.000 	 90.000
FD10899	37.125 	 0.000 	 90.000
FD10899	37.250 	 0.000 	 90.000
FD10899	37.375 	 0.000 	 90.000
FD10899	37.500 	 0.000 	 90.000
FD10899	37.625 	 0.000 	 90.000
FD10899	37.750 	 0.000 	 90.000
FD10899	37.875 	 0.000 	 90.000
FD10899	38.000 	 0.000 	 90.000
FD10899	38.125 	 0.000 	 90.000
FD10899	38.250 	 0.000 	 90.000
FD10899	38.375 	 0.000 	 90.000
FD10899	38.500 	 0.000 	 90.000
FD10899	38.625 	 0.000 	 90.000
FD10899	38.750 	 0.000 	 90.000
FD10899	38.875 	 0.000 	 90.000
FD10899	39.000 	 0.000 	 90.000
FD10899	39.125 	 0.000 	 90.000
FD10899	39.250 	 0.000 	 90.000
FD10899	39.375 	 0.000 	 90.000
FD10899	39.500 	 0.000 	 90.000
FD10899	39.625 	 0.000 	 90.000
FD10899	39.750 	 0.000 	 90.000
FD10899	39.875 	 0.000 	 90.000
FD10899	40.000 	 0.000 	 90.000
FD10899	40.125 	 0.000 	 90.000
FD10899	40.250 	 0.000 	 90.000
FD10899	40.375 	 0.000 	 90.000
FD10899	40.500 	 0.000 	 90.000
FD10899	40.625 	 0.000 	 90.000
FD10899	40.750 	 0.000 	 90.000
FD10899	40.875 	 0.000 	 90.000
FD10899	41.000 	 0.000 	 90.000
FD10899	41.125 	 0.000 	 90.000
FD10899	41.250 	 0.000 	 90.000
FD10899	41.375 	 0.000 	 90.000
FD10899	41.500 	 0.000 	 90.000
FD10899	41.625 	 0.000 	 90.000
FD10899	41.750 	 0.000 	 90.000
FD10899	41.875 	 0.000 	 90.000
FD10899	42.000 	 0.000 	 90.000
FD10899	42.125 	 0.000 	 90.000
FD10899	42.250 	 0.000 	 90.000
FD10899	42.375 	 0.000 	 90.000
FD10899	42.500 	 0.000 	 90.000
FD10899	42.625 	 0.000 	 90.000
FD10899	42.750 	 0.000 	 90.000
FD10899	42.875 	 0.000 	 90.000
FD10899	43.000 	 0.000 	 90.000
FD10899	43.125 	 0.000 	 90.000
FD10899	43.250 	 0.000 	 90.000
FD10899	43.375 	 0.000 	 90.000
FD10899	43.500 	 0.000 	 90.000
FD10899	43.625 	 0.000 	 90.000
FD10899	43.750 	 0.000 	 90.000
FD10899	43.875 	 0.000 	 90.000
FD10899	44.000 	 0.000 	 90.000
FD10899	44.125 	 0.000 	 90.000
FD10899	44.250 	 0.000 	 90.000
FD10899	44.375 	 0.000 	 90.000
FD10899	44.500 	 0.000 	 90.000
FD10899	44.625 	 0.000 	 90.000
FD10899	44.750 	 0.000 	 90.000
FD10899	44.875 	 0.000 	 90.000
FD10899	45.000 	 0.000 	 90.000
FD10899	45.125 	 0.000 	 90.000
FD10899	45.250 	 0.000 	 90.000
FD10899	45.375 	 0.000 	 90.000
FD10899	45.500 	 0.000 	 90.000
FD10899	45.625 	 0.000 	 90.000
FD10899	45.750 	 0.000 	 90.000
FD10899	45.875 	 0.000 	 90.000
FD10899	46.000 	 0.000 	 90.000
FD10899	46.125 	 0.000 	 90.000
FD10899	46.250 	 0.000 	 90.000
FD10899	46.375 	 0.000 	 90.000
FD10899	46.500 	 0.000 	 90.000
FD10899	46.625 	 0.000 	 90.000
FD10899	46.750 	 0.000 	 90.000
FD10899	46.875 	 0.000 	 90.000
FD10899	47.000 	 0.000 	 90.000
FD10899	47.125 	 0.000 	 90.000
FD10899	47.250 	 0.000 	 90.000
FD10899	47.375 	 0.000 	 90.000
FD10899	47.500 	 0.000 	 90.000
FD10899	47.625 	 0.000 	 90.000
FD10899	47.750 	 0.000 	 90.000
FD10899	47.875 	 0.000 	 90.000
FD10899	48.000 	 0.000 	 90.000
FD10899	48.125 	 0.000 	 90.000
FD10899	48.250 	 0.000 	 90.000
FD10899	48.375 	 0.000 	 90.000
FD10899	48.500 	 0.000 	 90.000
FD10899	48.625 	 0.000 	 90.000
FD10899	48.750 	 0.000 	 90.000
FD10899	48.875 	 0.000 	 90.000
FD10899	49.000 	 0.000 	 90.000
FD10899	49.125 	 0.000 	 90.000
FD10899	49.250 	 0.000 	 90.000
FD10899	49.375 	 0.000 	 90.000
FD10899	49.500 	 0.000 	 90.000
FD10899	49.625 	 0.000 	 90.000
FD10899	49.750 	 0.000 	 90.000
FD10899	49.875 	 0.000 	 90.000
FD10899	50.000 	 0.000 	 90.000
FD10899	50.125 	 0.000 	 90.000
FD10899	50.250 	 0.000 	 90.000
FD10899	50.375 	 0.000 	 90.000
FD10899	50.500 	 0.000 	 90.000
FD10899	50.625 	 0.000 	 90.000
FD10899	50.750 	 0.000 	 90.000
FD10899	50.875 	 0.000 	 90.000
FD10899	51.000 	 0.000 	 90.000
FD10899	51.125 	 0.000 	 90.000
FD10899	51.250 	 0.000 	 90.000
FD10899	51.375 	 0.000 	 90.000
FD10899	51.500 	 0.000 	 90.000
FD10899	51.625 	 0.000 	 90.000
FD10899	51.750 	 0.000 	 90.000
FD10899	51.875 	 0.000 	 90.000
FD10899	52.000 	 0.000 	 90.000
FD10899	52.125 	 0.000 	 90.000
FD10899	52.250 	 0.000 	 90.000
FD10899	52.375 	 0.000 	 90.000
FD10899	52.500 	 0.000 	 90.000
FD10899	52.625 	 0.000 	 90.000
FD10899	52.750 	 0.000 	 90.000
FD10899	52.875 	 0.000 	 90.000
FD10899	53.000 	 0.000 	 90.000
FD10899	53.125 	 0.000 	 90.000
FD10899	53.250 	 0.000 	 90.000
FD10899	53.375 	 0.000 	 90.000
FD10899	53.500 	 0.000 	 90.000
FD10899	53.625 	 0.000 	 90.000
FD10899	53.750 	 0.000 	 90.000
FD10899	53.875 	 0.000 	 90.000
FD10899	54.000 	 0.000 	 90.000
FD10899	54.125 	 0.000 	 90.000
FD10899	54.250 	 0.000 	 90.000
FD10899	54.375 	 0.000 	 90.000
FD10899	54.500 	 0.000 	 90.000
FD10899	54.625 	 0.000 	 90.000
FD10899	54.750 	 0.000 	 90.000
FD10899	54.875 	 0.000 	 90.000
FD10899	55.000 	 0.000 	 90.000
FD10899	55.125 	 0.000 	 90.000
FD10899	55.250 	 0.000 	 90.000
FD10899	55.375 	 0.000 	 90.000
FD10899	55.500 	 0.000 	 90.000
FD10899	55.625 	 0.000 	 90.000
FD10899	55.750 	 0.000 	 90.000
FD10899	55.875 	 0.000 	 90.000
FD10899	56.000 	 0.000 	 90.000
FD10899	56.125 	 0.000 	 90.000
FD10899	56.250 	 0.000 	 90.000
FD10899	56.375 	 0.000 	 90.000
FD10899	56.500 	 0.000 	 90.000
FD10899	56.625 	 0.000 	 90.000
FD10899	56.750 	 0.000 	 90.000
FD10899	56.875 	 0.000 	 90.000
FD10899	57.000 	 0.000 	 90.000
FD10899	57.125 	 0.000 	 90.000
FD10899	57.250 	 0.000 	 90.000
FD10899	57.375 	 0.000 	 90.000
FD10899	57.500 	 0.000 	 90.000
FD10899	57.625 	 0.000 	 90.000
FD10899	57.750 	 0.000 	 90.000
FD10899	57.875 	 0.000 	 90.000
FD10899	58.000 	 0.000 	 90.000
FD10899	58.125 	 0.000 	 90.000
FD10899	58.250 	 0.000 	 90.000
FD10899	58.375 	 0.000 	 90.000
FD10899	58.500 	 0.000 	 90.000
FD10899	58.625 	 0.000 	 90.000
FD10899	58.750 	 0.000 	 90.000
FD10899	58.875 	 0.000 	 90.000
FD10899	59.000 	 0.000 	 90.000
FD10899	59.125 	 0.000 	 90.000
FD10899	59.250 	 0.000 	 90.000
FD10899	59.375 	 0.000 	 90.000
FD10899	59.500 	 0.000 	 90.000
FD10899	59.625 	 0.000 	 90.000
FD10899	59.750 	 0.000 	 90.000
FD10899	59.875 	 0.000 	 90.000
FD10899	60.000 	 0.000 	 90.000
FD10899	60.125 	 0.000 	 90.000
FD10899	60.250 	 0.000 	 90.000
FD10899	60.375 	 0.000 	 90.000
FD10899	60.500 	 0.000 	 90.000
FD10899	60.625 	 0.000 	 90.000
FD10899	60.750 	 0.000 	 90.000
FD10899	60.875 	 0.000 	 90.000
FD10899	61.000 	 0.000 	 90.000
FD10899	61.125 	 0.000 	 90.000
FD10899	61.250 	 0.000 	 90.000
FD10899	61.375 	 0.000 	 90.000
FD10899	61.500 	 0.000 	 90.000
FD10899	61.625 	 0.000 	 90.000
FD10899	61.750 	 0.000 	 90.000
FD10899	61.875 	 0.000 	 90.000
FD10899	62.000 	 0.000 	 90.000
FD10899	62.125 	 0.000 	 90.000
FD10899	62.250 	 0.000 	 90.000
FD10899	62.375 	 0.000 	 90.000
FD10899	62.500 	 0.000 	 90.000
FD10899	62.625 	 0.000 	 90.000
FD10899	62.750 	 0.000 	 90.000
FD10899	62.875 	 0.000 	 90.000
FD10899	63.000 	 0.000 	 90.000
FD10899	63.125 	 0.705 	 204.305
FD10899	63.250 	 0.706 	 204.849
FD10899	63.375 	 0.706 	 205.551
FD10899	63.500 	 0.706 	 206.260
FD10899	63.625 	 0.706 	 207.007
FD10899	63.750 	 0.706 	 207.837
FD10899	63.875 	 0.706 	 208.719
FD10899	64.000 	 0.706 	 209.608
FD10899	64.125 	 0.705 	 210.444
FD10899	64.250 	 0.705 	 211.212
FD10899	64.375 	 0.705 	 211.904
FD10899	64.500 	 0.704 	 212.569
FD10899	64.625 	 0.704 	 213.178
FD10899	64.750 	 0.703 	 213.667
FD10899	64.875 	 0.703 	 213.624
FD10899	65.000 	 0.703 	 213.624
FD10899	65.125 	 0.703 	 214.195
FD10899	65.250 	 0.703 	 214.793
FD10899	65.375 	 0.703 	 215.335
FD10899	65.500 	 0.703 	 215.615
FD10899	65.625 	 0.704 	 216.000
FD10899	65.750 	 0.704 	 216.719
FD10899	65.875 	 0.705 	 217.461
FD10899	66.000 	 0.707 	 218.158
FD10899	66.125 	 0.708 	 218.770
FD10899	66.250 	 0.710 	 219.342
FD10899	66.375 	 0.712 	 219.924
FD10899	66.500 	 0.714 	 220.507
FD10899	66.625 	 0.716 	 221.086
FD10899	66.750 	 0.719 	 221.679
FD10899	66.875 	 0.722 	 222.270
FD10899	67.000 	 0.725 	 222.852
FD10899	67.125 	 0.728 	 223.432
FD10899	67.250 	 0.732 	 224.025
FD10899	67.375 	 0.734 	 224.626
FD10899	67.500 	 0.737 	 225.220
FD10899	67.625 	 0.741 	 225.821
FD10899	67.750 	 0.743 	 226.431
FD10899	67.875 	 0.746 	 227.038
FD10899	68.000 	 0.748 	 227.631
FD10899	68.125 	 0.751 	 228.238
FD10899	68.250 	 0.753 	 228.876
FD10899	68.375 	 0.753 	 229.483
FD10899	68.500 	 0.755 	 230.086
FD10899	68.625 	 0.755 	 230.779
FD10899	68.750 	 0.755 	 231.504
FD10899	68.875 	 0.755 	 232.165
FD10899	69.000 	 0.753 	 232.792
FD10899	69.125 	 0.753 	 233.427
FD10899	69.250 	 0.751 	 234.091
FD10899	69.375 	 0.750 	 234.772
FD10899	69.500 	 0.748 	 235.294
FD10899	69.625 	 0.746 	 235.577
FD10899	69.750 	 0.744 	 235.857
FD10899	69.875 	 0.742 	 236.250
FD10899	70.000 	 0.739 	 236.777
FD10899	70.125 	 0.737 	 237.415
FD10899	70.250 	 0.735 	 238.062
FD10899	70.375 	 0.733 	 238.714
FD10899	70.500 	 0.732 	 239.362
FD10899	70.625 	 0.730 	 240.019
FD10899	70.750 	 0.728 	 240.688
FD10899	70.875 	 0.727 	 241.359
FD10899	71.000 	 0.725 	 242.012
FD10899	71.125 	 0.724 	 242.674
FD10899	71.250 	 0.723 	 243.350
FD10899	71.375 	 0.721 	 244.001
FD10899	71.500 	 0.719 	 244.704
FD10899	71.625 	 0.717 	 245.432
FD10899	71.750 	 0.716 	 246.096
FD10899	71.875 	 0.714 	 246.780
FD10899	72.000 	 0.713 	 247.473
FD10899	72.125 	 0.712 	 248.143
FD10899	72.250 	 0.710 	 248.819
FD10899	72.375 	 0.708 	 249.508
FD10899	72.500 	 0.707 	 250.211
FD10899	72.625 	 0.707 	 250.911
FD10899	72.750 	 0.705 	 251.642
FD10899	72.875 	 0.704 	 252.394
FD10899	73.000 	 0.703 	 253.119
FD10899	73.125 	 0.703 	 253.825
FD10899	73.250 	 0.703 	 254.523
FD10899	73.375 	 0.703 	 255.215
FD10899	73.500 	 0.704 	 255.907
FD10899	73.625 	 0.705 	 256.597
FD10899	73.750 	 0.707 	 257.277
FD10899	73.875 	 0.709 	 257.994
FD10899	74.000 	 0.712 	 258.726
FD10899	74.125 	 0.716 	 259.432
FD10899	74.250 	 0.720 	 260.134
FD10899	74.375 	 0.724 	 260.835
FD10899	74.500 	 0.730 	 261.537
FD10899	74.625 	 0.736 	 262.238
FD10899	74.750 	 0.743 	 262.941
FD10899	74.875 	 0.751 	 263.644
FD10899	75.000 	 0.759 	 264.342
FD10899	75.125 	 0.768 	 265.075
FD10899	75.250 	 0.778 	 265.850
FD10899	75.375 	 0.789 	 266.589
FD10899	75.500 	 0.800 	 267.297
FD10899	75.625 	 0.812 	 268.020
FD10899	75.750 	 0.824 	 268.739
FD10899	75.875 	 0.838 	 269.437
FD10899	76.000 	 0.852 	 270.135
FD10899	76.125 	 0.867 	 270.854
FD10899	76.250 	 0.881 	 271.569
FD10899	76.375 	 0.896 	 272.277
FD10899	76.500 	 0.912 	 272.969
FD10899	76.625 	 0.928 	 273.724
FD10899	76.750 	 0.945 	 274.494
FD10899	76.875 	 0.963 	 275.174
FD10899	77.000 	 0.980 	 275.834
FD10899	77.125 	 0.999 	 276.503
FD10899	77.250 	 1.018 	 277.108
FD10899	77.375 	 1.038 	 277.655
FD10899	77.500 	 1.059 	 278.270
FD10899	77.625 	 1.079 	 279.030
FD10899	77.750 	 1.101 	 279.767
FD10899	77.875 	 1.123 	 280.365
FD10899	78.000 	 1.145 	 280.987
FD10899	78.125 	 1.168 	 281.549
FD10899	78.250 	 1.192 	 282.060
FD10899	78.375 	 1.217 	 282.684
FD10899	78.500 	 1.241 	 283.354
FD10899	78.625 	 1.266 	 283.810
FD10899	78.750 	 1.291 	 284.167
FD10899	78.875 	 1.316 	 284.694
FD10899	79.000 	 1.342 	 285.166
FD10899	79.125 	 1.367 	 285.540
FD10899	79.250 	 1.393 	 285.881
FD10899	79.375 	 1.418 	 286.092
FD10899	79.500 	 1.443 	 286.246
FD10899	79.625 	 1.467 	 286.422
FD10899	79.750 	 1.493 	 286.620
FD10899	79.875 	 1.518 	 286.869
FD10899	80.000 	 1.543 	 287.155
FD10899	80.125 	 1.567 	 287.512
FD10899	80.250 	 1.593 	 287.875
FD10899	80.375 	 1.619 	 288.164
FD10899	80.500 	 1.645 	 288.449
FD10899	80.625 	 1.671 	 288.674
FD10899	80.750 	 1.699 	 288.877
FD10899	80.875 	 1.725 	 288.984
FD10899	81.000 	 1.753 	 289.078
FD10899	81.125 	 1.781 	 289.250
FD10899	81.250 	 1.809 	 289.399
FD10899	81.375 	 1.838 	 289.581
FD10899	81.500 	 1.867 	 289.778
FD10899	81.625 	 1.896 	 289.954
FD10899	81.750 	 1.925 	 290.091
FD10899	81.875 	 1.955 	 290.232
FD10899	82.000 	 1.983 	 290.385
FD10899	82.125 	 2.011 	 290.567
FD10899	82.250 	 2.038 	 290.737
FD10899	82.375 	 2.065 	 290.816
FD10899	82.500 	 2.091 	 290.948
FD10899	82.625 	 2.117 	 291.143
FD10899	82.750 	 2.142 	 291.237
FD10899	82.875 	 2.166 	 291.349
FD10899	83.000 	 2.190 	 291.591
FD10899	83.125 	 2.214 	 291.832
FD10899	83.250 	 2.240 	 292.030
FD10899	83.375 	 2.267 	 292.189
FD10899	83.500 	 2.294 	 292.294
FD10899	83.625 	 2.322 	 292.346
FD10899	83.750 	 2.351 	 292.434
FD10899	83.875 	 2.381 	 292.561
FD10899	84.000 	 2.413 	 292.665
FD10899	84.125 	 2.446 	 292.819
FD10899	84.250 	 2.480 	 293.021
FD10899	84.375 	 2.515 	 293.214
FD10899	84.500 	 2.553 	 293.335
FD10899	84.625 	 2.590 	 293.415
FD10899	84.750 	 2.628 	 293.547
FD10899	84.875 	 2.666 	 293.689
FD10899	85.000 	 2.706 	 293.755
FD10899	85.125 	 2.744 	 293.840
FD10899	85.250 	 2.780 	 294.021
FD10899	85.375 	 2.815 	 294.189
FD10899	85.500 	 2.848 	 294.250
FD10899	85.625 	 2.882 	 294.321
FD10899	85.750 	 2.913 	 294.436
FD10899	85.875 	 2.945 	 294.525
FD10899	86.000 	 2.977 	 294.612
FD10899	86.125 	 3.009 	 294.642
FD10899	86.250 	 3.040 	 294.779
FD10899	86.375 	 3.072 	 294.953
FD10899	86.500 	 3.104 	 294.969
FD10899	86.625 	 3.137 	 294.928
FD10899	86.750 	 3.171 	 294.851
FD10899	86.875 	 3.205 	 294.816
FD10899	87.000 	 3.239 	 294.827
FD10899	87.125 	 3.275 	 294.961
FD10899	87.250 	 3.311 	 295.076
FD10899	87.375 	 3.350 	 295.065
FD10899	87.500 	 3.390 	 295.208
FD10899	87.625 	 3.433 	 295.466
FD10899	87.750 	 3.477 	 295.598
FD10899	87.875 	 3.521 	 295.683
FD10899	88.000 	 3.565 	 295.765
FD10899	88.125 	 3.609 	 295.886
FD10899	88.250 	 3.653 	 296.167
FD10899	88.375 	 3.697 	 296.501
FD10899	88.500 	 3.741 	 296.705
FD10899	88.625 	 3.785 	 296.810
FD10899	88.750 	 3.829 	 296.859
FD10899	88.875 	 3.875 	 296.966
FD10899	89.000 	 3.920 	 297.196
FD10899	89.125 	 3.968 	 297.339
FD10899	89.250 	 4.016 	 297.477
FD10899	89.375 	 4.064 	 297.645
FD10899	89.500 	 4.111 	 297.798
FD10899	89.625 	 4.158 	 297.930
FD10899	89.750 	 4.206 	 298.013
FD10899	89.875 	 4.254 	 298.128
FD10899	90.000 	 4.302 	 298.254
FD10899	90.125 	 4.352 	 298.342
FD10899	90.250 	 4.400 	 298.457
FD10899	90.375 	 4.450 	 298.556
FD10899	90.500 	 4.498 	 298.628
FD10899	90.625 	 4.546 	 298.762
FD10899	90.750 	 4.593 	 298.966
FD10899	90.875 	 4.641 	 299.152
FD10899	91.000 	 4.687 	 299.235
FD10899	91.125 	 4.734 	 299.257
FD10899	91.250 	 4.780 	 299.339
FD10899	91.375 	 4.826 	 299.405
FD10899	91.500 	 4.871 	 299.482
FD10899	91.625 	 4.915 	 299.600
FD10899	91.750 	 4.958 	 299.671
FD10899	91.875 	 5.001 	 299.756
FD10899	92.000 	 5.043 	 299.839
FD10899	92.125 	 5.085 	 299.847
FD10899	92.250 	 5.128 	 299.885
FD10899	92.375 	 5.170 	 299.993
FD10899	92.500 	 5.212 	 300.136
FD10899	92.625 	 5.256 	 300.287
FD10899	92.750 	 5.298 	 300.352
FD10899	92.875 	 5.340 	 300.347
FD10899	93.000 	 5.382 	 300.407
FD10899	93.125 	 5.422 	 300.462
FD10899	93.250 	 5.461 	 300.490
FD10899	93.375 	 5.499 	 300.512
FD10899	93.500 	 5.537 	 300.485
FD10899	93.625 	 5.576 	 300.509
FD10899	93.750 	 5.614 	 300.608
FD10899	93.875 	 5.652 	 300.710
FD10899	94.000 	 5.690 	 300.781
FD10899	94.125 	 5.728 	 300.844
FD10899	94.250 	 5.766 	 300.850
FD10899	94.375 	 5.804 	 300.839
FD10899	94.500 	 5.841 	 300.883
FD10899	94.625 	 5.880 	 300.896
FD10899	94.750 	 5.919 	 300.836
FD10899	94.875 	 5.958 	 300.792
FD10899	95.000 	 5.999 	 300.770
FD10899	95.125 	 6.040 	 300.735
FD10899	95.250 	 6.083 	 300.696
FD10899	95.375 	 6.126 	 300.685
FD10899	95.500 	 6.170 	 300.669
FD10899	95.625 	 6.214 	 300.652
FD10899	95.750 	 6.258 	 300.652
FD10899	95.875 	 6.301 	 300.619
FD10899	96.000 	 6.344 	 300.630
FD10899	96.125 	 6.386 	 300.647
FD10899	96.250 	 6.427 	 300.608
FD10899	96.375 	 6.467 	 300.599
FD10899	96.500 	 6.506 	 300.632
FD10899	96.625 	 6.543 	 300.680
FD10899	96.750 	 6.580 	 300.663
FD10899	96.875 	 6.615 	 300.600
FD10899	97.000 	 6.649 	 300.517
FD10899	97.125 	 6.681 	 300.415
FD10899	97.250 	 6.713 	 300.383
FD10899	97.375 	 6.744 	 300.408
FD10899	97.500 	 6.776 	 300.424
FD10899	97.625 	 6.807 	 300.394
FD10899	97.750 	 6.839 	 300.294
FD10899	97.875 	 6.871 	 300.193
FD10899	98.000 	 6.904 	 300.138
FD10899	98.125 	 6.936 	 300.122
FD10899	98.250 	 6.969 	 300.100
FD10899	98.375 	 7.002 	 300.106
FD10899	98.500 	 7.036 	 300.094
FD10899	98.625 	 7.070 	 300.042
FD10899	98.750 	 7.104 	 299.987
FD10899	98.875 	 7.139 	 299.907
FD10899	99.000 	 7.175 	 299.853
FD10899	99.125 	 7.211 	 299.863
FD10899	99.250 	 7.249 	 299.907
FD10899	99.375 	 7.285 	 299.935
FD10899	99.500 	 7.321 	 299.919
FD10899	99.625 	 7.357 	 299.883
FD10899	99.750 	 7.393 	 299.855
FD10899	99.875 	 7.429 	 299.836
FD10899	100.000 	 7.465 	 299.853
FD10899	100.125 	 7.499 	 299.847
FD10899	100.250 	 7.533 	 299.847
FD10899	100.375 	 7.567 	 299.781
FD10899	100.500 	 7.601 	 299.655
FD10899	100.625 	 7.635 	 299.619
FD10899	100.750 	 7.669 	 299.619
FD10899	100.875 	 7.700 	 299.578
FD10899	101.000 	 7.732 	 299.512
FD10899	101.125 	 7.761 	 299.520
FD10899	101.250 	 7.790 	 299.531
FD10899	101.375 	 7.815 	 299.474
FD10899	101.500 	 7.840 	 299.413
FD10899	101.625 	 7.865 	 299.405
FD10899	101.750 	 7.887 	 299.454
FD10899	101.875 	 7.908 	 299.471
FD10899	102.000 	 7.929 	 299.443
FD10899	102.125 	 7.951 	 299.372
FD10899	102.250 	 7.973 	 299.311
FD10899	102.375 	 7.995 	 299.287
FD10899	102.500 	 8.017 	 299.265
FD10899	102.625 	 8.038 	 299.287
FD10899	102.750 	 8.060 	 299.276
FD10899	102.875 	 8.081 	 299.300
FD10899	103.000 	 8.103 	 299.355
FD10899	103.125 	 8.127 	 299.360
FD10899	103.250 	 8.150 	 299.366
FD10899	103.375 	 8.175 	 299.364
FD10899	103.500 	 8.200 	 299.385
FD10899	103.625 	 8.227 	 299.380
FD10899	103.750 	 8.256 	 299.265
FD10899	103.875 	 8.285 	 299.076
FD10899	104.000 	 8.315 	 298.905
FD10899	104.125 	 8.345 	 298.795
FD10899	104.250 	 8.373 	 298.746
FD10899	104.375 	 8.402 	 298.713
FD10899	104.500 	 8.429 	 298.663
FD10899	104.625 	 8.457 	 298.600
FD10899	104.750 	 8.484 	 298.535
FD10899	104.875 	 8.512 	 298.468
FD10899	105.000 	 8.540 	 298.430
FD10899	105.125 	 8.570 	 298.455
FD10899	105.250 	 8.599 	 298.449
FD10899	105.375 	 8.630 	 298.287
FD10899	105.500 	 8.662 	 298.106
FD10899	105.625 	 8.693 	 298.035
FD10899	105.750 	 8.726 	 297.979
FD10899	105.875 	 8.759 	 297.969
FD10899	106.000 	 8.793 	 297.908
FD10899	106.125 	 8.828 	 297.820
FD10899	106.250 	 8.864 	 297.814
FD10899	106.375 	 8.899 	 297.809
FD10899	106.500 	 8.936 	 297.771
FD10899	106.625 	 8.970 	 297.682
FD10899	106.750 	 9.005 	 297.518
FD10899	106.875 	 9.039 	 297.403
FD10899	107.000 	 9.072 	 297.347
FD10899	107.125 	 9.105 	 297.293
FD10899	107.250 	 9.136 	 297.266
FD10899	107.375 	 9.166 	 297.271
FD10899	107.500 	 9.196 	 297.299
FD10899	107.625 	 9.227 	 297.296
FD10899	107.750 	 9.258 	 297.240
FD10899	107.875 	 9.287 	 297.144
FD10899	108.000 	 9.316 	 297.090
FD10899	108.125 	 9.344 	 297.045
FD10899	108.250 	 9.370 	 297.002
FD10899	108.375 	 9.396 	 296.960
FD10899	108.500 	 9.422 	 296.867
FD10899	108.625 	 9.447 	 296.911
FD10899	108.750 	 9.473 	 297.032
FD10899	108.875 	 9.499 	 297.064
FD10899	109.000 	 9.524 	 297.131
FD10899	109.125 	 9.548 	 297.183
FD10899	109.250 	 9.573 	 297.200
FD10899	109.375 	 9.597 	 297.301
FD10899	109.500 	 9.619 	 297.400
FD10899	109.625 	 9.639 	 297.485
FD10899	109.750 	 9.657 	 297.524
FD10899	109.875 	 9.673 	 297.463
FD10899	110.000 	 9.689 	 297.397
FD10899	110.125 	 9.702 	 297.304
FD10899	110.250 	 9.716 	 297.244
FD10899	110.375 	 9.728 	 297.246
FD10899	110.500 	 9.739 	 297.230
FD10899	110.625 	 9.750 	 297.205
FD10899	110.750 	 9.760 	 297.255
FD10899	110.875 	 9.769 	 297.389
FD10899	111.000 	 9.776 	 297.428
FD10899	111.125 	 9.784 	 297.380
FD10899	111.250 	 9.790 	 297.402
FD10899	111.375 	 9.794 	 297.425
FD10899	111.500 	 9.800 	 297.469
FD10899	111.625 	 9.802 	 297.504
FD10899	111.750 	 9.806 	 297.505
FD10899	111.875 	 9.808 	 297.488
FD10899	112.000 	 9.809 	 297.493
FD10899	112.125 	 9.810 	 297.537
FD10899	112.250 	 9.811 	 297.582
FD10899	112.375 	 9.811 	 297.592
FD10899	112.500 	 9.811 	 297.582
FD10899	112.625 	 9.809 	 297.554
FD10899	112.750 	 9.808 	 297.450
FD10899	112.875 	 9.808 	 297.312
FD10899	113.000 	 9.806 	 297.191
FD10899	113.125 	 9.806 	 297.185
FD10899	113.250 	 9.807 	 297.301
FD10899	113.375 	 9.808 	 297.408
FD10899	113.500 	 9.811 	 297.469
FD10899	113.625 	 9.816 	 297.501
FD10899	113.750 	 9.821 	 297.513
FD10899	113.875 	 9.829 	 297.515
FD10899	114.000 	 9.837 	 297.526
FD10899	114.125 	 9.847 	 297.524
FD10899	114.250 	 9.858 	 297.496
FD10899	114.375 	 9.869 	 297.480
FD10899	114.500 	 9.882 	 297.501
FD10899	114.625 	 9.896 	 297.521
FD10899	114.750 	 9.911 	 297.521
FD10899	114.875 	 9.926 	 297.474
FD10899	115.000 	 9.944 	 297.391
FD10899	115.125 	 9.961 	 297.351
FD10899	115.250 	 9.979 	 297.389
FD10899	115.375 	 9.995 	 297.474
FD10899	115.500 	 10.013 	 297.512
FD10899	115.625 	 10.029 	 297.535
FD10899	115.750 	 10.047 	 297.578
FD10899	115.875 	 10.063 	 297.626
FD10899	116.000 	 10.080 	 297.691
FD10899	116.125 	 10.098 	 297.738
FD10899	116.250 	 10.115 	 297.782
FD10899	116.375 	 10.132 	 297.866
FD10899	116.500 	 10.150 	 297.944
FD10899	116.625 	 10.169 	 297.982
FD10899	116.750 	 10.187 	 297.965
FD10899	116.875 	 10.206 	 297.971
FD10899	117.000 	 10.226 	 298.026
FD10899	117.125 	 10.246 	 298.111
FD10899	117.250 	 10.266 	 298.144
FD10899	117.375 	 10.285 	 298.183
FD10899	117.500 	 10.305 	 298.304
FD10899	117.625 	 10.323 	 298.435
FD10899	117.750 	 10.340 	 298.529
FD10899	117.875 	 10.356 	 298.556
FD10899	118.000 	 10.371 	 298.578
FD10899	118.125 	 10.384 	 298.564
FD10899	118.250 	 10.395 	 298.580
FD10899	118.375 	 10.405 	 298.589
FD10899	118.500 	 10.413 	 298.457
FD10899	118.625 	 10.420 	 298.356
FD10899	118.750 	 10.426 	 298.367
FD10899	118.875 	 10.431 	 298.392
FD10899	119.000 	 10.434 	 298.391
FD10899	119.125 	 10.435 	 298.373
FD10899	119.250 	 10.437 	 298.334
FD10899	119.375 	 10.437 	 298.273
FD10899	119.500 	 10.438 	 298.202
FD10899	119.625 	 10.439 	 298.139
FD10899	119.750 	 10.439 	 298.117
FD10899	119.875 	 10.440 	 298.199
FD10899	120.000 	 10.439 	 298.242
FD10899	120.125 	 10.439 	 298.213
FD10899	120.250 	 10.441 	 298.218
FD10899	120.375 	 10.443 	 298.246
FD10899	120.500 	 10.447 	 298.302
FD10899	120.625 	 10.451 	 298.328
FD10899	120.750 	 10.456 	 298.290
FD10899	120.875 	 10.462 	 298.199
FD10899	121.000 	 10.471 	 298.117
FD10899	121.125 	 10.477 	 298.103
FD10899	121.250 	 10.487 	 298.125
FD10899	121.375 	 10.495 	 298.202
FD10899	121.500 	 10.505 	 298.284
FD10899	121.625 	 10.513 	 298.290
FD10899	121.750 	 10.524 	 298.279
FD10899	121.875 	 10.534 	 298.274
FD10899	122.000 	 10.544 	 298.279
FD10899	122.125 	 10.555 	 298.254
FD10899	122.250 	 10.565 	 298.226
FD10899	122.375 	 10.575 	 298.268
FD10899	122.500 	 10.585 	 298.333
FD10899	122.625 	 10.595 	 298.353
FD10899	122.750 	 10.604 	 298.353
FD10899	122.875 	 10.612 	 298.301
FD10899	123.000 	 10.619 	 298.240
FD10899	123.125 	 10.626 	 298.246
FD10899	123.250 	 10.632 	 298.252
FD10899	123.375 	 10.639 	 298.252
FD10899	123.500 	 10.646 	 298.251
FD10899	123.625 	 10.652 	 298.219
FD10899	123.750 	 10.661 	 298.175
FD10899	123.875 	 10.667 	 298.187
FD10899	124.000 	 10.676 	 298.205
FD10899	124.125 	 10.685 	 298.128
FD10899	124.250 	 10.693 	 298.024
FD10899	124.375 	 10.703 	 297.938
FD10899	124.500 	 10.711 	 297.878
FD10899	124.625 	 10.721 	 297.886
FD10899	124.750 	 10.730 	 297.930
FD10899	124.875 	 10.736 	 297.998
FD10899	125.000 	 10.744 	 298.021
FD10899	125.125 	 10.750 	 297.985
FD10899	125.250 	 10.756 	 297.980
FD10899	125.375 	 10.761 	 297.993
FD10899	125.500 	 10.767 	 297.976
FD10899	125.625 	 10.771 	 297.930
FD10899	125.750 	 10.776 	 297.902
FD10899	125.875 	 10.780 	 297.899
FD10899	126.000 	 10.785 	 297.911
FD10899	126.125 	 10.789 	 297.864
FD10899	126.250 	 10.793 	 297.793
FD10899	126.375 	 10.796 	 297.759
FD10899	126.500 	 10.798 	 297.781
FD10899	126.625 	 10.800 	 297.721
FD10899	126.750 	 10.802 	 297.584
FD10899	126.875 	 10.804 	 297.554
FD10899	127.000 	 10.807 	 297.593
FD10899	127.125 	 10.812 	 297.653
FD10899	127.250 	 10.814 	 297.757
FD10899	127.375 	 10.819 	 297.833
FD10899	127.500 	 10.821 	 297.828
FD10899	127.625 	 10.823 	 297.856
FD10899	127.750 	 10.824 	 297.905
FD10899	127.875 	 10.824 	 297.891
FD10899	128.000 	 10.824 	 297.837
FD10899	128.125 	 10.823 	 297.809
FD10899	128.250 	 10.824 	 297.825
FD10899	128.375 	 10.824 	 297.809
FD10899	128.500 	 10.827 	 297.727
FD10899	128.625 	 10.828 	 297.620
FD10899	128.750 	 10.829 	 297.680
FD10899	128.875 	 10.832 	 297.738
FD10899	129.000 	 10.833 	 297.721
FD10899	129.125 	 10.835 	 297.792
FD10899	129.250 	 10.836 	 297.886
FD10899	129.375 	 10.838 	 297.977
FD10899	129.500 	 10.837 	 298.015
FD10899	129.625 	 10.837 	 298.037
FD10899	129.750 	 10.837 	 298.047
FD10899	129.875 	 10.837 	 298.059
FD10899	130.000 	 10.837 	 298.092
FD10899	130.125 	 10.837 	 298.120
FD10899	130.250 	 10.836 	 298.108
FD10899	130.375 	 10.835 	 298.095
FD10899	130.500 	 10.832 	 298.101
FD10899	130.625 	 10.830 	 298.117
FD10899	130.750 	 10.828 	 298.105
FD10899	130.875 	 10.826 	 298.034
FD10899	131.000 	 10.823 	 298.040
FD10899	131.125 	 10.819 	 298.125
FD10899	131.250 	 10.816 	 298.119
FD10899	131.375 	 10.816 	 298.062
FD10899	131.500 	 10.814 	 298.018
FD10899	131.625 	 10.812 	 297.963
FD10899	131.750 	 10.813 	 297.990
FD10899	131.875 	 10.817 	 298.024
FD10899	132.000 	 10.820 	 298.057
FD10899	132.125 	 10.824 	 298.133
FD10899	132.250 	 10.828 	 298.171
FD10899	132.375 	 10.835 	 298.188
FD10899	132.500 	 10.842 	 298.199
FD10899	132.625 	 10.847 	 298.133
FD10899	132.750 	 10.854 	 298.057
FD10899	132.875 	 10.864 	 298.062
FD10899	133.000 	 10.872 	 298.024
FD10899	133.125 	 10.883 	 297.965
FD10899	133.250 	 10.892 	 297.960
FD10899	133.375 	 10.906 	 297.982
FD10899	133.500 	 10.920 	 298.037
FD10899	133.625 	 10.933 	 298.095
FD10899	133.750 	 10.948 	 298.029
FD10899	133.875 	 10.962 	 297.924
FD10899	134.000 	 10.977 	 297.914
FD10899	134.125 	 10.991 	 297.914
FD10899	134.250 	 11.004 	 297.902
FD10899	134.375 	 11.013 	 297.971
FD10899	134.500 	 11.027 	 298.053
FD10899	134.625 	 11.037 	 298.068
FD10899	134.750 	 11.049 	 298.040
FD10899	134.875 	 11.058 	 297.963
FD10899	135.000 	 11.068 	 297.914
FD10899	135.125 	 11.075 	 297.889
FD10899	135.250 	 11.083 	 297.877
FD10899	135.375 	 11.089 	 297.905
FD10899	135.500 	 11.095 	 297.910
FD10899	135.625 	 11.101 	 297.971
FD10899	135.750 	 11.107 	 298.086
FD10899	135.875 	 11.111 	 298.059
FD10899	136.000 	 11.116 	 298.059
FD10899	136.125 	 11.120 	 298.185
FD10899	136.250 	 11.126 	 298.240
FD10899	136.375 	 11.131 	 298.180
FD10899	136.500 	 11.138 	 298.186
FD10899	136.625 	 11.146 	 298.241
FD10899	136.750 	 11.153 	 298.152
FD10899	136.875 	 11.164 	 298.155
FD10899	137.000 	 11.176 	 298.161
FD10899	137.125 	 11.189 	 298.160
FD10899	137.250 	 11.202 	 298.270
FD10899	137.375 	 11.216 	 298.304
FD10899	137.500 	 11.229 	 298.342
FD10899	137.625 	 11.241 	 298.460
FD10899	137.750 	 11.253 	 298.547
FD10899	137.875 	 11.265 	 298.539
FD10899	138.000 	 11.275 	 298.540
FD10899	138.125 	 11.286 	 298.578
FD10899	138.250 	 11.300 	 298.513
FD10899	138.375 	 11.309 	 298.515
FD10899	138.500 	 11.323 	 298.608
FD10899	138.625 	 11.334 	 298.639
FD10899	138.750 	 11.344 	 298.595
FD10899	138.875 	 11.354 	 298.534
FD10899	139.000 	 11.364 	 298.529
FD10899	139.125 	 11.375 	 298.521
FD10899	139.250 	 11.381 	 298.542
FD10899	139.375 	 11.391 	 298.570
FD10899	139.500 	 11.398 	 298.597
FD10899	139.625 	 11.405 	 298.647
FD10899	139.750 	 11.410 	 298.675
FD10899	139.875 	 11.420 	 298.707
FD10899	140.000 	 11.426 	 298.778
FD10899	140.125 	 11.434 	 298.853
FD10899	140.250 	 11.443 	 298.914
FD10899	140.375 	 11.450 	 298.930
FD10899	140.500 	 11.459 	 298.907
FD10899	140.625 	 11.465 	 298.916
FD10899	140.750 	 11.473 	 298.954
FD10899	140.875 	 11.482 	 298.931
FD10899	141.000 	 11.490 	 298.891
FD10899	141.125 	 11.495 	 298.926
FD10899	141.250 	 11.502 	 298.943
FD10899	141.375 	 11.507 	 298.875
FD10899	141.500 	 11.516 	 298.777
FD10899	141.625 	 11.522 	 298.701
FD10899	141.750 	 11.532 	 298.674
FD10899	141.875 	 11.539 	 298.705
FD10899	142.000 	 11.549 	 298.765
FD10899	142.125 	 11.558 	 298.798
FD10899	142.250 	 11.568 	 298.821
FD10899	142.375 	 11.576 	 298.827
FD10899	142.500 	 11.585 	 298.846
FD10899	142.625 	 11.592 	 298.826
FD10899	142.750 	 11.599 	 298.776
FD10899	142.875 	 11.605 	 298.754
FD10899	143.000 	 11.610 	 298.732
FD10899	143.125 	 11.618 	 298.696
FD10899	143.250 	 11.627 	 298.712
FD10899	143.375 	 11.636 	 298.784
FD10899	143.500 	 11.646 	 298.872
FD10899	143.625 	 11.655 	 298.855
FD10899	143.750 	 11.668 	 298.769
FD10899	143.875 	 11.678 	 298.699
FD10899	144.000 	 11.690 	 298.556
FD10899	144.125 	 11.703 	 298.413
FD10899	144.250 	 11.714 	 298.469
FD10899	144.375 	 11.729 	 298.575
FD10899	144.500 	 11.744 	 298.558
FD10899	144.625 	 11.762 	 298.617
FD10899	144.750 	 11.781 	 298.660
FD10899	144.875 	 11.799 	 298.622
FD10899	145.000 	 11.819 	 298.584
FD10899	145.125 	 11.838 	 298.485
FD10899	145.250 	 11.857 	 298.359
FD10899	145.375 	 11.873 	 298.367
FD10899	145.500 	 11.890 	 298.515
FD10899	145.625 	 11.904 	 298.582
FD10899	145.750 	 11.917 	 298.540
FD10899	145.875 	 11.933 	 298.524
FD10899	146.000 	 11.943 	 298.528
FD10899	146.125 	 11.956 	 298.499
FD10899	146.250 	 11.966 	 298.482
FD10899	146.375 	 11.975 	 298.546
FD10899	146.500 	 11.984 	 298.561
FD10899	146.625 	 11.989 	 298.529
FD10899	146.750 	 11.995 	 298.451
FD10899	146.875 	 12.001 	 298.356
FD10899	147.000 	 12.008 	 298.351
FD10899	147.125 	 12.013 	 298.380
FD10899	147.250 	 12.022 	 298.457
FD10899	147.375 	 12.032 	 298.450
FD10899	147.500 	 12.044 	 298.339
FD10899	147.625 	 12.056 	 298.254
FD10899	147.750 	 12.067 	 298.188
FD10899	147.875 	 12.085 	 298.169
FD10899	148.000 	 12.100 	 298.169
FD10899	148.125 	 12.116 	 298.125
FD10899	148.250 	 12.135 	 298.152
FD10899	148.375 	 12.150 	 298.189
FD10899	148.500 	 12.169 	 298.144
FD10899	148.625 	 12.187 	 298.191
FD10899	148.750 	 12.205 	 298.312
FD10899	148.875 	 12.222 	 298.418
FD10899	149.000 	 12.242 	 298.492
FD10899	149.125 	 12.259 	 298.528
FD10899	149.250 	 12.275 	 298.562
FD10899	149.375 	 12.292 	 298.573
FD10899	149.500 	 12.308 	 298.529
FD10899	149.625 	 12.325 	 298.469
FD10899	149.750 	 12.341 	 298.440
FD10899	149.875 	 12.357 	 298.440
FD10899	150.000 	 12.372 	 298.444
FD10899	150.125 	 12.388 	 298.460
FD10899	150.250 	 12.401 	 298.432
FD10899	150.375 	 12.414 	 298.413
FD10899	150.500 	 12.429 	 298.419
FD10899	150.625 	 12.444 	 298.364
FD10899	150.750 	 12.458 	 298.309
FD10899	150.875 	 12.471 	 298.309
FD10899	151.000 	 12.484 	 298.342
FD10899	151.125 	 12.496 	 298.373
FD10899	151.250 	 12.509 	 298.366
FD10899	151.375 	 12.517 	 298.342
FD10899	151.500 	 12.527 	 298.326
FD10899	151.625 	 12.536 	 298.323
FD10899	151.750 	 12.546 	 298.328
FD10899	151.875 	 12.555 	 298.331
FD10899	152.000 	 12.564 	 298.331
FD10899	152.125 	 12.573 	 298.351
FD10899	152.250 	 12.587 	 298.372
FD10899	152.375 	 12.594 	 298.356
FD10899	152.500 	 12.609 	 298.329
FD10899	152.625 	 12.619 	 298.325
FD10899	152.750 	 12.630 	 298.326
FD10899	152.875 	 12.642 	 298.334
FD10899	153.000 	 12.655 	 298.406
FD10899	153.125 	 12.669 	 298.497
FD10899	153.250 	 12.681 	 298.565
FD10899	153.375 	 12.698 	 298.602
FD10899	153.500 	 12.711 	 298.576
FD10899	153.625 	 12.728 	 298.539
FD10899	153.750 	 12.740 	 298.589
FD10899	153.875 	 12.756 	 298.682
FD10899	154.000 	 12.766 	 298.782
FD10899	154.125 	 12.781 	 298.841
FD10899	154.250 	 12.794 	 298.858
FD10899	154.375 	 12.809 	 298.829
FD10899	154.500 	 12.823 	 298.800
FD10899	154.625 	 12.838 	 298.844
FD10899	154.750 	 12.852 	 298.844
FD10899	154.875 	 12.868 	 298.828
FD10899	155.000 	 12.882 	 298.850
FD10899	155.125 	 12.896 	 298.888
FD10899	155.250 	 12.908 	 298.944
FD10899	155.375 	 12.923 	 298.987
FD10899	155.500 	 12.936 	 299.014
FD10899	155.625 	 12.950 	 299.010
FD10899	155.750 	 12.966 	 298.971
FD10899	155.875 	 12.984 	 298.957
FD10899	156.000 	 13.000 	 298.963
FD10899	156.125 	 13.016 	 298.946
FD10899	156.250 	 13.034 	 298.962
FD10899	156.375 	 13.045 	 298.958
FD10899	156.500 	 13.060 	 298.897
FD10899	156.625 	 13.072 	 298.842
FD10899	156.750 	 13.087 	 298.815
FD10899	156.875 	 13.101 	 298.822
FD10899	157.000 	 13.116 	 298.833
FD10899	157.125 	 13.130 	 298.826
FD10899	157.250 	 13.147 	 298.819
FD10899	157.375 	 13.161 	 298.870
FD10899	157.500 	 13.177 	 298.901
FD10899	157.625 	 13.197 	 298.869
FD10899	157.750 	 13.214 	 298.848
FD10899	157.875 	 13.232 	 298.844
FD10899	158.000 	 13.247 	 298.850
FD10899	158.125 	 13.264 	 298.892
FD10899	158.250 	 13.281 	 298.924
FD10899	158.375 	 13.299 	 298.930
FD10899	158.500 	 13.321 	 298.940
FD10899	158.625 	 13.340 	 298.963
FD10899	158.750 	 13.362 	 298.984
FD10899	158.875 	 13.381 	 298.977
FD10899	159.000 	 13.404 	 298.954
FD10899	159.125 	 13.421 	 298.935
FD10899	159.250 	 13.443 	 298.903
FD10899	159.375 	 13.460 	 298.883
FD10899	159.500 	 13.482 	 298.905
FD10899	159.625 	 13.499 	 298.949
FD10899	159.750 	 13.519 	 298.988
FD10899	159.875 	 13.533 	 299.037
FD10899	160.000 	 13.550 	 299.065
FD10899	160.125 	 13.567 	 299.083
FD10899	160.250 	 13.579 	 299.089
FD10899	160.375 	 13.595 	 299.123
FD10899	160.500 	 13.607 	 299.193
FD10899	160.625 	 13.616 	 299.244
FD10899	160.750 	 13.628 	 299.286
FD10899	160.875 	 13.637 	 299.287
FD10899	161.000 	 13.647 	 299.249
FD10899	161.125 	 13.659 	 299.209
FD10899	161.250 	 13.669 	 299.183
FD10899	161.375 	 13.680 	 299.182
FD10899	161.500 	 13.687 	 299.232
FD10899	161.625 	 13.696 	 299.320
FD10899	161.750 	 13.703 	 299.364
FD10899	161.875 	 13.712 	 299.358
FD10899	162.000 	 13.716 	 299.391
FD10899	162.125 	 13.725 	 299.416
FD10899	162.250 	 13.733 	 299.393
FD10899	162.375 	 13.742 	 299.339
FD10899	162.500 	 13.750 	 299.234
FD10899	162.625 	 13.762 	 299.137
FD10899	162.750 	 13.771 	 299.091
FD10899	162.875 	 13.782 	 299.090
FD10899	163.000 	 13.791 	 299.105
FD10899	163.125 	 13.801 	 299.116
FD10899	163.250 	 13.807 	 299.089
FD10899	163.375 	 13.819 	 299.064
FD10899	163.500 	 13.827 	 299.048
FD10899	163.625 	 13.837 	 299.026
FD10899	163.750 	 13.851 	 299.026
FD10899	163.875 	 13.863 	 299.106
FD10899	164.000 	 13.874 	 299.204
FD10899	164.125 	 13.890 	 299.219
FD10899	164.250 	 13.902 	 299.257
FD10899	164.375 	 13.915 	 299.312
FD10899	164.500 	 13.932 	 299.295
FD10899	164.625 	 13.940 	 299.274
FD10899	164.750 	 13.956 	 299.284
FD10899	164.875 	 13.969 	 299.287
FD10899	165.000 	 13.986 	 299.276
FD10899	165.125 	 13.999 	 299.249
FD10899	165.250 	 14.015 	 299.232
FD10899	165.375 	 14.035 	 299.251
FD10899	165.500 	 14.050 	 299.257
FD10899	165.625 	 14.069 	 299.271
FD10899	165.750 	 14.087 	 299.298
FD10899	165.875 	 14.107 	 299.322
FD10899	166.000 	 14.125 	 299.318
FD10899	166.125 	 14.147 	 299.273
FD10899	166.250 	 14.165 	 299.240
FD10899	166.375 	 14.188 	 299.221
FD10899	166.500 	 14.210 	 299.205
FD10899	166.625 	 14.230 	 299.232
FD10899	166.750 	 14.254 	 299.293
FD10899	166.875 	 14.279 	 299.337
FD10899	167.000 	 14.303 	 299.374
FD10899	167.125 	 14.326 	 299.358
FD10899	167.250 	 14.353 	 299.341
FD10899	167.375 	 14.375 	 299.375
FD10899	167.500 	 14.400 	 299.375
FD10899	167.625 	 14.422 	 299.331
FD10899	167.750 	 14.444 	 299.335
FD10899	167.875 	 14.464 	 299.359
FD10899	168.000 	 14.486 	 299.374
FD10899	168.125 	 14.504 	 299.416
FD10899	168.250 	 14.522 	 299.449
FD10899	168.375 	 14.539 	 299.470
FD10899	168.500 	 14.560 	 299.471
FD10899	168.625 	 14.574 	 299.492
FD10899	168.750 	 14.590 	 299.504
FD10899	168.875 	 14.605 	 299.504
FD10899	169.000 	 14.618 	 299.520
FD10899	169.125 	 14.630 	 299.512
FD10899	169.250 	 14.647 	 299.501
FD10899	169.375 	 14.659 	 299.479
FD10899	169.500 	 14.671 	 299.435
FD10899	169.625 	 14.688 	 299.404
FD10899	169.750 	 14.702 	 299.372
FD10899	169.875 	 14.720 	 299.347
FD10899	170.000 	 14.732 	 299.352
FD10899	170.125 	 14.754 	 299.355
FD10899	170.250 	 14.772 	 299.360
FD10899	170.375 	 14.791 	 299.372
FD10899	170.500 	 14.814 	 299.371
FD10899	170.625 	 14.831 	 299.377
FD10899	170.750 	 14.854 	 299.383
FD10899	170.875 	 14.872 	 299.375
FD10899	171.000 	 14.896 	 299.363
FD10899	171.125 	 14.913 	 299.355
FD10899	171.250 	 14.931 	 299.376
FD10899	171.375 	 14.952 	 299.413
FD10899	171.500 	 14.969 	 299.414
FD10899	171.625 	 14.985 	 299.407
FD10899	171.750 	 15.005 	 299.369
FD10899	171.875 	 15.019 	 299.292
FD10899	172.000 	 15.033 	 299.254
FD10899	172.125 	 15.046 	 299.226
FD10899	172.250 	 15.062 	 299.199
FD10899	172.375 	 15.074 	 299.153
FD10899	172.500 	 15.087 	 299.180
FD10899	172.625 	 15.102 	 299.255
FD10899	172.750 	 15.116 	 299.287
FD10899	172.875 	 15.134 	 299.286
FD10899	173.000 	 15.154 	 299.282
FD10899	173.125 	 15.170 	 299.243
FD10899	173.250 	 15.190 	 299.160
FD10899	173.375 	 15.210 	 299.147
FD10899	173.500 	 15.232 	 299.158
FD10899	173.625 	 15.252 	 299.139
FD10899	173.750 	 15.278 	 299.100
FD10899	173.875 	 15.300 	 299.094
FD10899	174.000 	 15.327 	 299.112
FD10899	174.125 	 15.351 	 299.100
FD10899	174.250 	 15.376 	 299.083
FD10899	174.375 	 15.403 	 299.084
FD10899	174.500 	 15.423 	 299.083
FD10899	174.625 	 15.447 	 299.059
FD10899	174.750 	 15.467 	 299.004
FD10899	174.875 	 15.483 	 298.965
FD10899	175.000 	 15.501 	 298.945
FD10899	175.125 	 15.517 	 298.921
FD10899	175.250 	 15.532 	 298.916
FD10899	175.375 	 15.547 	 298.867
FD10899	175.500 	 15.560 	 298.823
FD10899	175.625 	 15.576 	 298.847
FD10899	175.750 	 15.588 	 298.880
FD10899	175.875 	 15.601 	 298.870
FD10899	176.000 	 15.613 	 298.831
FD10899	176.125 	 15.626 	 298.778
FD10899	176.250 	 15.637 	 298.740
FD10899	176.375 	 15.651 	 298.751
FD10899	176.500 	 15.663 	 298.762
FD10899	176.625 	 15.677 	 298.746
FD10899	176.750 	 15.690 	 298.735
FD10899	176.875 	 15.706 	 298.703
FD10899	177.000 	 15.720 	 298.655
FD10899	177.125 	 15.738 	 298.644
FD10899	177.250 	 15.751 	 298.644
FD10899	177.375 	 15.771 	 298.625
FD10899	177.500 	 15.785 	 298.624
FD10899	177.625 	 15.804 	 298.630
FD10899	177.750 	 15.822 	 298.620
FD10899	177.875 	 15.842 	 298.610
FD10899	178.000 	 15.859 	 298.601
FD10899	178.125 	 15.877 	 298.583
FD10899	178.250 	 15.896 	 298.567
FD10899	178.375 	 15.916 	 298.587
FD10899	178.500 	 15.936 	 298.585
FD10899	178.625 	 15.956 	 298.548
FD10899	178.750 	 15.976 	 298.509
FD10899	178.875 	 15.996 	 298.482
FD10899	179.000 	 16.017 	 298.455
FD10899	179.125 	 16.037 	 298.436
FD10899	179.250 	 16.058 	 298.462
FD10899	179.375 	 16.075 	 298.448
FD10899	179.500 	 16.095 	 298.411
FD10899	179.625 	 16.114 	 298.384
FD10899	179.750 	 16.132 	 298.367
FD10899	179.875 	 16.147 	 298.385
FD10899	180.000 	 16.167 	 298.354
FD10899	180.125 	 16.184 	 298.317
FD10899	180.250 	 16.200 	 298.317
FD10899	180.375 	 16.219 	 298.307
FD10899	180.500 	 16.241 	 298.306
FD10899	180.625 	 16.257 	 298.307
FD10899	180.750 	 16.280 	 298.300
FD10899	180.875 	 16.301 	 298.309
FD10899	181.000 	 16.324 	 298.336
FD10899	181.125 	 16.347 	 298.349
FD10899	181.250 	 16.372 	 298.331
FD10899	181.375 	 16.399 	 298.313
FD10899	181.500 	 16.421 	 298.282
FD10899	181.625 	 16.446 	 298.312
FD10899	181.750 	 16.472 	 298.383
FD10899	181.875 	 16.498 	 298.442
FD10899	182.000 	 16.527 	 298.457
FD10899	182.125 	 16.552 	 298.428
FD10899	182.250 	 16.581 	 298.396
FD10899	182.375 	 16.607 	 298.354
FD10899	182.500 	 16.637 	 298.323
FD10899	182.625 	 16.661 	 298.330
FD10899	182.750 	 16.685 	 298.349
FD10899	182.875 	 16.711 	 298.426
FD10899	183.000 	 16.734 	 298.468
FD10899	183.125 	 16.756 	 298.505
FD10899	183.250 	 16.778 	 298.558
FD10899	183.375 	 16.802 	 298.573
FD10899	183.500 	 16.822 	 298.555
FD10899	183.625 	 16.845 	 298.494
FD10899	183.750 	 16.864 	 298.455
FD10899	183.875 	 16.884 	 298.464
FD10899	184.000 	 16.903 	 298.506
FD10899	184.125 	 16.922 	 298.524
FD10899	184.250 	 16.938 	 298.534
FD10899	184.375 	 16.957 	 298.521
FD10899	184.500 	 16.975 	 298.487
FD10899	184.625 	 16.994 	 298.472
FD10899	184.750 	 17.012 	 298.444
FD10899	184.875 	 17.033 	 298.406
FD10899	185.000 	 17.051 	 298.339
FD10899	185.125 	 17.069 	 298.297
FD10899	185.250 	 17.091 	 298.311
FD10899	185.375 	 17.109 	 298.278
FD10899	185.500 	 17.130 	 298.279
FD10899	185.625 	 17.148 	 298.326
FD10899	185.750 	 17.172 	 298.308
FD10899	185.875 	 17.189 	 298.302
FD10899	186.000 	 17.213 	 298.250
FD10899	186.125 	 17.235 	 298.236
FD10899	186.250 	 17.259 	 298.263
FD10899	186.375 	 17.281 	 298.251
FD10899	186.500 	 17.308 	 298.224
FD10899	186.625 	 17.328 	 298.194
FD10899	186.750 	 17.348 	 298.221
FD10899	186.875 	 17.372 	 298.228
FD10899	187.000 	 17.391 	 298.203
FD10899	187.125 	 17.414 	 298.166
FD10899	187.250 	 17.434 	 298.138
FD10899	187.375 	 17.453 	 298.126
FD10899	187.500 	 17.472 	 298.108
FD10899	187.625 	 17.491 	 298.040
FD10899	187.750 	 17.508 	 298.001
FD10899	187.875 	 17.523 	 297.987
FD10899	188.000 	 17.537 	 297.933
FD10899	188.125 	 17.554 	 297.921
FD10899	188.250 	 17.567 	 297.906
FD10899	188.375 	 17.581 	 297.875
FD10899	188.500 	 17.600 	 297.841
FD10899	188.625 	 17.614 	 297.856
FD10899	188.750 	 17.633 	 297.856
FD10899	188.875 	 17.649 	 297.808
FD10899	189.000 	 17.672 	 297.831
FD10899	189.125 	 17.689 	 297.805
FD10899	189.250 	 17.712 	 297.795
FD10899	189.375 	 17.736 	 297.790
FD10899	189.500 	 17.758 	 297.734
FD10899	189.625 	 17.785 	 297.733
FD10899	189.750 	 17.810 	 297.742
FD10899	189.875 	 17.841 	 297.776
FD10899	190.000 	 17.874 	 297.770
FD10899	190.125 	 17.902 	 297.745
FD10899	190.250 	 17.935 	 297.729
FD10899	190.375 	 17.969 	 297.718
FD10899	190.500 	 18.001 	 297.719
FD10899	190.625 	 18.038 	 297.685
FD10899	190.750 	 18.072 	 297.686
FD10899	190.875 	 18.109 	 297.703
FD10899	191.000 	 18.146 	 297.740
FD10899	191.125 	 18.184 	 297.752
FD10899	191.250 	 18.222 	 297.714
FD10899	191.375 	 18.260 	 297.716
FD10899	191.500 	 18.295 	 297.737
FD10899	191.625 	 18.329 	 297.757
FD10899	191.750 	 18.364 	 297.756
FD10899	191.875 	 18.399 	 297.757
FD10899	192.000 	 18.433 	 297.788
FD10899	192.125 	 18.463 	 297.785
FD10899	192.250 	 18.495 	 297.762
FD10899	192.375 	 18.528 	 297.788
FD10899	192.500 	 18.559 	 297.846
FD10899	192.625 	 18.588 	 297.840
FD10899	192.750 	 18.618 	 297.789
FD10899	192.875 	 18.641 	 297.776
FD10899	193.000 	 18.672 	 297.760
FD10899	193.125 	 18.696 	 297.770
FD10899	193.250 	 18.725 	 297.760
FD10899	193.375 	 18.751 	 297.748
FD10899	193.500 	 18.782 	 297.770
FD10899	193.625 	 18.807 	 297.761
FD10899	193.750 	 18.838 	 297.742
FD10899	193.875 	 18.867 	 297.721
FD10899	194.000 	 18.894 	 297.683
FD10899	194.125 	 18.925 	 297.615
FD10899	194.250 	 18.952 	 297.549
FD10899	194.375 	 18.982 	 297.522
FD10899	194.500 	 19.007 	 297.464
FD10899	194.625 	 19.037 	 297.408
FD10899	194.750 	 19.067 	 297.469
FD10899	194.875 	 19.096 	 297.452
FD10899	195.000 	 19.126 	 297.402
FD10899	195.125 	 19.154 	 297.379
FD10899	195.250 	 19.185 	 297.311
FD10899	195.375 	 19.214 	 297.340
FD10899	195.500 	 19.240 	 297.313
FD10899	195.625 	 19.270 	 297.268
FD10899	195.750 	 19.297 	 297.307
FD10899	195.875 	 19.326 	 297.347
FD10899	196.000 	 19.354 	 297.353
FD10899	196.125 	 19.380 	 297.353
FD10899	196.250 	 19.409 	 297.331
FD10899	196.375 	 19.432 	 297.278
FD10899	196.500 	 19.461 	 297.196
FD10899	196.625 	 19.484 	 297.145
FD10899	196.750 	 19.510 	 297.094
FD10899	196.875 	 19.532 	 297.056
FD10899	197.000 	 19.555 	 297.052
FD10899	197.125 	 19.576 	 297.025
FD10899	197.250 	 19.599 	 297.021
FD10899	197.375 	 19.619 	 297.020
FD10899	197.500 	 19.643 	 297.054
FD10899	197.625 	 19.665 	 297.104
FD10899	197.750 	 19.688 	 297.108
FD10899	197.875 	 19.710 	 297.117
FD10899	198.000 	 19.733 	 297.066
FD10899	198.125 	 19.755 	 296.986
FD10899	198.250 	 19.780 	 296.968
FD10899	198.375 	 19.808 	 296.933
FD10899	198.500 	 19.833 	 296.883
FD10899	198.625 	 19.859 	 296.892
FD10899	198.750 	 19.888 	 296.910
FD10899	198.875 	 19.915 	 296.889
FD10899	199.000 	 19.942 	 296.884
FD10899	199.125 	 19.969 	 296.887
FD10899	199.250 	 19.998 	 296.903
FD10899	199.375 	 20.029 	 296.892
FD10899	199.500 	 20.053 	 296.924
FD10899	199.625 	 20.086 	 296.964
FD10899	199.750 	 20.114 	 296.919
FD10899	199.875 	 20.145 	 296.874
FD10899	200.000 	 20.178 	 296.828
FD10899	200.125 	 20.210 	 296.777
FD10899	200.250 	 20.238 	 296.722
FD10899	200.375 	 20.273 	 296.678
FD10899	200.500 	 20.303 	 296.678
FD10899	200.625 	 20.333 	 296.720
FD10899	200.750 	 20.365 	 296.755
FD10899	200.875 	 20.397 	 296.813
FD10899	201.000 	 20.426 	 296.856
FD10899	201.125 	 20.453 	 296.807
FD10899	201.250 	 20.483 	 296.758
FD10899	201.375 	 20.512 	 296.757
FD10899	201.500 	 20.535 	 296.768
FD10899	201.625 	 20.563 	 296.777
FD10899	201.750 	 20.586 	 296.766
FD10899	201.875 	 20.612 	 296.752
FD10899	202.000 	 20.630 	 296.708
FD10899	202.125 	 20.651 	 296.636
FD10899	202.250 	 20.673 	 296.626
FD10899	202.375 	 20.687 	 296.676
FD10899	202.500 	 20.703 	 296.757
FD10899	202.625 	 20.719 	 296.828
FD10899	202.750 	 20.730 	 296.846
FD10899	202.875 	 20.742 	 296.841
FD10899	203.000 	 20.756 	 296.866
FD10899	203.125 	 20.765 	 296.854
FD10899	203.250 	 20.779 	 296.836
FD10899	203.375 	 20.787 	 296.825
FD10899	203.500 	 20.799 	 296.795
FD10899	203.625 	 20.806 	 296.802
FD10899	203.750 	 20.818 	 296.789
FD10899	203.875 	 20.826 	 296.786
FD10899	204.000 	 20.838 	 296.768
FD10899	204.125 	 20.847 	 296.765
FD10899	204.250 	 20.860 	 296.765
FD10899	204.375 	 20.872 	 296.716
FD10899	204.500 	 20.882 	 296.727
FD10899	204.625 	 20.897 	 296.711
FD10899	204.750 	 20.909 	 296.644
FD10899	204.875 	 20.923 	 296.645
FD10899	205.000 	 20.939 	 296.622
FD10899	205.125 	 20.956 	 296.623
FD10899	205.250 	 20.973 	 296.612
FD10899	205.375 	 20.991 	 296.532
FD10899	205.500 	 21.006 	 296.499
FD10899	205.625 	 21.024 	 296.454
FD10899	205.750 	 21.044 	 296.440
FD10899	205.875 	 21.061 	 296.398
FD10899	206.000 	 21.081 	 296.337
FD10899	206.125 	 21.103 	 296.386
FD10899	206.250 	 21.120 	 296.470
FD10899	206.375 	 21.141 	 296.493
FD10899	206.500 	 21.164 	 296.492
FD10899	206.625 	 21.180 	 296.450
FD10899	206.750 	 21.201 	 296.361
FD10899	206.875 	 21.217 	 296.337
FD10899	207.000 	 21.234 	 296.348
FD10899	207.125 	 21.250 	 296.362
FD10899	207.250 	 21.265 	 296.367
FD10899	207.375 	 21.276 	 296.361
FD10899	207.500 	 21.290 	 296.351
FD10899	207.625 	 21.304 	 296.370
FD10899	207.750 	 21.314 	 296.381
FD10899	207.875 	 21.327 	 296.378
FD10899	208.000 	 21.338 	 296.372
FD10899	208.125 	 21.347 	 296.321
FD10899	208.250 	 21.357 	 296.287
FD10899	208.375 	 21.370 	 296.262
FD10899	208.500 	 21.377 	 296.301
FD10899	208.625 	 21.391 	 296.317
FD10899	208.750 	 21.400 	 296.295
FD10899	208.875 	 21.414 	 296.293
FD10899	209.000 	 21.425 	 296.244
FD10899	209.125 	 21.440 	 296.249
FD10899	209.250 	 21.452 	 296.281
FD10899	209.375 	 21.470 	 296.300
FD10899	209.500 	 21.484 	 296.270
FD10899	209.625 	 21.499 	 296.291
FD10899	209.750 	 21.515 	 296.328
FD10899	209.875 	 21.527 	 296.299
FD10899	210.000 	 21.543 	 296.166
FD10899	210.125 	 21.557 	 296.110
FD10899	210.250 	 21.570 	 296.147
FD10899	210.375 	 21.580 	 296.194
FD10899	210.500 	 21.592 	 296.276
FD10899	210.625 	 21.600 	 296.260
FD10899	210.750 	 21.610 	 296.238
FD10899	210.875 	 21.618 	 296.200
FD10899	211.000 	 21.628 	 296.177
FD10899	211.125 	 21.636 	 296.206
FD10899	211.250 	 21.646 	 296.205
FD10899	211.375 	 21.655 	 296.072
FD10899	211.500 	 21.665 	 296.003
FD10899	211.625 	 21.674 	 296.042
FD10899	211.750 	 21.684 	 296.050
FD10899	211.875 	 21.692 	 295.966
FD10899	212.000 	 21.698 	 295.873
FD10899	212.125 	 21.707 	 295.840
FD10899	212.250 	 21.715 	 295.823
FD10899	212.375 	 21.719 	 295.849
FD10899	212.500 	 21.728 	 295.842
FD10899	212.625 	 21.738 	 295.837
FD10899	212.750 	 21.746 	 295.898
FD10899	212.875 	 21.753 	 295.925
FD10899	213.000 	 21.762 	 295.804
FD10899	213.125 	 21.768 	 295.781
FD10899	213.250 	 21.773 	 295.751
FD10899	213.375 	 21.778 	 295.670
FD10899	213.500 	 21.779 	 295.785
FD10899	213.625 	 21.777 	 295.921
FD10899	213.750 	 21.776 	 295.945
FD10899	213.875 	 21.772 	 295.928
FD10899	214.000 	 21.772 	 295.900
FD10899	214.125 	 21.769 	 295.810
FD10899	214.250 	 21.769 	 295.808
FD10899	214.375 	 21.767 	 295.815
FD10899	214.500 	 21.765 	 295.772
FD10899	214.625 	 21.765 	 295.784
FD10899	214.750 	 21.762 	 295.774
FD10899	214.875 	 21.762 	 295.749
FD10899	215.000 	 21.757 	 295.739
FD10899	215.125 	 21.759 	 295.807
FD10899	215.250 	 21.758 	 295.774
FD10899	215.375 	 21.755 	 295.711
FD10899	215.500 	 21.759 	 295.728
FD10899	215.625 	 21.760 	 295.740
FD10899	215.750 	 21.759 	 295.675
FD10899	215.875 	 21.765 	 295.654
FD10899	216.000 	 21.768 	 295.679
FD10899	216.125 	 21.774 	 295.675
FD10899	216.250 	 21.773 	 295.736
FD10899	216.375 	 21.778 	 295.676
FD10899	216.500 	 21.780 	 295.570
FD10899	216.625 	 21.778 	 295.570
FD10899	216.750 	 21.781 	 295.499
FD10899	216.875 	 21.781 	 295.516
FD10899	217.000 	 21.782 	 295.654
FD10899	217.125 	 21.782 	 295.718
FD10899	217.250 	 21.781 	 295.759
FD10899	217.375 	 21.779 	 295.738
FD10899	217.500 	 21.782 	 295.743
FD10899	217.625 	 21.783 	 295.741
FD10899	217.750 	 21.784 	 295.702
FD10899	217.875 	 21.785 	 295.733
FD10899	218.000 	 21.787 	 295.749
FD10899	218.125 	 21.789 	 295.717
FD10899	218.250 	 21.787 	 295.711
FD10899	218.375 	 21.787 	 295.683
FD10899	218.500 	 21.785 	 295.683
FD10899	218.625 	 21.783 	 295.697
FD10899	218.750 	 21.781 	 295.670
FD10899	218.875 	 21.776 	 295.674
FD10899	219.000 	 21.776 	 295.643
FD10899	219.125 	 21.772 	 295.592
FD10899	219.250 	 21.768 	 295.625
FD10899	219.375 	 21.765 	 295.671
FD10899	219.500 	 21.762 	 295.631
FD10899	219.625 	 21.758 	 295.582
FD10899	219.750 	 21.755 	 295.581
FD10899	219.875 	 21.756 	 295.563
FD10899	220.000 	 21.753 	 295.541
FD10899	220.125 	 21.759 	 295.514
FD10899	220.250 	 21.761 	 295.517
FD10899	220.375 	 21.762 	 295.458
FD10899	220.500 	 21.772 	 295.347
FD10899	220.625 	 21.775 	 295.326
FD10899	220.750 	 21.783 	 295.337
FD10899	220.875 	 21.792 	 295.351
FD10899	221.000 	 21.796 	 295.378
FD10899	221.125 	 21.810 	 295.422
FD10899	221.250 	 21.816 	 295.438
FD10899	221.375 	 21.828 	 295.422
FD10899	221.500 	 21.831 	 295.417
FD10899	221.625 	 21.838 	 295.416
FD10899	221.750 	 21.839 	 295.395
FD10899	221.875 	 21.840 	 295.391
FD10899	222.000 	 21.839 	 295.410
FD10899	222.125 	 21.838 	 295.425
FD10899	222.250 	 21.833 	 295.419
FD10899	222.375 	 21.832 	 295.453
FD10899	222.500 	 21.827 	 295.458
FD10899	222.625 	 21.822 	 295.426
FD10899	222.750 	 21.818 	 295.331
FD10899	222.875 	 21.811 	 295.278
FD10899	223.000 	 21.805 	 295.408
FD10899	223.125 	 21.799 	 295.452
FD10899	223.250 	 21.790 	 295.403
FD10899	223.375 	 21.784 	 295.456
FD10899	223.500 	 21.781 	 295.482
FD10899	223.625 	 21.780 	 295.461
FD10899	223.750 	 21.780 	 295.477
FD10899	223.875 	 21.776 	 295.457
FD10899	224.000 	 21.776 	 295.447
FD10899	224.125 	 21.772 	 295.439
FD10899	224.250 	 21.770 	 295.433
FD10899	224.375 	 21.759 	 295.469
FD10899	224.500 	 21.755 	 295.447
FD10899	224.625 	 21.746 	 295.463
FD10899	224.750 	 21.736 	 295.464
FD10899	224.875 	 21.730 	 295.477
FD10899	225.000 	 21.724 	 295.499
FD10899	225.125 	 21.720 	 295.487
FD10899	225.250 	 21.713 	 295.516
FD10899	225.375 	 21.709 	 295.507
FD10899	225.500 	 21.704 	 295.480
FD10899	225.625 	 21.698 	 295.459
FD10899	225.750 	 21.700 	 295.458
FD10899	225.875 	 21.703 	 295.381
FD10899	226.000 	 21.709 	 295.277
FD10899	226.125 	 21.716 	 295.246
FD10899	226.250 	 21.729 	 295.204
FD10899	226.375 	 21.745 	 295.192
FD10899	226.500 	 21.764 	 295.186
FD10899	226.625 	 21.784 	 295.102
FD10899	226.750 	 21.805 	 295.019
FD10899	226.875 	 21.828 	 295.159
FD10899	227.000 	 21.852 	 295.405
FD10899	227.125 	 21.873 	 295.466
FD10899	227.250 	 21.890 	 295.454
FD10899	227.375 	 21.912 	 295.410
FD10899	227.500 	 21.931 	 295.439
FD10899	227.625 	 21.948 	 295.552
FD10899	227.750 	 21.959 	 295.596
FD10899	227.875 	 21.970 	 295.592
FD10899	228.000 	 21.978 	 295.609
FD10899	228.125 	 21.987 	 295.582
FD10899	228.250 	 21.995 	 295.537
FD10899	228.375 	 22.007 	 295.562
FD10899	228.500 	 22.015 	 295.601
FD10899	228.625 	 22.027 	 295.570
FD10899	228.750 	 22.037 	 295.505
FD10899	228.875 	 22.045 	 295.449
FD10899	229.000 	 22.052 	 295.388
FD10899	229.125 	 22.059 	 295.411
FD10899	229.250 	 22.059 	 295.481
FD10899	229.375 	 22.064 	 295.487
FD10899	229.500 	 22.065 	 295.325
FD10899	229.625 	 22.065 	 295.299
FD10899	229.750 	 22.066 	 295.447
FD10899	229.875 	 22.070 	 295.508
FD10899	230.000 	 22.067 	 295.523
FD10899	230.125 	 22.065 	 295.459
FD10899	230.250 	 22.062 	 295.272
FD10899	230.375 	 22.056 	 295.236
FD10899	230.500 	 22.051 	 295.317
FD10899	230.625 	 22.045 	 295.397
FD10899	230.750 	 22.038 	 295.459
FD10899	230.875 	 22.026 	 295.425
FD10899	231.000 	 22.013 	 295.429
FD10899	231.125 	 22.004 	 295.318
FD10899	231.250 	 21.990 	 295.206
FD10899	231.375 	 21.978 	 295.242
FD10899	231.500 	 21.970 	 295.259
FD10899	231.625 	 21.959 	 295.236
FD10899	231.750 	 21.953 	 295.302
FD10899	231.875 	 21.948 	 295.379
FD10899	232.000 	 21.940 	 295.333
FD10899	232.125 	 21.936 	 295.278
FD10899	232.250 	 21.929 	 295.240
FD10899	232.375 	 21.920 	 295.231
FD10899	232.500 	 21.912 	 295.278
FD10899	232.625 	 21.900 	 295.215
FD10899	232.750 	 21.891 	 295.181
FD10899	232.875 	 21.878 	 295.291
FD10899	233.000 	 21.871 	 295.305
FD10899	233.125 	 21.861 	 295.301
FD10899	233.250 	 21.853 	 295.313
FD10899	233.375 	 21.849 	 295.294
FD10899	233.500 	 21.840 	 295.310
FD10899	233.625 	 21.831 	 295.402
FD10899	233.750 	 21.823 	 295.442
FD10899	233.875 	 21.814 	 295.395
FD10899	234.000 	 21.802 	 295.340
FD10899	234.125 	 21.789 	 295.373
FD10899	234.250 	 21.781 	 295.446
FD10899	234.375 	 21.765 	 295.433
FD10899	234.500 	 21.753 	 295.428
FD10899	234.625 	 21.744 	 295.450
FD10899	234.750 	 21.732 	 295.382
FD10899	234.875 	 21.725 	 295.361
FD10899	235.000 	 21.719 	 295.335
FD10899	235.125 	 21.714 	 295.288
FD10899	235.250 	 21.709 	 295.265
FD10899	235.375 	 21.706 	 295.224
FD10899	235.500 	 21.703 	 295.209
FD10899	235.625 	 21.699 	 295.254
FD10899	235.750 	 21.703 	 295.317
FD10899	235.875 	 21.701 	 295.334
FD10899	236.000 	 21.705 	 295.389
FD10899	236.125 	 21.709 	 295.436
FD10899	236.250 	 21.716 	 295.438
FD10899	236.375 	 21.717 	 295.430
FD10899	236.500 	 21.726 	 295.399
FD10899	236.625 	 21.731 	 295.422
FD10899	236.750 	 21.740 	 295.482
FD10899	236.875 	 21.746 	 295.476
FD10899	237.000 	 21.754 	 295.445
FD10899	237.125 	 21.760 	 295.458
FD10899	237.250 	 21.766 	 295.471
FD10899	237.375 	 21.768 	 295.431
FD10899	237.500 	 21.769 	 295.410
FD10899	237.625 	 21.771 	 295.399
FD10899	237.750 	 21.766 	 295.352
FD10899	237.875 	 21.768 	 295.319
FD10899	238.000 	 21.768 	 295.338
FD10899	238.125 	 21.769 	 295.266
FD10899	238.250 	 21.773 	 295.178
FD10899	238.375 	 21.772 	 295.163
FD10899	238.500 	 21.770 	 295.106
FD10899	238.625 	 21.772 	 294.992
FD10899	238.750 	 21.765 	 294.935
FD10899	238.875 	 21.758 	 294.974
FD10899	239.000 	 21.755 	 294.974
FD10899	239.125 	 21.745 	 294.982
FD10899	239.250 	 21.736 	 295.072
FD10899	239.375 	 21.732 	 295.137
FD10899	239.500 	 21.728 	 295.171
FD10899	239.625 	 21.727 	 295.154
FD10899	239.750 	 21.725 	 295.126
FD10899	239.875 	 21.722 	 295.177
FD10899	240.000 	 21.719 	 295.183
FD10899	240.125 	 21.717 	 295.221
FD10899	240.250 	 21.716 	 295.231
FD10899	240.375 	 21.720 	 295.098
FD10899	240.500 	 21.717 	 295.120
FD10899	240.625 	 21.725 	 295.160
FD10899	240.750 	 21.729 	 295.173
FD10899	240.875 	 21.735 	 295.097
FD10899	241.000 	 21.739 	 295.127
FD10899	241.125 	 21.749 	 295.183
FD10899	241.250 	 21.757 	 295.151
FD10899	241.375 	 21.765 	 295.323
FD10899	241.500 	 21.772 	 295.443
FD10899	241.625 	 21.781 	 295.446
FD10899	241.750 	 21.789 	 295.442
FD10899	241.875 	 21.798 	 295.449
FD10899	242.000 	 21.805 	 295.445
FD10899	242.125 	 21.812 	 295.449
FD10899	242.250 	 21.812 	 295.445
FD10899	242.375 	 21.817 	 295.448
FD10899	242.500 	 21.816 	 295.452
FD10899	242.625 	 21.813 	 295.429
FD10899	242.750 	 21.816 	 295.378
FD10899	242.875 	 21.813 	 295.330
FD10899	243.000 	 21.816 	 295.246
FD10899	243.125 	 21.816 	 295.191
FD10899	243.250 	 21.814 	 295.193
FD10899	243.375 	 21.815 	 295.193
FD10899	243.500 	 21.816 	 295.191
FD10899	243.625 	 21.814 	 295.193
FD10899	243.750 	 21.816 	 295.191
FD10899	243.875 	 21.816 	 295.191
FD10899	244.000 	 21.812 	 295.193
FD10899	244.125 	 21.817 	 295.193
FD10899	244.250 	 21.814 	 295.191
FD10899	244.375 	 21.816 	 295.191
FD10899	244.500 	 21.815 	 295.195
FD10899	244.625 	 21.814 	 295.191
FD10899	244.750 	 21.816 	 295.191
FD10899	244.875 	 21.817 	 295.193
FD10899	245.000 	 21.812 	 295.193
FD10899	245.125 	 21.816 	 295.191
FD10899	245.250 	 21.817 	 295.193
FD10899	245.375 	 21.814 	 295.191
FD10899	245.500 	 21.815 	 295.193
FD10899	245.625 	 21.816 	 295.191
FD10899	245.750 	 21.814 	 295.193
FD10899	245.875 	 21.816 	 295.191
FD10899	246.000 	 21.812 	 295.193
FD10899	246.125 	 21.817 	 295.193
FD10899	246.250 	 21.816 	 295.191
FD10899	246.375 	 21.814 	 295.191
FD10899	246.500 	 21.815 	 295.195
FD10899	246.625 	 21.816 	 295.191
FD10899	246.750 	 21.814 	 295.191
FD10899	246.875 	 21.816 	 295.191
FD10899	247.000 	 21.815 	 295.195
FD10899	247.125 	 21.814 	 295.191
FD10899	247.250 	 21.816 	 295.191
FD10899	247.375 	 21.817 	 295.193
FD10899	247.500 	 21.812 	 295.193
FD10899	247.625 	 21.816 	 295.191
FD10899	247.750 	 21.814 	 295.193
FD10899	247.875 	 21.816 	 295.191
FD10899	248.000 	 21.815 	 295.193
FD10899	248.125 	 21.814 	 295.193
FD10899	248.250 	 21.816 	 295.191
FD10899	248.375 	 21.816 	 295.191
FD10899	248.500 	 21.812 	 295.193
FD10899	248.625 	 21.817 	 295.193
FD10899	248.750 	 21.816 	 295.191
FD10899	248.875 	 21.814 	 295.191
FD10899	249.000 	 21.815 	 295.195
FD10899	249.125 	 21.814 	 295.191
FD10899	249.250 	 21.816 	 295.191
FD10899	249.375 	 21.817 	 295.193
FD10899	249.500 	 21.812 	 295.193
FD10899	249.625 	 21.816 	 295.191
FD10899	249.750 	 21.816 	 295.191
FD10899	249.875 	 21.814 	 295.193
FD10899	250.000 	 21.816 	 295.191
FD10899	250.125 	 21.815 	 295.193
FD10899	250.250 	 21.814 	 295.193
FD10899	250.375 	 21.816 	 295.191
FD10899	250.500 	 21.816 	 295.191
FD10899	250.625 	 21.812 	 295.195
FD10899	250.750 	 21.816 	 295.191
FD10899	250.875 	 21.814 	 295.191
FD10899	251.000 	 21.816 	 295.191
FD10899	251.125 	 21.815 	 295.195
FD10899	251.250 	 21.814 	 295.191
FD10899	251.375 	 21.816 	 295.191
FD10899	251.500 	 21.817 	 295.193
FD10899	251.625 	 21.812 	 295.193
FD10899	251.750 	 21.816 	 295.191
FD10899	251.875 	 21.817 	 295.193
FD10899	252.000 	 21.814 	 295.191
FD10899	252.125 	 0.000 	 90.000
FD10899	252.250 	 0.000 	 90.000
FD10899	252.375 	 0.000 	 90.000
FD10899	252.500 	 0.000 	 90.000
FD10899	252.625 	 0.000 	 90.000
FD10899	252.750 	 0.000 	 90.000
FD10899	252.875 	 0.000 	 90.000
FD10899	253.000 	 0.000 	 90.000
