#WellName	 Depth.M	 INCL	 AZIM 
WellName	 Depth.M	 INCL	 AZIM 
FD10218	0.000 	 0.000 	 0.000
FD10218	0.125 	 0.000 	 90.000
FD10218	0.250 	 0.000 	 90.000
FD10218	0.375 	 0.000 	 90.000
FD10218	0.500 	 0.000 	 90.000
FD10218	0.625 	 0.000 	 90.000
FD10218	0.750 	 0.000 	 90.000
FD10218	0.875 	 0.000 	 90.000
FD10218	1.000 	 0.000 	 90.000
FD10218	1.125 	 0.000 	 90.000
FD10218	1.250 	 0.000 	 90.000
FD10218	1.375 	 0.000 	 90.000
FD10218	1.500 	 0.000 	 90.000
FD10218	1.625 	 0.000 	 90.000
FD10218	1.750 	 0.000 	 90.000
FD10218	1.875 	 0.000 	 90.000
FD10218	2.000 	 0.000 	 90.000
FD10218	2.125 	 0.000 	 90.000
FD10218	2.250 	 0.000 	 90.000
FD10218	2.375 	 0.000 	 90.000
FD10218	2.500 	 0.000 	 90.000
FD10218	2.625 	 0.000 	 90.000
FD10218	2.750 	 0.000 	 90.000
FD10218	2.875 	 0.000 	 90.000
FD10218	3.000 	 0.000 	 90.000
FD10218	3.125 	 0.000 	 90.000
FD10218	3.250 	 0.000 	 90.000
FD10218	3.375 	 0.000 	 90.000
FD10218	3.500 	 0.000 	 90.000
FD10218	3.625 	 0.000 	 90.000
FD10218	3.750 	 0.000 	 90.000
FD10218	3.875 	 0.000 	 90.000
FD10218	4.000 	 0.000 	 90.000
FD10218	4.125 	 0.000 	 90.000
FD10218	4.250 	 0.000 	 90.000
FD10218	4.375 	 0.000 	 90.000
FD10218	4.500 	 0.000 	 90.000
FD10218	4.625 	 0.000 	 90.000
FD10218	4.750 	 0.000 	 90.000
FD10218	4.875 	 0.000 	 90.000
FD10218	5.000 	 0.000 	 90.000
FD10218	5.125 	 0.000 	 90.000
FD10218	5.250 	 0.000 	 90.000
FD10218	5.375 	 0.000 	 90.000
FD10218	5.500 	 0.000 	 90.000
FD10218	5.625 	 0.000 	 90.000
FD10218	5.750 	 0.000 	 90.000
FD10218	5.875 	 0.000 	 90.000
FD10218	6.000 	 0.000 	 90.000
FD10218	6.125 	 0.000 	 90.000
FD10218	6.250 	 0.000 	 90.000
FD10218	6.375 	 0.000 	 90.000
FD10218	6.500 	 0.000 	 90.000
FD10218	6.625 	 0.000 	 90.000
FD10218	6.750 	 0.000 	 90.000
FD10218	6.875 	 0.000 	 90.000
FD10218	7.000 	 0.000 	 90.000
FD10218	7.125 	 0.000 	 90.000
FD10218	7.250 	 0.000 	 90.000
FD10218	7.375 	 0.000 	 90.000
FD10218	7.500 	 0.000 	 90.000
FD10218	7.625 	 0.000 	 90.000
FD10218	7.750 	 0.000 	 90.000
FD10218	7.875 	 0.000 	 90.000
FD10218	8.000 	 0.000 	 90.000
FD10218	8.125 	 0.000 	 90.000
FD10218	8.250 	 0.000 	 90.000
FD10218	8.375 	 0.000 	 90.000
FD10218	8.500 	 0.000 	 90.000
FD10218	8.625 	 0.000 	 90.000
FD10218	8.750 	 0.000 	 90.000
FD10218	8.875 	 0.000 	 90.000
FD10218	9.000 	 0.000 	 90.000
FD10218	9.125 	 0.000 	 90.000
FD10218	9.250 	 0.000 	 90.000
FD10218	9.375 	 0.000 	 90.000
FD10218	9.500 	 0.000 	 90.000
FD10218	9.625 	 0.000 	 90.000
FD10218	9.750 	 0.000 	 90.000
FD10218	9.875 	 0.000 	 90.000
FD10218	10.000 	 0.000 	 90.000
FD10218	10.125 	 0.000 	 90.000
FD10218	10.250 	 0.000 	 90.000
FD10218	10.375 	 0.000 	 90.000
FD10218	10.500 	 0.000 	 90.000
FD10218	10.625 	 0.000 	 90.000
FD10218	10.750 	 0.000 	 90.000
FD10218	10.875 	 0.000 	 90.000
FD10218	11.000 	 0.000 	 90.000
FD10218	11.125 	 0.000 	 90.000
FD10218	11.250 	 0.000 	 90.000
FD10218	11.375 	 0.000 	 90.000
FD10218	11.500 	 0.000 	 90.000
FD10218	11.625 	 0.000 	 90.000
FD10218	11.750 	 0.000 	 90.000
FD10218	11.875 	 0.000 	 90.000
FD10218	12.000 	 0.000 	 90.000
FD10218	12.125 	 0.000 	 90.000
FD10218	12.250 	 0.000 	 90.000
FD10218	12.375 	 0.000 	 90.000
FD10218	12.500 	 0.000 	 90.000
FD10218	12.625 	 0.000 	 90.000
FD10218	12.750 	 0.000 	 90.000
FD10218	12.875 	 0.000 	 90.000
FD10218	13.000 	 0.000 	 90.000
FD10218	13.125 	 0.000 	 90.000
FD10218	13.250 	 0.000 	 90.000
FD10218	13.375 	 0.000 	 90.000
FD10218	13.500 	 0.000 	 90.000
FD10218	13.625 	 0.000 	 90.000
FD10218	13.750 	 0.000 	 90.000
FD10218	13.875 	 0.000 	 90.000
FD10218	14.000 	 0.000 	 90.000
FD10218	14.125 	 0.000 	 90.000
FD10218	14.250 	 0.000 	 90.000
FD10218	14.375 	 0.000 	 90.000
FD10218	14.500 	 0.000 	 90.000
FD10218	14.625 	 0.000 	 90.000
FD10218	14.750 	 0.000 	 90.000
FD10218	14.875 	 0.000 	 90.000
FD10218	15.000 	 0.000 	 90.000
FD10218	15.125 	 0.000 	 90.000
FD10218	15.250 	 0.000 	 90.000
FD10218	15.375 	 0.000 	 90.000
FD10218	15.500 	 0.000 	 90.000
FD10218	15.625 	 0.000 	 90.000
FD10218	15.750 	 0.000 	 90.000
FD10218	15.875 	 0.000 	 90.000
FD10218	16.000 	 0.000 	 90.000
FD10218	16.125 	 0.000 	 90.000
FD10218	16.250 	 0.000 	 90.000
FD10218	16.375 	 0.000 	 90.000
FD10218	16.500 	 0.000 	 90.000
FD10218	16.625 	 0.000 	 90.000
FD10218	16.750 	 0.000 	 90.000
FD10218	16.875 	 0.000 	 90.000
FD10218	17.000 	 0.000 	 90.000
FD10218	17.125 	 0.000 	 90.000
FD10218	17.250 	 0.000 	 90.000
FD10218	17.375 	 0.000 	 90.000
FD10218	17.500 	 0.000 	 90.000
FD10218	17.625 	 0.000 	 90.000
FD10218	17.750 	 0.000 	 90.000
FD10218	17.875 	 0.000 	 90.000
FD10218	18.000 	 0.000 	 90.000
FD10218	18.125 	 0.000 	 90.000
FD10218	18.250 	 0.000 	 90.000
FD10218	18.375 	 0.000 	 90.000
FD10218	18.500 	 0.000 	 90.000
FD10218	18.625 	 0.000 	 90.000
FD10218	18.750 	 0.000 	 90.000
FD10218	18.875 	 0.000 	 90.000
FD10218	19.000 	 0.000 	 90.000
FD10218	19.125 	 0.000 	 90.000
FD10218	19.250 	 0.000 	 90.000
FD10218	19.375 	 0.000 	 90.000
FD10218	19.500 	 0.000 	 90.000
FD10218	19.625 	 0.000 	 90.000
FD10218	19.750 	 0.000 	 90.000
FD10218	19.875 	 0.000 	 90.000
FD10218	20.000 	 0.000 	 90.000
FD10218	20.125 	 0.000 	 90.000
FD10218	20.250 	 0.000 	 90.000
FD10218	20.375 	 0.000 	 90.000
FD10218	20.500 	 0.000 	 90.000
FD10218	20.625 	 0.000 	 90.000
FD10218	20.750 	 0.000 	 90.000
FD10218	20.875 	 0.000 	 90.000
FD10218	21.000 	 0.000 	 90.000
FD10218	21.125 	 0.000 	 90.000
FD10218	21.250 	 0.000 	 90.000
FD10218	21.375 	 0.000 	 90.000
FD10218	21.500 	 0.000 	 90.000
FD10218	21.625 	 0.000 	 90.000
FD10218	21.750 	 0.000 	 90.000
FD10218	21.875 	 0.000 	 90.000
FD10218	22.000 	 0.000 	 90.000
FD10218	22.125 	 0.000 	 90.000
FD10218	22.250 	 0.000 	 90.000
FD10218	22.375 	 0.000 	 90.000
FD10218	22.500 	 0.000 	 90.000
FD10218	22.625 	 0.000 	 90.000
FD10218	22.750 	 0.000 	 90.000
FD10218	22.875 	 0.000 	 90.000
FD10218	23.000 	 0.000 	 90.000
FD10218	23.125 	 0.000 	 90.000
FD10218	23.250 	 0.000 	 90.000
FD10218	23.375 	 0.000 	 90.000
FD10218	23.500 	 0.000 	 90.000
FD10218	23.625 	 0.000 	 90.000
FD10218	23.750 	 0.000 	 90.000
FD10218	23.875 	 0.000 	 90.000
FD10218	24.000 	 0.000 	 90.000
FD10218	24.125 	 0.000 	 90.000
FD10218	24.250 	 0.000 	 90.000
FD10218	24.375 	 0.000 	 90.000
FD10218	24.500 	 0.000 	 90.000
FD10218	24.625 	 0.000 	 90.000
FD10218	24.750 	 0.000 	 90.000
FD10218	24.875 	 0.000 	 90.000
FD10218	25.000 	 0.000 	 90.000
FD10218	25.125 	 0.000 	 90.000
FD10218	25.250 	 0.000 	 90.000
FD10218	25.375 	 0.000 	 90.000
FD10218	25.500 	 0.000 	 90.000
FD10218	25.625 	 0.000 	 90.000
FD10218	25.750 	 0.000 	 90.000
FD10218	25.875 	 0.000 	 90.000
FD10218	26.000 	 0.000 	 90.000
FD10218	26.125 	 0.000 	 90.000
FD10218	26.250 	 0.000 	 90.000
FD10218	26.375 	 0.000 	 90.000
FD10218	26.500 	 0.000 	 90.000
FD10218	26.625 	 0.000 	 90.000
FD10218	26.750 	 0.000 	 90.000
FD10218	26.875 	 0.000 	 90.000
FD10218	27.000 	 0.000 	 90.000
FD10218	27.125 	 0.000 	 90.000
FD10218	27.250 	 0.000 	 90.000
FD10218	27.375 	 0.000 	 90.000
FD10218	27.500 	 0.000 	 90.000
FD10218	27.625 	 0.000 	 90.000
FD10218	27.750 	 0.000 	 90.000
FD10218	27.875 	 0.000 	 90.000
FD10218	28.000 	 0.000 	 90.000
FD10218	28.125 	 0.000 	 90.000
FD10218	28.250 	 0.000 	 90.000
FD10218	28.375 	 0.000 	 90.000
FD10218	28.500 	 0.000 	 90.000
FD10218	28.625 	 0.000 	 90.000
FD10218	28.750 	 0.000 	 90.000
FD10218	28.875 	 0.000 	 90.000
FD10218	29.000 	 0.000 	 90.000
FD10218	29.125 	 0.000 	 90.000
FD10218	29.250 	 0.000 	 90.000
FD10218	29.375 	 0.000 	 90.000
FD10218	29.500 	 0.000 	 90.000
FD10218	29.625 	 0.000 	 90.000
FD10218	29.750 	 0.000 	 90.000
FD10218	29.875 	 0.000 	 90.000
FD10218	30.000 	 0.000 	 90.000
FD10218	30.125 	 0.000 	 90.000
FD10218	30.250 	 0.000 	 90.000
FD10218	30.375 	 0.000 	 90.000
FD10218	30.500 	 0.000 	 90.000
FD10218	30.625 	 0.000 	 90.000
FD10218	30.750 	 0.000 	 90.000
FD10218	30.875 	 0.000 	 90.000
FD10218	31.000 	 0.000 	 90.000
FD10218	31.125 	 0.000 	 90.000
FD10218	31.250 	 0.000 	 90.000
FD10218	31.375 	 0.000 	 90.000
FD10218	31.500 	 0.000 	 90.000
FD10218	31.625 	 0.000 	 90.000
FD10218	31.750 	 0.000 	 90.000
FD10218	31.875 	 0.000 	 90.000
FD10218	32.000 	 0.000 	 90.000
FD10218	32.125 	 0.000 	 90.000
FD10218	32.250 	 0.000 	 90.000
FD10218	32.375 	 0.000 	 90.000
FD10218	32.500 	 0.000 	 90.000
FD10218	32.625 	 0.000 	 90.000
FD10218	32.750 	 0.458 	 180.000
FD10218	32.875 	 0.000 	 90.000
FD10218	33.000 	 0.458 	 180.000
FD10218	33.125 	 0.000 	 90.000
FD10218	33.250 	 0.648 	 135.000
FD10218	33.375 	 0.000 	 90.000
FD10218	33.500 	 0.458 	 180.000
FD10218	33.625 	 0.000 	 90.000
FD10218	33.750 	 0.458 	 180.000
FD10218	33.875 	 0.000 	 90.000
FD10218	34.000 	 0.458 	 180.000
FD10218	34.125 	 0.000 	 90.000
FD10218	34.250 	 0.458 	 180.000
FD10218	34.375 	 0.458 	 90.000
FD10218	34.500 	 0.000 	 90.000
FD10218	34.625 	 0.458 	 180.000
FD10218	34.750 	 0.000 	 90.000
FD10218	34.875 	 0.458 	 180.000
FD10218	35.000 	 0.000 	 90.000
FD10218	35.125 	 0.458 	 180.000
FD10218	35.250 	 0.000 	 90.000
FD10218	35.375 	 0.458 	 180.000
FD10218	35.500 	 0.458 	 90.000
FD10218	35.625 	 0.458 	 180.000
FD10218	35.750 	 0.000 	 90.000
FD10218	35.875 	 0.458 	 180.000
FD10218	36.000 	 0.000 	 90.000
FD10218	36.125 	 0.458 	 180.000
FD10218	36.250 	 0.000 	 90.000
FD10218	36.375 	 0.458 	 180.000
FD10218	36.500 	 0.000 	 90.000
FD10218	36.625 	 0.458 	 180.000
FD10218	36.750 	 0.458 	 90.000
FD10218	36.875 	 0.458 	 180.000
FD10218	37.000 	 0.000 	 90.000
FD10218	37.125 	 0.458 	 180.000
FD10218	37.250 	 0.000 	 90.000
FD10218	37.375 	 0.000 	 90.000
FD10218	37.500 	 0.458 	 180.000
FD10218	37.625 	 0.000 	 90.000
FD10218	37.750 	 0.458 	 180.000
FD10218	37.875 	 0.458 	 90.000
FD10218	38.000 	 0.458 	 180.000
FD10218	38.125 	 0.000 	 90.000
FD10218	38.250 	 0.458 	 180.000
FD10218	38.375 	 0.000 	 90.000
FD10218	38.500 	 0.458 	 180.000
FD10218	38.625 	 0.000 	 90.000
FD10218	38.750 	 0.458 	 180.000
FD10218	38.875 	 0.000 	 90.000
FD10218	39.000 	 0.458 	 180.000
FD10218	39.125 	 0.458 	 90.000
FD10218	39.250 	 0.458 	 180.000
FD10218	39.375 	 0.000 	 90.000
FD10218	39.500 	 0.458 	 180.000
FD10218	39.625 	 0.000 	 90.000
FD10218	39.750 	 0.458 	 180.000
FD10218	39.875 	 0.000 	 90.000
FD10218	40.000 	 0.458 	 180.000
FD10218	40.125 	 0.000 	 90.000
FD10218	40.250 	 0.648 	 135.000
FD10218	40.375 	 0.000 	 90.000
FD10218	40.500 	 0.000 	 90.000
FD10218	40.625 	 0.458 	 180.000
FD10218	40.750 	 0.000 	 90.000
FD10218	40.875 	 0.458 	 180.000
FD10218	41.000 	 0.000 	 90.000
FD10218	41.125 	 0.458 	 180.000
FD10218	41.250 	 0.000 	 90.000
FD10218	41.375 	 0.648 	 135.000
FD10218	41.500 	 0.000 	 90.000
FD10218	41.625 	 0.458 	 180.000
FD10218	41.750 	 0.000 	 90.000
FD10218	41.875 	 0.458 	 180.000
FD10218	42.000 	 0.458 	 270.000
FD10218	42.125 	 0.458 	 180.000
FD10218	42.250 	 0.000 	 90.000
FD10218	42.375 	 0.458 	 180.000
FD10218	42.500 	 0.458 	 270.000
FD10218	42.625 	 0.458 	 180.000
FD10218	42.750 	 0.458 	 180.000
FD10218	42.875 	 0.458 	 270.000
FD10218	43.000 	 0.458 	 180.000
FD10218	43.125 	 0.000 	 90.000
FD10218	43.250 	 0.648 	 225.000
FD10218	43.375 	 0.000 	 90.000
FD10218	43.500 	 0.458 	 180.000
FD10218	43.625 	 0.000 	 90.000
FD10218	43.750 	 0.648 	 225.000
FD10218	43.875 	 0.000 	 90.000
FD10218	44.000 	 0.458 	 180.000
FD10218	44.125 	 0.458 	 270.000
FD10218	44.250 	 0.458 	 180.000
FD10218	44.375 	 0.458 	 180.000
FD10218	44.500 	 0.458 	 270.000
FD10218	44.625 	 0.458 	 180.000
FD10218	44.750 	 0.000 	 90.000
FD10218	44.875 	 0.648 	 225.000
FD10218	45.000 	 0.000 	 90.000
FD10218	45.125 	 0.458 	 180.000
FD10218	45.250 	 0.000 	 90.000
FD10218	45.375 	 0.648 	 225.000
FD10218	45.500 	 0.000 	 90.000
FD10218	45.625 	 0.458 	 180.000
FD10218	45.750 	 0.458 	 270.000
FD10218	45.875 	 0.458 	 180.000
FD10218	46.000 	 0.458 	 180.000
FD10218	46.125 	 0.458 	 270.000
FD10218	46.250 	 0.458 	 180.000
FD10218	46.375 	 0.000 	 90.000
FD10218	46.500 	 0.458 	 180.000
FD10218	46.625 	 0.458 	 270.000
FD10218	46.750 	 0.458 	 180.000
FD10218	46.875 	 0.000 	 90.000
FD10218	47.000 	 0.648 	 225.000
FD10218	47.125 	 0.000 	 90.000
FD10218	47.250 	 0.458 	 180.000
FD10218	47.375 	 0.458 	 270.000
FD10218	47.500 	 0.458 	 180.000
FD10218	47.625 	 0.458 	 180.000
FD10218	47.750 	 0.000 	 90.000
FD10218	47.875 	 0.648 	 225.000
FD10218	48.000 	 0.000 	 90.000
FD10218	48.125 	 0.458 	 180.000
FD10218	48.250 	 0.458 	 270.000
FD10218	48.375 	 0.458 	 180.000
FD10218	48.500 	 0.000 	 90.000
FD10218	48.625 	 0.648 	 225.000
FD10218	48.750 	 0.000 	 90.000
FD10218	48.875 	 0.458 	 180.000
FD10218	49.000 	 0.648 	 225.000
FD10218	49.125 	 0.000 	 90.000
FD10218	49.250 	 0.458 	 180.000
FD10218	49.375 	 0.000 	 90.000
FD10218	49.500 	 0.648 	 225.000
FD10218	49.625 	 0.000 	 90.000
FD10218	49.750 	 0.458 	 180.000
FD10218	49.875 	 0.458 	 270.000
FD10218	50.000 	 0.458 	 180.000
FD10218	50.125 	 0.000 	 90.000
FD10218	50.250 	 0.648 	 225.000
FD10218	50.375 	 0.000 	 90.000
FD10218	50.500 	 0.458 	 180.000
FD10218	50.625 	 0.458 	 180.000
FD10218	50.750 	 0.458 	 270.000
FD10218	50.875 	 0.458 	 180.000
FD10218	51.000 	 0.000 	 90.000
FD10218	51.125 	 0.648 	 225.000
FD10218	51.250 	 0.000 	 90.000
FD10218	51.375 	 0.458 	 270.000
FD10218	51.500 	 0.458 	 270.000
FD10218	51.625 	 0.648 	 225.000
FD10218	51.750 	 0.000 	 90.000
FD10218	51.875 	 0.458 	 270.000
FD10218	52.000 	 0.458 	 270.000
FD10218	52.125 	 0.458 	 180.000
FD10218	52.250 	 0.458 	 270.000
FD10218	52.375 	 0.458 	 270.000
FD10218	52.500 	 0.000 	 90.000
FD10218	52.625 	 0.648 	 225.000
FD10218	52.750 	 0.458 	 270.000
FD10218	52.875 	 0.458 	 270.000
FD10218	53.000 	 0.000 	 90.000
FD10218	53.125 	 0.648 	 225.000
FD10218	53.250 	 0.458 	 270.000
FD10218	53.375 	 0.000 	 90.000
FD10218	53.500 	 0.458 	 270.000
FD10218	53.625 	 0.648 	 225.000
FD10218	53.750 	 0.458 	 270.000
FD10218	53.875 	 0.000 	 90.000
FD10218	54.000 	 0.458 	 270.000
FD10218	54.125 	 0.458 	 270.000
FD10218	54.250 	 0.458 	 180.000
FD10218	54.375 	 0.458 	 270.000
FD10218	54.500 	 0.458 	 270.000
FD10218	54.625 	 0.000 	 90.000
FD10218	54.750 	 0.648 	 225.000
FD10218	54.875 	 0.458 	 270.000
FD10218	55.000 	 0.458 	 270.000
FD10218	55.125 	 0.000 	 90.000
FD10218	55.250 	 0.648 	 225.000
FD10218	55.375 	 0.458 	 270.000
FD10218	55.500 	 0.000 	 90.000
FD10218	55.625 	 0.458 	 270.000
FD10218	55.750 	 0.648 	 225.000
FD10218	55.875 	 0.458 	 270.000
FD10218	56.000 	 0.000 	 90.000
FD10218	56.125 	 0.458 	 270.000
FD10218	56.250 	 0.648 	 225.000
FD10218	56.375 	 0.000 	 90.000
FD10218	56.500 	 0.458 	 270.000
FD10218	56.625 	 0.458 	 270.000
FD10218	56.750 	 0.458 	 180.000
FD10218	56.875 	 0.458 	 270.000
FD10218	57.000 	 0.458 	 270.000
FD10218	57.125 	 0.458 	 270.000
FD10218	57.250 	 0.458 	 180.000
FD10218	57.375 	 0.458 	 270.000
FD10218	57.500 	 0.458 	 270.000
FD10218	57.625 	 0.000 	 90.000
FD10218	57.750 	 0.648 	 225.000
FD10218	57.875 	 0.458 	 270.000
FD10218	58.000 	 0.458 	 270.000
FD10218	58.125 	 0.000 	 90.000
FD10218	58.250 	 0.648 	 225.000
FD10218	58.375 	 0.458 	 270.000
FD10218	58.500 	 0.000 	 90.000
FD10218	58.625 	 0.458 	 270.000
FD10218	58.750 	 0.458 	 270.000
FD10218	58.875 	 0.458 	 180.000
FD10218	59.000 	 0.458 	 270.000
FD10218	59.125 	 0.458 	 270.000
FD10218	59.250 	 0.458 	 270.000
FD10218	59.375 	 0.458 	 180.000
FD10218	59.500 	 0.458 	 270.000
FD10218	59.625 	 0.458 	 270.000
FD10218	59.750 	 0.000 	 90.000
FD10218	59.875 	 0.648 	 225.000
FD10218	60.000 	 0.458 	 270.000
FD10218	60.125 	 0.458 	 270.000
FD10218	60.250 	 0.000 	 90.000
FD10218	60.375 	 0.458 	 270.000
FD10218	60.500 	 0.458 	 270.000
FD10218	60.625 	 0.458 	 270.000
FD10218	60.750 	 0.458 	 0.000
FD10218	60.875 	 0.458 	 270.000
FD10218	61.000 	 0.458 	 270.000
FD10218	61.125 	 0.648 	 315.000
FD10218	61.250 	 0.458 	 270.000
FD10218	61.375 	 0.000 	 90.000
FD10218	61.500 	 0.648 	 315.000
FD10218	61.625 	 0.458 	 270.000
FD10218	61.750 	 0.458 	 270.000
FD10218	61.875 	 0.648 	 315.000
FD10218	62.000 	 0.000 	 90.000
FD10218	62.125 	 0.458 	 270.000
FD10218	62.250 	 0.648 	 315.000
FD10218	62.375 	 0.458 	 270.000
FD10218	62.500 	 0.458 	 270.000
FD10218	62.625 	 0.458 	 0.000
FD10218	62.750 	 0.458 	 270.000
FD10218	62.875 	 0.458 	 270.000
FD10218	63.000 	 0.648 	 315.000
FD10218	63.125 	 0.458 	 270.000
FD10218	63.250 	 0.000 	 90.000
FD10218	63.375 	 0.648 	 315.000
FD10218	63.500 	 0.458 	 270.000
FD10218	63.625 	 0.458 	 270.000
FD10218	63.750 	 0.648 	 315.000
FD10218	63.875 	 0.000 	 90.000
FD10218	64.000 	 0.458 	 270.000
FD10218	64.125 	 0.648 	 315.000
FD10218	64.250 	 0.458 	 270.000
FD10218	64.375 	 0.458 	 270.000
FD10218	64.500 	 0.458 	 0.000
FD10218	64.625 	 0.458 	 270.000
FD10218	64.750 	 0.458 	 270.000
FD10218	64.875 	 0.648 	 315.000
FD10218	65.000 	 0.458 	 270.000
FD10218	65.125 	 0.000 	 90.000
FD10218	65.250 	 0.648 	 315.000
FD10218	65.375 	 0.458 	 270.000
FD10218	65.500 	 0.458 	 270.000
FD10218	65.625 	 0.648 	 315.000
FD10218	65.750 	 0.000 	 90.000
FD10218	65.875 	 0.458 	 270.000
FD10218	66.000 	 0.653 	 315.000
FD10218	66.125 	 0.458 	 270.000
FD10218	66.250 	 0.458 	 270.000
FD10218	66.375 	 0.458 	 0.000
FD10218	66.500 	 0.458 	 270.000
FD10218	66.625 	 0.458 	 270.000
FD10218	66.750 	 0.458 	 270.000
FD10218	66.875 	 0.648 	 315.000
FD10218	67.000 	 0.000 	 90.000
FD10218	67.125 	 0.458 	 270.000
FD10218	67.250 	 0.648 	 315.000
FD10218	67.375 	 0.458 	 270.000
FD10218	67.500 	 0.458 	 270.000
FD10218	67.625 	 0.458 	 0.000
FD10218	67.750 	 0.458 	 270.000
FD10218	67.875 	 0.458 	 270.000
FD10218	68.000 	 0.648 	 315.000
FD10218	68.125 	 0.458 	 270.000
FD10218	68.250 	 0.000 	 90.000
FD10218	68.375 	 0.648 	 315.000
FD10218	68.500 	 0.458 	 270.000
FD10218	68.625 	 0.458 	 270.000
FD10218	68.750 	 0.648 	 315.000
FD10218	68.875 	 0.000 	 90.000
FD10218	69.000 	 0.458 	 270.000
FD10218	69.125 	 0.648 	 315.000
FD10218	69.250 	 0.458 	 270.000
FD10218	69.375 	 0.458 	 270.000
FD10218	69.500 	 0.458 	 0.000
FD10218	69.625 	 0.648 	 315.000
FD10218	69.750 	 0.648 	 315.000
FD10218	69.875 	 0.458 	 0.000
FD10218	70.000 	 0.458 	 270.000
FD10218	70.125 	 0.458 	 0.000
FD10218	70.250 	 0.648 	 315.000
FD10218	70.375 	 0.458 	 0.000
FD10218	70.500 	 0.648 	 315.000
FD10218	70.625 	 0.648 	 315.000
FD10218	70.750 	 0.000 	 90.000
FD10218	70.875 	 0.648 	 315.000
FD10218	71.000 	 0.458 	 0.000
FD10218	71.125 	 0.648 	 315.000
FD10218	71.250 	 0.648 	 315.000
FD10218	71.375 	 0.458 	 0.000
FD10218	71.500 	 0.648 	 315.000
FD10218	71.625 	 0.000 	 90.000
FD10218	71.750 	 0.648 	 315.000
FD10218	71.875 	 0.648 	 315.000
FD10218	72.000 	 0.458 	 0.000
FD10218	72.125 	 0.648 	 315.000
FD10218	72.250 	 0.458 	 0.000
FD10218	72.375 	 0.458 	 270.000
FD10218	72.500 	 0.648 	 315.000
FD10218	72.625 	 0.458 	 0.000
FD10218	72.750 	 0.648 	 315.000
FD10218	72.875 	 0.458 	 0.000
FD10218	73.000 	 0.648 	 315.000
FD10218	73.125 	 0.458 	 270.000
FD10218	73.250 	 0.458 	 0.000
FD10218	73.375 	 0.648 	 315.000
FD10218	73.500 	 0.458 	 0.000
FD10218	73.625 	 0.648 	 315.000
FD10218	73.750 	 0.648 	 315.000
FD10218	73.875 	 0.000 	 90.000
FD10218	74.000 	 0.648 	 315.000
FD10218	74.125 	 0.458 	 0.000
FD10218	74.250 	 0.648 	 315.000
FD10218	74.375 	 0.648 	 315.000
FD10218	74.500 	 0.458 	 0.000
FD10218	74.625 	 0.458 	 270.000
FD10218	74.750 	 0.458 	 0.000
FD10218	74.875 	 0.648 	 315.000
FD10218	75.000 	 0.648 	 315.000
FD10218	75.125 	 0.458 	 0.000
FD10218	75.250 	 0.648 	 315.000
FD10218	75.375 	 0.000 	 90.000
FD10218	75.500 	 0.648 	 315.000
FD10218	75.625 	 0.648 	 315.000
FD10218	75.750 	 0.458 	 0.000
FD10218	75.875 	 0.648 	 315.000
FD10218	76.000 	 0.458 	 0.000
FD10218	76.125 	 0.458 	 270.000
FD10218	76.250 	 0.648 	 315.000
FD10218	76.375 	 0.458 	 0.000
FD10218	76.500 	 0.648 	 315.000
FD10218	76.625 	 0.458 	 0.000
FD10218	76.750 	 0.648 	 315.000
FD10218	76.875 	 0.648 	 315.000
FD10218	77.000 	 0.000 	 90.000
FD10218	77.125 	 0.648 	 315.000
FD10218	77.250 	 0.458 	 0.000
FD10218	77.375 	 0.648 	 315.000
FD10218	77.500 	 0.648 	 315.000
FD10218	77.625 	 0.458 	 0.000
FD10218	77.750 	 0.458 	 270.000
FD10218	77.875 	 0.458 	 0.000
FD10218	78.000 	 0.648 	 315.000
FD10218	78.125 	 0.648 	 315.000
FD10218	78.250 	 0.458 	 0.000
FD10218	78.375 	 0.648 	 315.000
FD10218	78.500 	 0.458 	 0.000
FD10218	78.625 	 0.917 	 0.000
FD10218	78.750 	 1.449 	 18.435
FD10218	78.875 	 0.917 	 0.000
FD10218	79.000 	 0.917 	 0.000
FD10218	79.125 	 1.025 	 26.565
FD10218	79.250 	 0.917 	 0.000
FD10218	79.375 	 0.917 	 0.000
FD10218	79.500 	 1.025 	 26.565
FD10218	79.625 	 1.375 	 0.000
FD10218	79.750 	 0.917 	 0.000
FD10218	79.875 	 1.025 	 26.565
FD10218	80.000 	 0.917 	 0.000
FD10218	80.125 	 0.917 	 0.000
FD10218	80.250 	 0.917 	 0.000
FD10218	80.375 	 1.449 	 18.435
FD10218	80.500 	 0.917 	 0.000
FD10218	80.625 	 0.917 	 0.000
FD10218	80.750 	 1.025 	 26.565
FD10218	80.875 	 0.917 	 0.000
FD10218	81.000 	 0.917 	 0.000
FD10218	81.125 	 1.025 	 26.565
FD10218	81.250 	 1.375 	 0.000
FD10218	81.375 	 0.917 	 0.000
FD10218	81.500 	 0.917 	 0.000
FD10218	81.625 	 1.025 	 26.565
FD10218	81.750 	 0.924 	 0.000
FD10218	81.875 	 0.917 	 0.000
FD10218	82.000 	 1.025 	 26.565
FD10218	82.125 	 1.375 	 0.000
FD10218	82.250 	 0.917 	 0.000
FD10218	82.375 	 1.025 	 26.565
FD10218	82.500 	 0.917 	 0.000
FD10218	82.625 	 0.917 	 0.000
FD10218	82.750 	 0.917 	 0.000
FD10218	82.875 	 1.449 	 18.435
FD10218	83.000 	 0.917 	 0.000
FD10218	83.125 	 0.917 	 0.000
FD10218	83.250 	 1.025 	 26.565
FD10218	83.375 	 0.917 	 0.000
FD10218	83.500 	 0.917 	 0.000
FD10218	83.625 	 1.025 	 26.565
FD10218	83.750 	 1.375 	 0.000
FD10218	83.875 	 0.917 	 0.000
FD10218	84.000 	 0.917 	 0.000
FD10218	84.125 	 1.025 	 26.565
FD10218	84.250 	 0.917 	 0.000
FD10218	84.375 	 0.917 	 0.000
FD10218	84.500 	 1.449 	 18.435
FD10218	84.625 	 0.917 	 0.000
FD10218	84.750 	 0.917 	 0.000
FD10218	84.875 	 1.025 	 26.565
FD10218	85.000 	 0.917 	 0.000
FD10218	85.125 	 0.917 	 0.000
FD10218	85.250 	 1.025 	 26.565
FD10218	85.375 	 1.375 	 0.000
FD10218	85.500 	 0.917 	 0.000
FD10218	85.625 	 0.917 	 0.000
FD10218	85.750 	 1.025 	 26.565
FD10218	85.875 	 0.917 	 0.000
FD10218	86.000 	 0.917 	 0.000
FD10218	86.125 	 1.449 	 18.435
FD10218	86.250 	 0.917 	 0.000
FD10218	86.375 	 0.917 	 0.000
FD10218	86.500 	 1.025 	 26.565
FD10218	86.625 	 0.917 	 0.000
FD10218	86.750 	 0.917 	 0.000
FD10218	86.875 	 0.917 	 0.000
FD10218	87.000 	 1.449 	 18.435
FD10218	87.125 	 0.917 	 0.000
FD10218	87.250 	 0.924 	 0.000
FD10218	87.375 	 1.025 	 26.565
FD10218	87.500 	 0.917 	 0.000
FD10218	87.625 	 0.917 	 0.000
FD10218	87.750 	 1.449 	 18.435
FD10218	87.875 	 0.917 	 0.000
FD10218	88.000 	 0.917 	 0.000
FD10218	88.125 	 0.917 	 0.000
FD10218	88.250 	 1.025 	 26.565
FD10218	88.375 	 0.917 	 0.000
FD10218	88.500 	 0.917 	 0.000
FD10218	88.625 	 1.449 	 18.435
FD10218	88.750 	 0.917 	 0.000
FD10218	88.875 	 0.917 	 0.000
FD10218	89.000 	 1.025 	 26.565
FD10218	89.125 	 0.917 	 0.000
FD10218	89.250 	 0.917 	 0.000
FD10218	89.375 	 1.025 	 26.565
FD10218	89.500 	 1.375 	 0.000
FD10218	89.625 	 0.917 	 0.000
FD10218	89.750 	 0.917 	 0.000
FD10218	89.875 	 1.025 	 26.565
FD10218	90.000 	 0.917 	 0.000
FD10218	90.125 	 2.591 	 45.000
FD10218	90.250 	 2.932 	 38.660
FD10218	90.375 	 2.591 	 45.000
FD10218	90.500 	 2.309 	 36.870
FD10218	90.625 	 2.591 	 45.000
FD10218	90.750 	 2.591 	 45.000
FD10218	90.875 	 2.591 	 45.000
FD10218	91.000 	 2.591 	 45.000
FD10218	91.125 	 2.932 	 38.660
FD10218	91.250 	 2.291 	 36.870
FD10218	91.375 	 2.591 	 45.000
FD10218	91.500 	 2.612 	 45.000
FD10218	91.625 	 2.591 	 45.000
FD10218	91.750 	 2.591 	 45.000
FD10218	91.875 	 2.591 	 45.000
FD10218	92.000 	 2.932 	 38.660
FD10218	92.125 	 2.291 	 36.870
FD10218	92.250 	 2.591 	 45.000
FD10218	92.375 	 2.612 	 45.000
FD10218	92.500 	 2.591 	 45.000
FD10218	92.625 	 2.591 	 45.000
FD10218	92.750 	 2.932 	 38.660
FD10218	92.875 	 2.291 	 36.870
FD10218	93.000 	 2.591 	 45.000
FD10218	93.125 	 2.591 	 45.000
FD10218	93.250 	 2.612 	 45.000
FD10218	93.375 	 2.591 	 45.000
FD10218	93.500 	 2.591 	 45.000
FD10218	93.625 	 2.932 	 38.660
FD10218	93.750 	 2.291 	 36.870
FD10218	93.875 	 2.591 	 45.000
FD10218	94.000 	 2.591 	 45.000
FD10218	94.125 	 2.591 	 45.000
FD10218	94.250 	 2.612 	 45.000
FD10218	94.375 	 2.591 	 45.000
FD10218	94.500 	 2.671 	 30.964
FD10218	94.625 	 2.591 	 45.000
FD10218	94.750 	 2.591 	 45.000
FD10218	94.875 	 2.591 	 45.000
FD10218	95.000 	 2.591 	 45.000
FD10218	95.125 	 2.612 	 45.000
FD10218	95.250 	 2.591 	 45.000
FD10218	95.375 	 2.671 	 30.964
FD10218	95.500 	 2.591 	 45.000
FD10218	95.625 	 2.591 	 45.000
FD10218	95.750 	 2.591 	 45.000
FD10218	95.875 	 2.591 	 45.000
FD10218	96.000 	 2.591 	 45.000
FD10218	96.125 	 2.692 	 30.964
FD10218	96.250 	 2.591 	 45.000
FD10218	96.375 	 2.591 	 45.000
FD10218	96.500 	 2.591 	 45.000
FD10218	96.625 	 2.591 	 45.000
FD10218	96.750 	 2.591 	 45.000
FD10218	96.875 	 3.915 	 45.000
FD10218	97.000 	 5.172 	 45.000
FD10218	97.125 	 4.900 	 48.814
FD10218	97.250 	 5.172 	 45.000
FD10218	97.375 	 4.900 	 48.814
FD10218	97.500 	 5.172 	 45.000
FD10218	97.625 	 4.900 	 48.814
FD10218	97.750 	 5.172 	 45.000
FD10218	97.875 	 4.564 	 45.000
FD10218	98.000 	 5.172 	 45.000
FD10218	98.125 	 4.900 	 48.814
FD10218	98.250 	 4.861 	 48.814
FD10218	98.375 	 5.172 	 45.000
FD10218	98.500 	 4.900 	 48.814
FD10218	98.625 	 5.172 	 45.000
FD10218	98.750 	 4.900 	 48.814
FD10218	98.875 	 5.172 	 45.000
FD10218	99.000 	 4.900 	 48.814
FD10218	99.125 	 5.172 	 45.000
FD10218	99.250 	 4.900 	 48.814
FD10218	99.375 	 5.172 	 45.000
FD10218	99.500 	 4.900 	 48.814
FD10218	99.625 	 5.172 	 45.000
FD10218	99.750 	 4.900 	 48.814
FD10218	99.875 	 4.528 	 45.000
FD10218	100.000 	 5.213 	 45.000
FD10218	100.125 	 4.861 	 48.814
FD10218	100.250 	 5.213 	 45.000
FD10218	100.375 	 4.861 	 48.814
FD10218	100.500 	 5.213 	 45.000
FD10218	100.625 	 4.861 	 48.814
FD10218	100.750 	 5.213 	 45.000
FD10218	100.875 	 4.861 	 48.814
FD10218	101.000 	 5.213 	 45.000
FD10218	101.125 	 4.861 	 48.814
FD10218	101.250 	 5.213 	 45.000
FD10218	101.375 	 4.861 	 48.814
FD10218	101.500 	 4.900 	 48.814
FD10218	101.625 	 5.172 	 45.000
FD10218	101.750 	 4.564 	 45.000
FD10218	101.875 	 5.172 	 45.000
FD10218	102.000 	 4.900 	 48.814
FD10218	102.125 	 5.172 	 45.000
FD10218	102.250 	 4.900 	 48.814
FD10218	102.375 	 5.172 	 45.000
FD10218	102.500 	 4.900 	 48.814
FD10218	102.625 	 5.172 	 45.000
FD10218	102.750 	 4.900 	 48.814
FD10218	102.875 	 5.172 	 45.000
FD10218	103.000 	 4.900 	 48.814
FD10218	103.125 	 4.861 	 48.814
FD10218	103.250 	 5.213 	 45.000
FD10218	103.375 	 4.861 	 48.814
FD10218	103.500 	 5.172 	 45.000
FD10218	103.625 	 4.900 	 48.814
FD10218	103.750 	 4.861 	 41.186
FD10218	103.875 	 4.900 	 48.814
FD10218	104.000 	 5.172 	 45.000
FD10218	104.125 	 4.900 	 48.814
FD10218	104.250 	 5.172 	 45.000
FD10218	104.375 	 4.900 	 48.814
FD10218	104.500 	 5.172 	 45.000
FD10218	104.625 	 4.900 	 48.814
FD10218	104.750 	 4.861 	 48.814
FD10218	104.875 	 5.213 	 45.000
FD10218	105.000 	 4.861 	 48.814
FD10218	105.125 	 5.213 	 45.000
FD10218	105.250 	 4.861 	 48.814
FD10218	105.375 	 5.213 	 45.000
FD10218	105.500 	 4.861 	 48.814
FD10218	105.625 	 4.900 	 41.186
FD10218	105.750 	 4.861 	 48.814
FD10218	105.875 	 5.213 	 45.000
FD10218	106.000 	 5.502 	 48.366
FD10218	106.125 	 7.180 	 50.195
FD10218	106.250 	 7.540 	 47.490
FD10218	106.375 	 7.820 	 49.764
FD10218	106.500 	 7.479 	 47.490
FD10218	106.625 	 7.479 	 47.489
FD10218	106.750 	 7.479 	 47.490
FD10218	106.875 	 7.535 	 52.431
FD10218	107.000 	 7.479 	 47.489
FD10218	107.125 	 7.479 	 47.490
FD10218	107.250 	 7.479 	 47.490
FD10218	107.375 	 7.820 	 49.763
FD10218	107.500 	 7.479 	 47.490
FD10218	107.625 	 7.180 	 50.195
FD10218	107.750 	 7.479 	 47.489
FD10218	107.875 	 7.883 	 49.764
FD10218	108.000 	 7.479 	 47.490
FD10218	108.125 	 7.479 	 47.490
FD10218	108.250 	 7.180 	 50.195
FD10218	108.375 	 7.479 	 47.489
FD10218	108.500 	 7.820 	 49.764
FD10218	108.625 	 7.479 	 47.490
FD10218	108.750 	 7.479 	 47.489
FD10218	108.875 	 7.479 	 47.490
FD10218	109.000 	 7.535 	 52.431
FD10218	109.125 	 7.479 	 47.490
FD10218	109.250 	 7.479 	 47.490
FD10218	109.375 	 7.539 	 47.490
FD10218	109.500 	 7.820 	 49.763
FD10218	109.625 	 7.180 	 50.194
FD10218	109.750 	 7.479 	 47.490
FD10218	109.875 	 7.479 	 47.489
FD10218	110.000 	 7.820 	 49.764
FD10218	110.125 	 7.479 	 47.490
FD10218	110.250 	 7.479 	 47.490
FD10218	110.375 	 7.180 	 50.194
FD10218	110.500 	 7.820 	 49.764
FD10218	110.625 	 7.479 	 47.489
FD10218	110.750 	 7.479 	 47.490
FD10218	110.875 	 7.479 	 47.490
FD10218	111.000 	 7.539 	 47.489
FD10218	111.125 	 7.535 	 52.431
FD10218	111.250 	 7.479 	 47.490
FD10218	111.375 	 7.479 	 47.489
FD10218	111.500 	 7.479 	 47.490
FD10218	111.625 	 7.820 	 49.764
FD10218	111.750 	 7.180 	 50.194
FD10218	111.875 	 7.479 	 47.490
FD10218	112.000 	 7.479 	 47.490
FD10218	112.125 	 7.820 	 49.763
FD10218	112.250 	 7.479 	 47.490
FD10218	112.375 	 7.479 	 47.489
FD10218	112.500 	 7.238 	 50.194
FD10218	112.625 	 7.820 	 49.764
FD10218	112.750 	 7.479 	 47.490
FD10218	112.875 	 7.479 	 47.489
FD10218	113.000 	 7.479 	 47.489
FD10218	113.125 	 7.479 	 47.490
FD10218	113.250 	 7.535 	 52.431
FD10218	113.375 	 7.479 	 47.490
FD10218	113.500 	 7.479 	 47.489
FD10218	113.625 	 7.479 	 47.489
FD10218	113.750 	 7.820 	 49.764
FD10218	113.875 	 7.180 	 50.194
FD10218	114.000 	 7.479 	 47.490
FD10218	114.125 	 7.539 	 47.489
FD10218	114.250 	 7.820 	 49.764
FD10218	114.375 	 7.479 	 47.489
FD10218	114.500 	 7.479 	 47.489
FD10218	114.625 	 7.180 	 50.195
FD10218	114.750 	 7.820 	 49.764
FD10218	114.875 	 7.479 	 47.490
FD10218	115.000 	 7.479 	 47.489
FD10218	115.125 	 7.820 	 49.764
FD10218	115.250 	 9.167 	 49.086
FD10218	115.375 	 9.806 	 48.814
FD10218	115.500 	 9.439 	 50.906
FD10218	115.625 	 9.515 	 50.906
FD10218	115.750 	 9.471 	 46.975
FD10218	115.875 	 9.515 	 50.906
FD10218	116.000 	 9.729 	 48.814
FD10218	116.125 	 9.167 	 49.086
FD10218	116.250 	 9.515 	 50.906
FD10218	116.375 	 9.729 	 48.814
FD10218	116.500 	 9.515 	 50.906
FD10218	116.625 	 9.168 	 49.086
FD10218	116.750 	 9.806 	 48.814
FD10218	116.875 	 9.439 	 50.906
FD10218	117.000 	 9.167 	 49.086
FD10218	117.125 	 9.807 	 48.814
FD10218	117.250 	 9.439 	 50.906
FD10218	117.375 	 9.806 	 48.814
FD10218	117.500 	 9.167 	 49.086
FD10218	117.625 	 9.515 	 50.906
FD10218	117.750 	 9.729 	 48.814
FD10218	117.875 	 9.167 	 49.086
FD10218	118.000 	 9.515 	 50.906
FD10218	118.125 	 9.806 	 48.814
FD10218	118.250 	 9.439 	 50.906
FD10218	118.375 	 9.167 	 49.086
FD10218	118.500 	 9.807 	 48.814
FD10218	118.625 	 9.439 	 50.906
FD10218	118.750 	 9.471 	 46.975
FD10218	118.875 	 9.515 	 50.906
FD10218	119.000 	 9.515 	 50.906
FD10218	119.125 	 9.729 	 48.814
FD10218	119.250 	 9.167 	 49.085
FD10218	119.375 	 9.515 	 50.906
FD10218	119.500 	 9.729 	 48.814
FD10218	119.625 	 9.167 	 49.085
FD10218	119.750 	 9.515 	 50.906
FD10218	119.875 	 9.806 	 48.814
FD10218	120.000 	 9.439 	 50.906
FD10218	120.125 	 9.471 	 46.975
FD10218	120.250 	 9.515 	 50.906
FD10218	120.375 	 9.439 	 50.906
FD10218	120.500 	 9.807 	 48.814
FD10218	120.625 	 9.167 	 49.086
FD10218	120.750 	 9.515 	 50.906
FD10218	120.875 	 9.729 	 48.814
FD10218	121.000 	 9.167 	 49.086
FD10218	121.125 	 9.515 	 50.906
FD10218	121.250 	 9.806 	 48.814
FD10218	121.375 	 9.439 	 50.906
FD10218	121.500 	 9.470 	 46.975
FD10218	121.625 	 9.515 	 50.906
FD10218	121.750 	 9.440 	 50.906
FD10218	121.875 	 9.470 	 46.975
FD10218	122.000 	 9.515 	 50.906
FD10218	122.125 	 9.515 	 50.906
FD10218	122.250 	 9.729 	 48.814
FD10218	122.375 	 9.167 	 49.086
FD10218	122.500 	 9.515 	 50.906
FD10218	122.625 	 9.729 	 48.814
FD10218	122.750 	 9.168 	 49.086
FD10218	122.875 	 9.806 	 48.814
FD10218	123.000 	 9.515 	 50.906
FD10218	123.125 	 9.439 	 50.906
FD10218	123.250 	 9.471 	 46.975
FD10218	123.375 	 9.515 	 50.906
FD10218	123.500 	 9.439 	 50.906
FD10218	123.625 	 9.470 	 46.975
FD10218	123.750 	 9.515 	 50.906
FD10218	123.875 	 9.515 	 50.906
FD10218	124.000 	 9.729 	 48.814
FD10218	124.125 	 9.807 	 48.814
FD10218	124.250 	 10.871 	 50.195
FD10218	124.375 	 11.417 	 49.899
FD10218	124.500 	 11.078 	 48.366
FD10218	124.625 	 11.223 	 51.710
FD10218	124.750 	 11.078 	 48.367
FD10218	124.875 	 11.078 	 48.366
FD10218	125.000 	 11.223 	 51.710
FD10218	125.125 	 11.078 	 48.366
FD10218	125.250 	 10.785 	 50.195
FD10218	125.375 	 11.509 	 49.899
FD10218	125.500 	 11.078 	 48.366
FD10218	125.625 	 11.134 	 51.710
FD10218	125.750 	 11.167 	 48.366
FD10218	125.875 	 11.078 	 48.367
FD10218	126.000 	 11.224 	 51.710
FD10218	126.125 	 11.078 	 48.366
FD10218	126.250 	 11.417 	 49.900
FD10218	126.375 	 10.871 	 50.194
FD10218	126.500 	 11.078 	 48.367
FD10218	126.625 	 11.134 	 51.710
FD10218	126.750 	 11.167 	 48.366
FD10218	126.875 	 11.078 	 48.367
FD10218	127.000 	 11.134 	 51.709
FD10218	127.125 	 11.167 	 48.367
FD10218	127.250 	 11.417 	 49.900
FD10218	127.375 	 10.785 	 50.194
FD10218	127.500 	 11.167 	 48.367
FD10218	127.625 	 11.134 	 51.710
FD10218	127.750 	 11.167 	 48.367
FD10218	127.875 	 11.078 	 48.366
FD10218	128.000 	 11.134 	 51.710
FD10218	128.125 	 11.167 	 48.366
FD10218	128.250 	 11.418 	 49.900
FD10218	128.375 	 10.785 	 50.194
FD10218	128.500 	 11.167 	 48.366
FD10218	128.625 	 11.134 	 51.710
FD10218	128.750 	 11.078 	 48.366
FD10218	128.875 	 11.509 	 49.899
FD10218	129.000 	 10.785 	 50.194
FD10218	129.125 	 11.078 	 48.366
FD10218	129.250 	 11.507 	 49.900
FD10218	129.375 	 10.786 	 50.194
FD10218	129.500 	 11.078 	 48.367
FD10218	129.625 	 11.507 	 49.899
FD10218	129.750 	 10.785 	 50.195
FD10218	129.875 	 11.509 	 49.899
FD10218	130.000 	 10.785 	 50.194
FD10218	130.125 	 11.078 	 48.367
FD10218	130.250 	 11.509 	 49.900
FD10218	130.375 	 10.785 	 50.194
FD10218	130.500 	 11.078 	 48.367
FD10218	130.625 	 11.507 	 49.899
FD10218	130.750 	 10.785 	 50.195
FD10218	130.875 	 11.418 	 49.899
FD10218	131.000 	 10.871 	 50.194
FD10218	131.125 	 11.078 	 48.367
FD10218	131.250 	 11.417 	 49.899
FD10218	131.375 	 10.872 	 50.194
FD10218	131.500 	 11.417 	 49.899
FD10218	131.625 	 11.167 	 48.366
FD10218	131.750 	 10.785 	 50.195
FD10218	131.875 	 11.417 	 49.899
FD10218	132.000 	 11.166 	 48.367
FD10218	132.125 	 10.785 	 50.194
FD10218	132.250 	 11.417 	 49.900
FD10218	132.375 	 10.872 	 50.194
FD10218	132.500 	 11.417 	 49.899
FD10218	132.625 	 11.078 	 48.367
FD10218	132.750 	 10.872 	 50.195
FD10218	132.875 	 11.417 	 49.899
FD10218	133.000 	 11.078 	 48.366
FD10218	133.125 	 10.872 	 50.194
FD10218	133.250 	 12.437 	 48.013
FD10218	133.375 	 12.774 	 49.399
FD10218	133.500 	 12.773 	 49.399
FD10218	133.625 	 12.742 	 46.469
FD10218	133.750 	 12.774 	 49.399
FD10218	133.875 	 12.773 	 49.398
FD10218	134.000 	 12.742 	 46.469
FD10218	134.125 	 12.773 	 49.399
FD10218	134.250 	 12.774 	 49.399
FD10218	134.375 	 12.742 	 46.469
FD10218	134.500 	 12.875 	 49.398
FD10218	134.625 	 12.773 	 49.398
FD10218	134.750 	 12.742 	 46.469
FD10218	134.875 	 12.774 	 49.398
FD10218	135.000 	 12.773 	 49.399
FD10218	135.125 	 12.742 	 46.469
FD10218	135.250 	 12.773 	 49.398
FD10218	135.375 	 12.774 	 49.399
FD10218	135.500 	 12.742 	 46.469
FD10218	135.625 	 12.773 	 49.398
FD10218	135.750 	 12.875 	 49.398
FD10218	135.875 	 12.742 	 46.469
FD10218	136.000 	 12.774 	 49.400
FD10218	136.125 	 12.773 	 49.398
FD10218	136.250 	 12.742 	 46.469
FD10218	136.375 	 12.773 	 49.398
FD10218	136.500 	 12.774 	 49.399
FD10218	136.625 	 12.742 	 46.469
FD10218	136.750 	 12.773 	 49.399
FD10218	136.875 	 12.774 	 49.398
FD10218	137.000 	 12.742 	 46.469
FD10218	137.125 	 12.875 	 49.399
FD10218	137.250 	 12.773 	 49.398
FD10218	137.375 	 12.742 	 46.469
FD10218	137.500 	 12.773 	 49.398
FD10218	137.625 	 12.774 	 49.400
FD10218	137.750 	 12.742 	 46.469
FD10218	137.875 	 12.773 	 49.398
FD10218	138.000 	 12.774 	 49.398
FD10218	138.125 	 12.742 	 46.469
FD10218	138.250 	 12.773 	 49.399
FD10218	138.375 	 12.875 	 49.398
FD10218	138.500 	 12.742 	 46.469
FD10218	138.625 	 12.773 	 49.399
FD10218	138.750 	 12.774 	 49.398
FD10218	138.875 	 12.742 	 46.469
FD10218	139.000 	 12.773 	 49.398
FD10218	139.125 	 12.774 	 49.398
FD10218	139.250 	 12.742 	 46.469
FD10218	139.375 	 12.773 	 49.398
FD10218	139.500 	 13.069 	 47.864
FD10218	139.625 	 12.537 	 48.013
FD10218	139.750 	 12.773 	 49.398
FD10218	139.875 	 12.742 	 46.469
FD10218	140.000 	 12.774 	 49.398
FD10218	140.125 	 12.773 	 49.399
FD10218	140.250 	 12.742 	 46.469
FD10218	140.375 	 12.774 	 49.399
FD10218	140.500 	 12.773 	 49.398
FD10218	140.625 	 12.742 	 46.469
FD10218	140.750 	 12.773 	 49.398
FD10218	140.875 	 12.774 	 49.398
FD10218	141.000 	 12.843 	 46.469
FD10218	141.125 	 12.774 	 49.398
FD10218	141.250 	 12.773 	 49.400
FD10218	141.375 	 12.742 	 46.469
FD10218	141.500 	 12.774 	 49.398
FD10218	141.625 	 12.773 	 49.398
FD10218	141.750 	 12.742 	 46.469
FD10218	141.875 	 12.773 	 49.399
FD10218	142.000 	 12.774 	 49.398
FD10218	142.125 	 12.742 	 46.469
FD10218	142.250 	 12.876 	 49.399
FD10218	142.375 	 13.401 	 49.185
FD10218	142.500 	 14.737 	 46.274
FD10218	142.625 	 14.436 	 47.602
FD10218	142.750 	 14.434 	 47.603
FD10218	142.875 	 14.434 	 47.602
FD10218	143.000 	 14.737 	 46.272
FD10218	143.125 	 14.434 	 47.603
FD10218	143.250 	 14.434 	 47.602
FD10218	143.375 	 14.434 	 47.603
FD10218	143.500 	 14.436 	 47.602
FD10218	143.625 	 14.737 	 46.274
FD10218	143.750 	 14.434 	 47.602
FD10218	143.875 	 14.434 	 47.603
FD10218	144.000 	 14.434 	 47.602
FD10218	144.125 	 14.737 	 46.274
FD10218	144.250 	 14.434 	 47.602
FD10218	144.375 	 14.436 	 47.603
FD10218	144.500 	 14.434 	 47.602
FD10218	144.625 	 14.737 	 46.273
FD10218	144.750 	 14.434 	 47.602
FD10218	144.875 	 14.434 	 47.603
FD10218	145.000 	 14.434 	 47.602
FD10218	145.125 	 14.737 	 46.273
FD10218	145.250 	 14.436 	 47.602
FD10218	145.375 	 14.434 	 47.603
FD10218	145.500 	 14.434 	 47.602
FD10218	145.625 	 14.737 	 46.273
FD10218	145.750 	 14.434 	 47.602
FD10218	145.875 	 14.434 	 47.603
FD10218	146.000 	 14.436 	 47.602
FD10218	146.125 	 14.434 	 47.603
FD10218	146.250 	 14.737 	 46.272
FD10218	146.375 	 14.434 	 47.603
FD10218	146.500 	 14.434 	 47.602
FD10218	146.625 	 14.434 	 47.603
FD10218	146.750 	 14.737 	 46.272
FD10218	146.875 	 14.436 	 47.603
FD10218	147.000 	 14.434 	 47.602
FD10218	147.125 	 14.434 	 47.603
FD10218	147.250 	 14.737 	 46.272
FD10218	147.375 	 14.434 	 47.603
FD10218	147.500 	 14.434 	 47.602
FD10218	147.625 	 14.434 	 47.603
FD10218	147.750 	 14.739 	 46.273
FD10218	147.875 	 14.434 	 47.602
FD10218	148.000 	 14.434 	 47.602
FD10218	148.125 	 14.434 	 47.603
FD10218	148.250 	 14.737 	 46.273
FD10218	148.375 	 14.434 	 47.602
FD10218	148.500 	 14.434 	 47.602
FD10218	148.625 	 14.436 	 47.603
FD10218	148.750 	 14.434 	 47.602
FD10218	148.875 	 14.737 	 46.273
FD10218	149.000 	 14.434 	 47.602
FD10218	149.125 	 14.322 	 47.603
FD10218	149.250 	 14.434 	 47.602
FD10218	149.375 	 14.737 	 46.274
FD10218	149.500 	 14.434 	 47.602
FD10218	149.625 	 14.765 	 48.814
FD10218	149.750 	 14.434 	 47.602
FD10218	149.875 	 14.737 	 46.274
FD10218	150.000 	 14.436 	 47.602
FD10218	150.125 	 14.434 	 47.603
FD10218	150.250 	 14.434 	 47.602
FD10218	150.375 	 14.737 	 46.274
FD10218	150.500 	 14.434 	 47.602
FD10218	150.625 	 14.434 	 47.602
FD10218	150.750 	 14.434 	 47.602
FD10218	150.875 	 14.739 	 46.274
FD10218	151.000 	 14.434 	 47.602
FD10218	151.125 	 14.434 	 47.602
FD10218	151.250 	 14.434 	 47.602
FD10218	151.375 	 14.434 	 47.603
FD10218	151.500 	 14.737 	 46.273
FD10218	151.625 	 14.550 	 47.603
FD10218	151.750 	 15.982 	 46.169
FD10218	151.875 	 16.430 	 47.290
FD10218	152.000 	 15.805 	 47.386
FD10218	152.125 	 16.109 	 46.169
FD10218	152.250 	 16.134 	 48.504
FD10218	152.375 	 16.109 	 46.169
FD10218	152.500 	 16.107 	 46.169
FD10218	152.625 	 15.807 	 47.386
FD10218	152.750 	 16.300 	 47.290
FD10218	152.875 	 15.807 	 47.386
FD10218	153.000 	 16.107 	 46.169
FD10218	153.125 	 15.807 	 47.386
FD10218	153.250 	 16.429 	 47.291
FD10218	153.375 	 16.107 	 46.169
FD10218	153.500 	 15.807 	 47.386
FD10218	153.625 	 16.430 	 47.290
FD10218	153.750 	 15.682 	 47.386
FD10218	153.875 	 16.109 	 46.169
FD10218	154.000 	 16.107 	 46.169
FD10218	154.125 	 16.134 	 48.504
FD10218	154.250 	 16.109 	 46.169
FD10218	154.375 	 15.805 	 47.386
FD10218	154.500 	 16.430 	 47.290
FD10218	154.625 	 15.807 	 47.386
FD10218	154.750 	 15.982 	 46.170
FD10218	154.875 	 16.109 	 46.169
FD10218	155.000 	 16.132 	 48.504
FD10218	155.125 	 16.109 	 46.169
FD10218	155.250 	 15.807 	 47.386
FD10218	155.375 	 16.107 	 46.169
FD10218	155.500 	 16.430 	 47.291
FD10218	155.625 	 15.807 	 47.386
FD10218	155.750 	 15.982 	 46.169
FD10218	155.875 	 16.132 	 48.504
FD10218	156.000 	 16.109 	 46.170
FD10218	156.125 	 15.807 	 47.385
FD10218	156.250 	 16.107 	 46.169
FD10218	156.375 	 16.430 	 47.290
FD10218	156.500 	 15.807 	 47.387
FD10218	156.625 	 16.109 	 46.169
FD10218	156.750 	 15.805 	 47.387
FD10218	156.875 	 16.300 	 47.290
FD10218	157.000 	 16.109 	 46.169
FD10218	157.125 	 15.807 	 47.386
FD10218	157.250 	 16.428 	 47.290
FD10218	157.375 	 15.807 	 47.387
FD10218	157.500 	 16.109 	 46.169
FD10218	157.625 	 16.107 	 46.170
FD10218	157.750 	 16.134 	 48.504
FD10218	157.875 	 15.982 	 46.169
FD10218	158.000 	 15.807 	 47.386
FD10218	158.125 	 16.109 	 46.170
FD10218	158.250 	 16.132 	 48.504
FD10218	158.375 	 16.109 	 46.169
FD10218	158.500 	 16.109 	 46.170
FD10218	158.625 	 16.132 	 48.504
FD10218	158.750 	 16.109 	 46.169
FD10218	158.875 	 15.682 	 47.386
FD10218	159.000 	 16.109 	 46.170
FD10218	159.125 	 16.428 	 47.290
FD10218	159.250 	 15.807 	 47.386
FD10218	159.375 	 16.109 	 46.170
FD10218	159.500 	 15.807 	 47.386
FD10218	159.625 	 16.428 	 47.290
FD10218	159.750 	 15.807 	 47.386
FD10218	159.875 	 15.982 	 46.170
FD10218	160.000 	 16.430 	 47.290
FD10218	160.125 	 15.805 	 47.386
FD10218	160.250 	 16.109 	 46.169
FD10218	160.375 	 15.807 	 47.387
FD10218	160.500 	 16.428 	 47.290
FD10218	160.625 	 16.109 	 46.169
FD10218	160.750 	 15.807 	 47.387
FD10218	160.875 	 16.107 	 46.169
FD10218	161.000 	 16.009 	 48.504
FD10218	161.125 	 16.107 	 46.169
FD10218	161.250 	 16.864 	 46.124
FD10218	161.375 	 17.047 	 47.202
FD10218	161.500 	 17.182 	 47.203
FD10218	161.625 	 17.048 	 47.201
FD10218	161.750 	 17.182 	 47.203
FD10218	161.875 	 16.730 	 46.124
FD10218	162.000 	 17.182 	 47.201
FD10218	162.125 	 17.048 	 47.203
FD10218	162.250 	 17.182 	 47.201
FD10218	162.375 	 16.730 	 46.124
FD10218	162.500 	 17.182 	 47.203
FD10218	162.625 	 17.048 	 47.201
FD10218	162.750 	 17.182 	 47.203
FD10218	162.875 	 17.036 	 45.000
FD10218	163.000 	 17.182 	 47.201
FD10218	163.125 	 17.046 	 47.203
FD10218	163.250 	 17.184 	 47.203
FD10218	163.375 	 17.046 	 47.201
FD10218	163.500 	 16.864 	 46.124
FD10218	163.625 	 17.047 	 47.202
FD10218	163.750 	 17.182 	 47.202
FD10218	163.875 	 17.048 	 47.203
FD10218	164.000 	 16.862 	 46.123
FD10218	164.125 	 17.048 	 47.202
FD10218	164.250 	 17.182 	 47.202
FD10218	164.375 	 17.048 	 47.202
FD10218	164.500 	 16.862 	 46.124
FD10218	164.625 	 17.348 	 46.081
FD10218	164.750 	 17.182 	 47.201
FD10218	164.875 	 17.048 	 47.203
FD10218	165.000 	 16.862 	 46.123
FD10218	165.125 	 17.048 	 47.202
FD10218	165.250 	 17.182 	 47.203
FD10218	165.375 	 17.049 	 47.202
FD10218	165.500 	 17.182 	 47.202
FD10218	165.625 	 16.728 	 46.123
FD10218	165.750 	 17.184 	 47.203
FD10218	165.875 	 17.046 	 47.202
FD10218	166.000 	 17.184 	 47.202
FD10218	166.125 	 16.728 	 46.124
FD10218	166.250 	 17.182 	 47.201
FD10218	166.375 	 17.048 	 47.203
FD10218	166.500 	 17.483 	 46.080
FD10218	166.625 	 16.730 	 46.124
FD10218	166.750 	 17.182 	 47.202
FD10218	166.875 	 17.048 	 47.202
FD10218	167.000 	 17.182 	 47.202
FD10218	167.125 	 16.730 	 46.124
FD10218	167.250 	 17.182 	 47.203
FD10218	167.375 	 17.048 	 47.201
FD10218	167.500 	 17.182 	 47.203
FD10218	167.625 	 17.048 	 47.201
FD10218	167.750 	 16.862 	 46.124
FD10218	167.875 	 17.046 	 47.203
FD10218	168.000 	 17.184 	 47.201
FD10218	168.125 	 17.046 	 47.203
FD10218	168.250 	 16.864 	 46.123
FD10218	168.375 	 17.345 	 46.080
FD10218	168.500 	 17.184 	 47.203
FD10218	168.625 	 17.046 	 47.202
FD10218	168.750 	 16.862 	 46.123
FD10218	168.875 	 17.048 	 47.203
FD10218	169.000 	 17.182 	 47.202
FD10218	169.125 	 17.048 	 47.202
FD10218	169.250 	 16.862 	 46.124
FD10218	169.375 	 17.049 	 47.202
FD10218	169.500 	 17.182 	 47.202
FD10218	169.625 	 17.049 	 47.202
FD10218	169.750 	 17.182 	 47.202
FD10218	169.875 	 16.730 	 46.124
FD10218	170.000 	 17.182 	 47.202
FD10218	170.125 	 17.347 	 46.080
FD10218	170.250 	 17.182 	 47.203
FD10218	170.375 	 16.728 	 46.124
FD10218	170.500 	 17.184 	 47.201
FD10218	170.625 	 17.801 	 47.122
FD10218	170.750 	 17.801 	 47.121
FD10218	170.875 	 17.801 	 47.121
FD10218	171.000 	 17.347 	 46.080
FD10218	171.125 	 17.801 	 47.122
FD10218	171.250 	 17.801 	 47.121
FD10218	171.375 	 17.803 	 47.121
FD10218	171.500 	 17.483 	 46.080
FD10218	171.625 	 17.801 	 47.121
FD10218	171.750 	 17.801 	 47.122
FD10218	171.875 	 17.803 	 47.121
FD10218	172.000 	 17.483 	 46.080
FD10218	172.125 	 17.801 	 47.121
FD10218	172.250 	 17.801 	 47.122
FD10218	172.375 	 17.801 	 47.121
FD10218	172.500 	 17.803 	 47.121
FD10218	172.625 	 17.483 	 46.081
FD10218	172.750 	 17.801 	 47.121
FD10218	172.875 	 17.801 	 47.122
FD10218	173.000 	 17.663 	 47.121
FD10218	173.125 	 17.483 	 46.080
FD10218	173.250 	 17.801 	 47.121
FD10218	173.375 	 18.103 	 46.042
FD10218	173.500 	 17.801 	 47.121
FD10218	173.625 	 17.801 	 47.121
FD10218	173.750 	 17.483 	 46.080
FD10218	173.875 	 17.801 	 47.121
FD10218	174.000 	 17.803 	 47.122
FD10218	174.125 	 17.801 	 47.121
FD10218	174.250 	 17.483 	 46.080
FD10218	174.375 	 17.801 	 47.121
FD10218	174.500 	 17.803 	 47.122
FD10218	174.625 	 17.801 	 47.121
FD10218	174.750 	 17.801 	 47.121
FD10218	174.875 	 17.483 	 46.080
FD10218	175.000 	 17.663 	 47.121
FD10218	175.125 	 17.801 	 47.122
FD10218	175.250 	 17.801 	 47.121
FD10218	175.375 	 17.483 	 46.080
FD10218	175.500 	 17.803 	 47.121
FD10218	175.625 	 17.801 	 47.123
FD10218	175.750 	 17.801 	 47.121
FD10218	175.875 	 17.483 	 46.080
FD10218	176.000 	 17.803 	 47.121
FD10218	176.125 	 17.801 	 47.121
FD10218	176.250 	 17.801 	 47.122
FD10218	176.375 	 17.801 	 47.121
FD10218	176.500 	 17.483 	 46.080
FD10218	176.625 	 17.803 	 47.121
FD10218	176.750 	 17.801 	 47.122
FD10218	176.875 	 17.801 	 47.121
FD10218	177.000 	 17.483 	 46.080
FD10218	177.125 	 17.663 	 47.121
FD10218	177.250 	 17.801 	 47.121
FD10218	177.375 	 18.101 	 46.042
FD10218	177.500 	 17.803 	 47.121
FD10218	177.625 	 17.483 	 46.080
FD10218	177.750 	 17.801 	 47.121
FD10218	177.875 	 17.801 	 47.122
FD10218	178.000 	 17.801 	 47.121
FD10218	178.125 	 17.485 	 46.080
FD10218	178.250 	 17.801 	 47.121
FD10218	178.375 	 17.801 	 47.121
FD10218	178.500 	 17.801 	 47.122
FD10218	178.625 	 17.803 	 47.122
FD10218	178.750 	 17.483 	 46.080
FD10218	178.875 	 17.801 	 47.121
FD10218	179.000 	 17.801 	 47.122
FD10218	179.125 	 17.663 	 47.121
FD10218	179.250 	 17.483 	 46.080
FD10218	179.375 	 17.801 	 47.121
FD10218	179.500 	 17.803 	 47.121
FD10218	179.625 	 17.801 	 47.122
FD10218	179.750 	 17.483 	 46.080
FD10218	179.875 	 17.801 	 47.121
FD10218	180.000 	 17.801 	 47.121
FD10218	180.125 	 17.803 	 47.122
FD10218	180.250 	 18.101 	 46.041
FD10218	180.375 	 18.562 	 47.045
FD10218	180.500 	 18.713 	 46.005
FD10218	180.625 	 18.101 	 46.041
FD10218	180.750 	 18.562 	 47.045
FD10218	180.875 	 18.100 	 46.042
FD10218	181.000 	 18.562 	 47.045
FD10218	181.125 	 18.415 	 47.045
FD10218	181.250 	 18.405 	 45.001
FD10218	181.375 	 18.562 	 47.044
FD10218	181.500 	 18.100 	 46.042
FD10218	181.625 	 18.562 	 47.045
FD10218	181.750 	 18.416 	 47.045
FD10218	181.875 	 18.100 	 46.042
FD10218	182.000 	 18.862 	 46.005
FD10218	182.125 	 18.101 	 46.041
FD10218	182.250 	 18.417 	 47.045
FD10218	182.375 	 18.560 	 47.045
FD10218	182.500 	 18.100 	 46.042
FD10218	182.625 	 18.562 	 47.045
FD10218	182.750 	 18.405 	 45.000
FD10218	182.875 	 18.418 	 47.045
FD10218	183.000 	 18.560 	 47.046
FD10218	183.125 	 18.103 	 46.041
FD10218	183.250 	 18.559 	 47.045
FD10218	183.375 	 18.103 	 46.041
FD10218	183.500 	 18.713 	 46.005
FD10218	183.625 	 18.562 	 47.045
FD10218	183.750 	 18.100 	 46.042
FD10218	183.875 	 18.562 	 47.045
FD10218	184.000 	 18.100 	 46.042
FD10218	184.125 	 18.416 	 47.045
FD10218	184.250 	 18.862 	 46.005
FD10218	184.375 	 18.100 	 46.042
FD10218	184.500 	 18.416 	 47.045
FD10218	184.625 	 18.245 	 46.041
FD10218	184.750 	 18.416 	 47.046
FD10218	184.875 	 18.562 	 47.045
FD10218	185.000 	 18.405 	 45.000
FD10218	185.125 	 18.415 	 47.045
FD10218	185.250 	 18.245 	 46.042
FD10218	185.375 	 18.415 	 47.045
FD10218	185.500 	 18.562 	 47.045
FD10218	185.625 	 18.101 	 46.041
FD10218	185.750 	 18.416 	 47.046
FD10218	185.875 	 18.551 	 45.000
FD10218	186.000 	 18.416 	 47.045
FD10218	186.125 	 18.562 	 47.045
FD10218	186.250 	 18.101 	 46.042
FD10218	186.375 	 18.417 	 47.045
FD10218	186.500 	 18.243 	 46.041
FD10218	186.625 	 18.716 	 46.005
FD10218	186.750 	 18.416 	 47.045
FD10218	186.875 	 18.245 	 46.042
FD10218	187.000 	 18.416 	 47.045
FD10218	187.125 	 18.245 	 46.042
FD10218	187.250 	 18.416 	 47.044
FD10218	187.375 	 18.713 	 46.005
FD10218	187.500 	 18.245 	 46.041
FD10218	187.625 	 18.416 	 47.046
FD10218	187.750 	 18.245 	 46.041
FD10218	187.875 	 18.416 	 47.046
FD10218	188.000 	 18.416 	 47.044
FD10218	188.125 	 18.551 	 45.001
FD10218	188.250 	 18.415 	 47.045
FD10218	188.375 	 18.101 	 46.041
FD10218	188.500 	 18.562 	 47.045
FD10218	188.625 	 18.416 	 47.046
FD10218	188.750 	 18.245 	 46.041
FD10218	188.875 	 18.713 	 46.005
FD10218	189.000 	 18.100 	 46.042
FD10218	189.125 	 18.562 	 47.045
FD10218	189.250 	 18.415 	 47.045
FD10218	189.375 	 18.245 	 46.041
FD10218	189.500 	 18.416 	 47.045
FD10218	189.625 	 18.407 	 45.000
FD10218	189.750 	 18.560 	 47.046
FD10218	189.875 	 18.862 	 46.005
FD10218	190.000 	 19.015 	 44.999
FD10218	190.125 	 19.166 	 45.000
FD10218	190.250 	 18.862 	 46.005
FD10218	190.375 	 19.166 	 44.999
FD10218	190.500 	 18.860 	 46.005
FD10218	190.625 	 18.715 	 43.995
FD10218	190.750 	 19.164 	 45.000
FD10218	190.875 	 18.862 	 46.005
FD10218	191.000 	 19.166 	 44.999
FD10218	191.125 	 18.862 	 46.005
FD10218	191.250 	 19.016 	 45.000
FD10218	191.375 	 19.166 	 45.000
FD10218	191.500 	 18.860 	 46.005
FD10218	191.625 	 19.166 	 45.001
FD10218	191.750 	 19.166 	 45.000
FD10218	191.875 	 18.713 	 46.005
FD10218	192.000 	 19.166 	 44.999
FD10218	192.125 	 18.860 	 46.006
FD10218	192.250 	 19.166 	 44.999
FD10218	192.375 	 18.862 	 43.995
FD10218	192.500 	 18.862 	 46.006
FD10218	192.625 	 19.015 	 44.999
FD10218	192.750 	 19.166 	 44.999
FD10218	192.875 	 18.860 	 46.006
FD10218	193.000 	 19.166 	 44.999
FD10218	193.125 	 18.862 	 46.005
FD10218	193.250 	 19.016 	 45.001
FD10218	193.375 	 19.166 	 45.000
FD10218	193.500 	 18.862 	 46.005
FD10218	193.625 	 19.164 	 45.001
FD10218	193.750 	 18.862 	 46.005
FD10218	193.875 	 19.015 	 44.999
FD10218	194.000 	 19.166 	 45.001
FD10218	194.125 	 18.862 	 46.005
FD10218	194.250 	 18.862 	 43.995
FD10218	194.375 	 19.164 	 45.001
FD10218	194.500 	 18.862 	 46.005
FD10218	194.625 	 19.015 	 44.999
FD10218	194.750 	 18.862 	 46.006
FD10218	194.875 	 19.166 	 44.999
FD10218	195.000 	 19.166 	 44.999
FD10218	195.125 	 18.860 	 46.006
FD10218	195.250 	 19.017 	 45.000
FD10218	195.375 	 19.164 	 44.999
FD10218	195.500 	 18.862 	 46.006
FD10218	195.625 	 19.166 	 44.999
FD10218	195.750 	 18.862 	 46.005
FD10218	195.875 	 19.016 	 45.001
FD10218	196.000 	 18.862 	 43.995
FD10218	196.125 	 18.859 	 46.005
FD10218	196.250 	 19.167 	 45.000
FD10218	196.375 	 18.862 	 46.005
FD10218	196.500 	 19.015 	 45.000
FD10218	196.625 	 19.166 	 45.002
FD10218	196.750 	 18.862 	 46.005
FD10218	196.875 	 19.164 	 44.998
FD10218	197.000 	 19.166 	 45.002
FD10218	197.125 	 18.862 	 46.005
FD10218	197.250 	 19.016 	 44.998
FD10218	197.375 	 18.862 	 46.006
FD10218	197.500 	 19.166 	 45.000
FD10218	197.625 	 19.163 	 45.000
FD10218	197.750 	 18.862 	 46.006
FD10218	197.875 	 18.714 	 43.994
FD10218	198.000 	 19.166 	 45.000
FD10218	198.125 	 18.862 	 46.006
FD10218	198.250 	 19.166 	 44.998
FD10218	198.375 	 18.859 	 46.005
FD10218	198.500 	 19.016 	 45.002
FD10218	198.625 	 19.166 	 45.000
FD10218	198.750 	 18.862 	 46.005
FD10218	198.875 	 19.167 	 45.000
FD10218	199.000 	 18.859 	 46.005
FD10218	199.125 	 19.166 	 45.000
FD10218	199.250 	 19.016 	 45.002
FD10218	199.375 	 19.166 	 44.998
FD10218	199.500 	 19.166 	 45.000
FD10218	199.625 	 19.627 	 44.030
FD10218	199.750 	 19.776 	 45.000
FD10218	199.875 	 19.167 	 45.000
FD10218	200.000 	 19.471 	 44.029
FD10218	200.125 	 19.475 	 45.970
FD10218	200.250 	 19.474 	 44.029
FD10218	200.375 	 19.474 	 44.028
FD10218	200.500 	 19.317 	 45.002
FD10218	200.625 	 19.776 	 44.998
FD10218	200.750 	 19.166 	 45.002
FD10218	200.875 	 19.472 	 44.028
FD10218	201.000 	 19.777 	 45.000
FD10218	201.125 	 19.166 	 45.000
FD10218	201.250 	 19.475 	 44.030
FD10218	201.375 	 19.626 	 45.971
FD10218	201.500 	 19.475 	 44.030
FD10218	201.625 	 19.471 	 44.029
FD10218	201.750 	 19.166 	 44.998
FD10218	201.875 	 19.776 	 45.002
FD10218	202.000 	 19.166 	 44.998
FD10218	202.125 	 19.472 	 44.031
FD10218	202.250 	 19.933 	 44.998
FD10218	202.375 	 19.164 	 45.002
FD10218	202.500 	 19.474 	 44.028
FD10218	202.625 	 19.474 	 45.972
FD10218	202.750 	 19.474 	 44.028
FD10218	202.875 	 19.472 	 44.028
FD10218	203.000 	 19.166 	 45.002
FD10218	203.125 	 19.931 	 44.998
FD10218	203.250 	 19.166 	 45.002
FD10218	203.375 	 19.474 	 44.028
FD10218	203.500 	 19.474 	 45.972
FD10218	203.625 	 19.472 	 44.028
FD10218	203.750 	 19.474 	 44.029
FD10218	203.875 	 19.167 	 45.000
FD10218	204.000 	 19.930 	 45.000
FD10218	204.125 	 19.167 	 45.000
FD10218	204.250 	 19.474 	 44.029
FD10218	204.375 	 19.774 	 45.000
FD10218	204.500 	 19.166 	 45.000
FD10218	204.625 	 19.474 	 44.028
FD10218	204.750 	 19.474 	 45.972
FD10218	204.875 	 19.627 	 44.028
FD10218	205.000 	 19.474 	 44.031
FD10218	205.125 	 19.166 	 44.998
FD10218	205.250 	 19.774 	 45.002
FD10218	205.375 	 19.166 	 44.998
FD10218	205.500 	 19.474 	 44.029
FD10218	205.625 	 19.777 	 45.000
FD10218	205.750 	 19.163 	 45.000
FD10218	205.875 	 19.630 	 44.030
FD10218	206.000 	 19.471 	 45.971
FD10218	206.125 	 19.475 	 44.030
FD10218	206.250 	 19.474 	 44.028
FD10218	206.375 	 19.166 	 45.000
FD10218	206.500 	 19.774 	 45.000
FD10218	206.625 	 19.166 	 45.000
FD10218	206.750 	 19.627 	 44.030
FD10218	206.875 	 19.776 	 45.000
FD10218	207.000 	 19.167 	 45.000
FD10218	207.125 	 19.474 	 44.029
FD10218	207.250 	 19.473 	 45.970
FD10218	207.375 	 19.474 	 44.029
FD10218	207.500 	 19.474 	 44.028
FD10218	207.625 	 19.317 	 45.002
FD10218	207.750 	 19.776 	 44.998
FD10218	207.875 	 19.166 	 45.002
FD10218	208.000 	 19.472 	 44.028
FD10218	208.125 	 19.777 	 45.000
FD10218	208.250 	 19.166 	 45.000
FD10218	208.375 	 19.474 	 44.028
FD10218	208.500 	 19.317 	 45.002
FD10218	208.625 	 19.776 	 44.998
FD10218	208.750 	 19.472 	 44.031
FD10218	208.875 	 19.474 	 45.969
FD10218	209.000 	 19.933 	 45.002
FD10218	209.125 	 19.774 	 45.000
FD10218	209.250 	 19.776 	 45.000
FD10218	209.375 	 19.931 	 45.000
FD10218	209.500 	 19.777 	 45.000
FD10218	209.625 	 19.930 	 45.000
FD10218	209.750 	 19.475 	 45.970
FD10218	209.875 	 19.776 	 45.002
FD10218	210.000 	 19.627 	 44.028
FD10218	210.125 	 19.777 	 45.000
FD10218	210.250 	 19.776 	 45.000
FD10218	210.375 	 19.931 	 45.000
FD10218	210.500 	 19.777 	 45.000
FD10218	210.625 	 19.471 	 45.971
FD10218	210.750 	 19.934 	 45.000
FD10218	210.875 	 19.773 	 45.000
FD10218	211.000 	 19.777 	 45.000
FD10218	211.125 	 19.934 	 45.000
FD10218	211.250 	 19.773 	 45.000
FD10218	211.375 	 19.934 	 45.000
FD10218	211.500 	 19.472 	 45.972
FD10218	211.625 	 19.474 	 44.028
FD10218	211.750 	 19.931 	 45.002
FD10218	211.875 	 19.776 	 44.998
FD10218	212.000 	 19.777 	 45.000
FD10218	212.125 	 19.931 	 45.002
FD10218	212.250 	 19.776 	 44.998
FD10218	212.375 	 19.627 	 45.972
FD10218	212.500 	 19.776 	 44.998
FD10218	212.625 	 19.777 	 45.000
FD10218	212.750 	 19.931 	 45.002
FD10218	212.875 	 19.776 	 44.998
FD10218	213.000 	 19.774 	 45.000
FD10218	213.125 	 19.629 	 44.029
FD10218	213.250 	 19.475 	 45.970
FD10218	213.375 	 19.774 	 45.002
FD10218	213.500 	 19.933 	 44.998
FD10218	213.625 	 19.774 	 45.002
FD10218	213.750 	 19.934 	 45.000
FD10218	213.875 	 19.774 	 44.998
FD10218	214.000 	 19.776 	 45.002
FD10218	214.125 	 19.627 	 45.969
FD10218	214.250 	 19.776 	 45.002
FD10218	214.375 	 19.777 	 45.000
FD10218	214.500 	 19.931 	 44.998
FD10218	214.625 	 19.776 	 45.002
FD10218	214.750 	 19.474 	 44.028
FD10218	214.875 	 19.931 	 45.000
FD10218	215.000 	 19.474 	 45.972
FD10218	215.125 	 19.931 	 44.998
FD10218	215.250 	 19.776 	 45.002
FD10218	215.375 	 19.777 	 45.000
FD10218	215.500 	 19.930 	 45.000
FD10218	215.625 	 19.777 	 45.000
FD10218	215.750 	 19.774 	 45.000
FD10218	215.875 	 19.629 	 45.971
FD10218	216.000 	 19.774 	 45.000
FD10218	216.125 	 19.776 	 45.000
FD10218	216.250 	 19.931 	 45.000
FD10218	216.375 	 19.474 	 44.028
FD10218	216.500 	 19.931 	 45.002
FD10218	216.625 	 19.777 	 45.000
FD10218	216.750 	 19.474 	 45.971
FD10218	216.875 	 19.931 	 45.000
FD10218	217.000 	 19.777 	 45.000
FD10218	217.125 	 19.776 	 45.000
FD10218	217.250 	 19.931 	 45.000
FD10218	217.375 	 19.776 	 45.002
FD10218	217.500 	 19.776 	 44.998
FD10218	217.625 	 19.931 	 45.000
FD10218	217.750 	 19.474 	 45.971
FD10218	217.875 	 19.627 	 44.030
FD10218	218.000 	 19.776 	 45.000
FD10218	218.125 	 19.774 	 45.000
FD10218	218.250 	 19.934 	 45.000
FD10218	218.375 	 19.773 	 45.000
FD10218	218.500 	 20.242 	 45.939
FD10218	218.625 	 19.774 	 45.000
FD10218	218.750 	 20.241 	 45.940
FD10218	218.875 	 19.774 	 45.000
FD10218	219.000 	 20.241 	 45.937
FD10218	219.125 	 20.082 	 45.940
FD10218	219.250 	 19.931 	 45.000
FD10218	219.375 	 20.239 	 45.940
FD10218	219.500 	 19.777 	 45.000
FD10218	219.625 	 20.239 	 45.939
FD10218	219.750 	 19.776 	 45.000
FD10218	219.875 	 20.239 	 45.939
FD10218	220.000 	 19.777 	 45.000
FD10218	220.125 	 20.239 	 45.940
FD10218	220.250 	 20.241 	 44.060
FD10218	220.375 	 20.080 	 45.939
FD10218	220.500 	 19.933 	 45.002
FD10218	220.625 	 20.080 	 45.939
FD10218	220.750 	 19.933 	 44.998
FD10218	220.875 	 20.080 	 45.940
FD10218	221.000 	 20.242 	 45.939
FD10218	221.125 	 19.931 	 45.000
FD10218	221.250 	 20.082 	 45.940
FD10218	221.375 	 19.931 	 44.998
FD10218	221.500 	 20.083 	 45.939
FD10218	221.625 	 19.931 	 45.002
FD10218	221.750 	 20.083 	 45.939
FD10218	221.875 	 19.931 	 45.000
FD10218	222.000 	 20.239 	 45.940
FD10218	222.125 	 19.776 	 44.998
FD10218	222.250 	 20.239 	 45.940
FD10218	222.375 	 19.777 	 45.000
FD10218	222.500 	 20.239 	 45.939
FD10218	222.625 	 20.082 	 44.060
FD10218	222.750 	 20.239 	 45.940
FD10218	222.875 	 20.242 	 45.939
FD10218	223.000 	 19.774 	 45.000
FD10218	223.125 	 20.241 	 45.940
FD10218	223.250 	 19.776 	 44.998
FD10218	223.375 	 20.239 	 45.940
FD10218	223.500 	 19.777 	 45.000
FD10218	223.625 	 20.239 	 45.939
FD10218	223.750 	 19.931 	 45.002
FD10218	223.875 	 20.082 	 45.937
FD10218	224.000 	 19.931 	 45.000
FD10218	224.125 	 20.082 	 45.940
FD10218	224.250 	 19.931 	 45.000
FD10218	224.375 	 20.083 	 45.939
FD10218	224.500 	 20.239 	 45.940
FD10218	224.625 	 19.933 	 44.998
FD10218	224.750 	 20.080 	 45.939
FD10218	224.875 	 20.241 	 44.063
FD10218	225.000 	 20.080 	 45.939
FD10218	225.125 	 19.933 	 44.998
FD10218	225.250 	 20.080 	 45.940
FD10218	225.375 	 19.934 	 45.000
FD10218	225.500 	 20.239 	 45.939
FD10218	225.625 	 19.776 	 45.000
FD10218	225.750 	 20.239 	 45.939
FD10218	225.875 	 19.777 	 45.000
FD10218	226.000 	 20.239 	 45.940
FD10218	226.125 	 19.777 	 45.000
FD10218	226.250 	 20.239 	 45.939
FD10218	226.375 	 20.238 	 45.939
FD10218	226.500 	 19.777 	 45.000
FD10218	226.625 	 20.239 	 45.940
FD10218	226.750 	 19.777 	 45.000
FD10218	226.875 	 20.239 	 45.939
FD10218	227.000 	 19.776 	 45.000
FD10218	227.125 	 20.239 	 45.939
FD10218	227.250 	 20.242 	 44.061
FD10218	227.375 	 20.083 	 45.939
FD10218	227.500 	 19.930 	 45.000
FD10218	227.625 	 20.083 	 45.939
FD10218	227.750 	 20.239 	 45.940
FD10218	227.875 	 20.541 	 45.000
FD10218	228.000 	 20.239 	 45.939
FD10218	228.125 	 20.242 	 45.939
FD10218	228.250 	 20.380 	 45.000
FD10218	228.375 	 20.241 	 45.940
FD10218	228.500 	 20.550 	 46.847
FD10218	228.625 	 20.541 	 45.000
FD10218	228.750 	 20.241 	 45.940
FD10218	228.875 	 20.380 	 45.000
FD10218	229.000 	 20.242 	 45.939
FD10218	229.125 	 20.239 	 45.939
FD10218	229.250 	 20.541 	 45.000
FD10218	229.375 	 20.241 	 45.940
FD10218	229.500 	 20.379 	 44.998
FD10218	229.625 	 20.242 	 45.939
FD10218	229.750 	 20.239 	 45.940
FD10218	229.875 	 20.541 	 45.000
FD10218	230.000 	 20.550 	 46.847
FD10218	230.125 	 20.382 	 45.000
FD10218	230.250 	 20.239 	 45.939
FD10218	230.375 	 20.241 	 45.940
FD10218	230.500 	 20.541 	 45.000
FD10218	230.625 	 20.239 	 45.939
FD10218	230.750 	 20.082 	 45.940
FD10218	230.875 	 20.541 	 45.000
FD10218	231.000 	 20.242 	 45.939
FD10218	231.125 	 20.541 	 45.000
FD10218	231.250 	 20.239 	 45.939
FD10218	231.375 	 20.082 	 45.940
FD10218	231.500 	 20.846 	 45.909
FD10218	231.625 	 20.242 	 45.939
FD10218	231.750 	 20.541 	 45.000
FD10218	231.875 	 20.239 	 45.940
FD10218	232.000 	 20.083 	 45.939
FD10218	232.125 	 20.541 	 45.000
FD10218	232.250 	 20.238 	 45.937
FD10218	232.375 	 20.543 	 45.002
FD10218	232.500 	 20.239 	 45.939
FD10218	232.625 	 20.083 	 45.939
FD10218	232.750 	 20.541 	 45.000
FD10218	232.875 	 20.239 	 45.940
FD10218	233.000 	 20.242 	 45.939
FD10218	233.125 	 20.846 	 45.909
FD10218	233.250 	 20.083 	 45.939
FD10218	233.375 	 20.540 	 45.002
FD10218	233.500 	 20.239 	 45.939
FD10218	233.625 	 20.242 	 45.939
FD10218	233.750 	 20.541 	 45.000
FD10218	233.875 	 20.082 	 45.940
FD10218	234.000 	 20.541 	 45.000
FD10218	234.125 	 20.239 	 45.939
FD10218	234.250 	 20.239 	 45.939
FD10218	234.375 	 20.543 	 45.002
FD10218	234.500 	 20.082 	 45.937
FD10218	234.625 	 20.847 	 45.911
FD10218	234.750 	 20.239 	 45.939
FD10218	234.875 	 20.239 	 45.940
FD10218	235.000 	 20.543 	 44.998
FD10218	235.125 	 20.080 	 45.939
FD10218	235.250 	 20.241 	 45.940
FD10218	235.375 	 20.541 	 45.000
FD10218	235.500 	 20.239 	 45.939
FD10218	235.625 	 20.543 	 45.000
FD10218	235.750 	 20.080 	 45.939
FD10218	235.875 	 20.241 	 45.940
FD10218	236.000 	 20.541 	 45.000
FD10218	236.125 	 20.550 	 46.847
FD10218	236.250 	 20.541 	 45.000
FD10218	236.375 	 20.082 	 45.940
FD10218	236.500 	 20.242 	 45.939
FD10218	236.625 	 20.541 	 45.000
FD10218	236.750 	 20.239 	 45.939
FD10218	236.875 	 20.541 	 45.000
FD10218	237.000 	 20.241 	 45.940
FD10218	237.125 	 20.080 	 45.939
FD10218	237.250 	 20.543 	 44.998
FD10218	237.375 	 20.550 	 46.850
FD10218	237.500 	 20.541 	 45.000
FD10218	237.625 	 20.543 	 45.000
FD10218	237.750 	 20.550 	 46.847
FD10218	237.875 	 20.541 	 45.000
FD10218	238.000 	 20.550 	 46.848
FD10218	238.125 	 20.543 	 45.000
FD10218	238.250 	 20.846 	 45.909
FD10218	238.375 	 20.239 	 45.939
FD10218	238.500 	 20.543 	 45.000
FD10218	238.625 	 20.846 	 45.909
FD10218	238.750 	 20.239 	 45.940
FD10218	238.875 	 20.686 	 45.909
FD10218	239.000 	 20.239 	 45.939
FD10218	239.125 	 20.541 	 45.000
FD10218	239.250 	 20.848 	 45.909
FD10218	239.375 	 20.239 	 45.939
FD10218	239.500 	 20.845 	 45.911
FD10218	239.625 	 20.543 	 45.000
FD10218	239.750 	 20.239 	 45.939
FD10218	239.875 	 20.847 	 45.911
FD10218	240.000 	 20.241 	 45.937
FD10218	240.125 	 20.847 	 45.911
FD10218	240.250 	 20.540 	 45.002
FD10218	240.375 	 20.550 	 46.847
FD10218	240.500 	 20.543 	 45.000
FD10218	240.625 	 20.846 	 45.909
FD10218	240.750 	 20.541 	 45.000
FD10218	240.875 	 20.848 	 45.909
FD10218	241.000 	 20.239 	 45.940
FD10218	241.125 	 20.846 	 45.909
FD10218	241.250 	 20.541 	 45.000
FD10218	241.375 	 20.848 	 45.909
FD10218	241.500 	 20.239 	 45.939
FD10218	241.625 	 20.847 	 45.911
FD10218	241.750 	 20.543 	 44.998
FD10218	241.875 	 20.847 	 45.911
FD10218	242.000 	 20.239 	 45.940
FD10218	242.125 	 20.846 	 45.909
FD10218	242.250 	 20.543 	 45.000
FD10218	242.375 	 20.846 	 45.909
FD10218	242.500 	 20.239 	 45.939
FD10218	242.625 	 20.848 	 45.909
FD10218	242.750 	 20.541 	 45.000
FD10218	242.875 	 20.845 	 45.911
FD10218	243.000 	 20.239 	 45.939
FD10218	243.125 	 20.848 	 45.909
FD10218	243.250 	 20.541 	 45.000
FD10218	243.375 	 20.847 	 45.911
FD10218	243.500 	 20.241 	 45.937
FD10218	243.625 	 20.846 	 45.912
FD10218	243.750 	 20.541 	 45.000
FD10218	243.875 	 20.846 	 45.909
FD10218	244.000 	 20.543 	 45.000
FD10218	244.125 	 20.550 	 46.847
FD10218	244.250 	 20.541 	 45.000
FD10218	244.375 	 20.848 	 45.909
FD10218	244.500 	 20.541 	 45.000
FD10218	244.625 	 20.550 	 46.848
FD10218	244.750 	 20.541 	 45.000
FD10218	244.875 	 20.848 	 45.909
FD10218	245.000 	 20.541 	 45.000
FD10218	245.125 	 20.551 	 46.848
FD10218	245.250 	 20.543 	 44.998
FD10218	245.375 	 20.847 	 45.911
FD10218	245.500 	 20.541 	 45.000
FD10218	245.625 	 20.550 	 46.848
FD10218	245.750 	 20.543 	 45.000
FD10218	245.875 	 21.011 	 45.909
FD10218	246.000 	 20.541 	 45.000
FD10218	246.125 	 20.550 	 46.847
FD10218	246.250 	 20.541 	 45.000
FD10218	246.375 	 20.848 	 45.911
FD10218	246.500 	 20.541 	 45.000
FD10218	246.625 	 20.846 	 45.909
FD10218	246.750 	 20.242 	 45.939
FD10218	246.875 	 20.847 	 45.911
FD10218	247.000 	 20.846 	 45.909
FD10218	247.125 	 20.541 	 45.000
FD10218	247.250 	 20.848 	 45.909
FD10218	247.375 	 20.541 	 45.000
FD10218	247.500 	 20.846 	 45.909
FD10218	247.625 	 20.848 	 45.911
FD10218	247.750 	 20.541 	 45.000
FD10218	247.875 	 20.846 	 45.909
FD10218	248.000 	 20.704 	 45.000
FD10218	248.125 	 20.847 	 45.911
FD10218	248.250 	 20.848 	 45.909
FD10218	248.375 	 20.541 	 45.000
FD10218	248.500 	 20.846 	 45.909
FD10218	248.625 	 20.541 	 45.000
FD10218	248.750 	 20.848 	 45.909
FD10218	248.875 	 20.846 	 45.909
FD10218	249.000 	 20.541 	 45.000
FD10218	249.125 	 20.848 	 45.909
FD10218	249.250 	 20.541 	 45.000
FD10218	249.375 	 21.011 	 45.912
FD10218	249.500 	 20.541 	 45.000
FD10218	249.625 	 20.846 	 45.909
FD10218	249.750 	 20.848 	 45.909
FD10218	249.875 	 20.541 	 45.000
FD10218	250.000 	 20.846 	 45.909
FD10218	250.125 	 20.541 	 45.000
FD10218	250.250 	 20.848 	 45.909
FD10218	250.375 	 20.846 	 45.909
FD10218	250.500 	 20.541 	 45.000
FD10218	250.625 	 21.012 	 45.911
FD10218	250.750 	 20.541 	 45.000
FD10218	250.875 	 20.848 	 45.909
FD10218	251.000 	 20.845 	 45.911
FD10218	251.125 	 20.541 	 45.000
FD10218	251.250 	 20.848 	 45.909
FD10218	251.375 	 20.541 	 45.000
FD10218	251.500 	 20.846 	 45.909
FD10218	251.625 	 20.846 	 45.909
FD10218	251.750 	 20.543 	 45.000
FD10218	251.875 	 21.012 	 45.911
FD10218	252.000 	 20.541 	 45.000
FD10218	252.125 	 20.846 	 45.909
FD10218	252.250 	 20.846 	 45.909
FD10218	252.375 	 20.543 	 45.000
FD10218	252.500 	 20.846 	 45.909
FD10218	252.625 	 20.541 	 45.000
FD10218	252.750 	 20.848 	 45.911
FD10218	252.875 	 20.846 	 45.909
FD10218	253.000 	 20.541 	 45.000
FD10218	253.125 	 20.847 	 45.911
FD10218	253.250 	 20.704 	 45.000
FD10218	253.375 	 20.848 	 45.909
FD10218	253.500 	 20.846 	 45.909
FD10218	253.625 	 20.541 	 45.000
FD10218	253.750 	 20.846 	 45.909
FD10218	253.875 	 20.543 	 45.000
FD10218	254.000 	 20.846 	 45.909
FD10218	254.125 	 20.846 	 45.909
FD10218	254.250 	 20.543 	 45.000
FD10218	254.375 	 20.550 	 46.850
FD10218	254.500 	 20.704 	 45.000
FD10218	254.625 	 20.846 	 45.909
FD10218	254.750 	 20.541 	 45.000
FD10218	254.875 	 20.848 	 45.909
FD10218	255.000 	 20.846 	 45.909
FD10218	255.125 	 20.541 	 45.000
FD10218	255.250 	 20.846 	 45.909
FD10218	255.375 	 20.543 	 45.000
FD10218	255.500 	 20.846 	 45.909
FD10218	255.625 	 20.847 	 45.911
FD10218	255.750 	 20.543 	 45.002
FD10218	255.875 	 21.009 	 45.909
FD10218	256.000 	 20.543 	 45.000
FD10218	256.125 	 20.846 	 45.909
FD10218	256.250 	 20.846 	 45.909
FD10218	256.375 	 20.848 	 44.091
FD10218	256.500 	 20.846 	 45.909
FD10218	256.625 	 21.313 	 44.998
FD10218	256.750 	 20.540 	 45.002
FD10218	256.875 	 21.146 	 45.000
FD10218	257.000 	 20.846 	 45.909
FD10218	257.125 	 21.312 	 45.000
FD10218	257.250 	 20.543 	 45.000
FD10218	257.375 	 20.846 	 45.909
FD10218	257.500 	 21.145 	 45.000
FD10218	257.625 	 20.704 	 45.000
FD10218	257.750 	 21.146 	 45.002
FD10218	257.875 	 20.848 	 45.907
FD10218	258.000 	 21.146 	 45.002
FD10218	258.125 	 20.703 	 44.998
FD10218	258.250 	 21.146 	 45.002
FD10218	258.375 	 20.847 	 45.911
FD10218	258.500 	 20.848 	 44.089
FD10218	258.625 	 21.009 	 45.911
FD10218	258.750 	 21.148 	 44.997
FD10218	258.875 	 20.541 	 45.002
FD10218	259.000 	 21.312 	 44.998
FD10218	259.125 	 20.847 	 45.911
FD10218	259.250 	 21.146 	 45.002
FD10218	259.375 	 20.543 	 44.998
FD10218	259.500 	 21.310 	 45.002
FD10218	259.625 	 20.848 	 45.907
FD10218	259.750 	 20.846 	 44.093
FD10218	259.875 	 20.845 	 45.907
FD10218	260.000 	 21.313 	 45.002
FD10218	260.125 	 20.847 	 45.911
FD10218	260.250 	 20.848 	 44.089
FD10218	260.375 	 20.847 	 45.911
FD10218	260.500 	 21.312 	 44.997
FD10218	260.625 	 20.541 	 45.002
FD10218	260.750 	 21.145 	 44.998
FD10218	260.875 	 20.849 	 45.911
FD10218	261.000 	 21.012 	 45.911
FD10218	261.125 	 20.845 	 44.089
FD10218	261.250 	 20.847 	 45.911
FD10218	261.375 	 21.145 	 44.998
FD10218	261.500 	 20.705 	 45.002
FD10218	261.625 	 21.147 	 44.998
FD10218	261.750 	 20.847 	 45.911
FD10218	261.875 	 21.011 	 44.089
FD10218	262.000 	 20.847 	 45.911
FD10218	262.125 	 21.146 	 45.002
FD10218	262.250 	 20.845 	 45.907
FD10218	262.375 	 21.012 	 44.091
FD10218	262.500 	 20.847 	 45.909
FD10218	262.625 	 21.146 	 45.000
FD10218	262.750 	 20.540 	 45.000
FD10218	262.875 	 21.313 	 45.000
FD10218	263.000 	 20.846 	 45.912
FD10218	263.125 	 21.148 	 44.997
FD10218	263.250 	 20.538 	 45.004
FD10218	263.375 	 21.312 	 44.997
FD10218	263.500 	 20.847 	 45.909
FD10218	263.625 	 20.850 	 44.091
FD10218	263.750 	 20.847 	 45.909
FD10218	263.875 	 21.312 	 45.003
FD10218	264.000 	 20.846 	 45.905
FD10218	264.125 	 20.846 	 44.095
FD10218	264.250 	 20.846 	 45.905
FD10218	264.375 	 21.312 	 45.003
FD10218	264.500 	 20.541 	 44.996
FD10218	264.625 	 20.846 	 45.912
FD10218	264.750 	 21.146 	 45.000
FD10218	264.875 	 21.010 	 45.909
FD10218	265.000 	 20.852 	 44.091
FD10218	265.125 	 20.845 	 45.909
FD10218	265.250 	 21.146 	 45.000
FD10218	265.375 	 20.704 	 44.996
FD10218	265.500 	 21.145 	 45.003
FD10218	265.625 	 21.312 	 44.997
FD10218	265.750 	 21.145 	 45.003
FD10218	265.875 	 21.313 	 45.000
FD10218	266.000 	 21.448 	 44.116
FD10218	266.125 	 21.312 	 45.003
FD10218	266.250 	 21.146 	 45.000
FD10218	266.375 	 21.312 	 44.997
FD10218	266.500 	 21.145 	 45.003
FD10218	266.625 	 21.312 	 44.997
FD10218	266.750 	 21.448 	 44.122
FD10218	266.875 	 21.313 	 45.000
FD10218	267.000 	 21.448 	 45.878
FD10218	267.125 	 21.312 	 45.003
FD10218	267.250 	 21.313 	 45.000
FD10218	267.375 	 21.145 	 44.997
FD10218	267.500 	 21.617 	 44.122
FD10218	267.625 	 21.145 	 44.997
FD10218	267.750 	 21.312 	 45.003
FD10218	267.875 	 21.146 	 45.000
FD10218	268.000 	 21.312 	 44.997
FD10218	268.125 	 21.145 	 45.003
FD10218	268.250 	 21.312 	 44.997
FD10218	268.375 	 21.449 	 44.119
FD10218	268.500 	 21.312 	 45.003
FD10218	268.625 	 21.145 	 44.997
FD10218	268.750 	 21.312 	 45.003
FD10218	268.875 	 21.312 	 44.997
FD10218	269.000 	 21.146 	 45.000
FD10218	269.125 	 21.617 	 44.122
FD10218	269.250 	 21.145 	 44.997
FD10218	269.375 	 21.313 	 45.000
FD10218	269.500 	 21.149 	 45.000
FD10218	269.625 	 21.308 	 45.000
FD10218	269.750 	 21.151 	 45.000
FD10218	269.875 	 21.611 	 44.119
FD10218	270.000 	 21.151 	 45.000
FD10218	270.125 	 21.312 	 45.003
FD10218	270.250 	 21.448 	 45.878
FD10218	270.375 	 21.313 	 45.000
FD10218	270.500 	 21.144 	 45.000
FD10218	270.625 	 21.618 	 44.119
FD10218	270.750 	 21.313 	 45.000
FD10218	270.875 	 21.144 	 45.000
FD10218	271.000 	 21.313 	 45.000
FD10218	271.125 	 21.145 	 45.003
FD10218	271.250 	 21.312 	 44.997
FD10218	271.375 	 21.449 	 44.119
FD10218	271.500 	 21.311 	 45.000
FD10218	271.625 	 21.146 	 45.000
FD10218	271.750 	 21.313 	 45.000
FD10218	271.875 	 21.144 	 45.000
FD10218	272.000 	 21.313 	 45.000
FD10218	272.125 	 21.144 	 45.000
FD10218	272.250 	 21.618 	 44.119
FD10218	272.375 	 21.146 	 45.000
FD10218	272.500 	 21.311 	 45.000
FD10218	272.625 	 21.313 	 45.000
FD10218	272.750 	 21.145 	 44.997
FD10218	272.875 	 21.312 	 45.003
FD10218	273.000 	 21.449 	 44.119
FD10218	273.125 	 21.312 	 44.997
FD10218	273.250 	 21.145 	 45.003
FD10218	273.375 	 21.312 	 44.997
FD10218	273.500 	 21.448 	 45.884
FD10218	273.625 	 21.313 	 45.000
FD10218	273.750 	 21.448 	 44.116
FD10218	273.875 	 21.312 	 45.003
FD10218	274.000 	 21.146 	 45.000
FD10218	274.125 	 21.312 	 44.997
FD10218	274.250 	 21.145 	 45.003
FD10218	274.375 	 21.312 	 44.997
FD10218	274.500 	 21.618 	 44.119
FD10218	274.625 	 21.145 	 45.003
FD10218	274.750 	 21.312 	 44.997
FD10218	274.875 	 21.145 	 45.003
FD10218	275.000 	 21.313 	 45.000
FD10218	275.125 	 21.145 	 44.997
FD10218	275.250 	 21.617 	 44.122
FD10218	275.375 	 21.145 	 44.997
FD10218	275.500 	 21.313 	 45.000
FD10218	275.625 	 21.150 	 45.003
FD10218	275.750 	 21.307 	 44.997
FD10218	275.875 	 21.150 	 45.003
FD10218	276.000 	 21.312 	 44.997
FD10218	276.125 	 21.449 	 44.119
FD10218	276.250 	 21.312 	 45.003
FD10218	276.375 	 21.307 	 44.997
FD10218	276.500 	 21.151 	 45.000
FD10218	276.625 	 21.311 	 45.000
FD10218	276.750 	 21.449 	 45.881
FD10218	276.875 	 21.618 	 44.119
FD10218	277.000 	 21.144 	 45.000
FD10218	277.125 	 21.313 	 45.000
FD10218	277.250 	 21.145 	 45.003
FD10218	277.375 	 21.312 	 44.997
FD10218	277.500 	 21.146 	 45.000
FD10218	277.625 	 21.616 	 44.119
FD10218	277.750 	 21.146 	 45.000
FD10218	277.875 	 21.313 	 45.000
FD10218	278.000 	 21.311 	 45.000
FD10218	278.125 	 21.146 	 45.000
FD10218	278.250 	 21.311 	 45.000
FD10218	278.375 	 21.449 	 44.119
FD10218	278.500 	 21.313 	 45.000
FD10218	278.625 	 21.144 	 45.000
FD10218	278.750 	 21.313 	 45.000
FD10218	278.875 	 21.146 	 45.000
FD10218	279.000 	 21.311 	 45.000
FD10218	279.125 	 21.449 	 44.119
FD10218	279.250 	 21.312 	 44.997
FD10218	279.375 	 21.145 	 45.003
FD10218	279.500 	 21.313 	 45.000
FD10218	279.625 	 21.144 	 45.000
FD10218	279.750 	 21.313 	 45.000
FD10218	279.875 	 21.312 	 44.997
FD10218	280.000 	 21.745 	 45.003
FD10218	280.125 	 21.313 	 45.000
FD10218	280.250 	 21.145 	 44.997
FD10218	280.375 	 21.312 	 45.003
FD10218	280.500 	 21.146 	 45.000
FD10218	280.625 	 21.311 	 45.000
FD10218	280.750 	 21.449 	 44.119
FD10218	280.875 	 21.312 	 44.997
FD10218	281.000 	 21.145 	 45.003
FD10218	281.125 	 21.313 	 45.000
FD10218	281.250 	 21.145 	 44.997
FD10218	281.375 	 21.312 	 45.003
FD10218	281.500 	 21.617 	 44.116
FD10218	281.625 	 21.146 	 45.000
FD10218	281.750 	 21.312 	 45.003
FD10218	281.875 	 21.145 	 44.997
FD10218	282.000 	 21.312 	 45.003
FD10218	282.125 	 0.000 	 90.000
FD10218	282.250 	 0.000 	 90.000
FD10218	282.375 	 0.000 	 90.000
FD10218	282.500 	 0.000 	 90.000
FD10218	282.625 	 0.000 	 90.000
FD10218	282.750 	 0.000 	 90.000
FD10218	282.875 	 0.000 	 90.000
FD10218	283.000 	 0.000 	 90.000
FD10218	283.125 	 0.000 	 90.000
FD10218	283.250 	 0.000 	 90.000
FD10218	283.375 	 0.000 	 90.000
FD10218	283.500 	 0.000 	 90.000
FD10218	283.625 	 0.000 	 90.000
FD10218	283.750 	 0.000 	 90.000
FD10218	283.875 	 0.000 	 90.000
FD10218	284.000 	 0.000 	 90.000
FD10218	284.125 	 0.000 	 90.000
FD10218	284.250 	 0.000 	 90.000
FD10218	284.375 	 0.000 	 90.000
FD10218	284.500 	 0.000 	 90.000
FD10218	284.625 	 0.000 	 90.000
FD10218	284.750 	 0.000 	 90.000
FD10218	284.875 	 0.000 	 90.000
FD10218	285.000 	 0.000 	 90.000
FD10218	285.125 	 0.000 	 90.000
FD10218	285.250 	 0.000 	 90.000
FD10218	285.375 	 0.000 	 90.000
FD10218	285.500 	 0.000 	 90.000
FD10218	285.625 	 0.000 	 90.000
FD10218	285.750 	 0.000 	 90.000
FD10218	285.875 	 0.000 	 90.000
FD10218	286.000 	 0.000 	 90.000
FD10218	286.125 	 0.000 	 90.000
FD10218	286.250 	 0.000 	 90.000
FD10218	286.375 	 0.000 	 90.000
FD10218	286.500 	 0.000 	 90.000
FD10218	286.625 	 0.000 	 90.000
FD10218	286.750 	 0.000 	 90.000
FD10218	286.875 	 0.000 	 90.000
FD10218	287.000 	 0.000 	 90.000
FD10218	287.125 	 0.000 	 90.000
FD10218	287.250 	 0.000 	 90.000
FD10218	287.375 	 0.000 	 90.000
FD10218	287.500 	 0.000 	 90.000
FD10218	287.625 	 0.000 	 90.000
FD10218	287.750 	 0.000 	 90.000
FD10218	287.875 	 0.000 	 90.000
FD10218	288.000 	 0.000 	 90.000
FD10218	288.125 	 0.000 	 90.000
FD10218	288.250 	 0.000 	 90.000
FD10218	288.375 	 0.000 	 90.000
FD10218	288.500 	 0.000 	 90.000
FD10218	288.625 	 0.000 	 90.000
FD10218	288.750 	 0.000 	 90.000
FD10218	288.875 	 0.000 	 90.000
FD10218	289.000 	 0.000 	 90.000
FD10218	289.125 	 0.000 	 90.000
FD10218	289.250 	 0.000 	 90.000
FD10218	289.375 	 0.000 	 90.000
FD10218	289.500 	 0.000 	 90.000
FD10218	289.625 	 0.000 	 90.000
FD10218	289.750 	 0.000 	 90.000
FD10218	289.875 	 0.000 	 90.000
FD10218	290.000 	 0.000 	 90.000
FD10218	290.125 	 0.000 	 90.000
FD10218	290.250 	 0.000 	 90.000
FD10218	290.375 	 0.000 	 90.000
FD10218	290.500 	 0.000 	 90.000
FD10218	290.625 	 0.000 	 90.000
FD10218	290.750 	 0.000 	 90.000
FD10218	290.875 	 0.000 	 90.000
FD10218	291.000 	 0.000 	 90.000
FD10218	291.125 	 0.000 	 90.000
FD10218	291.250 	 0.000 	 90.000
FD10218	291.375 	 0.000 	 90.000
FD10218	291.500 	 0.000 	 90.000
FD10218	291.625 	 0.000 	 90.000
FD10218	291.750 	 0.000 	 90.000
FD10218	291.875 	 0.000 	 90.000
FD10218	292.000 	 0.000 	 90.000
