#WellName	 Depth.M	 INCL	 AZIM 
WellName	 Depth.M	 INCL	 AZIM 
FD10874	0.000 	 0.000 	 0.000
FD10874	0.125 	 0.000 	 90.000
FD10874	0.250 	 0.000 	 90.000
FD10874	0.375 	 0.000 	 90.000
FD10874	0.500 	 0.000 	 90.000
FD10874	0.625 	 0.000 	 90.000
FD10874	0.750 	 0.000 	 90.000
FD10874	0.875 	 0.000 	 90.000
FD10874	1.000 	 0.000 	 90.000
FD10874	1.125 	 0.000 	 90.000
FD10874	1.250 	 0.000 	 90.000
FD10874	1.375 	 0.000 	 90.000
FD10874	1.500 	 0.000 	 90.000
FD10874	1.625 	 0.000 	 90.000
FD10874	1.750 	 0.000 	 90.000
FD10874	1.875 	 0.000 	 90.000
FD10874	2.000 	 0.000 	 90.000
FD10874	2.125 	 0.000 	 90.000
FD10874	2.250 	 0.000 	 90.000
FD10874	2.375 	 0.000 	 90.000
FD10874	2.500 	 0.000 	 90.000
FD10874	2.625 	 0.000 	 90.000
FD10874	2.750 	 0.000 	 90.000
FD10874	2.875 	 0.000 	 90.000
FD10874	3.000 	 0.000 	 90.000
FD10874	3.125 	 0.000 	 90.000
FD10874	3.250 	 0.000 	 90.000
FD10874	3.375 	 0.000 	 90.000
FD10874	3.500 	 0.000 	 90.000
FD10874	3.625 	 0.000 	 90.000
FD10874	3.750 	 0.000 	 90.000
FD10874	3.875 	 0.000 	 90.000
FD10874	4.000 	 0.000 	 90.000
FD10874	4.125 	 0.000 	 90.000
FD10874	4.250 	 0.000 	 90.000
FD10874	4.375 	 0.000 	 90.000
FD10874	4.500 	 0.000 	 90.000
FD10874	4.625 	 0.000 	 90.000
FD10874	4.750 	 0.000 	 90.000
FD10874	4.875 	 0.000 	 90.000
FD10874	5.000 	 0.000 	 90.000
FD10874	5.125 	 0.000 	 90.000
FD10874	5.250 	 0.000 	 90.000
FD10874	5.375 	 0.000 	 90.000
FD10874	5.500 	 0.000 	 90.000
FD10874	5.625 	 0.000 	 90.000
FD10874	5.750 	 0.000 	 90.000
FD10874	5.875 	 0.000 	 90.000
FD10874	6.000 	 0.000 	 90.000
FD10874	6.125 	 0.000 	 90.000
FD10874	6.250 	 0.000 	 90.000
FD10874	6.375 	 0.000 	 90.000
FD10874	6.500 	 0.000 	 90.000
FD10874	6.625 	 0.000 	 90.000
FD10874	6.750 	 0.000 	 90.000
FD10874	6.875 	 0.000 	 90.000
FD10874	7.000 	 0.000 	 90.000
FD10874	7.125 	 0.000 	 90.000
FD10874	7.250 	 0.000 	 90.000
FD10874	7.375 	 0.000 	 90.000
FD10874	7.500 	 0.000 	 90.000
FD10874	7.625 	 0.000 	 90.000
FD10874	7.750 	 0.000 	 90.000
FD10874	7.875 	 0.000 	 90.000
FD10874	8.000 	 0.000 	 90.000
FD10874	8.125 	 0.000 	 90.000
FD10874	8.250 	 0.000 	 90.000
FD10874	8.375 	 0.000 	 90.000
FD10874	8.500 	 0.000 	 90.000
FD10874	8.625 	 0.000 	 90.000
FD10874	8.750 	 0.000 	 90.000
FD10874	8.875 	 0.000 	 90.000
FD10874	9.000 	 0.000 	 90.000
FD10874	9.125 	 0.000 	 90.000
FD10874	9.250 	 0.000 	 90.000
FD10874	9.375 	 0.000 	 90.000
FD10874	9.500 	 0.000 	 90.000
FD10874	9.625 	 0.000 	 90.000
FD10874	9.750 	 0.000 	 90.000
FD10874	9.875 	 0.000 	 90.000
FD10874	10.000 	 0.000 	 90.000
FD10874	10.125 	 0.000 	 90.000
FD10874	10.250 	 0.000 	 90.000
FD10874	10.375 	 0.000 	 90.000
FD10874	10.500 	 0.000 	 90.000
FD10874	10.625 	 0.000 	 90.000
FD10874	10.750 	 0.000 	 90.000
FD10874	10.875 	 0.000 	 90.000
FD10874	11.000 	 0.000 	 90.000
FD10874	11.125 	 0.000 	 90.000
FD10874	11.250 	 0.000 	 90.000
FD10874	11.375 	 0.000 	 90.000
FD10874	11.500 	 0.000 	 90.000
FD10874	11.625 	 0.000 	 90.000
FD10874	11.750 	 0.000 	 90.000
FD10874	11.875 	 0.000 	 90.000
FD10874	12.000 	 0.000 	 90.000
FD10874	12.125 	 0.000 	 90.000
FD10874	12.250 	 0.000 	 90.000
FD10874	12.375 	 0.000 	 90.000
FD10874	12.500 	 0.000 	 90.000
FD10874	12.625 	 0.000 	 90.000
FD10874	12.750 	 0.000 	 90.000
FD10874	12.875 	 0.000 	 90.000
FD10874	13.000 	 0.000 	 90.000
FD10874	13.125 	 0.000 	 90.000
FD10874	13.250 	 0.000 	 90.000
FD10874	13.375 	 0.000 	 90.000
FD10874	13.500 	 0.000 	 90.000
FD10874	13.625 	 0.000 	 90.000
FD10874	13.750 	 0.000 	 90.000
FD10874	13.875 	 0.000 	 90.000
FD10874	14.000 	 0.000 	 90.000
FD10874	14.125 	 0.000 	 90.000
FD10874	14.250 	 0.000 	 90.000
FD10874	14.375 	 0.000 	 90.000
FD10874	14.500 	 0.000 	 90.000
FD10874	14.625 	 0.000 	 90.000
FD10874	14.750 	 0.000 	 90.000
FD10874	14.875 	 0.000 	 90.000
FD10874	15.000 	 0.000 	 90.000
FD10874	15.125 	 0.000 	 90.000
FD10874	15.250 	 0.000 	 90.000
FD10874	15.375 	 0.000 	 90.000
FD10874	15.500 	 0.000 	 90.000
FD10874	15.625 	 0.000 	 90.000
FD10874	15.750 	 0.000 	 90.000
FD10874	15.875 	 0.000 	 90.000
FD10874	16.000 	 0.000 	 90.000
FD10874	16.125 	 0.000 	 90.000
FD10874	16.250 	 0.000 	 90.000
FD10874	16.375 	 0.000 	 90.000
FD10874	16.500 	 0.000 	 90.000
FD10874	16.625 	 0.000 	 90.000
FD10874	16.750 	 0.000 	 90.000
FD10874	16.875 	 0.000 	 90.000
FD10874	17.000 	 0.000 	 90.000
FD10874	17.125 	 0.000 	 90.000
FD10874	17.250 	 0.000 	 90.000
FD10874	17.375 	 0.000 	 90.000
FD10874	17.500 	 0.000 	 90.000
FD10874	17.625 	 0.000 	 90.000
FD10874	17.750 	 0.000 	 90.000
FD10874	17.875 	 0.000 	 90.000
FD10874	18.000 	 0.000 	 90.000
FD10874	18.125 	 0.000 	 90.000
FD10874	18.250 	 0.000 	 90.000
FD10874	18.375 	 0.000 	 90.000
FD10874	18.500 	 0.000 	 90.000
FD10874	18.625 	 0.000 	 90.000
FD10874	18.750 	 0.000 	 90.000
FD10874	18.875 	 0.000 	 90.000
FD10874	19.000 	 0.000 	 90.000
FD10874	19.125 	 0.000 	 90.000
FD10874	19.250 	 0.000 	 90.000
FD10874	19.375 	 0.000 	 90.000
FD10874	19.500 	 0.000 	 90.000
FD10874	19.625 	 0.000 	 90.000
FD10874	19.750 	 0.000 	 90.000
FD10874	19.875 	 0.000 	 90.000
FD10874	20.000 	 0.000 	 90.000
FD10874	20.125 	 0.000 	 90.000
FD10874	20.250 	 0.000 	 90.000
FD10874	20.375 	 0.000 	 90.000
FD10874	20.500 	 0.000 	 90.000
FD10874	20.625 	 0.000 	 90.000
FD10874	20.750 	 0.000 	 90.000
FD10874	20.875 	 0.000 	 90.000
FD10874	21.000 	 0.000 	 90.000
FD10874	21.125 	 0.000 	 90.000
FD10874	21.250 	 0.000 	 90.000
FD10874	21.375 	 0.000 	 90.000
FD10874	21.500 	 0.000 	 90.000
FD10874	21.625 	 0.000 	 90.000
FD10874	21.750 	 0.000 	 90.000
FD10874	21.875 	 0.000 	 90.000
FD10874	22.000 	 0.000 	 90.000
FD10874	22.125 	 0.000 	 90.000
FD10874	22.250 	 0.000 	 90.000
FD10874	22.375 	 0.000 	 90.000
FD10874	22.500 	 0.000 	 90.000
FD10874	22.625 	 0.000 	 90.000
FD10874	22.750 	 0.000 	 90.000
FD10874	22.875 	 0.000 	 90.000
FD10874	23.000 	 0.000 	 90.000
FD10874	23.125 	 0.000 	 90.000
FD10874	23.250 	 0.000 	 90.000
FD10874	23.375 	 0.000 	 90.000
FD10874	23.500 	 0.000 	 90.000
FD10874	23.625 	 0.000 	 90.000
FD10874	23.750 	 0.000 	 90.000
FD10874	23.875 	 0.000 	 90.000
FD10874	24.000 	 0.000 	 90.000
FD10874	24.125 	 0.000 	 90.000
FD10874	24.250 	 0.000 	 90.000
FD10874	24.375 	 0.000 	 90.000
FD10874	24.500 	 0.000 	 90.000
FD10874	24.625 	 0.000 	 90.000
FD10874	24.750 	 0.000 	 90.000
FD10874	24.875 	 0.000 	 90.000
FD10874	25.000 	 0.000 	 90.000
FD10874	25.125 	 0.000 	 90.000
FD10874	25.250 	 0.000 	 90.000
FD10874	25.375 	 0.000 	 90.000
FD10874	25.500 	 0.000 	 90.000
FD10874	25.625 	 0.000 	 90.000
FD10874	25.750 	 0.000 	 90.000
FD10874	25.875 	 0.000 	 90.000
FD10874	26.000 	 0.000 	 90.000
FD10874	26.125 	 0.000 	 90.000
FD10874	26.250 	 0.000 	 90.000
FD10874	26.375 	 0.000 	 90.000
FD10874	26.500 	 0.000 	 90.000
FD10874	26.625 	 0.000 	 90.000
FD10874	26.750 	 0.000 	 90.000
FD10874	26.875 	 0.000 	 90.000
FD10874	27.000 	 0.000 	 90.000
FD10874	27.125 	 0.000 	 90.000
FD10874	27.250 	 0.000 	 90.000
FD10874	27.375 	 0.000 	 90.000
FD10874	27.500 	 0.000 	 90.000
FD10874	27.625 	 0.000 	 90.000
FD10874	27.750 	 0.000 	 90.000
FD10874	27.875 	 0.000 	 90.000
FD10874	28.000 	 0.000 	 90.000
FD10874	28.125 	 0.000 	 90.000
FD10874	28.250 	 0.000 	 90.000
FD10874	28.375 	 0.000 	 90.000
FD10874	28.500 	 0.000 	 90.000
FD10874	28.625 	 0.000 	 90.000
FD10874	28.750 	 0.000 	 90.000
FD10874	28.875 	 0.000 	 90.000
FD10874	29.000 	 0.000 	 90.000
FD10874	29.125 	 2.325 	 155.849
FD10874	29.250 	 2.343 	 156.148
FD10874	29.375 	 2.361 	 156.758
FD10874	29.500 	 2.379 	 157.632
FD10874	29.625 	 2.397 	 158.268
FD10874	29.750 	 2.415 	 158.186
FD10874	29.875 	 2.434 	 157.516
FD10874	30.000 	 2.452 	 156.557
FD10874	30.125 	 2.471 	 155.563
FD10874	30.250 	 2.489 	 154.613
FD10874	30.375 	 2.508 	 153.652
FD10874	30.500 	 2.527 	 152.806
FD10874	30.625 	 2.546 	 151.960
FD10874	30.750 	 2.565 	 151.048
FD10874	30.875 	 2.583 	 150.224
FD10874	31.000 	 2.602 	 149.815
FD10874	31.125 	 2.618 	 149.710
FD10874	31.250 	 2.635 	 149.512
FD10874	31.375 	 2.651 	 149.210
FD10874	31.500 	 2.667 	 149.046
FD10874	31.625 	 2.682 	 149.139
FD10874	31.750 	 2.697 	 149.309
FD10874	31.875 	 2.712 	 149.150
FD10874	32.000 	 2.727 	 148.623
FD10874	32.125 	 2.743 	 148.304
FD10874	32.250 	 2.760 	 148.318
FD10874	32.375 	 2.776 	 148.329
FD10874	32.500 	 2.794 	 148.268
FD10874	32.625 	 2.811 	 148.274
FD10874	32.750 	 2.829 	 148.183
FD10874	32.875 	 2.848 	 148.100
FD10874	33.000 	 2.867 	 148.186
FD10874	33.125 	 2.887 	 148.307
FD10874	33.250 	 2.907 	 148.482
FD10874	33.375 	 2.928 	 148.587
FD10874	33.500 	 2.950 	 148.469
FD10874	33.625 	 2.970 	 148.282
FD10874	33.750 	 2.990 	 148.271
FD10874	33.875 	 3.011 	 148.370
FD10874	34.000 	 3.030 	 148.469
FD10874	34.125 	 3.049 	 148.535
FD10874	34.250 	 3.068 	 148.516
FD10874	34.375 	 3.085 	 148.504
FD10874	34.500 	 3.102 	 148.617
FD10874	34.625 	 3.119 	 148.754
FD10874	34.750 	 3.135 	 148.828
FD10874	34.875 	 3.151 	 148.900
FD10874	35.000 	 3.165 	 148.966
FD10874	35.125 	 3.180 	 148.900
FD10874	35.250 	 3.196 	 148.908
FD10874	35.375 	 3.210 	 149.095
FD10874	35.500 	 3.226 	 149.285
FD10874	35.625 	 3.241 	 149.471
FD10874	35.750 	 3.256 	 149.688
FD10874	35.875 	 3.270 	 149.787
FD10874	36.000 	 3.285 	 149.828
FD10874	36.125 	 3.299 	 150.042
FD10874	36.250 	 3.313 	 150.276
FD10874	36.375 	 3.327 	 150.385
FD10874	36.500 	 3.341 	 150.435
FD10874	36.625 	 3.355 	 150.484
FD10874	36.750 	 3.371 	 150.473
FD10874	36.875 	 3.385 	 150.363
FD10874	37.000 	 3.401 	 150.267
FD10874	37.125 	 3.418 	 150.219
FD10874	37.250 	 3.435 	 150.147
FD10874	37.375 	 3.452 	 150.048
FD10874	37.500 	 3.470 	 149.842
FD10874	37.625 	 3.488 	 149.594
FD10874	37.750 	 3.506 	 149.617
FD10874	37.875 	 3.526 	 149.743
FD10874	38.000 	 3.546 	 149.702
FD10874	38.125 	 3.567 	 149.504
FD10874	38.250 	 3.588 	 149.320
FD10874	38.375 	 3.611 	 149.271
FD10874	38.500 	 3.635 	 149.287
FD10874	38.625 	 3.659 	 149.106
FD10874	38.750 	 3.683 	 148.636
FD10874	38.875 	 3.708 	 148.240
FD10874	39.000 	 3.732 	 148.073
FD10874	39.125 	 3.756 	 148.023
FD10874	39.250 	 3.779 	 147.983
FD10874	39.375 	 3.802 	 147.889
FD10874	39.500 	 3.825 	 147.865
FD10874	39.625 	 3.847 	 147.974
FD10874	39.750 	 3.869 	 147.875
FD10874	39.875 	 3.891 	 147.809
FD10874	40.000 	 3.912 	 147.801
FD10874	40.125 	 3.934 	 147.686
FD10874	40.250 	 3.955 	 147.703
FD10874	40.375 	 3.975 	 147.631
FD10874	40.500 	 3.996 	 147.430
FD10874	40.625 	 4.016 	 147.266
FD10874	40.750 	 4.036 	 147.148
FD10874	40.875 	 4.056 	 146.977
FD10874	41.000 	 4.077 	 146.774
FD10874	41.125 	 4.097 	 146.736
FD10874	41.250 	 4.116 	 146.788
FD10874	41.375 	 4.135 	 146.788
FD10874	41.500 	 4.155 	 146.761
FD10874	41.625 	 4.173 	 146.794
FD10874	41.750 	 4.191 	 146.714
FD10874	41.875 	 4.209 	 146.477
FD10874	42.000 	 4.227 	 146.419
FD10874	42.125 	 4.246 	 146.386
FD10874	42.250 	 4.265 	 146.298
FD10874	42.375 	 4.284 	 146.348
FD10874	42.500 	 4.301 	 146.401
FD10874	42.625 	 4.318 	 146.285
FD10874	42.750 	 4.335 	 146.214
FD10874	42.875 	 4.350 	 146.219
FD10874	43.000 	 4.366 	 146.217
FD10874	43.125 	 4.380 	 146.223
FD10874	43.250 	 4.395 	 146.225
FD10874	43.375 	 4.409 	 146.252
FD10874	43.500 	 4.425 	 146.293
FD10874	43.625 	 4.439 	 146.298
FD10874	43.750 	 4.455 	 146.296
FD10874	43.875 	 4.471 	 146.329
FD10874	44.000 	 4.487 	 146.337
FD10874	44.125 	 4.502 	 146.370
FD10874	44.250 	 4.518 	 146.219
FD10874	44.375 	 4.534 	 145.988
FD10874	44.500 	 4.549 	 145.917
FD10874	44.625 	 4.566 	 145.928
FD10874	44.750 	 4.583 	 145.914
FD10874	44.875 	 4.602 	 145.898
FD10874	45.000 	 4.622 	 145.868
FD10874	45.125 	 4.642 	 145.758
FD10874	45.250 	 4.662 	 145.628
FD10874	45.375 	 4.682 	 145.415
FD10874	45.500 	 4.701 	 145.132
FD10874	45.625 	 4.721 	 144.995
FD10874	45.750 	 4.739 	 144.903
FD10874	45.875 	 4.758 	 144.662
FD10874	46.000 	 4.777 	 144.398
FD10874	46.125 	 4.796 	 144.178
FD10874	46.250 	 4.814 	 144.046
FD10874	46.375 	 4.832 	 144.008
FD10874	46.500 	 4.850 	 143.857
FD10874	46.625 	 4.868 	 143.588
FD10874	46.750 	 4.886 	 143.371
FD10874	46.875 	 4.904 	 143.211
FD10874	47.000 	 4.922 	 143.140
FD10874	47.125 	 4.940 	 143.173
FD10874	47.250 	 4.959 	 143.149
FD10874	47.375 	 4.978 	 142.967
FD10874	47.500 	 4.997 	 142.649
FD10874	47.625 	 5.015 	 142.374
FD10874	47.750 	 5.035 	 142.137
FD10874	47.875 	 5.055 	 141.907
FD10874	48.000 	 5.075 	 141.751
FD10874	48.125 	 5.095 	 141.575
FD10874	48.250 	 5.117 	 141.360
FD10874	48.375 	 5.138 	 141.163
FD10874	48.500 	 5.159 	 141.001
FD10874	48.625 	 5.181 	 140.825
FD10874	48.750 	 5.203 	 140.635
FD10874	48.875 	 5.224 	 140.422
FD10874	49.000 	 5.244 	 140.160
FD10874	49.125 	 5.264 	 139.908
FD10874	49.250 	 5.283 	 139.792
FD10874	49.375 	 5.303 	 139.671
FD10874	49.500 	 5.321 	 139.460
FD10874	49.625 	 5.341 	 139.311
FD10874	49.750 	 5.359 	 139.205
FD10874	49.875 	 5.379 	 139.100
FD10874	50.000 	 5.401 	 138.951
FD10874	50.125 	 5.421 	 138.793
FD10874	50.250 	 5.443 	 138.683
FD10874	50.375 	 5.465 	 138.485
FD10874	50.500 	 5.487 	 138.262
FD10874	50.625 	 5.507 	 138.065
FD10874	50.750 	 5.528 	 137.886
FD10874	50.875 	 5.548 	 137.694
FD10874	51.000 	 5.568 	 137.518
FD10874	51.125 	 5.588 	 137.375
FD10874	51.250 	 5.609 	 137.227
FD10874	51.375 	 5.631 	 137.117
FD10874	51.500 	 5.653 	 136.964
FD10874	51.625 	 5.677 	 136.667
FD10874	51.750 	 5.701 	 136.420
FD10874	51.875 	 5.723 	 136.359
FD10874	52.000 	 5.745 	 136.387
FD10874	52.125 	 5.767 	 136.419
FD10874	52.250 	 5.787 	 136.246
FD10874	52.375 	 5.809 	 135.906
FD10874	52.500 	 5.830 	 135.566
FD10874	52.625 	 5.852 	 135.362
FD10874	52.750 	 5.876 	 135.324
FD10874	52.875 	 5.901 	 135.236
FD10874	53.000 	 5.927 	 134.972
FD10874	53.125 	 5.955 	 134.681
FD10874	53.250 	 5.982 	 134.538
FD10874	53.375 	 6.009 	 134.654
FD10874	53.500 	 6.037 	 134.719
FD10874	53.625 	 6.064 	 134.769
FD10874	53.750 	 6.092 	 134.841
FD10874	53.875 	 6.118 	 134.643
FD10874	54.000 	 6.145 	 134.390
FD10874	54.125 	 6.172 	 134.192
FD10874	54.250 	 6.198 	 133.980
FD10874	54.375 	 6.223 	 133.716
FD10874	54.500 	 6.248 	 133.451
FD10874	54.625 	 6.272 	 133.225
FD10874	54.750 	 6.297 	 133.061
FD10874	54.875 	 6.321 	 132.950
FD10874	55.000 	 6.345 	 132.841
FD10874	55.125 	 6.369 	 132.714
FD10874	55.250 	 6.394 	 132.497
FD10874	55.375 	 6.418 	 132.217
FD10874	55.500 	 6.444 	 132.066
FD10874	55.625 	 6.470 	 131.945
FD10874	55.750 	 6.497 	 131.862
FD10874	55.875 	 6.525 	 131.813
FD10874	56.000 	 6.553 	 131.775
FD10874	56.125 	 6.583 	 131.688
FD10874	56.250 	 6.613 	 131.525
FD10874	56.375 	 6.644 	 131.354
FD10874	56.500 	 6.676 	 131.165
FD10874	56.625 	 6.707 	 131.039
FD10874	56.750 	 6.738 	 130.886
FD10874	56.875 	 6.769 	 130.682
FD10874	57.000 	 6.797 	 130.501
FD10874	57.125 	 6.826 	 130.308
FD10874	57.250 	 6.853 	 130.078
FD10874	57.375 	 6.880 	 129.858
FD10874	57.500 	 6.906 	 129.619
FD10874	57.625 	 6.929 	 129.487
FD10874	57.750 	 6.953 	 129.371
FD10874	57.875 	 6.976 	 129.234
FD10874	58.000 	 6.999 	 129.191
FD10874	58.125 	 7.022 	 129.113
FD10874	58.250 	 7.046 	 128.932
FD10874	58.375 	 7.068 	 128.702
FD10874	58.500 	 7.092 	 128.550
FD10874	58.625 	 7.116 	 128.474
FD10874	58.750 	 7.141 	 128.570
FD10874	58.875 	 7.167 	 128.685
FD10874	59.000 	 7.192 	 128.652
FD10874	59.125 	 7.219 	 128.515
FD10874	59.250 	 7.245 	 128.339
FD10874	59.375 	 7.274 	 128.185
FD10874	59.500 	 7.302 	 127.987
FD10874	59.625 	 7.332 	 127.768
FD10874	59.750 	 7.361 	 127.622
FD10874	59.875 	 7.390 	 127.507
FD10874	60.000 	 7.417 	 127.482
FD10874	60.125 	 7.443 	 127.465
FD10874	60.250 	 7.470 	 127.298
FD10874	60.375 	 7.496 	 127.001
FD10874	60.500 	 7.522 	 126.722
FD10874	60.625 	 7.550 	 126.452
FD10874	60.750 	 7.577 	 126.252
FD10874	60.875 	 7.605 	 126.257
FD10874	61.000 	 7.634 	 126.268
FD10874	61.125 	 7.663 	 126.191
FD10874	61.250 	 7.692 	 126.068
FD10874	61.375 	 7.719 	 125.936
FD10874	61.500 	 7.747 	 125.856
FD10874	61.625 	 7.773 	 125.762
FD10874	61.750 	 7.799 	 125.546
FD10874	61.875 	 7.826 	 125.342
FD10874	62.000 	 7.855 	 125.150
FD10874	62.125 	 7.883 	 124.958
FD10874	62.250 	 7.913 	 124.746
FD10874	62.375 	 7.943 	 124.582
FD10874	62.500 	 7.971 	 124.433
FD10874	62.625 	 8.000 	 124.499
FD10874	62.750 	 8.028 	 124.546
FD10874	62.875 	 8.057 	 124.392
FD10874	63.000 	 8.086 	 124.277
FD10874	63.125 	 8.114 	 124.117
FD10874	63.250 	 8.144 	 123.994
FD10874	63.375 	 8.176 	 123.900
FD10874	63.500 	 8.209 	 123.876
FD10874	63.625 	 8.243 	 123.881
FD10874	63.750 	 8.280 	 123.780
FD10874	63.875 	 8.318 	 123.665
FD10874	64.000 	 8.357 	 123.585
FD10874	64.125 	 8.398 	 123.414
FD10874	64.250 	 8.439 	 123.222
FD10874	64.375 	 8.482 	 123.019
FD10874	64.500 	 8.524 	 123.061
FD10874	64.625 	 8.568 	 123.274
FD10874	64.750 	 8.610 	 123.281
FD10874	64.875 	 8.653 	 123.203
FD10874	65.000 	 8.695 	 123.148
FD10874	65.125 	 8.736 	 122.989
FD10874	65.250 	 8.777 	 122.836
FD10874	65.375 	 8.817 	 122.829
FD10874	65.500 	 8.855 	 122.936
FD10874	65.625 	 8.892 	 123.030
FD10874	65.750 	 8.931 	 123.013
FD10874	65.875 	 8.968 	 122.974
FD10874	66.000 	 9.005 	 122.991
FD10874	66.125 	 9.041 	 123.008
FD10874	66.250 	 9.078 	 122.953
FD10874	66.375 	 9.115 	 123.008
FD10874	66.500 	 9.152 	 123.066
FD10874	66.625 	 9.189 	 122.961
FD10874	66.750 	 9.227 	 122.904
FD10874	66.875 	 9.266 	 122.905
FD10874	67.000 	 9.305 	 122.942
FD10874	67.125 	 9.346 	 122.931
FD10874	67.250 	 9.389 	 122.829
FD10874	67.375 	 9.434 	 122.819
FD10874	67.500 	 9.479 	 122.811
FD10874	67.625 	 9.525 	 122.700
FD10874	67.750 	 9.571 	 122.491
FD10874	67.875 	 9.619 	 122.250
FD10874	68.000 	 9.667 	 122.076
FD10874	68.125 	 9.716 	 122.126
FD10874	68.250 	 9.764 	 122.184
FD10874	68.375 	 9.813 	 122.096
FD10874	68.500 	 9.862 	 122.066
FD10874	68.625 	 9.912 	 122.061
FD10874	68.750 	 9.961 	 122.066
FD10874	68.875 	 10.010 	 121.912
FD10874	69.000 	 10.060 	 121.648
FD10874	69.125 	 10.110 	 121.549
FD10874	69.250 	 10.162 	 121.530
FD10874	69.375 	 10.212 	 121.503
FD10874	69.500 	 10.264 	 121.511
FD10874	69.625 	 10.318 	 121.478
FD10874	69.750 	 10.372 	 121.412
FD10874	69.875 	 10.426 	 121.330
FD10874	70.000 	 10.482 	 121.262
FD10874	70.125 	 10.538 	 121.173
FD10874	70.250 	 10.594 	 121.077
FD10874	70.375 	 10.650 	 121.121
FD10874	70.500 	 10.706 	 121.091
FD10874	70.625 	 10.762 	 120.926
FD10874	70.750 	 10.820 	 120.731
FD10874	70.875 	 10.875 	 120.550
FD10874	71.000 	 10.931 	 120.421
FD10874	71.125 	 10.987 	 120.311
FD10874	71.250 	 11.041 	 120.215
FD10874	71.375 	 11.095 	 120.182
FD10874	71.500 	 11.148 	 120.220
FD10874	71.625 	 11.201 	 120.258
FD10874	71.750 	 11.255 	 120.258
FD10874	71.875 	 11.304 	 120.242
FD10874	72.000 	 11.356 	 120.256
FD10874	72.125 	 11.406 	 120.289
FD10874	72.250 	 11.456 	 120.289
FD10874	72.375 	 11.506 	 120.361
FD10874	72.500 	 11.558 	 120.423
FD10874	72.625 	 11.608 	 120.231
FD10874	72.750 	 11.661 	 120.025
FD10874	72.875 	 11.715 	 119.915
FD10874	73.000 	 11.768 	 119.835
FD10874	73.125 	 11.823 	 119.748
FD10874	73.250 	 11.877 	 119.654
FD10874	73.375 	 11.932 	 119.677
FD10874	73.500 	 11.989 	 119.764
FD10874	73.625 	 12.044 	 119.824
FD10874	73.750 	 12.103 	 119.811
FD10874	73.875 	 12.161 	 119.717
FD10874	74.000 	 12.223 	 119.627
FD10874	74.125 	 12.284 	 119.534
FD10874	74.250 	 12.347 	 119.412
FD10874	74.375 	 12.411 	 119.335
FD10874	74.500 	 12.475 	 119.363
FD10874	74.625 	 12.539 	 119.473
FD10874	74.750 	 12.606 	 119.484
FD10874	74.875 	 12.672 	 119.423
FD10874	75.000 	 12.741 	 119.396
FD10874	75.125 	 12.809 	 119.269
FD10874	75.250 	 12.877 	 119.058
FD10874	75.375 	 12.947 	 118.970
FD10874	75.500 	 13.016 	 119.025
FD10874	75.625 	 13.085 	 118.997
FD10874	75.750 	 13.155 	 118.890
FD10874	75.875 	 13.224 	 118.781
FD10874	76.000 	 13.292 	 118.751
FD10874	76.125 	 13.360 	 118.723
FD10874	76.250 	 13.431 	 118.707
FD10874	76.375 	 13.500 	 118.746
FD10874	76.500 	 13.570 	 118.709
FD10874	76.625 	 13.639 	 118.605
FD10874	76.750 	 13.707 	 118.572
FD10874	76.875 	 13.777 	 118.616
FD10874	77.000 	 13.845 	 118.556
FD10874	77.125 	 13.913 	 118.474
FD10874	77.250 	 13.983 	 118.399
FD10874	77.375 	 14.050 	 118.300
FD10874	77.500 	 14.118 	 118.207
FD10874	77.625 	 14.188 	 118.151
FD10874	77.750 	 14.257 	 118.119
FD10874	77.875 	 14.325 	 118.103
FD10874	78.000 	 14.393 	 118.043
FD10874	78.125 	 14.461 	 117.927
FD10874	78.250 	 14.528 	 117.839
FD10874	78.375 	 14.594 	 117.757
FD10874	78.500 	 14.662 	 117.712
FD10874	78.625 	 14.727 	 117.701
FD10874	78.750 	 14.794 	 117.611
FD10874	78.875 	 14.862 	 117.501
FD10874	79.000 	 14.928 	 117.413
FD10874	79.125 	 14.996 	 117.341
FD10874	79.250 	 15.062 	 117.278
FD10874	79.375 	 15.127 	 117.169
FD10874	79.500 	 15.195 	 117.086
FD10874	79.625 	 15.258 	 117.010
FD10874	79.750 	 15.324 	 116.957
FD10874	79.875 	 15.388 	 116.902
FD10874	80.000 	 15.453 	 116.754
FD10874	80.125 	 15.517 	 116.617
FD10874	80.250 	 15.581 	 116.575
FD10874	80.375 	 15.645 	 116.575
FD10874	80.500 	 15.707 	 116.531
FD10874	80.625 	 15.771 	 116.477
FD10874	80.750 	 15.835 	 116.433
FD10874	80.875 	 15.899 	 116.340
FD10874	81.000 	 15.965 	 116.270
FD10874	81.125 	 16.031 	 116.238
FD10874	81.250 	 16.097 	 116.166
FD10874	81.375 	 16.165 	 116.111
FD10874	81.500 	 16.233 	 116.090
FD10874	81.625 	 16.303 	 116.068
FD10874	81.750 	 16.373 	 116.037
FD10874	81.875 	 16.443 	 115.915
FD10874	82.000 	 16.514 	 115.806
FD10874	82.125 	 16.585 	 115.768
FD10874	82.250 	 16.652 	 115.704
FD10874	82.375 	 16.723 	 115.694
FD10874	82.500 	 16.789 	 115.675
FD10874	82.625 	 16.856 	 115.680
FD10874	82.750 	 16.921 	 115.638
FD10874	82.875 	 16.986 	 115.518
FD10874	83.000 	 17.047 	 115.361
FD10874	83.125 	 17.107 	 115.219
FD10874	83.250 	 17.168 	 115.178
FD10874	83.375 	 17.228 	 115.117
FD10874	83.500 	 17.285 	 115.094
FD10874	83.625 	 17.340 	 115.139
FD10874	83.750 	 17.396 	 115.097
FD10874	83.875 	 17.449 	 115.021
FD10874	84.000 	 17.500 	 114.892
FD10874	84.125 	 17.549 	 114.738
FD10874	84.250 	 17.601 	 114.711
FD10874	84.375 	 17.649 	 114.694
FD10874	84.500 	 17.700 	 114.585
FD10874	84.625 	 17.751 	 114.442
FD10874	84.750 	 17.801 	 114.298
FD10874	84.875 	 17.854 	 114.260
FD10874	85.000 	 17.903 	 114.287
FD10874	85.125 	 17.955 	 114.337
FD10874	85.250 	 18.005 	 114.372
FD10874	85.375 	 18.056 	 114.328
FD10874	85.500 	 18.107 	 114.301
FD10874	85.625 	 18.156 	 114.235
FD10874	85.750 	 18.209 	 114.188
FD10874	85.875 	 18.259 	 114.156
FD10874	86.000 	 18.315 	 114.147
FD10874	86.125 	 18.371 	 114.157
FD10874	86.250 	 18.424 	 114.216
FD10874	86.375 	 18.481 	 114.260
FD10874	86.500 	 18.537 	 114.202
FD10874	86.625 	 18.592 	 114.147
FD10874	86.750 	 18.647 	 114.032
FD10874	86.875 	 18.703 	 113.840
FD10874	87.000 	 18.759 	 113.744
FD10874	87.125 	 18.816 	 113.804
FD10874	87.250 	 18.871 	 113.865
FD10874	87.375 	 18.926 	 113.864
FD10874	87.500 	 18.984 	 113.774
FD10874	87.625 	 19.040 	 113.730
FD10874	87.750 	 19.098 	 113.826
FD10874	87.875 	 19.156 	 113.776
FD10874	88.000 	 19.215 	 113.585
FD10874	88.125 	 19.272 	 113.502
FD10874	88.250 	 19.332 	 113.430
FD10874	88.375 	 19.391 	 113.403
FD10874	88.500 	 19.453 	 113.459
FD10874	88.625 	 19.516 	 113.458
FD10874	88.750 	 19.577 	 113.420
FD10874	88.875 	 19.640 	 113.332
FD10874	89.000 	 19.704 	 113.255
FD10874	89.125 	 19.764 	 113.205
FD10874	89.250 	 19.829 	 113.189
FD10874	89.375 	 19.891 	 113.217
FD10874	89.500 	 19.950 	 113.145
FD10874	89.625 	 20.012 	 113.024
FD10874	89.750 	 20.071 	 112.956
FD10874	89.875 	 20.129 	 112.911
FD10874	90.000 	 20.185 	 112.824
FD10874	90.125 	 20.242 	 112.763
FD10874	90.250 	 20.297 	 112.762
FD10874	90.375 	 20.354 	 112.769
FD10874	90.500 	 20.409 	 112.791
FD10874	90.625 	 20.466 	 112.796
FD10874	90.750 	 20.520 	 112.771
FD10874	90.875 	 20.578 	 112.766
FD10874	91.000 	 20.635 	 112.821
FD10874	91.125 	 20.693 	 112.848
FD10874	91.250 	 20.751 	 112.823
FD10874	91.375 	 20.813 	 112.741
FD10874	91.500 	 20.872 	 112.656
FD10874	91.625 	 20.933 	 112.547
FD10874	91.750 	 20.996 	 112.420
FD10874	91.875 	 21.058 	 112.437
FD10874	92.000 	 21.120 	 112.439
FD10874	92.125 	 21.181 	 112.390
FD10874	92.250 	 21.241 	 112.357
FD10874	92.375 	 21.300 	 112.225
FD10874	92.500 	 21.360 	 112.132
FD10874	92.625 	 21.417 	 112.071
FD10874	92.750 	 21.474 	 111.931
FD10874	92.875 	 21.532 	 111.820
FD10874	93.000 	 21.583 	 111.818
FD10874	93.125 	 21.636 	 111.758
FD10874	93.250 	 21.687 	 111.676
FD10874	93.375 	 21.737 	 111.671
FD10874	93.500 	 21.784 	 111.667
FD10874	93.625 	 21.830 	 111.607
FD10874	93.750 	 21.878 	 111.563
FD10874	93.875 	 21.926 	 111.529
FD10874	94.000 	 21.969 	 111.464
FD10874	94.125 	 22.016 	 111.376
FD10874	94.250 	 22.062 	 111.351
FD10874	94.375 	 22.107 	 111.395
FD10874	94.500 	 22.153 	 111.426
FD10874	94.625 	 22.198 	 111.425
FD10874	94.750 	 22.243 	 111.370
FD10874	94.875 	 22.289 	 111.338
FD10874	95.000 	 22.337 	 111.338
FD10874	95.125 	 22.383 	 111.392
FD10874	95.250 	 22.433 	 111.431
FD10874	95.375 	 22.483 	 111.409
FD10874	95.500 	 22.536 	 111.414
FD10874	95.625 	 22.589 	 111.415
FD10874	95.750 	 22.644 	 111.448
FD10874	95.875 	 22.698 	 111.530
FD10874	96.000 	 22.754 	 111.588
FD10874	96.125 	 22.811 	 111.637
FD10874	96.250 	 22.864 	 111.673
FD10874	96.375 	 22.919 	 111.695
FD10874	96.500 	 22.973 	 111.550
FD10874	96.625 	 23.025 	 111.324
FD10874	96.750 	 23.077 	 111.219
FD10874	96.875 	 23.128 	 111.170
FD10874	97.000 	 23.177 	 111.123
FD10874	97.125 	 23.226 	 111.135
FD10874	97.250 	 23.272 	 111.057
FD10874	97.375 	 23.316 	 110.997
FD10874	97.500 	 23.358 	 110.970
FD10874	97.625 	 23.397 	 110.887
FD10874	97.750 	 23.436 	 110.880
FD10874	97.875 	 23.475 	 110.929
FD10874	98.000 	 23.514 	 110.898
FD10874	98.125 	 23.552 	 110.876
FD10874	98.250 	 23.590 	 110.906
FD10874	98.375 	 23.627 	 110.847
FD10874	98.500 	 23.665 	 110.813
FD10874	98.625 	 23.701 	 110.868
FD10874	98.750 	 23.737 	 110.857
FD10874	98.875 	 23.772 	 110.698
FD10874	99.000 	 23.806 	 110.552
FD10874	99.125 	 23.838 	 110.448
FD10874	99.250 	 23.869 	 110.421
FD10874	99.375 	 23.899 	 110.420
FD10874	99.500 	 23.928 	 110.372
FD10874	99.625 	 23.958 	 110.453
FD10874	99.750 	 23.983 	 110.585
FD10874	99.875 	 24.012 	 110.689
FD10874	100.000 	 24.039 	 110.673
FD10874	100.125 	 24.066 	 110.519
FD10874	100.250 	 24.095 	 110.401
FD10874	100.375 	 24.124 	 110.379
FD10874	100.500 	 24.154 	 110.360
FD10874	100.625 	 24.189 	 110.294
FD10874	100.750 	 24.223 	 110.247
FD10874	100.875 	 24.262 	 110.198
FD10874	101.000 	 24.302 	 110.223
FD10874	101.125 	 24.346 	 110.228
FD10874	101.250 	 24.396 	 110.187
FD10874	101.375 	 24.446 	 110.253
FD10874	101.500 	 24.501 	 110.266
FD10874	101.625 	 24.558 	 110.261
FD10874	101.750 	 24.616 	 110.341
FD10874	101.875 	 24.674 	 110.390
FD10874	102.000 	 24.729 	 110.486
FD10874	102.125 	 24.786 	 110.492
FD10874	102.250 	 24.836 	 110.464
FD10874	102.375 	 24.887 	 110.414
FD10874	102.500 	 24.938 	 110.377
FD10874	102.625 	 24.984 	 110.288
FD10874	102.750 	 25.031 	 110.090
FD10874	102.875 	 25.074 	 109.948
FD10874	103.000 	 25.115 	 109.893
FD10874	103.125 	 25.151 	 109.816
FD10874	103.250 	 25.187 	 109.728
FD10874	103.375 	 25.217 	 109.711
FD10874	103.500 	 25.246 	 109.635
FD10874	103.625 	 25.272 	 109.624
FD10874	103.750 	 25.297 	 109.549
FD10874	103.875 	 25.323 	 109.522
FD10874	104.000 	 25.348 	 109.483
FD10874	104.125 	 25.375 	 109.429
FD10874	104.250 	 25.401 	 109.393
FD10874	104.375 	 25.429 	 109.344
FD10874	104.500 	 25.459 	 109.417
FD10874	104.625 	 25.490 	 109.401
FD10874	104.750 	 25.522 	 109.327
FD10874	104.875 	 25.560 	 109.355
FD10874	105.000 	 25.596 	 109.281
FD10874	105.125 	 25.634 	 109.094
FD10874	105.250 	 25.677 	 109.083
FD10874	105.375 	 25.718 	 109.209
FD10874	105.500 	 25.762 	 109.313
FD10874	105.625 	 25.804 	 109.292
FD10874	105.750 	 25.851 	 109.302
FD10874	105.875 	 25.895 	 109.275
FD10874	106.000 	 25.942 	 109.176
FD10874	106.125 	 25.988 	 109.155
FD10874	106.250 	 26.038 	 109.223
FD10874	106.375 	 26.088 	 109.218
FD10874	106.500 	 26.135 	 109.113
FD10874	106.625 	 26.183 	 109.157
FD10874	106.750 	 26.229 	 109.272
FD10874	106.875 	 26.272 	 109.377
FD10874	107.000 	 26.317 	 109.390
FD10874	107.125 	 26.361 	 109.280
FD10874	107.250 	 26.403 	 109.240
FD10874	107.375 	 26.448 	 109.261
FD10874	107.500 	 26.491 	 109.245
FD10874	107.625 	 26.537 	 109.272
FD10874	107.750 	 26.584 	 109.379
FD10874	107.875 	 26.630 	 109.516
FD10874	108.000 	 26.677 	 109.657
FD10874	108.125 	 26.723 	 109.821
FD10874	108.250 	 26.769 	 109.880
FD10874	108.375 	 26.813 	 109.797
FD10874	108.500 	 26.856 	 109.780
FD10874	108.625 	 26.900 	 109.819
FD10874	108.750 	 26.940 	 109.918
FD10874	108.875 	 26.981 	 109.902
FD10874	109.000 	 27.019 	 109.772
FD10874	109.125 	 27.060 	 109.805
FD10874	109.250 	 27.096 	 109.761
FD10874	109.375 	 27.133 	 109.668
FD10874	109.500 	 27.166 	 109.673
FD10874	109.625 	 27.201 	 109.734
FD10874	109.750 	 27.232 	 109.967
FD10874	109.875 	 27.263 	 110.088
FD10874	110.000 	 27.293 	 110.168
FD10874	110.125 	 27.322 	 110.311
FD10874	110.250 	 27.350 	 110.256
FD10874	110.375 	 27.380 	 110.244
FD10874	110.500 	 27.408 	 110.211
FD10874	110.625 	 27.437 	 110.272
FD10874	110.750 	 27.465 	 110.351
FD10874	110.875 	 27.496 	 110.308
FD10874	111.000 	 27.527 	 110.294
FD10874	111.125 	 27.555 	 110.310
FD10874	111.250 	 27.588 	 110.201
FD10874	111.375 	 27.620 	 110.096
FD10874	111.500 	 27.655 	 110.038
FD10874	111.625 	 27.689 	 109.956
FD10874	111.750 	 27.728 	 109.962
FD10874	111.875 	 27.765 	 109.918
FD10874	112.000 	 27.806 	 109.820
FD10874	112.125 	 27.847 	 109.802
FD10874	112.250 	 27.892 	 109.832
FD10874	112.375 	 27.935 	 109.816
FD10874	112.500 	 27.981 	 109.838
FD10874	112.625 	 28.031 	 109.883
FD10874	112.750 	 28.082 	 109.858
FD10874	112.875 	 28.132 	 109.829
FD10874	113.000 	 28.186 	 109.797
FD10874	113.125 	 28.240 	 109.743
FD10874	113.250 	 28.296 	 109.675
FD10874	113.375 	 28.350 	 109.671
FD10874	113.500 	 28.407 	 109.664
FD10874	113.625 	 28.462 	 109.737
FD10874	113.750 	 28.518 	 109.822
FD10874	113.875 	 28.577 	 109.744
FD10874	114.000 	 28.636 	 109.697
FD10874	114.125 	 28.695 	 109.660
FD10874	114.250 	 28.757 	 109.544
FD10874	114.375 	 28.818 	 109.500
FD10874	114.500 	 28.881 	 109.574
FD10874	114.625 	 28.942 	 109.569
FD10874	114.750 	 29.005 	 109.550
FD10874	114.875 	 29.067 	 109.500
FD10874	115.000 	 29.133 	 109.459
FD10874	115.125 	 29.198 	 109.399
FD10874	115.250 	 29.261 	 109.316
FD10874	115.375 	 29.328 	 109.321
FD10874	115.500 	 29.392 	 109.291
FD10874	115.625 	 29.455 	 109.325
FD10874	115.750 	 29.519 	 109.341
FD10874	115.875 	 29.579 	 109.286
FD10874	116.000 	 29.640 	 109.329
FD10874	116.125 	 29.699 	 109.319
FD10874	116.250 	 29.760 	 109.225
FD10874	116.375 	 29.818 	 109.193
FD10874	116.500 	 29.879 	 109.234
FD10874	116.625 	 29.939 	 109.321
FD10874	116.750 	 29.999 	 109.561
FD10874	116.875 	 30.061 	 109.643
FD10874	117.000 	 30.120 	 109.706
FD10874	117.125 	 30.182 	 109.673
FD10874	117.250 	 30.243 	 109.549
FD10874	117.375 	 30.304 	 109.633
FD10874	117.500 	 30.367 	 109.604
FD10874	117.625 	 30.431 	 109.653
FD10874	117.750 	 30.495 	 109.625
FD10874	117.875 	 30.562 	 109.530
FD10874	118.000 	 30.630 	 109.522
FD10874	118.125 	 30.697 	 109.450
FD10874	118.250 	 30.761 	 109.454
FD10874	118.375 	 30.828 	 109.464
FD10874	118.500 	 30.891 	 109.498
FD10874	118.625 	 30.953 	 109.625
FD10874	118.750 	 31.017 	 109.750
FD10874	118.875 	 31.075 	 109.738
FD10874	119.000 	 31.134 	 109.690
FD10874	119.125 	 31.194 	 109.744
FD10874	119.250 	 31.250 	 109.701
FD10874	119.375 	 31.308 	 109.680
FD10874	119.500 	 31.360 	 109.755
FD10874	119.625 	 31.416 	 109.975
FD10874	119.750 	 31.470 	 110.181
FD10874	119.875 	 31.520 	 110.154
FD10874	120.000 	 31.574 	 110.022
FD10874	120.125 	 31.621 	 109.863
FD10874	120.250 	 31.672 	 109.835
FD10874	120.375 	 31.722 	 109.803
FD10874	120.500 	 31.771 	 109.909
FD10874	120.625 	 31.820 	 110.008
FD10874	120.750 	 31.869 	 109.907
FD10874	120.875 	 31.916 	 109.968
FD10874	121.000 	 31.960 	 109.981
FD10874	121.125 	 32.007 	 109.799
FD10874	121.250 	 32.053 	 109.877
FD10874	121.375 	 32.097 	 110.003
FD10874	121.500 	 32.145 	 110.039
FD10874	121.625 	 32.195 	 110.109
FD10874	121.750 	 32.246 	 110.071
FD10874	121.875 	 32.300 	 110.045
FD10874	122.000 	 32.358 	 110.069
FD10874	122.125 	 32.419 	 110.102
FD10874	122.250 	 32.479 	 110.129
FD10874	122.375 	 32.544 	 109.992
FD10874	122.500 	 32.609 	 109.901
FD10874	122.625 	 32.676 	 110.088
FD10874	122.750 	 32.743 	 110.138
FD10874	122.875 	 32.816 	 110.088
FD10874	123.000 	 32.886 	 110.008
FD10874	123.125 	 32.963 	 109.904
FD10874	123.250 	 33.037 	 109.912
FD10874	123.375 	 33.110 	 109.907
FD10874	123.500 	 33.189 	 109.904
FD10874	123.625 	 33.263 	 109.953
FD10874	123.750 	 33.341 	 109.908
FD10874	123.875 	 33.415 	 109.758
FD10874	124.000 	 33.489 	 109.728
FD10874	124.125 	 33.560 	 109.750
FD10874	124.250 	 33.629 	 109.632
FD10874	124.375 	 33.694 	 109.682
FD10874	124.500 	 33.759 	 109.739
FD10874	124.625 	 33.818 	 109.751
FD10874	124.750 	 33.876 	 109.824
FD10874	124.875 	 33.930 	 109.797
FD10874	125.000 	 33.981 	 109.791
FD10874	125.125 	 34.030 	 109.846
FD10874	125.250 	 34.075 	 109.779
FD10874	125.375 	 34.120 	 109.690
FD10874	125.500 	 34.163 	 109.736
FD10874	125.625 	 34.204 	 109.726
FD10874	125.750 	 34.243 	 109.731
FD10874	125.875 	 34.280 	 109.836
FD10874	126.000 	 34.317 	 109.893
FD10874	126.125 	 34.355 	 109.793
FD10874	126.250 	 34.391 	 109.759
FD10874	126.375 	 34.429 	 109.896
FD10874	126.500 	 34.472 	 110.036
FD10874	126.625 	 34.514 	 109.981
FD10874	126.750 	 34.562 	 109.970
FD10874	126.875 	 34.616 	 109.959
FD10874	127.000 	 34.667 	 109.915
FD10874	127.125 	 34.724 	 109.909
FD10874	127.250 	 34.780 	 109.827
FD10874	127.375 	 34.836 	 109.893
FD10874	127.500 	 34.895 	 110.017
FD10874	127.625 	 34.950 	 109.875
FD10874	127.750 	 35.002 	 109.786
FD10874	127.875 	 35.058 	 109.847
FD10874	128.000 	 35.107 	 109.832
FD10874	128.125 	 35.158 	 109.734
FD10874	128.250 	 35.206 	 109.754
FD10874	128.375 	 35.254 	 109.819
FD10874	128.500 	 35.297 	 109.775
FD10874	128.625 	 35.340 	 109.726
FD10874	128.750 	 35.377 	 109.700
FD10874	128.875 	 35.414 	 109.805
FD10874	129.000 	 35.449 	 109.902
FD10874	129.125 	 35.484 	 109.918
FD10874	129.250 	 35.519 	 109.898
FD10874	129.375 	 35.552 	 110.013
FD10874	129.500 	 35.588 	 110.008
FD10874	129.625 	 35.623 	 109.882
FD10874	129.750 	 35.659 	 109.808
FD10874	129.875 	 35.696 	 109.687
FD10874	130.000 	 35.735 	 109.690
FD10874	130.125 	 35.773 	 109.706
FD10874	130.250 	 35.814 	 109.772
FD10874	130.375 	 35.852 	 109.871
FD10874	130.500 	 35.893 	 109.781
FD10874	130.625 	 35.934 	 109.698
FD10874	130.750 	 35.975 	 109.660
FD10874	130.875 	 36.016 	 109.675
FD10874	131.000 	 36.055 	 109.682
FD10874	131.125 	 36.095 	 109.720
FD10874	131.250 	 36.134 	 109.720
FD10874	131.375 	 36.167 	 109.660
FD10874	131.500 	 36.202 	 109.679
FD10874	131.625 	 36.236 	 109.740
FD10874	131.750 	 36.267 	 109.717
FD10874	131.875 	 36.296 	 109.641
FD10874	132.000 	 36.324 	 109.618
FD10874	132.125 	 36.345 	 109.476
FD10874	132.250 	 36.367 	 109.429
FD10874	132.375 	 36.385 	 109.401
FD10874	132.500 	 36.402 	 109.297
FD10874	132.625 	 36.415 	 109.303
FD10874	132.750 	 36.431 	 109.294
FD10874	132.875 	 36.442 	 109.283
FD10874	133.000 	 36.452 	 109.216
FD10874	133.125 	 36.465 	 109.146
FD10874	133.250 	 36.478 	 109.256
FD10874	133.375 	 36.491 	 109.267
FD10874	133.500 	 36.507 	 109.275
FD10874	133.625 	 36.522 	 109.335
FD10874	133.750 	 36.543 	 109.360
FD10874	133.875 	 36.562 	 109.388
FD10874	134.000 	 36.585 	 109.399
FD10874	134.125 	 36.611 	 109.382
FD10874	134.250 	 36.635 	 109.409
FD10874	134.375 	 36.664 	 109.536
FD10874	134.500 	 36.690 	 109.548
FD10874	134.625 	 36.719 	 109.585
FD10874	134.750 	 36.742 	 109.610
FD10874	134.875 	 36.772 	 109.549
FD10874	135.000 	 36.796 	 109.533
FD10874	135.125 	 36.824 	 109.610
FD10874	135.250 	 36.837 	 109.552
FD10874	135.375 	 36.861 	 109.421
FD10874	135.500 	 36.869 	 109.450
FD10874	135.625 	 36.884 	 109.374
FD10874	135.750 	 36.890 	 109.335
FD10874	135.875 	 36.898 	 109.314
FD10874	136.000 	 36.901 	 109.278
FD10874	136.125 	 36.908 	 109.310
FD10874	136.250 	 36.910 	 109.270
FD10874	136.375 	 36.912 	 109.357
FD10874	136.500 	 36.913 	 109.393
FD10874	136.625 	 36.914 	 109.388
FD10874	136.750 	 36.916 	 109.481
FD10874	136.875 	 36.922 	 109.465
FD10874	137.000 	 36.923 	 109.431
FD10874	137.125 	 36.923 	 109.514
FD10874	137.250 	 36.926 	 109.550
FD10874	137.375 	 36.933 	 109.444
FD10874	137.500 	 36.935 	 109.421
FD10874	137.625 	 36.937 	 109.361
FD10874	137.750 	 36.944 	 109.338
FD10874	137.875 	 36.946 	 109.365
FD10874	138.000 	 36.948 	 109.393
FD10874	138.125 	 36.949 	 109.531
FD10874	138.250 	 36.948 	 109.599
FD10874	138.375 	 36.948 	 109.643
FD10874	138.500 	 36.951 	 109.660
FD10874	138.625 	 36.941 	 109.687
FD10874	138.750 	 36.944 	 109.811
FD10874	138.875 	 36.942 	 109.827
FD10874	139.000 	 36.937 	 109.852
FD10874	139.125 	 36.935 	 109.840
FD10874	139.250 	 36.934 	 109.726
FD10874	139.375 	 36.928 	 109.763
FD10874	139.500 	 36.928 	 109.783
FD10874	139.625 	 36.932 	 109.789
FD10874	139.750 	 36.933 	 109.876
FD10874	139.875 	 36.934 	 109.822
FD10874	140.000 	 36.936 	 109.775
FD10874	140.125 	 36.937 	 109.869
FD10874	140.250 	 36.939 	 109.923
FD10874	140.375 	 36.951 	 109.935
FD10874	140.500 	 36.948 	 109.959
FD10874	140.625 	 36.950 	 109.910
FD10874	140.750 	 36.956 	 109.854
FD10874	140.875 	 36.956 	 109.839
FD10874	141.000 	 36.957 	 109.816
FD10874	141.125 	 36.957 	 109.926
FD10874	141.250 	 36.959 	 110.044
FD10874	141.375 	 36.962 	 110.138
FD10874	141.500 	 36.963 	 110.187
FD10874	141.625 	 36.975 	 110.214
FD10874	141.750 	 36.974 	 110.241
FD10874	141.875 	 36.982 	 110.351
FD10874	142.000 	 36.990 	 110.522
FD10874	142.125 	 36.995 	 110.599
FD10874	142.250 	 37.005 	 110.632
FD10874	142.375 	 37.016 	 110.653
FD10874	142.500 	 37.026 	 110.655
FD10874	142.625 	 37.035 	 110.659
FD10874	142.750 	 37.052 	 110.596
FD10874	142.875 	 37.071 	 110.574
FD10874	143.000 	 37.086 	 110.701
FD10874	143.125 	 37.106 	 110.657
FD10874	143.250 	 37.122 	 110.558
FD10874	143.375 	 37.142 	 110.530
FD10874	143.500 	 37.151 	 110.429
FD10874	143.625 	 37.175 	 110.516
FD10874	143.750 	 37.183 	 110.549
FD10874	143.875 	 37.206 	 110.494
FD10874	144.000 	 37.213 	 110.601
FD10874	144.125 	 37.220 	 110.547
FD10874	144.250 	 37.237 	 110.472
FD10874	144.375 	 37.247 	 110.407
FD10874	144.500 	 37.258 	 110.321
FD10874	144.625 	 37.270 	 110.349
FD10874	144.750 	 37.283 	 110.327
FD10874	144.875 	 37.291 	 110.146
FD10874	145.000 	 37.313 	 110.064
FD10874	145.125 	 37.328 	 110.227
FD10874	145.250 	 37.341 	 110.263
FD10874	145.375 	 37.358 	 110.121
FD10874	145.500 	 37.381 	 110.201
FD10874	145.625 	 37.399 	 110.310
FD10874	145.750 	 37.420 	 110.195
FD10874	145.875 	 37.438 	 110.097
FD10874	146.000 	 37.467 	 110.029
FD10874	146.125 	 37.488 	 109.933
FD10874	146.250 	 37.513 	 109.853
FD10874	146.375 	 37.534 	 109.839
FD10874	146.500 	 37.557 	 109.788
FD10874	146.625 	 37.573 	 109.651
FD10874	146.750 	 37.594 	 109.731
FD10874	146.875 	 37.609 	 109.731
FD10874	147.000 	 37.633 	 109.662
FD10874	147.125 	 37.643 	 109.661
FD10874	147.250 	 37.659 	 109.619
FD10874	147.375 	 37.668 	 109.629
FD10874	147.500 	 37.688 	 109.526
FD10874	147.625 	 37.698 	 109.541
FD10874	147.750 	 37.709 	 109.516
FD10874	147.875 	 37.721 	 109.462
FD10874	148.000 	 37.734 	 109.467
FD10874	148.125 	 37.750 	 109.417
FD10874	148.250 	 37.757 	 109.401
FD10874	148.375 	 37.772 	 109.523
FD10874	148.500 	 37.780 	 109.626
FD10874	148.625 	 37.792 	 109.603
FD10874	148.750 	 37.804 	 109.592
FD10874	148.875 	 37.811 	 109.640
FD10874	149.000 	 37.815 	 109.654
FD10874	149.125 	 37.822 	 109.644
FD10874	149.250 	 37.825 	 109.681
FD10874	149.375 	 37.830 	 109.643
FD10874	149.500 	 37.831 	 109.717
FD10874	149.625 	 37.831 	 109.689
FD10874	149.750 	 37.825 	 109.635
FD10874	149.875 	 37.822 	 109.596
FD10874	150.000 	 37.812 	 109.596
FD10874	150.125 	 37.806 	 109.690
FD10874	150.250 	 37.791 	 109.712
FD10874	150.375 	 37.785 	 109.733
FD10874	150.500 	 37.768 	 109.685
FD10874	150.625 	 37.762 	 109.778
FD10874	150.750 	 37.747 	 109.890
FD10874	150.875 	 37.741 	 110.033
FD10874	151.000 	 37.726 	 110.146
FD10874	151.125 	 37.721 	 110.101
FD10874	151.250 	 37.713 	 110.209
FD10874	151.375 	 37.700 	 110.428
FD10874	151.500 	 37.694 	 110.530
FD10874	151.625 	 37.679 	 110.432
FD10874	151.750 	 37.672 	 110.322
FD10874	151.875 	 37.667 	 110.244
FD10874	152.000 	 37.652 	 110.200
FD10874	152.125 	 37.643 	 110.081
FD10874	152.250 	 37.639 	 110.024
FD10874	152.375 	 37.630 	 110.043
FD10874	152.500 	 37.626 	 110.036
FD10874	152.625 	 37.625 	 110.046
FD10874	152.750 	 37.619 	 110.108
FD10874	152.875 	 37.617 	 110.200
FD10874	153.000 	 37.621 	 110.307
FD10874	153.125 	 37.613 	 110.423
FD10874	153.250 	 37.625 	 110.343
FD10874	153.375 	 37.628 	 110.305
FD10874	153.500 	 37.633 	 110.387
FD10874	153.625 	 37.648 	 110.439
FD10874	153.750 	 37.662 	 110.553
FD10874	153.875 	 37.679 	 110.568
FD10874	154.000 	 37.697 	 110.379
FD10874	154.125 	 37.713 	 110.307
FD10874	154.250 	 37.739 	 110.239
FD10874	154.375 	 37.758 	 110.205
FD10874	154.500 	 37.785 	 110.269
FD10874	154.625 	 37.801 	 110.385
FD10874	154.750 	 37.823 	 110.458
FD10874	154.875 	 37.844 	 110.394
FD10874	155.000 	 37.863 	 110.365
FD10874	155.125 	 37.877 	 110.322
FD10874	155.250 	 37.886 	 110.271
FD10874	155.375 	 37.901 	 110.267
FD10874	155.500 	 37.907 	 110.224
FD10874	155.625 	 37.918 	 110.253
FD10874	155.750 	 37.923 	 110.330
FD10874	155.875 	 37.924 	 110.379
FD10874	156.000 	 37.927 	 110.373
FD10874	156.125 	 37.929 	 110.166
FD10874	156.250 	 37.936 	 109.929
FD10874	156.375 	 37.936 	 109.875
FD10874	156.500 	 37.942 	 109.910
FD10874	156.625 	 37.933 	 110.008
FD10874	156.750 	 37.940 	 110.044
FD10874	156.875 	 37.931 	 109.988
FD10874	157.000 	 37.927 	 110.141
FD10874	157.125 	 37.932 	 110.283
FD10874	157.250 	 37.925 	 110.120
FD10874	157.375 	 37.924 	 109.897
FD10874	157.500 	 37.926 	 109.885
FD10874	157.625 	 37.926 	 109.901
FD10874	157.750 	 37.925 	 109.816
FD10874	157.875 	 37.924 	 109.959
FD10874	158.000 	 37.923 	 109.992
FD10874	158.125 	 37.914 	 109.969
FD10874	158.250 	 37.906 	 110.120
FD10874	158.375 	 37.901 	 110.001
FD10874	158.500 	 37.898 	 109.999
FD10874	158.625 	 37.890 	 110.197
FD10874	158.750 	 37.888 	 110.176
FD10874	158.875 	 37.880 	 110.247
FD10874	159.000 	 37.881 	 110.377
FD10874	159.125 	 37.881 	 110.425
FD10874	159.250 	 37.881 	 110.459
FD10874	159.375 	 37.881 	 110.339
FD10874	159.500 	 37.886 	 110.181
FD10874	159.625 	 37.886 	 110.126
FD10874	159.750 	 37.882 	 110.224
FD10874	159.875 	 37.881 	 110.236
FD10874	160.000 	 37.880 	 110.253
FD10874	160.125 	 37.880 	 110.170
FD10874	160.250 	 37.879 	 110.140
FD10874	160.375 	 37.875 	 110.316
FD10874	160.500 	 37.863 	 110.258
FD10874	160.625 	 37.862 	 110.180
FD10874	160.750 	 37.846 	 110.245
FD10874	160.875 	 37.834 	 110.432
FD10874	161.000 	 37.821 	 110.432
FD10874	161.125 	 37.801 	 110.399
FD10874	161.250 	 37.785 	 110.530
FD10874	161.375 	 37.764 	 110.397
FD10874	161.500 	 37.743 	 110.367
FD10874	161.625 	 37.721 	 110.457
FD10874	161.750 	 37.701 	 110.494
FD10874	161.875 	 37.693 	 110.527
FD10874	162.000 	 37.675 	 110.478
FD10874	162.125 	 37.671 	 110.572
FD10874	162.250 	 37.663 	 110.600
FD10874	162.375 	 37.664 	 110.532
FD10874	162.500 	 37.671 	 110.528
FD10874	162.625 	 37.676 	 110.718
FD10874	162.750 	 37.690 	 110.864
FD10874	162.875 	 37.701 	 110.961
FD10874	163.000 	 37.720 	 111.198
FD10874	163.125 	 37.742 	 111.187
FD10874	163.250 	 37.764 	 111.132
FD10874	163.375 	 37.789 	 111.176
FD10874	163.500 	 37.811 	 111.153
FD10874	163.625 	 37.834 	 111.176
FD10874	163.750 	 37.854 	 111.286
FD10874	163.875 	 37.870 	 111.246
FD10874	164.000 	 37.888 	 111.175
FD10874	164.125 	 37.902 	 111.283
FD10874	164.250 	 37.907 	 111.299
FD10874	164.375 	 37.921 	 111.195
FD10874	164.500 	 37.925 	 111.219
FD10874	164.625 	 37.927 	 111.116
FD10874	164.750 	 37.929 	 111.098
FD10874	164.875 	 37.937 	 111.181
FD10874	165.000 	 37.933 	 111.134
FD10874	165.125 	 37.943 	 111.135
FD10874	165.250 	 37.948 	 111.072
FD10874	165.375 	 37.960 	 110.917
FD10874	165.500 	 37.977 	 110.805
FD10874	165.625 	 37.993 	 110.771
FD10874	165.750 	 38.010 	 110.709
FD10874	165.875 	 38.038 	 110.858
FD10874	166.000 	 38.066 	 110.987
FD10874	166.125 	 38.090 	 110.964
FD10874	166.250 	 38.127 	 110.927
FD10874	166.375 	 38.158 	 110.840
FD10874	166.500 	 38.198 	 110.748
FD10874	166.625 	 38.239 	 110.616
FD10874	166.750 	 38.284 	 110.654
FD10874	166.875 	 38.323 	 110.803
FD10874	167.000 	 38.366 	 110.865
FD10874	167.125 	 38.410 	 110.849
FD10874	167.250 	 38.446 	 110.876
FD10874	167.375 	 38.481 	 110.925
FD10874	167.500 	 38.519 	 110.957
FD10874	167.625 	 38.550 	 110.988
FD10874	167.750 	 38.580 	 110.947
FD10874	167.875 	 38.613 	 111.052
FD10874	168.000 	 38.640 	 111.063
FD10874	168.125 	 38.668 	 110.964
FD10874	168.250 	 38.693 	 111.042
FD10874	168.375 	 38.721 	 111.007
FD10874	168.500 	 38.738 	 110.915
FD10874	168.625 	 38.760 	 110.903
FD10874	168.750 	 38.785 	 110.982
FD10874	168.875 	 38.800 	 111.199
FD10874	169.000 	 38.832 	 111.355
FD10874	169.125 	 38.853 	 111.310
FD10874	169.250 	 38.889 	 111.335
FD10874	169.375 	 38.917 	 111.247
FD10874	169.500 	 38.951 	 111.192
FD10874	169.625 	 38.991 	 111.394
FD10874	169.750 	 39.025 	 111.506
FD10874	169.875 	 39.061 	 111.549
FD10874	170.000 	 39.101 	 111.461
FD10874	170.125 	 39.139 	 111.230
FD10874	170.250 	 39.181 	 111.188
FD10874	170.375 	 39.218 	 111.164
FD10874	170.500 	 39.259 	 111.156
FD10874	170.625 	 39.301 	 111.200
FD10874	170.750 	 39.337 	 111.058
FD10874	170.875 	 39.370 	 111.064
FD10874	171.000 	 39.402 	 111.056
FD10874	171.125 	 39.426 	 110.964
FD10874	171.250 	 39.445 	 111.003
FD10874	171.375 	 39.457 	 110.981
FD10874	171.500 	 39.460 	 111.022
FD10874	171.625 	 39.467 	 111.141
FD10874	171.750 	 39.461 	 111.102
FD10874	171.875 	 39.457 	 111.091
FD10874	172.000 	 39.448 	 110.942
FD10874	172.125 	 39.435 	 110.806
FD10874	172.250 	 39.423 	 110.927
FD10874	172.375 	 39.405 	 111.000
FD10874	172.500 	 39.388 	 110.965
FD10874	172.625 	 39.368 	 110.952
FD10874	172.750 	 39.346 	 111.012
FD10874	172.875 	 39.321 	 111.021
FD10874	173.000 	 39.309 	 111.013
FD10874	173.125 	 39.292 	 111.119
FD10874	173.250 	 39.275 	 111.210
FD10874	173.375 	 39.269 	 111.261
FD10874	173.500 	 39.265 	 111.386
FD10874	173.625 	 39.260 	 111.455
FD10874	173.750 	 39.259 	 111.558
FD10874	173.875 	 39.258 	 111.635
FD10874	174.000 	 39.259 	 111.753
FD10874	174.125 	 39.259 	 111.817
FD10874	174.250 	 39.259 	 111.818
FD10874	174.375 	 39.261 	 111.845
FD10874	174.500 	 39.261 	 111.733
FD10874	174.625 	 39.269 	 111.711
FD10874	174.750 	 39.272 	 111.790
FD10874	174.875 	 39.281 	 111.720
FD10874	175.000 	 39.289 	 111.651
FD10874	175.125 	 39.294 	 111.608
FD10874	175.250 	 39.302 	 111.505
FD10874	175.375 	 39.304 	 111.549
FD10874	175.500 	 39.307 	 111.758
FD10874	175.625 	 39.314 	 111.823
FD10874	175.750 	 39.321 	 111.684
FD10874	175.875 	 39.318 	 111.568
FD10874	176.000 	 39.325 	 111.560
FD10874	176.125 	 39.333 	 111.396
FD10874	176.250 	 39.337 	 111.211
FD10874	176.375 	 39.346 	 111.272
FD10874	176.500 	 39.349 	 111.423
FD10874	176.625 	 39.351 	 111.615
FD10874	176.750 	 39.355 	 111.621
FD10874	176.875 	 39.353 	 111.692
FD10874	177.000 	 39.355 	 111.949
FD10874	177.125 	 39.349 	 111.918
FD10874	177.250 	 39.348 	 111.773
FD10874	177.375 	 39.348 	 111.704
FD10874	177.500 	 39.347 	 111.747
FD10874	177.625 	 39.353 	 111.737
FD10874	177.750 	 39.351 	 111.722
FD10874	177.875 	 39.357 	 111.789
FD10874	178.000 	 39.362 	 111.642
FD10874	178.125 	 39.369 	 111.702
FD10874	178.250 	 39.378 	 111.781
FD10874	178.375 	 39.382 	 111.758
FD10874	178.500 	 39.391 	 111.910
FD10874	178.625 	 39.402 	 111.859
FD10874	178.750 	 39.412 	 111.779
FD10874	178.875 	 39.423 	 111.819
FD10874	179.000 	 39.429 	 111.744
FD10874	179.125 	 39.444 	 111.792
FD10874	179.250 	 39.448 	 111.750
FD10874	179.375 	 39.458 	 111.563
FD10874	179.500 	 39.465 	 111.478
FD10874	179.625 	 39.462 	 111.511
FD10874	179.750 	 39.466 	 111.544
FD10874	179.875 	 39.460 	 111.416
FD10874	180.000 	 39.458 	 111.504
FD10874	180.125 	 39.455 	 111.749
FD10874	180.250 	 39.448 	 111.772
FD10874	180.375 	 39.438 	 111.717
FD10874	180.500 	 39.435 	 111.894
FD10874	180.625 	 39.425 	 112.093
FD10874	180.750 	 39.423 	 112.082
FD10874	180.875 	 39.414 	 112.143
FD10874	181.000 	 39.414 	 112.158
FD10874	181.125 	 39.414 	 111.912
FD10874	181.250 	 39.414 	 111.782
FD10874	181.375 	 39.420 	 111.690
FD10874	181.500 	 39.418 	 111.637
FD10874	181.625 	 39.425 	 111.724
FD10874	181.750 	 39.434 	 111.723
FD10874	181.875 	 39.442 	 111.760
FD10874	182.000 	 39.448 	 111.672
FD10874	182.125 	 39.459 	 111.464
FD10874	182.250 	 39.468 	 111.496
FD10874	182.375 	 39.478 	 111.427
FD10874	182.500 	 39.485 	 111.370
FD10874	182.625 	 39.498 	 111.414
FD10874	182.750 	 39.500 	 111.284
FD10874	182.875 	 39.502 	 111.393
FD10874	183.000 	 39.501 	 111.404
FD10874	183.125 	 39.493 	 111.300
FD10874	183.250 	 39.490 	 111.381
FD10874	183.375 	 39.480 	 111.431
FD10874	183.500 	 39.468 	 111.464
FD10874	183.625 	 39.456 	 111.504
FD10874	183.750 	 39.441 	 111.530
FD10874	183.875 	 39.431 	 111.508
FD10874	184.000 	 39.414 	 111.461
FD10874	184.125 	 39.400 	 111.396
FD10874	184.250 	 39.384 	 111.392
FD10874	184.375 	 39.369 	 111.541
FD10874	184.500 	 39.357 	 111.796
FD10874	184.625 	 39.340 	 111.814
FD10874	184.750 	 39.334 	 111.805
FD10874	184.875 	 39.325 	 111.799
FD10874	185.000 	 39.318 	 111.692
FD10874	185.125 	 39.321 	 111.764
FD10874	185.250 	 39.318 	 111.740
FD10874	185.375 	 39.330 	 111.747
FD10874	185.500 	 39.331 	 111.835
FD10874	185.625 	 39.344 	 111.791
FD10874	185.750 	 39.351 	 111.854
FD10874	185.875 	 39.368 	 111.953
FD10874	186.000 	 39.381 	 111.969
FD10874	186.125 	 39.393 	 111.816
FD10874	186.250 	 39.411 	 111.722
FD10874	186.375 	 39.426 	 111.887
FD10874	186.500 	 39.444 	 111.955
FD10874	186.625 	 39.465 	 111.857
FD10874	186.750 	 39.480 	 111.933
FD10874	186.875 	 39.496 	 112.038
FD10874	187.000 	 39.514 	 112.017
FD10874	187.125 	 39.535 	 111.937
FD10874	187.250 	 39.554 	 111.879
FD10874	187.375 	 39.568 	 111.890
FD10874	187.500 	 39.587 	 111.901
FD10874	187.625 	 39.594 	 111.956
FD10874	187.750 	 39.609 	 111.922
FD10874	187.875 	 39.620 	 112.005
FD10874	188.000 	 39.624 	 112.077
FD10874	188.125 	 39.633 	 112.104
FD10874	188.250 	 39.636 	 112.170
FD10874	188.375 	 39.644 	 112.115
FD10874	188.500 	 39.647 	 111.950
FD10874	188.625 	 39.654 	 111.939
FD10874	188.750 	 39.656 	 112.038
FD10874	188.875 	 39.664 	 112.159
FD10874	189.000 	 39.666 	 112.232
FD10874	189.125 	 39.668 	 112.367
FD10874	189.250 	 39.674 	 112.554
FD10874	189.375 	 39.676 	 112.527
FD10874	189.500 	 39.672 	 112.457
FD10874	189.625 	 39.675 	 112.305
FD10874	189.750 	 39.675 	 112.189
FD10874	189.875 	 39.668 	 112.244
FD10874	190.000 	 39.666 	 112.225
FD10874	190.125 	 39.664 	 112.230
FD10874	190.250 	 39.658 	 112.206
FD10874	190.375 	 39.655 	 112.145
FD10874	190.500 	 39.648 	 112.041
FD10874	190.625 	 39.644 	 111.954
FD10874	190.750 	 39.640 	 112.046
FD10874	190.875 	 39.628 	 112.057
FD10874	191.000 	 39.623 	 112.079
FD10874	191.125 	 39.617 	 112.124
FD10874	191.250 	 39.603 	 112.087
FD10874	191.375 	 39.593 	 112.109
FD10874	191.500 	 39.587 	 112.179
FD10874	191.625 	 39.577 	 112.206
FD10874	191.750 	 39.569 	 112.268
FD10874	191.875 	 39.566 	 112.263
FD10874	192.000 	 39.559 	 112.320
FD10874	192.125 	 39.556 	 112.300
FD10874	192.250 	 39.554 	 112.265
FD10874	192.375 	 39.547 	 112.195
FD10874	192.500 	 39.545 	 112.079
FD10874	192.625 	 39.538 	 112.151
FD10874	192.750 	 39.540 	 112.008
FD10874	192.875 	 39.530 	 111.853
FD10874	193.000 	 39.532 	 111.915
FD10874	193.125 	 39.525 	 112.059
FD10874	193.250 	 39.525 	 112.115
FD10874	193.375 	 39.530 	 112.147
FD10874	193.500 	 39.526 	 112.274
FD10874	193.625 	 39.532 	 112.362
FD10874	193.750 	 39.530 	 112.343
FD10874	193.875 	 39.540 	 112.190
FD10874	194.000 	 39.537 	 112.199
FD10874	194.125 	 39.542 	 112.317
FD10874	194.250 	 39.539 	 112.224
FD10874	194.375 	 39.544 	 112.270
FD10874	194.500 	 39.545 	 112.273
FD10874	194.625 	 39.545 	 112.049
FD10874	194.750 	 39.545 	 111.925
FD10874	194.875 	 39.545 	 111.894
FD10874	195.000 	 39.547 	 111.845
FD10874	195.125 	 39.546 	 111.923
FD10874	195.250 	 39.548 	 111.892
FD10874	195.375 	 39.553 	 111.755
FD10874	195.500 	 39.549 	 111.801
FD10874	195.625 	 39.554 	 111.907
FD10874	195.750 	 39.556 	 111.939
FD10874	195.875 	 39.558 	 111.900
FD10874	196.000 	 39.565 	 111.959
FD10874	196.125 	 39.572 	 111.947
FD10874	196.250 	 39.587 	 112.046
FD10874	196.375 	 39.600 	 112.206
FD10874	196.500 	 39.615 	 112.155
FD10874	196.625 	 39.633 	 112.224
FD10874	196.750 	 39.654 	 112.227
FD10874	196.875 	 39.674 	 112.293
FD10874	197.000 	 39.689 	 112.327
FD10874	197.125 	 39.710 	 112.271
FD10874	197.250 	 39.725 	 112.241
FD10874	197.375 	 39.743 	 112.105
FD10874	197.500 	 39.760 	 112.089
FD10874	197.625 	 39.767 	 112.035
FD10874	197.750 	 39.774 	 111.990
FD10874	197.875 	 39.780 	 111.993
FD10874	198.000 	 39.786 	 111.969
FD10874	198.125 	 39.786 	 111.881
FD10874	198.250 	 39.786 	 111.824
FD10874	198.375 	 39.783 	 111.884
FD10874	198.500 	 39.777 	 111.977
FD10874	198.625 	 39.768 	 111.998
FD10874	198.750 	 39.762 	 111.996
FD10874	198.875 	 39.755 	 112.042
FD10874	199.000 	 39.745 	 112.029
FD10874	199.125 	 39.739 	 112.026
FD10874	199.250 	 39.732 	 112.073
FD10874	199.375 	 39.723 	 112.053
FD10874	199.500 	 39.723 	 111.950
FD10874	199.625 	 39.726 	 111.911
FD10874	199.750 	 39.722 	 111.871
FD10874	199.875 	 39.721 	 111.835
FD10874	200.000 	 39.721 	 111.895
FD10874	200.125 	 39.723 	 111.829
FD10874	200.250 	 39.724 	 111.762
FD10874	200.375 	 39.726 	 111.781
FD10874	200.500 	 39.724 	 111.793
FD10874	200.625 	 39.722 	 111.795
FD10874	200.750 	 39.729 	 111.750
FD10874	200.875 	 39.722 	 111.725
FD10874	201.000 	 39.722 	 111.709
FD10874	201.125 	 39.728 	 111.718
FD10874	201.250 	 39.722 	 111.724
FD10874	201.375 	 39.721 	 111.661
FD10874	201.500 	 39.720 	 111.682
FD10874	201.625 	 39.712 	 111.725
FD10874	201.750 	 39.708 	 111.854
FD10874	201.875 	 39.697 	 112.026
FD10874	202.000 	 39.689 	 111.992
FD10874	202.125 	 39.680 	 111.897
FD10874	202.250 	 39.667 	 111.731
FD10874	202.375 	 39.663 	 111.637
FD10874	202.500 	 39.646 	 111.643
FD10874	202.625 	 39.638 	 111.681
FD10874	202.750 	 39.631 	 111.705
FD10874	202.875 	 39.623 	 111.688
FD10874	203.000 	 39.608 	 111.693
FD10874	203.125 	 39.601 	 111.653
FD10874	203.250 	 39.589 	 111.700
FD10874	203.375 	 39.580 	 111.678
FD10874	203.500 	 39.570 	 111.648
FD10874	203.625 	 39.564 	 111.726
FD10874	203.750 	 39.558 	 111.699
FD10874	203.875 	 39.550 	 111.684
FD10874	204.000 	 39.552 	 111.744
FD10874	204.125 	 39.549 	 111.706
FD10874	204.250 	 39.552 	 111.639
FD10874	204.375 	 39.550 	 111.636
FD10874	204.500 	 39.565 	 111.548
FD10874	204.625 	 39.566 	 111.479
FD10874	204.750 	 39.581 	 111.533
FD10874	204.875 	 39.592 	 111.629
FD10874	205.000 	 39.610 	 111.689
FD10874	205.125 	 39.634 	 111.739
FD10874	205.250 	 39.653 	 111.671
FD10874	205.375 	 39.680 	 111.582
FD10874	205.500 	 39.705 	 111.704
FD10874	205.625 	 39.728 	 111.723
FD10874	205.750 	 39.762 	 111.671
FD10874	205.875 	 39.786 	 111.736
FD10874	206.000 	 39.817 	 111.749
FD10874	206.125 	 39.844 	 111.737
FD10874	206.250 	 39.866 	 111.779
FD10874	206.375 	 39.894 	 111.791
FD10874	206.500 	 39.917 	 111.806
FD10874	206.625 	 39.939 	 111.886
FD10874	206.750 	 39.958 	 112.023
FD10874	206.875 	 39.975 	 112.174
FD10874	207.000 	 39.994 	 112.136
FD10874	207.125 	 40.005 	 112.127
FD10874	207.250 	 40.017 	 112.235
FD10874	207.375 	 40.026 	 112.143
FD10874	207.500 	 40.034 	 112.074
FD10874	207.625 	 40.041 	 112.138
FD10874	207.750 	 40.046 	 112.252
FD10874	207.875 	 40.046 	 112.297
FD10874	208.000 	 40.049 	 112.295
FD10874	208.125 	 40.047 	 112.374
FD10874	208.250 	 40.043 	 112.231
FD10874	208.375 	 40.045 	 112.093
FD10874	208.500 	 40.039 	 112.096
FD10874	208.625 	 40.036 	 112.169
FD10874	208.750 	 40.030 	 112.335
FD10874	208.875 	 40.023 	 112.399
FD10874	209.000 	 40.015 	 112.466
FD10874	209.125 	 40.007 	 112.633
FD10874	209.250 	 40.000 	 112.755
FD10874	209.375 	 39.986 	 112.871
FD10874	209.500 	 39.982 	 112.963
FD10874	209.625 	 39.973 	 113.056
FD10874	209.750 	 39.964 	 113.142
FD10874	209.875 	 39.961 	 113.006
FD10874	210.000 	 39.961 	 112.965
FD10874	210.125 	 39.959 	 113.105
FD10874	210.250 	 39.961 	 113.115
FD10874	210.375 	 39.963 	 113.153
FD10874	210.500 	 39.962 	 113.275
FD10874	210.625 	 39.972 	 113.300
FD10874	210.750 	 39.973 	 113.234
FD10874	210.875 	 39.978 	 113.266
FD10874	211.000 	 39.982 	 113.379
FD10874	211.125 	 39.977 	 113.377
FD10874	211.250 	 39.981 	 113.345
FD10874	211.375 	 39.981 	 113.224
FD10874	211.500 	 39.965 	 113.203
FD10874	211.625 	 39.961 	 113.295
FD10874	211.750 	 39.947 	 113.152
FD10874	211.875 	 39.930 	 113.007
FD10874	212.000 	 39.910 	 113.064
FD10874	212.125 	 39.893 	 113.072
FD10874	212.250 	 39.867 	 112.942
FD10874	212.375 	 39.847 	 112.926
FD10874	212.500 	 39.819 	 113.011
FD10874	212.625 	 39.789 	 113.071
FD10874	212.750 	 39.764 	 113.175
FD10874	212.875 	 39.731 	 113.260
FD10874	213.000 	 39.709 	 113.256
FD10874	213.125 	 39.678 	 113.254
FD10874	213.250 	 39.658 	 113.326
FD10874	213.375 	 39.644 	 113.391
FD10874	213.500 	 39.630 	 113.350
FD10874	213.625 	 39.617 	 113.383
FD10874	213.750 	 39.618 	 113.547
FD10874	213.875 	 39.614 	 113.617
FD10874	214.000 	 39.617 	 113.706
FD10874	214.125 	 39.617 	 113.903
FD10874	214.250 	 39.631 	 113.897
FD10874	214.375 	 39.637 	 113.913
FD10874	214.500 	 39.651 	 113.935
FD10874	214.625 	 39.662 	 113.810
FD10874	214.750 	 39.683 	 113.821
FD10874	214.875 	 39.698 	 113.732
FD10874	215.000 	 39.712 	 113.532
FD10874	215.125 	 39.740 	 113.529
FD10874	215.250 	 39.758 	 113.607
FD10874	215.375 	 39.778 	 113.659
FD10874	215.500 	 39.804 	 113.715
FD10874	215.625 	 39.822 	 113.818
FD10874	215.750 	 39.851 	 113.835
FD10874	215.875 	 39.866 	 113.750
FD10874	216.000 	 39.893 	 113.757
FD10874	216.125 	 39.909 	 113.785
FD10874	216.250 	 39.938 	 113.868
FD10874	216.375 	 39.961 	 113.934
FD10874	216.500 	 39.985 	 113.882
FD10874	216.625 	 40.005 	 113.676
FD10874	216.750 	 40.028 	 113.592
FD10874	216.875 	 40.048 	 113.753
FD10874	217.000 	 40.069 	 113.848
FD10874	217.125 	 40.088 	 113.732
FD10874	217.250 	 40.096 	 113.568
FD10874	217.375 	 40.109 	 113.640
FD10874	217.500 	 40.113 	 113.683
FD10874	217.625 	 40.108 	 113.723
FD10874	217.750 	 40.110 	 113.860
FD10874	217.875 	 40.106 	 113.698
FD10874	218.000 	 40.100 	 113.484
FD10874	218.125 	 40.088 	 113.572
FD10874	218.250 	 40.075 	 113.549
FD10874	218.375 	 40.058 	 113.371
FD10874	218.500 	 40.038 	 113.359
FD10874	218.625 	 40.020 	 113.338
FD10874	218.750 	 39.990 	 113.375
FD10874	218.875 	 39.968 	 113.419
FD10874	219.000 	 39.939 	 113.177
FD10874	219.125 	 39.910 	 112.966
FD10874	219.250 	 39.886 	 112.963
FD10874	219.375 	 39.860 	 112.897
FD10874	219.500 	 39.832 	 112.851
FD10874	219.625 	 39.808 	 113.005
FD10874	219.750 	 39.779 	 113.167
FD10874	219.875 	 39.752 	 113.206
FD10874	220.000 	 39.724 	 113.220
FD10874	220.125 	 39.697 	 113.288
FD10874	220.250 	 39.674 	 113.292
FD10874	220.375 	 39.647 	 113.171
FD10874	220.500 	 39.633 	 113.221
FD10874	220.625 	 39.613 	 113.252
FD10874	220.750 	 39.601 	 113.217
FD10874	220.875 	 39.589 	 113.351
FD10874	221.000 	 39.585 	 113.274
FD10874	221.125 	 39.574 	 113.141
FD10874	221.250 	 39.572 	 113.150
FD10874	221.375 	 39.568 	 113.182
FD10874	221.500 	 39.559 	 113.145
FD10874	221.625 	 39.565 	 113.123
FD10874	221.750 	 39.558 	 113.167
FD10874	221.875 	 39.557 	 113.137
FD10874	222.000 	 39.559 	 113.091
FD10874	222.125 	 39.562 	 113.083
FD10874	222.250 	 39.559 	 113.103
FD10874	222.375 	 39.558 	 113.059
FD10874	222.500 	 39.562 	 112.970
FD10874	222.625 	 39.561 	 112.946
FD10874	222.750 	 39.566 	 112.818
FD10874	222.875 	 39.567 	 112.811
FD10874	223.000 	 39.572 	 112.836
FD10874	223.125 	 39.579 	 112.804
FD10874	223.250 	 39.595 	 112.995
FD10874	223.375 	 39.604 	 113.163
FD10874	223.500 	 39.621 	 113.132
FD10874	223.625 	 39.645 	 113.038
FD10874	223.750 	 39.674 	 112.954
FD10874	223.875 	 39.700 	 113.022
FD10874	224.000 	 39.733 	 113.050
FD10874	224.125 	 39.766 	 113.125
FD10874	224.250 	 39.808 	 113.185
FD10874	224.375 	 39.842 	 113.089
FD10874	224.500 	 39.882 	 113.055
FD10874	224.625 	 39.920 	 113.005
FD10874	224.750 	 39.954 	 113.088
FD10874	224.875 	 39.992 	 113.310
FD10874	225.000 	 40.027 	 113.217
FD10874	225.125 	 40.059 	 112.847
FD10874	225.250 	 40.090 	 112.876
FD10874	225.375 	 40.123 	 113.027
FD10874	225.500 	 40.151 	 112.976
FD10874	225.625 	 40.184 	 112.936
FD10874	225.750 	 40.206 	 112.965
FD10874	225.875 	 40.233 	 113.042
FD10874	226.000 	 40.252 	 113.077
FD10874	226.125 	 40.264 	 113.253
FD10874	226.250 	 40.278 	 113.445
FD10874	226.375 	 40.289 	 113.475
FD10874	226.500 	 40.296 	 113.405
FD10874	226.625 	 40.308 	 113.493
FD10874	226.750 	 40.310 	 113.503
FD10874	226.875 	 40.316 	 113.210
FD10874	227.000 	 40.319 	 113.172
FD10874	227.125 	 40.319 	 113.145
FD10874	227.250 	 40.322 	 113.073
FD10874	227.375 	 40.319 	 113.145
FD10874	227.500 	 40.316 	 113.113
FD10874	227.625 	 40.310 	 112.968
FD10874	227.750 	 40.309 	 112.895
FD10874	227.875 	 40.306 	 112.812
FD10874	228.000 	 40.301 	 112.728
FD10874	228.125 	 40.298 	 112.795
FD10874	228.250 	 40.302 	 112.836
FD10874	228.375 	 40.295 	 112.914
FD10874	228.500 	 40.293 	 112.996
FD10874	228.625 	 40.289 	 113.037
FD10874	228.750 	 40.283 	 112.927
FD10874	228.875 	 40.277 	 112.878
FD10874	229.000 	 40.266 	 112.887
FD10874	229.125 	 40.266 	 112.708
FD10874	229.250 	 40.262 	 112.700
FD10874	229.375 	 40.255 	 112.743
FD10874	229.500 	 40.244 	 112.810
FD10874	229.625 	 40.235 	 112.914
FD10874	229.750 	 40.229 	 112.957
FD10874	229.875 	 40.211 	 113.079
FD10874	230.000 	 40.202 	 113.125
FD10874	230.125 	 40.181 	 113.056
FD10874	230.250 	 40.177 	 113.091
FD10874	230.375 	 40.160 	 113.275
FD10874	230.500 	 40.152 	 113.238
FD10874	230.625 	 40.144 	 113.070
FD10874	230.750 	 40.136 	 113.079
FD10874	230.875 	 40.134 	 113.210
FD10874	231.000 	 40.126 	 113.331
FD10874	231.125 	 40.125 	 113.421
FD10874	231.250 	 40.117 	 113.552
FD10874	231.375 	 40.118 	 113.661
FD10874	231.500 	 40.108 	 113.670
FD10874	231.625 	 40.107 	 113.806
FD10874	231.750 	 40.102 	 113.961
FD10874	231.875 	 40.095 	 113.939
FD10874	232.000 	 40.096 	 113.956
FD10874	232.125 	 40.098 	 114.036
FD10874	232.250 	 40.095 	 114.243
FD10874	232.375 	 40.099 	 114.270
FD10874	232.500 	 40.095 	 114.284
FD10874	232.625 	 40.102 	 114.518
FD10874	232.750 	 40.104 	 114.632
FD10874	232.875 	 40.110 	 114.666
FD10874	233.000 	 40.111 	 114.863
FD10874	233.125 	 40.117 	 115.019
FD10874	233.250 	 40.121 	 115.029
FD10874	233.375 	 40.128 	 115.201
FD10874	233.500 	 40.133 	 115.276
FD10874	233.625 	 40.138 	 115.211
FD10874	233.750 	 40.145 	 115.260
FD10874	233.875 	 40.147 	 115.156
FD10874	234.000 	 40.155 	 115.078
FD10874	234.125 	 40.158 	 115.171
FD10874	234.250 	 40.167 	 115.059
FD10874	234.375 	 40.177 	 114.943
FD10874	234.500 	 40.188 	 115.036
FD10874	234.625 	 40.193 	 115.198
FD10874	234.750 	 40.200 	 115.235
FD10874	234.875 	 40.199 	 115.116
FD10874	235.000 	 40.191 	 115.060
FD10874	235.125 	 40.168 	 115.178
FD10874	235.250 	 40.135 	 115.427
FD10874	235.375 	 40.091 	 115.479
FD10874	235.500 	 40.036 	 115.444
FD10874	235.625 	 39.985 	 115.497
FD10874	235.750 	 39.945 	 115.510
FD10874	235.875 	 39.921 	 115.605
FD10874	236.000 	 39.920 	 115.654
FD10874	236.125 	 39.937 	 115.622
FD10874	236.250 	 39.948 	 115.751
FD10874	236.375 	 39.955 	 115.893
FD10874	236.500 	 39.968 	 116.071
FD10874	236.625 	 39.964 	 116.258
FD10874	236.750 	 39.972 	 116.431
FD10874	236.875 	 39.972 	 116.553
FD10874	237.000 	 39.973 	 116.485
FD10874	237.125 	 39.985 	 116.453
FD10874	237.250 	 40.000 	 116.565
FD10874	237.375 	 40.006 	 116.553
FD10874	237.500 	 40.027 	 116.563
FD10874	237.625 	 40.036 	 116.524
FD10874	237.750 	 40.048 	 116.541
FD10874	237.875 	 40.059 	 116.604
FD10874	238.000 	 40.069 	 116.480
FD10874	238.125 	 40.075 	 116.504
FD10874	238.250 	 40.089 	 116.621
FD10874	238.375 	 40.090 	 116.757
FD10874	238.500 	 40.095 	 116.837
FD10874	238.625 	 40.102 	 116.895
FD10874	238.750 	 40.093 	 116.973
FD10874	238.875 	 40.094 	 117.073
FD10874	239.000 	 40.087 	 117.131
FD10874	239.125 	 40.080 	 117.214
FD10874	239.250 	 40.071 	 117.364
FD10874	239.375 	 40.059 	 117.348
FD10874	239.500 	 40.050 	 117.294
FD10874	239.625 	 40.040 	 117.353
FD10874	239.750 	 40.028 	 117.535
FD10874	239.875 	 40.020 	 117.694
FD10874	240.000 	 40.004 	 117.655
FD10874	240.125 	 39.988 	 117.641
FD10874	240.250 	 39.983 	 117.655
FD10874	240.375 	 39.968 	 117.593
FD10874	240.500 	 39.952 	 117.576
FD10874	240.625 	 39.942 	 117.508
FD10874	240.750 	 39.935 	 117.432
FD10874	240.875 	 39.920 	 117.279
FD10874	241.000 	 39.917 	 117.111
FD10874	241.125 	 39.915 	 117.009
FD10874	241.250 	 39.905 	 116.865
FD10874	241.375 	 39.902 	 116.836
FD10874	241.500 	 39.902 	 116.806
FD10874	241.625 	 39.899 	 116.702
FD10874	241.750 	 39.896 	 116.763
FD10874	241.875 	 39.898 	 116.877
FD10874	242.000 	 39.893 	 116.933
FD10874	242.125 	 39.895 	 116.977
FD10874	242.250 	 39.892 	 117.011
FD10874	242.375 	 39.889 	 116.992
FD10874	242.500 	 39.887 	 116.948
FD10874	242.625 	 39.890 	 116.955
FD10874	242.750 	 39.879 	 117.033
FD10874	242.875 	 39.880 	 117.019
FD10874	243.000 	 39.875 	 116.907
FD10874	243.125 	 39.865 	 116.738
FD10874	243.250 	 39.856 	 116.770
FD10874	243.375 	 39.849 	 116.970
FD10874	243.500 	 39.841 	 117.004
FD10874	243.625 	 39.830 	 116.968
FD10874	243.750 	 39.821 	 117.022
FD10874	243.875 	 39.816 	 116.978
FD10874	244.000 	 39.811 	 116.770
FD10874	244.125 	 39.807 	 116.768
FD10874	244.250 	 39.801 	 116.809
FD10874	244.375 	 39.806 	 116.748
FD10874	244.500 	 39.809 	 116.883
FD10874	244.625 	 39.816 	 117.088
FD10874	244.750 	 39.822 	 117.180
FD10874	244.875 	 39.832 	 117.097
FD10874	245.000 	 39.848 	 117.100
FD10874	245.125 	 39.856 	 117.214
FD10874	245.250 	 39.872 	 117.065
FD10874	245.375 	 39.885 	 117.099
FD10874	245.500 	 39.898 	 117.094
FD10874	245.625 	 39.916 	 116.940
FD10874	245.750 	 39.930 	 117.038
FD10874	245.875 	 39.938 	 117.004
FD10874	246.000 	 39.951 	 116.930
FD10874	246.125 	 39.963 	 116.889
FD10874	246.250 	 39.970 	 116.850
FD10874	246.375 	 39.977 	 116.945
FD10874	246.500 	 39.976 	 117.125
FD10874	246.625 	 39.983 	 117.230
FD10874	246.750 	 39.981 	 117.269
FD10874	246.875 	 39.974 	 117.437
FD10874	247.000 	 39.972 	 117.395
FD10874	247.125 	 39.962 	 117.157
FD10874	247.250 	 39.960 	 117.128
FD10874	247.375 	 39.950 	 117.211
FD10874	247.500 	 39.942 	 117.281
FD10874	247.625 	 39.929 	 117.308
FD10874	247.750 	 39.926 	 117.318
FD10874	247.875 	 39.907 	 117.377
FD10874	248.000 	 39.898 	 117.453
FD10874	248.125 	 39.884 	 117.380
FD10874	248.250 	 39.876 	 117.368
FD10874	248.375 	 39.868 	 117.380
FD10874	248.500 	 39.853 	 117.229
FD10874	248.625 	 39.850 	 117.144
FD10874	248.750 	 39.837 	 117.139
FD10874	248.875 	 39.838 	 117.232
FD10874	249.000 	 39.822 	 117.312
FD10874	249.125 	 39.820 	 117.339
FD10874	249.250 	 39.815 	 117.344
FD10874	249.375 	 39.800 	 117.344
FD10874	249.500 	 39.794 	 117.323
FD10874	249.625 	 39.779 	 117.284
FD10874	249.750 	 39.774 	 117.335
FD10874	249.875 	 39.759 	 117.362
FD10874	250.000 	 39.751 	 117.316
FD10874	250.125 	 39.740 	 117.221
FD10874	250.250 	 39.726 	 117.106
FD10874	250.375 	 39.721 	 117.167
FD10874	250.500 	 39.709 	 117.304
FD10874	250.625 	 39.700 	 117.383
FD10874	250.750 	 39.689 	 117.395
FD10874	250.875 	 39.686 	 117.261
FD10874	251.000 	 39.675 	 117.285
FD10874	251.125 	 39.669 	 117.386
FD10874	251.250 	 39.669 	 117.231
FD10874	251.375 	 39.674 	 117.004
FD10874	251.500 	 39.680 	 116.969
FD10874	251.625 	 39.688 	 116.981
FD10874	251.750 	 39.697 	 116.832
FD10874	251.875 	 39.709 	 116.776
FD10874	252.000 	 39.719 	 116.849
FD10874	252.125 	 39.725 	 116.837
FD10874	252.250 	 39.742 	 116.817
FD10874	252.375 	 39.755 	 116.707
FD10874	252.500 	 39.764 	 116.567
FD10874	252.625 	 39.775 	 116.555
FD10874	252.750 	 39.785 	 116.665
FD10874	252.875 	 39.796 	 116.751
FD10874	253.000 	 39.800 	 116.768
FD10874	253.125 	 39.809 	 116.885
FD10874	253.250 	 39.811 	 117.000
FD10874	253.375 	 39.820 	 117.112
FD10874	253.500 	 39.825 	 117.188
FD10874	253.625 	 39.833 	 117.112
FD10874	253.750 	 39.841 	 117.210
FD10874	253.875 	 39.851 	 117.471
FD10874	254.000 	 39.866 	 117.500
FD10874	254.125 	 39.881 	 117.546
FD10874	254.250 	 39.895 	 117.631
FD10874	254.375 	 39.910 	 117.574
FD10874	254.500 	 39.927 	 117.501
FD10874	254.625 	 39.948 	 117.513
FD10874	254.750 	 39.964 	 117.522
FD10874	254.875 	 39.982 	 117.463
FD10874	255.000 	 40.007 	 117.524
FD10874	255.125 	 40.027 	 117.555
FD10874	255.250 	 40.049 	 117.501
FD10874	255.375 	 40.070 	 117.430
FD10874	255.500 	 40.090 	 117.498
FD10874	255.625 	 40.101 	 117.488
FD10874	255.750 	 40.115 	 117.502
FD10874	255.875 	 40.125 	 117.650
FD10874	256.000 	 40.134 	 117.516
FD10874	256.125 	 40.135 	 117.424
FD10874	256.250 	 40.139 	 117.358
FD10874	256.375 	 40.142 	 117.164
FD10874	256.500 	 40.135 	 117.094
FD10874	256.625 	 40.137 	 117.113
FD10874	256.750 	 40.132 	 116.999
FD10874	256.875 	 40.134 	 117.065
FD10874	257.000 	 40.127 	 117.308
FD10874	257.125 	 40.123 	 117.385
FD10874	257.250 	 40.121 	 117.296
FD10874	257.375 	 40.108 	 117.196
FD10874	257.500 	 40.101 	 117.262
FD10874	257.625 	 40.091 	 117.558
FD10874	257.750 	 40.080 	 117.687
FD10874	257.875 	 40.070 	 117.792
FD10874	258.000 	 40.059 	 117.921
FD10874	258.125 	 40.050 	 117.960
FD10874	258.250 	 40.047 	 117.914
FD10874	258.375 	 40.036 	 117.810
FD10874	258.500 	 40.032 	 117.868
FD10874	258.625 	 40.032 	 117.956
FD10874	258.750 	 40.020 	 118.255
FD10874	258.875 	 40.023 	 118.421
FD10874	259.000 	 40.006 	 118.241
FD10874	259.125 	 39.996 	 118.093
FD10874	259.250 	 39.989 	 117.977
FD10874	259.375 	 39.976 	 117.904
FD10874	259.500 	 39.968 	 117.895
FD10874	259.625 	 39.955 	 117.822
FD10874	259.750 	 39.956 	 117.773
FD10874	259.875 	 39.941 	 117.761
FD10874	260.000 	 39.933 	 117.735
FD10874	260.125 	 39.934 	 117.664
FD10874	260.250 	 39.923 	 117.657
FD10874	260.375 	 39.926 	 117.569
FD10874	260.500 	 39.926 	 117.428
FD10874	260.625 	 39.938 	 117.432
FD10874	260.750 	 39.945 	 117.437
FD10874	260.875 	 39.968 	 117.344
FD10874	261.000 	 39.985 	 117.441
FD10874	261.125 	 40.005 	 117.529
FD10874	261.250 	 40.036 	 117.363
FD10874	261.375 	 40.059 	 117.216
FD10874	261.500 	 40.090 	 117.048
FD10874	261.625 	 40.123 	 116.919
FD10874	261.750 	 40.157 	 116.713
FD10874	261.875 	 40.192 	 116.451
FD10874	262.000 	 40.234 	 116.500
FD10874	262.125 	 40.275 	 116.761
FD10874	262.250 	 40.311 	 116.911
FD10874	262.375 	 40.348 	 116.925
FD10874	262.500 	 40.373 	 117.108
FD10874	262.625 	 40.396 	 117.236
FD10874	262.750 	 40.416 	 117.371
FD10874	262.875 	 40.428 	 117.332
FD10874	263.000 	 40.446 	 117.165
FD10874	263.125 	 40.450 	 117.180
FD10874	263.250 	 40.458 	 117.194
FD10874	263.375 	 40.463 	 117.228
FD10874	263.500 	 40.468 	 117.143
FD10874	263.625 	 40.471 	 117.064
FD10874	263.750 	 40.477 	 117.187
FD10874	263.875 	 40.474 	 117.334
FD10874	264.000 	 40.480 	 117.329
FD10874	264.125 	 40.474 	 117.358
FD10874	264.250 	 40.477 	 117.353
FD10874	264.375 	 40.473 	 117.247
FD10874	264.500 	 40.476 	 117.264
FD10874	264.625 	 40.474 	 117.379
FD10874	264.750 	 40.473 	 117.317
FD10874	264.875 	 40.478 	 117.179
FD10874	265.000 	 40.481 	 117.179
FD10874	265.125 	 40.481 	 117.179
FD10874	265.250 	 40.481 	 117.179
FD10874	265.375 	 40.484 	 117.179
FD10874	265.500 	 40.489 	 117.182
FD10874	265.625 	 40.495 	 117.179
FD10874	265.750 	 40.499 	 117.179
FD10874	265.875 	 40.495 	 117.215
FD10874	266.000 	 40.501 	 117.244
FD10874	266.125 	 40.494 	 117.247
FD10874	266.250 	 40.501 	 117.247
FD10874	266.375 	 40.498 	 117.247
FD10874	266.500 	 40.497 	 117.247
FD10874	266.625 	 40.501 	 117.244
FD10874	266.750 	 40.494 	 117.247
FD10874	266.875 	 40.501 	 117.247
FD10874	267.000 	 40.494 	 117.247
FD10874	267.125 	 40.501 	 117.244
FD10874	267.250 	 40.500 	 117.276
FD10874	267.375 	 40.495 	 117.300
FD10874	267.500 	 40.500 	 117.302
FD10874	267.625 	 40.495 	 117.300
FD10874	267.750 	 40.500 	 117.302
FD10874	267.875 	 40.495 	 117.300
FD10874	268.000 	 40.500 	 117.302
FD10874	268.125 	 40.500 	 117.300
FD10874	268.250 	 40.496 	 117.302
FD10874	268.375 	 40.498 	 117.302
FD10874	268.500 	 40.496 	 117.302
FD10874	268.625 	 40.500 	 117.300
FD10874	268.750 	 40.496 	 117.302
FD10874	268.875 	 40.500 	 117.300
FD10874	269.000 	 40.500 	 117.302
FD10874	269.125 	 40.495 	 117.300
FD10874	269.250 	 40.500 	 117.302
FD10874	269.375 	 40.495 	 117.300
FD10874	269.500 	 40.500 	 117.302
FD10874	269.625 	 40.495 	 117.300
FD10874	269.750 	 40.498 	 117.304
FD10874	269.875 	 40.500 	 117.300
FD10874	270.000 	 40.496 	 117.302
FD10874	270.125 	 40.500 	 117.300
FD10874	270.250 	 40.496 	 117.302
FD10874	270.375 	 40.500 	 117.300
FD10874	270.500 	 40.496 	 117.302
FD10874	270.625 	 40.500 	 117.300
FD10874	270.750 	 40.496 	 117.302
FD10874	270.875 	 40.500 	 117.300
FD10874	271.000 	 40.500 	 117.302
FD10874	271.125 	 40.493 	 117.302
FD10874	271.250 	 40.500 	 117.302
FD10874	271.375 	 40.495 	 117.300
FD10874	271.500 	 40.500 	 117.302
FD10874	271.625 	 40.495 	 117.300
FD10874	271.750 	 40.500 	 117.302
FD10874	271.875 	 40.500 	 117.300
FD10874	272.000 	 40.496 	 117.302
FD10874	272.125 	 40.500 	 117.300
FD10874	272.250 	 40.496 	 117.302
FD10874	272.375 	 40.500 	 117.300
FD10874	272.500 	 40.494 	 117.304
FD10874	272.625 	 40.500 	 117.300
FD10874	272.750 	 40.500 	 117.302
FD10874	272.875 	 40.496 	 117.302
FD10874	273.000 	 40.500 	 117.300
FD10874	273.125 	 40.496 	 117.302
FD10874	273.250 	 40.500 	 117.300
FD10874	273.375 	 40.496 	 117.302
FD10874	273.500 	 40.500 	 117.300
FD10874	273.625 	 40.500 	 117.302
FD10874	273.750 	 40.495 	 117.300
FD10874	273.875 	 40.498 	 117.304
FD10874	274.000 	 40.495 	 117.300
FD10874	274.125 	 40.500 	 117.302
FD10874	274.250 	 40.495 	 117.300
FD10874	274.375 	 40.500 	 117.302
FD10874	274.500 	 40.500 	 117.300
FD10874	274.625 	 40.496 	 117.302
FD10874	274.750 	 40.500 	 117.300
FD10874	274.875 	 40.496 	 117.302
FD10874	275.000 	 40.500 	 117.300
FD10874	275.125 	 40.496 	 117.302
FD10874	275.250 	 40.500 	 117.300
FD10874	275.375 	 40.498 	 117.304
FD10874	275.500 	 40.495 	 117.300
FD10874	275.625 	 40.500 	 117.302
FD10874	275.750 	 40.495 	 117.300
FD10874	275.875 	 40.500 	 117.302
FD10874	276.000 	 40.495 	 117.300
FD10874	276.125 	 40.500 	 117.302
FD10874	276.250 	 40.500 	 117.300
FD10874	276.375 	 40.496 	 117.302
FD10874	276.500 	 40.500 	 117.300
FD10874	276.625 	 40.496 	 117.302
FD10874	276.750 	 40.498 	 117.302
FD10874	276.875 	 40.496 	 117.302
FD10874	277.000 	 40.500 	 117.300
FD10874	277.125 	 0.000 	 90.000
FD10874	277.250 	 0.000 	 90.000
FD10874	277.375 	 0.000 	 90.000
FD10874	277.500 	 0.000 	 90.000
FD10874	277.625 	 0.000 	 90.000
FD10874	277.750 	 0.000 	 90.000
FD10874	277.875 	 0.000 	 90.000
FD10874	278.000 	 0.000 	 90.000
FD10874	278.125 	 0.000 	 90.000
FD10874	278.250 	 0.000 	 90.000
FD10874	278.375 	 0.000 	 90.000
FD10874	278.500 	 0.000 	 90.000
FD10874	278.625 	 0.000 	 90.000
FD10874	278.750 	 0.000 	 90.000
FD10874	278.875 	 0.000 	 90.000
FD10874	279.000 	 0.000 	 90.000
FD10874	279.125 	 0.000 	 90.000
FD10874	279.250 	 0.000 	 90.000
FD10874	279.375 	 0.000 	 90.000
FD10874	279.500 	 0.000 	 90.000
FD10874	279.625 	 0.000 	 90.000
FD10874	279.750 	 0.000 	 90.000
FD10874	279.875 	 0.000 	 90.000
FD10874	280.000 	 0.000 	 90.000
FD10874	280.125 	 0.000 	 90.000
FD10874	280.250 	 0.000 	 90.000
FD10874	280.375 	 0.000 	 90.000
FD10874	280.500 	 0.000 	 90.000
FD10874	280.625 	 0.000 	 90.000
FD10874	280.750 	 0.000 	 90.000
FD10874	280.875 	 0.000 	 90.000
FD10874	281.000 	 0.000 	 90.000
FD10874	281.125 	 0.000 	 90.000
FD10874	281.250 	 0.000 	 90.000
FD10874	281.375 	 0.000 	 90.000
FD10874	281.500 	 0.000 	 90.000
FD10874	281.625 	 0.000 	 90.000
FD10874	281.750 	 0.000 	 90.000
FD10874	281.875 	 0.000 	 90.000
FD10874	282.000 	 0.000 	 90.000
FD10874	282.125 	 0.000 	 90.000
FD10874	282.250 	 0.000 	 90.000
FD10874	282.375 	 0.000 	 90.000
FD10874	282.500 	 0.000 	 90.000
FD10874	282.625 	 0.000 	 90.000
FD10874	282.750 	 0.000 	 90.000
FD10874	282.875 	 0.000 	 90.000
FD10874	283.000 	 0.000 	 90.000
FD10874	283.125 	 0.000 	 90.000
FD10874	283.250 	 0.000 	 90.000
FD10874	283.375 	 0.000 	 90.000
FD10874	283.500 	 0.000 	 90.000
FD10874	283.625 	 0.000 	 90.000
FD10874	283.750 	 0.000 	 90.000
FD10874	283.875 	 0.000 	 90.000
FD10874	284.000 	 0.000 	 90.000
FD10874	284.125 	 0.000 	 90.000
FD10874	284.250 	 0.000 	 90.000
FD10874	284.375 	 0.000 	 90.000
FD10874	284.500 	 0.000 	 90.000
FD10874	284.625 	 0.000 	 90.000
FD10874	284.750 	 0.000 	 90.000
FD10874	284.875 	 0.000 	 90.000
FD10874	285.000 	 0.000 	 90.000
FD10874	285.125 	 0.000 	 90.000
FD10874	285.250 	 0.000 	 90.000
FD10874	285.375 	 0.000 	 90.000
FD10874	285.500 	 0.000 	 90.000
FD10874	285.625 	 0.000 	 90.000
FD10874	285.750 	 0.000 	 90.000
FD10874	285.875 	 0.000 	 90.000
FD10874	286.000 	 0.000 	 90.000
FD10874	286.125 	 0.000 	 90.000
FD10874	286.250 	 0.000 	 90.000
FD10874	286.375 	 0.000 	 90.000
FD10874	286.500 	 0.000 	 90.000
FD10874	286.625 	 0.000 	 90.000
FD10874	286.750 	 0.000 	 90.000
FD10874	286.875 	 0.000 	 90.000
FD10874	287.000 	 0.000 	 90.000
