#WellName	 Depth.M	 INCL	 AZIM 
WellName	 Depth.M	 INCL	 AZIM 
FD10801	0.000 	 0.000 	 0.000
FD10801	0.125 	 0.000 	 90.000
FD10801	0.250 	 0.000 	 90.000
FD10801	0.375 	 0.000 	 90.000
FD10801	0.500 	 0.000 	 90.000
FD10801	0.625 	 0.000 	 90.000
FD10801	0.750 	 0.000 	 90.000
FD10801	0.875 	 0.000 	 90.000
FD10801	1.000 	 0.000 	 90.000
FD10801	1.125 	 0.000 	 90.000
FD10801	1.250 	 0.000 	 90.000
FD10801	1.375 	 0.000 	 90.000
FD10801	1.500 	 0.000 	 90.000
FD10801	1.625 	 0.000 	 90.000
FD10801	1.750 	 0.000 	 90.000
FD10801	1.875 	 0.000 	 90.000
FD10801	2.000 	 0.000 	 90.000
FD10801	2.125 	 0.000 	 90.000
FD10801	2.250 	 0.000 	 90.000
FD10801	2.375 	 0.000 	 90.000
FD10801	2.500 	 0.000 	 90.000
FD10801	2.625 	 0.000 	 90.000
FD10801	2.750 	 0.000 	 90.000
FD10801	2.875 	 0.000 	 90.000
FD10801	3.000 	 0.000 	 90.000
FD10801	3.125 	 0.000 	 90.000
FD10801	3.250 	 0.000 	 90.000
FD10801	3.375 	 0.000 	 90.000
FD10801	3.500 	 0.000 	 90.000
FD10801	3.625 	 0.000 	 90.000
FD10801	3.750 	 0.000 	 90.000
FD10801	3.875 	 0.000 	 90.000
FD10801	4.000 	 0.000 	 90.000
FD10801	4.125 	 0.000 	 90.000
FD10801	4.250 	 0.000 	 90.000
FD10801	4.375 	 0.000 	 90.000
FD10801	4.500 	 0.000 	 90.000
FD10801	4.625 	 0.000 	 90.000
FD10801	4.750 	 0.000 	 90.000
FD10801	4.875 	 0.000 	 90.000
FD10801	5.000 	 0.000 	 90.000
FD10801	5.125 	 0.000 	 90.000
FD10801	5.250 	 0.000 	 90.000
FD10801	5.375 	 0.000 	 90.000
FD10801	5.500 	 0.000 	 90.000
FD10801	5.625 	 0.000 	 90.000
FD10801	5.750 	 0.000 	 90.000
FD10801	5.875 	 0.000 	 90.000
FD10801	6.000 	 0.000 	 90.000
FD10801	6.125 	 0.000 	 90.000
FD10801	6.250 	 0.000 	 90.000
FD10801	6.375 	 0.000 	 90.000
FD10801	6.500 	 0.000 	 90.000
FD10801	6.625 	 0.000 	 90.000
FD10801	6.750 	 0.000 	 90.000
FD10801	6.875 	 0.000 	 90.000
FD10801	7.000 	 0.000 	 90.000
FD10801	7.125 	 0.000 	 90.000
FD10801	7.250 	 0.000 	 90.000
FD10801	7.375 	 0.000 	 90.000
FD10801	7.500 	 0.000 	 90.000
FD10801	7.625 	 0.000 	 90.000
FD10801	7.750 	 0.000 	 90.000
FD10801	7.875 	 0.000 	 90.000
FD10801	8.000 	 0.000 	 90.000
FD10801	8.125 	 0.000 	 90.000
FD10801	8.250 	 0.000 	 90.000
FD10801	8.375 	 0.000 	 90.000
FD10801	8.500 	 0.000 	 90.000
FD10801	8.625 	 0.000 	 90.000
FD10801	8.750 	 0.000 	 90.000
FD10801	8.875 	 0.000 	 90.000
FD10801	9.000 	 0.000 	 90.000
FD10801	9.125 	 0.000 	 90.000
FD10801	9.250 	 0.000 	 90.000
FD10801	9.375 	 0.000 	 90.000
FD10801	9.500 	 0.000 	 90.000
FD10801	9.625 	 0.000 	 90.000
FD10801	9.750 	 0.000 	 90.000
FD10801	9.875 	 0.000 	 90.000
FD10801	10.000 	 0.000 	 90.000
FD10801	10.125 	 0.000 	 90.000
FD10801	10.250 	 0.000 	 90.000
FD10801	10.375 	 0.000 	 90.000
FD10801	10.500 	 0.000 	 90.000
FD10801	10.625 	 0.000 	 90.000
FD10801	10.750 	 0.000 	 90.000
FD10801	10.875 	 0.000 	 90.000
FD10801	11.000 	 0.000 	 90.000
FD10801	11.125 	 0.000 	 90.000
FD10801	11.250 	 0.000 	 90.000
FD10801	11.375 	 0.000 	 90.000
FD10801	11.500 	 0.000 	 90.000
FD10801	11.625 	 0.000 	 90.000
FD10801	11.750 	 0.000 	 90.000
FD10801	11.875 	 0.000 	 90.000
FD10801	12.000 	 0.000 	 90.000
FD10801	12.125 	 0.000 	 90.000
FD10801	12.250 	 0.000 	 90.000
FD10801	12.375 	 0.000 	 90.000
FD10801	12.500 	 0.000 	 90.000
FD10801	12.625 	 0.000 	 90.000
FD10801	12.750 	 0.000 	 90.000
FD10801	12.875 	 0.000 	 90.000
FD10801	13.000 	 0.000 	 90.000
FD10801	13.125 	 0.000 	 90.000
FD10801	13.250 	 0.000 	 90.000
FD10801	13.375 	 0.000 	 90.000
FD10801	13.500 	 0.000 	 90.000
FD10801	13.625 	 0.000 	 90.000
FD10801	13.750 	 0.000 	 90.000
FD10801	13.875 	 0.000 	 90.000
FD10801	14.000 	 0.000 	 90.000
FD10801	14.125 	 0.000 	 90.000
FD10801	14.250 	 0.000 	 90.000
FD10801	14.375 	 0.000 	 90.000
FD10801	14.500 	 0.000 	 90.000
FD10801	14.625 	 0.000 	 90.000
FD10801	14.750 	 0.000 	 90.000
FD10801	14.875 	 0.000 	 90.000
FD10801	15.000 	 0.000 	 90.000
FD10801	15.125 	 0.000 	 90.000
FD10801	15.250 	 0.000 	 90.000
FD10801	15.375 	 0.000 	 90.000
FD10801	15.500 	 0.000 	 90.000
FD10801	15.625 	 0.000 	 90.000
FD10801	15.750 	 0.000 	 90.000
FD10801	15.875 	 0.000 	 90.000
FD10801	16.000 	 0.000 	 90.000
FD10801	16.125 	 0.000 	 90.000
FD10801	16.250 	 0.000 	 90.000
FD10801	16.375 	 0.000 	 90.000
FD10801	16.500 	 0.000 	 90.000
FD10801	16.625 	 0.000 	 90.000
FD10801	16.750 	 0.000 	 90.000
FD10801	16.875 	 0.000 	 90.000
FD10801	17.000 	 0.000 	 90.000
FD10801	17.125 	 0.000 	 90.000
FD10801	17.250 	 0.000 	 90.000
FD10801	17.375 	 0.000 	 90.000
FD10801	17.500 	 0.000 	 90.000
FD10801	17.625 	 0.000 	 90.000
FD10801	17.750 	 0.000 	 90.000
FD10801	17.875 	 0.000 	 90.000
FD10801	18.000 	 0.000 	 90.000
FD10801	18.125 	 0.000 	 90.000
FD10801	18.250 	 0.000 	 90.000
FD10801	18.375 	 0.000 	 90.000
FD10801	18.500 	 0.000 	 90.000
FD10801	18.625 	 0.000 	 90.000
FD10801	18.750 	 0.000 	 90.000
FD10801	18.875 	 0.000 	 90.000
FD10801	19.000 	 0.000 	 90.000
FD10801	19.125 	 0.000 	 90.000
FD10801	19.250 	 0.000 	 90.000
FD10801	19.375 	 0.000 	 90.000
FD10801	19.500 	 0.000 	 90.000
FD10801	19.625 	 0.000 	 90.000
FD10801	19.750 	 0.000 	 90.000
FD10801	19.875 	 0.000 	 90.000
FD10801	20.000 	 0.000 	 90.000
FD10801	20.125 	 0.000 	 90.000
FD10801	20.250 	 0.000 	 90.000
FD10801	20.375 	 0.000 	 90.000
FD10801	20.500 	 0.000 	 90.000
FD10801	20.625 	 0.000 	 90.000
FD10801	20.750 	 0.000 	 90.000
FD10801	20.875 	 0.000 	 90.000
FD10801	21.000 	 0.000 	 90.000
FD10801	21.125 	 0.000 	 90.000
FD10801	21.250 	 0.000 	 90.000
FD10801	21.375 	 0.000 	 90.000
FD10801	21.500 	 0.000 	 90.000
FD10801	21.625 	 0.000 	 90.000
FD10801	21.750 	 0.000 	 90.000
FD10801	21.875 	 0.000 	 90.000
FD10801	22.000 	 0.000 	 90.000
FD10801	22.125 	 0.000 	 90.000
FD10801	22.250 	 0.000 	 90.000
FD10801	22.375 	 0.000 	 90.000
FD10801	22.500 	 0.000 	 90.000
FD10801	22.625 	 0.000 	 90.000
FD10801	22.750 	 0.000 	 90.000
FD10801	22.875 	 0.000 	 90.000
FD10801	23.000 	 0.000 	 90.000
FD10801	23.125 	 0.000 	 90.000
FD10801	23.250 	 0.000 	 90.000
FD10801	23.375 	 0.000 	 90.000
FD10801	23.500 	 0.000 	 90.000
FD10801	23.625 	 0.000 	 90.000
FD10801	23.750 	 0.000 	 90.000
FD10801	23.875 	 0.000 	 90.000
FD10801	24.000 	 0.000 	 90.000
FD10801	24.125 	 0.000 	 90.000
FD10801	24.250 	 0.000 	 90.000
FD10801	24.375 	 0.000 	 90.000
FD10801	24.500 	 0.000 	 90.000
FD10801	24.625 	 0.000 	 90.000
FD10801	24.750 	 0.000 	 90.000
FD10801	24.875 	 0.000 	 90.000
FD10801	25.000 	 0.000 	 90.000
FD10801	25.125 	 0.000 	 90.000
FD10801	25.250 	 0.000 	 90.000
FD10801	25.375 	 0.000 	 90.000
FD10801	25.500 	 0.000 	 90.000
FD10801	25.625 	 0.000 	 90.000
FD10801	25.750 	 0.000 	 90.000
FD10801	25.875 	 0.000 	 90.000
FD10801	26.000 	 0.000 	 90.000
FD10801	26.125 	 0.000 	 90.000
FD10801	26.250 	 0.000 	 90.000
FD10801	26.375 	 0.000 	 90.000
FD10801	26.500 	 0.000 	 90.000
FD10801	26.625 	 0.000 	 90.000
FD10801	26.750 	 0.000 	 90.000
FD10801	26.875 	 0.000 	 90.000
FD10801	27.000 	 0.000 	 90.000
FD10801	27.125 	 0.000 	 90.000
FD10801	27.250 	 0.000 	 90.000
FD10801	27.375 	 0.000 	 90.000
FD10801	27.500 	 0.000 	 90.000
FD10801	27.625 	 0.000 	 90.000
FD10801	27.750 	 0.000 	 90.000
FD10801	27.875 	 0.000 	 90.000
FD10801	28.000 	 0.000 	 90.000
FD10801	28.125 	 0.000 	 90.000
FD10801	28.250 	 0.000 	 90.000
FD10801	28.375 	 0.000 	 90.000
FD10801	28.500 	 0.000 	 90.000
FD10801	28.625 	 0.000 	 90.000
FD10801	28.750 	 0.000 	 90.000
FD10801	28.875 	 0.000 	 90.000
FD10801	29.000 	 0.000 	 90.000
FD10801	29.125 	 0.000 	 90.000
FD10801	29.250 	 0.000 	 90.000
FD10801	29.375 	 0.000 	 90.000
FD10801	29.500 	 0.000 	 90.000
FD10801	29.625 	 0.000 	 90.000
FD10801	29.750 	 0.000 	 90.000
FD10801	29.875 	 0.000 	 90.000
FD10801	30.000 	 0.000 	 90.000
FD10801	30.125 	 0.000 	 90.000
FD10801	30.250 	 0.000 	 90.000
FD10801	30.375 	 0.000 	 90.000
FD10801	30.500 	 0.000 	 90.000
FD10801	30.625 	 0.000 	 90.000
FD10801	30.750 	 0.000 	 90.000
FD10801	30.875 	 0.000 	 90.000
FD10801	31.000 	 0.000 	 90.000
FD10801	31.125 	 0.000 	 90.000
FD10801	31.250 	 0.000 	 90.000
FD10801	31.375 	 0.000 	 90.000
FD10801	31.500 	 0.000 	 90.000
FD10801	31.625 	 0.000 	 90.000
FD10801	31.750 	 0.000 	 90.000
FD10801	31.875 	 0.000 	 90.000
FD10801	32.000 	 0.000 	 90.000
FD10801	32.125 	 0.000 	 90.000
FD10801	32.250 	 0.000 	 90.000
FD10801	32.375 	 0.000 	 90.000
FD10801	32.500 	 0.000 	 90.000
FD10801	32.625 	 0.000 	 90.000
FD10801	32.750 	 0.000 	 90.000
FD10801	32.875 	 0.000 	 90.000
FD10801	33.000 	 0.000 	 90.000
FD10801	33.125 	 0.000 	 90.000
FD10801	33.250 	 0.000 	 90.000
FD10801	33.375 	 0.000 	 90.000
FD10801	33.500 	 0.000 	 90.000
FD10801	33.625 	 0.000 	 90.000
FD10801	33.750 	 0.000 	 90.000
FD10801	33.875 	 0.000 	 90.000
FD10801	34.000 	 0.000 	 90.000
FD10801	34.125 	 0.000 	 90.000
FD10801	34.250 	 0.000 	 90.000
FD10801	34.375 	 0.000 	 90.000
FD10801	34.500 	 0.000 	 90.000
FD10801	34.625 	 0.000 	 90.000
FD10801	34.750 	 0.000 	 90.000
FD10801	34.875 	 0.000 	 90.000
FD10801	35.000 	 0.000 	 90.000
FD10801	35.125 	 0.000 	 90.000
FD10801	35.250 	 0.000 	 90.000
FD10801	35.375 	 0.000 	 90.000
FD10801	35.500 	 0.000 	 90.000
FD10801	35.625 	 0.000 	 90.000
FD10801	35.750 	 0.000 	 90.000
FD10801	35.875 	 0.000 	 90.000
FD10801	36.000 	 0.000 	 90.000
FD10801	36.125 	 0.000 	 90.000
FD10801	36.250 	 0.000 	 90.000
FD10801	36.375 	 0.000 	 90.000
FD10801	36.500 	 0.000 	 90.000
FD10801	36.625 	 0.000 	 90.000
FD10801	36.750 	 0.000 	 90.000
FD10801	36.875 	 0.000 	 90.000
FD10801	37.000 	 0.000 	 90.000
FD10801	37.125 	 0.000 	 90.000
FD10801	37.250 	 0.000 	 90.000
FD10801	37.375 	 0.000 	 90.000
FD10801	37.500 	 0.000 	 90.000
FD10801	37.625 	 0.000 	 90.000
FD10801	37.750 	 0.000 	 90.000
FD10801	37.875 	 0.000 	 90.000
FD10801	38.000 	 0.000 	 90.000
FD10801	38.125 	 0.000 	 90.000
FD10801	38.250 	 0.000 	 90.000
FD10801	38.375 	 0.000 	 90.000
FD10801	38.500 	 0.000 	 90.000
FD10801	38.625 	 0.000 	 90.000
FD10801	38.750 	 0.000 	 90.000
FD10801	38.875 	 0.000 	 90.000
FD10801	39.000 	 0.000 	 90.000
FD10801	39.125 	 0.000 	 90.000
FD10801	39.250 	 0.000 	 90.000
FD10801	39.375 	 0.000 	 90.000
FD10801	39.500 	 0.000 	 90.000
FD10801	39.625 	 0.000 	 90.000
FD10801	39.750 	 0.000 	 90.000
FD10801	39.875 	 0.000 	 90.000
FD10801	40.000 	 0.000 	 90.000
FD10801	40.125 	 0.000 	 90.000
FD10801	40.250 	 0.000 	 90.000
FD10801	40.375 	 0.000 	 90.000
FD10801	40.500 	 0.000 	 90.000
FD10801	40.625 	 0.000 	 90.000
FD10801	40.750 	 0.000 	 90.000
FD10801	40.875 	 0.000 	 90.000
FD10801	41.000 	 0.000 	 90.000
FD10801	41.125 	 0.000 	 90.000
FD10801	41.250 	 0.000 	 90.000
FD10801	41.375 	 0.000 	 90.000
FD10801	41.500 	 0.000 	 90.000
FD10801	41.625 	 0.000 	 90.000
FD10801	41.750 	 0.000 	 90.000
FD10801	41.875 	 0.000 	 90.000
FD10801	42.000 	 0.000 	 90.000
FD10801	42.125 	 0.000 	 90.000
FD10801	42.250 	 0.000 	 90.000
FD10801	42.375 	 0.000 	 90.000
FD10801	42.500 	 0.000 	 90.000
FD10801	42.625 	 0.000 	 90.000
FD10801	42.750 	 0.000 	 90.000
FD10801	42.875 	 0.000 	 90.000
FD10801	43.000 	 0.000 	 90.000
FD10801	43.125 	 0.000 	 90.000
FD10801	43.250 	 0.000 	 90.000
FD10801	43.375 	 0.000 	 90.000
FD10801	43.500 	 0.000 	 90.000
FD10801	43.625 	 0.000 	 90.000
FD10801	43.750 	 0.000 	 90.000
FD10801	43.875 	 0.000 	 90.000
FD10801	44.000 	 0.000 	 90.000
FD10801	44.125 	 0.000 	 90.000
FD10801	44.250 	 0.000 	 90.000
FD10801	44.375 	 0.000 	 90.000
FD10801	44.500 	 0.000 	 90.000
FD10801	44.625 	 0.000 	 90.000
FD10801	44.750 	 0.000 	 90.000
FD10801	44.875 	 0.000 	 90.000
FD10801	45.000 	 0.000 	 90.000
FD10801	45.125 	 0.000 	 90.000
FD10801	45.250 	 0.000 	 90.000
FD10801	45.375 	 0.000 	 90.000
FD10801	45.500 	 0.000 	 90.000
FD10801	45.625 	 0.000 	 90.000
FD10801	45.750 	 0.000 	 90.000
FD10801	45.875 	 0.000 	 90.000
FD10801	46.000 	 0.000 	 90.000
FD10801	46.125 	 0.000 	 90.000
FD10801	46.250 	 0.000 	 90.000
FD10801	46.375 	 0.000 	 90.000
FD10801	46.500 	 0.000 	 90.000
FD10801	46.625 	 0.000 	 90.000
FD10801	46.750 	 0.000 	 90.000
FD10801	46.875 	 0.000 	 90.000
FD10801	47.000 	 0.000 	 90.000
FD10801	47.125 	 0.000 	 90.000
FD10801	47.250 	 0.000 	 90.000
FD10801	47.375 	 0.000 	 90.000
FD10801	47.500 	 0.000 	 90.000
FD10801	47.625 	 0.000 	 90.000
FD10801	47.750 	 0.000 	 90.000
FD10801	47.875 	 0.000 	 90.000
FD10801	48.000 	 0.000 	 90.000
FD10801	48.125 	 0.000 	 90.000
FD10801	48.250 	 0.000 	 90.000
FD10801	48.375 	 0.000 	 90.000
FD10801	48.500 	 0.000 	 90.000
FD10801	48.625 	 0.000 	 90.000
FD10801	48.750 	 0.000 	 90.000
FD10801	48.875 	 0.000 	 90.000
FD10801	49.000 	 0.000 	 90.000
FD10801	49.125 	 0.000 	 90.000
FD10801	49.250 	 0.000 	 90.000
FD10801	49.375 	 0.000 	 90.000
FD10801	49.500 	 0.000 	 90.000
FD10801	49.625 	 0.000 	 90.000
FD10801	49.750 	 0.000 	 90.000
FD10801	49.875 	 0.000 	 90.000
FD10801	50.000 	 0.000 	 90.000
FD10801	50.125 	 1.074 	 98.897
FD10801	50.250 	 1.069 	 99.829
FD10801	50.375 	 1.069 	 99.800
FD10801	50.500 	 1.072 	 99.335
FD10801	50.625 	 1.068 	 99.912
FD10801	50.750 	 1.068 	 99.912
FD10801	50.875 	 1.069 	 99.770
FD10801	51.000 	 1.066 	 100.234
FD10801	51.125 	 1.069 	 99.800
FD10801	51.250 	 1.068 	 100.016
FD10801	51.375 	 1.066 	 100.146
FD10801	51.500 	 1.066 	 100.146
FD10801	51.625 	 1.064 	 100.599
FD10801	51.750 	 1.065 	 100.383
FD10801	51.875 	 1.064 	 100.607
FD10801	52.000 	 1.063 	 100.823
FD10801	52.125 	 1.066 	 100.146
FD10801	52.250 	 1.073 	 98.996
FD10801	52.375 	 1.081 	 97.938
FD10801	52.500 	 1.087 	 97.089
FD10801	52.625 	 1.093 	 96.548
FD10801	52.750 	 1.099 	 96.506
FD10801	52.875 	 1.105 	 96.078
FD10801	53.000 	 1.111 	 95.118
FD10801	53.125 	 1.117 	 94.757
FD10801	53.250 	 1.121 	 95.184
FD10801	53.375 	 1.126 	 95.559
FD10801	53.500 	 1.131 	 95.665
FD10801	53.625 	 1.136 	 95.833
FD10801	53.750 	 1.140 	 95.807
FD10801	53.875 	 1.144 	 95.197
FD10801	54.000 	 1.147 	 94.463
FD10801	54.125 	 1.151 	 93.576
FD10801	54.250 	 1.153 	 92.785
FD10801	54.375 	 1.157 	 92.024
FD10801	54.500 	 1.159 	 91.302
FD10801	54.625 	 1.161 	 90.469
FD10801	54.750 	 1.162 	 89.678
FD10801	54.875 	 1.163 	 88.781
FD10801	55.000 	 1.164 	 87.968
FD10801	55.125 	 1.164 	 87.108
FD10801	55.250 	 1.164 	 86.375
FD10801	55.375 	 1.162 	 85.658
FD10801	55.500 	 1.161 	 85.014
FD10801	55.625 	 1.158 	 84.257
FD10801	55.750 	 1.156 	 83.661
FD10801	55.875 	 1.153 	 83.350
FD10801	56.000 	 1.150 	 82.955
FD10801	56.125 	 1.146 	 82.241
FD10801	56.250 	 1.141 	 81.566
FD10801	56.375 	 1.136 	 80.827
FD10801	56.500 	 1.130 	 80.152
FD10801	56.625 	 1.124 	 79.431
FD10801	56.750 	 1.118 	 78.767
FD10801	56.875 	 1.110 	 78.033
FD10801	57.000 	 1.102 	 77.358
FD10801	57.125 	 1.094 	 76.632
FD10801	57.250 	 1.086 	 75.942
FD10801	57.375 	 1.076 	 75.190
FD10801	57.500 	 1.067 	 74.516
FD10801	57.625 	 1.057 	 73.787
FD10801	57.750 	 1.047 	 73.107
FD10801	57.875 	 1.036 	 72.361
FD10801	58.000 	 1.026 	 71.681
FD10801	58.125 	 1.016 	 70.953
FD10801	58.250 	 1.005 	 70.288
FD10801	58.375 	 0.994 	 69.565
FD10801	58.500 	 0.984 	 68.901
FD10801	58.625 	 0.973 	 68.184
FD10801	58.750 	 0.963 	 67.514
FD10801	58.875 	 0.953 	 66.785
FD10801	59.000 	 0.944 	 66.106
FD10801	59.125 	 0.934 	 65.335
FD10801	59.250 	 0.926 	 64.640
FD10801	59.375 	 0.919 	 63.921
FD10801	59.500 	 0.912 	 63.241
FD10801	59.625 	 0.904 	 62.504
FD10801	59.750 	 0.899 	 61.792
FD10801	59.875 	 0.893 	 61.004
FD10801	60.000 	 0.889 	 60.298
FD10801	60.125 	 0.885 	 59.510
FD10801	60.250 	 0.882 	 58.777
FD10801	60.375 	 0.879 	 58.005
FD10801	60.500 	 0.877 	 57.278
FD10801	60.625 	 0.875 	 56.447
FD10801	60.750 	 0.875 	 55.688
FD10801	60.875 	 0.874 	 54.882
FD10801	61.000 	 0.874 	 54.149
FD10801	61.125 	 0.876 	 53.339
FD10801	61.250 	 0.877 	 52.568
FD10801	61.375 	 0.879 	 51.740
FD10801	61.500 	 0.882 	 50.970
FD10801	61.625 	 0.885 	 50.155
FD10801	61.750 	 0.889 	 49.391
FD10801	61.875 	 0.893 	 48.535
FD10801	62.000 	 0.898 	 47.733
FD10801	62.125 	 0.903 	 46.868
FD10801	62.250 	 0.909 	 46.082
FD10801	62.375 	 0.915 	 45.220
FD10801	62.500 	 0.923 	 44.401
FD10801	62.625 	 0.931 	 43.503
FD10801	62.750 	 0.939 	 42.680
FD10801	62.875 	 0.949 	 41.792
FD10801	63.000 	 0.959 	 40.959
FD10801	63.125 	 0.970 	 40.057
FD10801	63.250 	 0.982 	 39.228
FD10801	63.375 	 0.995 	 38.318
FD10801	63.500 	 1.008 	 37.478
FD10801	63.625 	 1.023 	 36.551
FD10801	63.750 	 1.039 	 35.676
FD10801	63.875 	 1.056 	 34.733
FD10801	64.000 	 1.073 	 33.847
FD10801	64.125 	 1.092 	 32.888
FD10801	64.250 	 1.112 	 32.022
FD10801	64.375 	 1.133 	 31.080
FD10801	64.500 	 1.154 	 30.178
FD10801	64.625 	 1.177 	 29.155
FD10801	64.750 	 1.199 	 28.184
FD10801	64.875 	 1.225 	 27.142
FD10801	65.000 	 1.248 	 26.160
FD10801	65.125 	 1.274 	 25.090
FD10801	65.250 	 1.299 	 24.114
FD10801	65.375 	 1.327 	 23.215
FD10801	65.500 	 1.352 	 22.380
FD10801	65.625 	 1.379 	 21.267
FD10801	65.750 	 1.406 	 20.343
FD10801	65.875 	 1.434 	 19.528
FD10801	66.000 	 1.461 	 18.879
FD10801	66.125 	 1.489 	 18.504
FD10801	66.250 	 1.516 	 18.377
FD10801	66.375 	 1.545 	 18.328
FD10801	66.500 	 1.572 	 18.212
FD10801	66.625 	 1.601 	 18.035
FD10801	66.750 	 1.629 	 17.839
FD10801	66.875 	 1.660 	 17.529
FD10801	67.000 	 1.689 	 17.328
FD10801	67.125 	 1.720 	 17.235
FD10801	67.250 	 1.749 	 16.966
FD10801	67.375 	 1.782 	 16.642
FD10801	67.500 	 1.813 	 16.573
FD10801	67.625 	 1.847 	 16.581
FD10801	67.750 	 1.878 	 16.618
FD10801	67.875 	 1.913 	 16.531
FD10801	68.000 	 1.946 	 16.463
FD10801	68.125 	 1.981 	 16.197
FD10801	68.250 	 2.014 	 15.801
FD10801	68.375 	 2.051 	 15.400
FD10801	68.500 	 2.083 	 14.904
FD10801	68.625 	 2.120 	 14.629
FD10801	68.750 	 2.153 	 14.544
FD10801	68.875 	 2.188 	 14.241
FD10801	69.000 	 2.221 	 14.051
FD10801	69.125 	 2.258 	 13.889
FD10801	69.250 	 2.292 	 13.805
FD10801	69.375 	 2.329 	 13.801
FD10801	69.500 	 2.365 	 13.770
FD10801	69.625 	 2.404 	 13.763
FD10801	69.750 	 2.442 	 13.726
FD10801	69.875 	 2.483 	 13.686
FD10801	70.000 	 2.523 	 13.723
FD10801	70.125 	 2.566 	 13.821
FD10801	70.250 	 2.606 	 13.858
FD10801	70.375 	 2.651 	 13.906
FD10801	70.500 	 2.692 	 13.890
FD10801	70.625 	 2.738 	 13.878
FD10801	70.750 	 2.780 	 13.852
FD10801	70.875 	 2.827 	 13.744
FD10801	71.000 	 2.871 	 13.755
FD10801	71.125 	 2.920 	 13.840
FD10801	71.250 	 2.965 	 13.909
FD10801	71.375 	 3.014 	 14.066
FD10801	71.500 	 3.062 	 14.313
FD10801	71.625 	 3.113 	 14.552
FD10801	71.750 	 3.161 	 14.705
FD10801	71.875 	 3.215 	 14.700
FD10801	72.000 	 3.265 	 14.758
FD10801	72.125 	 3.322 	 14.875
FD10801	72.250 	 3.375 	 14.792
FD10801	72.375 	 3.435 	 14.623
FD10801	72.500 	 3.492 	 14.628
FD10801	72.625 	 3.556 	 14.755
FD10801	72.750 	 3.615 	 14.871
FD10801	72.875 	 3.681 	 15.007
FD10801	73.000 	 3.742 	 15.076
FD10801	73.125 	 3.810 	 15.177
FD10801	73.250 	 3.872 	 15.273
FD10801	73.375 	 3.940 	 15.310
FD10801	73.500 	 4.003 	 15.220
FD10801	73.625 	 4.072 	 15.251
FD10801	73.750 	 4.136 	 15.389
FD10801	73.875 	 4.206 	 15.438
FD10801	74.000 	 4.272 	 15.449
FD10801	74.125 	 4.343 	 15.329
FD10801	74.250 	 4.410 	 15.218
FD10801	74.375 	 4.483 	 15.222
FD10801	74.500 	 4.551 	 15.206
FD10801	74.625 	 4.627 	 15.133
FD10801	74.750 	 4.697 	 15.081
FD10801	74.875 	 4.773 	 15.054
FD10801	75.000 	 4.843 	 15.038
FD10801	75.125 	 4.922 	 15.013
FD10801	75.250 	 4.994 	 14.891
FD10801	75.375 	 5.072 	 14.678
FD10801	75.500 	 5.145 	 14.578
FD10801	75.625 	 5.224 	 14.491
FD10801	75.750 	 5.297 	 14.369
FD10801	75.875 	 5.374 	 14.252
FD10801	76.000 	 5.445 	 14.094
FD10801	76.125 	 5.521 	 13.975
FD10801	76.250 	 5.590 	 13.959
FD10801	76.375 	 5.663 	 13.898
FD10801	76.500 	 5.730 	 13.866
FD10801	76.625 	 5.802 	 13.887
FD10801	76.750 	 5.867 	 13.787
FD10801	76.875 	 5.940 	 13.659
FD10801	77.000 	 6.005 	 13.611
FD10801	77.125 	 6.076 	 13.604
FD10801	77.250 	 6.143 	 13.625
FD10801	77.375 	 6.215 	 13.579
FD10801	77.500 	 6.282 	 13.516
FD10801	77.625 	 6.354 	 13.455
FD10801	77.750 	 6.419 	 13.413
FD10801	77.875 	 6.492 	 13.373
FD10801	78.000 	 6.559 	 13.310
FD10801	78.125 	 6.632 	 13.241
FD10801	78.250 	 6.699 	 13.136
FD10801	78.375 	 6.774 	 12.994
FD10801	78.500 	 6.843 	 12.825
FD10801	78.625 	 6.917 	 12.654
FD10801	78.750 	 6.986 	 12.590
FD10801	78.875 	 7.062 	 12.522
FD10801	79.000 	 7.131 	 12.432
FD10801	79.125 	 7.206 	 12.311
FD10801	79.250 	 7.275 	 12.126
FD10801	79.375 	 7.350 	 11.912
FD10801	79.500 	 7.420 	 11.759
FD10801	79.625 	 7.496 	 11.678
FD10801	79.750 	 7.566 	 11.726
FD10801	79.875 	 7.641 	 11.829
FD10801	80.000 	 7.712 	 11.888
FD10801	80.125 	 7.788 	 11.791
FD10801	80.250 	 7.859 	 11.717
FD10801	80.375 	 7.936 	 11.708
FD10801	80.500 	 8.005 	 11.687
FD10801	80.625 	 8.082 	 11.676
FD10801	80.750 	 8.151 	 11.602
FD10801	80.875 	 8.226 	 11.514
FD10801	81.000 	 8.296 	 11.435
FD10801	81.125 	 8.371 	 11.333
FD10801	81.250 	 8.440 	 11.269
FD10801	81.375 	 8.514 	 11.198
FD10801	81.500 	 8.583 	 11.092
FD10801	81.625 	 8.656 	 11.030
FD10801	81.750 	 8.723 	 11.014
FD10801	81.875 	 8.796 	 10.920
FD10801	82.000 	 8.863 	 10.794
FD10801	82.125 	 8.936 	 10.646
FD10801	82.250 	 9.003 	 10.509
FD10801	82.375 	 9.076 	 10.393
FD10801	82.500 	 9.144 	 10.298
FD10801	82.625 	 9.218 	 10.182
FD10801	82.750 	 9.285 	 10.092
FD10801	82.875 	 9.360 	 10.033
FD10801	83.000 	 9.429 	 9.949
FD10801	83.125 	 9.504 	 9.858
FD10801	83.250 	 9.573 	 9.773
FD10801	83.375 	 9.649 	 9.693
FD10801	83.500 	 9.719 	 9.650
FD10801	83.625 	 9.796 	 9.591
FD10801	83.750 	 9.867 	 9.507
FD10801	83.875 	 9.944 	 9.385
FD10801	84.000 	 10.017 	 9.264
FD10801	84.125 	 10.095 	 9.157
FD10801	84.250 	 10.166 	 9.126
FD10801	84.375 	 10.244 	 9.069
FD10801	84.500 	 10.316 	 9.006
FD10801	84.625 	 10.392 	 8.979
FD10801	84.750 	 10.464 	 8.968
FD10801	84.875 	 10.540 	 8.968
FD10801	85.000 	 10.609 	 8.888
FD10801	85.125 	 10.683 	 8.798
FD10801	85.250 	 10.750 	 8.766
FD10801	85.375 	 10.824 	 8.756
FD10801	85.500 	 10.892 	 8.756
FD10801	85.625 	 10.965 	 8.789
FD10801	85.750 	 11.032 	 8.747
FD10801	85.875 	 11.104 	 8.588
FD10801	86.000 	 11.171 	 8.446
FD10801	86.125 	 11.244 	 8.259
FD10801	86.250 	 11.312 	 8.106
FD10801	86.375 	 11.385 	 8.012
FD10801	86.500 	 11.452 	 7.949
FD10801	86.625 	 11.525 	 7.831
FD10801	86.750 	 11.594 	 7.720
FD10801	86.875 	 11.667 	 7.605
FD10801	87.000 	 11.736 	 7.505
FD10801	87.125 	 11.809 	 7.438
FD10801	87.250 	 11.877 	 7.375
FD10801	87.375 	 11.950 	 7.363
FD10801	87.500 	 12.017 	 7.353
FD10801	87.625 	 12.089 	 7.325
FD10801	87.750 	 12.155 	 7.283
FD10801	87.875 	 12.227 	 7.182
FD10801	88.000 	 12.292 	 7.103
FD10801	88.125 	 12.362 	 7.048
FD10801	88.250 	 12.426 	 6.989
FD10801	88.375 	 12.496 	 6.943
FD10801	88.500 	 12.562 	 6.922
FD10801	88.625 	 12.630 	 6.828
FD10801	88.750 	 12.697 	 6.665
FD10801	88.875 	 12.768 	 6.498
FD10801	89.000 	 12.833 	 6.372
FD10801	89.125 	 12.905 	 6.232
FD10801	89.250 	 12.974 	 6.100
FD10801	89.375 	 13.048 	 5.996
FD10801	89.500 	 13.118 	 5.932
FD10801	89.625 	 13.192 	 5.864
FD10801	89.750 	 13.263 	 5.811
FD10801	89.875 	 13.339 	 5.768
FD10801	90.000 	 13.409 	 5.752
FD10801	90.125 	 13.484 	 5.705
FD10801	90.250 	 13.554 	 5.625
FD10801	90.375 	 13.629 	 5.523
FD10801	90.500 	 13.697 	 5.455
FD10801	90.625 	 13.772 	 5.405
FD10801	90.750 	 13.840 	 5.320
FD10801	90.875 	 13.912 	 5.182
FD10801	91.000 	 13.979 	 5.046
FD10801	91.125 	 14.050 	 4.930
FD10801	91.250 	 14.117 	 4.840
FD10801	91.375 	 14.187 	 4.727
FD10801	91.500 	 14.252 	 4.669
FD10801	91.625 	 14.321 	 4.729
FD10801	91.750 	 14.387 	 4.772
FD10801	91.875 	 14.457 	 4.724
FD10801	92.000 	 14.521 	 4.655
FD10801	92.125 	 14.591 	 4.581
FD10801	92.250 	 14.654 	 4.502
FD10801	92.375 	 14.725 	 4.419
FD10801	92.500 	 14.791 	 4.340
FD10801	92.625 	 14.860 	 4.266
FD10801	92.750 	 14.927 	 4.223
FD10801	92.875 	 14.998 	 4.128
FD10801	93.000 	 15.061 	 4.028
FD10801	93.125 	 15.131 	 3.960
FD10801	93.250 	 15.195 	 3.918
FD10801	93.375 	 15.263 	 3.884
FD10801	93.500 	 15.324 	 3.841
FD10801	93.625 	 15.392 	 3.790
FD10801	93.750 	 15.451 	 3.743
FD10801	93.875 	 15.515 	 3.666
FD10801	94.000 	 15.574 	 3.593
FD10801	94.125 	 15.636 	 3.510
FD10801	94.250 	 15.693 	 3.431
FD10801	94.375 	 15.754 	 3.386
FD10801	94.500 	 15.809 	 3.355
FD10801	94.625 	 15.868 	 3.315
FD10801	94.750 	 15.920 	 3.257
FD10801	94.875 	 15.978 	 3.194
FD10801	95.000 	 16.029 	 3.168
FD10801	95.125 	 16.085 	 3.112
FD10801	95.250 	 16.135 	 3.054
FD10801	95.375 	 16.192 	 2.983
FD10801	95.500 	 16.240 	 2.903
FD10801	95.625 	 16.296 	 2.818
FD10801	95.750 	 16.344 	 2.750
FD10801	95.875 	 16.398 	 2.684
FD10801	96.000 	 16.448 	 2.620
FD10801	96.125 	 16.499 	 2.584
FD10801	96.250 	 16.547 	 2.558
FD10801	96.375 	 16.600 	 2.502
FD10801	96.500 	 16.646 	 2.444
FD10801	96.625 	 16.698 	 2.382
FD10801	96.750 	 16.745 	 2.329
FD10801	96.875 	 16.796 	 2.285
FD10801	97.000 	 16.843 	 2.253
FD10801	97.125 	 16.893 	 2.224
FD10801	97.250 	 16.938 	 2.203
FD10801	97.375 	 16.988 	 2.184
FD10801	97.500 	 17.034 	 2.168
FD10801	97.625 	 17.083 	 2.172
FD10801	97.750 	 17.126 	 2.167
FD10801	97.875 	 17.175 	 2.145
FD10801	98.000 	 17.217 	 2.134
FD10801	98.125 	 17.263 	 2.114
FD10801	98.250 	 17.304 	 2.088
FD10801	98.375 	 17.347 	 2.046
FD10801	98.500 	 17.386 	 1.994
FD10801	98.625 	 17.425 	 1.956
FD10801	98.750 	 17.460 	 1.940
FD10801	98.875 	 17.497 	 1.936
FD10801	99.000 	 17.530 	 1.921
FD10801	99.125 	 17.564 	 1.893
FD10801	99.250 	 17.593 	 1.866
FD10801	99.375 	 17.624 	 1.824
FD10801	99.500 	 17.651 	 1.782
FD10801	99.625 	 17.680 	 1.744
FD10801	99.750 	 17.704 	 1.728
FD10801	99.875 	 17.728 	 1.708
FD10801	100.000 	 17.751 	 1.687
FD10801	100.125 	 17.774 	 1.665
FD10801	100.250 	 17.795 	 1.627
FD10801	100.375 	 17.817 	 1.593
FD10801	100.500 	 17.838 	 1.556
FD10801	100.625 	 17.860 	 1.516
FD10801	100.750 	 17.883 	 1.495
FD10801	100.875 	 17.907 	 1.475
FD10801	101.000 	 17.928 	 1.454
FD10801	101.125 	 17.954 	 1.428
FD10801	101.250 	 17.977 	 1.407
FD10801	101.375 	 18.002 	 1.390
FD10801	101.500 	 18.026 	 1.374
FD10801	101.625 	 18.054 	 1.356
FD10801	101.750 	 18.079 	 1.335
FD10801	101.875 	 18.107 	 1.307
FD10801	102.000 	 18.134 	 1.286
FD10801	102.125 	 18.163 	 1.252
FD10801	102.250 	 18.190 	 1.210
FD10801	102.375 	 18.219 	 1.173
FD10801	102.500 	 18.246 	 1.131
FD10801	102.625 	 18.275 	 1.085
FD10801	102.750 	 18.299 	 1.064
FD10801	102.875 	 18.326 	 1.025
FD10801	103.000 	 18.349 	 0.982
FD10801	103.125 	 18.374 	 0.972
FD10801	103.250 	 18.393 	 0.973
FD10801	103.375 	 18.414 	 0.934
FD10801	103.500 	 18.433 	 0.897
FD10801	103.625 	 18.450 	 0.876
FD10801	103.750 	 18.469 	 0.855
FD10801	103.875 	 18.484 	 0.824
FD10801	104.000 	 18.499 	 0.782
FD10801	104.125 	 18.513 	 0.722
FD10801	104.250 	 18.525 	 0.675
FD10801	104.375 	 18.538 	 0.646
FD10801	104.500 	 18.547 	 0.614
FD10801	104.625 	 18.555 	 0.566
FD10801	104.750 	 18.564 	 0.529
FD10801	104.875 	 18.572 	 0.486
FD10801	105.000 	 18.580 	 0.444
FD10801	105.125 	 18.587 	 0.412
FD10801	105.250 	 18.596 	 0.370
FD10801	105.375 	 18.604 	 0.319
FD10801	105.500 	 18.612 	 0.271
FD10801	105.625 	 18.619 	 0.206
FD10801	105.750 	 18.628 	 0.000
FD10801	105.875 	 18.636 	 0.000
FD10801	106.000 	 18.643 	 0.000
FD10801	106.125 	 18.652 	 0.000
FD10801	106.250 	 18.659 	 0.000
FD10801	106.375 	 18.668 	 0.000
FD10801	106.500 	 18.673 	 0.000
FD10801	106.625 	 18.684 	 0.000
FD10801	106.750 	 18.690 	 0.000
FD10801	106.875 	 18.696 	 0.000
FD10801	107.000 	 18.704 	 0.000
FD10801	107.125 	 18.708 	 0.000
FD10801	107.250 	 18.715 	 0.000
FD10801	107.375 	 18.717 	 0.000
FD10801	107.500 	 18.722 	 0.000
FD10801	107.625 	 18.724 	 0.000
FD10801	107.750 	 18.726 	 0.000
FD10801	107.875 	 18.725 	 0.000
FD10801	108.000 	 18.727 	 0.000
FD10801	108.125 	 18.726 	 0.000
FD10801	108.250 	 18.725 	 0.000
FD10801	108.375 	 18.725 	 0.000
FD10801	108.500 	 18.721 	 359.849
FD10801	108.625 	 18.721 	 359.769
FD10801	108.750 	 18.720 	 359.769
FD10801	108.875 	 18.718 	 359.769
FD10801	109.000 	 18.720 	 359.769
FD10801	109.125 	 18.718 	 359.769
FD10801	109.250 	 18.721 	 359.769
FD10801	109.375 	 18.724 	 359.769
FD10801	109.500 	 18.729 	 359.769
FD10801	109.625 	 18.733 	 359.769
FD10801	109.750 	 18.743 	 359.769
FD10801	109.875 	 18.752 	 359.769
FD10801	110.000 	 18.763 	 359.758
FD10801	110.125 	 18.777 	 359.739
FD10801	110.250 	 18.792 	 359.713
FD10801	110.375 	 18.806 	 359.687
FD10801	110.500 	 18.824 	 359.671
FD10801	110.625 	 18.841 	 359.654
FD10801	110.750 	 18.858 	 359.632
FD10801	110.875 	 18.878 	 359.612
FD10801	111.000 	 18.893 	 359.602
FD10801	111.125 	 18.914 	 359.588
FD10801	111.250 	 18.930 	 359.572
FD10801	111.375 	 18.949 	 359.560
FD10801	111.500 	 18.965 	 359.555
FD10801	111.625 	 18.983 	 359.545
FD10801	111.750 	 18.999 	 359.566
FD10801	111.875 	 19.014 	 359.594
FD10801	112.000 	 19.030 	 359.599
FD10801	112.125 	 19.042 	 359.593
FD10801	112.250 	 19.058 	 359.577
FD10801	112.375 	 19.070 	 359.563
FD10801	112.500 	 19.082 	 359.553
FD10801	112.625 	 19.096 	 359.550
FD10801	112.750 	 19.108 	 359.550
FD10801	112.875 	 19.121 	 359.550
FD10801	113.000 	 19.134 	 359.550
FD10801	113.125 	 19.148 	 359.550
FD10801	113.250 	 19.158 	 359.545
FD10801	113.375 	 19.170 	 359.534
FD10801	113.500 	 19.179 	 359.549
FD10801	113.625 	 19.189 	 359.577
FD10801	113.750 	 19.194 	 359.577
FD10801	113.875 	 19.202 	 359.574
FD10801	114.000 	 19.205 	 359.579
FD10801	114.125 	 19.212 	 359.604
FD10801	114.250 	 19.215 	 359.625
FD10801	114.375 	 19.218 	 359.624
FD10801	114.500 	 19.221 	 359.613
FD10801	114.625 	 19.222 	 359.596
FD10801	114.750 	 19.226 	 359.585
FD10801	114.875 	 19.227 	 359.582
FD10801	115.000 	 19.231 	 359.571
FD10801	115.125 	 19.232 	 359.555
FD10801	115.250 	 19.235 	 359.540
FD10801	115.375 	 19.238 	 359.530
FD10801	115.500 	 19.243 	 359.531
FD10801	115.625 	 19.244 	 359.514
FD10801	115.750 	 19.249 	 359.488
FD10801	115.875 	 19.252 	 359.464
FD10801	116.000 	 19.258 	 359.443
FD10801	116.125 	 19.262 	 359.424
FD10801	116.250 	 19.269 	 359.408
FD10801	116.375 	 19.273 	 359.379
FD10801	116.500 	 19.280 	 359.364
FD10801	116.625 	 19.287 	 359.352
FD10801	116.750 	 19.293 	 359.336
FD10801	116.875 	 19.301 	 359.314
FD10801	117.000 	 19.307 	 359.287
FD10801	117.125 	 19.318 	 359.266
FD10801	117.250 	 19.327 	 359.230
FD10801	117.375 	 19.339 	 359.176
FD10801	117.500 	 19.352 	 359.134
FD10801	117.625 	 19.369 	 359.096
FD10801	117.750 	 19.385 	 359.075
FD10801	117.875 	 19.406 	 359.044
FD10801	118.000 	 19.427 	 359.018
FD10801	118.125 	 19.451 	 359.000
FD10801	118.250 	 19.475 	 358.963
FD10801	118.375 	 19.503 	 358.904
FD10801	118.500 	 19.531 	 358.851
FD10801	118.625 	 19.562 	 358.800
FD10801	118.750 	 19.591 	 358.768
FD10801	118.875 	 19.627 	 358.723
FD10801	119.000 	 19.660 	 358.660
FD10801	119.125 	 19.698 	 358.608
FD10801	119.250 	 19.733 	 358.565
FD10801	119.375 	 19.773 	 358.522
FD10801	119.500 	 19.812 	 358.491
FD10801	119.625 	 19.854 	 358.440
FD10801	119.750 	 19.893 	 358.377
FD10801	119.875 	 19.938 	 358.319
FD10801	120.000 	 19.977 	 358.282
FD10801	120.125 	 20.024 	 358.258
FD10801	120.250 	 20.067 	 358.206
FD10801	120.375 	 20.115 	 358.093
FD10801	120.500 	 20.158 	 358.014
FD10801	120.625 	 20.209 	 357.976
FD10801	120.750 	 20.254 	 357.950
FD10801	120.875 	 20.306 	 357.919
FD10801	121.000 	 20.355 	 357.881
FD10801	121.125 	 20.411 	 357.839
FD10801	121.250 	 20.463 	 357.801
FD10801	121.375 	 20.520 	 357.754
FD10801	121.500 	 20.575 	 357.732
FD10801	121.625 	 20.638 	 357.734
FD10801	121.750 	 20.696 	 357.713
FD10801	121.875 	 20.762 	 357.693
FD10801	122.000 	 20.824 	 357.698
FD10801	122.125 	 20.894 	 357.707
FD10801	122.250 	 20.959 	 357.706
FD10801	122.375 	 21.031 	 357.707
FD10801	122.500 	 21.098 	 357.701
FD10801	122.625 	 21.176 	 357.693
FD10801	122.750 	 21.244 	 357.698
FD10801	122.875 	 21.320 	 357.698
FD10801	123.000 	 21.391 	 357.693
FD10801	123.125 	 21.464 	 357.679
FD10801	123.250 	 21.532 	 357.679
FD10801	123.375 	 21.604 	 357.688
FD10801	123.500 	 21.670 	 357.682
FD10801	123.625 	 21.737 	 357.685
FD10801	123.750 	 21.798 	 357.700
FD10801	123.875 	 21.860 	 357.737
FD10801	124.000 	 21.916 	 357.763
FD10801	124.125 	 21.972 	 357.767
FD10801	124.250 	 22.022 	 357.751
FD10801	124.375 	 22.074 	 357.723
FD10801	124.500 	 22.120 	 357.712
FD10801	124.625 	 22.169 	 357.715
FD10801	124.750 	 22.209 	 357.720
FD10801	124.875 	 22.253 	 357.740
FD10801	125.000 	 22.294 	 357.782
FD10801	125.125 	 22.332 	 357.816
FD10801	125.250 	 22.366 	 357.843
FD10801	125.375 	 22.401 	 357.864
FD10801	125.500 	 22.427 	 357.863
FD10801	125.625 	 22.454 	 357.875
FD10801	125.750 	 22.475 	 357.880
FD10801	125.875 	 22.498 	 357.885
FD10801	126.000 	 22.516 	 357.891
FD10801	126.125 	 22.533 	 357.896
FD10801	126.250 	 22.547 	 357.907
FD10801	126.375 	 22.561 	 357.916
FD10801	126.500 	 22.571 	 357.931
FD10801	126.625 	 22.581 	 357.945
FD10801	126.750 	 22.588 	 357.950
FD10801	126.875 	 22.593 	 357.970
FD10801	127.000 	 22.596 	 357.981
FD10801	127.125 	 22.599 	 357.978
FD10801	127.250 	 22.603 	 357.978
FD10801	127.375 	 22.606 	 357.978
FD10801	127.500 	 22.608 	 357.978
FD10801	127.625 	 22.617 	 357.978
FD10801	127.750 	 22.620 	 357.962
FD10801	127.875 	 22.629 	 357.918
FD10801	128.000 	 22.639 	 357.871
FD10801	128.125 	 22.651 	 357.833
FD10801	128.250 	 22.664 	 357.801
FD10801	128.375 	 22.679 	 357.762
FD10801	128.500 	 22.695 	 357.730
FD10801	128.625 	 22.711 	 357.709
FD10801	128.750 	 22.730 	 357.699
FD10801	128.875 	 22.752 	 357.690
FD10801	129.000 	 22.775 	 357.669
FD10801	129.125 	 22.798 	 357.630
FD10801	129.250 	 22.820 	 357.592
FD10801	129.375 	 22.847 	 357.553
FD10801	129.500 	 22.869 	 357.521
FD10801	129.625 	 22.897 	 357.487
FD10801	129.750 	 22.921 	 357.466
FD10801	129.875 	 22.946 	 357.451
FD10801	130.000 	 22.972 	 357.440
FD10801	130.125 	 22.996 	 357.434
FD10801	130.250 	 23.019 	 357.424
FD10801	130.375 	 23.048 	 357.424
FD10801	130.500 	 23.072 	 357.429
FD10801	130.625 	 23.095 	 357.413
FD10801	130.750 	 23.120 	 357.386
FD10801	130.875 	 23.147 	 357.355
FD10801	131.000 	 23.166 	 357.323
FD10801	131.125 	 23.192 	 357.295
FD10801	131.250 	 23.215 	 357.268
FD10801	131.375 	 23.233 	 357.237
FD10801	131.500 	 23.263 	 357.210
FD10801	131.625 	 23.284 	 357.198
FD10801	131.750 	 23.309 	 357.193
FD10801	131.875 	 23.331 	 357.185
FD10801	132.000 	 23.360 	 357.180
FD10801	132.125 	 23.383 	 357.155
FD10801	132.250 	 23.412 	 357.123
FD10801	132.375 	 23.439 	 357.092
FD10801	132.500 	 23.466 	 357.054
FD10801	132.625 	 23.492 	 357.026
FD10801	132.750 	 23.513 	 356.999
FD10801	132.875 	 23.545 	 356.973
FD10801	133.000 	 23.566 	 356.963
FD10801	133.125 	 23.590 	 356.937
FD10801	133.250 	 23.609 	 356.911
FD10801	133.375 	 23.634 	 356.910
FD10801	133.500 	 23.655 	 356.915
FD10801	133.625 	 23.670 	 356.910
FD10801	133.750 	 23.692 	 356.894
FD10801	133.875 	 23.707 	 356.858
FD10801	134.000 	 23.721 	 356.810
FD10801	134.125 	 23.736 	 356.765
FD10801	134.250 	 23.746 	 356.733
FD10801	134.375 	 23.754 	 356.707
FD10801	134.500 	 23.762 	 356.681
FD10801	134.625 	 23.764 	 356.636
FD10801	134.750 	 23.772 	 356.583
FD10801	134.875 	 23.775 	 356.523
FD10801	135.000 	 23.780 	 356.470
FD10801	135.125 	 23.781 	 356.445
FD10801	135.250 	 23.786 	 356.440
FD10801	135.375 	 23.789 	 356.418
FD10801	135.500 	 23.795 	 356.397
FD10801	135.625 	 23.795 	 356.369
FD10801	135.750 	 23.800 	 356.322
FD10801	135.875 	 23.810 	 356.262
FD10801	136.000 	 23.816 	 356.220
FD10801	136.125 	 23.820 	 356.177
FD10801	136.250 	 23.832 	 356.140
FD10801	136.375 	 23.837 	 356.086
FD10801	136.500 	 23.853 	 356.023
FD10801	136.625 	 23.864 	 355.962
FD10801	136.750 	 23.883 	 355.920
FD10801	136.875 	 23.897 	 355.883
FD10801	137.000 	 23.920 	 355.862
FD10801	137.125 	 23.942 	 355.828
FD10801	137.250 	 23.961 	 355.780
FD10801	137.375 	 23.995 	 355.743
FD10801	137.500 	 24.019 	 355.711
FD10801	137.625 	 24.053 	 355.682
FD10801	137.750 	 24.079 	 355.661
FD10801	137.875 	 24.117 	 355.633
FD10801	138.000 	 24.152 	 355.617
FD10801	138.125 	 24.190 	 355.597
FD10801	138.250 	 24.229 	 355.555
FD10801	138.375 	 24.270 	 355.510
FD10801	138.500 	 24.310 	 355.472
FD10801	138.625 	 24.351 	 355.452
FD10801	138.750 	 24.390 	 355.436
FD10801	138.875 	 24.429 	 355.402
FD10801	139.000 	 24.467 	 355.376
FD10801	139.125 	 24.509 	 355.364
FD10801	139.250 	 24.547 	 355.353
FD10801	139.375 	 24.586 	 355.348
FD10801	139.500 	 24.617 	 355.358
FD10801	139.625 	 24.662 	 355.353
FD10801	139.750 	 24.690 	 355.348
FD10801	139.875 	 24.734 	 355.345
FD10801	140.000 	 24.770 	 355.334
FD10801	140.125 	 24.808 	 355.336
FD10801	140.250 	 24.845 	 355.337
FD10801	140.375 	 24.886 	 355.336
FD10801	140.500 	 24.920 	 355.352
FD10801	140.625 	 24.963 	 355.348
FD10801	140.750 	 25.003 	 355.332
FD10801	140.875 	 25.043 	 355.342
FD10801	141.000 	 25.083 	 355.347
FD10801	141.125 	 25.120 	 355.345
FD10801	141.250 	 25.162 	 355.344
FD10801	141.375 	 25.201 	 355.339
FD10801	141.500 	 25.234 	 355.350
FD10801	141.625 	 25.276 	 355.364
FD10801	141.750 	 25.306 	 355.348
FD10801	141.875 	 25.336 	 355.339
FD10801	142.000 	 25.370 	 355.344
FD10801	142.125 	 25.393 	 355.344
FD10801	142.250 	 25.420 	 355.345
FD10801	142.375 	 25.438 	 355.356
FD10801	142.500 	 25.451 	 355.366
FD10801	142.625 	 25.473 	 355.353
FD10801	142.750 	 25.485 	 355.353
FD10801	142.875 	 25.498 	 355.361
FD10801	143.000 	 25.506 	 355.350
FD10801	143.125 	 25.519 	 355.350
FD10801	143.250 	 25.523 	 355.355
FD10801	143.375 	 25.531 	 355.345
FD10801	143.500 	 25.535 	 355.323
FD10801	143.625 	 25.542 	 355.303
FD10801	143.750 	 25.543 	 355.293
FD10801	143.875 	 25.551 	 355.287
FD10801	144.000 	 25.553 	 355.277
FD10801	144.125 	 25.557 	 355.262
FD10801	144.250 	 25.565 	 355.257
FD10801	144.375 	 25.574 	 355.243
FD10801	144.500 	 25.581 	 355.227
FD10801	144.625 	 25.591 	 355.210
FD10801	144.750 	 25.598 	 355.199
FD10801	144.875 	 25.607 	 355.183
FD10801	145.000 	 25.620 	 355.161
FD10801	145.125 	 25.629 	 355.141
FD10801	145.250 	 25.637 	 355.131
FD10801	145.375 	 25.653 	 355.125
FD10801	145.500 	 25.661 	 355.104
FD10801	145.625 	 25.671 	 355.081
FD10801	145.750 	 25.687 	 355.049
FD10801	145.875 	 25.697 	 355.018
FD10801	146.000 	 25.708 	 355.002
FD10801	146.125 	 25.723 	 354.985
FD10801	146.250 	 25.732 	 354.969
FD10801	146.375 	 25.746 	 354.933
FD10801	146.500 	 25.758 	 354.906
FD10801	146.625 	 25.772 	 354.889
FD10801	146.750 	 25.781 	 354.878
FD10801	146.875 	 25.799 	 354.875
FD10801	147.000 	 25.808 	 354.869
FD10801	147.125 	 25.823 	 354.872
FD10801	147.250 	 25.835 	 354.872
FD10801	147.375 	 25.847 	 354.853
FD10801	147.500 	 25.862 	 354.836
FD10801	147.625 	 25.875 	 354.839
FD10801	147.750 	 25.886 	 354.834
FD10801	147.875 	 25.901 	 354.825
FD10801	148.000 	 25.911 	 354.820
FD10801	148.125 	 25.927 	 354.820
FD10801	148.250 	 25.936 	 354.819
FD10801	148.375 	 25.949 	 354.817
FD10801	148.500 	 25.956 	 354.812
FD10801	148.625 	 25.969 	 354.812
FD10801	148.750 	 25.979 	 354.827
FD10801	148.875 	 25.993 	 354.842
FD10801	149.000 	 26.001 	 354.847
FD10801	149.125 	 26.015 	 354.850
FD10801	149.250 	 26.027 	 354.845
FD10801	149.375 	 26.039 	 354.839
FD10801	149.500 	 26.054 	 354.828
FD10801	149.625 	 26.065 	 354.828
FD10801	149.750 	 26.073 	 354.817
FD10801	149.875 	 26.089 	 354.776
FD10801	150.000 	 26.097 	 354.754
FD10801	150.125 	 26.112 	 354.742
FD10801	150.250 	 26.112 	 354.727
FD10801	150.375 	 26.126 	 354.705
FD10801	150.500 	 26.134 	 354.679
FD10801	150.625 	 26.135 	 354.663
FD10801	150.750 	 26.142 	 354.664
FD10801	150.875 	 26.143 	 354.647
FD10801	151.000 	 26.147 	 354.631
FD10801	151.125 	 26.141 	 354.628
FD10801	151.250 	 26.146 	 354.612
FD10801	151.375 	 26.138 	 354.595
FD10801	151.500 	 26.142 	 354.595
FD10801	151.625 	 26.134 	 354.584
FD10801	151.750 	 26.136 	 354.579
FD10801	151.875 	 26.131 	 354.595
FD10801	152.000 	 26.129 	 354.606
FD10801	152.125 	 26.131 	 354.603
FD10801	152.250 	 26.126 	 354.587
FD10801	152.375 	 26.124 	 354.570
FD10801	152.500 	 26.120 	 354.570
FD10801	152.625 	 26.122 	 354.570
FD10801	152.750 	 26.121 	 354.581
FD10801	152.875 	 26.120 	 354.601
FD10801	153.000 	 26.113 	 354.622
FD10801	153.125 	 26.119 	 354.630
FD10801	153.250 	 26.119 	 354.636
FD10801	153.375 	 26.119 	 354.636
FD10801	153.500 	 26.114 	 354.589
FD10801	153.625 	 26.119 	 354.562
FD10801	153.750 	 26.120 	 354.573
FD10801	153.875 	 26.122 	 354.573
FD10801	154.000 	 26.122 	 354.562
FD10801	154.125 	 26.130 	 354.529
FD10801	154.250 	 26.137 	 354.487
FD10801	154.375 	 26.145 	 354.457
FD10801	154.500 	 26.158 	 354.452
FD10801	154.625 	 26.169 	 354.441
FD10801	154.750 	 26.190 	 354.415
FD10801	154.875 	 26.205 	 354.386
FD10801	155.000 	 26.222 	 354.370
FD10801	155.125 	 26.246 	 354.353
FD10801	155.250 	 26.263 	 354.353
FD10801	155.375 	 26.287 	 354.353
FD10801	155.500 	 26.310 	 354.337
FD10801	155.625 	 26.333 	 354.318
FD10801	155.750 	 26.354 	 354.302
FD10801	155.875 	 26.383 	 354.309
FD10801	156.000 	 26.399 	 354.341
FD10801	156.125 	 26.424 	 354.362
FD10801	156.250 	 26.442 	 354.361
FD10801	156.375 	 26.463 	 354.347
FD10801	156.500 	 26.474 	 354.321
FD10801	156.625 	 26.495 	 354.301
FD10801	156.750 	 26.504 	 354.290
FD10801	156.875 	 26.515 	 354.284
FD10801	157.000 	 26.523 	 354.285
FD10801	157.125 	 26.530 	 354.282
FD10801	157.250 	 26.536 	 354.276
FD10801	157.375 	 26.540 	 354.284
FD10801	157.500 	 26.545 	 354.300
FD10801	157.625 	 26.544 	 354.304
FD10801	157.750 	 26.547 	 354.293
FD10801	157.875 	 26.542 	 354.290
FD10801	158.000 	 26.543 	 354.295
FD10801	158.125 	 26.536 	 354.303
FD10801	158.250 	 26.531 	 354.288
FD10801	158.375 	 26.521 	 354.268
FD10801	158.500 	 26.510 	 354.268
FD10801	158.625 	 26.502 	 354.276
FD10801	158.750 	 26.491 	 354.287
FD10801	158.875 	 26.483 	 354.279
FD10801	159.000 	 26.470 	 354.279
FD10801	159.125 	 26.471 	 354.296
FD10801	159.250 	 26.458 	 354.317
FD10801	159.375 	 26.461 	 354.348
FD10801	159.500 	 26.452 	 354.353
FD10801	159.625 	 26.455 	 354.331
FD10801	159.750 	 26.452 	 354.320
FD10801	159.875 	 26.459 	 354.331
FD10801	160.000 	 26.454 	 354.336
FD10801	160.125 	 26.462 	 354.312
FD10801	160.250 	 26.461 	 354.291
FD10801	160.375 	 26.468 	 354.301
FD10801	160.500 	 26.468 	 354.296
FD10801	160.625 	 26.477 	 354.290
FD10801	160.750 	 26.474 	 354.306
FD10801	160.875 	 26.482 	 354.309
FD10801	161.000 	 26.482 	 354.319
FD10801	161.125 	 26.479 	 354.315
FD10801	161.250 	 26.476 	 354.304
FD10801	161.375 	 26.475 	 354.303
FD10801	161.500 	 26.464 	 354.304
FD10801	161.625 	 26.459 	 354.307
FD10801	161.750 	 26.448 	 354.301
FD10801	161.875 	 26.442 	 354.301
FD10801	162.000 	 26.433 	 354.306
FD10801	162.125 	 26.426 	 354.309
FD10801	162.250 	 26.420 	 354.309
FD10801	162.375 	 26.412 	 354.304
FD10801	162.500 	 26.407 	 354.293
FD10801	162.625 	 26.403 	 354.298
FD10801	162.750 	 26.400 	 354.309
FD10801	162.875 	 26.405 	 354.306
FD10801	163.000 	 26.401 	 354.306
FD10801	163.125 	 26.404 	 354.312
FD10801	163.250 	 26.415 	 354.312
FD10801	163.375 	 26.417 	 354.309
FD10801	163.500 	 26.427 	 354.293
FD10801	163.625 	 26.437 	 354.296
FD10801	163.750 	 26.440 	 354.316
FD10801	163.875 	 26.458 	 354.315
FD10801	164.000 	 26.463 	 354.309
FD10801	164.125 	 26.473 	 354.295
FD10801	164.250 	 26.484 	 354.280
FD10801	164.375 	 26.492 	 354.284
FD10801	164.500 	 26.500 	 354.295
FD10801	164.625 	 26.514 	 354.301
FD10801	164.750 	 26.521 	 354.312
FD10801	164.875 	 26.534 	 354.318
FD10801	165.000 	 26.539 	 354.296
FD10801	165.125 	 26.551 	 354.287
FD10801	165.250 	 26.557 	 354.298
FD10801	165.375 	 26.567 	 354.298
FD10801	165.500 	 26.578 	 354.298
FD10801	165.625 	 26.585 	 354.298
FD10801	165.750 	 26.597 	 354.293
FD10801	165.875 	 26.604 	 354.295
FD10801	166.000 	 26.619 	 354.306
FD10801	166.125 	 26.629 	 354.298
FD10801	166.250 	 26.638 	 354.287
FD10801	166.375 	 26.655 	 354.282
FD10801	166.500 	 26.665 	 354.276
FD10801	166.625 	 26.684 	 354.265
FD10801	166.750 	 26.694 	 354.265
FD10801	166.875 	 26.710 	 354.254
FD10801	167.000 	 26.725 	 354.222
FD10801	167.125 	 26.739 	 354.202
FD10801	167.250 	 26.754 	 354.197
FD10801	167.375 	 26.768 	 354.194
FD10801	167.500 	 26.778 	 354.194
FD10801	167.625 	 26.795 	 354.207
FD10801	167.750 	 26.805 	 354.218
FD10801	167.875 	 26.824 	 354.216
FD10801	168.000 	 26.832 	 354.199
FD10801	168.125 	 26.848 	 354.193
FD10801	168.250 	 26.860 	 354.204
FD10801	168.375 	 26.882 	 354.199
FD10801	168.500 	 26.893 	 354.204
FD10801	168.625 	 26.909 	 354.229
FD10801	168.750 	 26.927 	 354.267
FD10801	168.875 	 26.941 	 354.298
FD10801	169.000 	 26.960 	 354.293
FD10801	169.125 	 26.980 	 354.301
FD10801	169.250 	 26.991 	 354.295
FD10801	169.375 	 27.014 	 354.293
FD10801	169.500 	 27.027 	 354.303
FD10801	169.625 	 27.045 	 354.290
FD10801	169.750 	 27.066 	 354.290
FD10801	169.875 	 27.071 	 354.298
FD10801	170.000 	 27.087 	 354.303
FD10801	170.125 	 27.090 	 354.309
FD10801	170.250 	 27.101 	 354.309
FD10801	170.375 	 27.101 	 354.309
FD10801	170.500 	 27.099 	 354.309
FD10801	170.625 	 27.101 	 354.303
FD10801	170.750 	 27.095 	 354.288
FD10801	170.875 	 27.089 	 354.298
FD10801	171.000 	 27.072 	 354.313
FD10801	171.125 	 27.064 	 354.323
FD10801	171.250 	 27.050 	 354.371
FD10801	171.375 	 27.038 	 354.394
FD10801	171.500 	 27.016 	 354.389
FD10801	171.625 	 26.995 	 354.359
FD10801	171.750 	 26.981 	 354.322
FD10801	171.875 	 26.958 	 354.312
FD10801	172.000 	 26.939 	 354.301
FD10801	172.125 	 26.918 	 354.281
FD10801	172.250 	 26.904 	 354.282
FD10801	172.375 	 26.888 	 354.285
FD10801	172.500 	 26.868 	 354.284
FD10801	172.625 	 26.857 	 354.290
FD10801	172.750 	 26.846 	 354.280
FD10801	172.875 	 26.834 	 354.271
FD10801	173.000 	 26.826 	 354.281
FD10801	173.125 	 26.823 	 354.295
FD10801	173.250 	 26.816 	 354.316
FD10801	173.375 	 26.817 	 354.309
FD10801	173.500 	 26.813 	 354.277
FD10801	173.625 	 26.815 	 354.268
FD10801	173.750 	 26.812 	 354.268
FD10801	173.875 	 26.819 	 354.285
FD10801	174.000 	 26.814 	 354.284
FD10801	174.125 	 26.825 	 354.268
FD10801	174.250 	 26.825 	 354.268
FD10801	174.375 	 26.834 	 354.262
FD10801	174.500 	 26.833 	 354.262
FD10801	174.625 	 26.845 	 354.265
FD10801	174.750 	 26.848 	 354.275
FD10801	174.875 	 26.856 	 354.309
FD10801	175.000 	 26.862 	 354.341
FD10801	175.125 	 26.869 	 354.375
FD10801	175.250 	 26.869 	 354.423
FD10801	175.375 	 26.883 	 354.466
FD10801	175.500 	 26.881 	 354.497
FD10801	175.625 	 26.893 	 354.532
FD10801	175.750 	 26.900 	 354.553
FD10801	175.875 	 26.909 	 354.567
FD10801	176.000 	 26.919 	 354.546
FD10801	176.125 	 26.928 	 354.546
FD10801	176.250 	 26.934 	 354.556
FD10801	176.375 	 26.950 	 354.557
FD10801	176.500 	 26.957 	 354.562
FD10801	176.625 	 26.968 	 354.559
FD10801	176.750 	 26.975 	 354.559
FD10801	176.875 	 26.983 	 354.556
FD10801	177.000 	 26.989 	 354.546
FD10801	177.125 	 26.994 	 354.551
FD10801	177.250 	 27.004 	 354.567
FD10801	177.375 	 27.004 	 354.576
FD10801	177.500 	 27.007 	 354.565
FD10801	177.625 	 27.016 	 354.557
FD10801	177.750 	 27.019 	 354.540
FD10801	177.875 	 27.030 	 354.515
FD10801	178.000 	 27.035 	 354.547
FD10801	178.125 	 27.046 	 354.578
FD10801	178.250 	 27.057 	 354.552
FD10801	178.375 	 27.065 	 354.548
FD10801	178.500 	 27.075 	 354.569
FD10801	178.625 	 27.084 	 354.586
FD10801	178.750 	 27.096 	 354.602
FD10801	178.875 	 27.109 	 354.584
FD10801	179.000 	 27.119 	 354.568
FD10801	179.125 	 27.128 	 354.573
FD10801	179.250 	 27.137 	 354.579
FD10801	179.375 	 27.151 	 354.578
FD10801	179.500 	 27.152 	 354.589
FD10801	179.625 	 27.164 	 354.590
FD10801	179.750 	 27.161 	 354.563
FD10801	179.875 	 27.168 	 354.557
FD10801	180.000 	 27.164 	 354.567
FD10801	180.125 	 27.167 	 354.590
FD10801	180.250 	 27.161 	 354.610
FD10801	180.375 	 27.153 	 354.612
FD10801	180.500 	 27.152 	 354.606
FD10801	180.625 	 27.145 	 354.592
FD10801	180.750 	 27.134 	 354.576
FD10801	180.875 	 27.127 	 354.567
FD10801	181.000 	 27.124 	 354.568
FD10801	181.125 	 27.119 	 354.573
FD10801	181.250 	 27.111 	 354.562
FD10801	181.375 	 27.109 	 354.576
FD10801	181.500 	 27.106 	 354.586
FD10801	181.625 	 27.104 	 354.587
FD10801	181.750 	 27.106 	 354.581
FD10801	181.875 	 27.106 	 354.573
FD10801	182.000 	 27.115 	 354.557
FD10801	182.125 	 27.120 	 354.546
FD10801	182.250 	 27.119 	 354.566
FD10801	182.375 	 27.133 	 354.562
FD10801	182.500 	 27.140 	 354.552
FD10801	182.625 	 27.147 	 354.540
FD10801	182.750 	 27.161 	 354.535
FD10801	182.875 	 27.168 	 354.548
FD10801	183.000 	 27.175 	 354.537
FD10801	183.125 	 27.181 	 354.537
FD10801	183.250 	 27.196 	 354.553
FD10801	183.375 	 27.200 	 354.540
FD10801	183.500 	 27.207 	 354.551
FD10801	183.625 	 27.221 	 354.576
FD10801	183.750 	 27.219 	 354.602
FD10801	183.875 	 27.234 	 354.688
FD10801	184.000 	 27.237 	 354.752
FD10801	184.125 	 27.246 	 354.744
FD10801	184.250 	 27.249 	 354.696
FD10801	184.375 	 27.256 	 354.641
FD10801	184.500 	 27.256 	 354.621
FD10801	184.625 	 27.260 	 354.614
FD10801	184.750 	 27.264 	 354.641
FD10801	184.875 	 27.266 	 354.694
FD10801	185.000 	 27.271 	 354.730
FD10801	185.125 	 27.276 	 354.762
FD10801	185.250 	 27.275 	 354.783
FD10801	185.375 	 27.284 	 354.800
FD10801	185.500 	 27.289 	 354.811
FD10801	185.625 	 27.292 	 354.809
FD10801	185.750 	 27.294 	 354.787
FD10801	185.875 	 27.298 	 354.776
FD10801	186.000 	 27.297 	 354.796
FD10801	186.125 	 27.299 	 354.817
FD10801	186.250 	 27.303 	 354.806
FD10801	186.375 	 27.298 	 354.797
FD10801	186.500 	 27.301 	 354.803
FD10801	186.625 	 27.298 	 354.798
FD10801	186.750 	 27.297 	 354.797
FD10801	186.875 	 27.295 	 354.809
FD10801	187.000 	 27.294 	 354.830
FD10801	187.125 	 27.294 	 354.830
FD10801	187.250 	 27.295 	 354.815
FD10801	187.375 	 27.298 	 354.812
FD10801	187.500 	 27.300 	 354.827
FD10801	187.625 	 27.303 	 354.845
FD10801	187.750 	 27.306 	 354.834
FD10801	187.875 	 27.310 	 354.836
FD10801	188.000 	 27.314 	 354.831
FD10801	188.125 	 27.312 	 354.808
FD10801	188.250 	 27.321 	 354.793
FD10801	188.375 	 27.317 	 354.770
FD10801	188.500 	 27.321 	 354.739
FD10801	188.625 	 27.322 	 354.711
FD10801	188.750 	 27.321 	 354.689
FD10801	188.875 	 27.318 	 354.691
FD10801	189.000 	 27.320 	 354.712
FD10801	189.125 	 27.315 	 354.699
FD10801	189.250 	 27.316 	 354.673
FD10801	189.375 	 27.311 	 354.642
FD10801	189.500 	 27.307 	 354.615
FD10801	189.625 	 27.299 	 354.578
FD10801	189.750 	 27.297 	 354.510
FD10801	189.875 	 27.290 	 354.458
FD10801	190.000 	 27.279 	 354.436
FD10801	190.125 	 27.276 	 354.408
FD10801	190.250 	 27.266 	 354.382
FD10801	190.375 	 27.261 	 354.345
FD10801	190.500 	 27.255 	 354.340
FD10801	190.625 	 27.257 	 354.342
FD10801	190.750 	 27.253 	 354.316
FD10801	190.875 	 27.256 	 354.309
FD10801	191.000 	 27.256 	 354.351
FD10801	191.125 	 27.265 	 354.369
FD10801	191.250 	 27.267 	 354.364
FD10801	191.375 	 27.275 	 354.392
FD10801	191.500 	 27.275 	 354.397
FD10801	191.625 	 27.288 	 354.408
FD10801	191.750 	 27.293 	 354.450
FD10801	191.875 	 27.301 	 354.488
FD10801	192.000 	 27.312 	 354.498
FD10801	192.125 	 27.315 	 354.515
FD10801	192.250 	 27.322 	 354.546
FD10801	192.375 	 27.327 	 354.545
FD10801	192.500 	 27.333 	 354.540
FD10801	192.625 	 27.331 	 354.554
FD10801	192.750 	 27.334 	 354.559
FD10801	192.875 	 27.332 	 354.570
FD10801	193.000 	 27.335 	 354.586
FD10801	193.125 	 27.333 	 354.578
FD10801	193.250 	 27.333 	 354.579
FD10801	193.375 	 27.331 	 354.612
FD10801	193.500 	 27.333 	 354.633
FD10801	193.625 	 27.323 	 354.650
FD10801	193.750 	 27.331 	 354.671
FD10801	193.875 	 27.324 	 354.655
FD10801	194.000 	 27.326 	 354.598
FD10801	194.125 	 27.323 	 354.564
FD10801	194.250 	 27.329 	 354.565
FD10801	194.375 	 27.328 	 354.568
FD10801	194.500 	 27.334 	 354.573
FD10801	194.625 	 27.335 	 354.573
FD10801	194.750 	 27.346 	 354.573
FD10801	194.875 	 27.348 	 354.573
FD10801	195.000 	 27.357 	 354.573
FD10801	195.125 	 27.360 	 354.573
FD10801	195.250 	 27.364 	 354.573
FD10801	195.375 	 27.363 	 354.573
FD10801	195.500 	 27.365 	 354.573
FD10801	195.625 	 27.368 	 354.573
FD10801	195.750 	 27.367 	 354.573
FD10801	195.875 	 27.365 	 354.573
FD10801	196.000 	 27.367 	 354.573
FD10801	196.125 	 27.368 	 354.573
FD10801	196.250 	 27.367 	 354.573
FD10801	196.375 	 27.368 	 354.573
FD10801	196.500 	 27.368 	 354.573
FD10801	196.625 	 27.365 	 354.573
FD10801	196.750 	 27.367 	 354.573
FD10801	196.875 	 27.368 	 354.573
FD10801	197.000 	 27.367 	 354.573
FD10801	197.125 	 27.368 	 354.573
FD10801	197.250 	 27.366 	 354.578
FD10801	197.375 	 27.365 	 354.584
FD10801	197.500 	 27.371 	 354.584
FD10801	197.625 	 27.365 	 354.584
FD10801	197.750 	 27.366 	 354.584
FD10801	197.875 	 27.369 	 354.585
FD10801	198.000 	 27.366 	 354.584
FD10801	198.125 	 27.365 	 354.584
FD10801	198.250 	 27.371 	 354.584
FD10801	198.375 	 27.365 	 354.584
FD10801	198.500 	 27.366 	 354.584
FD10801	198.625 	 27.368 	 354.584
FD10801	198.750 	 27.368 	 354.584
FD10801	198.875 	 27.368 	 354.584
FD10801	199.000 	 27.368 	 354.584
FD10801	199.125 	 27.365 	 354.584
FD10801	199.250 	 27.366 	 354.584
FD10801	199.375 	 27.368 	 354.584
FD10801	199.500 	 27.368 	 354.584
FD10801	199.625 	 27.368 	 354.584
FD10801	199.750 	 27.366 	 354.584
FD10801	199.875 	 27.366 	 354.584
FD10801	200.000 	 27.366 	 354.584
FD10801	200.125 	 27.368 	 354.584
FD10801	200.250 	 27.368 	 354.584
FD10801	200.375 	 27.368 	 354.584
FD10801	200.500 	 27.366 	 354.584
FD10801	200.625 	 27.366 	 354.584
FD10801	200.750 	 27.369 	 354.584
FD10801	200.875 	 27.365 	 354.584
FD10801	201.000 	 27.368 	 354.584
FD10801	201.125 	 27.368 	 354.584
FD10801	201.250 	 27.366 	 354.584
FD10801	201.375 	 27.366 	 354.584
FD10801	201.500 	 27.369 	 354.584
FD10801	201.625 	 27.365 	 354.584
FD10801	201.750 	 27.368 	 354.584
FD10801	201.875 	 27.368 	 354.584
FD10801	202.000 	 27.366 	 354.584
FD10801	202.125 	 27.369 	 354.584
FD10801	202.250 	 27.366 	 354.584
FD10801	202.375 	 27.365 	 354.584
FD10801	202.500 	 27.368 	 354.584
FD10801	202.625 	 27.368 	 354.584
FD10801	202.750 	 27.366 	 354.584
FD10801	202.875 	 27.368 	 354.584
FD10801	203.000 	 27.368 	 354.584
FD10801	203.125 	 27.365 	 354.584
FD10801	203.250 	 27.368 	 354.584
FD10801	203.375 	 27.368 	 354.584
FD10801	203.500 	 27.366 	 354.584
FD10801	203.625 	 27.368 	 354.584
FD10801	203.750 	 27.368 	 354.584
FD10801	203.875 	 27.365 	 354.584
FD10801	204.000 	 27.369 	 354.584
FD10801	204.125 	 27.366 	 354.584
FD10801	204.250 	 27.366 	 354.584
FD10801	204.375 	 27.368 	 354.584
FD10801	204.500 	 27.368 	 354.584
FD10801	204.625 	 27.365 	 354.584
FD10801	204.750 	 27.369 	 354.584
FD10801	204.875 	 27.366 	 354.584
FD10801	205.000 	 27.366 	 354.584
FD10801	205.125 	 27.368 	 354.584
FD10801	205.250 	 27.368 	 354.584
FD10801	205.375 	 27.368 	 354.584
FD10801	205.500 	 27.366 	 354.584
FD10801	205.625 	 27.366 	 354.585
FD10801	205.750 	 27.366 	 354.584
FD10801	205.875 	 27.368 	 354.584
FD10801	206.000 	 27.368 	 354.584
FD10801	206.125 	 27.368 	 354.584
FD10801	206.250 	 27.366 	 354.584
FD10801	206.375 	 27.365 	 354.584
FD10801	206.500 	 27.368 	 354.584
FD10801	206.625 	 27.368 	 354.584
FD10801	206.750 	 27.368 	 354.584
FD10801	206.875 	 27.368 	 354.584
FD10801	207.000 	 27.366 	 354.584
FD10801	207.125 	 0.000 	 90.000
FD10801	207.250 	 0.000 	 90.000
FD10801	207.375 	 0.000 	 90.000
FD10801	207.500 	 0.000 	 90.000
FD10801	207.625 	 0.000 	 90.000
FD10801	207.750 	 0.000 	 90.000
FD10801	207.875 	 0.000 	 90.000
FD10801	208.000 	 0.000 	 90.000
FD10801	208.125 	 0.000 	 90.000
FD10801	208.250 	 0.000 	 90.000
FD10801	208.375 	 0.000 	 90.000
FD10801	208.500 	 0.000 	 90.000
FD10801	208.625 	 0.000 	 90.000
FD10801	208.750 	 0.000 	 90.000
FD10801	208.875 	 0.000 	 90.000
FD10801	209.000 	 0.000 	 90.000
FD10801	209.125 	 0.000 	 90.000
FD10801	209.250 	 0.000 	 90.000
FD10801	209.375 	 0.000 	 90.000
FD10801	209.500 	 0.000 	 90.000
FD10801	209.625 	 0.000 	 90.000
FD10801	209.750 	 0.000 	 90.000
FD10801	209.875 	 0.000 	 90.000
FD10801	210.000 	 0.000 	 90.000
FD10801	210.125 	 0.000 	 90.000
FD10801	210.250 	 0.000 	 90.000
FD10801	210.375 	 0.000 	 90.000
FD10801	210.500 	 0.000 	 90.000
FD10801	210.625 	 0.000 	 90.000
FD10801	210.750 	 0.000 	 90.000
FD10801	210.875 	 0.000 	 90.000
FD10801	211.000 	 0.000 	 90.000
FD10801	211.125 	 0.000 	 90.000
FD10801	211.250 	 0.000 	 90.000
FD10801	211.375 	 0.000 	 90.000
FD10801	211.500 	 0.000 	 90.000
FD10801	211.625 	 0.000 	 90.000
FD10801	211.750 	 0.000 	 90.000
FD10801	211.875 	 0.000 	 90.000
FD10801	212.000 	 0.000 	 90.000
FD10801	212.125 	 0.000 	 90.000
FD10801	212.250 	 0.000 	 90.000
FD10801	212.375 	 0.000 	 90.000
FD10801	212.500 	 0.000 	 90.000
FD10801	212.625 	 0.000 	 90.000
FD10801	212.750 	 0.000 	 90.000
FD10801	212.875 	 0.000 	 90.000
FD10801	213.000 	 0.000 	 90.000
FD10801	213.125 	 0.000 	 90.000
FD10801	213.250 	 0.000 	 90.000
FD10801	213.375 	 0.000 	 90.000
FD10801	213.500 	 0.000 	 90.000
FD10801	213.625 	 0.000 	 90.000
FD10801	213.750 	 0.000 	 90.000
FD10801	213.875 	 0.000 	 90.000
FD10801	214.000 	 0.000 	 90.000
FD10801	214.125 	 0.000 	 90.000
FD10801	214.250 	 0.000 	 90.000
FD10801	214.375 	 0.000 	 90.000
FD10801	214.500 	 0.000 	 90.000
FD10801	214.625 	 0.000 	 90.000
FD10801	214.750 	 0.000 	 90.000
FD10801	214.875 	 0.000 	 90.000
FD10801	215.000 	 0.000 	 90.000
FD10801	215.125 	 0.000 	 90.000
FD10801	215.250 	 0.000 	 90.000
FD10801	215.375 	 0.000 	 90.000
FD10801	215.500 	 0.000 	 90.000
FD10801	215.625 	 0.000 	 90.000
FD10801	215.750 	 0.000 	 90.000
FD10801	215.875 	 0.000 	 90.000
FD10801	216.000 	 0.000 	 90.000
FD10801	216.125 	 0.000 	 90.000
FD10801	216.250 	 0.000 	 90.000
FD10801	216.375 	 0.000 	 90.000
FD10801	216.500 	 0.000 	 90.000
FD10801	216.625 	 0.000 	 90.000
FD10801	216.750 	 0.000 	 90.000
FD10801	216.875 	 0.000 	 90.000
FD10801	217.000 	 0.000 	 90.000
