#WellName	 Depth.M	 INCL	 AZIM 
WellName	 Depth.M	 INCL	 AZIM 
FD10683	0.000 	 0.000 	 0.000
FD10683	0.125 	 0.458 	 90.000
FD10683	0.250 	 0.458 	 180.000
FD10683	0.375 	 0.458 	 90.000
FD10683	0.500 	 0.000 	 90.000
FD10683	0.625 	 0.648 	 135.000
FD10683	0.750 	 0.000 	 90.000
FD10683	0.875 	 0.458 	 90.000
FD10683	1.000 	 0.648 	 135.000
FD10683	1.125 	 0.000 	 90.000
FD10683	1.250 	 0.458 	 90.000
FD10683	1.375 	 0.458 	 180.000
FD10683	1.500 	 0.458 	 90.000
FD10683	1.625 	 0.000 	 90.000
FD10683	1.750 	 0.648 	 135.000
FD10683	1.875 	 0.000 	 90.000
FD10683	2.000 	 0.458 	 90.000
FD10683	2.125 	 0.648 	 135.000
FD10683	2.250 	 0.000 	 90.000
FD10683	2.375 	 0.458 	 90.000
FD10683	2.500 	 0.458 	 180.000
FD10683	2.625 	 0.458 	 90.000
FD10683	2.750 	 0.000 	 90.000
FD10683	2.875 	 0.648 	 135.000
FD10683	3.000 	 0.458 	 90.000
FD10683	3.125 	 0.000 	 90.000
FD10683	3.250 	 0.648 	 135.000
FD10683	3.375 	 0.000 	 90.000
FD10683	3.500 	 0.458 	 90.000
FD10683	3.625 	 0.458 	 180.000
FD10683	3.750 	 0.458 	 90.000
FD10683	3.875 	 0.458 	 90.000
FD10683	4.000 	 0.458 	 180.000
FD10683	4.125 	 0.458 	 90.000
FD10683	4.250 	 0.000 	 90.000
FD10683	4.375 	 0.458 	 90.000
FD10683	4.500 	 0.458 	 180.000
FD10683	4.625 	 0.458 	 90.000
FD10683	4.750 	 0.458 	 90.000
FD10683	4.875 	 0.458 	 180.000
FD10683	5.000 	 0.458 	 90.000
FD10683	5.125 	 0.000 	 90.000
FD10683	5.250 	 0.648 	 135.000
FD10683	5.375 	 0.000 	 90.000
FD10683	5.500 	 0.458 	 90.000
FD10683	5.625 	 0.458 	 180.000
FD10683	5.750 	 0.458 	 90.000
FD10683	5.875 	 0.458 	 90.000
FD10683	6.000 	 0.458 	 180.000
FD10683	6.125 	 0.458 	 90.000
FD10683	6.250 	 0.000 	 90.000
FD10683	6.375 	 0.648 	 135.000
FD10683	6.500 	 0.000 	 90.000
FD10683	6.625 	 0.458 	 90.000
FD10683	6.750 	 0.648 	 135.000
FD10683	6.875 	 0.000 	 90.000
FD10683	7.000 	 0.458 	 90.000
FD10683	7.125 	 0.458 	 180.000
FD10683	7.250 	 0.458 	 90.000
FD10683	7.375 	 0.000 	 90.000
FD10683	7.500 	 0.648 	 135.000
FD10683	7.625 	 0.458 	 90.000
FD10683	7.750 	 0.000 	 90.000
FD10683	7.875 	 0.648 	 135.000
FD10683	8.000 	 0.000 	 90.000
FD10683	8.125 	 0.458 	 90.000
FD10683	8.250 	 0.458 	 180.000
FD10683	8.375 	 0.458 	 90.000
FD10683	8.500 	 0.000 	 90.000
FD10683	8.625 	 0.648 	 135.000
FD10683	8.750 	 0.458 	 90.000
FD10683	8.875 	 0.000 	 90.000
FD10683	9.000 	 0.648 	 135.000
FD10683	9.125 	 0.000 	 90.000
FD10683	9.250 	 0.458 	 90.000
FD10683	9.375 	 0.458 	 180.000
FD10683	9.500 	 0.458 	 90.000
FD10683	9.625 	 0.458 	 90.000
FD10683	9.750 	 0.458 	 180.000
FD10683	9.875 	 0.458 	 90.000
FD10683	10.000 	 0.000 	 90.000
FD10683	10.125 	 0.648 	 135.000
FD10683	10.250 	 0.000 	 90.000
FD10683	10.375 	 0.458 	 90.000
FD10683	10.500 	 0.648 	 135.000
FD10683	10.625 	 0.000 	 90.000
FD10683	10.750 	 0.458 	 90.000
FD10683	10.875 	 0.458 	 180.000
FD10683	11.000 	 0.458 	 90.000
FD10683	11.125 	 0.000 	 90.000
FD10683	11.250 	 0.648 	 135.000
FD10683	11.375 	 0.458 	 90.000
FD10683	11.500 	 0.000 	 90.000
FD10683	11.625 	 0.648 	 135.000
FD10683	11.750 	 0.000 	 90.000
FD10683	11.875 	 0.458 	 90.000
FD10683	12.000 	 0.458 	 180.000
FD10683	12.125 	 0.458 	 90.000
FD10683	12.250 	 0.000 	 90.000
FD10683	12.375 	 0.648 	 135.000
FD10683	12.500 	 0.458 	 90.000
FD10683	12.625 	 0.000 	 90.000
FD10683	12.750 	 0.648 	 135.000
FD10683	12.875 	 0.000 	 90.000
FD10683	13.000 	 0.458 	 90.000
FD10683	13.125 	 0.000 	 90.000
FD10683	13.250 	 0.648 	 135.000
FD10683	13.375 	 0.458 	 90.000
FD10683	13.500 	 0.000 	 90.000
FD10683	13.625 	 0.648 	 135.000
FD10683	13.750 	 0.000 	 90.000
FD10683	13.875 	 0.458 	 90.000
FD10683	14.000 	 0.458 	 180.000
FD10683	14.125 	 0.458 	 90.000
FD10683	14.250 	 0.458 	 90.000
FD10683	14.375 	 0.458 	 180.000
FD10683	14.500 	 0.458 	 90.000
FD10683	14.625 	 0.000 	 90.000
FD10683	14.750 	 0.648 	 135.000
FD10683	14.875 	 0.000 	 90.000
FD10683	15.000 	 0.458 	 90.000
FD10683	15.125 	 0.458 	 180.000
FD10683	15.250 	 0.458 	 90.000
FD10683	15.375 	 0.458 	 90.000
FD10683	15.500 	 0.458 	 180.000
FD10683	15.625 	 0.458 	 90.000
FD10683	15.750 	 0.000 	 90.000
FD10683	15.875 	 0.648 	 135.000
FD10683	16.000 	 0.000 	 90.000
FD10683	16.125 	 0.458 	 90.000
FD10683	16.250 	 0.648 	 135.000
FD10683	16.375 	 0.000 	 90.000
FD10683	16.500 	 0.458 	 90.000
FD10683	16.625 	 0.458 	 180.000
FD10683	16.750 	 0.458 	 90.000
FD10683	16.875 	 0.000 	 90.000
FD10683	17.000 	 0.648 	 135.000
FD10683	17.125 	 0.458 	 90.000
FD10683	17.250 	 0.000 	 90.000
FD10683	17.375 	 0.648 	 135.000
FD10683	17.500 	 0.000 	 90.000
FD10683	17.625 	 0.458 	 90.000
FD10683	17.750 	 0.458 	 180.000
FD10683	17.875 	 0.458 	 90.000
FD10683	18.000 	 0.458 	 90.000
FD10683	18.125 	 0.458 	 180.000
FD10683	18.250 	 0.458 	 90.000
FD10683	18.375 	 0.000 	 90.000
FD10683	18.500 	 0.648 	 135.000
FD10683	18.625 	 0.000 	 90.000
FD10683	18.750 	 0.458 	 90.000
FD10683	18.875 	 0.458 	 180.000
FD10683	19.000 	 0.458 	 90.000
FD10683	19.125 	 0.458 	 90.000
FD10683	19.250 	 0.458 	 180.000
FD10683	19.375 	 0.458 	 90.000
FD10683	19.500 	 0.000 	 90.000
FD10683	19.625 	 0.648 	 135.000
FD10683	19.750 	 0.000 	 90.000
FD10683	19.875 	 0.458 	 90.000
FD10683	20.000 	 0.648 	 135.000
FD10683	20.125 	 0.000 	 90.000
FD10683	20.250 	 0.458 	 90.000
FD10683	20.375 	 0.458 	 180.000
FD10683	20.500 	 0.458 	 90.000
FD10683	20.625 	 0.000 	 90.000
FD10683	20.750 	 0.648 	 135.000
FD10683	20.875 	 0.458 	 90.000
FD10683	21.000 	 0.000 	 90.000
FD10683	21.125 	 0.648 	 135.000
FD10683	21.250 	 0.000 	 90.000
FD10683	21.375 	 0.458 	 90.000
FD10683	21.500 	 0.458 	 180.000
FD10683	21.625 	 0.458 	 90.000
FD10683	21.750 	 0.000 	 90.000
FD10683	21.875 	 0.458 	 90.000
FD10683	22.000 	 0.648 	 135.000
FD10683	22.125 	 0.000 	 90.000
FD10683	22.250 	 0.458 	 90.000
FD10683	22.375 	 0.458 	 180.000
FD10683	22.500 	 0.458 	 90.000
FD10683	22.625 	 0.000 	 90.000
FD10683	22.750 	 0.648 	 135.000
FD10683	22.875 	 0.458 	 90.000
FD10683	23.000 	 0.000 	 90.000
FD10683	23.125 	 0.648 	 135.000
FD10683	23.250 	 0.000 	 90.000
FD10683	23.375 	 0.458 	 90.000
FD10683	23.500 	 0.458 	 180.000
FD10683	23.625 	 0.458 	 90.000
FD10683	23.750 	 0.458 	 90.000
FD10683	23.875 	 0.458 	 180.000
FD10683	24.000 	 0.458 	 90.000
FD10683	24.125 	 0.000 	 90.000
FD10683	24.250 	 0.648 	 135.000
FD10683	24.375 	 0.000 	 90.000
FD10683	24.500 	 0.458 	 90.000
FD10683	24.625 	 0.648 	 135.000
FD10683	24.750 	 0.000 	 90.000
FD10683	24.875 	 0.458 	 90.000
FD10683	25.000 	 0.458 	 180.000
FD10683	25.125 	 0.458 	 90.000
FD10683	25.250 	 0.000 	 90.000
FD10683	25.375 	 0.648 	 135.000
FD10683	25.500 	 0.000 	 90.000
FD10683	25.625 	 0.458 	 90.000
FD10683	25.750 	 0.648 	 135.000
FD10683	25.875 	 0.000 	 90.000
FD10683	26.000 	 0.458 	 90.000
FD10683	26.125 	 0.458 	 180.000
FD10683	26.250 	 0.458 	 90.000
FD10683	26.375 	 0.000 	 90.000
FD10683	26.500 	 0.648 	 135.000
FD10683	26.625 	 0.458 	 90.000
FD10683	26.750 	 0.000 	 90.000
FD10683	26.875 	 0.648 	 135.000
FD10683	27.000 	 0.000 	 90.000
FD10683	27.125 	 0.458 	 90.000
FD10683	27.250 	 0.458 	 180.000
FD10683	27.375 	 0.458 	 90.000
FD10683	27.500 	 0.458 	 90.000
FD10683	27.625 	 0.458 	 180.000
FD10683	27.750 	 0.458 	 90.000
FD10683	27.875 	 0.000 	 90.000
FD10683	28.000 	 0.648 	 135.000
FD10683	28.125 	 0.000 	 90.000
FD10683	28.250 	 0.458 	 90.000
FD10683	28.375 	 0.458 	 180.000
FD10683	28.500 	 0.458 	 90.000
FD10683	28.625 	 0.458 	 90.000
FD10683	28.750 	 0.458 	 180.000
FD10683	28.875 	 0.458 	 90.000
FD10683	29.000 	 0.000 	 90.000
FD10683	29.125 	 0.648 	 135.000
FD10683	29.250 	 0.000 	 90.000
FD10683	29.375 	 0.458 	 90.000
FD10683	29.500 	 0.648 	 135.000
FD10683	29.625 	 0.000 	 90.000
FD10683	29.750 	 0.458 	 90.000
FD10683	29.875 	 0.458 	 180.000
FD10683	30.000 	 0.458 	 90.000
FD10683	30.125 	 1.025 	 116.565
FD10683	30.250 	 1.666 	 123.690
FD10683	30.375 	 1.449 	 108.435
FD10683	30.500 	 1.296 	 135.000
FD10683	30.625 	 1.449 	 108.435
FD10683	30.750 	 1.296 	 135.000
FD10683	30.875 	 1.449 	 108.435
FD10683	31.000 	 1.025 	 116.565
FD10683	31.125 	 1.652 	 123.690
FD10683	31.250 	 1.025 	 116.565
FD10683	31.375 	 1.652 	 123.690
FD10683	31.500 	 1.449 	 108.435
FD10683	31.625 	 1.296 	 135.000
FD10683	31.750 	 1.449 	 108.435
FD10683	31.875 	 1.296 	 135.000
FD10683	32.000 	 1.449 	 108.435
FD10683	32.125 	 1.025 	 116.565
FD10683	32.250 	 1.652 	 123.690
FD10683	32.375 	 1.449 	 108.435
FD10683	32.500 	 1.296 	 135.000
FD10683	32.625 	 1.449 	 108.435
FD10683	32.750 	 1.296 	 135.000
FD10683	32.875 	 1.449 	 108.435
FD10683	33.000 	 1.296 	 135.000
FD10683	33.125 	 1.449 	 108.435
FD10683	33.250 	 1.652 	 123.690
FD10683	33.375 	 1.033 	 116.565
FD10683	33.500 	 1.449 	 108.435
FD10683	33.625 	 1.296 	 135.000
FD10683	33.750 	 1.449 	 108.435
FD10683	33.875 	 1.296 	 135.000
FD10683	34.000 	 1.449 	 108.435
FD10683	34.125 	 1.296 	 135.000
FD10683	34.250 	 1.449 	 108.435
FD10683	34.375 	 1.652 	 123.690
FD10683	34.500 	 1.025 	 116.565
FD10683	34.625 	 1.449 	 108.435
FD10683	34.750 	 1.296 	 135.000
FD10683	34.875 	 1.449 	 108.435
FD10683	35.000 	 1.296 	 135.000
FD10683	35.125 	 1.449 	 108.435
FD10683	35.250 	 1.652 	 123.690
FD10683	35.375 	 1.025 	 116.565
FD10683	35.500 	 1.652 	 123.690
FD10683	35.625 	 1.025 	 116.565
FD10683	35.750 	 1.449 	 108.435
FD10683	35.875 	 1.296 	 135.000
FD10683	36.000 	 1.449 	 108.435
FD10683	36.125 	 1.296 	 135.000
FD10683	36.250 	 1.449 	 108.435
FD10683	36.375 	 1.652 	 123.690
FD10683	36.500 	 1.033 	 116.565
FD10683	36.625 	 1.652 	 123.690
FD10683	36.750 	 1.025 	 116.565
FD10683	36.875 	 1.652 	 123.690
FD10683	37.000 	 1.025 	 116.565
FD10683	37.125 	 1.449 	 108.435
FD10683	37.250 	 1.652 	 123.690
FD10683	37.375 	 1.025 	 116.565
FD10683	37.500 	 1.652 	 123.690
FD10683	37.625 	 1.025 	 116.565
FD10683	37.750 	 1.652 	 123.690
FD10683	37.875 	 1.025 	 116.565
FD10683	38.000 	 1.652 	 123.690
FD10683	38.125 	 1.449 	 108.435
FD10683	38.250 	 1.025 	 116.565
FD10683	38.375 	 1.652 	 123.690
FD10683	38.500 	 1.025 	 116.565
FD10683	38.625 	 1.652 	 123.690
FD10683	38.750 	 1.025 	 116.565
FD10683	38.875 	 1.652 	 123.690
FD10683	39.000 	 1.025 	 116.565
FD10683	39.125 	 1.652 	 123.690
FD10683	39.250 	 1.449 	 108.435
FD10683	39.375 	 1.025 	 116.565
FD10683	39.500 	 1.666 	 123.690
FD10683	39.625 	 1.025 	 116.565
FD10683	39.750 	 1.652 	 123.690
FD10683	39.875 	 1.025 	 116.565
FD10683	40.000 	 1.652 	 123.690
FD10683	40.125 	 1.449 	 108.435
FD10683	40.250 	 1.296 	 135.000
FD10683	40.375 	 1.449 	 108.435
FD10683	40.500 	 1.296 	 135.000
FD10683	40.625 	 1.449 	 108.435
FD10683	40.750 	 1.025 	 116.565
FD10683	40.875 	 1.652 	 123.690
FD10683	41.000 	 1.025 	 116.565
FD10683	41.125 	 1.652 	 123.690
FD10683	41.250 	 1.449 	 108.435
FD10683	41.375 	 1.296 	 135.000
FD10683	41.500 	 1.449 	 108.435
FD10683	41.625 	 1.296 	 135.000
FD10683	41.750 	 1.449 	 108.435
FD10683	41.875 	 1.025 	 116.565
FD10683	42.000 	 1.652 	 123.690
FD10683	42.125 	 1.449 	 108.435
FD10683	42.250 	 1.296 	 135.000
FD10683	42.375 	 1.449 	 108.435
FD10683	42.500 	 1.296 	 135.000
FD10683	42.625 	 1.461 	 108.435
FD10683	42.750 	 1.296 	 135.000
FD10683	42.875 	 1.449 	 108.435
FD10683	43.000 	 1.449 	 108.435
FD10683	43.125 	 1.296 	 135.000
FD10683	43.250 	 1.449 	 108.435
FD10683	43.375 	 1.296 	 135.000
FD10683	43.500 	 1.449 	 108.435
FD10683	43.625 	 1.296 	 135.000
FD10683	43.750 	 1.449 	 108.435
FD10683	43.875 	 1.296 	 135.000
FD10683	44.000 	 1.449 	 108.435
FD10683	44.125 	 1.652 	 123.690
FD10683	44.250 	 1.025 	 116.565
FD10683	44.375 	 1.449 	 108.435
FD10683	44.500 	 1.296 	 135.000
FD10683	44.625 	 1.449 	 108.435
FD10683	44.750 	 1.296 	 135.000
FD10683	44.875 	 1.449 	 108.435
FD10683	45.000 	 1.652 	 123.690
FD10683	45.125 	 1.025 	 116.565
FD10683	45.250 	 1.652 	 123.690
FD10683	45.375 	 1.025 	 116.565
FD10683	45.500 	 1.449 	 108.435
FD10683	45.625 	 1.296 	 135.000
FD10683	45.750 	 1.461 	 108.435
FD10683	45.875 	 1.296 	 135.000
FD10683	46.000 	 1.449 	 108.435
FD10683	46.125 	 1.652 	 123.690
FD10683	46.250 	 1.025 	 116.565
FD10683	46.375 	 1.652 	 123.690
FD10683	46.500 	 1.025 	 116.565
FD10683	46.625 	 1.449 	 108.435
FD10683	46.750 	 1.296 	 135.000
FD10683	46.875 	 1.449 	 108.435
FD10683	47.000 	 1.652 	 123.690
FD10683	47.125 	 1.025 	 116.566
FD10683	47.250 	 1.652 	 123.690
FD10683	47.375 	 1.025 	 116.565
FD10683	47.500 	 1.652 	 123.690
FD10683	47.625 	 1.025 	 116.565
FD10683	47.750 	 1.652 	 123.690
FD10683	47.875 	 1.449 	 108.435
FD10683	48.000 	 1.025 	 116.565
FD10683	48.125 	 1.652 	 123.690
FD10683	48.250 	 1.025 	 116.565
FD10683	48.375 	 1.652 	 123.690
FD10683	48.500 	 1.025 	 116.566
FD10683	48.625 	 1.652 	 123.690
FD10683	48.750 	 1.033 	 116.566
FD10683	48.875 	 1.652 	 123.690
FD10683	49.000 	 1.449 	 108.435
FD10683	49.125 	 1.025 	 116.566
FD10683	49.250 	 1.652 	 123.690
FD10683	49.375 	 1.025 	 116.566
FD10683	49.500 	 1.652 	 123.690
FD10683	49.625 	 1.025 	 116.565
FD10683	49.750 	 1.652 	 123.690
FD10683	49.875 	 1.449 	 108.435
FD10683	50.000 	 1.296 	 135.000
FD10683	50.125 	 1.449 	 108.435
FD10683	50.250 	 1.025 	 116.565
FD10683	50.375 	 1.652 	 123.690
FD10683	50.500 	 1.025 	 116.566
FD10683	50.625 	 1.652 	 123.690
FD10683	50.750 	 1.025 	 116.566
FD10683	50.875 	 1.652 	 123.690
FD10683	51.000 	 1.449 	 108.435
FD10683	51.125 	 1.296 	 135.000
FD10683	51.250 	 1.449 	 108.435
FD10683	51.375 	 1.296 	 135.000
FD10683	51.500 	 1.449 	 108.435
FD10683	51.625 	 1.025 	 116.565
FD10683	51.750 	 1.652 	 123.690
FD10683	51.875 	 1.461 	 108.435
FD10683	52.000 	 1.296 	 135.000
FD10683	52.125 	 1.449 	 108.435
FD10683	52.250 	 1.296 	 135.000
FD10683	52.375 	 1.449 	 108.435
FD10683	52.500 	 1.296 	 135.000
FD10683	52.625 	 1.449 	 108.435
FD10683	52.750 	 1.449 	 108.435
FD10683	52.875 	 1.296 	 135.000
FD10683	53.000 	 1.449 	 108.435
FD10683	53.125 	 1.296 	 135.000
FD10683	53.250 	 1.449 	 108.435
FD10683	53.375 	 1.296 	 135.000
FD10683	53.500 	 1.449 	 108.435
FD10683	53.625 	 1.296 	 134.999
FD10683	53.750 	 1.449 	 108.435
FD10683	53.875 	 1.449 	 108.435
FD10683	54.000 	 1.296 	 135.000
FD10683	54.125 	 1.449 	 108.435
FD10683	54.250 	 1.296 	 135.000
FD10683	54.375 	 1.449 	 108.435
FD10683	54.500 	 1.296 	 135.000
FD10683	54.625 	 1.449 	 108.435
FD10683	54.750 	 1.652 	 123.690
FD10683	54.875 	 1.025 	 116.565
FD10683	55.000 	 1.665 	 123.690
FD10683	55.125 	 1.025 	 116.565
FD10683	55.250 	 1.449 	 108.435
FD10683	55.375 	 1.296 	 135.000
FD10683	55.500 	 1.449 	 108.435
FD10683	55.625 	 1.296 	 134.999
FD10683	55.750 	 1.449 	 108.435
FD10683	55.875 	 1.652 	 123.690
FD10683	56.000 	 1.025 	 116.564
FD10683	56.125 	 1.652 	 123.690
FD10683	56.250 	 1.025 	 116.564
FD10683	56.375 	 1.449 	 108.435
FD10683	56.500 	 1.296 	 135.000
FD10683	56.625 	 1.449 	 108.435
FD10683	56.750 	 1.652 	 123.690
FD10683	56.875 	 1.025 	 116.565
FD10683	57.000 	 1.652 	 123.690
FD10683	57.125 	 1.025 	 116.566
FD10683	57.250 	 1.652 	 123.690
FD10683	57.375 	 1.025 	 116.564
FD10683	57.500 	 1.449 	 108.435
FD10683	57.625 	 1.652 	 123.690
FD10683	57.750 	 1.025 	 116.566
FD10683	57.875 	 1.652 	 123.690
FD10683	58.000 	 1.033 	 116.565
FD10683	58.125 	 1.652 	 123.690
FD10683	58.250 	 1.025 	 116.565
FD10683	58.375 	 1.652 	 123.690
FD10683	58.500 	 1.025 	 116.565
FD10683	58.625 	 1.652 	 123.690
FD10683	58.750 	 1.449 	 108.435
FD10683	58.875 	 1.025 	 116.565
FD10683	59.000 	 1.652 	 123.690
FD10683	59.125 	 1.025 	 116.566
FD10683	59.250 	 1.652 	 123.690
FD10683	59.375 	 1.025 	 116.565
FD10683	59.500 	 1.652 	 123.690
FD10683	59.625 	 1.449 	 108.435
FD10683	59.750 	 1.296 	 135.000
FD10683	59.875 	 1.449 	 108.435
FD10683	60.000 	 1.025 	 116.565
FD10683	60.125 	 5.603 	 99.462
FD10683	60.250 	 5.050 	 95.194
FD10683	60.375 	 5.547 	 94.764
FD10683	60.500 	 5.090 	 95.194
FD10683	60.625 	 5.502 	 94.764
FD10683	60.750 	 5.090 	 95.194
FD10683	60.875 	 5.547 	 94.764
FD10683	61.000 	 5.050 	 95.195
FD10683	61.125 	 5.547 	 94.764
FD10683	61.250 	 5.111 	 100.305
FD10683	61.375 	 5.547 	 94.764
FD10683	61.500 	 5.090 	 95.194
FD10683	61.625 	 5.502 	 94.764
FD10683	61.750 	 5.090 	 95.194
FD10683	61.875 	 5.547 	 94.764
FD10683	62.000 	 5.050 	 95.195
FD10683	62.125 	 5.547 	 94.764
FD10683	62.250 	 5.050 	 95.195
FD10683	62.375 	 5.603 	 99.462
FD10683	62.500 	 5.090 	 95.194
FD10683	62.625 	 5.502 	 94.764
FD10683	62.750 	 5.090 	 95.195
FD10683	62.875 	 5.547 	 94.764
FD10683	63.000 	 5.050 	 95.195
FD10683	63.125 	 5.547 	 94.764
FD10683	63.250 	 5.050 	 95.195
FD10683	63.375 	 5.547 	 94.764
FD10683	63.500 	 5.152 	 100.305
FD10683	63.625 	 5.503 	 94.764
FD10683	63.750 	 5.090 	 95.195
FD10683	63.875 	 5.547 	 94.764
FD10683	64.000 	 5.050 	 95.195
FD10683	64.125 	 5.547 	 94.764
FD10683	64.250 	 5.090 	 95.194
FD10683	64.375 	 5.503 	 94.764
FD10683	64.500 	 5.090 	 95.194
FD10683	64.625 	 5.559 	 99.462
FD10683	64.750 	 5.090 	 95.195
FD10683	64.875 	 5.547 	 94.764
FD10683	65.000 	 5.050 	 95.194
FD10683	65.125 	 5.547 	 94.764
FD10683	65.250 	 5.090 	 95.194
FD10683	65.375 	 5.503 	 94.764
FD10683	65.500 	 5.090 	 95.194
FD10683	65.625 	 5.503 	 94.764
FD10683	65.750 	 5.152 	 100.305
FD10683	65.875 	 5.547 	 94.764
FD10683	66.000 	 5.050 	 95.194
FD10683	66.125 	 5.547 	 94.764
FD10683	66.250 	 5.090 	 95.194
FD10683	66.375 	 5.503 	 94.764
FD10683	66.500 	 5.090 	 95.194
FD10683	66.625 	 5.502 	 94.764
FD10683	66.750 	 5.090 	 95.194
FD10683	66.875 	 5.603 	 99.462
FD10683	67.000 	 5.050 	 95.194
FD10683	67.125 	 5.547 	 94.764
FD10683	67.250 	 5.090 	 95.194
FD10683	67.375 	 5.502 	 94.764
FD10683	67.500 	 5.090 	 95.194
FD10683	67.625 	 5.547 	 94.764
FD10683	67.750 	 5.050 	 95.194
FD10683	67.875 	 5.547 	 94.764
FD10683	68.000 	 5.111 	 100.305
FD10683	68.125 	 5.547 	 94.764
FD10683	68.250 	 5.090 	 95.194
FD10683	68.375 	 5.502 	 94.764
FD10683	68.500 	 5.090 	 95.194
FD10683	68.625 	 5.547 	 94.764
FD10683	68.750 	 5.050 	 95.194
FD10683	68.875 	 5.547 	 94.764
FD10683	69.000 	 5.050 	 95.194
FD10683	69.125 	 5.603 	 99.463
FD10683	69.250 	 5.090 	 95.194
FD10683	69.375 	 5.502 	 94.764
FD10683	69.500 	 5.090 	 95.194
FD10683	69.625 	 5.547 	 94.764
FD10683	69.750 	 5.050 	 95.194
FD10683	69.875 	 5.547 	 94.764
FD10683	70.000 	 5.050 	 95.194
FD10683	70.125 	 5.547 	 94.764
FD10683	70.250 	 5.152 	 100.305
FD10683	70.375 	 5.502 	 94.764
FD10683	70.500 	 5.091 	 95.194
FD10683	70.625 	 5.547 	 94.764
FD10683	70.750 	 5.050 	 95.194
FD10683	70.875 	 5.547 	 94.764
FD10683	71.000 	 5.050 	 95.194
FD10683	71.125 	 5.547 	 94.764
FD10683	71.250 	 5.090 	 95.195
FD10683	71.375 	 5.559 	 99.462
FD10683	71.500 	 5.090 	 95.194
FD10683	71.625 	 5.547 	 94.764
FD10683	71.750 	 5.050 	 95.195
FD10683	71.875 	 5.547 	 94.764
FD10683	72.000 	 5.050 	 95.194
FD10683	72.125 	 5.547 	 94.764
FD10683	72.250 	 5.090 	 95.195
FD10683	72.375 	 5.502 	 94.764
FD10683	72.500 	 5.152 	 100.305
FD10683	72.625 	 5.547 	 94.764
FD10683	72.750 	 5.050 	 95.195
FD10683	72.875 	 5.547 	 94.764
FD10683	73.000 	 5.090 	 95.194
FD10683	73.125 	 5.502 	 94.764
FD10683	73.250 	 5.091 	 95.195
FD10683	73.375 	 5.502 	 94.764
FD10683	73.500 	 5.090 	 95.194
FD10683	73.625 	 5.603 	 99.462
FD10683	73.750 	 5.050 	 95.195
FD10683	73.875 	 5.547 	 94.764
FD10683	74.000 	 5.090 	 95.194
FD10683	74.125 	 5.503 	 94.764
FD10683	74.250 	 5.090 	 95.194
FD10683	74.375 	 5.502 	 94.764
FD10683	74.500 	 5.090 	 95.194
FD10683	74.625 	 5.546 	 94.764
FD10683	74.750 	 5.111 	 100.305
FD10683	74.875 	 5.546 	 94.764
FD10683	75.000 	 5.090 	 95.194
FD10683	75.125 	 5.502 	 94.764
FD10683	75.250 	 5.090 	 95.194
FD10683	75.375 	 5.502 	 94.764
FD10683	75.500 	 5.090 	 95.194
FD10683	75.625 	 5.546 	 94.764
FD10683	75.750 	 5.050 	 95.194
FD10683	75.875 	 5.603 	 99.463
FD10683	76.000 	 5.091 	 95.194
FD10683	76.125 	 5.502 	 94.764
FD10683	76.250 	 5.090 	 95.194
FD10683	76.375 	 5.502 	 94.764
FD10683	76.500 	 5.090 	 95.194
FD10683	76.625 	 5.546 	 94.764
FD10683	76.750 	 5.050 	 95.194
FD10683	76.875 	 5.546 	 94.764
FD10683	77.000 	 5.152 	 100.305
FD10683	77.125 	 5.502 	 94.764
FD10683	77.250 	 5.090 	 95.194
FD10683	77.375 	 5.546 	 94.764
FD10683	77.500 	 5.050 	 95.195
FD10683	77.625 	 5.546 	 94.764
FD10683	77.750 	 5.050 	 95.194
FD10683	77.875 	 5.546 	 94.764
FD10683	78.000 	 5.090 	 95.195
FD10683	78.125 	 5.559 	 99.462
FD10683	78.250 	 5.090 	 95.194
FD10683	78.375 	 5.546 	 94.764
FD10683	78.500 	 5.050 	 95.195
FD10683	78.625 	 5.546 	 94.764
FD10683	78.750 	 5.050 	 95.194
FD10683	78.875 	 5.547 	 94.764
FD10683	79.000 	 5.090 	 95.195
FD10683	79.125 	 5.502 	 94.764
FD10683	79.250 	 5.152 	 100.305
FD10683	79.375 	 5.546 	 94.764
FD10683	79.500 	 5.050 	 95.195
FD10683	79.625 	 5.546 	 94.764
FD10683	79.750 	 5.050 	 95.194
FD10683	79.875 	 5.546 	 94.764
FD10683	80.000 	 5.090 	 95.194
FD10683	80.125 	 5.502 	 94.764
FD10683	80.250 	 5.090 	 95.194
FD10683	80.375 	 5.603 	 99.462
FD10683	80.500 	 5.050 	 95.195
FD10683	80.625 	 5.546 	 94.764
FD10683	80.750 	 5.050 	 95.194
FD10683	80.875 	 5.546 	 94.764
FD10683	81.000 	 5.090 	 95.194
FD10683	81.125 	 5.502 	 94.764
FD10683	81.250 	 5.090 	 95.194
FD10683	81.375 	 5.546 	 94.764
FD10683	81.500 	 5.111 	 100.305
FD10683	81.625 	 5.547 	 94.764
FD10683	81.750 	 5.090 	 95.194
FD10683	81.875 	 5.502 	 94.764
FD10683	82.000 	 5.090 	 95.194
FD10683	82.125 	 5.502 	 94.764
FD10683	82.250 	 5.090 	 95.194
FD10683	82.375 	 5.546 	 94.764
FD10683	82.500 	 5.050 	 95.194
FD10683	82.625 	 5.603 	 99.463
FD10683	82.750 	 5.090 	 95.194
FD10683	82.875 	 5.502 	 94.764
FD10683	83.000 	 5.090 	 95.194
FD10683	83.125 	 5.502 	 94.764
FD10683	83.250 	 5.090 	 95.194
FD10683	83.375 	 5.546 	 94.764
FD10683	83.500 	 5.050 	 95.194
FD10683	83.625 	 5.546 	 94.764
FD10683	83.750 	 5.152 	 100.305
FD10683	83.875 	 5.502 	 94.764
FD10683	84.000 	 5.090 	 95.194
FD10683	84.125 	 5.502 	 94.764
FD10683	84.250 	 5.091 	 95.195
FD10683	84.375 	 5.546 	 94.764
FD10683	84.500 	 5.050 	 95.194
FD10683	84.625 	 5.546 	 94.764
FD10683	84.750 	 5.090 	 95.195
FD10683	84.875 	 5.559 	 99.462
FD10683	85.000 	 5.090 	 95.194
FD10683	85.125 	 5.502 	 94.764
FD10683	85.250 	 5.090 	 95.195
FD10683	85.375 	 5.547 	 94.764
FD10683	85.500 	 5.050 	 95.194
FD10683	85.625 	 5.547 	 94.764
FD10683	85.750 	 5.090 	 95.194
FD10683	85.875 	 5.503 	 94.764
FD10683	86.000 	 5.152 	 100.305
FD10683	86.125 	 5.547 	 94.764
FD10683	86.250 	 5.050 	 95.195
FD10683	86.375 	 5.547 	 94.764
FD10683	86.500 	 5.050 	 95.194
FD10683	86.625 	 5.547 	 94.764
FD10683	86.750 	 5.090 	 95.194
FD10683	86.875 	 5.503 	 94.764
FD10683	87.000 	 5.090 	 95.194
FD10683	87.125 	 5.603 	 99.462
FD10683	87.250 	 5.050 	 95.195
FD10683	87.375 	 5.547 	 94.764
FD10683	87.500 	 5.050 	 95.194
FD10683	87.625 	 5.547 	 94.764
FD10683	87.750 	 5.090 	 95.194
FD10683	87.875 	 5.503 	 94.764
FD10683	88.000 	 5.090 	 95.194
FD10683	88.125 	 5.547 	 94.764
FD10683	88.250 	 5.111 	 100.305
FD10683	88.375 	 5.547 	 94.764
FD10683	88.500 	 5.050 	 95.194
FD10683	88.625 	 5.547 	 94.764
FD10683	88.750 	 5.090 	 95.194
FD10683	88.875 	 5.503 	 94.764
FD10683	89.000 	 5.090 	 95.194
FD10683	89.125 	 5.547 	 94.764
FD10683	89.250 	 5.050 	 95.194
FD10683	89.375 	 5.603 	 99.462
FD10683	89.500 	 5.050 	 95.194
FD10683	89.625 	 5.547 	 94.764
FD10683	89.750 	 5.090 	 95.194
FD10683	89.875 	 5.503 	 94.764
FD10683	90.000 	 5.090 	 95.195
FD10683	90.125 	 11.865 	 69.444
FD10683	90.250 	 11.771 	 69.444
FD10683	90.375 	 12.030 	 67.380
FD10683	90.500 	 11.865 	 69.444
FD10683	90.625 	 11.445 	 68.629
FD10683	90.750 	 11.935 	 67.380
FD10683	90.875 	 11.865 	 69.444
FD10683	91.000 	 11.865 	 69.444
FD10683	91.125 	 11.771 	 69.444
FD10683	91.250 	 12.031 	 67.380
FD10683	91.375 	 11.444 	 68.629
FD10683	91.500 	 11.865 	 69.444
FD10683	91.625 	 11.771 	 69.444
FD10683	91.750 	 12.030 	 67.380
FD10683	91.875 	 11.866 	 69.444
FD10683	92.000 	 11.771 	 69.444
FD10683	92.125 	 11.616 	 66.501
FD10683	92.250 	 11.865 	 69.444
FD10683	92.375 	 11.865 	 69.444
FD10683	92.500 	 11.771 	 69.444
FD10683	92.625 	 12.031 	 67.380
FD10683	92.750 	 11.865 	 69.444
FD10683	92.875 	 11.865 	 69.444
FD10683	93.000 	 11.525 	 66.502
FD10683	93.125 	 11.865 	 69.444
FD10683	93.250 	 11.866 	 69.444
FD10683	93.375 	 11.771 	 69.444
FD10683	93.500 	 12.030 	 67.380
FD10683	93.625 	 11.865 	 69.444
FD10683	93.750 	 11.444 	 68.629
FD10683	93.875 	 11.936 	 67.380
FD10683	94.000 	 11.865 	 69.444
FD10683	94.125 	 11.865 	 69.444
FD10683	94.250 	 11.771 	 69.444
FD10683	94.375 	 12.031 	 67.380
FD10683	94.500 	 11.866 	 69.444
FD10683	94.625 	 11.444 	 68.630
FD10683	94.750 	 11.771 	 69.444
FD10683	94.875 	 12.031 	 67.380
FD10683	95.000 	 11.865 	 69.444
FD10683	95.125 	 11.772 	 69.444
FD10683	95.250 	 12.031 	 67.380
FD10683	95.375 	 11.444 	 68.629
FD10683	95.500 	 11.865 	 69.444
FD10683	95.625 	 11.771 	 69.444
FD10683	95.750 	 12.031 	 67.380
FD10683	95.875 	 11.865 	 69.444
FD10683	96.000 	 11.771 	 69.444
FD10683	96.125 	 11.616 	 66.501
FD10683	96.250 	 11.865 	 69.444
FD10683	96.375 	 11.866 	 69.444
FD10683	96.500 	 11.771 	 69.444
FD10683	96.625 	 12.031 	 67.380
FD10683	96.750 	 11.865 	 69.444
FD10683	96.875 	 11.771 	 69.444
FD10683	97.000 	 11.445 	 68.630
FD10683	97.125 	 12.030 	 67.380
FD10683	97.250 	 11.865 	 69.444
FD10683	97.375 	 11.771 	 69.444
FD10683	97.500 	 12.030 	 67.380
FD10683	97.625 	 11.866 	 69.444
FD10683	97.750 	 11.354 	 68.629
FD10683	97.875 	 11.865 	 69.444
FD10683	98.000 	 12.031 	 67.380
FD10683	98.125 	 11.865 	 69.444
FD10683	98.250 	 11.771 	 69.444
FD10683	98.375 	 12.031 	 67.380
FD10683	98.500 	 11.865 	 69.444
FD10683	98.625 	 11.444 	 68.630
FD10683	98.750 	 11.771 	 69.444
FD10683	98.875 	 12.031 	 67.380
FD10683	99.000 	 11.866 	 69.444
FD10683	99.125 	 11.771 	 69.444
FD10683	99.250 	 12.031 	 67.380
FD10683	99.375 	 11.444 	 68.629
FD10683	99.500 	 11.865 	 69.444
FD10683	99.625 	 11.772 	 69.444
FD10683	99.750 	 12.030 	 67.380
FD10683	99.875 	 11.865 	 69.444
FD10683	100.000 	 11.771 	 69.444
FD10683	100.125 	 11.444 	 68.629
FD10683	100.250 	 12.031 	 67.380
FD10683	100.375 	 11.865 	 69.444
FD10683	100.500 	 11.771 	 69.444
FD10683	100.625 	 12.031 	 67.380
FD10683	100.750 	 11.865 	 69.444
FD10683	100.875 	 11.772 	 69.444
FD10683	101.000 	 11.444 	 68.630
FD10683	101.125 	 12.030 	 67.380
FD10683	101.250 	 11.865 	 69.444
FD10683	101.375 	 11.771 	 69.444
FD10683	101.500 	 12.031 	 67.380
FD10683	101.625 	 11.865 	 69.444
FD10683	101.750 	 11.354 	 68.629
FD10683	101.875 	 11.865 	 69.444
FD10683	102.000 	 12.031 	 67.380
FD10683	102.125 	 11.866 	 69.444
FD10683	102.250 	 11.771 	 69.444
FD10683	102.375 	 12.031 	 67.380
FD10683	102.500 	 11.865 	 69.444
FD10683	102.625 	 11.354 	 68.630
FD10683	102.750 	 11.866 	 69.444
FD10683	102.875 	 12.031 	 67.380
FD10683	103.000 	 11.865 	 69.444
FD10683	103.125 	 11.771 	 69.444
FD10683	103.250 	 11.865 	 69.444
FD10683	103.375 	 11.617 	 66.501
FD10683	103.500 	 11.771 	 69.444
FD10683	103.625 	 11.865 	 69.444
FD10683	103.750 	 12.030 	 67.380
FD10683	103.875 	 11.865 	 69.444
FD10683	104.000 	 11.771 	 69.444
FD10683	104.125 	 11.445 	 68.629
FD10683	104.250 	 12.031 	 67.380
FD10683	104.375 	 11.865 	 69.444
FD10683	104.500 	 11.771 	 69.444
FD10683	104.625 	 12.031 	 67.380
FD10683	104.750 	 11.866 	 69.444
FD10683	104.875 	 11.771 	 69.444
FD10683	105.000 	 11.444 	 68.630
FD10683	105.125 	 12.030 	 67.380
FD10683	105.250 	 11.865 	 69.444
FD10683	105.375 	 11.772 	 69.444
FD10683	105.500 	 12.031 	 67.380
FD10683	105.625 	 11.865 	 69.444
FD10683	105.750 	 11.354 	 68.629
FD10683	105.875 	 11.865 	 69.444
FD10683	106.000 	 12.031 	 67.380
FD10683	106.125 	 11.865 	 69.444
FD10683	106.250 	 11.771 	 69.444
FD10683	106.375 	 11.865 	 69.444
FD10683	106.500 	 12.030 	 67.380
FD10683	106.625 	 11.355 	 68.630
FD10683	106.750 	 11.865 	 69.444
FD10683	106.875 	 12.031 	 67.380
FD10683	107.000 	 11.865 	 69.444
FD10683	107.125 	 11.771 	 69.444
FD10683	107.250 	 11.866 	 69.444
FD10683	107.375 	 11.616 	 66.501
FD10683	107.500 	 11.771 	 69.444
FD10683	107.625 	 11.865 	 69.444
FD10683	107.750 	 12.030 	 67.380
FD10683	107.875 	 11.866 	 69.444
FD10683	108.000 	 11.771 	 69.444
FD10683	108.125 	 11.444 	 68.629
FD10683	108.250 	 12.031 	 67.380
FD10683	108.375 	 11.771 	 69.444
FD10683	108.500 	 11.866 	 69.444
FD10683	108.625 	 11.865 	 69.444
FD10683	108.750 	 12.030 	 67.380
FD10683	108.875 	 11.771 	 69.444
FD10683	109.000 	 11.444 	 68.630
FD10683	109.125 	 12.031 	 67.380
FD10683	109.250 	 11.771 	 69.444
FD10683	109.375 	 11.865 	 69.444
FD10683	109.500 	 11.865 	 69.444
FD10683	109.625 	 12.031 	 67.380
FD10683	109.750 	 11.354 	 68.629
FD10683	109.875 	 11.866 	 69.444
FD10683	110.000 	 12.031 	 67.380
FD10683	110.125 	 11.865 	 69.444
FD10683	110.250 	 11.771 	 69.444
FD10683	110.375 	 11.865 	 69.444
FD10683	110.500 	 12.031 	 67.380
FD10683	110.625 	 11.354 	 68.630
FD10683	110.750 	 11.865 	 69.444
FD10683	110.875 	 12.031 	 67.380
FD10683	111.000 	 11.865 	 69.444
FD10683	111.125 	 11.772 	 69.444
FD10683	111.250 	 11.865 	 69.444
FD10683	111.375 	 11.616 	 66.501
FD10683	111.500 	 11.771 	 69.444
FD10683	111.625 	 11.865 	 69.444
FD10683	111.750 	 11.866 	 69.444
FD10683	111.875 	 12.031 	 67.380
FD10683	112.000 	 11.771 	 69.444
FD10683	112.125 	 11.444 	 68.629
FD10683	112.250 	 12.031 	 67.380
FD10683	112.375 	 11.772 	 69.444
FD10683	112.500 	 11.865 	 69.444
FD10683	112.625 	 11.865 	 69.444
FD10683	112.750 	 12.030 	 67.380
FD10683	112.875 	 11.771 	 69.444
FD10683	113.000 	 11.445 	 68.629
FD10683	113.125 	 12.031 	 67.380
FD10683	113.250 	 11.771 	 69.444
FD10683	113.375 	 11.865 	 69.444
FD10683	113.500 	 11.865 	 69.444
FD10683	113.625 	 12.031 	 67.380
FD10683	113.750 	 11.354 	 68.630
FD10683	113.875 	 11.865 	 69.443
FD10683	114.000 	 12.031 	 67.380
FD10683	114.125 	 11.771 	 69.444
FD10683	114.250 	 11.866 	 69.444
FD10683	114.375 	 11.865 	 69.444
FD10683	114.500 	 12.031 	 67.380
FD10683	114.625 	 11.354 	 68.629
FD10683	114.750 	 11.865 	 69.444
FD10683	114.875 	 11.865 	 69.443
FD10683	115.000 	 11.936 	 67.380
FD10683	115.125 	 11.865 	 69.444
FD10683	115.250 	 11.865 	 69.444
FD10683	115.375 	 11.616 	 66.501
FD10683	115.500 	 11.771 	 69.444
FD10683	115.625 	 11.866 	 69.444
FD10683	115.750 	 11.865 	 69.444
FD10683	115.875 	 11.935 	 67.379
FD10683	116.000 	 11.865 	 69.444
FD10683	116.125 	 11.445 	 68.630
FD10683	116.250 	 12.031 	 67.379
FD10683	116.375 	 11.771 	 69.444
FD10683	116.500 	 11.865 	 69.444
FD10683	116.625 	 11.865 	 69.444
FD10683	116.750 	 12.031 	 67.380
FD10683	116.875 	 11.772 	 69.443
FD10683	117.000 	 11.445 	 68.630
FD10683	117.125 	 11.865 	 69.444
FD10683	117.250 	 11.935 	 67.379
FD10683	117.375 	 11.865 	 69.444
FD10683	117.500 	 11.866 	 69.444
FD10683	117.625 	 12.031 	 67.380
FD10683	117.750 	 11.354 	 68.629
FD10683	117.875 	 11.865 	 69.444
FD10683	118.000 	 11.865 	 69.444
FD10683	118.125 	 11.936 	 67.380
FD10683	118.250 	 11.865 	 69.443
FD10683	118.375 	 11.865 	 69.444
FD10683	118.500 	 12.031 	 67.380
FD10683	118.625 	 11.354 	 68.629
FD10683	118.750 	 11.866 	 69.444
FD10683	118.875 	 11.865 	 69.444
FD10683	119.000 	 11.936 	 67.380
FD10683	119.125 	 11.865 	 69.444
FD10683	119.250 	 11.865 	 69.443
FD10683	119.375 	 11.617 	 66.502
FD10683	119.500 	 11.771 	 69.443
FD10683	119.625 	 11.865 	 69.444
FD10683	119.750 	 11.865 	 69.444
FD10683	119.875 	 11.936 	 67.380
FD10683	120.000 	 11.866 	 69.444
FD10683	120.125 	 16.601 	 63.435
FD10683	120.250 	 16.540 	 64.885
FD10683	120.375 	 16.995 	 64.134
FD10683	120.500 	 16.601 	 63.435
FD10683	120.625 	 16.540 	 64.886
FD10683	120.750 	 16.995 	 64.134
FD10683	120.875 	 16.601 	 63.435
FD10683	121.000 	 16.541 	 64.885
FD10683	121.125 	 16.994 	 64.134
FD10683	121.250 	 16.601 	 63.435
FD10683	121.375 	 16.411 	 64.885
FD10683	121.500 	 17.128 	 64.134
FD10683	121.625 	 16.602 	 63.435
FD10683	121.750 	 16.410 	 64.885
FD10683	121.875 	 17.128 	 64.134
FD10683	122.000 	 16.602 	 63.435
FD10683	122.125 	 16.410 	 64.885
FD10683	122.250 	 16.994 	 64.134
FD10683	122.375 	 16.734 	 63.435
FD10683	122.500 	 16.410 	 64.886
FD10683	122.625 	 16.995 	 64.134
FD10683	122.750 	 16.733 	 63.435
FD10683	122.875 	 16.410 	 64.885
FD10683	123.000 	 16.995 	 64.134
FD10683	123.125 	 16.601 	 63.435
FD10683	123.250 	 16.540 	 64.886
FD10683	123.375 	 16.995 	 64.134
FD10683	123.500 	 16.410 	 64.885
FD10683	123.625 	 16.734 	 63.435
FD10683	123.750 	 16.601 	 63.435
FD10683	123.875 	 16.808 	 65.556
FD10683	124.000 	 16.734 	 63.435
FD10683	124.125 	 16.601 	 63.435
FD10683	124.250 	 16.808 	 65.556
FD10683	124.375 	 16.602 	 63.435
FD10683	124.500 	 16.733 	 63.435
FD10683	124.625 	 16.809 	 65.556
FD10683	124.750 	 16.601 	 63.435
FD10683	124.875 	 16.733 	 63.435
FD10683	125.000 	 16.809 	 65.556
FD10683	125.125 	 16.601 	 63.435
FD10683	125.250 	 16.602 	 63.435
FD10683	125.375 	 16.941 	 65.556
FD10683	125.500 	 16.601 	 63.435
FD10683	125.625 	 16.602 	 63.435
FD10683	125.750 	 16.941 	 65.556
FD10683	125.875 	 16.601 	 63.435
FD10683	126.000 	 16.602 	 63.435
FD10683	126.125 	 16.808 	 65.556
FD10683	126.250 	 16.734 	 63.436
FD10683	126.375 	 16.601 	 63.435
FD10683	126.500 	 16.808 	 65.556
FD10683	126.625 	 16.734 	 63.435
FD10683	126.750 	 16.601 	 63.435
FD10683	126.875 	 16.808 	 65.556
FD10683	127.000 	 16.734 	 63.435
FD10683	127.125 	 16.601 	 63.435
FD10683	127.250 	 16.809 	 65.556
FD10683	127.375 	 16.601 	 63.435
FD10683	127.500 	 16.733 	 63.435
FD10683	127.625 	 16.809 	 65.556
FD10683	127.750 	 16.601 	 63.435
FD10683	127.875 	 16.734 	 63.436
FD10683	128.000 	 16.808 	 65.556
FD10683	128.125 	 16.601 	 63.435
FD10683	128.250 	 16.602 	 63.435
FD10683	128.375 	 16.941 	 65.556
FD10683	128.500 	 16.601 	 63.435
FD10683	128.625 	 16.602 	 63.435
FD10683	128.750 	 16.941 	 65.556
FD10683	128.875 	 16.602 	 63.436
FD10683	129.000 	 16.601 	 63.435
FD10683	129.125 	 16.808 	 65.556
FD10683	129.250 	 16.734 	 63.435
FD10683	129.375 	 16.602 	 63.435
FD10683	129.500 	 16.807 	 65.556
FD10683	129.625 	 16.733 	 63.435
FD10683	129.750 	 16.602 	 63.435
FD10683	129.875 	 16.809 	 65.556
FD10683	130.000 	 16.733 	 63.435
FD10683	130.125 	 16.602 	 63.435
FD10683	130.250 	 16.807 	 65.556
FD10683	130.375 	 16.602 	 63.435
FD10683	130.500 	 16.733 	 63.436
FD10683	130.625 	 16.809 	 65.556
FD10683	130.750 	 16.602 	 63.435
FD10683	130.875 	 16.733 	 63.435
FD10683	131.000 	 16.809 	 65.557
FD10683	131.125 	 16.600 	 63.435
FD10683	131.250 	 16.602 	 63.435
FD10683	131.375 	 16.941 	 65.556
FD10683	131.500 	 16.602 	 63.436
FD10683	131.625 	 16.600 	 63.435
FD10683	131.750 	 16.943 	 65.556
FD10683	131.875 	 16.600 	 63.435
FD10683	132.000 	 16.602 	 63.435
FD10683	132.125 	 16.809 	 65.556
FD10683	132.250 	 16.733 	 63.435
FD10683	132.375 	 16.602 	 63.435
FD10683	132.500 	 16.807 	 65.556
FD10683	132.625 	 16.735 	 63.435
FD10683	132.750 	 16.600 	 63.435
FD10683	132.875 	 16.809 	 65.556
FD10683	133.000 	 16.733 	 63.435
FD10683	133.125 	 16.602 	 63.436
FD10683	133.250 	 16.409 	 64.885
FD10683	133.375 	 16.995 	 64.134
FD10683	133.500 	 16.733 	 63.435
FD10683	133.625 	 16.411 	 64.885
FD10683	133.750 	 16.995 	 64.134
FD10683	133.875 	 16.733 	 63.435
FD10683	134.000 	 16.411 	 64.885
FD10683	134.125 	 16.993 	 64.134
FD10683	134.250 	 16.602 	 63.435
FD10683	134.375 	 16.540 	 64.885
FD10683	134.500 	 16.995 	 64.134
FD10683	134.625 	 16.602 	 63.435
FD10683	134.750 	 16.540 	 64.886
FD10683	134.875 	 16.993 	 64.134
FD10683	135.000 	 16.602 	 63.435
FD10683	135.125 	 16.540 	 64.886
FD10683	135.250 	 16.995 	 64.134
FD10683	135.375 	 16.602 	 63.435
FD10683	135.500 	 16.409 	 64.885
FD10683	135.625 	 17.130 	 64.134
FD10683	135.750 	 16.409 	 64.886
FD10683	135.875 	 16.602 	 63.435
FD10683	136.000 	 17.128 	 64.134
FD10683	136.125 	 16.411 	 64.886
FD10683	136.250 	 16.602 	 63.435
FD10683	136.375 	 16.993 	 64.134
FD10683	136.500 	 16.540 	 64.885
FD10683	136.625 	 16.602 	 63.435
FD10683	136.750 	 16.995 	 64.134
FD10683	136.875 	 16.540 	 64.885
FD10683	137.000 	 16.602 	 63.435
FD10683	137.125 	 16.993 	 64.134
FD10683	137.250 	 16.411 	 64.885
FD10683	137.375 	 16.733 	 63.435
FD10683	137.500 	 16.995 	 64.134
FD10683	137.625 	 16.411 	 64.885
FD10683	137.750 	 16.733 	 63.436
FD10683	137.875 	 16.995 	 64.134
FD10683	138.000 	 16.409 	 64.885
FD10683	138.125 	 16.733 	 63.435
FD10683	138.250 	 16.995 	 64.134
FD10683	138.375 	 16.411 	 64.885
FD10683	138.500 	 16.600 	 63.435
FD10683	138.625 	 17.130 	 64.134
FD10683	138.750 	 16.409 	 64.886
FD10683	138.875 	 16.602 	 63.435
FD10683	139.000 	 17.128 	 64.134
FD10683	139.125 	 16.411 	 64.885
FD10683	139.250 	 16.602 	 63.435
FD10683	139.375 	 16.993 	 64.134
FD10683	139.500 	 16.542 	 64.885
FD10683	139.625 	 16.600 	 63.435
FD10683	139.750 	 16.995 	 64.134
FD10683	139.875 	 16.540 	 64.884
FD10683	140.000 	 16.602 	 63.436
FD10683	140.125 	 16.993 	 64.133
FD10683	140.250 	 16.411 	 64.885
FD10683	140.375 	 16.733 	 63.436
FD10683	140.500 	 16.995 	 64.133
FD10683	140.625 	 16.411 	 64.885
FD10683	140.750 	 16.733 	 63.436
FD10683	140.875 	 16.995 	 64.133
FD10683	141.000 	 16.409 	 64.885
FD10683	141.125 	 16.733 	 63.434
FD10683	141.250 	 16.995 	 64.134
FD10683	141.375 	 16.411 	 64.886
FD10683	141.500 	 16.602 	 63.434
FD10683	141.625 	 17.128 	 64.134
FD10683	141.750 	 16.409 	 64.886
FD10683	141.875 	 16.602 	 63.434
FD10683	142.000 	 17.128 	 64.134
FD10683	142.125 	 16.411 	 64.885
FD10683	142.250 	 16.602 	 63.435
FD10683	142.375 	 16.600 	 63.436
FD10683	142.500 	 16.943 	 65.556
FD10683	142.625 	 16.600 	 63.435
FD10683	142.750 	 16.602 	 63.434
FD10683	142.875 	 16.941 	 65.556
FD10683	143.000 	 16.602 	 63.436
FD10683	143.125 	 16.602 	 63.434
FD10683	143.250 	 16.807 	 65.556
FD10683	143.375 	 16.733 	 63.436
FD10683	143.500 	 16.602 	 63.434
FD10683	143.625 	 16.809 	 65.556
FD10683	143.750 	 16.733 	 63.435
FD10683	143.875 	 16.602 	 63.435
FD10683	144.000 	 16.807 	 65.556
FD10683	144.125 	 16.735 	 63.434
FD10683	144.250 	 16.600 	 63.436
FD10683	144.375 	 16.809 	 65.556
FD10683	144.500 	 16.602 	 63.434
FD10683	144.625 	 16.733 	 63.436
FD10683	144.750 	 16.807 	 65.556
FD10683	144.875 	 16.602 	 63.435
FD10683	145.000 	 16.733 	 63.436
FD10683	145.125 	 16.809 	 65.556
FD10683	145.250 	 16.602 	 63.435
FD10683	145.375 	 16.600 	 63.434
FD10683	145.500 	 16.943 	 65.557
FD10683	145.625 	 16.600 	 63.435
FD10683	145.750 	 16.602 	 63.434
FD10683	145.875 	 16.941 	 65.556
FD10683	146.000 	 16.602 	 63.436
FD10683	146.125 	 16.602 	 63.434
FD10683	146.250 	 16.807 	 65.557
FD10683	146.375 	 16.733 	 63.434
FD10683	146.500 	 16.602 	 63.435
FD10683	146.625 	 16.809 	 65.557
FD10683	146.750 	 16.733 	 63.434
FD10683	146.875 	 16.602 	 63.435
FD10683	147.000 	 16.807 	 65.556
FD10683	147.125 	 16.736 	 63.436
FD10683	147.250 	 16.600 	 63.435
FD10683	147.375 	 16.809 	 65.555
FD10683	147.500 	 16.603 	 63.436
FD10683	147.625 	 16.540 	 64.885
FD10683	147.750 	 16.994 	 64.133
FD10683	147.875 	 16.601 	 63.436
FD10683	148.000 	 16.540 	 64.885
FD10683	148.125 	 16.994 	 64.133
FD10683	148.250 	 16.603 	 63.436
FD10683	148.375 	 16.411 	 64.884
FD10683	148.500 	 17.128 	 64.133
FD10683	148.625 	 16.600 	 63.435
FD10683	148.750 	 16.412 	 64.886
FD10683	148.875 	 17.128 	 64.133
FD10683	149.000 	 16.602 	 63.434
FD10683	149.125 	 16.411 	 64.886
FD10683	149.250 	 16.992 	 64.133
FD10683	149.375 	 16.735 	 63.434
FD10683	149.500 	 16.409 	 64.886
FD10683	149.625 	 16.994 	 64.133
FD10683	149.750 	 16.733 	 63.434
FD10683	149.875 	 16.411 	 64.885
FD10683	150.000 	 16.993 	 64.134
FD10683	150.125 	 20.900 	 61.699
FD10683	150.250 	 21.115 	 62.301
FD10683	150.375 	 21.479 	 61.189
FD10683	150.500 	 21.115 	 62.301
FD10683	150.625 	 21.279 	 62.299
FD10683	150.750 	 21.113 	 62.301
FD10683	150.875 	 20.900 	 61.699
FD10683	151.000 	 21.314 	 61.190
FD10683	151.125 	 21.279 	 62.299
FD10683	151.250 	 21.113 	 62.301
FD10683	151.375 	 21.279 	 62.300
FD10683	151.500 	 21.113 	 62.301
FD10683	151.625 	 21.482 	 61.189
FD10683	151.750 	 20.735 	 61.699
FD10683	151.875 	 21.280 	 62.301
FD10683	152.000 	 21.112 	 62.300
FD10683	152.125 	 21.280 	 62.301
FD10683	152.250 	 21.112 	 62.300
FD10683	152.375 	 21.317 	 61.189
FD10683	152.500 	 21.280 	 62.301
FD10683	152.625 	 20.735 	 61.699
FD10683	152.750 	 21.279 	 62.300
FD10683	152.875 	 21.113 	 62.301
FD10683	153.000 	 21.482 	 61.189
FD10683	153.125 	 21.113 	 62.301
FD10683	153.250 	 21.279 	 62.300
FD10683	153.375 	 20.736 	 61.700
FD10683	153.500 	 21.279 	 62.299
FD10683	153.625 	 21.314 	 61.190
FD10683	153.750 	 21.279 	 62.300
FD10683	153.875 	 21.113 	 62.301
FD10683	154.000 	 21.279 	 62.299
FD10683	154.125 	 21.115 	 62.301
FD10683	154.250 	 20.897 	 61.699
FD10683	154.375 	 21.316 	 61.189
FD10683	154.500 	 21.280 	 62.301
FD10683	154.625 	 21.112 	 62.300
FD10683	154.750 	 21.280 	 62.301
FD10683	154.875 	 21.113 	 62.301
FD10683	155.000 	 21.482 	 61.189
FD10683	155.125 	 20.735 	 61.699
FD10683	155.250 	 21.280 	 62.301
FD10683	155.375 	 21.112 	 62.300
FD10683	155.500 	 21.280 	 62.301
FD10683	155.625 	 21.314 	 61.188
FD10683	155.750 	 21.280 	 62.301
FD10683	155.875 	 20.735 	 61.699
FD10683	156.000 	 21.280 	 62.301
FD10683	156.125 	 21.112 	 62.300
FD10683	156.250 	 21.280 	 62.301
FD10683	156.375 	 21.316 	 61.189
FD10683	156.500 	 21.277 	 62.301
FD10683	156.625 	 21.115 	 62.300
FD10683	156.750 	 20.900 	 61.699
FD10683	156.875 	 21.113 	 62.301
FD10683	157.000 	 21.482 	 61.190
FD10683	157.125 	 21.112 	 62.300
FD10683	157.250 	 21.113 	 62.301
FD10683	157.375 	 21.279 	 62.299
FD10683	157.500 	 20.735 	 61.699
FD10683	157.625 	 21.482 	 61.190
FD10683	157.750 	 21.112 	 62.300
FD10683	157.875 	 21.280 	 62.301
FD10683	158.000 	 21.115 	 62.299
FD10683	158.125 	 21.277 	 62.301
FD10683	158.250 	 21.115 	 62.300
FD10683	158.375 	 21.106 	 60.574
FD10683	158.500 	 21.115 	 62.299
FD10683	158.625 	 21.280 	 62.301
FD10683	158.750 	 21.112 	 62.300
FD10683	158.875 	 21.280 	 62.301
FD10683	159.000 	 21.314 	 61.189
FD10683	159.125 	 21.280 	 62.301
FD10683	159.250 	 20.735 	 61.699
FD10683	159.375 	 21.280 	 62.301
FD10683	159.500 	 21.112 	 62.300
FD10683	159.625 	 21.483 	 61.189
FD10683	159.750 	 21.112 	 62.300
FD10683	159.875 	 21.280 	 62.301
FD10683	160.000 	 20.735 	 61.699
FD10683	160.125 	 21.279 	 62.300
FD10683	160.250 	 21.317 	 61.189
FD10683	160.375 	 21.276 	 62.300
FD10683	160.500 	 21.115 	 62.301
FD10683	160.625 	 21.276 	 62.300
FD10683	160.750 	 21.115 	 62.301
FD10683	160.875 	 20.900 	 61.699
FD10683	161.000 	 21.314 	 61.190
FD10683	161.125 	 21.279 	 62.300
FD10683	161.250 	 21.113 	 62.301
FD10683	161.375 	 21.279 	 62.299
FD10683	161.500 	 21.113 	 62.301
FD10683	161.625 	 21.107 	 60.572
FD10683	161.750 	 21.113 	 62.301
FD10683	161.875 	 21.115 	 62.299
FD10683	162.000 	 21.277 	 62.301
FD10683	162.125 	 21.115 	 62.300
FD10683	162.250 	 21.480 	 61.190
FD10683	162.375 	 21.115 	 62.300
FD10683	162.500 	 20.900 	 61.699
FD10683	162.625 	 21.113 	 62.301
FD10683	162.750 	 21.279 	 62.300
FD10683	162.875 	 21.113 	 62.301
FD10683	163.000 	 21.482 	 61.188
FD10683	163.125 	 21.113 	 62.301
FD10683	163.250 	 21.279 	 62.300
FD10683	163.375 	 20.736 	 61.700
FD10683	163.500 	 21.279 	 62.300
FD10683	163.625 	 21.314 	 61.189
FD10683	163.750 	 21.279 	 62.300
FD10683	163.875 	 21.113 	 62.301
FD10683	164.000 	 21.279 	 62.300
FD10683	164.125 	 20.738 	 61.700
FD10683	164.250 	 21.479 	 61.188
FD10683	164.375 	 21.115 	 62.301
FD10683	164.500 	 21.276 	 62.300
FD10683	164.625 	 21.115 	 62.301
FD10683	164.750 	 21.279 	 62.299
FD10683	164.875 	 21.113 	 62.301
FD10683	165.000 	 21.107 	 60.572
FD10683	165.125 	 21.112 	 62.300
FD10683	165.250 	 21.280 	 62.301
FD10683	165.375 	 21.112 	 62.299
FD10683	165.500 	 21.280 	 62.301
FD10683	165.625 	 21.314 	 61.190
FD10683	165.750 	 20.900 	 61.699
FD10683	165.875 	 21.112 	 62.299
FD10683	166.000 	 21.280 	 62.301
FD10683	166.125 	 21.112 	 62.300
FD10683	166.250 	 21.483 	 61.189
FD10683	166.375 	 21.115 	 62.300
FD10683	166.500 	 21.113 	 62.301
FD10683	166.625 	 20.900 	 61.699
FD10683	166.750 	 21.113 	 62.301
FD10683	166.875 	 21.279 	 62.300
FD10683	167.000 	 21.314 	 61.189
FD10683	167.125 	 21.279 	 62.300
FD10683	167.250 	 21.113 	 62.301
FD10683	167.375 	 21.279 	 62.300
FD10683	167.500 	 20.735 	 61.699
FD10683	167.625 	 21.483 	 61.189
FD10683	167.750 	 21.112 	 62.300
FD10683	167.875 	 21.280 	 62.301
FD10683	168.000 	 21.113 	 62.301
FD10683	168.125 	 21.279 	 62.300
FD10683	168.250 	 20.944 	 60.572
FD10683	168.375 	 21.277 	 62.301
FD10683	168.500 	 21.115 	 62.300
FD10683	168.625 	 21.280 	 62.301
FD10683	168.750 	 21.112 	 62.300
FD10683	168.875 	 21.280 	 62.301
FD10683	169.000 	 21.314 	 61.188
FD10683	169.125 	 20.900 	 61.700
FD10683	169.250 	 21.112 	 62.300
FD10683	169.375 	 21.280 	 62.301
FD10683	169.500 	 21.112 	 62.300
FD10683	169.625 	 21.483 	 61.189
FD10683	169.750 	 21.112 	 62.300
FD10683	169.875 	 20.900 	 61.699
FD10683	170.000 	 21.113 	 62.301
FD10683	170.125 	 21.280 	 62.300
FD10683	170.250 	 21.313 	 61.189
FD10683	170.375 	 21.280 	 62.301
FD10683	170.500 	 21.115 	 62.300
FD10683	170.625 	 21.277 	 62.301
FD10683	170.750 	 20.738 	 61.698
FD10683	170.875 	 21.279 	 62.300
FD10683	171.000 	 21.314 	 61.190
FD10683	171.125 	 21.279 	 62.300
FD10683	171.250 	 21.113 	 62.300
FD10683	171.375 	 21.112 	 62.300
FD10683	171.500 	 21.280 	 62.301
FD10683	171.625 	 20.941 	 60.573
FD10683	171.750 	 21.280 	 62.301
FD10683	171.875 	 21.112 	 62.299
FD10683	172.000 	 21.280 	 62.301
FD10683	172.125 	 21.115 	 62.300
FD10683	172.250 	 21.480 	 61.190
FD10683	172.375 	 20.738 	 61.698
FD10683	172.500 	 21.277 	 62.301
FD10683	172.625 	 21.115 	 62.300
FD10683	172.750 	 21.280 	 62.301
FD10683	172.875 	 21.112 	 62.300
FD10683	173.000 	 21.483 	 61.189
FD10683	173.125 	 21.112 	 62.300
FD10683	173.250 	 20.900 	 61.699
FD10683	173.375 	 21.113 	 62.301
FD10683	173.500 	 21.279 	 62.300
FD10683	173.625 	 21.314 	 61.189
FD10683	173.750 	 21.279 	 62.300
FD10683	173.875 	 21.113 	 62.301
FD10683	174.000 	 20.900 	 61.699
FD10683	174.125 	 21.113 	 62.301
FD10683	174.250 	 21.482 	 61.188
FD10683	174.375 	 21.115 	 62.301
FD10683	174.500 	 21.276 	 62.300
FD10683	174.625 	 21.115 	 62.301
FD10683	174.750 	 21.279 	 62.300
FD10683	174.875 	 20.736 	 61.700
FD10683	175.000 	 21.482 	 61.188
FD10683	175.125 	 21.113 	 62.301
FD10683	175.250 	 21.279 	 62.300
FD10683	175.375 	 21.113 	 62.301
FD10683	175.500 	 21.279 	 62.300
FD10683	175.625 	 21.314 	 61.189
FD10683	175.750 	 20.900 	 61.699
FD10683	175.875 	 21.112 	 62.300
FD10683	176.000 	 21.115 	 62.301
FD10683	176.125 	 21.276 	 62.300
FD10683	176.250 	 21.317 	 61.189
FD10683	176.375 	 21.276 	 62.300
FD10683	176.500 	 20.738 	 61.700
FD10683	176.625 	 21.279 	 62.300
FD10683	176.750 	 21.113 	 62.301
FD10683	176.875 	 21.279 	 62.300
FD10683	177.000 	 21.314 	 61.189
FD10683	177.125 	 21.279 	 62.300
FD10683	177.250 	 21.113 	 62.301
FD10683	177.375 	 20.900 	 61.699
FD10683	177.500 	 21.113 	 62.300
FD10683	177.625 	 21.482 	 61.189
FD10683	177.750 	 21.113 	 62.301
FD10683	177.875 	 21.279 	 62.300
FD10683	178.000 	 21.113 	 62.301
FD10683	178.125 	 21.279 	 62.299
FD10683	178.250 	 20.944 	 60.573
FD10683	178.375 	 21.277 	 62.301
FD10683	178.500 	 21.115 	 62.300
FD10683	178.625 	 21.277 	 62.300
FD10683	178.750 	 21.115 	 62.301
FD10683	178.875 	 21.482 	 61.189
FD10683	179.000 	 20.735 	 61.699
FD10683	179.125 	 21.280 	 62.301
FD10683	179.250 	 21.112 	 62.299
FD10683	179.375 	 21.280 	 62.301
FD10683	179.500 	 21.112 	 62.300
FD10683	179.625 	 21.482 	 61.190
FD10683	179.750 	 21.112 	 62.299
FD10683	179.875 	 20.900 	 61.700
FD10683	180.000 	 21.112 	 62.300
FD10683	180.125 	 25.985 	 61.557
FD10683	180.250 	 25.787 	 61.557
FD10683	180.375 	 26.184 	 60.643
FD10683	180.500 	 25.783 	 61.556
FD10683	180.625 	 25.622 	 61.049
FD10683	180.750 	 25.787 	 61.557
FD10683	180.875 	 25.982 	 61.557
FD10683	181.000 	 25.786 	 61.556
FD10683	181.125 	 25.985 	 61.557
FD10683	181.250 	 25.784 	 61.557
FD10683	181.375 	 25.985 	 61.557
FD10683	181.500 	 25.621 	 61.048
FD10683	181.625 	 25.985 	 60.642
FD10683	181.750 	 25.985 	 61.557
FD10683	181.875 	 25.784 	 61.557
FD10683	182.000 	 25.985 	 61.558
FD10683	182.125 	 25.784 	 61.557
FD10683	182.250 	 25.984 	 61.556
FD10683	182.375 	 25.425 	 61.049
FD10683	182.500 	 25.985 	 61.557
FD10683	182.625 	 25.784 	 61.557
FD10683	182.750 	 26.184 	 60.641
FD10683	182.875 	 25.787 	 61.557
FD10683	183.000 	 25.985 	 61.557
FD10683	183.125 	 25.784 	 61.557
FD10683	183.250 	 25.621 	 61.048
FD10683	183.375 	 25.985 	 61.557
FD10683	183.500 	 25.784 	 61.557
FD10683	183.625 	 25.985 	 61.557
FD10683	183.750 	 25.787 	 61.557
FD10683	183.875 	 26.184 	 60.643
FD10683	184.000 	 25.783 	 61.556
FD10683	184.125 	 25.622 	 61.049
FD10683	184.250 	 25.787 	 61.557
FD10683	184.375 	 25.985 	 61.557
FD10683	184.500 	 25.783 	 61.556
FD10683	184.625 	 25.985 	 61.557
FD10683	184.750 	 25.784 	 61.557
FD10683	184.875 	 25.985 	 61.557
FD10683	185.000 	 25.621 	 61.048
FD10683	185.125 	 25.985 	 60.642
FD10683	185.250 	 25.985 	 61.557
FD10683	185.375 	 25.784 	 61.557
FD10683	185.500 	 25.985 	 61.557
FD10683	185.625 	 25.786 	 61.556
FD10683	185.750 	 25.622 	 61.049
FD10683	185.875 	 25.783 	 61.558
FD10683	186.000 	 25.985 	 61.557
FD10683	186.125 	 25.783 	 61.556
FD10683	186.250 	 26.185 	 60.642
FD10683	186.375 	 25.787 	 61.557
FD10683	186.500 	 25.985 	 61.557
FD10683	186.625 	 25.621 	 61.048
FD10683	186.750 	 25.784 	 61.557
FD10683	186.875 	 25.985 	 61.557
FD10683	187.000 	 25.787 	 61.557
FD10683	187.125 	 25.985 	 61.557
FD10683	187.250 	 25.784 	 61.557
FD10683	187.375 	 25.984 	 61.556
FD10683	187.500 	 25.625 	 60.125
FD10683	187.625 	 25.985 	 61.557
FD10683	187.750 	 25.787 	 61.557
FD10683	187.875 	 25.984 	 61.556
FD10683	188.000 	 25.784 	 61.557
FD10683	188.125 	 25.985 	 61.557
FD10683	188.250 	 25.985 	 61.557
FD10683	188.375 	 25.424 	 61.048
FD10683	188.500 	 25.985 	 61.557
FD10683	188.625 	 25.982 	 60.642
FD10683	188.750 	 25.985 	 61.557
FD10683	188.875 	 25.784 	 61.557
FD10683	189.000 	 25.985 	 61.557
FD10683	189.125 	 25.786 	 61.556
FD10683	189.250 	 25.622 	 61.049
FD10683	189.375 	 25.784 	 61.557
FD10683	189.500 	 25.985 	 61.557
FD10683	189.625 	 25.786 	 61.557
FD10683	189.750 	 26.185 	 60.642
FD10683	189.875 	 25.784 	 61.557
FD10683	190.000 	 25.622 	 61.049
FD10683	190.125 	 25.984 	 61.556
FD10683	190.250 	 25.784 	 61.557
FD10683	190.375 	 25.985 	 61.557
FD10683	190.500 	 25.787 	 61.557
FD10683	190.625 	 25.985 	 61.557
FD10683	190.750 	 25.784 	 61.557
FD10683	190.875 	 25.621 	 61.048
FD10683	191.000 	 25.985 	 60.643
FD10683	191.125 	 25.982 	 61.557
FD10683	191.250 	 25.787 	 61.557
FD10683	191.375 	 25.984 	 61.556
FD10683	191.500 	 25.784 	 61.557
FD10683	191.625 	 25.985 	 61.557
FD10683	191.750 	 25.622 	 61.049
FD10683	191.875 	 25.786 	 61.556
FD10683	192.000 	 25.985 	 61.557
FD10683	192.125 	 25.982 	 60.642
FD10683	192.250 	 25.985 	 61.557
FD10683	192.375 	 25.784 	 61.557
FD10683	192.500 	 25.984 	 61.556
FD10683	192.625 	 25.425 	 61.049
FD10683	192.750 	 25.985 	 61.557
FD10683	192.875 	 25.784 	 61.557
FD10683	193.000 	 25.985 	 61.557
FD10683	193.125 	 25.786 	 61.556
FD10683	193.250 	 26.184 	 60.643
FD10683	193.375 	 25.985 	 61.557
FD10683	193.500 	 25.422 	 61.049
FD10683	193.625 	 25.984 	 61.556
FD10683	193.750 	 25.784 	 61.557
FD10683	193.875 	 25.985 	 61.557
FD10683	194.000 	 25.787 	 61.557
FD10683	194.125 	 25.985 	 61.557
FD10683	194.250 	 25.784 	 61.557
FD10683	194.375 	 25.620 	 61.047
FD10683	194.500 	 25.985 	 60.643
FD10683	194.625 	 25.985 	 61.557
FD10683	194.750 	 25.784 	 61.557
FD10683	194.875 	 25.985 	 61.557
FD10683	195.000 	 25.985 	 61.557
FD10683	195.125 	 25.422 	 61.049
FD10683	195.250 	 25.985 	 61.557
FD10683	195.375 	 25.787 	 61.557
FD10683	195.500 	 25.985 	 61.557
FD10683	195.625 	 25.981 	 60.640
FD10683	195.750 	 25.985 	 61.557
FD10683	195.875 	 25.787 	 61.557
FD10683	196.000 	 25.622 	 61.049
FD10683	196.125 	 25.784 	 61.557
FD10683	196.250 	 25.985 	 61.557
FD10683	196.375 	 25.784 	 61.557
FD10683	196.500 	 25.985 	 61.557
FD10683	196.625 	 25.787 	 61.557
FD10683	196.750 	 25.985 	 61.557
FD10683	196.875 	 25.824 	 60.123
FD10683	197.000 	 25.784 	 61.557
FD10683	197.125 	 25.985 	 61.557
FD10683	197.250 	 25.787 	 61.557
FD10683	197.375 	 25.985 	 61.557
FD10683	197.500 	 25.784 	 61.557
FD10683	197.625 	 25.985 	 61.557
FD10683	197.750 	 25.422 	 61.049
FD10683	197.875 	 25.984 	 61.555
FD10683	198.000 	 25.985 	 60.643
FD10683	198.125 	 25.985 	 61.557
FD10683	198.250 	 25.784 	 61.557
FD10683	198.375 	 25.985 	 61.557
FD10683	198.500 	 25.985 	 61.557
FD10683	198.625 	 25.425 	 61.049
FD10683	198.750 	 25.985 	 61.557
FD10683	198.875 	 25.784 	 61.557
FD10683	199.000 	 25.985 	 61.557
FD10683	199.125 	 25.981 	 60.640
FD10683	199.250 	 25.985 	 61.557
FD10683	199.375 	 25.425 	 61.049
FD10683	199.500 	 25.985 	 61.557
FD10683	199.625 	 25.784 	 61.557
FD10683	199.750 	 25.985 	 61.557
FD10683	199.875 	 25.787 	 61.557
FD10683	200.000 	 25.985 	 61.557
FD10683	200.125 	 25.985 	 61.557
FD10683	200.250 	 25.421 	 61.047
FD10683	200.375 	 26.184 	 60.643
FD10683	200.500 	 25.784 	 61.557
FD10683	200.625 	 25.985 	 61.557
FD10683	200.750 	 25.787 	 61.557
FD10683	200.875 	 25.985 	 61.557
FD10683	201.000 	 25.784 	 61.557
FD10683	201.125 	 25.622 	 61.049
FD10683	201.250 	 25.787 	 61.557
FD10683	201.375 	 25.984 	 61.555
FD10683	201.500 	 25.982 	 60.642
FD10683	201.625 	 25.985 	 61.557
FD10683	201.750 	 25.985 	 61.558
FD10683	201.875 	 25.784 	 61.557
FD10683	202.000 	 25.622 	 61.049
FD10683	202.125 	 25.787 	 61.557
FD10683	202.250 	 25.985 	 61.557
FD10683	202.375 	 25.784 	 61.557
FD10683	202.500 	 25.984 	 61.555
FD10683	202.625 	 25.985 	 60.642
FD10683	202.750 	 25.982 	 61.557
FD10683	202.875 	 25.425 	 61.049
FD10683	203.000 	 25.985 	 61.557
FD10683	203.125 	 25.784 	 61.557
FD10683	203.250 	 25.985 	 61.557
FD10683	203.375 	 25.787 	 61.557
FD10683	203.500 	 25.985 	 61.557
FD10683	203.625 	 25.985 	 61.557
FD10683	203.750 	 25.421 	 61.047
FD10683	203.875 	 26.184 	 60.643
FD10683	204.000 	 25.784 	 61.557
FD10683	204.125 	 25.985 	 61.557
FD10683	204.250 	 25.787 	 61.557
FD10683	204.375 	 25.985 	 61.557
FD10683	204.500 	 25.422 	 61.049
FD10683	204.625 	 25.985 	 61.557
FD10683	204.750 	 25.785 	 61.555
FD10683	204.875 	 25.985 	 61.557
FD10683	205.000 	 25.982 	 60.642
FD10683	205.125 	 25.985 	 61.557
FD10683	205.250 	 25.985 	 61.557
FD10683	205.375 	 25.422 	 61.049
FD10683	205.500 	 25.985 	 61.557
FD10683	205.625 	 25.786 	 61.558
FD10683	205.750 	 25.985 	 61.557
FD10683	205.875 	 25.784 	 61.557
FD10683	206.000 	 25.984 	 61.555
FD10683	206.125 	 25.787 	 61.557
FD10683	206.250 	 25.826 	 60.124
FD10683	206.375 	 25.784 	 61.557
FD10683	206.500 	 25.985 	 61.557
FD10683	206.625 	 25.784 	 61.557
FD10683	206.750 	 25.985 	 61.557
FD10683	206.875 	 25.985 	 61.557
FD10683	207.000 	 25.787 	 61.557
FD10683	207.125 	 25.620 	 61.048
FD10683	207.250 	 25.784 	 61.556
FD10683	207.375 	 26.185 	 60.642
FD10683	207.500 	 25.786 	 61.558
FD10683	207.625 	 25.985 	 61.556
FD10683	207.750 	 25.783 	 61.558
FD10683	207.875 	 25.985 	 61.556
FD10683	208.000 	 25.422 	 61.050
FD10683	208.125 	 25.985 	 61.556
FD10683	208.250 	 25.785 	 61.556
FD10683	208.375 	 25.985 	 61.556
FD10683	208.500 	 26.184 	 60.644
FD10683	208.625 	 25.784 	 61.556
FD10683	208.750 	 25.621 	 61.050
FD10683	208.875 	 25.787 	 61.556
FD10683	209.000 	 25.985 	 61.558
FD10683	209.125 	 25.784 	 61.556
FD10683	209.250 	 25.985 	 61.558
FD10683	209.375 	 25.782 	 61.554
FD10683	209.500 	 25.985 	 61.558
FD10683	209.625 	 25.425 	 61.049
FD10683	209.750 	 26.184 	 60.644
FD10683	209.875 	 25.784 	 61.556
FD10683	210.000 	 25.985 	 61.558
FD10683	210.125 	 27.829 	 62.559
FD10683	210.250 	 27.876 	 61.234
FD10683	210.375 	 28.041 	 62.559
FD10683	210.500 	 27.827 	 62.561
FD10683	210.625 	 27.874 	 61.232
FD10683	210.750 	 27.830 	 62.561
FD10683	210.875 	 27.874 	 61.232
FD10683	211.000 	 27.825 	 62.559
FD10683	211.125 	 28.042 	 62.562
FD10683	211.250 	 27.662 	 61.232
FD10683	211.375 	 28.043 	 62.561
FD10683	211.500 	 28.014 	 61.698
FD10683	211.625 	 27.682 	 62.104
FD10683	211.750 	 27.829 	 62.559
FD10683	211.875 	 28.232 	 61.700
FD10683	212.000 	 27.467 	 62.102
FD10683	212.125 	 28.044 	 62.561
FD10683	212.250 	 27.661 	 61.234
FD10683	212.375 	 28.041 	 62.559
FD10683	212.500 	 28.018 	 61.700
FD10683	212.625 	 27.681 	 62.102
FD10683	212.750 	 27.825 	 62.559
FD10683	212.875 	 28.232 	 61.700
FD10683	213.000 	 27.470 	 62.102
FD10683	213.125 	 28.232 	 61.700
FD10683	213.250 	 27.825 	 62.559
FD10683	213.375 	 27.682 	 62.105
FD10683	213.500 	 28.017 	 61.698
FD10683	213.625 	 27.681 	 62.102
FD10683	213.750 	 28.015 	 61.700
FD10683	213.875 	 28.041 	 62.559
FD10683	214.000 	 27.471 	 62.104
FD10683	214.125 	 28.231 	 61.698
FD10683	214.250 	 27.827 	 62.561
FD10683	214.375 	 27.874 	 61.232
FD10683	214.500 	 27.830 	 62.562
FD10683	214.625 	 28.041 	 62.559
FD10683	214.750 	 27.659 	 61.232
FD10683	214.875 	 28.046 	 62.561
FD10683	215.000 	 27.467 	 62.102
FD10683	215.125 	 28.232 	 61.700
FD10683	215.250 	 27.829 	 62.559
FD10683	215.375 	 27.876 	 61.234
FD10683	215.500 	 27.825 	 62.559
FD10683	215.625 	 28.042 	 62.562
FD10683	215.750 	 27.662 	 61.232
FD10683	215.875 	 28.041 	 62.559
FD10683	216.000 	 28.015 	 61.700
FD10683	216.125 	 27.681 	 62.102
FD10683	216.250 	 27.830 	 62.561
FD10683	216.375 	 27.874 	 61.232
FD10683	216.500 	 27.827 	 62.561
FD10683	216.625 	 28.231 	 61.698
FD10683	216.750 	 27.470 	 62.103
FD10683	216.875 	 28.043 	 62.561
FD10683	217.000 	 28.014 	 61.698
FD10683	217.125 	 27.682 	 62.104
FD10683	217.250 	 28.017 	 61.698
FD10683	217.375 	 28.043 	 62.561
FD10683	217.500 	 27.681 	 62.102
FD10683	217.625 	 28.018 	 61.700
FD10683	217.750 	 28.041 	 62.561
FD10683	217.875 	 27.660 	 61.230
FD10683	218.000 	 28.042 	 62.562
FD10683	218.125 	 27.470 	 62.102
FD10683	218.250 	 28.232 	 61.700
FD10683	218.375 	 27.825 	 62.559
FD10683	218.500 	 27.681 	 62.102
FD10683	218.625 	 28.018 	 61.700
FD10683	218.750 	 28.041 	 62.559
FD10683	218.875 	 27.661 	 61.234
FD10683	219.000 	 28.041 	 62.561
FD10683	219.125 	 27.830 	 62.561
FD10683	219.250 	 27.874 	 61.232
FD10683	219.375 	 27.827 	 62.561
FD10683	219.500 	 27.874 	 61.232
FD10683	219.625 	 27.829 	 62.559
FD10683	219.750 	 28.043 	 62.561
FD10683	219.875 	 27.659 	 61.232
FD10683	220.000 	 28.042 	 62.562
FD10683	220.125 	 28.017 	 61.697
FD10683	220.250 	 27.682 	 62.105
FD10683	220.375 	 27.825 	 62.559
FD10683	220.500 	 28.235 	 61.700
FD10683	220.625 	 27.467 	 62.102
FD10683	220.750 	 28.231 	 61.698
FD10683	220.875 	 27.471 	 62.104
FD10683	221.000 	 28.041 	 62.559
FD10683	221.125 	 28.015 	 61.700
FD10683	221.250 	 27.681 	 62.103
FD10683	221.375 	 27.830 	 62.561
FD10683	221.500 	 28.231 	 61.698
FD10683	221.625 	 27.467 	 62.102
FD10683	221.750 	 28.232 	 61.700
FD10683	221.875 	 27.829 	 62.559
FD10683	222.000 	 27.682 	 62.104
FD10683	222.125 	 28.014 	 61.698
FD10683	222.250 	 27.682 	 62.105
FD10683	222.375 	 28.017 	 61.697
FD10683	222.500 	 28.042 	 62.562
FD10683	222.625 	 27.467 	 62.102
FD10683	222.750 	 28.231 	 61.698
FD10683	222.875 	 27.830 	 62.561
FD10683	223.000 	 27.874 	 61.232
FD10683	223.125 	 27.827 	 62.561
FD10683	223.250 	 28.045 	 62.559
FD10683	223.375 	 27.661 	 61.234
FD10683	223.500 	 28.041 	 62.561
FD10683	223.625 	 27.662 	 61.232
FD10683	223.750 	 28.043 	 62.561
FD10683	223.875 	 27.825 	 62.559
FD10683	224.000 	 27.876 	 61.234
FD10683	224.125 	 27.829 	 62.559
FD10683	224.250 	 28.232 	 61.700
FD10683	224.375 	 27.681 	 62.102
FD10683	224.500 	 27.825 	 62.561
FD10683	224.625 	 28.232 	 61.699
FD10683	224.750 	 27.470 	 62.103
FD10683	224.875 	 28.043 	 62.561
FD10683	225.000 	 27.659 	 61.232
FD10683	225.125 	 28.043 	 62.561
FD10683	225.250 	 28.017 	 61.698
FD10683	225.375 	 27.681 	 62.102
FD10683	225.500 	 27.827 	 62.561
FD10683	225.625 	 28.231 	 61.698
FD10683	225.750 	 27.471 	 62.105
FD10683	225.875 	 28.231 	 61.698
FD10683	226.000 	 27.827 	 62.561
FD10683	226.125 	 27.684 	 62.102
FD10683	226.250 	 28.015 	 61.700
FD10683	226.375 	 27.681 	 62.102
FD10683	226.500 	 28.017 	 61.698
FD10683	226.625 	 28.043 	 62.561
FD10683	226.750 	 27.466 	 62.103
FD10683	226.875 	 28.232 	 61.700
FD10683	227.000 	 27.829 	 62.559
FD10683	227.125 	 27.876 	 61.234
FD10683	227.250 	 27.825 	 62.559
FD10683	227.375 	 28.043 	 62.561
FD10683	227.500 	 27.662 	 61.232
FD10683	227.625 	 28.041 	 62.559
FD10683	227.750 	 27.661 	 61.234
FD10683	227.875 	 28.041 	 62.559
FD10683	228.000 	 27.830 	 62.562
FD10683	228.125 	 27.874 	 61.232
FD10683	228.250 	 27.827 	 62.561
FD10683	228.375 	 28.041 	 62.559
FD10683	228.500 	 27.662 	 61.232
FD10683	228.625 	 28.043 	 62.561
FD10683	228.750 	 28.014 	 61.698
FD10683	228.875 	 27.686 	 62.104
FD10683	229.000 	 27.825 	 62.561
FD10683	229.125 	 27.876 	 61.234
FD10683	229.250 	 27.829 	 62.559
FD10683	229.375 	 28.231 	 61.698
FD10683	229.500 	 27.468 	 62.104
FD10683	229.625 	 28.041 	 62.559
FD10683	229.750 	 28.018 	 61.700
FD10683	229.875 	 27.681 	 62.102
FD10683	230.000 	 28.015 	 61.700
FD10683	230.125 	 28.041 	 62.559
FD10683	230.250 	 27.470 	 62.103
FD10683	230.375 	 28.232 	 61.700
FD10683	230.500 	 27.467 	 62.102
FD10683	230.625 	 28.232 	 61.700
FD10683	230.750 	 27.829 	 62.559
FD10683	230.875 	 27.682 	 62.104
FD10683	231.000 	 28.014 	 61.698
FD10683	231.125 	 28.043 	 62.561
FD10683	231.250 	 27.681 	 62.103
FD10683	231.375 	 28.017 	 61.698
FD10683	231.500 	 28.043 	 62.561
FD10683	231.625 	 27.662 	 61.232
FD10683	231.750 	 28.043 	 62.561
FD10683	231.875 	 27.467 	 62.102
FD10683	232.000 	 28.232 	 61.700
FD10683	232.125 	 27.829 	 62.559
FD10683	232.250 	 27.874 	 61.232
FD10683	232.375 	 27.827 	 62.561
FD10683	232.500 	 28.041 	 62.561
FD10683	232.625 	 27.664 	 61.234
FD10683	232.750 	 28.041 	 62.559
FD10683	232.875 	 28.015 	 61.700
FD10683	233.000 	 27.681 	 62.102
FD10683	233.125 	 27.830 	 62.561
FD10683	233.250 	 27.874 	 61.232
FD10683	233.375 	 27.825 	 62.559
FD10683	233.500 	 28.232 	 61.700
FD10683	233.625 	 27.470 	 62.103
FD10683	233.750 	 28.043 	 62.561
FD10683	233.875 	 28.014 	 61.698
FD10683	234.000 	 27.682 	 62.104
FD10683	234.125 	 28.017 	 61.698
FD10683	234.250 	 28.041 	 62.559
FD10683	234.375 	 27.468 	 62.104
FD10683	234.500 	 28.234 	 61.698
FD10683	234.625 	 27.468 	 62.104
FD10683	234.750 	 28.041 	 62.561
FD10683	234.875 	 28.018 	 61.700
FD10683	235.000 	 27.681 	 62.102
FD10683	235.125 	 28.014 	 61.698
FD10683	235.250 	 28.043 	 62.561
FD10683	235.375 	 27.470 	 62.102
FD10683	235.500 	 28.232 	 61.700
FD10683	235.625 	 27.825 	 62.559
FD10683	235.750 	 27.876 	 61.234
FD10683	235.875 	 27.828 	 62.561
FD10683	236.000 	 27.681 	 62.102
FD10683	236.125 	 28.015 	 61.700
FD10683	236.250 	 28.041 	 62.559
FD10683	236.375 	 27.664 	 61.234
FD10683	236.500 	 28.041 	 62.559
FD10683	236.625 	 27.827 	 62.561
FD10683	236.750 	 27.874 	 61.232
FD10683	236.875 	 27.830 	 62.561
FD10683	237.000 	 28.231 	 61.698
FD10683	237.125 	 27.466 	 62.103
FD10683	237.250 	 28.046 	 62.561
FD10683	237.375 	 27.659 	 61.232
FD10683	237.500 	 28.043 	 62.561
FD10683	237.625 	 27.829 	 62.559
FD10683	237.750 	 27.876 	 61.234
FD10683	237.875 	 27.825 	 62.559
FD10683	238.000 	 28.232 	 61.700
FD10683	238.125 	 27.681 	 62.103
FD10683	238.250 	 27.829 	 62.559
FD10683	238.375 	 28.232 	 61.700
FD10683	238.500 	 27.467 	 62.102
FD10683	238.625 	 28.232 	 61.700
FD10683	238.750 	 27.470 	 62.102
FD10683	238.875 	 28.043 	 62.561
FD10683	239.000 	 28.014 	 61.698
FD10683	239.125 	 27.681 	 62.103
FD10683	239.250 	 28.019 	 61.699
FD10683	239.375 	 28.041 	 62.561
FD10683	239.500 	 27.468 	 62.104
FD10683	239.625 	 28.231 	 61.698
FD10683	239.750 	 27.830 	 62.561
FD10683	239.875 	 27.874 	 61.232
FD10683	240.000 	 27.825 	 62.559
FD10683	240.125 	 28.235 	 61.700
FD10683	240.250 	 28.402 	 63.004
FD10683	240.375 	 28.586 	 62.151
FD10683	240.500 	 28.232 	 61.700
FD10683	240.625 	 28.401 	 63.003
FD10683	240.750 	 28.587 	 62.153
FD10683	240.875 	 28.231 	 61.698
FD10683	241.000 	 28.620 	 63.006
FD10683	241.125 	 28.587 	 62.153
FD10683	241.250 	 28.041 	 62.559
FD10683	241.375 	 28.587 	 62.153
FD10683	241.500 	 28.591 	 62.153
FD10683	241.625 	 28.041 	 62.559
FD10683	241.750 	 28.587 	 62.153
FD10683	241.875 	 28.231 	 61.698
FD10683	242.000 	 28.402 	 63.004
FD10683	242.125 	 28.586 	 62.151
FD10683	242.250 	 28.232 	 61.700
FD10683	242.375 	 28.401 	 63.003
FD10683	242.500 	 28.587 	 62.153
FD10683	242.625 	 28.232 	 61.700
FD10683	242.750 	 28.401 	 63.003
FD10683	242.875 	 28.587 	 62.153
FD10683	243.000 	 28.231 	 61.698
FD10683	243.125 	 28.402 	 63.004
FD10683	243.250 	 28.231 	 61.698
FD10683	243.375 	 28.587 	 62.153
FD10683	243.500 	 28.623 	 63.004
FD10683	243.625 	 28.231 	 61.698
FD10683	243.750 	 28.587 	 62.153
FD10683	243.875 	 28.402 	 63.004
FD10683	244.000 	 28.231 	 61.698
FD10683	244.125 	 28.587 	 62.153
FD10683	244.250 	 28.401 	 63.003
FD10683	244.375 	 28.232 	 61.700
FD10683	244.500 	 28.400 	 63.004
FD10683	244.625 	 28.587 	 62.153
FD10683	244.750 	 28.231 	 61.698
FD10683	244.875 	 28.402 	 63.004
FD10683	245.000 	 28.232 	 61.700
FD10683	245.125 	 28.586 	 62.151
FD10683	245.250 	 28.402 	 63.004
FD10683	245.375 	 28.231 	 61.698
FD10683	245.500 	 28.587 	 62.153
FD10683	245.625 	 28.402 	 63.004
FD10683	245.750 	 28.231 	 61.698
FD10683	245.875 	 28.587 	 62.153
FD10683	246.000 	 28.622 	 63.003
FD10683	246.125 	 28.232 	 61.700
FD10683	246.250 	 28.587 	 62.153
FD10683	246.375 	 28.041 	 62.559
FD10683	246.500 	 28.587 	 62.153
FD10683	246.625 	 28.586 	 62.151
FD10683	246.750 	 28.043 	 62.561
FD10683	246.875 	 28.586 	 62.151
FD10683	247.000 	 28.587 	 62.153
FD10683	247.125 	 28.041 	 62.559
FD10683	247.250 	 28.587 	 62.153
FD10683	247.375 	 28.587 	 62.153
FD10683	247.500 	 28.045 	 62.559
FD10683	247.625 	 28.587 	 62.153
FD10683	247.750 	 28.587 	 62.153
FD10683	247.875 	 28.041 	 62.561
FD10683	248.000 	 28.588 	 62.152
FD10683	248.125 	 28.041 	 62.561
FD10683	248.250 	 28.587 	 62.153
FD10683	248.375 	 28.586 	 62.151
FD10683	248.500 	 28.259 	 62.561
FD10683	248.625 	 28.587 	 62.153
FD10683	248.750 	 28.586 	 62.151
FD10683	248.875 	 28.043 	 62.561
FD10683	249.000 	 28.589 	 62.151
FD10683	249.125 	 28.587 	 62.153
FD10683	249.250 	 28.041 	 62.559
FD10683	249.375 	 28.587 	 62.153
FD10683	249.500 	 28.587 	 62.153
FD10683	249.625 	 28.041 	 62.559
FD10683	249.750 	 28.587 	 62.153
FD10683	249.875 	 28.231 	 61.698
FD10683	250.000 	 28.402 	 63.004
FD10683	250.125 	 28.587 	 62.153
FD10683	250.250 	 28.231 	 61.698
FD10683	250.375 	 28.402 	 63.004
FD10683	250.500 	 28.586 	 62.151
FD10683	250.625 	 28.232 	 61.700
FD10683	250.750 	 28.401 	 63.003
FD10683	250.875 	 28.587 	 62.153
FD10683	251.000 	 28.452 	 61.700
FD10683	251.125 	 28.401 	 63.003
FD10683	251.250 	 28.232 	 61.700
FD10683	251.375 	 28.400 	 63.004
FD10683	251.500 	 28.587 	 62.153
FD10683	251.625 	 28.231 	 61.697
FD10683	251.750 	 28.402 	 63.006
FD10683	251.875 	 28.587 	 62.153
FD10683	252.000 	 28.231 	 61.698
FD10683	252.125 	 28.402 	 63.004
FD10683	252.250 	 28.586 	 62.151
FD10683	252.375 	 28.232 	 61.700
FD10683	252.500 	 28.402 	 63.004
FD10683	252.625 	 28.586 	 62.151
FD10683	252.750 	 28.232 	 61.700
FD10683	252.875 	 28.401 	 63.003
FD10683	253.000 	 28.232 	 61.700
FD10683	253.125 	 28.586 	 62.151
FD10683	253.250 	 28.402 	 63.004
FD10683	253.375 	 28.232 	 61.700
FD10683	253.500 	 28.808 	 62.151
FD10683	253.625 	 28.402 	 63.004
FD10683	253.750 	 28.231 	 61.698
FD10683	253.875 	 28.587 	 62.153
FD10683	254.000 	 28.402 	 63.004
FD10683	254.125 	 28.231 	 61.698
FD10683	254.250 	 28.587 	 62.153
FD10683	254.375 	 28.041 	 62.559
FD10683	254.500 	 28.587 	 62.153
FD10683	254.625 	 28.400 	 63.004
FD10683	254.750 	 28.232 	 61.699
FD10683	254.875 	 28.587 	 62.153
FD10683	255.000 	 28.404 	 63.004
FD10683	255.125 	 28.232 	 61.700
FD10683	255.250 	 28.586 	 62.151
FD10683	255.375 	 28.402 	 63.004
FD10683	255.500 	 28.231 	 61.698
FD10683	255.625 	 28.587 	 62.153
FD10683	255.750 	 28.402 	 63.004
FD10683	255.875 	 28.231 	 61.698
FD10683	256.000 	 28.806 	 62.153
FD10683	256.125 	 28.041 	 62.559
FD10683	256.250 	 28.587 	 62.153
FD10683	256.375 	 28.587 	 62.153
FD10683	256.500 	 28.045 	 62.559
FD10683	256.625 	 28.587 	 62.153
FD10683	256.750 	 28.586 	 62.151
FD10683	256.875 	 28.043 	 62.561
FD10683	257.000 	 28.586 	 62.151
FD10683	257.125 	 28.587 	 62.153
FD10683	257.250 	 28.043 	 62.561
FD10683	257.375 	 28.586 	 62.151
FD10683	257.500 	 28.232 	 61.700
FD10683	257.625 	 28.401 	 63.003
FD10683	257.750 	 28.587 	 62.153
FD10683	257.875 	 28.231 	 61.698
FD10683	258.000 	 28.402 	 63.004
FD10683	258.125 	 28.587 	 62.153
FD10683	258.250 	 28.041 	 62.561
FD10683	258.375 	 28.588 	 62.152
FD10683	258.500 	 28.808 	 62.151
FD10683	258.625 	 28.042 	 62.562
FD10683	258.750 	 28.587 	 62.153
FD10683	258.875 	 28.586 	 62.151
FD10683	259.000 	 28.043 	 62.561
FD10683	259.125 	 28.586 	 62.151
FD10683	259.250 	 28.232 	 61.700
FD10683	259.375 	 28.401 	 63.003
FD10683	259.500 	 28.587 	 62.153
FD10683	259.625 	 28.232 	 61.700
FD10683	259.750 	 28.401 	 63.003
FD10683	259.875 	 28.587 	 62.153
FD10683	260.000 	 28.231 	 61.698
FD10683	260.125 	 28.402 	 63.004
FD10683	260.250 	 28.587 	 62.153
FD10683	260.375 	 28.231 	 61.698
FD10683	260.500 	 28.402 	 63.004
FD10683	260.625 	 28.231 	 61.698
FD10683	260.750 	 28.587 	 62.153
FD10683	260.875 	 28.401 	 63.003
FD10683	261.000 	 28.452 	 61.700
FD10683	261.125 	 28.587 	 62.153
FD10683	261.250 	 28.401 	 63.003
FD10683	261.375 	 28.232 	 61.700
FD10683	261.500 	 28.401 	 63.003
FD10683	261.625 	 28.587 	 62.153
FD10683	261.750 	 28.231 	 61.698
FD10683	261.875 	 28.402 	 63.006
FD10683	262.000 	 28.587 	 62.153
FD10683	262.125 	 28.231 	 61.697
FD10683	262.250 	 28.402 	 63.006
FD10683	262.375 	 28.231 	 61.698
FD10683	262.500 	 28.591 	 62.153
FD10683	262.625 	 28.402 	 63.004
FD10683	262.750 	 28.231 	 61.698
FD10683	262.875 	 28.587 	 62.153
FD10683	263.000 	 28.401 	 63.003
FD10683	263.125 	 28.232 	 61.700
FD10683	263.250 	 28.586 	 62.151
FD10683	263.375 	 28.402 	 63.004
FD10683	263.500 	 28.449 	 61.700
FD10683	263.625 	 28.586 	 62.151
FD10683	263.750 	 28.043 	 62.561
FD10683	263.875 	 28.586 	 62.151
FD10683	264.000 	 28.591 	 62.153
FD10683	264.125 	 28.041 	 62.559
FD10683	264.250 	 28.587 	 62.153
FD10683	264.375 	 28.587 	 62.153
FD10683	264.500 	 28.041 	 62.559
FD10683	264.625 	 28.587 	 62.153
FD10683	264.750 	 28.401 	 63.003
FD10683	264.875 	 28.232 	 61.700
FD10683	265.000 	 28.587 	 62.153
FD10683	265.125 	 28.400 	 63.004
FD10683	265.250 	 28.232 	 61.699
FD10683	265.375 	 28.586 	 62.151
FD10683	265.500 	 28.042 	 62.562
FD10683	265.625 	 28.586 	 62.151
FD10683	265.750 	 28.588 	 62.152
FD10683	265.875 	 28.042 	 62.562
FD10683	266.000 	 28.808 	 62.151
FD10683	266.125 	 28.587 	 62.153
FD10683	266.250 	 28.041 	 62.559
FD10683	266.375 	 28.587 	 62.153
FD10683	266.500 	 28.587 	 62.153
FD10683	266.625 	 28.041 	 62.559
FD10683	266.750 	 28.587 	 62.153
FD10683	266.875 	 28.231 	 61.698
FD10683	267.000 	 28.402 	 63.004
FD10683	267.125 	 28.586 	 62.151
FD10683	267.250 	 28.232 	 61.700
FD10683	267.375 	 28.402 	 63.004
FD10683	267.500 	 28.586 	 62.151
FD10683	267.625 	 28.232 	 61.700
FD10683	267.750 	 28.401 	 63.003
FD10683	267.875 	 28.587 	 62.153
FD10683	268.000 	 28.231 	 61.698
FD10683	268.125 	 28.402 	 63.004
FD10683	268.250 	 28.587 	 62.153
FD10683	268.375 	 28.041 	 62.559
FD10683	268.500 	 28.591 	 62.153
FD10683	268.625 	 28.447 	 61.698
FD10683	268.750 	 28.402 	 63.006
FD10683	268.875 	 28.588 	 62.152
FD10683	269.000 	 28.231 	 61.698
FD10683	269.125 	 28.402 	 63.006
FD10683	269.250 	 28.586 	 62.151
FD10683	269.375 	 28.232 	 61.700
FD10683	269.500 	 28.401 	 63.003
FD10683	269.625 	 28.587 	 62.153
FD10683	269.750 	 28.232 	 61.700
FD10683	269.875 	 28.401 	 63.003
FD10683	270.000 	 28.591 	 62.153
FD10683	270.125 	 28.805 	 62.151
FD10683	270.250 	 29.353 	 61.762
FD10683	270.375 	 29.162 	 62.593
FD10683	270.500 	 29.162 	 62.593
FD10683	270.625 	 29.356 	 61.763
FD10683	270.750 	 28.937 	 62.591
FD10683	270.875 	 29.356 	 61.762
FD10683	271.000 	 29.162 	 62.593
FD10683	271.125 	 29.162 	 62.593
FD10683	271.250 	 29.347 	 61.762
FD10683	271.375 	 29.169 	 62.593
FD10683	271.500 	 29.349 	 61.763
FD10683	271.625 	 29.162 	 62.591
FD10683	271.750 	 29.169 	 62.593
FD10683	271.875 	 29.123 	 61.762
FD10683	272.000 	 29.162 	 62.593
FD10683	272.125 	 29.169 	 62.593
FD10683	272.250 	 29.349 	 61.763
FD10683	272.375 	 29.162 	 62.593
FD10683	272.500 	 29.349 	 61.762
FD10683	272.625 	 29.166 	 62.590
FD10683	272.750 	 29.162 	 62.593
FD10683	272.875 	 29.349 	 61.763
FD10683	273.000 	 28.945 	 62.593
FD10683	273.125 	 29.162 	 62.593
FD10683	273.250 	 29.349 	 61.762
FD10683	273.375 	 29.169 	 62.593
FD10683	273.500 	 29.349 	 61.763
FD10683	273.625 	 29.162 	 62.593
FD10683	273.750 	 29.166 	 62.590
FD10683	273.875 	 29.349 	 61.762
FD10683	274.000 	 29.162 	 62.593
FD10683	274.125 	 29.131 	 61.763
FD10683	274.250 	 29.162 	 62.593
FD10683	274.375 	 29.162 	 62.593
FD10683	274.500 	 29.356 	 61.762
FD10683	274.625 	 29.162 	 62.593
FD10683	274.750 	 29.162 	 62.593
FD10683	274.875 	 29.346 	 61.760
FD10683	275.000 	 29.169 	 62.593
FD10683	275.125 	 29.349 	 61.763
FD10683	275.250 	 29.162 	 62.591
FD10683	275.375 	 28.945 	 62.593
FD10683	275.500 	 29.349 	 61.763
FD10683	275.625 	 29.162 	 62.593
FD10683	275.750 	 29.169 	 62.593
FD10683	275.875 	 29.349 	 61.763
FD10683	276.000 	 29.159 	 62.590
FD10683	276.125 	 29.356 	 61.762
FD10683	276.250 	 29.162 	 62.593
FD10683	276.375 	 29.162 	 62.593
FD10683	276.500 	 29.131 	 61.763
FD10683	276.625 	 29.162 	 62.593
FD10683	276.750 	 29.162 	 62.593
FD10683	276.875 	 29.349 	 61.762
FD10683	277.000 	 29.169 	 62.593
FD10683	277.125 	 29.346 	 61.760
FD10683	277.250 	 29.162 	 62.593
FD10683	277.375 	 29.169 	 62.593
FD10683	277.500 	 29.349 	 61.762
FD10683	277.625 	 28.938 	 62.593
FD10683	277.750 	 29.356 	 61.763
FD10683	277.875 	 29.162 	 62.593
FD10683	278.000 	 29.162 	 62.593
FD10683	278.125 	 29.356 	 61.762
FD10683	278.250 	 29.159 	 62.590
FD10683	278.375 	 29.162 	 62.593
FD10683	278.500 	 29.349 	 61.763
FD10683	278.625 	 29.169 	 62.593
FD10683	278.750 	 29.124 	 61.763
FD10683	278.875 	 29.169 	 62.591
FD10683	279.000 	 29.162 	 62.593
FD10683	279.125 	 29.349 	 61.763
FD10683	279.250 	 29.162 	 62.593
FD10683	279.375 	 28.810 	 62.150
FD10683	279.500 	 29.349 	 61.762
FD10683	279.625 	 29.162 	 62.593
FD10683	279.750 	 29.356 	 61.763
FD10683	279.875 	 29.162 	 62.593
FD10683	280.000 	 28.938 	 62.593
FD10683	280.125 	 29.356 	 61.763
FD10683	280.250 	 29.162 	 62.593
FD10683	280.375 	 29.159 	 62.590
FD10683	280.500 	 29.356 	 61.763
FD10683	280.625 	 29.162 	 62.593
FD10683	280.750 	 29.349 	 61.760
FD10683	280.875 	 29.162 	 62.593
FD10683	281.000 	 29.169 	 62.593
FD10683	281.125 	 29.124 	 61.763
FD10683	281.250 	 29.169 	 62.593
FD10683	281.375 	 29.349 	 61.763
FD10683	281.500 	 29.159 	 62.590
FD10683	281.625 	 29.162 	 62.593
FD10683	281.750 	 29.356 	 61.763
FD10683	281.875 	 29.162 	 62.593
FD10683	282.000 	 29.162 	 62.593
FD10683	282.125 	 29.356 	 61.760
FD10683	282.250 	 28.938 	 62.593
FD10683	282.375 	 29.349 	 61.763
FD10683	282.500 	 29.169 	 62.593
FD10683	282.625 	 29.159 	 62.590
FD10683	282.750 	 29.349 	 61.763
FD10683	282.875 	 29.162 	 62.593
FD10683	283.000 	 29.169 	 62.593
FD10683	283.125 	 29.349 	 61.763
FD10683	283.250 	 29.162 	 62.593
FD10683	283.375 	 29.131 	 61.763
FD10683	283.500 	 29.162 	 62.593
FD10683	283.625 	 29.163 	 62.590
FD10683	283.750 	 29.353 	 61.760
FD10683	283.875 	 29.162 	 62.593
FD10683	284.000 	 29.162 	 62.593
FD10683	284.125 	 29.356 	 61.763
FD10683	284.250 	 29.162 	 62.593
FD10683	284.375 	 29.349 	 61.763
FD10683	284.500 	 28.945 	 62.593
FD10683	284.625 	 29.162 	 62.593
FD10683	284.750 	 29.349 	 61.763
FD10683	284.875 	 29.166 	 62.590
FD10683	285.000 	 29.349 	 61.760
FD10683	285.125 	 29.162 	 62.593
FD10683	285.250 	 29.162 	 62.593
FD10683	285.375 	 29.356 	 61.763
FD10683	285.500 	 29.162 	 62.593
FD10683	285.625 	 29.162 	 62.593
FD10683	285.750 	 29.131 	 61.763
FD10683	285.875 	 29.162 	 62.593
FD10683	286.000 	 29.346 	 61.760
FD10683	286.125 	 29.169 	 62.593
FD10683	286.250 	 29.162 	 62.593
FD10683	286.375 	 29.349 	 61.760
FD10683	286.500 	 29.169 	 62.593
FD10683	286.625 	 29.162 	 62.593
FD10683	286.750 	 29.349 	 61.763
FD10683	286.875 	 28.945 	 62.593
FD10683	287.000 	 29.349 	 61.763
FD10683	287.125 	 29.159 	 62.590
FD10683	287.250 	 29.162 	 62.593
FD10683	287.375 	 29.356 	 61.763
FD10683	287.500 	 29.162 	 62.593
FD10683	287.625 	 29.349 	 61.763
FD10683	287.750 	 29.169 	 62.593
FD10683	287.875 	 29.162 	 62.593
FD10683	288.000 	 29.125 	 61.760
FD10683	288.125 	 29.169 	 62.593
FD10683	288.250 	 29.159 	 62.590
FD10683	288.375 	 29.349 	 61.763
FD10683	288.500 	 29.169 	 62.593
FD10683	288.625 	 28.997 	 61.315
FD10683	288.750 	 29.162 	 62.593
FD10683	288.875 	 29.162 	 62.593
FD10683	289.000 	 29.356 	 61.763
FD10683	289.125 	 28.938 	 62.593
FD10683	289.250 	 29.166 	 62.590
FD10683	289.375 	 29.349 	 61.760
FD10683	289.500 	 29.162 	 62.593
FD10683	289.625 	 29.349 	 61.763
FD10683	289.750 	 29.169 	 62.593
FD10683	289.875 	 29.162 	 62.593
FD10683	290.000 	 29.349 	 61.763
FD10683	290.125 	 29.169 	 62.593
FD10683	290.250 	 28.938 	 62.593
FD10683	290.375 	 29.346 	 61.760
FD10683	290.500 	 29.169 	 62.593
FD10683	290.625 	 29.349 	 61.763
FD10683	290.750 	 29.163 	 62.590
FD10683	290.875 	 29.169 	 62.593
FD10683	291.000 	 29.349 	 61.763
FD10683	291.125 	 29.162 	 62.593
FD10683	291.250 	 29.349 	 61.763
FD10683	291.375 	 28.945 	 62.593
FD10683	291.500 	 29.159 	 62.590
FD10683	291.625 	 29.349 	 61.763
FD10683	291.750 	 29.169 	 62.593
FD10683	291.875 	 29.162 	 62.593
FD10683	292.000 	 29.349 	 61.763
FD10683	292.125 	 29.169 	 62.593
FD10683	292.250 	 29.349 	 61.760
FD10683	292.375 	 29.162 	 62.593
FD10683	292.500 	 29.169 	 62.593
FD10683	292.625 	 29.121 	 61.760
FD10683	292.750 	 29.162 	 62.593
FD10683	292.875 	 29.169 	 62.593
FD10683	293.000 	 29.349 	 61.763
FD10683	293.125 	 29.162 	 62.593
FD10683	293.250 	 29.349 	 61.763
FD10683	293.375 	 29.169 	 62.593
FD10683	293.500 	 29.162 	 62.593
FD10683	293.625 	 29.349 	 61.760
FD10683	293.750 	 28.942 	 62.590
FD10683	293.875 	 29.162 	 62.593
FD10683	294.000 	 29.349 	 61.763
FD10683	294.125 	 29.169 	 62.593
FD10683	294.250 	 29.349 	 61.763
FD10683	294.375 	 29.162 	 62.593
FD10683	294.500 	 29.169 	 62.593
FD10683	294.625 	 29.349 	 61.763
FD10683	294.750 	 29.162 	 62.593
FD10683	294.875 	 29.128 	 61.760
FD10683	295.000 	 29.162 	 62.593
FD10683	295.125 	 29.162 	 62.593
FD10683	295.250 	 29.356 	 61.760
FD10683	295.375 	 29.162 	 62.593
FD10683	295.500 	 29.162 	 62.593
FD10683	295.625 	 29.349 	 61.763
FD10683	295.750 	 29.169 	 62.593
FD10683	295.875 	 29.346 	 61.760
FD10683	296.000 	 28.945 	 62.593
FD10683	296.125 	 29.162 	 62.593
FD10683	296.250 	 29.349 	 61.763
FD10683	296.375 	 29.162 	 62.593
FD10683	296.500 	 29.169 	 62.593
FD10683	296.625 	 29.349 	 61.760
FD10683	296.750 	 29.162 	 62.593
FD10683	296.875 	 29.356 	 61.763
FD10683	297.000 	 29.159 	 62.590
FD10683	297.125 	 28.938 	 62.593
FD10683	297.250 	 29.356 	 61.763
FD10683	297.375 	 29.162 	 62.593
FD10683	297.500 	 29.162 	 62.593
FD10683	297.625 	 29.349 	 61.763
FD10683	297.750 	 29.169 	 62.593
FD10683	297.875 	 29.349 	 61.763
FD10683	298.000 	 28.807 	 62.150
FD10683	298.125 	 29.166 	 62.590
FD10683	298.250 	 29.349 	 61.763
FD10683	298.375 	 28.938 	 62.593
FD10683	298.500 	 29.356 	 61.763
FD10683	298.625 	 29.162 	 62.593
FD10683	298.750 	 29.162 	 62.593
FD10683	298.875 	 29.356 	 61.763
FD10683	299.000 	 29.162 	 62.593
FD10683	299.125 	 29.162 	 62.593
FD10683	299.250 	 29.346 	 61.760
FD10683	299.375 	 29.169 	 62.593
FD10683	299.500 	 29.125 	 61.760
FD10683	299.625 	 29.169 	 62.593
FD10683	299.750 	 29.162 	 62.593
FD10683	299.875 	 29.349 	 61.763
FD10683	300.000 	 29.162 	 62.593
FD10683	300.125 	 30.281 	 62.623
FD10683	300.250 	 30.472 	 61.822
FD10683	300.375 	 29.930 	 62.196
FD10683	300.500 	 30.281 	 62.623
FD10683	300.625 	 30.465 	 61.822
FD10683	300.750 	 29.929 	 62.199
FD10683	300.875 	 30.466 	 61.819
FD10683	301.000 	 29.929 	 62.199
FD10683	301.125 	 30.281 	 62.623
FD10683	301.250 	 30.465 	 61.822
FD10683	301.375 	 29.929 	 62.199
FD10683	301.500 	 30.282 	 62.620
FD10683	301.625 	 30.465 	 61.822
FD10683	301.750 	 29.929 	 62.199
FD10683	301.875 	 30.281 	 62.623
FD10683	302.000 	 30.466 	 61.819
FD10683	302.125 	 29.929 	 62.199
FD10683	302.250 	 30.281 	 62.623
FD10683	302.375 	 30.465 	 61.822
FD10683	302.500 	 29.936 	 62.199
FD10683	302.625 	 30.282 	 62.620
FD10683	302.750 	 30.465 	 61.822
FD10683	302.875 	 29.929 	 62.199
FD10683	303.000 	 30.465 	 61.822
FD10683	303.125 	 29.930 	 62.196
FD10683	303.250 	 30.281 	 62.623
FD10683	303.375 	 30.465 	 61.822
FD10683	303.500 	 29.929 	 62.199
FD10683	303.625 	 30.281 	 62.623
FD10683	303.750 	 30.466 	 61.819
FD10683	303.875 	 29.929 	 62.199
FD10683	304.000 	 30.281 	 62.623
FD10683	304.125 	 30.465 	 61.822
FD10683	304.250 	 29.930 	 62.196
FD10683	304.375 	 30.281 	 62.623
FD10683	304.500 	 30.465 	 61.822
FD10683	304.625 	 29.929 	 62.199
FD10683	304.750 	 30.288 	 62.623
FD10683	304.875 	 30.466 	 61.819
FD10683	305.000 	 29.929 	 62.199
FD10683	305.125 	 30.465 	 61.822
FD10683	305.250 	 29.929 	 62.199
FD10683	305.375 	 30.282 	 62.620
FD10683	305.500 	 30.465 	 61.822
FD10683	305.625 	 29.929 	 62.199
FD10683	305.750 	 30.281 	 62.623
FD10683	305.875 	 30.234 	 61.819
FD10683	306.000 	 29.929 	 62.199
FD10683	306.125 	 30.281 	 62.623
FD10683	306.250 	 30.465 	 61.822
FD10683	306.375 	 29.936 	 62.199
FD10683	306.500 	 30.282 	 62.620
FD10683	306.625 	 30.465 	 61.822
FD10683	306.750 	 29.929 	 62.199
FD10683	306.875 	 30.281 	 62.623
FD10683	307.000 	 30.466 	 61.819
FD10683	307.125 	 29.929 	 62.199
FD10683	307.250 	 30.465 	 61.822
FD10683	307.375 	 29.929 	 62.199
FD10683	307.500 	 30.281 	 62.623
FD10683	307.625 	 30.466 	 61.819
FD10683	307.750 	 29.929 	 62.199
FD10683	307.875 	 30.281 	 62.623
FD10683	308.000 	 30.465 	 61.822
FD10683	308.125 	 29.930 	 62.196
FD10683	308.250 	 30.281 	 62.623
FD10683	308.375 	 30.465 	 61.822
FD10683	308.500 	 29.929 	 62.199
FD10683	308.625 	 30.289 	 62.620
FD10683	308.750 	 30.465 	 61.822
FD10683	308.875 	 29.929 	 62.199
FD10683	309.000 	 30.281 	 62.623
FD10683	309.125 	 30.465 	 61.822
FD10683	309.250 	 29.930 	 62.196
FD10683	309.375 	 30.281 	 62.623
FD10683	309.500 	 30.117 	 61.391
FD10683	309.625 	 30.281 	 62.623
FD10683	309.750 	 30.466 	 61.819
FD10683	309.875 	 29.929 	 62.199
FD10683	310.000 	 30.281 	 62.623
FD10683	310.125 	 30.465 	 61.822
FD10683	310.250 	 29.930 	 62.196
FD10683	310.375 	 30.281 	 62.623
FD10683	310.500 	 30.465 	 61.822
FD10683	310.625 	 29.929 	 62.199
FD10683	310.750 	 30.281 	 62.623
FD10683	310.875 	 30.473 	 61.819
FD10683	311.000 	 29.929 	 62.199
FD10683	311.125 	 30.281 	 62.623
FD10683	311.250 	 30.465 	 61.822
FD10683	311.375 	 29.930 	 62.196
FD10683	311.500 	 30.281 	 62.623
FD10683	311.625 	 30.117 	 61.391
FD10683	311.750 	 30.281 	 62.623
FD10683	311.875 	 30.466 	 61.819
FD10683	312.000 	 29.929 	 62.199
FD10683	312.125 	 30.281 	 62.623
FD10683	312.250 	 30.465 	 61.822
FD10683	312.375 	 29.929 	 62.199
FD10683	312.500 	 30.282 	 62.620
FD10683	312.625 	 30.465 	 61.822
FD10683	312.750 	 29.929 	 62.199
FD10683	312.875 	 30.281 	 62.623
FD10683	313.000 	 30.466 	 61.819
FD10683	313.125 	 29.936 	 62.199
FD10683	313.250 	 30.281 	 62.623
FD10683	313.375 	 30.465 	 61.822
FD10683	313.500 	 29.929 	 62.199
FD10683	313.625 	 30.282 	 62.620
FD10683	313.750 	 30.468 	 61.826
FD10683	313.875 	 29.927 	 62.196
FD10683	314.000 	 30.468 	 61.826
FD10683	314.125 	 29.927 	 62.193
FD10683	314.250 	 30.281 	 62.623
FD10683	314.375 	 30.468 	 61.826
FD10683	314.500 	 29.927 	 62.196
FD10683	314.625 	 30.284 	 62.626
FD10683	314.750 	 30.466 	 61.819
FD10683	314.875 	 29.929 	 62.199
FD10683	315.000 	 30.281 	 62.623
FD10683	315.125 	 30.465 	 61.822
FD10683	315.250 	 29.930 	 62.196
FD10683	315.375 	 30.288 	 62.623
FD10683	315.500 	 30.465 	 61.822
FD10683	315.625 	 29.929 	 62.199
FD10683	315.750 	 30.281 	 62.623
FD10683	315.875 	 30.466 	 61.819
FD10683	316.000 	 29.929 	 62.199
FD10683	316.125 	 30.281 	 62.623
FD10683	316.250 	 30.117 	 61.391
FD10683	316.375 	 30.282 	 62.620
FD10683	316.500 	 30.465 	 61.822
FD10683	316.625 	 29.929 	 62.199
FD10683	316.750 	 30.281 	 62.623
FD10683	316.875 	 30.466 	 61.819
FD10683	317.000 	 29.929 	 62.199
FD10683	317.125 	 30.281 	 62.623
FD10683	317.250 	 30.465 	 61.822
FD10683	317.375 	 29.707 	 62.199
FD10683	317.500 	 30.282 	 62.620
FD10683	317.625 	 30.465 	 61.822
FD10683	317.750 	 29.929 	 62.199
FD10683	317.875 	 30.281 	 62.623
FD10683	318.000 	 30.466 	 61.819
FD10683	318.125 	 29.929 	 62.199
FD10683	318.250 	 30.281 	 62.623
FD10683	318.375 	 30.117 	 61.391
FD10683	318.500 	 30.281 	 62.623
FD10683	318.625 	 30.466 	 61.819
FD10683	318.750 	 29.929 	 62.199
FD10683	318.875 	 30.281 	 62.623
FD10683	319.000 	 30.465 	 61.822
FD10683	319.125 	 29.930 	 62.196
FD10683	319.250 	 30.288 	 62.623
FD10683	319.375 	 30.465 	 61.822
FD10683	319.500 	 29.929 	 62.199
FD10683	319.625 	 30.281 	 62.623
FD10683	319.750 	 30.466 	 61.819
FD10683	319.875 	 29.929 	 62.199
FD10683	320.000 	 30.281 	 62.623
FD10683	320.125 	 30.465 	 61.822
FD10683	320.250 	 29.930 	 62.196
FD10683	320.375 	 30.281 	 62.623
FD10683	320.500 	 30.117 	 61.391
FD10683	320.625 	 30.281 	 62.623
FD10683	320.750 	 30.466 	 61.819
FD10683	320.875 	 29.929 	 62.199
FD10683	321.000 	 30.281 	 62.623
FD10683	321.125 	 30.465 	 61.822
FD10683	321.250 	 29.929 	 62.199
FD10683	321.375 	 30.282 	 62.620
FD10683	321.500 	 30.472 	 61.822
FD10683	321.625 	 29.929 	 62.199
FD10683	321.750 	 30.281 	 62.623
FD10683	321.875 	 30.466 	 61.819
FD10683	322.000 	 29.929 	 62.199
FD10683	322.125 	 30.281 	 62.623
FD10683	322.250 	 30.465 	 61.822
FD10683	322.375 	 29.929 	 62.199
FD10683	322.500 	 30.282 	 62.620
FD10683	322.625 	 30.117 	 61.391
FD10683	322.750 	 30.281 	 62.623
FD10683	322.875 	 30.465 	 61.822
FD10683	323.000 	 29.930 	 62.196
FD10683	323.125 	 30.281 	 62.623
FD10683	323.250 	 30.465 	 61.822
FD10683	323.375 	 29.929 	 62.199
FD10683	323.500 	 30.281 	 62.623
FD10683	323.625 	 30.466 	 61.819
FD10683	323.750 	 29.936 	 62.199
FD10683	323.875 	 30.281 	 62.623
FD10683	324.000 	 30.465 	 61.822
