#WellName	 Depth.M	 INCL	 AZIM 
WellName	 Depth.M	 INCL	 AZIM 
FD10624	0.000 	 0.000 	 0.000
FD10624	0.125 	 0.458 	 270.000
FD10624	0.250 	 0.458 	 270.000
FD10624	0.375 	 0.458 	 0.000
FD10624	0.500 	 0.458 	 270.000
FD10624	0.625 	 0.458 	 270.000
FD10624	0.750 	 0.458 	 270.000
FD10624	0.875 	 0.000 	 90.000
FD10624	1.000 	 0.648 	 315.000
FD10624	1.125 	 0.458 	 270.000
FD10624	1.250 	 0.458 	 270.000
FD10624	1.375 	 0.458 	 270.000
FD10624	1.500 	 0.000 	 90.000
FD10624	1.625 	 0.648 	 315.000
FD10624	1.750 	 0.458 	 270.000
FD10624	1.875 	 0.458 	 270.000
FD10624	2.000 	 0.000 	 90.000
FD10624	2.125 	 0.458 	 270.000
FD10624	2.250 	 0.648 	 315.000
FD10624	2.375 	 0.458 	 270.000
FD10624	2.500 	 0.458 	 270.000
FD10624	2.625 	 0.000 	 90.000
FD10624	2.750 	 0.458 	 270.000
FD10624	2.875 	 0.648 	 315.000
FD10624	3.000 	 0.458 	 270.000
FD10624	3.125 	 0.000 	 90.000
FD10624	3.250 	 0.458 	 270.000
FD10624	3.375 	 0.648 	 315.000
FD10624	3.500 	 0.458 	 270.000
FD10624	3.625 	 0.458 	 270.000
FD10624	3.750 	 0.000 	 90.000
FD10624	3.875 	 0.458 	 270.000
FD10624	4.000 	 0.648 	 315.000
FD10624	4.125 	 0.458 	 270.000
FD10624	4.250 	 0.000 	 90.000
FD10624	4.375 	 0.458 	 270.000
FD10624	4.500 	 0.458 	 270.000
FD10624	4.625 	 0.648 	 315.000
FD10624	4.750 	 0.458 	 270.000
FD10624	4.875 	 0.000 	 90.000
FD10624	5.000 	 0.458 	 270.000
FD10624	5.125 	 0.458 	 270.000
FD10624	5.250 	 0.648 	 315.000
FD10624	5.375 	 0.000 	 90.000
FD10624	5.500 	 0.458 	 270.000
FD10624	5.625 	 0.458 	 270.000
FD10624	5.750 	 0.458 	 270.000
FD10624	5.875 	 0.648 	 315.000
FD10624	6.000 	 0.000 	 90.000
FD10624	6.125 	 0.458 	 270.000
FD10624	6.250 	 0.458 	 270.000
FD10624	6.375 	 0.458 	 270.000
FD10624	6.500 	 0.458 	 0.000
FD10624	6.625 	 0.458 	 270.000
FD10624	6.750 	 0.458 	 270.000
FD10624	6.875 	 0.458 	 270.000
FD10624	7.000 	 0.458 	 270.000
FD10624	7.125 	 0.458 	 0.000
FD10624	7.250 	 0.458 	 270.000
FD10624	7.375 	 0.458 	 270.000
FD10624	7.500 	 0.458 	 270.000
FD10624	7.625 	 0.000 	 90.000
FD10624	7.750 	 0.648 	 315.000
FD10624	7.875 	 0.458 	 270.000
FD10624	8.000 	 0.458 	 270.000
FD10624	8.125 	 0.458 	 270.000
FD10624	8.250 	 0.000 	 90.000
FD10624	8.375 	 0.648 	 315.000
FD10624	8.500 	 0.458 	 270.000
FD10624	8.625 	 0.458 	 270.000
FD10624	8.750 	 0.000 	 90.000
FD10624	8.875 	 0.458 	 270.000
FD10624	9.000 	 0.648 	 315.000
FD10624	9.125 	 0.458 	 270.000
FD10624	9.250 	 0.458 	 270.000
FD10624	9.375 	 0.000 	 90.000
FD10624	9.500 	 0.648 	 315.000
FD10624	9.625 	 0.458 	 270.000
FD10624	9.750 	 0.458 	 270.000
FD10624	9.875 	 0.000 	 90.000
FD10624	10.000 	 0.458 	 270.000
FD10624	10.125 	 0.648 	 315.000
FD10624	10.250 	 0.458 	 270.000
FD10624	10.375 	 0.458 	 270.000
FD10624	10.500 	 0.000 	 90.000
FD10624	10.625 	 0.458 	 270.000
FD10624	10.750 	 0.648 	 315.000
FD10624	10.875 	 0.458 	 270.000
FD10624	11.000 	 0.000 	 90.000
FD10624	11.125 	 0.458 	 270.000
FD10624	11.250 	 0.458 	 270.000
FD10624	11.375 	 0.648 	 315.000
FD10624	11.500 	 0.458 	 270.000
FD10624	11.625 	 0.000 	 90.000
FD10624	11.750 	 0.458 	 270.000
FD10624	11.875 	 0.458 	 270.000
FD10624	12.000 	 0.648 	 315.000
FD10624	12.125 	 0.000 	 90.000
FD10624	12.250 	 0.458 	 270.000
FD10624	12.375 	 0.458 	 270.000
FD10624	12.500 	 0.458 	 270.000
FD10624	12.625 	 0.648 	 315.000
FD10624	12.750 	 0.000 	 90.000
FD10624	12.875 	 0.458 	 270.000
FD10624	13.000 	 0.458 	 270.000
FD10624	13.125 	 0.458 	 270.000
FD10624	13.250 	 0.458 	 0.000
FD10624	13.375 	 0.458 	 270.000
FD10624	13.500 	 0.458 	 270.000
FD10624	13.625 	 0.458 	 270.000
FD10624	13.750 	 0.458 	 270.000
FD10624	13.875 	 0.458 	 0.000
FD10624	14.000 	 0.458 	 270.000
FD10624	14.125 	 0.458 	 270.000
FD10624	14.250 	 0.458 	 270.000
FD10624	14.375 	 0.000 	 90.000
FD10624	14.500 	 0.648 	 315.000
FD10624	14.625 	 0.458 	 270.000
FD10624	14.750 	 0.458 	 270.000
FD10624	14.875 	 0.458 	 270.000
FD10624	15.000 	 0.000 	 90.000
FD10624	15.125 	 0.648 	 315.000
FD10624	15.250 	 0.458 	 270.000
FD10624	15.375 	 0.458 	 270.000
FD10624	15.500 	 0.000 	 90.000
FD10624	15.625 	 0.648 	 315.000
FD10624	15.750 	 0.458 	 270.000
FD10624	15.875 	 0.458 	 270.000
FD10624	16.000 	 0.458 	 270.000
FD10624	16.125 	 0.000 	 90.000
FD10624	16.250 	 0.648 	 315.000
FD10624	16.375 	 0.458 	 270.000
FD10624	16.500 	 0.458 	 270.000
FD10624	16.625 	 0.000 	 90.000
FD10624	16.750 	 0.458 	 270.000
FD10624	16.875 	 0.648 	 315.000
FD10624	17.000 	 0.458 	 270.000
FD10624	17.125 	 0.458 	 270.000
FD10624	17.250 	 0.000 	 90.000
FD10624	17.375 	 0.458 	 270.000
FD10624	17.500 	 0.648 	 315.000
FD10624	17.625 	 0.458 	 270.000
FD10624	17.750 	 0.000 	 90.000
FD10624	17.875 	 0.458 	 270.000
FD10624	18.000 	 0.458 	 270.000
FD10624	18.125 	 0.648 	 315.000
FD10624	18.250 	 0.458 	 270.000
FD10624	18.375 	 0.000 	 90.000
FD10624	18.500 	 0.458 	 270.000
FD10624	18.625 	 0.458 	 270.000
FD10624	18.750 	 0.648 	 315.000
FD10624	18.875 	 0.000 	 90.000
FD10624	19.000 	 0.458 	 270.000
FD10624	19.125 	 0.458 	 270.000
FD10624	19.250 	 0.458 	 270.000
FD10624	19.375 	 0.648 	 315.000
FD10624	19.500 	 0.000 	 90.000
FD10624	19.625 	 0.458 	 270.000
FD10624	19.750 	 0.458 	 270.000
FD10624	19.875 	 0.458 	 270.000
FD10624	20.000 	 0.458 	 0.000
FD10624	20.125 	 0.458 	 270.000
FD10624	20.250 	 0.458 	 270.000
FD10624	20.375 	 0.458 	 270.000
FD10624	20.500 	 0.458 	 270.000
FD10624	20.625 	 0.458 	 0.000
FD10624	20.750 	 0.458 	 270.000
FD10624	20.875 	 0.458 	 270.000
FD10624	21.000 	 0.458 	 270.000
FD10624	21.125 	 0.000 	 90.000
FD10624	21.250 	 0.648 	 315.000
FD10624	21.375 	 0.458 	 270.000
FD10624	21.500 	 0.458 	 270.000
FD10624	21.625 	 0.458 	 270.000
FD10624	21.750 	 0.000 	 90.000
FD10624	21.875 	 0.648 	 315.000
FD10624	22.000 	 0.458 	 270.000
FD10624	22.125 	 0.458 	 270.000
FD10624	22.250 	 0.000 	 90.000
FD10624	22.375 	 0.648 	 315.000
FD10624	22.500 	 0.458 	 270.000
FD10624	22.625 	 0.458 	 270.000
FD10624	22.750 	 0.462 	 270.000
FD10624	22.875 	 0.000 	 90.000
FD10624	23.000 	 0.648 	 315.000
FD10624	23.125 	 0.458 	 270.000
FD10624	23.250 	 0.458 	 270.000
FD10624	23.375 	 0.000 	 90.000
FD10624	23.500 	 0.458 	 270.000
FD10624	23.625 	 0.648 	 315.000
FD10624	23.750 	 0.458 	 270.000
FD10624	23.875 	 0.458 	 270.000
FD10624	24.000 	 0.000 	 90.000
FD10624	24.125 	 0.458 	 270.000
FD10624	24.250 	 0.648 	 315.000
FD10624	24.375 	 0.458 	 270.000
FD10624	24.500 	 0.000 	 90.000
FD10624	24.625 	 0.458 	 270.000
FD10624	24.750 	 0.458 	 270.000
FD10624	24.875 	 0.648 	 315.000
FD10624	25.000 	 0.458 	 270.000
FD10624	25.125 	 0.000 	 90.000
FD10624	25.250 	 0.458 	 270.000
FD10624	25.375 	 0.458 	 270.000
FD10624	25.500 	 0.648 	 315.000
FD10624	25.625 	 0.000 	 90.000
FD10624	25.750 	 0.458 	 270.000
FD10624	25.875 	 0.458 	 270.000
FD10624	26.000 	 0.458 	 270.000
FD10624	26.125 	 0.648 	 315.000
FD10624	26.250 	 0.000 	 90.000
FD10624	26.375 	 0.458 	 270.000
FD10624	26.500 	 0.458 	 270.000
FD10624	26.625 	 0.458 	 270.000
FD10624	26.750 	 0.458 	 0.000
FD10624	26.875 	 0.458 	 270.000
FD10624	27.000 	 0.458 	 270.000
FD10624	27.125 	 0.458 	 270.000
FD10624	27.250 	 0.458 	 270.000
FD10624	27.375 	 0.458 	 0.000
FD10624	27.500 	 0.458 	 270.000
FD10624	27.625 	 0.458 	 270.000
FD10624	27.750 	 0.458 	 270.000
FD10624	27.875 	 0.000 	 90.000
FD10624	28.000 	 0.648 	 315.000
FD10624	28.125 	 0.458 	 270.000
FD10624	28.250 	 0.458 	 270.000
FD10624	28.375 	 0.458 	 270.000
FD10624	28.500 	 0.458 	 0.000
FD10624	28.625 	 0.458 	 270.000
FD10624	28.750 	 0.458 	 270.000
FD10624	28.875 	 0.458 	 270.000
FD10624	29.000 	 0.000 	 90.000
FD10624	29.125 	 0.648 	 315.000
FD10624	29.250 	 0.458 	 270.000
FD10624	29.375 	 0.458 	 270.000
FD10624	29.500 	 0.458 	 270.000
FD10624	29.625 	 0.000 	 90.000
FD10624	29.750 	 0.648 	 315.000
FD10624	29.875 	 0.458 	 270.000
FD10624	30.000 	 0.458 	 270.000
FD10624	30.125 	 1.375 	 0.000
FD10624	30.250 	 1.889 	 345.964
FD10624	30.375 	 1.449 	 341.565
FD10624	30.500 	 1.889 	 345.964
FD10624	30.625 	 1.449 	 341.565
FD10624	30.750 	 1.449 	 341.565
FD10624	30.875 	 1.889 	 345.964
FD10624	31.000 	 1.375 	 0.000
FD10624	31.125 	 1.889 	 345.964
FD10624	31.250 	 1.461 	 341.565
FD10624	31.375 	 1.449 	 341.565
FD10624	31.500 	 1.889 	 345.964
FD10624	31.625 	 1.449 	 341.565
FD10624	31.750 	 1.889 	 345.964
FD10624	31.875 	 1.375 	 0.000
FD10624	32.000 	 1.449 	 341.565
FD10624	32.125 	 1.889 	 345.964
FD10624	32.250 	 1.449 	 341.565
FD10624	32.375 	 1.889 	 345.964
FD10624	32.500 	 1.449 	 341.565
FD10624	32.625 	 1.889 	 345.964
FD10624	32.750 	 1.386 	 0.000
FD10624	32.875 	 1.449 	 341.565
FD10624	33.000 	 1.889 	 345.964
FD10624	33.125 	 1.449 	 341.565
FD10624	33.250 	 1.889 	 345.964
FD10624	33.375 	 1.449 	 341.565
FD10624	33.500 	 1.449 	 341.565
FD10624	33.625 	 1.833 	 0.000
FD10624	33.750 	 1.449 	 341.565
FD10624	33.875 	 1.889 	 345.964
FD10624	34.000 	 1.449 	 341.565
FD10624	34.125 	 1.461 	 341.565
FD10624	34.250 	 1.889 	 345.964
FD10624	34.375 	 1.449 	 341.565
FD10624	34.500 	 1.833 	 0.000
FD10624	34.625 	 1.449 	 341.565
FD10624	34.750 	 1.449 	 341.565
FD10624	34.875 	 1.889 	 345.964
FD10624	35.000 	 1.449 	 341.565
FD10624	35.125 	 1.889 	 345.964
FD10624	35.250 	 1.449 	 341.565
FD10624	35.375 	 1.375 	 0.000
FD10624	35.500 	 1.889 	 345.964
FD10624	35.625 	 1.461 	 341.565
FD10624	35.750 	 1.889 	 345.964
FD10624	35.875 	 1.449 	 341.565
FD10624	36.000 	 1.889 	 345.964
FD10624	36.125 	 1.449 	 341.565
FD10624	36.250 	 1.375 	 0.000
FD10624	36.375 	 1.889 	 345.964
FD10624	36.500 	 1.449 	 341.565
FD10624	36.625 	 1.889 	 345.964
FD10624	36.750 	 1.449 	 341.565
FD10624	36.875 	 1.449 	 341.565
FD10624	37.000 	 1.889 	 345.964
FD10624	37.125 	 1.386 	 0.000
FD10624	37.250 	 1.889 	 345.964
FD10624	37.375 	 1.449 	 341.565
FD10624	37.500 	 1.449 	 341.565
FD10624	37.625 	 1.889 	 345.964
FD10624	37.750 	 1.449 	 341.565
FD10624	37.875 	 1.889 	 345.964
FD10624	38.000 	 1.375 	 0.000
FD10624	38.125 	 1.449 	 341.565
FD10624	38.250 	 1.889 	 345.964
FD10624	38.375 	 1.449 	 341.565
FD10624	38.500 	 1.904 	 345.964
FD10624	38.625 	 1.449 	 341.565
FD10624	38.750 	 1.449 	 341.565
FD10624	38.875 	 1.833 	 0.000
FD10624	39.000 	 1.449 	 341.565
FD10624	39.125 	 1.889 	 345.964
FD10624	39.250 	 1.449 	 341.565
FD10624	39.375 	 1.889 	 345.964
FD10624	39.500 	 1.449 	 341.565
FD10624	39.625 	 1.449 	 341.565
FD10624	39.750 	 1.833 	 0.000
FD10624	39.875 	 1.449 	 341.565
FD10624	40.000 	 1.904 	 345.964
FD10624	40.125 	 1.449 	 341.565
FD10624	40.250 	 1.449 	 341.565
FD10624	40.375 	 1.889 	 345.964
FD10624	40.500 	 1.449 	 341.565
FD10624	40.625 	 1.833 	 0.000
FD10624	40.750 	 1.449 	 341.565
FD10624	40.875 	 1.449 	 341.565
FD10624	41.000 	 1.889 	 345.964
FD10624	41.125 	 1.449 	 341.565
FD10624	41.250 	 1.889 	 345.964
FD10624	41.375 	 1.461 	 341.565
FD10624	41.500 	 1.375 	 0.000
FD10624	41.625 	 1.889 	 345.964
FD10624	41.750 	 1.449 	 341.565
FD10624	41.875 	 1.889 	 345.964
FD10624	42.000 	 1.449 	 341.565
FD10624	42.125 	 1.449 	 341.565
FD10624	42.250 	 1.889 	 345.964
FD10624	42.375 	 1.375 	 0.000
FD10624	42.500 	 1.889 	 345.963
FD10624	42.625 	 1.449 	 341.565
FD10624	42.750 	 1.889 	 345.964
FD10624	42.875 	 1.461 	 341.565
FD10624	43.000 	 1.449 	 341.565
FD10624	43.125 	 1.833 	 0.000
FD10624	43.250 	 1.449 	 341.565
FD10624	43.375 	 1.889 	 345.964
FD10624	43.500 	 1.449 	 341.565
FD10624	43.625 	 1.449 	 341.565
FD10624	43.750 	 1.889 	 345.964
FD10624	43.875 	 1.449 	 341.565
FD10624	44.000 	 1.833 	 0.000
FD10624	44.125 	 1.449 	 341.565
FD10624	44.250 	 1.461 	 341.565
FD10624	44.375 	 1.889 	 345.964
FD10624	44.500 	 1.449 	 341.565
FD10624	44.625 	 1.889 	 345.964
FD10624	44.750 	 1.449 	 341.565
FD10624	44.875 	 1.375 	 0.000
FD10624	45.000 	 1.889 	 345.964
FD10624	45.125 	 1.449 	 341.565
FD10624	45.250 	 1.889 	 345.964
FD10624	45.375 	 1.449 	 341.565
FD10624	45.500 	 1.449 	 341.565
FD10624	45.625 	 1.889 	 345.964
FD10624	45.750 	 1.386 	 0.000
FD10624	45.875 	 1.889 	 345.964
FD10624	46.000 	 1.449 	 341.565
FD10624	46.125 	 1.889 	 345.964
FD10624	46.250 	 1.449 	 341.565
FD10624	46.375 	 1.449 	 341.565
FD10624	46.500 	 1.889 	 345.964
FD10624	46.625 	 1.375 	 0.000
FD10624	46.750 	 1.889 	 345.964
FD10624	46.875 	 1.449 	 341.565
FD10624	47.000 	 1.449 	 341.565
FD10624	47.125 	 1.889 	 345.964
FD10624	47.250 	 1.461 	 341.565
FD10624	47.375 	 1.889 	 345.964
FD10624	47.500 	 1.375 	 0.000
FD10624	47.625 	 1.449 	 341.565
FD10624	47.750 	 1.889 	 345.964
FD10624	47.875 	 1.449 	 341.565
FD10624	48.000 	 1.889 	 345.964
FD10624	48.125 	 1.449 	 341.565
FD10624	48.250 	 1.449 	 341.565
FD10624	48.375 	 1.833 	 0.000
FD10624	48.500 	 1.449 	 341.565
FD10624	48.625 	 1.904 	 345.964
FD10624	48.750 	 1.449 	 341.565
FD10624	48.875 	 1.449 	 341.565
FD10624	49.000 	 1.889 	 345.964
FD10624	49.125 	 1.449 	 341.565
FD10624	49.250 	 1.833 	 0.000
FD10624	49.375 	 1.449 	 341.565
FD10624	49.500 	 1.889 	 345.964
FD10624	49.625 	 1.449 	 341.565
FD10624	49.750 	 1.449 	 341.565
FD10624	49.875 	 1.889 	 345.964
FD10624	50.000 	 1.449 	 341.565
FD10624	50.125 	 1.848 	 0.000
FD10624	50.250 	 1.449 	 341.565
FD10624	50.375 	 1.449 	 341.565
FD10624	50.500 	 1.889 	 345.964
FD10624	50.625 	 1.449 	 341.565
FD10624	50.750 	 1.889 	 345.964
FD10624	50.875 	 1.449 	 341.565
FD10624	51.000 	 1.375 	 0.000
FD10624	51.125 	 1.889 	 345.964
FD10624	51.250 	 1.449 	 341.565
FD10624	51.375 	 1.889 	 345.964
FD10624	51.500 	 1.461 	 341.565
FD10624	51.625 	 1.449 	 341.565
FD10624	51.750 	 1.889 	 345.964
FD10624	51.875 	 1.375 	 0.000
FD10624	52.000 	 1.889 	 345.964
FD10624	52.125 	 1.449 	 341.565
FD10624	52.250 	 1.449 	 341.565
FD10624	52.375 	 1.889 	 345.964
FD10624	52.500 	 1.449 	 341.565
FD10624	52.625 	 1.889 	 345.964
FD10624	52.750 	 1.375 	 0.000
FD10624	52.875 	 1.889 	 345.964
FD10624	53.000 	 1.461 	 341.565
FD10624	53.125 	 1.449 	 341.565
FD10624	53.250 	 1.889 	 345.964
FD10624	53.375 	 1.449 	 341.565
FD10624	53.500 	 1.889 	 345.964
FD10624	53.625 	 1.375 	 0.000
FD10624	53.750 	 1.449 	 341.565
FD10624	53.875 	 1.889 	 345.964
FD10624	54.000 	 1.449 	 341.565
FD10624	54.125 	 1.889 	 345.964
FD10624	54.250 	 1.449 	 341.565
FD10624	54.375 	 1.449 	 341.565
FD10624	54.500 	 1.848 	 0.000
FD10624	54.625 	 1.449 	 341.565
FD10624	54.750 	 1.889 	 345.963
FD10624	54.875 	 1.449 	 341.565
FD10624	55.000 	 1.449 	 341.565
FD10624	55.125 	 1.889 	 345.964
FD10624	55.250 	 1.449 	 341.565
FD10624	55.375 	 1.833 	 0.000
FD10624	55.500 	 1.449 	 341.565
FD10624	55.625 	 1.449 	 341.565
FD10624	55.750 	 1.889 	 345.964
FD10624	55.875 	 1.461 	 341.565
FD10624	56.000 	 1.889 	 345.964
FD10624	56.125 	 1.449 	 341.565
FD10624	56.250 	 1.833 	 0.000
FD10624	56.375 	 1.449 	 341.565
FD10624	56.500 	 1.449 	 341.565
FD10624	56.625 	 1.889 	 345.964
FD10624	56.750 	 1.449 	 341.565
FD10624	56.875 	 1.889 	 345.964
FD10624	57.000 	 1.449 	 341.565
FD10624	57.125 	 1.375 	 0.000
FD10624	57.250 	 1.889 	 345.964
FD10624	57.375 	 1.461 	 341.565
FD10624	57.500 	 1.889 	 345.964
FD10624	57.625 	 1.449 	 341.565
FD10624	57.750 	 1.449 	 341.565
FD10624	57.875 	 1.833 	 0.000
FD10624	58.000 	 1.449 	 341.565
FD10624	58.125 	 1.889 	 345.964
FD10624	58.250 	 1.449 	 341.565
FD10624	58.375 	 1.449 	 341.565
FD10624	58.500 	 1.889 	 345.964
FD10624	58.625 	 1.449 	 341.565
FD10624	58.750 	 1.848 	 0.000
FD10624	58.875 	 1.449 	 341.565
FD10624	59.000 	 1.449 	 341.565
FD10624	59.125 	 1.889 	 345.964
FD10624	59.250 	 1.449 	 341.565
FD10624	59.375 	 1.889 	 345.964
FD10624	59.500 	 1.449 	 341.565
FD10624	59.625 	 1.833 	 0.000
FD10624	59.750 	 1.449 	 341.565
FD10624	59.875 	 1.449 	 341.565
FD10624	60.000 	 1.889 	 345.964
FD10624	60.125 	 7.180 	 50.194
FD10624	60.250 	 7.238 	 50.194
FD10624	60.375 	 6.837 	 47.726
FD10624	60.500 	 7.479 	 47.490
FD10624	60.625 	 7.180 	 50.194
FD10624	60.750 	 7.180 	 50.194
FD10624	60.875 	 7.180 	 50.194
FD10624	61.000 	 7.479 	 47.490
FD10624	61.125 	 6.836 	 47.726
FD10624	61.250 	 7.180 	 50.195
FD10624	61.375 	 7.180 	 50.194
FD10624	61.500 	 7.479 	 47.489
FD10624	61.625 	 7.180 	 50.194
FD10624	61.750 	 7.180 	 50.194
FD10624	61.875 	 6.891 	 47.726
FD10624	62.000 	 7.180 	 50.194
FD10624	62.125 	 7.479 	 47.489
FD10624	62.250 	 7.180 	 50.194
FD10624	62.375 	 7.180 	 50.194
FD10624	62.500 	 7.180 	 50.194
FD10624	62.625 	 7.151 	 45.000
FD10624	62.750 	 7.180 	 50.194
FD10624	62.875 	 7.180 	 50.194
FD10624	63.000 	 7.180 	 50.194
FD10624	63.125 	 7.479 	 47.489
FD10624	63.250 	 7.180 	 50.194
FD10624	63.375 	 6.836 	 47.726
FD10624	63.500 	 7.180 	 50.194
FD10624	63.625 	 7.238 	 50.194
FD10624	63.750 	 7.479 	 47.489
FD10624	63.875 	 7.180 	 50.194
FD10624	64.000 	 7.180 	 50.194
FD10624	64.125 	 6.836 	 47.726
FD10624	64.250 	 7.479 	 47.489
FD10624	64.375 	 7.180 	 50.194
FD10624	64.500 	 7.180 	 50.194
FD10624	64.625 	 7.180 	 50.194
FD10624	64.750 	 7.479 	 47.489
FD10624	64.875 	 6.837 	 47.726
FD10624	65.000 	 7.180 	 50.194
FD10624	65.125 	 7.180 	 50.194
FD10624	65.250 	 7.238 	 50.194
FD10624	65.375 	 7.479 	 47.489
FD10624	65.500 	 7.180 	 50.194
FD10624	65.625 	 6.836 	 47.726
FD10624	65.750 	 7.180 	 50.194
FD10624	65.875 	 7.479 	 47.489
FD10624	66.000 	 7.180 	 50.194
FD10624	66.125 	 7.180 	 50.194
FD10624	66.250 	 7.180 	 50.194
FD10624	66.375 	 7.151 	 45.000
FD10624	66.500 	 7.180 	 50.194
FD10624	66.625 	 7.180 	 50.194
FD10624	66.750 	 7.180 	 50.194
FD10624	66.875 	 7.238 	 50.194
FD10624	67.000 	 7.479 	 47.489
FD10624	67.125 	 6.836 	 47.726
FD10624	67.250 	 7.180 	 50.194
FD10624	67.375 	 7.180 	 50.194
FD10624	67.500 	 7.479 	 47.490
FD10624	67.625 	 7.180 	 50.194
FD10624	67.750 	 6.836 	 47.726
FD10624	67.875 	 7.180 	 50.194
FD10624	68.000 	 7.479 	 47.490
FD10624	68.125 	 7.180 	 50.194
FD10624	68.250 	 7.180 	 50.194
FD10624	68.375 	 7.180 	 50.194
FD10624	68.500 	 6.891 	 47.726
FD10624	68.625 	 7.479 	 47.490
FD10624	68.750 	 7.180 	 50.194
FD10624	68.875 	 7.180 	 50.194
FD10624	69.000 	 7.180 	 50.194
FD10624	69.125 	 7.479 	 47.490
FD10624	69.250 	 6.836 	 47.726
FD10624	69.375 	 7.180 	 50.194
FD10624	69.500 	 7.180 	 50.194
FD10624	69.625 	 7.180 	 50.194
FD10624	69.750 	 7.479 	 47.490
FD10624	69.875 	 7.180 	 50.194
FD10624	70.000 	 6.836 	 47.726
FD10624	70.125 	 7.180 	 50.194
FD10624	70.250 	 7.539 	 47.490
FD10624	70.375 	 7.180 	 50.194
FD10624	70.500 	 7.180 	 50.195
FD10624	70.625 	 7.180 	 50.195
FD10624	70.750 	 7.151 	 45.000
FD10624	70.875 	 7.180 	 50.195
FD10624	71.000 	 7.180 	 50.194
FD10624	71.125 	 7.180 	 50.195
FD10624	71.250 	 7.180 	 50.194
FD10624	71.375 	 7.480 	 47.490
FD10624	71.500 	 6.836 	 47.726
FD10624	71.625 	 7.180 	 50.195
FD10624	71.750 	 7.180 	 50.195
FD10624	71.875 	 7.539 	 47.489
FD10624	72.000 	 7.180 	 50.195
FD10624	72.125 	 7.180 	 50.194
FD10624	72.250 	 6.836 	 47.726
FD10624	72.375 	 7.479 	 47.489
FD10624	72.500 	 7.180 	 50.195
FD10624	72.625 	 7.180 	 50.194
FD10624	72.750 	 7.180 	 50.195
FD10624	72.875 	 7.180 	 50.195
FD10624	73.000 	 7.151 	 45.000
FD10624	73.125 	 7.180 	 50.195
FD10624	73.250 	 7.180 	 50.194
FD10624	73.375 	 7.180 	 50.195
FD10624	73.500 	 7.539 	 47.489
FD10624	73.625 	 7.180 	 50.195
FD10624	73.750 	 6.836 	 47.726
FD10624	73.875 	 7.180 	 50.194
FD10624	74.000 	 7.479 	 47.490
FD10624	74.125 	 7.180 	 50.194
FD10624	74.250 	 7.180 	 50.195
FD10624	74.375 	 7.180 	 50.194
FD10624	74.500 	 6.837 	 47.726
FD10624	74.625 	 7.479 	 47.490
FD10624	74.750 	 7.180 	 50.194
FD10624	74.875 	 7.180 	 50.194
FD10624	75.000 	 7.180 	 50.194
FD10624	75.125 	 7.539 	 47.490
FD10624	75.250 	 6.836 	 47.726
FD10624	75.375 	 7.180 	 50.194
FD10624	75.500 	 7.180 	 50.195
FD10624	75.625 	 7.479 	 47.490
FD10624	75.750 	 7.180 	 50.194
FD10624	75.875 	 7.180 	 50.194
FD10624	76.000 	 6.836 	 47.726
FD10624	76.125 	 7.180 	 50.194
FD10624	76.250 	 7.479 	 47.490
FD10624	76.375 	 7.180 	 50.194
FD10624	76.500 	 7.180 	 50.194
FD10624	76.625 	 7.180 	 50.195
FD10624	76.750 	 7.151 	 45.000
FD10624	76.875 	 7.238 	 50.195
FD10624	77.000 	 7.180 	 50.194
FD10624	77.125 	 7.180 	 50.194
FD10624	77.250 	 7.479 	 47.489
FD10624	77.375 	 6.836 	 47.726
FD10624	77.500 	 7.180 	 50.195
FD10624	77.625 	 7.180 	 50.194
FD10624	77.750 	 7.180 	 50.194
FD10624	77.875 	 7.479 	 47.490
FD10624	78.000 	 7.180 	 50.195
FD10624	78.125 	 6.836 	 47.726
FD10624	78.250 	 7.180 	 50.195
FD10624	78.375 	 7.479 	 47.489
FD10624	78.500 	 7.238 	 50.194
FD10624	78.625 	 7.180 	 50.195
FD10624	78.750 	 7.180 	 50.194
FD10624	78.875 	 7.151 	 45.000
FD10624	79.000 	 7.180 	 50.194
FD10624	79.125 	 7.180 	 50.194
FD10624	79.250 	 7.180 	 50.194
FD10624	79.375 	 7.180 	 50.195
FD10624	79.500 	 7.479 	 47.489
FD10624	79.625 	 6.836 	 47.726
FD10624	79.750 	 7.180 	 50.194
FD10624	79.875 	 7.180 	 50.194
FD10624	80.000 	 7.479 	 47.490
FD10624	80.125 	 7.238 	 50.194
FD10624	80.250 	 7.180 	 50.194
FD10624	80.375 	 6.836 	 47.726
FD10624	80.500 	 7.479 	 47.489
FD10624	80.625 	 7.180 	 50.194
FD10624	80.750 	 7.180 	 50.195
FD10624	80.875 	 7.180 	 50.194
FD10624	81.000 	 7.180 	 50.194
FD10624	81.125 	 7.151 	 45.000
FD10624	81.250 	 7.180 	 50.194
FD10624	81.375 	 7.180 	 50.195
FD10624	81.500 	 7.180 	 50.194
FD10624	81.625 	 7.479 	 47.489
FD10624	81.750 	 7.238 	 50.195
FD10624	81.875 	 6.836 	 47.726
FD10624	82.000 	 7.180 	 50.195
FD10624	82.125 	 7.479 	 47.490
FD10624	82.250 	 7.180 	 50.194
FD10624	82.375 	 7.180 	 50.194
FD10624	82.500 	 7.180 	 50.195
FD10624	82.625 	 6.837 	 47.726
FD10624	82.750 	 7.479 	 47.489
FD10624	82.875 	 7.180 	 50.194
FD10624	83.000 	 7.180 	 50.194
FD10624	83.125 	 7.180 	 50.195
FD10624	83.250 	 7.479 	 47.490
FD10624	83.375 	 6.836 	 47.726
FD10624	83.500 	 7.238 	 50.194
FD10624	83.625 	 7.180 	 50.194
FD10624	83.750 	 7.479 	 47.489
FD10624	83.875 	 7.180 	 50.195
FD10624	84.000 	 7.180 	 50.194
FD10624	84.125 	 6.836 	 47.726
FD10624	84.250 	 7.180 	 50.194
FD10624	84.375 	 7.479 	 47.490
FD10624	84.500 	 7.180 	 50.195
FD10624	84.625 	 7.180 	 50.194
FD10624	84.750 	 7.180 	 50.194
FD10624	84.875 	 7.151 	 45.000
FD10624	85.000 	 7.180 	 50.194
FD10624	85.125 	 7.238 	 50.194
FD10624	85.250 	 7.180 	 50.195
FD10624	85.375 	 7.479 	 47.490
FD10624	85.500 	 7.180 	 50.195
FD10624	85.625 	 6.836 	 47.726
FD10624	85.750 	 7.180 	 50.195
FD10624	85.875 	 7.180 	 50.194
FD10624	86.000 	 7.479 	 47.490
FD10624	86.125 	 7.180 	 50.194
FD10624	86.250 	 7.180 	 50.194
FD10624	86.375 	 6.836 	 47.727
FD10624	86.500 	 7.479 	 47.489
FD10624	86.625 	 7.180 	 50.195
FD10624	86.750 	 7.238 	 50.195
FD10624	86.875 	 7.180 	 50.194
FD10624	87.000 	 7.479 	 47.490
FD10624	87.125 	 6.836 	 47.726
FD10624	87.250 	 7.180 	 50.195
FD10624	87.375 	 7.180 	 50.193
FD10624	87.500 	 7.180 	 50.195
FD10624	87.625 	 7.479 	 47.490
FD10624	87.750 	 6.836 	 47.726
FD10624	87.875 	 7.180 	 50.195
FD10624	88.000 	 7.180 	 50.194
FD10624	88.125 	 7.479 	 47.490
FD10624	88.250 	 7.180 	 50.195
FD10624	88.375 	 7.237 	 50.194
FD10624	88.500 	 6.836 	 47.727
FD10624	88.625 	 7.479 	 47.489
FD10624	88.750 	 7.180 	 50.195
FD10624	88.875 	 7.180 	 50.195
FD10624	89.000 	 7.180 	 50.194
FD10624	89.125 	 7.180 	 50.195
FD10624	89.250 	 7.151 	 45.000
FD10624	89.375 	 7.180 	 50.195
FD10624	89.500 	 7.180 	 50.195
FD10624	89.625 	 7.180 	 50.194
FD10624	89.750 	 7.479 	 47.489
FD10624	89.875 	 7.180 	 50.195
FD10624	90.000 	 6.836 	 47.726
FD10624	90.125 	 15.220 	 49.970
FD10624	90.250 	 15.101 	 49.970
FD10624	90.375 	 15.179 	 47.490
FD10624	90.500 	 15.100 	 49.970
FD10624	90.625 	 14.766 	 48.814
FD10624	90.750 	 15.220 	 49.970
FD10624	90.875 	 14.765 	 48.814
FD10624	91.000 	 15.511 	 48.652
FD10624	91.125 	 14.765 	 48.814
FD10624	91.250 	 15.100 	 49.970
FD10624	91.375 	 14.883 	 48.814
FD10624	91.500 	 15.100 	 49.970
FD10624	91.625 	 15.220 	 49.970
FD10624	91.750 	 15.061 	 47.489
FD10624	91.875 	 15.100 	 49.970
FD10624	92.000 	 14.882 	 48.814
FD10624	92.125 	 15.100 	 49.970
FD10624	92.250 	 14.766 	 48.814
FD10624	92.375 	 15.510 	 48.653
FD10624	92.500 	 14.765 	 48.814
FD10624	92.625 	 15.221 	 49.970
FD10624	92.750 	 14.765 	 48.814
FD10624	92.875 	 15.100 	 49.970
FD10624	93.000 	 15.511 	 48.652
FD10624	93.125 	 14.765 	 48.814
FD10624	93.250 	 15.220 	 49.970
FD10624	93.375 	 14.766 	 48.814
FD10624	93.500 	 15.100 	 49.970
FD10624	93.625 	 14.882 	 48.814
FD10624	93.750 	 15.389 	 48.653
FD10624	93.875 	 14.882 	 48.814
FD10624	94.000 	 15.100 	 49.970
FD10624	94.125 	 14.766 	 48.814
FD10624	94.250 	 15.220 	 49.970
FD10624	94.375 	 15.388 	 48.652
FD10624	94.500 	 14.765 	 48.814
FD10624	94.625 	 15.221 	 49.970
FD10624	94.750 	 14.765 	 48.814
FD10624	94.875 	 15.220 	 49.970
FD10624	95.000 	 15.061 	 47.489
FD10624	95.125 	 15.100 	 49.970
FD10624	95.250 	 14.882 	 48.814
FD10624	95.375 	 15.101 	 49.970
FD10624	95.500 	 14.882 	 48.813
FD10624	95.625 	 15.100 	 49.970
FD10624	95.750 	 15.389 	 48.652
FD10624	95.875 	 14.882 	 48.814
FD10624	96.000 	 15.100 	 49.969
FD10624	96.125 	 14.766 	 48.814
FD10624	96.250 	 15.220 	 49.970
FD10624	96.375 	 15.060 	 47.490
FD10624	96.500 	 15.221 	 49.970
FD10624	96.625 	 14.765 	 48.813
FD10624	96.750 	 15.100 	 49.970
FD10624	96.875 	 14.883 	 48.814
FD10624	97.000 	 15.388 	 48.653
FD10624	97.125 	 15.220 	 49.969
FD10624	97.250 	 14.765 	 48.814
FD10624	97.375 	 15.101 	 49.970
FD10624	97.500 	 14.882 	 48.814
FD10624	97.625 	 15.100 	 49.970
FD10624	97.750 	 15.180 	 47.489
FD10624	97.875 	 15.100 	 49.970
FD10624	98.000 	 14.765 	 48.814
FD10624	98.125 	 15.221 	 49.970
FD10624	98.250 	 14.765 	 48.814
FD10624	98.375 	 15.388 	 48.652
FD10624	98.500 	 15.221 	 49.970
FD10624	98.625 	 14.765 	 48.814
FD10624	98.750 	 15.220 	 49.970
FD10624	98.875 	 14.766 	 48.814
FD10624	99.000 	 15.100 	 49.970
FD10624	99.125 	 15.179 	 47.489
FD10624	99.250 	 15.100 	 49.970
FD10624	99.375 	 14.883 	 48.814
FD10624	99.500 	 15.100 	 49.969
FD10624	99.625 	 14.765 	 48.814
FD10624	99.750 	 15.511 	 48.653
FD10624	99.875 	 14.765 	 48.814
FD10624	100.000 	 15.220 	 49.969
FD10624	100.125 	 15.101 	 49.970
FD10624	100.250 	 14.765 	 48.814
FD10624	100.375 	 15.510 	 48.653
FD10624	100.500 	 14.766 	 48.813
FD10624	100.625 	 15.100 	 49.970
FD10624	100.750 	 14.882 	 48.814
FD10624	100.875 	 15.101 	 49.970
FD10624	101.000 	 14.882 	 48.814
FD10624	101.125 	 15.388 	 48.652
FD10624	101.250 	 14.766 	 48.814
FD10624	101.375 	 15.220 	 49.970
FD10624	101.500 	 15.100 	 49.969
FD10624	101.625 	 14.883 	 48.814
FD10624	101.750 	 15.388 	 48.652
FD10624	101.875 	 14.765 	 48.814
FD10624	102.000 	 15.220 	 49.970
FD10624	102.125 	 14.766 	 48.814
FD10624	102.250 	 15.220 	 49.970
FD10624	102.375 	 15.060 	 47.489
FD10624	102.500 	 15.101 	 49.970
FD10624	102.625 	 14.882 	 48.814
FD10624	102.750 	 15.100 	 49.970
FD10624	102.875 	 15.101 	 49.969
FD10624	103.000 	 14.882 	 48.814
FD10624	103.125 	 15.388 	 48.653
FD10624	103.250 	 14.883 	 48.814
FD10624	103.375 	 15.100 	 49.969
FD10624	103.500 	 14.765 	 48.814
FD10624	103.625 	 15.221 	 49.970
FD10624	103.750 	 15.060 	 47.489
FD10624	103.875 	 15.220 	 49.970
FD10624	104.000 	 14.766 	 48.814
FD10624	104.125 	 15.100 	 49.970
FD10624	104.250 	 15.220 	 49.969
FD10624	104.375 	 15.060 	 47.490
FD10624	104.500 	 15.101 	 49.969
FD10624	104.625 	 14.882 	 48.814
FD10624	104.750 	 15.100 	 49.970
FD10624	104.875 	 14.883 	 48.814
FD10624	105.000 	 15.100 	 49.970
FD10624	105.125 	 15.060 	 47.489
FD10624	105.250 	 15.221 	 49.970
FD10624	105.375 	 14.765 	 48.814
FD10624	105.500 	 15.220 	 49.970
FD10624	105.625 	 15.101 	 49.969
FD10624	105.750 	 15.060 	 47.489
FD10624	105.875 	 15.220 	 49.970
FD10624	106.000 	 14.766 	 48.814
FD10624	106.125 	 15.220 	 49.969
FD10624	106.250 	 14.765 	 48.814
FD10624	106.375 	 15.388 	 48.653
FD10624	106.500 	 14.883 	 48.814
FD10624	106.625 	 15.100 	 49.970
FD10624	106.750 	 14.765 	 48.814
FD10624	106.875 	 15.221 	 49.969
FD10624	107.000 	 15.100 	 49.969
FD10624	107.125 	 15.179 	 47.490
FD10624	107.250 	 15.101 	 49.970
FD10624	107.375 	 14.765 	 48.814
FD10624	107.500 	 15.220 	 49.969
FD10624	107.625 	 14.766 	 48.814
FD10624	107.750 	 15.510 	 48.653
FD10624	107.875 	 14.765 	 48.813
FD10624	108.000 	 15.101 	 49.970
FD10624	108.125 	 14.882 	 48.814
FD10624	108.250 	 15.100 	 49.970
FD10624	108.375 	 15.221 	 49.970
FD10624	108.500 	 15.060 	 47.489
FD10624	108.625 	 15.100 	 49.970
FD10624	108.750 	 14.883 	 48.814
FD10624	108.875 	 15.100 	 49.969
FD10624	109.000 	 14.765 	 48.814
FD10624	109.125 	 15.510 	 48.652
FD10624	109.250 	 14.766 	 48.814
FD10624	109.375 	 15.220 	 49.969
FD10624	109.500 	 14.765 	 48.814
FD10624	109.625 	 15.101 	 49.970
FD10624	109.750 	 15.510 	 48.652
FD10624	109.875 	 14.765 	 48.814
FD10624	110.000 	 15.221 	 49.970
FD10624	110.125 	 14.765 	 48.814
FD10624	110.250 	 15.100 	 49.969
FD10624	110.375 	 14.883 	 48.814
FD10624	110.500 	 15.388 	 48.653
FD10624	110.625 	 14.882 	 48.814
FD10624	110.750 	 15.101 	 49.969
FD10624	110.875 	 14.765 	 48.814
FD10624	111.000 	 15.220 	 49.970
FD10624	111.125 	 15.389 	 48.653
FD10624	111.250 	 14.765 	 48.814
FD10624	111.375 	 15.220 	 49.969
FD10624	111.500 	 14.765 	 48.814
FD10624	111.625 	 15.221 	 49.969
FD10624	111.750 	 15.060 	 47.490
FD10624	111.875 	 15.100 	 49.969
FD10624	112.000 	 14.883 	 48.814
FD10624	112.125 	 15.100 	 49.969
FD10624	112.250 	 14.882 	 48.814
FD10624	112.375 	 15.101 	 49.970
FD10624	112.500 	 15.388 	 48.652
FD10624	112.625 	 14.882 	 48.814
FD10624	112.750 	 15.101 	 49.970
FD10624	112.875 	 14.765 	 48.814
FD10624	113.000 	 15.220 	 49.970
FD10624	113.125 	 15.061 	 47.489
FD10624	113.250 	 15.220 	 49.970
FD10624	113.375 	 14.765 	 48.814
FD10624	113.500 	 15.100 	 49.969
FD10624	113.625 	 14.883 	 48.814
FD10624	113.750 	 15.388 	 48.653
FD10624	113.875 	 15.220 	 49.970
FD10624	114.000 	 14.765 	 48.814
FD10624	114.125 	 15.100 	 49.970
FD10624	114.250 	 14.882 	 48.814
FD10624	114.375 	 15.101 	 49.970
FD10624	114.500 	 15.179 	 47.489
FD10624	114.625 	 15.100 	 49.970
FD10624	114.750 	 14.766 	 48.814
FD10624	114.875 	 15.220 	 49.969
FD10624	115.000 	 14.765 	 48.814
FD10624	115.125 	 15.389 	 48.653
FD10624	115.250 	 15.220 	 49.969
FD10624	115.375 	 14.765 	 48.814
FD10624	115.500 	 15.221 	 49.970
FD10624	115.625 	 14.765 	 48.814
FD10624	115.750 	 15.388 	 48.653
FD10624	115.875 	 14.883 	 48.813
FD10624	116.000 	 15.100 	 49.970
FD10624	116.125 	 14.882 	 48.814
FD10624	116.250 	 15.100 	 49.970
FD10624	116.375 	 14.765 	 48.814
FD10624	116.500 	 15.510 	 48.652
FD10624	116.625 	 15.100 	 49.970
FD10624	116.750 	 14.883 	 48.814
FD10624	116.875 	 15.100 	 49.970
FD10624	117.000 	 14.765 	 48.814
FD10624	117.125 	 15.511 	 48.652
FD10624	117.250 	 14.765 	 48.814
FD10624	117.375 	 15.100 	 49.970
FD10624	117.500 	 14.883 	 48.814
FD10624	117.625 	 15.100 	 49.970
FD10624	117.750 	 14.882 	 48.814
FD10624	117.875 	 15.389 	 48.652
FD10624	118.000 	 15.100 	 49.970
FD10624	118.125 	 14.882 	 48.814
FD10624	118.250 	 15.101 	 49.970
FD10624	118.375 	 14.882 	 48.814
FD10624	118.500 	 15.388 	 48.651
FD10624	118.625 	 14.765 	 48.814
FD10624	118.750 	 15.221 	 49.971
FD10624	118.875 	 14.764 	 48.813
FD10624	119.000 	 15.221 	 49.969
FD10624	119.125 	 15.060 	 47.491
FD10624	119.250 	 15.100 	 49.969
FD10624	119.375 	 15.220 	 49.969
FD10624	119.500 	 14.766 	 48.814
FD10624	119.625 	 15.101 	 49.969
FD10624	119.750 	 14.882 	 48.813
FD10624	119.875 	 15.389 	 48.654
FD10624	120.000 	 14.882 	 48.814
FD10624	120.125 	 22.524 	 46.685
FD10624	120.250 	 22.690 	 44.999
FD10624	120.375 	 22.993 	 45.831
FD10624	120.500 	 22.218 	 45.855
FD10624	120.625 	 22.991 	 45.831
FD10624	120.750 	 22.393 	 45.855
FD10624	120.875 	 22.691 	 45.000
FD10624	121.000 	 22.524 	 46.685
FD10624	121.125 	 22.689 	 45.000
FD10624	121.250 	 22.700 	 46.685
FD10624	121.375 	 22.515 	 45.000
FD10624	121.500 	 22.991 	 45.830
FD10624	121.625 	 22.393 	 45.855
FD10624	121.750 	 22.992 	 45.831
FD10624	121.875 	 22.217 	 45.855
FD10624	122.000 	 22.993 	 45.831
FD10624	122.125 	 22.392 	 45.855
FD10624	122.250 	 22.515 	 45.001
FD10624	122.375 	 22.991 	 45.830
FD10624	122.500 	 22.393 	 45.855
FD10624	122.625 	 22.992 	 45.830
FD10624	122.750 	 22.217 	 45.855
FD10624	122.875 	 22.992 	 45.831
FD10624	123.000 	 22.393 	 45.855
FD10624	123.125 	 22.813 	 45.830
FD10624	123.250 	 22.691 	 45.001
FD10624	123.375 	 22.700 	 46.685
FD10624	123.500 	 22.691 	 45.000
FD10624	123.625 	 22.217 	 45.855
FD10624	123.750 	 22.992 	 45.831
FD10624	123.875 	 22.393 	 45.855
FD10624	124.000 	 22.813 	 45.830
FD10624	124.125 	 22.393 	 45.855
FD10624	124.250 	 22.992 	 45.830
FD10624	124.375 	 22.689 	 45.000
FD10624	124.500 	 22.524 	 46.685
FD10624	124.625 	 22.691 	 44.999
FD10624	124.750 	 22.700 	 46.685
FD10624	124.875 	 22.514 	 45.001
FD10624	125.000 	 22.392 	 45.855
FD10624	125.125 	 22.993 	 45.831
FD10624	125.250 	 22.690 	 44.999
FD10624	125.375 	 22.524 	 46.685
FD10624	125.500 	 22.691 	 45.001
FD10624	125.625 	 22.698 	 46.685
FD10624	125.750 	 22.515 	 45.000
FD10624	125.875 	 22.700 	 46.685
FD10624	126.000 	 22.691 	 45.000
FD10624	126.125 	 22.991 	 45.831
FD10624	126.250 	 22.218 	 45.855
FD10624	126.375 	 22.691 	 45.000
FD10624	126.500 	 22.698 	 46.685
FD10624	126.625 	 22.515 	 45.000
FD10624	126.750 	 22.700 	 46.685
FD10624	126.875 	 22.690 	 44.999
FD10624	127.000 	 22.700 	 46.685
FD10624	127.125 	 22.515 	 45.001
FD10624	127.250 	 22.992 	 45.830
FD10624	127.375 	 22.391 	 45.855
FD10624	127.500 	 22.814 	 45.831
FD10624	127.625 	 22.393 	 45.854
FD10624	127.750 	 22.690 	 45.001
FD10624	127.875 	 22.700 	 46.685
FD10624	128.000 	 22.515 	 45.000
FD10624	128.125 	 22.991 	 45.831
FD10624	128.250 	 22.393 	 45.855
FD10624	128.375 	 22.815 	 45.830
FD10624	128.500 	 22.391 	 45.855
FD10624	128.625 	 22.992 	 45.831
FD10624	128.750 	 22.393 	 45.855
FD10624	128.875 	 22.815 	 45.830
FD10624	129.000 	 22.690 	 45.000
FD10624	129.125 	 22.392 	 45.855
FD10624	129.250 	 22.814 	 45.831
FD10624	129.375 	 22.391 	 45.855
FD10624	129.500 	 22.992 	 45.830
FD10624	129.625 	 22.393 	 45.855
FD10624	129.750 	 22.813 	 45.831
FD10624	129.875 	 22.393 	 45.855
FD10624	130.000 	 22.992 	 45.830
FD10624	130.125 	 22.515 	 44.999
FD10624	130.250 	 22.698 	 46.685
FD10624	130.375 	 22.692 	 45.001
FD10624	130.500 	 22.391 	 45.855
FD10624	130.625 	 22.815 	 45.830
FD10624	130.750 	 22.391 	 45.855
FD10624	130.875 	 22.991 	 45.831
FD10624	131.000 	 22.515 	 44.999
FD10624	131.125 	 22.701 	 46.685
FD10624	131.250 	 22.690 	 45.000
FD10624	131.375 	 22.698 	 46.685
FD10624	131.500 	 22.515 	 45.001
FD10624	131.625 	 22.698 	 46.685
FD10624	131.750 	 22.692 	 44.999
FD10624	131.875 	 22.515 	 45.001
FD10624	132.000 	 22.698 	 46.685
FD10624	132.125 	 22.690 	 45.000
FD10624	132.250 	 22.701 	 46.685
FD10624	132.375 	 22.515 	 45.000
FD10624	132.500 	 22.699 	 46.685
FD10624	132.625 	 22.690 	 44.999
FD10624	132.750 	 22.524 	 46.685
FD10624	132.875 	 22.690 	 45.000
FD10624	133.000 	 22.993 	 45.831
FD10624	133.125 	 22.391 	 45.855
FD10624	133.250 	 22.515 	 44.999
FD10624	133.375 	 22.698 	 46.685
FD10624	133.500 	 22.692 	 45.001
FD10624	133.625 	 22.524 	 46.685
FD10624	133.750 	 22.690 	 45.000
FD10624	133.875 	 22.991 	 45.830
FD10624	134.000 	 22.394 	 45.855
FD10624	134.125 	 22.812 	 45.831
FD10624	134.250 	 22.394 	 45.855
FD10624	134.375 	 22.991 	 45.830
FD10624	134.500 	 22.219 	 45.855
FD10624	134.625 	 22.991 	 45.831
FD10624	134.750 	 22.693 	 45.000
FD10624	134.875 	 22.391 	 45.855
FD10624	135.000 	 22.815 	 45.830
FD10624	135.125 	 22.391 	 45.855
FD10624	135.250 	 22.993 	 45.831
FD10624	135.375 	 22.216 	 45.855
FD10624	135.500 	 22.994 	 45.830
FD10624	135.625 	 22.391 	 45.855
FD10624	135.750 	 22.993 	 45.831
FD10624	135.875 	 22.512 	 44.999
FD10624	136.000 	 22.701 	 46.685
FD10624	136.125 	 22.690 	 45.000
FD10624	136.250 	 22.219 	 45.855
FD10624	136.375 	 22.991 	 45.831
FD10624	136.500 	 22.394 	 45.855
FD10624	136.625 	 22.991 	 45.830
FD10624	136.750 	 22.515 	 45.001
FD10624	136.875 	 22.698 	 46.685
FD10624	137.000 	 22.693 	 45.000
FD10624	137.125 	 22.521 	 46.685
FD10624	137.250 	 22.692 	 45.001
FD10624	137.375 	 22.698 	 46.685
FD10624	137.500 	 22.690 	 44.999
FD10624	137.625 	 22.219 	 45.855
FD10624	137.750 	 22.994 	 45.830
FD10624	137.875 	 22.690 	 45.001
FD10624	138.000 	 22.698 	 46.685
FD10624	138.125 	 22.515 	 44.999
FD10624	138.250 	 22.701 	 46.685
FD10624	138.375 	 22.689 	 45.000
FD10624	138.500 	 22.524 	 46.685
FD10624	138.625 	 22.690 	 45.000
FD10624	138.750 	 22.991 	 45.830
FD10624	138.875 	 22.219 	 45.855
FD10624	139.000 	 22.692 	 45.000
FD10624	139.125 	 22.698 	 46.685
FD10624	139.250 	 22.690 	 45.000
FD10624	139.375 	 22.524 	 46.685
FD10624	139.500 	 22.692 	 45.001
FD10624	139.625 	 22.991 	 45.830
FD10624	139.750 	 22.391 	 45.855
FD10624	139.875 	 22.815 	 45.831
FD10624	140.000 	 22.391 	 45.855
FD10624	140.125 	 22.993 	 45.831
FD10624	140.250 	 22.219 	 45.855
FD10624	140.375 	 22.690 	 45.000
FD10624	140.500 	 22.698 	 46.685
FD10624	140.625 	 22.692 	 45.000
FD10624	140.750 	 22.815 	 45.830
FD10624	140.875 	 22.391 	 45.855
FD10624	141.000 	 22.991 	 45.831
FD10624	141.125 	 22.219 	 45.855
FD10624	141.250 	 22.991 	 45.831
FD10624	141.375 	 22.394 	 45.855
FD10624	141.500 	 22.991 	 45.831
FD10624	141.625 	 22.515 	 45.000
FD10624	141.750 	 22.391 	 45.855
FD10624	141.875 	 22.994 	 45.830
FD10624	142.000 	 22.219 	 45.855
FD10624	142.125 	 22.991 	 45.831
FD10624	142.250 	 22.391 	 45.855
FD10624	142.375 	 22.994 	 45.830
FD10624	142.500 	 22.513 	 45.000
FD10624	142.625 	 22.701 	 46.685
FD10624	142.750 	 22.690 	 45.001
FD10624	142.875 	 22.524 	 46.685
FD10624	143.000 	 22.690 	 45.000
FD10624	143.125 	 22.394 	 45.855
FD10624	143.250 	 22.991 	 45.831
FD10624	143.375 	 22.219 	 45.855
FD10624	143.500 	 22.991 	 45.830
FD10624	143.625 	 22.693 	 45.000
FD10624	143.750 	 22.521 	 46.685
FD10624	143.875 	 22.692 	 45.000
FD10624	144.000 	 22.699 	 46.685
FD10624	144.125 	 22.690 	 44.999
FD10624	144.250 	 22.524 	 46.685
FD10624	144.375 	 22.692 	 45.001
FD10624	144.500 	 22.690 	 44.999
FD10624	144.625 	 22.524 	 46.685
FD10624	144.750 	 22.690 	 44.999
FD10624	144.875 	 22.701 	 46.685
FD10624	145.000 	 22.690 	 45.001
FD10624	145.125 	 22.524 	 46.685
FD10624	145.250 	 22.690 	 45.000
FD10624	145.375 	 22.991 	 45.831
FD10624	145.500 	 22.218 	 45.855
FD10624	145.625 	 22.994 	 45.831
FD10624	145.750 	 22.391 	 45.855
FD10624	145.875 	 22.690 	 45.001
FD10624	146.000 	 22.524 	 46.685
FD10624	146.125 	 22.692 	 44.999
FD10624	146.250 	 22.699 	 46.685
FD10624	146.375 	 22.515 	 44.999
FD10624	146.500 	 22.991 	 45.831
FD10624	146.625 	 22.391 	 45.855
FD10624	146.750 	 22.994 	 45.830
FD10624	146.875 	 22.219 	 45.855
FD10624	147.000 	 22.991 	 45.831
FD10624	147.125 	 22.391 	 45.855
FD10624	147.250 	 22.515 	 45.000
FD10624	147.375 	 22.994 	 45.830
FD10624	147.500 	 22.391 	 45.855
FD10624	147.625 	 22.991 	 45.831
FD10624	147.750 	 22.219 	 45.855
FD10624	147.875 	 22.991 	 45.829
FD10624	148.000 	 22.394 	 45.855
FD10624	148.125 	 22.814 	 45.831
FD10624	148.250 	 22.690 	 45.000
FD10624	148.375 	 22.698 	 46.685
FD10624	148.500 	 22.693 	 45.000
FD10624	148.625 	 22.219 	 45.855
FD10624	148.750 	 22.991 	 45.830
FD10624	148.875 	 22.391 	 45.856
FD10624	149.000 	 22.815 	 45.830
FD10624	149.125 	 22.391 	 45.855
FD10624	149.250 	 22.994 	 45.830
FD10624	149.375 	 22.690 	 45.000
FD10624	149.500 	 22.523 	 46.685
FD10624	149.625 	 22.690 	 45.000
FD10624	149.750 	 22.701 	 46.684
FD10624	149.875 	 22.515 	 45.000
FD10624	150.000 	 22.698 	 46.685
FD10624	150.125 	 27.294 	 44.293
FD10624	150.250 	 27.297 	 44.292
FD10624	150.375 	 27.579 	 45.001
FD10624	150.500 	 27.297 	 44.292
FD10624	150.625 	 27.580 	 45.000
FD10624	150.750 	 27.297 	 44.293
FD10624	150.875 	 27.294 	 44.292
FD10624	151.000 	 27.583 	 45.000
FD10624	151.125 	 27.294 	 44.294
FD10624	151.250 	 27.582 	 44.999
FD10624	151.375 	 27.294 	 44.293
FD10624	151.500 	 27.297 	 45.708
FD10624	151.625 	 27.294 	 44.292
FD10624	151.750 	 27.507 	 44.293
FD10624	151.875 	 27.583 	 45.000
FD10624	152.000 	 27.297 	 44.292
FD10624	152.125 	 27.580 	 45.000
FD10624	152.250 	 27.296 	 44.293
FD10624	152.375 	 27.580 	 45.000
FD10624	152.500 	 27.297 	 44.293
FD10624	152.625 	 27.294 	 44.292
FD10624	152.750 	 27.583 	 45.000
FD10624	152.875 	 27.294 	 44.294
FD10624	153.000 	 27.582 	 44.999
FD10624	153.125 	 27.004 	 45.000
FD10624	153.250 	 27.582 	 45.001
FD10624	153.375 	 27.294 	 44.292
FD10624	153.500 	 27.297 	 44.293
FD10624	153.625 	 27.580 	 45.000
FD10624	153.750 	 27.297 	 44.292
FD10624	153.875 	 27.580 	 45.000
FD10624	154.000 	 27.296 	 44.293
FD10624	154.125 	 27.294 	 44.293
FD10624	154.250 	 27.583 	 45.000
FD10624	154.375 	 27.294 	 44.292
FD10624	154.500 	 27.583 	 45.000
FD10624	154.625 	 27.003 	 45.001
FD10624	154.750 	 27.582 	 44.999
FD10624	154.875 	 27.294 	 44.293
FD10624	155.000 	 27.297 	 44.293
FD10624	155.125 	 27.579 	 45.000
FD10624	155.250 	 27.297 	 44.293
FD10624	155.375 	 27.580 	 45.000
FD10624	155.500 	 27.297 	 44.292
FD10624	155.625 	 27.795 	 45.000
FD10624	155.750 	 27.293 	 44.293
FD10624	155.875 	 27.297 	 44.293
FD10624	156.000 	 27.580 	 45.000
FD10624	156.125 	 27.297 	 44.292
FD10624	156.250 	 27.294 	 45.708
FD10624	156.375 	 27.297 	 44.293
FD10624	156.500 	 27.579 	 44.999
FD10624	156.625 	 27.297 	 44.293
FD10624	156.750 	 27.294 	 44.293
FD10624	156.875 	 27.582 	 45.000
FD10624	157.000 	 27.294 	 44.293
FD10624	157.125 	 27.583 	 45.000
FD10624	157.250 	 27.294 	 44.292
FD10624	157.375 	 27.583 	 45.000
FD10624	157.500 	 27.294 	 44.294
FD10624	157.625 	 27.297 	 44.292
FD10624	157.750 	 27.580 	 45.000
FD10624	157.875 	 27.006 	 44.999
FD10624	158.000 	 27.579 	 45.001
FD10624	158.125 	 27.297 	 44.293
FD10624	158.250 	 27.294 	 44.292
FD10624	158.375 	 27.583 	 45.000
FD10624	158.500 	 27.294 	 44.293
FD10624	158.625 	 27.582 	 45.000
FD10624	158.750 	 27.294 	 44.293
FD10624	158.875 	 27.583 	 45.000
FD10624	159.000 	 27.294 	 44.292
FD10624	159.125 	 27.297 	 44.293
FD10624	159.250 	 27.579 	 45.001
FD10624	159.375 	 27.006 	 44.999
FD10624	159.500 	 27.580 	 45.000
FD10624	159.625 	 27.297 	 44.292
FD10624	159.750 	 27.794 	 45.001
FD10624	159.875 	 27.294 	 44.293
FD10624	160.000 	 27.297 	 44.292
FD10624	160.125 	 27.580 	 45.000
FD10624	160.250 	 27.297 	 44.293
FD10624	160.375 	 27.579 	 45.000
FD10624	160.500 	 27.297 	 44.293
FD10624	160.625 	 27.580 	 45.000
FD10624	160.750 	 27.297 	 44.292
FD10624	160.875 	 27.294 	 44.293
FD10624	161.000 	 27.297 	 45.708
FD10624	161.125 	 27.294 	 44.292
FD10624	161.250 	 27.583 	 45.000
FD10624	161.375 	 27.294 	 44.292
FD10624	161.500 	 27.582 	 45.001
FD10624	161.625 	 27.294 	 44.293
FD10624	161.750 	 27.297 	 44.292
FD10624	161.875 	 27.580 	 45.000
FD10624	162.000 	 27.297 	 44.293
FD10624	162.125 	 27.579 	 45.000
FD10624	162.250 	 27.297 	 44.293
FD10624	162.375 	 27.294 	 44.292
FD10624	162.500 	 27.297 	 45.707
FD10624	162.625 	 27.294 	 44.294
FD10624	162.750 	 27.583 	 45.000
FD10624	162.875 	 27.294 	 44.292
FD10624	163.000 	 27.583 	 45.000
FD10624	163.125 	 27.294 	 44.292
FD10624	163.250 	 27.297 	 44.294
FD10624	163.375 	 27.580 	 45.000
FD10624	163.500 	 27.297 	 44.292
FD10624	163.625 	 27.580 	 45.000
FD10624	163.750 	 27.507 	 44.293
FD10624	163.875 	 27.582 	 45.000
FD10624	164.000 	 27.294 	 44.293
FD10624	164.125 	 27.006 	 44.999
FD10624	164.250 	 27.583 	 45.000
FD10624	164.375 	 27.294 	 44.294
FD10624	164.500 	 27.583 	 45.000
FD10624	164.625 	 27.294 	 44.292
FD10624	164.750 	 27.583 	 45.000
FD10624	164.875 	 27.294 	 44.292
FD10624	165.000 	 27.297 	 44.294
FD10624	165.125 	 27.580 	 45.000
FD10624	165.250 	 27.297 	 44.292
FD10624	165.375 	 27.580 	 45.000
FD10624	165.500 	 27.297 	 44.293
FD10624	165.625 	 27.293 	 44.293
FD10624	165.750 	 27.297 	 45.707
FD10624	165.875 	 27.294 	 44.292
FD10624	166.000 	 27.583 	 45.000
FD10624	166.125 	 27.294 	 44.294
FD10624	166.250 	 27.583 	 45.000
FD10624	166.375 	 27.294 	 44.292
FD10624	166.500 	 27.297 	 44.293
FD10624	166.625 	 27.579 	 44.999
FD10624	166.750 	 27.297 	 44.294
FD10624	166.875 	 27.580 	 45.000
FD10624	167.000 	 27.297 	 44.292
FD10624	167.125 	 27.580 	 45.000
FD10624	167.250 	 27.006 	 45.001
FD10624	167.375 	 27.294 	 44.292
FD10624	167.500 	 27.583 	 45.000
FD10624	167.625 	 27.507 	 44.292
FD10624	167.750 	 27.580 	 45.000
FD10624	167.875 	 27.297 	 44.294
FD10624	168.000 	 27.580 	 45.000
FD10624	168.125 	 27.297 	 44.292
FD10624	168.250 	 27.294 	 44.293
FD10624	168.375 	 27.582 	 44.999
FD10624	168.500 	 27.294 	 44.294
FD10624	168.625 	 27.583 	 45.000
FD10624	168.750 	 27.294 	 44.292
FD10624	168.875 	 27.297 	 45.707
FD10624	169.000 	 27.294 	 44.294
FD10624	169.125 	 27.297 	 44.292
FD10624	169.250 	 27.580 	 45.000
FD10624	169.375 	 27.297 	 44.292
FD10624	169.500 	 27.580 	 45.000
FD10624	169.625 	 27.297 	 44.294
FD10624	169.750 	 27.294 	 44.292
FD10624	169.875 	 27.583 	 45.000
FD10624	170.000 	 27.294 	 44.293
FD10624	170.125 	 27.582 	 44.999
FD10624	170.250 	 27.294 	 44.294
FD10624	170.375 	 27.583 	 45.000
FD10624	170.500 	 27.003 	 44.999
FD10624	170.625 	 27.297 	 44.293
FD10624	170.750 	 27.579 	 45.001
FD10624	170.875 	 27.297 	 44.292
FD10624	171.000 	 27.580 	 45.000
FD10624	171.125 	 27.297 	 44.292
FD10624	171.250 	 27.580 	 45.000
FD10624	171.375 	 27.297 	 44.294
FD10624	171.500 	 27.294 	 44.292
FD10624	171.625 	 27.583 	 45.000
FD10624	171.750 	 27.507 	 44.293
FD10624	171.875 	 27.579 	 44.999
FD10624	172.000 	 27.006 	 45.001
FD10624	172.125 	 27.580 	 45.000
FD10624	172.250 	 27.297 	 44.292
FD10624	172.375 	 27.294 	 44.293
FD10624	172.500 	 27.582 	 45.001
FD10624	172.625 	 27.294 	 44.292
FD10624	172.750 	 27.583 	 45.000
FD10624	172.875 	 27.294 	 44.292
FD10624	173.000 	 27.297 	 44.293
FD10624	173.125 	 27.580 	 45.000
FD10624	173.250 	 27.296 	 44.293
FD10624	173.375 	 27.580 	 45.000
FD10624	173.500 	 27.297 	 44.293
FD10624	173.625 	 27.293 	 45.707
FD10624	173.750 	 27.297 	 44.293
FD10624	173.875 	 27.294 	 44.292
FD10624	174.000 	 27.583 	 45.000
FD10624	174.125 	 27.294 	 44.293
FD10624	174.250 	 27.582 	 45.001
FD10624	174.375 	 27.294 	 44.292
FD10624	174.500 	 27.583 	 45.000
FD10624	174.625 	 27.294 	 44.292
FD10624	174.750 	 27.297 	 44.293
FD10624	174.875 	 27.580 	 45.000
FD10624	175.000 	 27.296 	 44.293
FD10624	175.125 	 27.294 	 45.707
FD10624	175.250 	 27.297 	 44.293
FD10624	175.375 	 27.579 	 45.000
FD10624	175.500 	 27.297 	 44.293
FD10624	175.625 	 27.294 	 44.292
FD10624	175.750 	 27.795 	 45.000
FD10624	175.875 	 27.297 	 44.293
FD10624	176.000 	 27.580 	 45.000
FD10624	176.125 	 27.296 	 44.293
FD10624	176.250 	 27.580 	 45.000
FD10624	176.375 	 27.297 	 44.292
FD10624	176.500 	 27.297 	 44.293
FD10624	176.625 	 27.580 	 45.000
FD10624	176.750 	 27.006 	 45.000
FD10624	176.875 	 27.580 	 45.000
FD10624	177.000 	 27.297 	 44.293
FD10624	177.125 	 27.293 	 44.293
FD10624	177.250 	 27.583 	 45.000
FD10624	177.375 	 27.294 	 44.292
FD10624	177.500 	 27.583 	 45.000
FD10624	177.625 	 27.294 	 44.293
FD10624	177.750 	 27.583 	 45.000
FD10624	177.875 	 27.293 	 44.293
FD10624	178.000 	 27.297 	 44.293
FD10624	178.125 	 27.579 	 44.999
FD10624	178.250 	 27.297 	 44.293
FD10624	178.375 	 27.294 	 45.708
FD10624	178.500 	 27.297 	 44.292
FD10624	178.625 	 27.580 	 45.000
FD10624	178.750 	 27.297 	 44.293
FD10624	178.875 	 27.294 	 44.292
FD10624	179.000 	 27.582 	 45.001
FD10624	179.125 	 27.294 	 44.292
FD10624	179.250 	 27.583 	 45.000
FD10624	179.375 	 27.294 	 44.293
FD10624	179.500 	 27.583 	 45.000
FD10624	179.625 	 27.293 	 44.293
FD10624	179.750 	 27.507 	 44.293
FD10624	179.875 	 27.297 	 45.706
FD10624	180.000 	 27.294 	 44.293
FD10624	180.125 	 29.230 	 43.026
FD10624	180.250 	 29.165 	 43.667
FD10624	180.375 	 29.162 	 43.667
FD10624	180.500 	 28.889 	 42.980
FD10624	180.625 	 29.452 	 43.025
FD10624	180.750 	 29.165 	 43.667
FD10624	180.875 	 28.942 	 43.667
FD10624	181.000 	 29.456 	 43.025
FD10624	181.125 	 28.886 	 42.980
FD10624	181.250 	 29.165 	 43.667
FD10624	181.375 	 29.162 	 43.667
FD10624	181.500 	 29.456 	 43.026
FD10624	181.625 	 28.941 	 43.668
FD10624	181.750 	 28.889 	 42.977
FD10624	181.875 	 29.162 	 43.669
FD10624	182.000 	 29.456 	 43.025
FD10624	182.125 	 29.161 	 43.668
FD10624	182.250 	 28.890 	 42.978
FD10624	182.375 	 29.231 	 43.025
FD10624	182.500 	 29.165 	 43.667
FD10624	182.625 	 29.161 	 43.668
FD10624	182.750 	 29.165 	 43.667
FD10624	182.875 	 29.182 	 42.337
FD10624	183.000 	 29.165 	 43.667
FD10624	183.125 	 28.941 	 43.668
FD10624	183.250 	 29.162 	 43.667
FD10624	183.375 	 29.456 	 43.025
FD10624	183.500 	 28.890 	 42.978
FD10624	183.625 	 29.161 	 43.668
FD10624	183.750 	 29.165 	 43.667
FD10624	183.875 	 29.231 	 43.025
FD10624	184.000 	 29.162 	 43.667
FD10624	184.125 	 28.889 	 42.980
FD10624	184.250 	 29.456 	 43.025
FD10624	184.375 	 29.162 	 43.667
FD10624	184.500 	 29.165 	 43.667
FD10624	184.625 	 28.667 	 42.980
FD10624	184.750 	 29.452 	 43.025
FD10624	184.875 	 29.165 	 43.667
FD10624	185.000 	 29.162 	 43.669
FD10624	185.125 	 29.165 	 43.668
FD10624	185.250 	 29.185 	 42.336
FD10624	185.375 	 28.942 	 43.669
FD10624	185.500 	 29.162 	 43.667
FD10624	185.625 	 29.455 	 43.026
FD10624	185.750 	 29.162 	 43.667
FD10624	185.875 	 28.890 	 42.978
FD10624	186.000 	 29.165 	 43.667
FD10624	186.125 	 29.230 	 43.026
FD10624	186.250 	 29.162 	 43.667
FD10624	186.375 	 29.165 	 43.667
FD10624	186.500 	 28.886 	 42.980
FD10624	186.625 	 29.456 	 43.025
FD10624	186.750 	 29.162 	 43.667
FD10624	186.875 	 28.942 	 43.667
FD10624	187.000 	 28.889 	 42.980
FD10624	187.125 	 29.456 	 43.025
FD10624	187.250 	 29.162 	 43.667
FD10624	187.375 	 29.165 	 43.667
FD10624	187.500 	 29.452 	 43.025
FD10624	187.625 	 28.667 	 42.980
FD10624	187.750 	 29.165 	 43.667
FD10624	187.875 	 29.165 	 43.667
FD10624	188.000 	 29.452 	 43.025
FD10624	188.125 	 29.165 	 43.668
FD10624	188.250 	 28.886 	 42.978
FD10624	188.375 	 28.942 	 43.667
FD10624	188.500 	 29.456 	 43.025
FD10624	188.625 	 29.162 	 43.670
FD10624	188.750 	 29.165 	 43.667
FD10624	188.875 	 28.889 	 42.977
FD10624	189.000 	 29.453 	 43.026
FD10624	189.125 	 28.941 	 43.668
FD10624	189.250 	 29.165 	 43.667
FD10624	189.375 	 29.182 	 42.337
FD10624	189.500 	 29.165 	 43.667
FD10624	189.625 	 29.165 	 43.668
FD10624	189.750 	 29.162 	 43.667
FD10624	189.875 	 29.231 	 43.025
FD10624	190.000 	 28.890 	 42.978
FD10624	190.125 	 29.161 	 43.668
FD10624	190.250 	 29.165 	 43.667
FD10624	190.375 	 29.452 	 43.025
FD10624	190.500 	 29.165 	 43.667
FD10624	190.625 	 28.667 	 42.980
FD10624	190.750 	 29.456 	 43.025
FD10624	190.875 	 29.162 	 43.667
FD10624	191.000 	 29.165 	 43.667
FD10624	191.125 	 29.161 	 43.668
FD10624	191.250 	 29.185 	 42.337
FD10624	191.375 	 28.942 	 43.667
FD10624	191.500 	 29.165 	 43.667
FD10624	191.625 	 29.161 	 43.668
FD10624	191.750 	 29.185 	 42.337
FD10624	191.875 	 29.162 	 43.667
FD10624	192.000 	 29.165 	 43.667
FD10624	192.125 	 28.942 	 43.670
FD10624	192.250 	 29.452 	 43.025
FD10624	192.375 	 28.889 	 42.977
FD10624	192.500 	 29.165 	 43.670
FD10624	192.625 	 29.452 	 43.025
FD10624	192.750 	 29.165 	 43.667
FD10624	192.875 	 28.942 	 43.667
FD10624	193.000 	 28.886 	 42.980
FD10624	193.125 	 29.456 	 43.025
FD10624	193.250 	 29.165 	 43.667
FD10624	193.375 	 29.162 	 43.667
FD10624	193.500 	 29.165 	 43.668
FD10624	193.625 	 28.961 	 42.337
FD10624	193.750 	 29.162 	 43.667
FD10624	193.875 	 29.165 	 43.667
FD10624	194.000 	 29.452 	 43.025
FD10624	194.125 	 28.889 	 42.980
FD10624	194.250 	 29.165 	 43.667
FD10624	194.375 	 28.942 	 43.667
FD10624	194.500 	 29.452 	 43.025
FD10624	194.625 	 29.165 	 43.668
FD10624	194.750 	 28.886 	 42.978
FD10624	194.875 	 29.165 	 43.667
FD10624	195.000 	 29.456 	 43.025
FD10624	195.125 	 28.941 	 43.668
FD10624	195.250 	 29.162 	 43.669
FD10624	195.375 	 28.889 	 42.977
FD10624	195.500 	 29.452 	 43.025
FD10624	195.625 	 29.165 	 43.670
FD10624	195.750 	 29.162 	 43.667
FD10624	195.875 	 29.234 	 43.025
FD10624	196.000 	 28.886 	 42.978
FD10624	196.125 	 29.165 	 43.668
FD10624	196.250 	 29.161 	 43.668
FD10624	196.375 	 29.456 	 43.024
FD10624	196.500 	 28.886 	 42.980
FD10624	196.625 	 28.942 	 43.666
FD10624	196.750 	 29.165 	 43.668
FD10624	196.875 	 29.455 	 43.026
FD10624	197.000 	 29.162 	 43.666
FD10624	197.125 	 28.889 	 42.980
FD10624	197.250 	 29.453 	 43.024
FD10624	197.375 	 28.941 	 43.668
FD10624	197.500 	 29.165 	 43.668
FD10624	197.625 	 29.166 	 43.666
FD10624	197.750 	 29.181 	 42.338
FD10624	197.875 	 29.165 	 43.668
FD10624	198.000 	 29.162 	 43.666
FD10624	198.125 	 28.941 	 43.668
FD10624	198.250 	 29.456 	 43.024
FD10624	198.375 	 28.886 	 42.980
FD10624	198.500 	 29.165 	 43.668
FD10624	198.625 	 29.166 	 43.666
FD10624	198.750 	 29.452 	 43.026
FD10624	198.875 	 28.667 	 42.980
FD10624	199.000 	 29.166 	 43.666
FD10624	199.125 	 29.452 	 43.026
FD10624	199.250 	 29.166 	 43.666
FD10624	199.375 	 29.161 	 43.668
FD10624	199.500 	 28.889 	 42.980
FD10624	199.625 	 29.231 	 43.024
FD10624	199.750 	 29.165 	 43.668
FD10624	199.875 	 29.161 	 43.668
FD10624	200.000 	 29.166 	 43.666
FD10624	200.125 	 29.181 	 42.338
FD10624	200.250 	 29.166 	 43.666
FD10624	200.375 	 28.941 	 43.668
FD10624	200.500 	 29.165 	 43.668
FD10624	200.625 	 29.454 	 43.026
FD10624	200.750 	 28.888 	 42.977
FD10624	200.875 	 29.161 	 43.668
FD10624	201.000 	 29.457 	 43.026
FD10624	201.125 	 28.941 	 43.668
FD10624	201.250 	 29.165 	 43.668
FD10624	201.375 	 28.887 	 42.977
FD10624	201.500 	 29.455 	 43.026
FD10624	201.625 	 29.162 	 43.666
FD10624	201.750 	 29.165 	 43.668
FD10624	201.875 	 28.667 	 42.980
FD10624	202.000 	 29.453 	 43.024
FD10624	202.125 	 29.165 	 43.668
FD10624	202.250 	 29.165 	 43.668
FD10624	202.375 	 29.453 	 43.024
FD10624	202.500 	 28.889 	 42.980
FD10624	202.625 	 28.942 	 43.666
FD10624	202.750 	 29.161 	 43.668
FD10624	202.875 	 29.455 	 43.026
FD10624	203.000 	 29.166 	 43.666
FD10624	203.125 	 28.886 	 42.980
FD10624	203.250 	 29.165 	 43.668
FD10624	203.375 	 29.231 	 43.024
FD10624	203.500 	 29.161 	 43.668
FD10624	203.625 	 29.166 	 43.666
FD10624	203.750 	 28.886 	 42.980
FD10624	203.875 	 29.455 	 43.026
FD10624	204.000 	 29.166 	 43.666
FD10624	204.125 	 28.941 	 43.668
FD10624	204.250 	 29.182 	 42.336
FD10624	204.375 	 29.165 	 43.668
FD10624	204.500 	 29.161 	 43.668
FD10624	204.625 	 29.166 	 43.666
FD10624	204.750 	 29.455 	 43.026
FD10624	204.875 	 28.667 	 42.980
FD10624	205.000 	 29.162 	 43.666
FD10624	205.125 	 29.165 	 43.668
FD10624	205.250 	 29.453 	 43.024
FD10624	205.375 	 29.165 	 43.668
FD10624	205.500 	 28.886 	 42.980
FD10624	205.625 	 29.231 	 43.024
FD10624	205.750 	 29.165 	 43.668
FD10624	205.875 	 29.165 	 43.668
FD10624	206.000 	 29.162 	 43.666
FD10624	206.125 	 29.185 	 42.338
FD10624	206.250 	 29.162 	 43.666
FD10624	206.375 	 28.941 	 43.668
FD10624	206.500 	 29.165 	 43.668
FD10624	206.625 	 29.186 	 42.336
FD10624	206.750 	 29.161 	 43.668
FD10624	206.875 	 29.165 	 43.668
FD10624	207.000 	 29.162 	 43.666
FD10624	207.125 	 29.230 	 43.026
FD10624	207.250 	 28.889 	 42.980
FD10624	207.375 	 29.162 	 43.666
FD10624	207.500 	 29.455 	 43.026
FD10624	207.625 	 29.166 	 43.666
FD10624	207.750 	 29.162 	 43.671
FD10624	207.875 	 28.666 	 42.977
FD10624	208.000 	 29.456 	 43.024
FD10624	208.125 	 29.162 	 43.671
FD10624	208.250 	 29.165 	 43.668
FD10624	208.375 	 29.166 	 43.666
FD10624	208.500 	 29.181 	 42.338
FD10624	208.625 	 28.942 	 43.666
FD10624	208.750 	 29.165 	 43.668
FD10624	208.875 	 29.452 	 43.026
FD10624	209.000 	 28.890 	 42.977
FD10624	209.125 	 29.161 	 43.668
FD10624	209.250 	 29.165 	 43.668
FD10624	209.375 	 29.231 	 43.024
FD10624	209.500 	 29.165 	 43.668
FD10624	209.625 	 28.887 	 42.977
FD10624	209.750 	 29.165 	 43.668
FD10624	209.875 	 29.452 	 43.026
FD10624	210.000 	 29.166 	 43.666
FD10624	210.125 	 27.907 	 41.552
FD10624	210.250 	 27.550 	 41.470
FD10624	210.375 	 27.913 	 41.552
FD10624	210.500 	 28.124 	 41.552
FD10624	210.625 	 27.912 	 41.555
FD10624	210.750 	 28.125 	 41.549
FD10624	210.875 	 27.337 	 41.470
FD10624	211.000 	 28.124 	 41.552
FD10624	211.125 	 27.912 	 41.555
FD10624	211.250 	 28.126 	 41.552
FD10624	211.375 	 27.549 	 41.467
FD10624	211.500 	 27.908 	 41.555
FD10624	211.625 	 28.125 	 41.549
FD10624	211.750 	 27.912 	 41.555
FD10624	211.875 	 27.823 	 42.209
FD10624	212.000 	 27.643 	 40.812
FD10624	212.125 	 28.125 	 41.555
FD10624	212.250 	 27.911 	 41.552
FD10624	212.375 	 27.823 	 42.209
FD10624	212.500 	 28.126 	 41.552
FD10624	212.625 	 27.641 	 40.815
FD10624	212.750 	 28.125 	 41.555
FD10624	212.875 	 27.912 	 41.549
FD10624	213.000 	 27.823 	 42.209
FD10624	213.125 	 27.911 	 41.552
FD10624	213.250 	 27.859 	 40.815
FD10624	213.375 	 27.908 	 41.555
FD10624	213.500 	 27.822 	 42.206
FD10624	213.625 	 27.912 	 41.555
FD10624	213.750 	 27.858 	 40.812
FD10624	213.875 	 28.125 	 41.555
FD10624	214.000 	 27.608 	 42.209
FD10624	214.125 	 28.125 	 41.549
FD10624	214.250 	 27.912 	 41.555
FD10624	214.375 	 27.857 	 40.815
FD10624	214.500 	 27.910 	 41.552
FD10624	214.625 	 27.822 	 42.206
FD10624	214.750 	 27.912 	 41.555
FD10624	214.875 	 28.126 	 41.552
FD10624	215.000 	 27.641 	 40.815
FD10624	215.125 	 27.823 	 42.209
FD10624	215.250 	 28.124 	 41.552
FD10624	215.375 	 27.913 	 41.552
FD10624	215.500 	 28.125 	 41.555
FD10624	215.625 	 27.336 	 41.467
FD10624	215.750 	 28.129 	 41.552
FD10624	215.875 	 27.907 	 41.552
FD10624	216.000 	 28.125 	 41.555
FD10624	216.125 	 27.339 	 41.467
FD10624	216.250 	 28.126 	 41.552
FD10624	216.375 	 28.125 	 41.555
FD10624	216.500 	 27.907 	 41.552
FD10624	216.625 	 28.126 	 41.552
FD10624	216.750 	 27.339 	 41.467
FD10624	216.875 	 28.125 	 41.555
FD10624	217.000 	 27.910 	 41.552
FD10624	217.125 	 28.124 	 41.552
FD10624	217.250 	 27.611 	 42.209
FD10624	217.375 	 27.858 	 40.812
FD10624	217.500 	 27.908 	 41.555
FD10624	217.625 	 28.125 	 41.555
FD10624	217.750 	 27.822 	 42.206
FD10624	217.875 	 27.913 	 41.552
FD10624	218.000 	 27.857 	 40.815
FD10624	218.125 	 27.908 	 41.555
FD10624	218.250 	 27.826 	 42.204
FD10624	218.375 	 27.908 	 41.555
FD10624	218.500 	 27.858 	 40.817
FD10624	218.625 	 27.912 	 41.549
FD10624	218.750 	 28.125 	 41.555
FD10624	218.875 	 27.607 	 42.206
FD10624	219.000 	 28.125 	 41.555
FD10624	219.125 	 27.858 	 40.812
FD10624	219.250 	 27.912 	 41.555
FD10624	219.375 	 27.823 	 42.209
FD10624	219.500 	 27.908 	 41.549
FD10624	219.625 	 28.125 	 41.555
FD10624	219.750 	 27.645 	 40.815
FD10624	219.875 	 27.824 	 42.206
FD10624	220.000 	 27.908 	 41.555
FD10624	220.125 	 28.124 	 41.552
FD10624	220.250 	 27.913 	 41.552
FD10624	220.375 	 27.857 	 40.815
FD10624	220.500 	 27.823 	 42.209
FD10624	220.625 	 27.908 	 41.555
FD10624	220.750 	 28.125 	 41.549
FD10624	220.875 	 27.646 	 40.817
FD10624	221.000 	 27.822 	 42.206
FD10624	221.125 	 27.913 	 41.552
FD10624	221.250 	 28.125 	 41.555
FD10624	221.375 	 27.907 	 41.552
FD10624	221.500 	 27.550 	 41.470
FD10624	221.625 	 27.912 	 41.549
FD10624	221.750 	 28.125 	 41.555
FD10624	221.875 	 28.125 	 41.549
FD10624	222.000 	 27.608 	 42.209
FD10624	222.125 	 27.858 	 40.817
FD10624	222.250 	 27.911 	 41.552
FD10624	222.375 	 28.126 	 41.552
FD10624	222.500 	 27.907 	 41.552
FD10624	222.625 	 27.823 	 42.209
FD10624	222.750 	 27.646 	 40.812
FD10624	222.875 	 28.125 	 41.555
FD10624	223.000 	 28.125 	 41.555
FD10624	223.125 	 27.607 	 42.206
FD10624	223.250 	 27.859 	 40.815
FD10624	223.375 	 27.911 	 41.552
FD10624	223.500 	 28.125 	 41.555
FD10624	223.625 	 27.612 	 42.206
FD10624	223.750 	 28.124 	 41.552
FD10624	223.875 	 27.642 	 40.817
FD10624	224.000 	 28.125 	 41.549
FD10624	224.125 	 27.912 	 41.555
FD10624	224.250 	 27.823 	 42.209
FD10624	224.375 	 28.125 	 41.549
FD10624	224.500 	 27.642 	 40.817
FD10624	224.625 	 28.124 	 41.552
FD10624	224.750 	 27.611 	 42.209
FD10624	224.875 	 28.126 	 41.552
FD10624	225.000 	 27.641 	 40.815
FD10624	225.125 	 28.125 	 41.555
FD10624	225.250 	 27.611 	 42.204
FD10624	225.375 	 28.125 	 41.555
FD10624	225.500 	 27.907 	 41.552
FD10624	225.625 	 27.859 	 40.815
FD10624	225.750 	 27.823 	 42.209
FD10624	225.875 	 27.911 	 41.552
FD10624	226.000 	 28.125 	 41.555
FD10624	226.125 	 27.908 	 41.549
FD10624	226.250 	 27.861 	 40.817
FD10624	226.375 	 27.607 	 42.206
FD10624	226.500 	 28.126 	 41.552
FD10624	226.625 	 27.912 	 41.555
FD10624	226.750 	 28.124 	 41.552
FD10624	226.875 	 27.338 	 41.467
FD10624	227.000 	 28.124 	 41.552
FD10624	227.125 	 28.125 	 41.555
FD10624	227.250 	 27.913 	 41.552
FD10624	227.375 	 27.549 	 41.467
FD10624	227.500 	 27.908 	 41.555
FD10624	227.625 	 28.124 	 41.552
FD10624	227.750 	 27.913 	 41.552
FD10624	227.875 	 27.823 	 42.209
FD10624	228.000 	 27.641 	 40.815
FD10624	228.125 	 28.126 	 41.552
FD10624	228.250 	 28.124 	 41.552
FD10624	228.375 	 27.912 	 41.555
FD10624	228.500 	 27.823 	 42.209
FD10624	228.625 	 27.643 	 40.812
FD10624	228.750 	 28.128 	 41.555
FD10624	228.875 	 27.907 	 41.552
FD10624	229.000 	 27.824 	 42.206
FD10624	229.125 	 27.911 	 41.552
FD10624	229.250 	 27.858 	 40.817
FD10624	229.375 	 27.910 	 41.552
FD10624	229.500 	 27.822 	 42.206
FD10624	229.625 	 28.125 	 41.555
FD10624	229.750 	 27.646 	 40.812
FD10624	229.875 	 28.125 	 41.555
FD10624	230.000 	 27.907 	 41.552
FD10624	230.125 	 27.823 	 42.209
FD10624	230.250 	 27.913 	 41.552
FD10624	230.375 	 27.857 	 40.815
FD10624	230.500 	 27.908 	 41.555
FD10624	230.625 	 27.823 	 42.204
FD10624	230.750 	 27.912 	 41.555
FD10624	230.875 	 28.125 	 41.555
FD10624	231.000 	 27.858 	 40.812
FD10624	231.125 	 27.608 	 42.209
FD10624	231.250 	 28.124 	 41.552
FD10624	231.375 	 27.912 	 41.555
FD10624	231.500 	 28.126 	 41.552
FD10624	231.625 	 27.339 	 41.467
FD10624	231.750 	 28.125 	 41.555
FD10624	231.875 	 27.908 	 41.549
FD10624	232.000 	 28.125 	 41.555
FD10624	232.125 	 27.645 	 40.815
FD10624	232.250 	 27.824 	 42.206
FD10624	232.375 	 28.125 	 41.555
FD10624	232.500 	 27.907 	 41.552
FD10624	232.625 	 28.126 	 41.552
FD10624	232.750 	 27.339 	 41.467
FD10624	232.875 	 28.125 	 41.555
FD10624	233.000 	 27.908 	 41.555
FD10624	233.125 	 28.125 	 41.549
FD10624	233.250 	 27.611 	 42.209
FD10624	233.375 	 27.857 	 40.815
FD10624	233.500 	 27.910 	 41.552
FD10624	233.625 	 28.124 	 41.552
FD10624	233.750 	 28.125 	 41.555
FD10624	233.875 	 27.611 	 42.209
FD10624	234.000 	 27.858 	 40.812
FD10624	234.125 	 27.912 	 41.555
FD10624	234.250 	 28.124 	 41.552
FD10624	234.375 	 27.609 	 42.206
FD10624	234.500 	 27.858 	 40.817
FD10624	234.625 	 27.911 	 41.552
FD10624	234.750 	 28.126 	 41.552
FD10624	234.875 	 27.822 	 42.206
FD10624	235.000 	 27.908 	 41.555
FD10624	235.125 	 27.858 	 40.812
FD10624	235.250 	 27.912 	 41.555
FD10624	235.375 	 27.823 	 42.209
FD10624	235.500 	 27.907 	 41.552
FD10624	235.625 	 28.126 	 41.552
FD10624	235.750 	 27.645 	 40.815
FD10624	235.875 	 28.125 	 41.555
FD10624	236.000 	 27.609 	 42.206
FD10624	236.125 	 28.124 	 41.552
FD10624	236.250 	 28.125 	 41.555
FD10624	236.375 	 27.646 	 40.812
FD10624	236.500 	 27.823 	 42.209
FD10624	236.625 	 27.908 	 41.555
FD10624	236.750 	 28.127 	 41.552
FD10624	236.875 	 27.644 	 40.815
FD10624	237.000 	 27.822 	 42.206
FD10624	237.125 	 27.912 	 41.555
FD10624	237.250 	 28.125 	 41.549
FD10624	237.375 	 27.908 	 41.555
FD10624	237.500 	 27.550 	 41.470
FD10624	237.625 	 28.125 	 41.549
FD10624	237.750 	 27.912 	 41.555
FD10624	237.875 	 28.124 	 41.552
FD10624	238.000 	 27.910 	 41.552
FD10624	238.125 	 27.550 	 41.470
FD10624	238.250 	 27.911 	 41.552
FD10624	238.375 	 28.125 	 41.555
FD10624	238.500 	 27.908 	 41.549
FD10624	238.625 	 27.823 	 42.209
FD10624	238.750 	 27.645 	 40.815
FD10624	238.875 	 28.126 	 41.552
FD10624	239.000 	 28.125 	 41.555
FD10624	239.125 	 27.607 	 42.206
FD10624	239.250 	 27.858 	 40.817
FD10624	239.375 	 27.912 	 41.549
FD10624	239.500 	 28.125 	 41.555
FD10624	239.625 	 27.912 	 41.555
FD10624	239.750 	 27.823 	 42.204
FD10624	239.875 	 27.642 	 40.817
FD10624	240.000 	 28.124 	 41.552
FD10624	240.125 	 27.341 	 41.467
FD10624	240.250 	 27.336 	 41.467
FD10624	240.375 	 27.036 	 42.139
FD10624	240.500 	 27.128 	 41.467
FD10624	240.625 	 27.337 	 41.470
FD10624	240.750 	 27.339 	 41.467
FD10624	240.875 	 27.338 	 41.467
FD10624	241.000 	 27.339 	 41.467
FD10624	241.125 	 27.337 	 41.470
FD10624	241.250 	 26.761 	 41.378
FD10624	241.375 	 27.336 	 41.467
FD10624	241.500 	 27.340 	 41.470
FD10624	241.625 	 27.129 	 41.464
FD10624	241.750 	 27.337 	 41.470
FD10624	241.875 	 27.339 	 41.467
FD10624	242.000 	 27.337 	 41.470
FD10624	242.125 	 0.000 	 90.000
FD10624	242.250 	 0.000 	 90.000
FD10624	242.375 	 0.000 	 90.000
FD10624	242.500 	 0.000 	 90.000
FD10624	242.625 	 0.000 	 90.000
FD10624	242.750 	 0.000 	 90.000
FD10624	242.875 	 0.000 	 90.000
FD10624	243.000 	 0.000 	 90.000
FD10624	243.125 	 0.000 	 90.000
FD10624	243.250 	 0.000 	 90.000
FD10624	243.375 	 0.000 	 90.000
FD10624	243.500 	 0.000 	 90.000
FD10624	243.625 	 0.000 	 90.000
FD10624	243.750 	 0.000 	 90.000
FD10624	243.875 	 0.000 	 90.000
FD10624	244.000 	 0.000 	 90.000
FD10624	244.125 	 0.000 	 90.000
FD10624	244.250 	 0.000 	 90.000
FD10624	244.375 	 0.000 	 90.000
FD10624	244.500 	 0.000 	 90.000
FD10624	244.625 	 0.000 	 90.000
FD10624	244.750 	 0.000 	 90.000
FD10624	244.875 	 0.000 	 90.000
FD10624	245.000 	 0.000 	 90.000
FD10624	245.125 	 0.000 	 90.000
FD10624	245.250 	 0.000 	 90.000
FD10624	245.375 	 0.000 	 90.000
FD10624	245.500 	 0.000 	 90.000
FD10624	245.625 	 0.000 	 90.000
FD10624	245.750 	 0.000 	 90.000
FD10624	245.875 	 0.000 	 90.000
FD10624	246.000 	 0.000 	 90.000
FD10624	246.125 	 0.000 	 90.000
FD10624	246.250 	 0.000 	 90.000
FD10624	246.375 	 0.000 	 90.000
FD10624	246.500 	 0.000 	 90.000
FD10624	246.625 	 0.000 	 90.000
FD10624	246.750 	 0.000 	 90.000
FD10624	246.875 	 0.000 	 90.000
FD10624	247.000 	 0.000 	 90.000
FD10624	247.125 	 0.000 	 90.000
FD10624	247.250 	 0.000 	 90.000
FD10624	247.375 	 0.000 	 90.000
FD10624	247.500 	 0.000 	 90.000
FD10624	247.625 	 0.000 	 90.000
FD10624	247.750 	 0.000 	 90.000
FD10624	247.875 	 0.000 	 90.000
FD10624	248.000 	 0.000 	 90.000
FD10624	248.125 	 0.000 	 90.000
FD10624	248.250 	 0.000 	 90.000
FD10624	248.375 	 0.000 	 90.000
FD10624	248.500 	 0.000 	 90.000
FD10624	248.625 	 0.000 	 90.000
FD10624	248.750 	 0.000 	 90.000
FD10624	248.875 	 0.000 	 90.000
FD10624	249.000 	 0.000 	 90.000
FD10624	249.125 	 0.000 	 90.000
FD10624	249.250 	 0.000 	 90.000
FD10624	249.375 	 0.000 	 90.000
FD10624	249.500 	 0.000 	 90.000
FD10624	249.625 	 0.000 	 90.000
FD10624	249.750 	 0.000 	 90.000
FD10624	249.875 	 0.000 	 90.000
FD10624	250.000 	 0.000 	 90.000
FD10624	250.125 	 0.000 	 90.000
FD10624	250.250 	 0.000 	 90.000
FD10624	250.375 	 0.000 	 90.000
FD10624	250.500 	 0.000 	 90.000
FD10624	250.625 	 0.000 	 90.000
FD10624	250.750 	 0.000 	 90.000
FD10624	250.875 	 0.000 	 90.000
FD10624	251.000 	 0.000 	 90.000
FD10624	251.125 	 0.000 	 90.000
FD10624	251.250 	 0.000 	 90.000
FD10624	251.375 	 0.000 	 90.000
FD10624	251.500 	 0.000 	 90.000
FD10624	251.625 	 0.000 	 90.000
FD10624	251.750 	 0.000 	 90.000
FD10624	251.875 	 0.000 	 90.000
FD10624	252.000 	 0.000 	 90.000
