#WellName	 Depth.M	 INCL	 AZIM 
WellName	 Depth.M	 INCL	 AZIM 
FD10885	0.000 	 0.000 	 0.000
FD10885	0.125 	 0.000 	 90.000
FD10885	0.250 	 0.000 	 90.000
FD10885	0.375 	 0.000 	 90.000
FD10885	0.500 	 0.000 	 90.000
FD10885	0.625 	 0.000 	 90.000
FD10885	0.750 	 0.000 	 90.000
FD10885	0.875 	 0.000 	 90.000
FD10885	1.000 	 0.000 	 90.000
FD10885	1.125 	 0.000 	 90.000
FD10885	1.250 	 0.000 	 90.000
FD10885	1.375 	 0.000 	 90.000
FD10885	1.500 	 0.000 	 90.000
FD10885	1.625 	 0.000 	 90.000
FD10885	1.750 	 0.000 	 90.000
FD10885	1.875 	 0.000 	 90.000
FD10885	2.000 	 0.000 	 90.000
FD10885	2.125 	 0.000 	 90.000
FD10885	2.250 	 0.000 	 90.000
FD10885	2.375 	 0.000 	 90.000
FD10885	2.500 	 0.000 	 90.000
FD10885	2.625 	 0.000 	 90.000
FD10885	2.750 	 0.000 	 90.000
FD10885	2.875 	 0.000 	 90.000
FD10885	3.000 	 0.000 	 90.000
FD10885	3.125 	 0.000 	 90.000
FD10885	3.250 	 0.000 	 90.000
FD10885	3.375 	 0.000 	 90.000
FD10885	3.500 	 0.000 	 90.000
FD10885	3.625 	 0.000 	 90.000
FD10885	3.750 	 0.000 	 90.000
FD10885	3.875 	 0.000 	 90.000
FD10885	4.000 	 0.000 	 90.000
FD10885	4.125 	 0.000 	 90.000
FD10885	4.250 	 0.000 	 90.000
FD10885	4.375 	 0.000 	 90.000
FD10885	4.500 	 0.000 	 90.000
FD10885	4.625 	 0.000 	 90.000
FD10885	4.750 	 0.000 	 90.000
FD10885	4.875 	 0.000 	 90.000
FD10885	5.000 	 0.000 	 90.000
FD10885	5.125 	 0.000 	 90.000
FD10885	5.250 	 0.000 	 90.000
FD10885	5.375 	 0.000 	 90.000
FD10885	5.500 	 0.000 	 90.000
FD10885	5.625 	 0.000 	 90.000
FD10885	5.750 	 0.000 	 90.000
FD10885	5.875 	 0.000 	 90.000
FD10885	6.000 	 0.000 	 90.000
FD10885	6.125 	 0.000 	 90.000
FD10885	6.250 	 0.000 	 90.000
FD10885	6.375 	 0.000 	 90.000
FD10885	6.500 	 0.000 	 90.000
FD10885	6.625 	 0.000 	 90.000
FD10885	6.750 	 0.000 	 90.000
FD10885	6.875 	 0.000 	 90.000
FD10885	7.000 	 0.000 	 90.000
FD10885	7.125 	 0.000 	 90.000
FD10885	7.250 	 0.000 	 90.000
FD10885	7.375 	 0.000 	 90.000
FD10885	7.500 	 0.000 	 90.000
FD10885	7.625 	 0.000 	 90.000
FD10885	7.750 	 0.000 	 90.000
FD10885	7.875 	 0.000 	 90.000
FD10885	8.000 	 0.000 	 90.000
FD10885	8.125 	 0.000 	 90.000
FD10885	8.250 	 0.000 	 90.000
FD10885	8.375 	 0.000 	 90.000
FD10885	8.500 	 0.000 	 90.000
FD10885	8.625 	 0.000 	 90.000
FD10885	8.750 	 0.000 	 90.000
FD10885	8.875 	 0.000 	 90.000
FD10885	9.000 	 0.000 	 90.000
FD10885	9.125 	 0.000 	 90.000
FD10885	9.250 	 0.000 	 90.000
FD10885	9.375 	 0.000 	 90.000
FD10885	9.500 	 0.000 	 90.000
FD10885	9.625 	 0.000 	 90.000
FD10885	9.750 	 0.000 	 90.000
FD10885	9.875 	 0.000 	 90.000
FD10885	10.000 	 0.000 	 90.000
FD10885	10.125 	 0.000 	 90.000
FD10885	10.250 	 0.000 	 90.000
FD10885	10.375 	 0.000 	 90.000
FD10885	10.500 	 0.000 	 90.000
FD10885	10.625 	 0.000 	 90.000
FD10885	10.750 	 0.000 	 90.000
FD10885	10.875 	 0.000 	 90.000
FD10885	11.000 	 0.000 	 90.000
FD10885	11.125 	 0.000 	 90.000
FD10885	11.250 	 0.000 	 90.000
FD10885	11.375 	 0.000 	 90.000
FD10885	11.500 	 0.000 	 90.000
FD10885	11.625 	 0.000 	 90.000
FD10885	11.750 	 0.000 	 90.000
FD10885	11.875 	 0.000 	 90.000
FD10885	12.000 	 0.000 	 90.000
FD10885	12.125 	 0.000 	 90.000
FD10885	12.250 	 0.000 	 90.000
FD10885	12.375 	 0.000 	 90.000
FD10885	12.500 	 0.000 	 90.000
FD10885	12.625 	 0.000 	 90.000
FD10885	12.750 	 0.000 	 90.000
FD10885	12.875 	 0.000 	 90.000
FD10885	13.000 	 0.000 	 90.000
FD10885	13.125 	 0.000 	 90.000
FD10885	13.250 	 0.000 	 90.000
FD10885	13.375 	 0.000 	 90.000
FD10885	13.500 	 0.000 	 90.000
FD10885	13.625 	 0.000 	 90.000
FD10885	13.750 	 0.000 	 90.000
FD10885	13.875 	 0.000 	 90.000
FD10885	14.000 	 0.000 	 90.000
FD10885	14.125 	 0.000 	 90.000
FD10885	14.250 	 0.000 	 90.000
FD10885	14.375 	 0.000 	 90.000
FD10885	14.500 	 0.000 	 90.000
FD10885	14.625 	 0.000 	 90.000
FD10885	14.750 	 0.000 	 90.000
FD10885	14.875 	 0.000 	 90.000
FD10885	15.000 	 0.000 	 90.000
FD10885	15.125 	 0.000 	 90.000
FD10885	15.250 	 0.000 	 90.000
FD10885	15.375 	 0.000 	 90.000
FD10885	15.500 	 0.000 	 90.000
FD10885	15.625 	 0.000 	 90.000
FD10885	15.750 	 0.000 	 90.000
FD10885	15.875 	 0.000 	 90.000
FD10885	16.000 	 0.000 	 90.000
FD10885	16.125 	 0.000 	 90.000
FD10885	16.250 	 0.000 	 90.000
FD10885	16.375 	 0.000 	 90.000
FD10885	16.500 	 0.000 	 90.000
FD10885	16.625 	 0.000 	 90.000
FD10885	16.750 	 0.000 	 90.000
FD10885	16.875 	 0.000 	 90.000
FD10885	17.000 	 0.000 	 90.000
FD10885	17.125 	 0.000 	 90.000
FD10885	17.250 	 0.000 	 90.000
FD10885	17.375 	 0.000 	 90.000
FD10885	17.500 	 0.000 	 90.000
FD10885	17.625 	 0.000 	 90.000
FD10885	17.750 	 0.000 	 90.000
FD10885	17.875 	 0.000 	 90.000
FD10885	18.000 	 0.000 	 90.000
FD10885	18.125 	 0.000 	 90.000
FD10885	18.250 	 0.000 	 90.000
FD10885	18.375 	 0.000 	 90.000
FD10885	18.500 	 0.000 	 90.000
FD10885	18.625 	 0.000 	 90.000
FD10885	18.750 	 0.000 	 90.000
FD10885	18.875 	 0.000 	 90.000
FD10885	19.000 	 0.000 	 90.000
FD10885	19.125 	 0.000 	 90.000
FD10885	19.250 	 0.000 	 90.000
FD10885	19.375 	 0.000 	 90.000
FD10885	19.500 	 0.000 	 90.000
FD10885	19.625 	 0.000 	 90.000
FD10885	19.750 	 0.000 	 90.000
FD10885	19.875 	 0.000 	 90.000
FD10885	20.000 	 0.000 	 90.000
FD10885	20.125 	 0.000 	 90.000
FD10885	20.250 	 0.000 	 90.000
FD10885	20.375 	 0.000 	 90.000
FD10885	20.500 	 0.000 	 90.000
FD10885	20.625 	 0.000 	 90.000
FD10885	20.750 	 0.000 	 90.000
FD10885	20.875 	 0.000 	 90.000
FD10885	21.000 	 0.000 	 90.000
FD10885	21.125 	 0.000 	 90.000
FD10885	21.250 	 0.000 	 90.000
FD10885	21.375 	 0.000 	 90.000
FD10885	21.500 	 0.000 	 90.000
FD10885	21.625 	 0.000 	 90.000
FD10885	21.750 	 0.000 	 90.000
FD10885	21.875 	 0.000 	 90.000
FD10885	22.000 	 0.000 	 90.000
FD10885	22.125 	 0.000 	 90.000
FD10885	22.250 	 0.000 	 90.000
FD10885	22.375 	 0.000 	 90.000
FD10885	22.500 	 0.000 	 90.000
FD10885	22.625 	 0.000 	 90.000
FD10885	22.750 	 0.000 	 90.000
FD10885	22.875 	 0.000 	 90.000
FD10885	23.000 	 0.000 	 90.000
FD10885	23.125 	 0.000 	 90.000
FD10885	23.250 	 0.000 	 90.000
FD10885	23.375 	 0.000 	 90.000
FD10885	23.500 	 0.000 	 90.000
FD10885	23.625 	 0.000 	 90.000
FD10885	23.750 	 0.000 	 90.000
FD10885	23.875 	 0.000 	 90.000
FD10885	24.000 	 0.000 	 90.000
FD10885	24.125 	 0.000 	 90.000
FD10885	24.250 	 0.000 	 90.000
FD10885	24.375 	 0.000 	 90.000
FD10885	24.500 	 0.000 	 90.000
FD10885	24.625 	 0.000 	 90.000
FD10885	24.750 	 0.000 	 90.000
FD10885	24.875 	 0.000 	 90.000
FD10885	25.000 	 0.000 	 90.000
FD10885	25.125 	 0.000 	 90.000
FD10885	25.250 	 0.000 	 90.000
FD10885	25.375 	 0.000 	 90.000
FD10885	25.500 	 0.000 	 90.000
FD10885	25.625 	 0.000 	 90.000
FD10885	25.750 	 0.000 	 90.000
FD10885	25.875 	 0.000 	 90.000
FD10885	26.000 	 0.000 	 90.000
FD10885	26.125 	 0.000 	 90.000
FD10885	26.250 	 0.000 	 90.000
FD10885	26.375 	 0.000 	 90.000
FD10885	26.500 	 0.000 	 90.000
FD10885	26.625 	 0.000 	 90.000
FD10885	26.750 	 0.000 	 90.000
FD10885	26.875 	 0.000 	 90.000
FD10885	27.000 	 0.000 	 90.000
FD10885	27.125 	 0.000 	 90.000
FD10885	27.250 	 0.000 	 90.000
FD10885	27.375 	 0.000 	 90.000
FD10885	27.500 	 0.000 	 90.000
FD10885	27.625 	 0.000 	 90.000
FD10885	27.750 	 0.000 	 90.000
FD10885	27.875 	 0.000 	 90.000
FD10885	28.000 	 0.000 	 90.000
FD10885	28.125 	 0.000 	 90.000
FD10885	28.250 	 0.000 	 90.000
FD10885	28.375 	 0.000 	 90.000
FD10885	28.500 	 0.000 	 90.000
FD10885	28.625 	 0.000 	 90.000
FD10885	28.750 	 0.000 	 90.000
FD10885	28.875 	 0.000 	 90.000
FD10885	29.000 	 0.000 	 90.000
FD10885	29.125 	 0.000 	 90.000
FD10885	29.250 	 0.000 	 90.000
FD10885	29.375 	 0.000 	 90.000
FD10885	29.500 	 0.000 	 90.000
FD10885	29.625 	 0.000 	 90.000
FD10885	29.750 	 0.000 	 90.000
FD10885	29.875 	 0.000 	 90.000
FD10885	30.000 	 0.000 	 90.000
FD10885	30.125 	 0.000 	 90.000
FD10885	30.250 	 0.000 	 90.000
FD10885	30.375 	 0.000 	 90.000
FD10885	30.500 	 0.000 	 90.000
FD10885	30.625 	 0.000 	 90.000
FD10885	30.750 	 0.000 	 90.000
FD10885	30.875 	 0.000 	 90.000
FD10885	31.000 	 0.000 	 90.000
FD10885	31.125 	 0.000 	 90.000
FD10885	31.250 	 0.000 	 90.000
FD10885	31.375 	 0.000 	 90.000
FD10885	31.500 	 0.000 	 90.000
FD10885	31.625 	 0.000 	 90.000
FD10885	31.750 	 0.000 	 90.000
FD10885	31.875 	 0.000 	 90.000
FD10885	32.000 	 0.000 	 90.000
FD10885	32.125 	 0.000 	 90.000
FD10885	32.250 	 0.000 	 90.000
FD10885	32.375 	 0.000 	 90.000
FD10885	32.500 	 0.000 	 90.000
FD10885	32.625 	 0.000 	 90.000
FD10885	32.750 	 0.000 	 90.000
FD10885	32.875 	 0.000 	 90.000
FD10885	33.000 	 0.000 	 90.000
FD10885	33.125 	 0.000 	 90.000
FD10885	33.250 	 0.000 	 90.000
FD10885	33.375 	 0.000 	 90.000
FD10885	33.500 	 0.000 	 90.000
FD10885	33.625 	 0.000 	 90.000
FD10885	33.750 	 0.000 	 90.000
FD10885	33.875 	 0.000 	 90.000
FD10885	34.000 	 0.000 	 90.000
FD10885	34.125 	 0.000 	 90.000
FD10885	34.250 	 0.000 	 90.000
FD10885	34.375 	 0.000 	 90.000
FD10885	34.500 	 0.000 	 90.000
FD10885	34.625 	 0.000 	 90.000
FD10885	34.750 	 0.000 	 90.000
FD10885	34.875 	 0.000 	 90.000
FD10885	35.000 	 0.000 	 90.000
FD10885	35.125 	 0.000 	 90.000
FD10885	35.250 	 0.000 	 90.000
FD10885	35.375 	 0.000 	 90.000
FD10885	35.500 	 0.000 	 90.000
FD10885	35.625 	 0.000 	 90.000
FD10885	35.750 	 0.000 	 90.000
FD10885	35.875 	 0.000 	 90.000
FD10885	36.000 	 0.000 	 90.000
FD10885	36.125 	 0.000 	 90.000
FD10885	36.250 	 0.000 	 90.000
FD10885	36.375 	 0.000 	 90.000
FD10885	36.500 	 0.000 	 90.000
FD10885	36.625 	 0.000 	 90.000
FD10885	36.750 	 0.000 	 90.000
FD10885	36.875 	 0.000 	 90.000
FD10885	37.000 	 0.000 	 90.000
FD10885	37.125 	 0.000 	 90.000
FD10885	37.250 	 0.000 	 90.000
FD10885	37.375 	 0.000 	 90.000
FD10885	37.500 	 0.000 	 90.000
FD10885	37.625 	 0.000 	 90.000
FD10885	37.750 	 0.000 	 90.000
FD10885	37.875 	 0.000 	 90.000
FD10885	38.000 	 0.000 	 90.000
FD10885	38.125 	 0.000 	 90.000
FD10885	38.250 	 0.000 	 90.000
FD10885	38.375 	 0.000 	 90.000
FD10885	38.500 	 0.000 	 90.000
FD10885	38.625 	 0.000 	 90.000
FD10885	38.750 	 0.000 	 90.000
FD10885	38.875 	 0.000 	 90.000
FD10885	39.000 	 0.000 	 90.000
FD10885	39.125 	 0.000 	 90.000
FD10885	39.250 	 0.000 	 90.000
FD10885	39.375 	 0.000 	 90.000
FD10885	39.500 	 0.000 	 90.000
FD10885	39.625 	 0.000 	 90.000
FD10885	39.750 	 0.000 	 90.000
FD10885	39.875 	 0.000 	 90.000
FD10885	40.000 	 0.000 	 90.000
FD10885	40.125 	 0.000 	 90.000
FD10885	40.250 	 0.000 	 90.000
FD10885	40.375 	 0.000 	 90.000
FD10885	40.500 	 0.000 	 90.000
FD10885	40.625 	 0.000 	 90.000
FD10885	40.750 	 0.000 	 90.000
FD10885	40.875 	 0.000 	 90.000
FD10885	41.000 	 0.000 	 90.000
FD10885	41.125 	 0.000 	 90.000
FD10885	41.250 	 0.000 	 90.000
FD10885	41.375 	 0.000 	 90.000
FD10885	41.500 	 0.000 	 90.000
FD10885	41.625 	 0.000 	 90.000
FD10885	41.750 	 0.000 	 90.000
FD10885	41.875 	 0.000 	 90.000
FD10885	42.000 	 0.000 	 90.000
FD10885	42.125 	 0.000 	 90.000
FD10885	42.250 	 0.000 	 90.000
FD10885	42.375 	 0.000 	 90.000
FD10885	42.500 	 0.000 	 90.000
FD10885	42.625 	 0.000 	 90.000
FD10885	42.750 	 0.000 	 90.000
FD10885	42.875 	 0.000 	 90.000
FD10885	43.000 	 0.000 	 90.000
FD10885	43.125 	 0.000 	 90.000
FD10885	43.250 	 0.000 	 90.000
FD10885	43.375 	 0.000 	 90.000
FD10885	43.500 	 0.000 	 90.000
FD10885	43.625 	 0.000 	 90.000
FD10885	43.750 	 0.000 	 90.000
FD10885	43.875 	 0.000 	 90.000
FD10885	44.000 	 0.000 	 90.000
FD10885	44.125 	 0.000 	 90.000
FD10885	44.250 	 0.000 	 90.000
FD10885	44.375 	 0.000 	 90.000
FD10885	44.500 	 0.000 	 90.000
FD10885	44.625 	 0.000 	 90.000
FD10885	44.750 	 0.000 	 90.000
FD10885	44.875 	 0.000 	 90.000
FD10885	45.000 	 0.000 	 90.000
FD10885	45.125 	 0.000 	 90.000
FD10885	45.250 	 0.000 	 90.000
FD10885	45.375 	 0.000 	 90.000
FD10885	45.500 	 0.000 	 90.000
FD10885	45.625 	 0.000 	 90.000
FD10885	45.750 	 0.000 	 90.000
FD10885	45.875 	 0.000 	 90.000
FD10885	46.000 	 0.000 	 90.000
FD10885	46.125 	 0.000 	 90.000
FD10885	46.250 	 0.000 	 90.000
FD10885	46.375 	 0.000 	 90.000
FD10885	46.500 	 0.000 	 90.000
FD10885	46.625 	 0.000 	 90.000
FD10885	46.750 	 0.000 	 90.000
FD10885	46.875 	 0.000 	 90.000
FD10885	47.000 	 0.000 	 90.000
FD10885	47.125 	 0.000 	 90.000
FD10885	47.250 	 0.000 	 90.000
FD10885	47.375 	 0.000 	 90.000
FD10885	47.500 	 0.000 	 90.000
FD10885	47.625 	 0.000 	 90.000
FD10885	47.750 	 0.000 	 90.000
FD10885	47.875 	 0.000 	 90.000
FD10885	48.000 	 0.000 	 90.000
FD10885	48.125 	 0.000 	 90.000
FD10885	48.250 	 0.000 	 90.000
FD10885	48.375 	 0.000 	 90.000
FD10885	48.500 	 0.000 	 90.000
FD10885	48.625 	 0.000 	 90.000
FD10885	48.750 	 0.000 	 90.000
FD10885	48.875 	 0.000 	 90.000
FD10885	49.000 	 0.000 	 90.000
FD10885	49.125 	 0.000 	 90.000
FD10885	49.250 	 0.000 	 90.000
FD10885	49.375 	 0.000 	 90.000
FD10885	49.500 	 0.000 	 90.000
FD10885	49.625 	 0.000 	 90.000
FD10885	49.750 	 0.000 	 90.000
FD10885	49.875 	 0.000 	 90.000
FD10885	50.000 	 0.000 	 90.000
FD10885	50.125 	 0.000 	 90.000
FD10885	50.250 	 0.000 	 90.000
FD10885	50.375 	 0.000 	 90.000
FD10885	50.500 	 0.000 	 90.000
FD10885	50.625 	 0.000 	 90.000
FD10885	50.750 	 0.000 	 90.000
FD10885	50.875 	 0.000 	 90.000
FD10885	51.000 	 0.000 	 90.000
FD10885	51.125 	 0.000 	 90.000
FD10885	51.250 	 0.000 	 90.000
FD10885	51.375 	 0.000 	 90.000
FD10885	51.500 	 0.000 	 90.000
FD10885	51.625 	 0.000 	 90.000
FD10885	51.750 	 0.000 	 90.000
FD10885	51.875 	 0.000 	 90.000
FD10885	52.000 	 0.000 	 90.000
FD10885	52.125 	 0.000 	 90.000
FD10885	52.250 	 0.000 	 90.000
FD10885	52.375 	 0.000 	 90.000
FD10885	52.500 	 0.000 	 90.000
FD10885	52.625 	 0.000 	 90.000
FD10885	52.750 	 0.000 	 90.000
FD10885	52.875 	 0.000 	 90.000
FD10885	53.000 	 0.000 	 90.000
FD10885	53.125 	 0.000 	 90.000
FD10885	53.250 	 0.000 	 90.000
FD10885	53.375 	 0.000 	 90.000
FD10885	53.500 	 0.000 	 90.000
FD10885	53.625 	 0.000 	 90.000
FD10885	53.750 	 0.000 	 90.000
FD10885	53.875 	 0.000 	 90.000
FD10885	54.000 	 0.000 	 90.000
FD10885	54.125 	 0.000 	 90.000
FD10885	54.250 	 0.000 	 90.000
FD10885	54.375 	 0.000 	 90.000
FD10885	54.500 	 0.000 	 90.000
FD10885	54.625 	 0.000 	 90.000
FD10885	54.750 	 0.000 	 90.000
FD10885	54.875 	 0.000 	 90.000
FD10885	55.000 	 0.000 	 90.000
FD10885	55.125 	 0.000 	 90.000
FD10885	55.250 	 0.000 	 90.000
FD10885	55.375 	 0.000 	 90.000
FD10885	55.500 	 0.000 	 90.000
FD10885	55.625 	 0.000 	 90.000
FD10885	55.750 	 0.000 	 90.000
FD10885	55.875 	 0.000 	 90.000
FD10885	56.000 	 0.000 	 90.000
FD10885	56.125 	 0.000 	 90.000
FD10885	56.250 	 0.000 	 90.000
FD10885	56.375 	 0.000 	 90.000
FD10885	56.500 	 0.000 	 90.000
FD10885	56.625 	 0.000 	 90.000
FD10885	56.750 	 0.000 	 90.000
FD10885	56.875 	 0.000 	 90.000
FD10885	57.000 	 0.000 	 90.000
FD10885	57.125 	 0.000 	 90.000
FD10885	57.250 	 0.000 	 90.000
FD10885	57.375 	 0.000 	 90.000
FD10885	57.500 	 0.000 	 90.000
FD10885	57.625 	 0.000 	 90.000
FD10885	57.750 	 0.000 	 90.000
FD10885	57.875 	 0.000 	 90.000
FD10885	58.000 	 0.000 	 90.000
FD10885	58.125 	 0.000 	 90.000
FD10885	58.250 	 0.000 	 90.000
FD10885	58.375 	 0.000 	 90.000
FD10885	58.500 	 0.000 	 90.000
FD10885	58.625 	 0.000 	 90.000
FD10885	58.750 	 0.000 	 90.000
FD10885	58.875 	 0.000 	 90.000
FD10885	59.000 	 0.000 	 90.000
FD10885	59.125 	 0.000 	 90.000
FD10885	59.250 	 0.000 	 90.000
FD10885	59.375 	 0.000 	 90.000
FD10885	59.500 	 0.000 	 90.000
FD10885	59.625 	 0.000 	 90.000
FD10885	59.750 	 0.000 	 90.000
FD10885	59.875 	 0.000 	 90.000
FD10885	60.000 	 0.000 	 90.000
FD10885	60.125 	 0.802 	 76.259
FD10885	60.250 	 0.804 	 76.138
FD10885	60.375 	 0.808 	 75.798
FD10885	60.500 	 0.811 	 75.366
FD10885	60.625 	 0.814 	 75.432
FD10885	60.750 	 0.818 	 75.952
FD10885	60.875 	 0.822 	 76.358
FD10885	61.000 	 0.827 	 76.383
FD10885	61.125 	 0.832 	 76.053
FD10885	61.250 	 0.837 	 75.482
FD10885	61.375 	 0.843 	 74.817
FD10885	61.500 	 0.850 	 74.295
FD10885	61.625 	 0.856 	 74.114
FD10885	61.750 	 0.864 	 73.991
FD10885	61.875 	 0.872 	 73.611
FD10885	62.000 	 0.881 	 73.603
FD10885	62.125 	 0.891 	 73.784
FD10885	62.250 	 0.901 	 74.039
FD10885	62.375 	 0.912 	 74.402
FD10885	62.500 	 0.924 	 74.567
FD10885	62.625 	 0.936 	 74.727
FD10885	62.750 	 0.950 	 74.757
FD10885	62.875 	 0.963 	 74.861
FD10885	63.000 	 0.977 	 75.166
FD10885	63.125 	 0.991 	 75.534
FD10885	63.250 	 1.005 	 75.638
FD10885	63.375 	 1.020 	 75.523
FD10885	63.500 	 1.035 	 75.649
FD10885	63.625 	 1.050 	 75.798
FD10885	63.750 	 1.066 	 75.968
FD10885	63.875 	 1.081 	 76.121
FD10885	64.000 	 1.096 	 76.325
FD10885	64.125 	 1.111 	 76.659
FD10885	64.250 	 1.126 	 76.984
FD10885	64.375 	 1.142 	 77.220
FD10885	64.500 	 1.158 	 77.275
FD10885	64.625 	 1.172 	 77.368
FD10885	64.750 	 1.187 	 77.427
FD10885	64.875 	 1.201 	 77.371
FD10885	65.000 	 1.217 	 77.443
FD10885	65.125 	 1.231 	 77.493
FD10885	65.250 	 1.245 	 77.434
FD10885	65.375 	 1.259 	 77.324
FD10885	65.500 	 1.273 	 77.231
FD10885	65.625 	 1.288 	 77.220
FD10885	65.750 	 1.302 	 77.247
FD10885	65.875 	 1.316 	 77.209
FD10885	66.000 	 1.331 	 77.192
FD10885	66.125 	 1.345 	 77.325
FD10885	66.250 	 1.360 	 77.445
FD10885	66.375 	 1.375 	 77.566
FD10885	66.500 	 1.389 	 77.728
FD10885	66.625 	 1.405 	 77.882
FD10885	66.750 	 1.419 	 77.948
FD10885	66.875 	 1.434 	 77.931
FD10885	67.000 	 1.450 	 77.962
FD10885	67.125 	 1.465 	 78.011
FD10885	67.250 	 1.481 	 78.085
FD10885	67.375 	 1.497 	 78.218
FD10885	67.500 	 1.513 	 78.365
FD10885	67.625 	 1.528 	 78.525
FD10885	67.750 	 1.544 	 78.703
FD10885	67.875 	 1.559 	 78.896
FD10885	68.000 	 1.574 	 79.006
FD10885	68.125 	 1.590 	 79.181
FD10885	68.250 	 1.606 	 79.354
FD10885	68.375 	 1.620 	 79.497
FD10885	68.500 	 1.636 	 79.634
FD10885	68.625 	 1.651 	 79.778
FD10885	68.750 	 1.667 	 80.036
FD10885	68.875 	 1.682 	 80.277
FD10885	69.000 	 1.698 	 80.478
FD10885	69.125 	 1.714 	 80.643
FD10885	69.250 	 1.731 	 80.841
FD10885	69.375 	 1.747 	 81.010
FD10885	69.500 	 1.764 	 81.120
FD10885	69.625 	 1.781 	 81.191
FD10885	69.750 	 1.797 	 81.228
FD10885	69.875 	 1.814 	 81.277
FD10885	70.000 	 1.832 	 81.423
FD10885	70.125 	 1.848 	 81.686
FD10885	70.250 	 1.865 	 81.862
FD10885	70.375 	 1.882 	 81.961
FD10885	70.500 	 1.898 	 82.076
FD10885	70.625 	 1.914 	 82.224
FD10885	70.750 	 1.931 	 82.417
FD10885	70.875 	 1.947 	 82.648
FD10885	71.000 	 1.962 	 82.815
FD10885	71.125 	 1.978 	 82.892
FD10885	71.250 	 1.993 	 82.991
FD10885	71.375 	 2.007 	 83.155
FD10885	71.500 	 2.021 	 83.375
FD10885	71.625 	 2.036 	 83.694
FD10885	71.750 	 2.051 	 83.889
FD10885	71.875 	 2.065 	 83.861
FD10885	72.000 	 2.079 	 83.837
FD10885	72.125 	 2.094 	 83.788
FD10885	72.250 	 2.108 	 83.905
FD10885	72.375 	 2.123 	 84.191
FD10885	72.500 	 2.139 	 84.224
FD10885	72.625 	 2.160 	 84.191
FD10885	72.750 	 2.185 	 84.441
FD10885	72.875 	 2.214 	 84.689
FD10885	73.000 	 2.248 	 84.768
FD10885	73.125 	 2.285 	 84.757
FD10885	73.250 	 2.322 	 84.559
FD10885	73.375 	 2.355 	 84.290
FD10885	73.500 	 2.387 	 84.304
FD10885	73.625 	 2.420 	 84.397
FD10885	73.750 	 2.453 	 84.284
FD10885	73.875 	 2.491 	 84.224
FD10885	74.000 	 2.532 	 84.202
FD10885	74.125 	 2.575 	 84.130
FD10885	74.250 	 2.617 	 84.050
FD10885	74.375 	 2.655 	 83.974
FD10885	74.500 	 2.691 	 83.991
FD10885	74.625 	 2.727 	 83.952
FD10885	74.750 	 2.762 	 83.705
FD10885	74.875 	 2.799 	 83.364
FD10885	75.000 	 2.840 	 83.090
FD10885	75.125 	 2.882 	 82.925
FD10885	75.250 	 2.921 	 82.724
FD10885	75.375 	 2.957 	 82.477
FD10885	75.500 	 2.988 	 82.489
FD10885	75.625 	 3.014 	 82.559
FD10885	75.750 	 3.038 	 82.524
FD10885	75.875 	 3.060 	 82.485
FD10885	76.000 	 3.082 	 82.345
FD10885	76.125 	 3.104 	 82.197
FD10885	76.250 	 3.124 	 82.129
FD10885	76.375 	 3.145 	 82.079
FD10885	76.500 	 3.167 	 82.021
FD10885	76.625 	 3.191 	 81.949
FD10885	76.750 	 3.220 	 81.834
FD10885	76.875 	 3.251 	 81.708
FD10885	77.000 	 3.286 	 81.568
FD10885	77.125 	 3.324 	 81.404
FD10885	77.250 	 3.359 	 81.184
FD10885	77.375 	 3.391 	 81.068
FD10885	77.500 	 3.420 	 81.063
FD10885	77.625 	 3.444 	 80.958
FD10885	77.750 	 3.467 	 80.777
FD10885	77.875 	 3.488 	 80.442
FD10885	78.000 	 3.508 	 80.123
FD10885	78.125 	 3.528 	 79.981
FD10885	78.250 	 3.550 	 79.871
FD10885	78.375 	 3.570 	 79.739
FD10885	78.500 	 3.592 	 79.503
FD10885	78.625 	 3.614 	 79.282
FD10885	78.750 	 3.636 	 79.269
FD10885	78.875 	 3.658 	 79.237
FD10885	79.000 	 3.681 	 79.080
FD10885	79.125 	 3.703 	 78.827
FD10885	79.250 	 3.725 	 78.588
FD10885	79.375 	 3.747 	 78.396
FD10885	79.500 	 3.770 	 78.225
FD10885	79.625 	 3.792 	 78.044
FD10885	79.750 	 3.815 	 77.750
FD10885	79.875 	 3.838 	 77.503
FD10885	80.000 	 3.862 	 77.232
FD10885	80.125 	 3.886 	 76.913
FD10885	80.250 	 3.911 	 76.643
FD10885	80.375 	 3.937 	 76.390
FD10885	80.500 	 3.963 	 76.152
FD10885	80.625 	 3.990 	 75.921
FD10885	80.750 	 4.016 	 75.603
FD10885	80.875 	 4.044 	 75.317
FD10885	81.000 	 4.071 	 75.267
FD10885	81.125 	 4.099 	 75.316
FD10885	81.250 	 4.127 	 75.250
FD10885	81.375 	 4.155 	 75.130
FD10885	81.500 	 4.183 	 75.012
FD10885	81.625 	 4.209 	 74.858
FD10885	81.750 	 4.237 	 74.682
FD10885	81.875 	 4.262 	 74.661
FD10885	82.000 	 4.288 	 74.814
FD10885	82.125 	 4.313 	 74.929
FD10885	82.250 	 4.337 	 74.831
FD10885	82.375 	 4.361 	 74.644
FD10885	82.500 	 4.385 	 74.394
FD10885	82.625 	 4.409 	 74.163
FD10885	82.750 	 4.433 	 74.026
FD10885	82.875 	 4.458 	 73.976
FD10885	83.000 	 4.483 	 73.993
FD10885	83.125 	 4.509 	 73.916
FD10885	83.250 	 4.536 	 73.875
FD10885	83.375 	 4.564 	 73.919
FD10885	83.500 	 4.591 	 73.399
FD10885	83.625 	 4.621 	 72.587
FD10885	83.750 	 4.650 	 72.397
FD10885	83.875 	 4.680 	 72.369
FD10885	84.000 	 4.712 	 72.375
FD10885	84.125 	 4.743 	 72.408
FD10885	84.250 	 4.775 	 72.144
FD10885	84.375 	 4.809 	 71.799
FD10885	84.500 	 4.843 	 71.504
FD10885	84.625 	 4.878 	 71.240
FD10885	84.750 	 4.912 	 70.980
FD10885	84.875 	 4.947 	 70.870
FD10885	85.000 	 4.981 	 70.769
FD10885	85.125 	 5.014 	 70.362
FD10885	85.250 	 5.045 	 69.977
FD10885	85.375 	 5.076 	 69.741
FD10885	85.500 	 5.105 	 69.502
FD10885	85.625 	 5.135 	 69.239
FD10885	85.750 	 5.163 	 68.983
FD10885	85.875 	 5.191 	 68.857
FD10885	86.000 	 5.219 	 68.703
FD10885	86.125 	 5.246 	 68.505
FD10885	86.250 	 5.274 	 68.590
FD10885	86.375 	 5.300 	 68.777
FD10885	86.500 	 5.327 	 68.615
FD10885	86.625 	 5.355 	 68.313
FD10885	86.750 	 5.381 	 68.134
FD10885	86.875 	 5.409 	 67.866
FD10885	87.000 	 5.436 	 67.351
FD10885	87.125 	 5.464 	 66.769
FD10885	87.250 	 5.492 	 66.577
FD10885	87.375 	 5.522 	 66.660
FD10885	87.500 	 5.551 	 66.637
FD10885	87.625 	 5.580 	 66.407
FD10885	87.750 	 5.610 	 66.104
FD10885	87.875 	 5.639 	 65.830
FD10885	88.000 	 5.668 	 65.596
FD10885	88.125 	 5.697 	 65.508
FD10885	88.250 	 5.725 	 65.379
FD10885	88.375 	 5.752 	 65.099
FD10885	88.500 	 5.778 	 64.901
FD10885	88.625 	 5.803 	 64.747
FD10885	88.750 	 5.828 	 64.520
FD10885	88.875 	 5.852 	 64.366
FD10885	89.000 	 5.876 	 64.291
FD10885	89.125 	 5.899 	 64.187
FD10885	89.250 	 5.923 	 63.990
FD10885	89.375 	 5.947 	 63.748
FD10885	89.500 	 5.972 	 63.533
FD10885	89.625 	 5.997 	 63.331
FD10885	89.750 	 6.023 	 63.201
FD10885	89.875 	 6.049 	 63.206
FD10885	90.000 	 6.076 	 63.097
FD10885	90.125 	 6.104 	 62.893
FD10885	90.250 	 6.132 	 62.880
FD10885	90.375 	 6.161 	 62.885
FD10885	90.500 	 6.191 	 62.780
FD10885	90.625 	 6.223 	 62.671
FD10885	90.750 	 6.254 	 62.556
FD10885	90.875 	 6.287 	 62.397
FD10885	91.000 	 6.320 	 62.295
FD10885	91.125 	 6.354 	 62.239
FD10885	91.250 	 6.387 	 62.039
FD10885	91.375 	 6.420 	 61.737
FD10885	91.500 	 6.453 	 61.504
FD10885	91.625 	 6.486 	 61.438
FD10885	91.750 	 6.518 	 61.407
FD10885	91.875 	 6.549 	 61.281
FD10885	92.000 	 6.581 	 61.130
FD10885	92.125 	 6.612 	 60.866
FD10885	92.250 	 6.643 	 60.587
FD10885	92.375 	 6.675 	 60.476
FD10885	92.500 	 6.706 	 60.273
FD10885	92.625 	 6.737 	 60.070
FD10885	92.750 	 6.768 	 59.914
FD10885	92.875 	 6.799 	 59.776
FD10885	93.000 	 6.831 	 59.866
FD10885	93.125 	 6.863 	 59.905
FD10885	93.250 	 6.893 	 59.795
FD10885	93.375 	 6.925 	 59.752
FD10885	93.500 	 6.955 	 59.746
FD10885	93.625 	 6.987 	 59.609
FD10885	93.750 	 7.018 	 59.408
FD10885	93.875 	 7.049 	 59.233
FD10885	94.000 	 7.079 	 59.290
FD10885	94.125 	 7.110 	 59.378
FD10885	94.250 	 7.139 	 59.252
FD10885	94.375 	 7.169 	 59.092
FD10885	94.500 	 7.199 	 58.990
FD10885	94.625 	 7.229 	 59.023
FD10885	94.750 	 7.260 	 58.867
FD10885	94.875 	 7.290 	 58.604
FD10885	95.000 	 7.322 	 58.235
FD10885	95.125 	 7.352 	 57.675
FD10885	95.250 	 7.384 	 57.324
FD10885	95.375 	 7.416 	 57.208
FD10885	95.500 	 7.449 	 57.205
FD10885	95.625 	 7.482 	 57.145
FD10885	95.750 	 7.516 	 57.087
FD10885	95.875 	 7.549 	 57.120
FD10885	96.000 	 7.584 	 57.035
FD10885	96.125 	 7.620 	 56.876
FD10885	96.250 	 7.655 	 56.842
FD10885	96.375 	 7.691 	 56.880
FD10885	96.500 	 7.728 	 56.856
FD10885	96.625 	 7.764 	 56.779
FD10885	96.750 	 7.800 	 56.656
FD10885	96.875 	 7.836 	 56.563
FD10885	97.000 	 7.872 	 56.488
FD10885	97.125 	 7.908 	 56.340
FD10885	97.250 	 7.942 	 56.227
FD10885	97.375 	 7.977 	 56.266
FD10885	97.500 	 8.012 	 56.120
FD10885	97.625 	 8.046 	 55.801
FD10885	97.750 	 8.079 	 55.675
FD10885	97.875 	 8.112 	 55.554
FD10885	98.000 	 8.146 	 55.472
FD10885	98.125 	 8.178 	 55.428
FD10885	98.250 	 8.212 	 55.313
FD10885	98.375 	 8.244 	 55.247
FD10885	98.500 	 8.276 	 55.241
FD10885	98.625 	 8.310 	 55.263
FD10885	98.750 	 8.342 	 55.315
FD10885	98.875 	 8.374 	 55.331
FD10885	99.000 	 8.406 	 55.263
FD10885	99.125 	 8.438 	 55.110
FD10885	99.250 	 8.470 	 54.966
FD10885	99.375 	 8.502 	 54.961
FD10885	99.500 	 8.534 	 54.967
FD10885	99.625 	 8.566 	 54.900
FD10885	99.750 	 8.598 	 54.788
FD10885	99.875 	 8.630 	 54.706
FD10885	100.000 	 8.662 	 54.694
FD10885	100.125 	 8.693 	 54.694
FD10885	100.250 	 8.725 	 54.731
FD10885	100.375 	 8.756 	 54.764
FD10885	100.500 	 8.786 	 54.716
FD10885	100.625 	 8.818 	 54.667
FD10885	100.750 	 8.848 	 54.606
FD10885	100.875 	 8.880 	 54.524
FD10885	101.000 	 8.910 	 54.510
FD10885	101.125 	 8.943 	 54.538
FD10885	101.250 	 8.974 	 54.607
FD10885	101.375 	 9.006 	 54.618
FD10885	101.500 	 9.039 	 54.617
FD10885	101.625 	 9.072 	 54.651
FD10885	101.750 	 9.106 	 54.659
FD10885	101.875 	 9.141 	 54.670
FD10885	102.000 	 9.177 	 54.675
FD10885	102.125 	 9.213 	 54.730
FD10885	102.250 	 9.252 	 54.722
FD10885	102.375 	 9.288 	 54.705
FD10885	102.500 	 9.327 	 54.631
FD10885	102.625 	 9.365 	 54.406
FD10885	102.750 	 9.403 	 54.242
FD10885	102.875 	 9.441 	 54.120
FD10885	103.000 	 9.479 	 53.670
FD10885	103.125 	 9.516 	 53.071
FD10885	103.250 	 9.554 	 52.777
FD10885	103.375 	 9.591 	 52.656
FD10885	103.500 	 9.629 	 52.544
FD10885	103.625 	 9.665 	 52.445
FD10885	103.750 	 9.701 	 52.349
FD10885	103.875 	 9.738 	 52.360
FD10885	104.000 	 9.774 	 52.376
FD10885	104.125 	 9.809 	 52.305
FD10885	104.250 	 9.843 	 52.170
FD10885	104.375 	 9.879 	 52.066
FD10885	104.500 	 9.913 	 51.997
FD10885	104.625 	 9.949 	 51.942
FD10885	104.750 	 9.984 	 51.934
FD10885	104.875 	 10.020 	 51.786
FD10885	105.000 	 10.055 	 51.651
FD10885	105.125 	 10.091 	 51.569
FD10885	105.250 	 10.126 	 51.514
FD10885	105.375 	 10.162 	 51.492
FD10885	105.500 	 10.197 	 51.500
FD10885	105.625 	 10.232 	 51.583
FD10885	105.750 	 10.268 	 51.618
FD10885	105.875 	 10.304 	 51.613
FD10885	106.000 	 10.340 	 51.549
FD10885	106.125 	 10.376 	 51.451
FD10885	106.250 	 10.413 	 51.341
FD10885	106.375 	 10.450 	 51.302
FD10885	106.500 	 10.487 	 51.294
FD10885	106.625 	 10.524 	 51.234
FD10885	106.750 	 10.562 	 51.222
FD10885	106.875 	 10.601 	 51.239
FD10885	107.000 	 10.640 	 51.189
FD10885	107.125 	 10.679 	 51.086
FD10885	107.250 	 10.719 	 50.943
FD10885	107.375 	 10.759 	 50.888
FD10885	107.500 	 10.799 	 50.885
FD10885	107.625 	 10.839 	 50.830
FD10885	107.750 	 10.878 	 50.816
FD10885	107.875 	 10.916 	 50.767
FD10885	108.000 	 10.954 	 50.734
FD10885	108.125 	 10.990 	 50.690
FD10885	108.250 	 11.025 	 50.600
FD10885	108.375 	 11.060 	 50.605
FD10885	108.500 	 11.096 	 50.629
FD10885	108.625 	 11.130 	 50.591
FD10885	108.750 	 11.164 	 50.558
FD10885	108.875 	 11.198 	 50.591
FD10885	109.000 	 11.229 	 50.597
FD10885	109.125 	 11.262 	 50.601
FD10885	109.250 	 11.295 	 50.646
FD10885	109.375 	 11.325 	 50.580
FD10885	109.500 	 11.357 	 50.501
FD10885	109.625 	 11.389 	 50.489
FD10885	109.750 	 11.421 	 50.509
FD10885	109.875 	 11.455 	 50.508
FD10885	110.000 	 11.490 	 50.564
FD10885	110.125 	 11.523 	 50.624
FD10885	110.250 	 11.559 	 50.583
FD10885	110.375 	 11.593 	 50.483
FD10885	110.500 	 11.628 	 50.413
FD10885	110.625 	 11.663 	 50.441
FD10885	110.750 	 11.698 	 50.473
FD10885	110.875 	 11.734 	 50.517
FD10885	111.000 	 11.768 	 50.539
FD10885	111.125 	 11.802 	 50.572
FD10885	111.250 	 11.837 	 50.561
FD10885	111.375 	 11.871 	 50.490
FD10885	111.500 	 11.906 	 50.445
FD10885	111.625 	 11.941 	 50.374
FD10885	111.750 	 11.975 	 50.325
FD10885	111.875 	 12.010 	 50.271
FD10885	112.000 	 12.047 	 50.237
FD10885	112.125 	 12.082 	 50.258
FD10885	112.250 	 12.121 	 50.273
FD10885	112.375 	 12.158 	 50.239
FD10885	112.500 	 12.197 	 50.190
FD10885	112.625 	 12.235 	 50.152
FD10885	112.750 	 12.276 	 50.097
FD10885	112.875 	 12.317 	 50.130
FD10885	113.000 	 12.357 	 50.135
FD10885	113.125 	 12.399 	 50.103
FD10885	113.250 	 12.443 	 50.017
FD10885	113.375 	 12.485 	 49.874
FD10885	113.500 	 12.528 	 49.869
FD10885	113.625 	 12.572 	 49.885
FD10885	113.750 	 12.616 	 49.863
FD10885	113.875 	 12.658 	 49.868
FD10885	114.000 	 12.700 	 49.943
FD10885	114.125 	 12.742 	 49.965
FD10885	114.250 	 12.782 	 49.943
FD10885	114.375 	 12.820 	 49.937
FD10885	114.500 	 12.858 	 49.960
FD10885	114.625 	 12.893 	 50.015
FD10885	114.750 	 12.928 	 50.042
FD10885	114.875 	 12.959 	 50.075
FD10885	115.000 	 12.990 	 50.105
FD10885	115.125 	 13.022 	 50.066
FD10885	115.250 	 13.050 	 50.094
FD10885	115.375 	 13.080 	 50.187
FD10885	115.500 	 13.105 	 50.237
FD10885	115.625 	 13.132 	 50.319
FD10885	115.750 	 13.157 	 50.355
FD10885	115.875 	 13.181 	 50.376
FD10885	116.000 	 13.207 	 50.437
FD10885	116.125 	 13.229 	 50.542
FD10885	116.250 	 13.254 	 50.574
FD10885	116.375 	 13.279 	 50.553
FD10885	116.500 	 13.306 	 50.591
FD10885	116.625 	 13.332 	 50.657
FD10885	116.750 	 13.361 	 50.740
FD10885	116.875 	 13.391 	 50.784
FD10885	117.000 	 13.420 	 50.860
FD10885	117.125 	 13.450 	 50.986
FD10885	117.250 	 13.482 	 50.937
FD10885	117.375 	 13.515 	 50.932
FD10885	117.500 	 13.547 	 50.976
FD10885	117.625 	 13.584 	 50.894
FD10885	117.750 	 13.620 	 50.866
FD10885	117.875 	 13.659 	 50.888
FD10885	118.000 	 13.698 	 50.726
FD10885	118.125 	 13.738 	 50.352
FD10885	118.250 	 13.780 	 50.168
FD10885	118.375 	 13.820 	 50.173
FD10885	118.500 	 13.860 	 50.156
FD10885	118.625 	 13.900 	 50.190
FD10885	118.750 	 13.940 	 50.203
FD10885	118.875 	 13.977 	 50.209
FD10885	119.000 	 14.017 	 50.245
FD10885	119.125 	 14.056 	 50.256
FD10885	119.250 	 14.092 	 50.275
FD10885	119.375 	 14.129 	 50.363
FD10885	119.500 	 14.165 	 50.465
FD10885	119.625 	 14.200 	 50.509
FD10885	119.750 	 14.235 	 50.531
FD10885	119.875 	 14.267 	 50.525
FD10885	120.000 	 14.298 	 50.484
FD10885	120.125 	 14.330 	 50.407
FD10885	120.250 	 14.360 	 50.396
FD10885	120.375 	 14.390 	 50.418
FD10885	120.500 	 14.419 	 50.451
FD10885	120.625 	 14.447 	 50.467
FD10885	120.750 	 14.474 	 50.431
FD10885	120.875 	 14.502 	 50.394
FD10885	121.000 	 14.528 	 50.032
FD10885	121.125 	 14.555 	 49.478
FD10885	121.250 	 14.581 	 49.255
FD10885	121.375 	 14.607 	 49.344
FD10885	121.500 	 14.634 	 49.454
FD10885	121.625 	 14.661 	 49.497
FD10885	121.750 	 14.688 	 49.473
FD10885	121.875 	 14.716 	 49.489
FD10885	122.000 	 14.744 	 49.572
FD10885	122.125 	 14.774 	 49.687
FD10885	122.250 	 14.805 	 49.786
FD10885	122.375 	 14.836 	 49.846
FD10885	122.500 	 14.870 	 50.035
FD10885	122.625 	 14.903 	 50.101
FD10885	122.750 	 14.938 	 49.984
FD10885	122.875 	 14.974 	 49.868
FD10885	123.000 	 15.013 	 49.784
FD10885	123.125 	 15.051 	 49.690
FD10885	123.250 	 15.090 	 49.614
FD10885	123.375 	 15.132 	 49.607
FD10885	123.500 	 15.174 	 49.593
FD10885	123.625 	 15.215 	 49.577
FD10885	123.750 	 15.258 	 49.652
FD10885	123.875 	 15.298 	 49.750
FD10885	124.000 	 15.340 	 49.824
FD10885	124.125 	 15.380 	 49.885
FD10885	124.250 	 15.421 	 49.912
FD10885	124.375 	 15.461 	 49.951
FD10885	124.500 	 15.497 	 50.025
FD10885	124.625 	 15.536 	 50.069
FD10885	124.750 	 15.572 	 50.019
FD10885	124.875 	 15.609 	 49.920
FD10885	125.000 	 15.644 	 49.903
FD10885	125.125 	 15.679 	 50.057
FD10885	125.250 	 15.713 	 50.189
FD10885	125.375 	 15.746 	 50.283
FD10885	125.500 	 15.777 	 50.318
FD10885	125.625 	 15.807 	 50.406
FD10885	125.750 	 15.834 	 50.498
FD10885	125.875 	 15.863 	 50.530
FD10885	126.000 	 15.890 	 50.600
FD10885	126.125 	 15.918 	 50.609
FD10885	126.250 	 15.945 	 50.632
FD10885	126.375 	 15.973 	 50.599
FD10885	126.500 	 16.001 	 50.553
FD10885	126.625 	 16.033 	 50.639
FD10885	126.750 	 16.062 	 50.780
FD10885	126.875 	 16.094 	 50.923
FD10885	127.000 	 16.127 	 51.006
FD10885	127.125 	 16.159 	 51.016
FD10885	127.250 	 16.192 	 51.049
FD10885	127.375 	 16.225 	 51.027
FD10885	127.500 	 16.258 	 50.978
FD10885	127.625 	 16.292 	 51.000
FD10885	127.750 	 16.324 	 51.055
FD10885	127.875 	 16.358 	 51.115
FD10885	128.000 	 16.389 	 51.077
FD10885	128.125 	 16.422 	 50.912
FD10885	128.250 	 16.453 	 51.010
FD10885	128.375 	 16.482 	 51.214
FD10885	128.500 	 16.511 	 51.318
FD10885	128.625 	 16.538 	 51.466
FD10885	128.750 	 16.565 	 51.557
FD10885	128.875 	 16.590 	 51.546
FD10885	129.000 	 16.618 	 51.484
FD10885	129.125 	 16.641 	 51.477
FD10885	129.250 	 16.667 	 51.469
FD10885	129.375 	 16.695 	 51.530
FD10885	129.500 	 16.721 	 51.733
FD10885	129.625 	 16.752 	 51.887
FD10885	129.750 	 16.782 	 51.909
FD10885	129.875 	 16.820 	 51.964
FD10885	130.000 	 16.854 	 52.038
FD10885	130.125 	 16.896 	 52.093
FD10885	130.250 	 16.938 	 52.225
FD10885	130.375 	 16.980 	 52.269
FD10885	130.500 	 17.025 	 52.313
FD10885	130.625 	 17.069 	 52.434
FD10885	130.750 	 17.119 	 52.449
FD10885	130.875 	 17.161 	 52.406
FD10885	131.000 	 17.210 	 52.455
FD10885	131.125 	 17.256 	 52.379
FD10885	131.250 	 17.300 	 52.291
FD10885	131.375 	 17.347 	 52.395
FD10885	131.500 	 17.392 	 52.456
FD10885	131.625 	 17.433 	 52.416
FD10885	131.750 	 17.475 	 52.379
FD10885	131.875 	 17.515 	 52.379
FD10885	132.000 	 17.551 	 52.359
FD10885	132.125 	 17.588 	 52.353
FD10885	132.250 	 17.622 	 52.387
FD10885	132.375 	 17.657 	 52.414
FD10885	132.500 	 17.693 	 52.436
FD10885	132.625 	 17.726 	 52.513
FD10885	132.750 	 17.760 	 52.585
FD10885	132.875 	 17.795 	 52.694
FD10885	133.000 	 17.828 	 52.744
FD10885	133.125 	 17.865 	 52.832
FD10885	133.250 	 17.896 	 52.875
FD10885	133.375 	 17.930 	 52.794
FD10885	133.500 	 17.962 	 52.873
FD10885	133.625 	 17.996 	 52.857
FD10885	133.750 	 18.027 	 52.766
FD10885	133.875 	 18.060 	 52.739
FD10885	134.000 	 18.089 	 52.755
FD10885	134.125 	 18.125 	 52.788
FD10885	134.250 	 18.154 	 52.763
FD10885	134.375 	 18.190 	 52.763
FD10885	134.500 	 18.222 	 52.816
FD10885	134.625 	 18.253 	 52.821
FD10885	134.750 	 18.284 	 52.763
FD10885	134.875 	 18.319 	 52.812
FD10885	135.000 	 18.346 	 52.898
FD10885	135.125 	 18.377 	 52.953
FD10885	135.250 	 18.406 	 53.076
FD10885	135.375 	 18.435 	 53.180
FD10885	135.500 	 18.460 	 53.244
FD10885	135.625 	 18.489 	 53.326
FD10885	135.750 	 18.517 	 53.337
FD10885	135.875 	 18.544 	 53.293
FD10885	136.000 	 18.574 	 53.301
FD10885	136.125 	 18.602 	 53.335
FD10885	136.250 	 18.631 	 53.313
FD10885	136.375 	 18.663 	 53.273
FD10885	136.500 	 18.693 	 53.327
FD10885	136.625 	 18.725 	 53.353
FD10885	136.750 	 18.754 	 53.398
FD10885	136.875 	 18.789 	 53.441
FD10885	137.000 	 18.821 	 53.442
FD10885	137.125 	 18.857 	 53.524
FD10885	137.250 	 18.891 	 53.571
FD10885	137.375 	 18.929 	 53.608
FD10885	137.500 	 18.968 	 53.689
FD10885	137.625 	 19.005 	 53.683
FD10885	137.750 	 19.047 	 53.632
FD10885	137.875 	 19.084 	 53.598
FD10885	138.000 	 19.125 	 53.667
FD10885	138.125 	 19.159 	 53.760
FD10885	138.250 	 19.197 	 53.807
FD10885	138.375 	 19.237 	 53.719
FD10885	138.500 	 19.272 	 53.590
FD10885	138.625 	 19.308 	 53.595
FD10885	138.750 	 19.342 	 53.741
FD10885	138.875 	 19.377 	 53.868
FD10885	139.000 	 19.412 	 53.870
FD10885	139.125 	 19.444 	 53.815
FD10885	139.250 	 19.478 	 53.707
FD10885	139.375 	 19.510 	 53.807
FD10885	139.500 	 19.544 	 53.826
FD10885	139.625 	 19.578 	 53.765
FD10885	139.750 	 19.611 	 53.865
FD10885	139.875 	 19.647 	 53.941
FD10885	140.000 	 19.683 	 53.969
FD10885	140.125 	 19.726 	 53.996
FD10885	140.250 	 19.760 	 54.021
FD10885	140.375 	 19.800 	 54.059
FD10885	140.500 	 19.842 	 54.082
FD10885	140.625 	 19.885 	 54.097
FD10885	140.750 	 19.928 	 54.178
FD10885	140.875 	 19.968 	 54.354
FD10885	141.000 	 20.012 	 54.466
FD10885	141.125 	 20.061 	 54.361
FD10885	141.250 	 20.101 	 54.296
FD10885	141.375 	 20.152 	 54.323
FD10885	141.500 	 20.199 	 54.269
FD10885	141.625 	 20.246 	 54.191
FD10885	141.750 	 20.294 	 54.186
FD10885	141.875 	 20.346 	 54.059
FD10885	142.000 	 20.390 	 54.062
FD10885	142.125 	 20.436 	 54.238
FD10885	142.250 	 20.482 	 54.293
FD10885	142.375 	 20.523 	 54.243
FD10885	142.500 	 20.562 	 54.093
FD10885	142.625 	 20.599 	 54.075
FD10885	142.750 	 20.634 	 54.062
FD10885	142.875 	 20.662 	 53.985
FD10885	143.000 	 20.696 	 53.969
FD10885	143.125 	 20.724 	 53.990
FD10885	143.250 	 20.752 	 53.936
FD10885	143.375 	 20.783 	 53.892
FD10885	143.500 	 20.807 	 53.903
FD10885	143.625 	 20.836 	 53.898
FD10885	143.750 	 20.860 	 54.004
FD10885	143.875 	 20.893 	 54.060
FD10885	144.000 	 20.923 	 54.185
FD10885	144.125 	 20.950 	 54.378
FD10885	144.250 	 20.983 	 54.406
FD10885	144.375 	 21.018 	 54.318
FD10885	144.500 	 21.055 	 54.400
FD10885	144.625 	 21.094 	 54.460
FD10885	144.750 	 21.136 	 54.384
FD10885	144.875 	 21.181 	 54.367
FD10885	145.000 	 21.224 	 54.354
FD10885	145.125 	 21.276 	 54.293
FD10885	145.250 	 21.320 	 54.299
FD10885	145.375 	 21.374 	 54.221
FD10885	145.500 	 21.423 	 54.098
FD10885	145.625 	 21.471 	 54.070
FD10885	145.750 	 21.521 	 54.065
FD10885	145.875 	 21.570 	 54.087
FD10885	146.000 	 21.616 	 54.046
FD10885	146.125 	 21.662 	 54.057
FD10885	146.250 	 21.701 	 54.125
FD10885	146.375 	 21.743 	 54.230
FD10885	146.500 	 21.780 	 54.189
FD10885	146.625 	 21.812 	 54.128
FD10885	146.750 	 21.846 	 54.115
FD10885	146.875 	 21.878 	 54.098
FD10885	147.000 	 21.909 	 53.886
FD10885	147.125 	 21.936 	 53.436
FD10885	147.250 	 21.963 	 53.221
FD10885	147.375 	 21.988 	 53.189
FD10885	147.500 	 22.007 	 53.167
FD10885	147.625 	 22.034 	 53.353
FD10885	147.750 	 22.053 	 53.565
FD10885	147.875 	 22.078 	 53.559
FD10885	148.000 	 22.096 	 53.601
FD10885	148.125 	 22.124 	 53.665
FD10885	148.250 	 22.146 	 53.713
FD10885	148.375 	 22.174 	 53.680
FD10885	148.500 	 22.204 	 53.700
FD10885	148.625 	 22.230 	 53.787
FD10885	148.750 	 22.269 	 53.718
FD10885	148.875 	 22.299 	 53.691
FD10885	149.000 	 22.336 	 53.672
FD10885	149.125 	 22.378 	 53.606
FD10885	149.250 	 22.410 	 53.656
FD10885	149.375 	 22.451 	 53.710
FD10885	149.500 	 22.489 	 53.715
FD10885	149.625 	 22.527 	 53.743
FD10885	149.750 	 22.564 	 53.746
FD10885	149.875 	 22.603 	 53.724
FD10885	150.000 	 22.634 	 53.694
FD10885	150.125 	 22.675 	 53.639
FD10885	150.250 	 22.705 	 53.598
FD10885	150.375 	 22.744 	 53.582
FD10885	150.500 	 22.772 	 53.705
FD10885	150.625 	 22.805 	 53.770
FD10885	150.750 	 22.837 	 53.713
FD10885	150.875 	 22.870 	 53.675
FD10885	151.000 	 22.903 	 53.697
FD10885	151.125 	 22.936 	 53.740
FD10885	151.250 	 22.970 	 53.798
FD10885	151.375 	 22.998 	 53.853
FD10885	151.500 	 23.039 	 53.817
FD10885	151.625 	 23.072 	 53.828
FD10885	151.750 	 23.109 	 53.883
FD10885	151.875 	 23.148 	 53.978
FD10885	152.000 	 23.184 	 54.034
FD10885	152.125 	 23.218 	 54.079
FD10885	152.250 	 23.255 	 54.144
FD10885	152.375 	 23.294 	 54.095
FD10885	152.500 	 23.330 	 53.983
FD10885	152.625 	 23.366 	 53.987
FD10885	152.750 	 23.399 	 53.958
FD10885	152.875 	 23.430 	 53.980
FD10885	153.000 	 23.462 	 54.029
FD10885	153.125 	 23.497 	 54.029
FD10885	153.250 	 23.521 	 54.019
FD10885	153.375 	 23.549 	 54.006
FD10885	153.500 	 23.578 	 53.941
FD10885	153.625 	 23.606 	 53.908
FD10885	153.750 	 23.628 	 54.011
FD10885	153.875 	 23.659 	 54.031
FD10885	154.000 	 23.689 	 54.129
FD10885	154.125 	 23.713 	 54.133
FD10885	154.250 	 23.742 	 54.125
FD10885	154.375 	 23.776 	 54.114
FD10885	154.500 	 23.802 	 54.158
FD10885	154.625 	 23.841 	 54.323
FD10885	154.750 	 23.870 	 54.411
FD10885	154.875 	 23.907 	 54.471
FD10885	155.000 	 23.943 	 54.520
FD10885	155.125 	 23.980 	 54.620
FD10885	155.250 	 24.017 	 54.674
FD10885	155.375 	 24.058 	 54.730
FD10885	155.500 	 24.096 	 54.759
FD10885	155.625 	 24.136 	 54.655
FD10885	155.750 	 24.177 	 54.619
FD10885	155.875 	 24.224 	 54.724
FD10885	156.000 	 24.268 	 54.752
FD10885	156.125 	 24.312 	 54.636
FD10885	156.250 	 24.363 	 54.595
FD10885	156.375 	 24.409 	 54.671
FD10885	156.500 	 24.460 	 54.611
FD10885	156.625 	 24.511 	 54.556
FD10885	156.750 	 24.563 	 54.575
FD10885	156.875 	 24.619 	 54.570
FD10885	157.000 	 24.673 	 54.528
FD10885	157.125 	 24.725 	 54.430
FD10885	157.250 	 24.777 	 54.463
FD10885	157.375 	 24.830 	 54.513
FD10885	157.500 	 24.877 	 54.411
FD10885	157.625 	 24.921 	 54.356
FD10885	157.750 	 24.969 	 54.375
FD10885	157.875 	 25.009 	 54.364
FD10885	158.000 	 25.048 	 54.323
FD10885	158.125 	 25.092 	 54.268
FD10885	158.250 	 25.122 	 54.126
FD10885	158.375 	 25.164 	 54.186
FD10885	158.500 	 25.198 	 54.252
FD10885	158.625 	 25.229 	 54.224
FD10885	158.750 	 25.262 	 54.308
FD10885	158.875 	 25.298 	 54.212
FD10885	159.000 	 25.331 	 54.166
FD10885	159.125 	 25.362 	 54.309
FD10885	159.250 	 25.399 	 54.394
FD10885	159.375 	 25.436 	 54.428
FD10885	159.500 	 25.475 	 54.410
FD10885	159.625 	 25.511 	 54.306
FD10885	159.750 	 25.556 	 54.304
FD10885	159.875 	 25.596 	 54.298
FD10885	160.000 	 25.638 	 54.277
FD10885	160.125 	 25.685 	 54.298
FD10885	160.250 	 25.727 	 54.299
FD10885	160.375 	 25.769 	 54.321
FD10885	160.500 	 25.818 	 54.290
FD10885	160.625 	 25.860 	 54.322
FD10885	160.750 	 25.909 	 54.414
FD10885	160.875 	 25.953 	 54.365
FD10885	161.000 	 25.999 	 54.307
FD10885	161.125 	 26.045 	 54.229
FD10885	161.250 	 26.093 	 54.225
FD10885	161.375 	 26.139 	 54.361
FD10885	161.500 	 26.183 	 54.315
FD10885	161.625 	 26.232 	 54.206
FD10885	161.750 	 26.273 	 54.218
FD10885	161.875 	 26.321 	 54.209
FD10885	162.000 	 26.356 	 54.144
FD10885	162.125 	 26.395 	 54.105
FD10885	162.250 	 26.433 	 54.063
FD10885	162.375 	 26.461 	 53.951
FD10885	162.500 	 26.492 	 53.870
FD10885	162.625 	 26.523 	 53.743
FD10885	162.750 	 26.556 	 53.763
FD10885	162.875 	 26.593 	 53.861
FD10885	163.000 	 26.628 	 53.892
FD10885	163.125 	 26.662 	 53.990
FD10885	163.250 	 26.697 	 54.047
FD10885	163.375 	 26.731 	 54.182
FD10885	163.500 	 26.759 	 54.299
FD10885	163.625 	 26.790 	 54.304
FD10885	163.750 	 26.825 	 54.266
FD10885	163.875 	 26.857 	 54.193
FD10885	164.000 	 26.888 	 54.101
FD10885	164.125 	 26.929 	 54.029
FD10885	164.250 	 26.960 	 54.015
FD10885	164.375 	 26.995 	 54.016
FD10885	164.500 	 27.036 	 54.052
FD10885	164.625 	 27.061 	 54.089
FD10885	164.750 	 27.101 	 54.103
FD10885	164.875 	 27.128 	 54.130
FD10885	165.000 	 27.159 	 54.208
FD10885	165.125 	 27.191 	 54.273
FD10885	165.250 	 27.213 	 54.230
FD10885	165.375 	 27.245 	 54.168
FD10885	165.500 	 27.273 	 54.153
FD10885	165.625 	 27.297 	 54.124
FD10885	165.750 	 27.324 	 54.161
FD10885	165.875 	 27.352 	 54.277
FD10885	166.000 	 27.381 	 54.436
FD10885	166.125 	 27.405 	 54.582
FD10885	166.250 	 27.434 	 54.603
FD10885	166.375 	 27.466 	 54.566
FD10885	166.500 	 27.486 	 54.538
FD10885	166.625 	 27.516 	 54.490
FD10885	166.750 	 27.536 	 54.438
FD10885	166.875 	 27.555 	 54.455
FD10885	167.000 	 27.573 	 54.483
FD10885	167.125 	 27.595 	 54.515
FD10885	167.250 	 27.618 	 54.575
FD10885	167.375 	 27.637 	 54.582
FD10885	167.500 	 27.671 	 54.602
FD10885	167.625 	 27.692 	 54.615
FD10885	167.750 	 27.720 	 54.646
FD10885	167.875 	 27.748 	 54.708
FD10885	168.000 	 27.777 	 54.735
FD10885	168.125 	 27.808 	 54.762
FD10885	168.250 	 27.842 	 54.850
FD10885	168.375 	 27.879 	 54.911
FD10885	168.500 	 27.915 	 54.914
FD10885	168.625 	 27.952 	 54.957
FD10885	168.750 	 27.984 	 54.928
FD10885	168.875 	 28.012 	 54.965
FD10885	169.000 	 28.030 	 55.021
FD10885	169.125 	 28.055 	 54.926
FD10885	169.250 	 28.068 	 54.958
FD10885	169.375 	 28.087 	 55.057
FD10885	169.500 	 28.103 	 55.053
FD10885	169.625 	 28.120 	 55.114
FD10885	169.750 	 28.137 	 55.128
FD10885	169.875 	 28.158 	 55.089
FD10885	170.000 	 28.173 	 55.161
FD10885	170.125 	 28.195 	 55.123
FD10885	170.250 	 28.219 	 55.089
FD10885	170.375 	 28.241 	 55.133
FD10885	170.500 	 28.269 	 55.194
FD10885	170.625 	 28.298 	 55.145
FD10885	170.750 	 28.327 	 55.031
FD10885	170.875 	 28.360 	 55.115
FD10885	171.000 	 28.396 	 55.165
FD10885	171.125 	 28.427 	 55.018
FD10885	171.250 	 28.469 	 54.985
FD10885	171.375 	 28.506 	 55.051
FD10885	171.500 	 28.547 	 55.015
FD10885	171.625 	 28.591 	 55.021
FD10885	171.750 	 28.636 	 54.982
FD10885	171.875 	 28.683 	 54.872
FD10885	172.000 	 28.739 	 54.752
FD10885	172.125 	 28.786 	 54.751
FD10885	172.250 	 28.841 	 54.855
FD10885	172.375 	 28.898 	 54.889
FD10885	172.500 	 28.956 	 54.909
FD10885	172.625 	 29.014 	 54.885
FD10885	172.750 	 29.078 	 54.947
FD10885	172.875 	 29.138 	 55.008
FD10885	173.000 	 29.195 	 55.069
FD10885	173.125 	 29.264 	 55.125
FD10885	173.250 	 29.325 	 55.084
FD10885	173.375 	 29.386 	 55.172
FD10885	173.500 	 29.448 	 55.233
FD10885	173.625 	 29.507 	 55.193
FD10885	173.750 	 29.573 	 55.219
FD10885	173.875 	 29.622 	 55.328
FD10885	174.000 	 29.685 	 55.383
FD10885	174.125 	 29.731 	 55.405
FD10885	174.250 	 29.783 	 55.466
FD10885	174.375 	 29.833 	 55.520
FD10885	174.500 	 29.875 	 55.565
FD10885	174.625 	 29.922 	 55.597
FD10885	174.750 	 29.964 	 55.639
FD10885	174.875 	 30.005 	 55.688
FD10885	175.000 	 30.044 	 55.672
FD10885	175.125 	 30.075 	 55.715
FD10885	175.250 	 30.116 	 55.768
FD10885	175.375 	 30.153 	 55.691
FD10885	175.500 	 30.186 	 55.654
FD10885	175.625 	 30.218 	 55.578
FD10885	175.750 	 30.252 	 55.576
FD10885	175.875 	 30.292 	 55.702
FD10885	176.000 	 30.326 	 55.745
FD10885	176.125 	 30.365 	 55.800
FD10885	176.250 	 30.399 	 55.881
FD10885	176.375 	 30.434 	 55.919
FD10885	176.500 	 30.477 	 55.869
FD10885	176.625 	 30.515 	 55.870
FD10885	176.750 	 30.551 	 55.935
FD10885	176.875 	 30.590 	 55.920
FD10885	177.000 	 30.628 	 55.949
FD10885	177.125 	 30.663 	 56.053
FD10885	177.250 	 30.704 	 56.092
FD10885	177.375 	 30.740 	 56.025
FD10885	177.500 	 30.779 	 55.998
FD10885	177.625 	 30.815 	 56.064
FD10885	177.750 	 30.858 	 55.986
FD10885	177.875 	 30.894 	 56.004
FD10885	178.000 	 30.937 	 56.110
FD10885	178.125 	 30.973 	 56.078
FD10885	178.250 	 31.013 	 56.032
FD10885	178.375 	 31.048 	 55.971
FD10885	178.500 	 31.094 	 55.991
FD10885	178.625 	 31.126 	 56.028
FD10885	178.750 	 31.166 	 56.068
FD10885	178.875 	 31.205 	 56.055
FD10885	179.000 	 31.250 	 56.054
FD10885	179.125 	 31.287 	 56.064
FD10885	179.250 	 31.331 	 56.085
FD10885	179.375 	 31.369 	 56.060
FD10885	179.500 	 31.413 	 55.964
FD10885	179.625 	 31.450 	 56.045
FD10885	179.750 	 31.494 	 56.186
FD10885	179.875 	 31.534 	 56.180
FD10885	180.000 	 31.574 	 56.233
FD10885	180.125 	 31.610 	 56.324
FD10885	180.250 	 31.654 	 56.333
FD10885	180.375 	 31.689 	 56.371
FD10885	180.500 	 31.732 	 56.262
FD10885	180.625 	 31.768 	 56.158
FD10885	180.750 	 31.806 	 56.306
FD10885	180.875 	 31.845 	 56.410
FD10885	181.000 	 31.884 	 56.410
FD10885	181.125 	 31.922 	 56.367
FD10885	181.250 	 31.960 	 56.359
FD10885	181.375 	 31.998 	 56.352
FD10885	181.500 	 32.027 	 56.399
FD10885	181.625 	 32.068 	 56.438
FD10885	181.750 	 32.104 	 56.399
FD10885	181.875 	 32.136 	 56.499
FD10885	182.000 	 32.172 	 56.551
FD10885	182.125 	 32.204 	 56.479
FD10885	182.250 	 32.243 	 56.449
FD10885	182.375 	 32.271 	 56.443
FD10885	182.500 	 32.306 	 56.432
FD10885	182.625 	 32.338 	 56.444
FD10885	182.750 	 32.364 	 56.502
FD10885	182.875 	 32.397 	 56.565
FD10885	183.000 	 32.424 	 56.461
FD10885	183.125 	 32.455 	 56.343
FD10885	183.250 	 32.478 	 56.225
FD10885	183.375 	 32.504 	 56.283
FD10885	183.500 	 32.533 	 56.326
FD10885	183.625 	 32.550 	 56.296
FD10885	183.750 	 32.580 	 56.325
FD10885	183.875 	 32.595 	 56.325
FD10885	184.000 	 32.617 	 56.374
FD10885	184.125 	 32.634 	 56.315
FD10885	184.250 	 32.655 	 56.331
FD10885	184.375 	 32.670 	 56.318
FD10885	184.500 	 32.684 	 56.336
FD10885	184.625 	 32.704 	 56.314
FD10885	184.750 	 32.714 	 56.232
FD10885	184.875 	 32.731 	 56.298
FD10885	185.000 	 32.744 	 56.325
FD10885	185.125 	 32.752 	 56.341
FD10885	185.250 	 32.767 	 56.339
FD10885	185.375 	 32.775 	 56.267
FD10885	185.500 	 32.782 	 56.213
FD10885	185.625 	 32.797 	 56.245
FD10885	185.750 	 32.803 	 56.243
FD10885	185.875 	 32.818 	 56.204
FD10885	186.000 	 32.824 	 56.215
FD10885	186.125 	 32.830 	 56.292
FD10885	186.250 	 32.846 	 56.319
FD10885	186.375 	 32.852 	 56.259
FD10885	186.500 	 32.864 	 56.234
FD10885	186.625 	 32.875 	 56.295
FD10885	186.750 	 32.887 	 56.330
FD10885	186.875 	 32.899 	 56.402
FD10885	187.000 	 32.910 	 56.432
FD10885	187.125 	 32.928 	 56.362
FD10885	187.250 	 32.947 	 56.384
FD10885	187.375 	 32.959 	 56.358
FD10885	187.500 	 32.980 	 56.260
FD10885	187.625 	 33.001 	 56.292
FD10885	187.750 	 33.018 	 56.268
FD10885	187.875 	 33.041 	 56.129
FD10885	188.000 	 33.059 	 56.150
FD10885	188.125 	 33.081 	 56.100
FD10885	188.250 	 33.103 	 56.127
FD10885	188.375 	 33.118 	 56.199
FD10885	188.500 	 33.144 	 56.124
FD10885	188.625 	 33.170 	 56.137
FD10885	188.750 	 33.197 	 56.108
FD10885	188.875 	 33.226 	 56.109
FD10885	189.000 	 33.262 	 56.211
FD10885	189.125 	 33.302 	 56.395
FD10885	189.250 	 33.331 	 56.370
FD10885	189.375 	 33.363 	 56.215
FD10885	189.500 	 33.395 	 56.160
FD10885	189.625 	 33.419 	 56.111
FD10885	189.750 	 33.451 	 56.112
FD10885	189.875 	 33.481 	 56.131
FD10885	190.000 	 33.518 	 56.149
FD10885	190.125 	 33.558 	 56.176
FD10885	190.250 	 33.591 	 56.252
FD10885	190.375 	 33.618 	 56.252
FD10885	190.500 	 33.643 	 56.313
FD10885	190.625 	 33.666 	 56.336
FD10885	190.750 	 33.681 	 56.306
FD10885	190.875 	 33.699 	 56.371
FD10885	191.000 	 33.708 	 56.410
FD10885	191.125 	 33.724 	 56.504
FD10885	191.250 	 33.729 	 56.487
FD10885	191.375 	 33.748 	 56.285
FD10885	191.500 	 33.755 	 56.278
FD10885	191.625 	 33.765 	 56.422
FD10885	191.750 	 33.769 	 56.355
FD10885	191.875 	 33.774 	 56.373
FD10885	192.000 	 33.785 	 56.453
FD10885	192.125 	 33.785 	 56.438
FD10885	192.250 	 33.787 	 56.506
FD10885	192.375 	 33.798 	 56.507
FD10885	192.500 	 33.803 	 56.386
FD10885	192.625 	 33.808 	 56.375
FD10885	192.750 	 33.817 	 56.445
FD10885	192.875 	 33.827 	 56.414
FD10885	193.000 	 33.829 	 56.442
FD10885	193.125 	 33.843 	 56.526
FD10885	193.250 	 33.857 	 56.495
FD10885	193.375 	 33.860 	 56.380
FD10885	193.500 	 33.869 	 56.402
FD10885	193.625 	 33.879 	 56.440
FD10885	193.750 	 33.883 	 56.353
FD10885	193.875 	 33.892 	 56.329
FD10885	194.000 	 33.899 	 56.359
FD10885	194.125 	 33.900 	 56.396
FD10885	194.250 	 33.907 	 56.316
FD10885	194.375 	 33.909 	 56.323
FD10885	194.500 	 33.913 	 56.449
FD10885	194.625 	 33.914 	 56.460
FD10885	194.750 	 33.904 	 56.393
FD10885	194.875 	 33.910 	 56.427
FD10885	195.000 	 33.898 	 56.493
FD10885	195.125 	 33.894 	 56.322
FD10885	195.250 	 33.888 	 56.270
FD10885	195.375 	 33.874 	 56.423
FD10885	195.500 	 33.869 	 56.356
FD10885	195.625 	 33.863 	 56.279
FD10885	195.750 	 33.850 	 56.380
FD10885	195.875 	 33.849 	 56.369
FD10885	196.000 	 33.838 	 56.353
FD10885	196.125 	 33.840 	 56.391
FD10885	196.250 	 33.832 	 56.446
FD10885	196.375 	 33.830 	 56.584
FD10885	196.500 	 33.828 	 56.657
FD10885	196.625 	 33.826 	 56.657
FD10885	196.750 	 33.821 	 56.728
FD10885	196.875 	 33.821 	 56.720
FD10885	197.000 	 33.826 	 56.549
FD10885	197.125 	 33.824 	 56.487
FD10885	197.250 	 33.835 	 56.523
FD10885	197.375 	 33.836 	 56.512
FD10885	197.500 	 33.844 	 56.430
FD10885	197.625 	 33.854 	 56.489
FD10885	197.750 	 33.864 	 56.539
FD10885	197.875 	 33.871 	 56.469
FD10885	198.000 	 33.881 	 56.427
FD10885	198.125 	 33.894 	 56.500
FD10885	198.250 	 33.905 	 56.511
FD10885	198.375 	 33.917 	 56.451
FD10885	198.500 	 33.929 	 56.452
FD10885	198.625 	 33.936 	 56.445
FD10885	198.750 	 33.952 	 56.481
FD10885	198.875 	 33.959 	 56.444
FD10885	199.000 	 33.969 	 56.373
FD10885	199.125 	 33.978 	 56.293
FD10885	199.250 	 33.982 	 56.185
FD10885	199.375 	 33.989 	 56.168
FD10885	199.500 	 33.989 	 56.124
FD10885	199.625 	 33.994 	 56.103
FD10885	199.750 	 33.994 	 56.171
FD10885	199.875 	 33.997 	 56.138
FD10885	200.000 	 33.990 	 56.188
FD10885	200.125 	 33.991 	 56.365
FD10885	200.250 	 33.990 	 56.342
FD10885	200.375 	 33.983 	 56.237
FD10885	200.500 	 33.981 	 56.290
FD10885	200.625 	 33.978 	 56.410
FD10885	200.750 	 33.972 	 56.452
FD10885	200.875 	 33.976 	 56.435
FD10885	201.000 	 33.970 	 56.475
FD10885	201.125 	 33.971 	 56.416
FD10885	201.250 	 33.971 	 56.371
FD10885	201.375 	 33.976 	 56.394
FD10885	201.500 	 33.972 	 56.441
FD10885	201.625 	 33.979 	 56.529
FD10885	201.750 	 33.979 	 56.589
FD10885	201.875 	 33.982 	 56.473
FD10885	202.000 	 33.981 	 56.339
FD10885	202.125 	 33.984 	 56.444
FD10885	202.250 	 33.986 	 56.476
FD10885	202.375 	 33.984 	 56.410
FD10885	202.500 	 33.984 	 56.461
FD10885	202.625 	 33.983 	 56.497
FD10885	202.750 	 33.987 	 56.504
FD10885	202.875 	 33.982 	 56.586
FD10885	203.000 	 33.981 	 56.514
FD10885	203.125 	 33.981 	 56.483
FD10885	203.250 	 33.974 	 56.575
FD10885	203.375 	 33.977 	 56.431
FD10885	203.500 	 33.977 	 56.393
FD10885	203.625 	 33.971 	 56.632
FD10885	203.750 	 33.970 	 56.699
FD10885	203.875 	 33.969 	 56.430
FD10885	204.000 	 33.970 	 56.398
FD10885	204.125 	 33.971 	 56.609
FD10885	204.250 	 33.978 	 56.524
FD10885	204.375 	 33.983 	 56.390
FD10885	204.500 	 33.991 	 56.427
FD10885	204.625 	 34.002 	 56.444
FD10885	204.750 	 34.008 	 56.441
FD10885	204.875 	 34.018 	 56.485
FD10885	205.000 	 34.023 	 56.484
FD10885	205.125 	 34.037 	 56.511
FD10885	205.250 	 34.038 	 56.546
FD10885	205.375 	 34.051 	 56.495
FD10885	205.500 	 34.055 	 56.417
FD10885	205.625 	 34.057 	 56.278
FD10885	205.750 	 34.059 	 56.289
FD10885	205.875 	 34.059 	 56.361
FD10885	206.000 	 34.063 	 56.328
FD10885	206.125 	 34.057 	 56.428
FD10885	206.250 	 34.055 	 56.413
FD10885	206.375 	 34.053 	 56.374
FD10885	206.500 	 34.047 	 56.472
FD10885	206.625 	 34.044 	 56.453
FD10885	206.750 	 34.046 	 56.479
FD10885	206.875 	 34.051 	 56.467
FD10885	207.000 	 34.057 	 56.435
FD10885	207.125 	 34.067 	 56.498
FD10885	207.250 	 34.079 	 56.467
FD10885	207.375 	 34.097 	 56.457
FD10885	207.500 	 34.117 	 56.570
FD10885	207.625 	 34.134 	 56.635
FD10885	207.750 	 34.156 	 56.746
FD10885	207.875 	 34.180 	 56.757
FD10885	208.000 	 34.197 	 56.644
FD10885	208.125 	 34.224 	 56.572
FD10885	208.250 	 34.242 	 56.454
FD10885	208.375 	 34.259 	 56.355
FD10885	208.500 	 34.279 	 56.266
FD10885	208.625 	 34.291 	 56.149
FD10885	208.750 	 34.299 	 56.137
FD10885	208.875 	 34.310 	 56.238
FD10885	209.000 	 34.307 	 56.118
FD10885	209.125 	 34.306 	 56.014
FD10885	209.250 	 34.304 	 56.076
FD10885	209.375 	 34.293 	 56.140
FD10885	209.500 	 34.283 	 56.309
FD10885	209.625 	 34.272 	 56.506
FD10885	209.750 	 34.258 	 56.467
FD10885	209.875 	 34.244 	 56.381
FD10885	210.000 	 34.230 	 56.445
FD10885	210.125 	 34.217 	 56.470
FD10885	210.250 	 34.199 	 56.524
FD10885	210.375 	 34.191 	 56.429
FD10885	210.500 	 34.179 	 56.409
FD10885	210.625 	 34.168 	 56.537
FD10885	210.750 	 34.156 	 56.510
FD10885	210.875 	 34.145 	 56.491
FD10885	211.000 	 34.139 	 56.595
FD10885	211.125 	 34.131 	 56.594
FD10885	211.250 	 34.122 	 56.565
FD10885	211.375 	 34.117 	 56.648
FD10885	211.500 	 34.109 	 56.604
FD10885	211.625 	 34.106 	 56.580
FD10885	211.750 	 34.101 	 56.692
FD10885	211.875 	 34.095 	 56.676
FD10885	212.000 	 34.092 	 56.642
FD10885	212.125 	 34.085 	 56.641
FD10885	212.250 	 34.086 	 56.695
FD10885	212.375 	 34.083 	 56.785
FD10885	212.500 	 34.079 	 56.676
FD10885	212.625 	 34.080 	 56.668
FD10885	212.750 	 34.075 	 56.705
FD10885	212.875 	 34.080 	 56.758
FD10885	213.000 	 34.081 	 56.813
FD10885	213.125 	 34.082 	 56.799
FD10885	213.250 	 34.088 	 56.820
FD10885	213.375 	 34.086 	 56.791
FD10885	213.500 	 34.091 	 56.781
FD10885	213.625 	 34.095 	 56.700
FD10885	213.750 	 34.102 	 56.695
FD10885	213.875 	 34.106 	 56.762
FD10885	214.000 	 34.110 	 56.699
FD10885	214.125 	 34.119 	 56.760
FD10885	214.250 	 34.127 	 56.701
FD10885	214.375 	 34.133 	 56.592
FD10885	214.500 	 34.142 	 56.621
FD10885	214.625 	 34.152 	 56.611
FD10885	214.750 	 34.156 	 56.626
FD10885	214.875 	 34.160 	 56.665
FD10885	215.000 	 34.169 	 56.746
FD10885	215.125 	 34.174 	 56.822
FD10885	215.250 	 34.171 	 56.837
FD10885	215.375 	 34.171 	 56.711
FD10885	215.500 	 34.170 	 56.737
FD10885	215.625 	 34.167 	 56.803
FD10885	215.750 	 34.165 	 56.656
FD10885	215.875 	 34.157 	 56.550
FD10885	216.000 	 34.155 	 56.524
FD10885	216.125 	 34.147 	 56.583
FD10885	216.250 	 34.143 	 56.595
FD10885	216.375 	 34.140 	 56.605
FD10885	216.500 	 34.131 	 56.688
FD10885	216.625 	 34.130 	 56.766
FD10885	216.750 	 34.122 	 56.871
FD10885	216.875 	 34.121 	 56.868
FD10885	217.000 	 34.125 	 56.800
FD10885	217.125 	 34.123 	 56.806
FD10885	217.250 	 34.129 	 56.848
FD10885	217.375 	 34.133 	 56.687
FD10885	217.500 	 34.142 	 56.688
FD10885	217.625 	 34.153 	 56.830
FD10885	217.750 	 34.160 	 56.842
FD10885	217.875 	 34.173 	 56.857
FD10885	218.000 	 34.180 	 56.783
FD10885	218.125 	 34.185 	 56.747
FD10885	218.250 	 34.194 	 56.758
FD10885	218.375 	 34.196 	 56.789
FD10885	218.500 	 34.202 	 56.844
FD10885	218.625 	 34.203 	 56.779
FD10885	218.750 	 34.199 	 56.730
FD10885	218.875 	 34.200 	 56.705
FD10885	219.000 	 34.194 	 56.717
FD10885	219.125 	 34.185 	 56.671
FD10885	219.250 	 34.185 	 56.667
FD10885	219.375 	 34.174 	 56.654
FD10885	219.500 	 34.167 	 56.609
FD10885	219.625 	 34.159 	 56.821
FD10885	219.750 	 34.153 	 56.842
FD10885	219.875 	 34.144 	 56.721
FD10885	220.000 	 34.138 	 56.690
FD10885	220.125 	 34.130 	 56.749
FD10885	220.250 	 34.123 	 56.837
FD10885	220.375 	 34.121 	 56.893
FD10885	220.500 	 34.118 	 56.832
FD10885	220.625 	 34.118 	 56.849
FD10885	220.750 	 34.118 	 56.895
FD10885	220.875 	 34.123 	 56.794
FD10885	221.000 	 34.122 	 56.900
FD10885	221.125 	 34.122 	 56.955
FD10885	221.250 	 34.128 	 56.965
FD10885	221.375 	 34.130 	 57.081
FD10885	221.500 	 34.131 	 57.060
FD10885	221.625 	 34.138 	 56.974
FD10885	221.750 	 34.137 	 56.835
FD10885	221.875 	 34.144 	 56.700
FD10885	222.000 	 34.146 	 56.699
FD10885	222.125 	 34.152 	 56.766
FD10885	222.250 	 34.154 	 56.775
FD10885	222.375 	 34.155 	 56.709
FD10885	222.500 	 34.159 	 56.732
FD10885	222.625 	 34.163 	 56.766
FD10885	222.750 	 34.160 	 56.710
FD10885	222.875 	 34.158 	 56.704
FD10885	223.000 	 34.164 	 56.705
FD10885	223.125 	 34.157 	 56.681
FD10885	223.250 	 34.158 	 56.684
FD10885	223.375 	 34.155 	 56.677
FD10885	223.500 	 34.152 	 56.712
FD10885	223.625 	 34.147 	 56.706
FD10885	223.750 	 34.145 	 56.685
FD10885	223.875 	 34.143 	 56.707
FD10885	224.000 	 34.142 	 56.707
FD10885	224.125 	 34.142 	 56.746
FD10885	224.250 	 34.141 	 56.748
FD10885	224.375 	 34.142 	 56.694
FD10885	224.500 	 34.138 	 56.739
FD10885	224.625 	 34.144 	 56.769
FD10885	224.750 	 34.143 	 56.742
FD10885	224.875 	 34.148 	 56.772
FD10885	225.000 	 34.145 	 56.793
FD10885	225.125 	 34.145 	 56.758
FD10885	225.250 	 34.148 	 56.795
FD10885	225.375 	 34.154 	 56.817
FD10885	225.500 	 34.156 	 56.657
FD10885	225.625 	 34.163 	 56.599
FD10885	225.750 	 34.161 	 56.661
FD10885	225.875 	 34.174 	 56.734
FD10885	226.000 	 34.173 	 56.812
FD10885	226.125 	 34.182 	 56.816
FD10885	226.250 	 34.191 	 56.925
FD10885	226.375 	 34.196 	 56.978
FD10885	226.500 	 34.206 	 56.952
FD10885	226.625 	 34.215 	 57.021
FD10885	226.750 	 34.227 	 57.033
FD10885	226.875 	 34.233 	 57.039
FD10885	227.000 	 34.244 	 57.027
FD10885	227.125 	 34.253 	 57.042
FD10885	227.250 	 34.261 	 57.154
FD10885	227.375 	 34.274 	 57.062
FD10885	227.500 	 34.279 	 56.978
FD10885	227.625 	 34.285 	 56.958
FD10885	227.750 	 34.293 	 56.926
FD10885	227.875 	 34.300 	 56.917
FD10885	228.000 	 34.299 	 56.902
FD10885	228.125 	 34.303 	 56.940
FD10885	228.250 	 34.303 	 56.874
FD10885	228.375 	 34.303 	 56.945
FD10885	228.500 	 34.296 	 56.991
FD10885	228.625 	 34.293 	 56.808
FD10885	228.750 	 34.291 	 56.746
FD10885	228.875 	 34.284 	 56.864
FD10885	229.000 	 34.279 	 56.876
FD10885	229.125 	 34.278 	 56.782
FD10885	229.250 	 34.268 	 56.807
FD10885	229.375 	 34.266 	 56.990
FD10885	229.500 	 34.259 	 57.059
FD10885	229.625 	 34.254 	 57.004
FD10885	229.750 	 34.253 	 56.944
FD10885	229.875 	 34.247 	 56.903
FD10885	230.000 	 34.251 	 56.862
FD10885	230.125 	 34.246 	 56.761
FD10885	230.250 	 34.251 	 56.759
FD10885	230.375 	 34.255 	 56.775
FD10885	230.500 	 34.255 	 56.835
FD10885	230.625 	 34.259 	 56.933
FD10885	230.750 	 34.266 	 56.853
FD10885	230.875 	 34.271 	 56.833
FD10885	231.000 	 34.279 	 56.839
FD10885	231.125 	 34.288 	 56.768
FD10885	231.250 	 34.294 	 56.792
FD10885	231.375 	 34.307 	 56.804
FD10885	231.500 	 34.318 	 56.769
FD10885	231.625 	 34.330 	 56.743
FD10885	231.750 	 34.341 	 56.724
FD10885	231.875 	 34.354 	 56.593
FD10885	232.000 	 34.366 	 56.504
FD10885	232.125 	 34.380 	 56.507
FD10885	232.250 	 34.393 	 56.378
FD10885	232.375 	 34.405 	 56.345
FD10885	232.500 	 34.419 	 56.530
FD10885	232.625 	 34.435 	 56.576
FD10885	232.750 	 34.447 	 56.495
FD10885	232.875 	 34.462 	 56.561
FD10885	233.000 	 34.471 	 56.619
FD10885	233.125 	 34.488 	 56.564
FD10885	233.250 	 34.493 	 56.591
FD10885	233.375 	 34.503 	 56.735
FD10885	233.500 	 34.513 	 56.806
FD10885	233.625 	 34.517 	 56.758
FD10885	233.750 	 34.523 	 56.657
FD10885	233.875 	 34.521 	 56.651
FD10885	234.000 	 34.526 	 56.550
FD10885	234.125 	 34.526 	 56.424
FD10885	234.250 	 34.525 	 56.593
FD10885	234.375 	 34.519 	 56.579
FD10885	234.500 	 34.516 	 56.538
FD10885	234.625 	 34.512 	 56.617
FD10885	234.750 	 34.505 	 56.623
FD10885	234.875 	 34.500 	 56.654
FD10885	235.000 	 34.490 	 56.708
FD10885	235.125 	 34.480 	 56.811
FD10885	235.250 	 34.470 	 56.843
FD10885	235.375 	 34.465 	 56.825
FD10885	235.500 	 34.462 	 56.882
FD10885	235.625 	 34.446 	 57.020
FD10885	235.750 	 34.442 	 56.984
FD10885	235.875 	 34.438 	 56.794
FD10885	236.000 	 34.428 	 56.760
FD10885	236.125 	 34.426 	 56.868
FD10885	236.250 	 34.417 	 56.942
FD10885	236.375 	 34.414 	 56.915
FD10885	236.500 	 34.406 	 57.028
FD10885	236.625 	 34.403 	 57.046
FD10885	236.750 	 34.397 	 56.939
FD10885	236.875 	 34.392 	 56.926
FD10885	237.000 	 34.389 	 56.737
FD10885	237.125 	 34.382 	 56.691
FD10885	237.250 	 34.380 	 56.793
FD10885	237.375 	 34.378 	 56.782
FD10885	237.500 	 34.376 	 56.716
FD10885	237.625 	 34.371 	 56.730
FD10885	237.750 	 34.372 	 56.785
FD10885	237.875 	 34.368 	 56.866
FD10885	238.000 	 34.361 	 56.925
FD10885	238.125 	 34.363 	 56.807
FD10885	238.250 	 34.357 	 56.833
FD10885	238.375 	 34.354 	 56.808
FD10885	238.500 	 34.351 	 56.755
FD10885	238.625 	 34.344 	 56.858
FD10885	238.750 	 34.341 	 56.821
FD10885	238.875 	 34.335 	 56.844
FD10885	239.000 	 34.334 	 56.945
FD10885	239.125 	 34.324 	 56.849
FD10885	239.250 	 34.327 	 56.821
FD10885	239.375 	 34.319 	 56.778
FD10885	239.500 	 34.316 	 56.741
FD10885	239.625 	 34.312 	 56.917
FD10885	239.750 	 34.306 	 57.040
FD10885	239.875 	 34.298 	 57.093
FD10885	240.000 	 34.295 	 57.034
FD10885	240.125 	 34.291 	 56.973
FD10885	240.250 	 34.290 	 56.982
FD10885	240.375 	 34.289 	 56.947
FD10885	240.500 	 34.285 	 56.956
FD10885	240.625 	 34.290 	 57.074
FD10885	240.750 	 34.293 	 57.086
FD10885	240.875 	 34.296 	 57.020
FD10885	241.000 	 34.304 	 57.121
FD10885	241.125 	 34.312 	 57.157
FD10885	241.250 	 34.318 	 57.081
FD10885	241.375 	 34.324 	 57.170
FD10885	241.500 	 34.339 	 57.220
FD10885	241.625 	 34.345 	 57.155
FD10885	241.750 	 34.362 	 57.045
FD10885	241.875 	 34.371 	 56.911
FD10885	242.000 	 34.386 	 56.969
FD10885	242.125 	 34.398 	 57.118
FD10885	242.250 	 34.413 	 57.076
FD10885	242.375 	 34.427 	 56.913
FD10885	242.500 	 34.435 	 56.862
FD10885	242.625 	 34.449 	 56.859
FD10885	242.750 	 34.454 	 56.851
FD10885	242.875 	 34.457 	 56.778
FD10885	243.000 	 34.464 	 56.819
FD10885	243.125 	 34.463 	 56.826
FD10885	243.250 	 34.459 	 56.703
FD10885	243.375 	 34.456 	 56.776
FD10885	243.500 	 34.451 	 56.821
FD10885	243.625 	 34.442 	 56.803
FD10885	243.750 	 34.437 	 56.727
FD10885	243.875 	 34.421 	 56.744
FD10885	244.000 	 34.413 	 56.859
FD10885	244.125 	 34.396 	 56.895
FD10885	244.250 	 34.388 	 56.831
FD10885	244.375 	 34.370 	 56.762
FD10885	244.500 	 34.362 	 56.868
FD10885	244.625 	 34.346 	 56.906
FD10885	244.750 	 34.339 	 56.840
FD10885	244.875 	 34.327 	 56.921
FD10885	245.000 	 34.317 	 56.965
FD10885	245.125 	 34.307 	 57.052
FD10885	245.250 	 34.297 	 57.051
FD10885	245.375 	 34.293 	 56.968
FD10885	245.500 	 34.289 	 57.106
FD10885	245.625 	 34.279 	 57.125
FD10885	245.750 	 34.273 	 57.022
FD10885	245.875 	 34.276 	 57.057
FD10885	246.000 	 34.270 	 56.936
FD10885	246.125 	 34.268 	 56.773
FD10885	246.250 	 34.270 	 56.840
FD10885	246.375 	 34.274 	 56.943
FD10885	246.500 	 34.269 	 56.905
FD10885	246.625 	 34.277 	 57.002
FD10885	246.750 	 34.274 	 57.067
FD10885	246.875 	 34.279 	 57.006
FD10885	247.000 	 34.282 	 56.969
FD10885	247.125 	 34.286 	 56.937
FD10885	247.250 	 34.286 	 57.023
FD10885	247.375 	 34.292 	 57.044
FD10885	247.500 	 34.295 	 57.103
FD10885	247.625 	 34.300 	 57.035
FD10885	247.750 	 34.304 	 56.966
FD10885	247.875 	 34.306 	 57.176
FD10885	248.000 	 34.307 	 57.237
FD10885	248.125 	 34.313 	 57.162
FD10885	248.250 	 34.309 	 57.132
FD10885	248.375 	 34.315 	 56.984
FD10885	248.500 	 34.310 	 56.757
FD10885	248.625 	 34.314 	 56.701
FD10885	248.750 	 34.308 	 56.783
FD10885	248.875 	 34.306 	 56.806
FD10885	249.000 	 34.303 	 56.788
FD10885	249.125 	 34.294 	 56.651
FD10885	249.250 	 34.290 	 56.590
FD10885	249.375 	 34.287 	 56.764
FD10885	249.500 	 34.275 	 56.790
FD10885	249.625 	 34.274 	 56.739
FD10885	249.750 	 34.268 	 56.778
FD10885	249.875 	 34.259 	 56.677
FD10885	250.000 	 34.256 	 56.613
FD10885	250.125 	 34.252 	 56.745
FD10885	250.250 	 34.244 	 56.765
FD10885	250.375 	 34.235 	 56.747
FD10885	250.500 	 34.236 	 56.665
FD10885	250.625 	 34.222 	 56.601
FD10885	250.750 	 34.219 	 56.671
FD10885	250.875 	 34.214 	 56.694
FD10885	251.000 	 34.208 	 56.695
FD10885	251.125 	 34.204 	 56.611
FD10885	251.250 	 34.204 	 56.618
FD10885	251.375 	 34.197 	 56.554
FD10885	251.500 	 34.200 	 56.456
FD10885	251.625 	 34.197 	 56.397
FD10885	251.750 	 34.201 	 56.368
FD10885	251.875 	 34.197 	 56.431
FD10885	252.000 	 34.204 	 56.499
FD10885	252.125 	 34.206 	 56.565
FD10885	252.250 	 34.210 	 56.530
FD10885	252.375 	 34.218 	 56.580
FD10885	252.500 	 34.225 	 56.610
FD10885	252.625 	 34.231 	 56.563
FD10885	252.750 	 34.234 	 56.727
FD10885	252.875 	 34.240 	 56.704
FD10885	253.000 	 34.244 	 56.491
FD10885	253.125 	 34.243 	 56.500
FD10885	253.250 	 34.244 	 56.606
FD10885	253.375 	 34.243 	 56.698
FD10885	253.500 	 34.240 	 56.630
FD10885	253.625 	 34.232 	 56.472
FD10885	253.750 	 34.229 	 56.337
FD10885	253.875 	 34.226 	 56.313
FD10885	254.000 	 34.219 	 56.346
FD10885	254.125 	 34.211 	 56.431
FD10885	254.250 	 34.213 	 56.640
FD10885	254.375 	 34.208 	 56.702
FD10885	254.500 	 34.206 	 56.765
FD10885	254.625 	 34.204 	 56.901
FD10885	254.750 	 34.205 	 56.932
FD10885	254.875 	 34.206 	 56.884
FD10885	255.000 	 34.209 	 56.982
FD10885	255.125 	 34.217 	 56.980
FD10885	255.250 	 34.227 	 56.847
FD10885	255.375 	 34.232 	 56.788
FD10885	255.500 	 34.245 	 56.760
FD10885	255.625 	 34.256 	 56.687
FD10885	255.750 	 34.267 	 56.608
FD10885	255.875 	 34.277 	 56.733
FD10885	256.000 	 34.281 	 56.686
FD10885	256.125 	 34.283 	 56.466
FD10885	256.250 	 34.289 	 56.375
FD10885	256.375 	 34.282 	 56.412
FD10885	256.500 	 34.283 	 56.383
FD10885	256.625 	 34.280 	 56.268
FD10885	256.750 	 34.277 	 56.294
FD10885	256.875 	 34.277 	 56.457
FD10885	257.000 	 34.272 	 56.455
FD10885	257.125 	 34.277 	 56.412
FD10885	257.250 	 34.271 	 56.536
FD10885	257.375 	 34.277 	 56.592
FD10885	257.500 	 34.275 	 56.570
FD10885	257.625 	 34.275 	 56.519
FD10885	257.750 	 34.278 	 56.529
FD10885	257.875 	 34.280 	 56.517
FD10885	258.000 	 34.280 	 56.561
FD10885	258.125 	 34.280 	 56.573
FD10885	258.250 	 34.278 	 56.522
FD10885	258.375 	 34.273 	 56.554
FD10885	258.500 	 34.271 	 56.651
FD10885	258.625 	 34.265 	 56.692
FD10885	258.750 	 34.254 	 56.580
FD10885	258.875 	 34.244 	 56.525
FD10885	259.000 	 34.230 	 56.462
FD10885	259.125 	 34.217 	 56.634
FD10885	259.250 	 34.203 	 56.713
FD10885	259.375 	 34.183 	 56.734
FD10885	259.500 	 34.167 	 56.847
FD10885	259.625 	 34.147 	 56.763
FD10885	259.750 	 34.134 	 56.816
FD10885	259.875 	 34.112 	 56.760
FD10885	260.000 	 34.101 	 56.729
FD10885	260.125 	 34.085 	 56.892
FD10885	260.250 	 34.071 	 56.838
FD10885	260.375 	 34.066 	 56.730
FD10885	260.500 	 34.057 	 56.667
FD10885	260.625 	 34.056 	 56.672
FD10885	260.750 	 34.057 	 56.629
FD10885	260.875 	 34.054 	 56.648
FD10885	261.000 	 34.057 	 56.633
FD10885	261.125 	 34.063 	 56.506
FD10885	261.250 	 34.060 	 56.514
FD10885	261.375 	 34.068 	 56.654
FD10885	261.500 	 34.070 	 56.721
FD10885	261.625 	 34.077 	 56.609
FD10885	261.750 	 34.082 	 56.481
FD10885	261.875 	 34.092 	 56.438
FD10885	262.000 	 34.097 	 56.452
FD10885	262.125 	 34.107 	 56.368
FD10885	262.250 	 34.119 	 56.394
FD10885	262.375 	 34.131 	 56.518
FD10885	262.500 	 34.148 	 56.598
FD10885	262.625 	 34.159 	 56.528
FD10885	262.750 	 34.177 	 56.509
FD10885	262.875 	 34.188 	 56.588
FD10885	263.000 	 34.211 	 56.500
FD10885	263.125 	 34.221 	 56.390
FD10885	263.250 	 34.234 	 56.471
FD10885	263.375 	 34.250 	 56.560
FD10885	263.500 	 34.259 	 56.502
FD10885	263.625 	 34.275 	 56.301
FD10885	263.750 	 34.283 	 56.092
FD10885	263.875 	 34.297 	 56.059
FD10885	264.000 	 34.315 	 56.155
FD10885	264.125 	 34.330 	 56.148
FD10885	264.250 	 34.351 	 56.029
FD10885	264.375 	 34.360 	 56.143
FD10885	264.500 	 34.379 	 56.192
FD10885	264.625 	 34.392 	 56.112
FD10885	264.750 	 34.405 	 56.193
FD10885	264.875 	 34.414 	 56.216
FD10885	265.000 	 34.426 	 55.992
FD10885	265.125 	 34.440 	 55.729
FD10885	265.250 	 34.445 	 55.647
FD10885	265.375 	 34.464 	 55.645
FD10885	265.500 	 34.477 	 55.650
FD10885	265.625 	 34.490 	 55.653
FD10885	265.750 	 34.502 	 55.650
FD10885	265.875 	 34.510 	 55.649
FD10885	266.000 	 34.521 	 55.648
FD10885	266.125 	 34.520 	 55.651
FD10885	266.250 	 34.528 	 55.649
FD10885	266.375 	 34.529 	 55.644
FD10885	266.500 	 34.528 	 55.638
FD10885	266.625 	 34.532 	 55.627
FD10885	266.750 	 34.527 	 55.619
FD10885	266.875 	 34.530 	 55.622
FD10885	267.000 	 34.530 	 55.622
FD10885	267.125 	 34.527 	 55.619
FD10885	267.250 	 34.530 	 55.642
FD10885	267.375 	 34.528 	 55.649
FD10885	267.500 	 34.528 	 55.649
FD10885	267.625 	 34.529 	 55.658
FD10885	267.750 	 34.528 	 55.661
FD10885	267.875 	 34.533 	 55.655
FD10885	268.000 	 34.529 	 55.655
FD10885	268.125 	 34.528 	 55.661
FD10885	268.250 	 34.529 	 55.667
FD10885	268.375 	 34.529 	 55.644
FD10885	268.500 	 34.526 	 55.621
FD10885	268.625 	 34.530 	 55.622
FD10885	268.750 	 34.529 	 55.625
FD10885	268.875 	 34.527 	 55.619
FD10885	269.000 	 34.534 	 55.622
FD10885	269.125 	 34.529 	 55.625
FD10885	269.250 	 34.530 	 55.622
FD10885	269.375 	 34.527 	 55.619
FD10885	269.500 	 34.529 	 55.625
FD10885	269.625 	 34.530 	 55.622
FD10885	269.750 	 34.526 	 55.621
FD10885	269.875 	 34.530 	 55.622
FD10885	270.000 	 34.530 	 55.622
FD10885	270.125 	 34.530 	 55.621
FD10885	270.250 	 34.530 	 55.622
FD10885	270.375 	 34.530 	 55.622
FD10885	270.500 	 34.529 	 55.625
FD10885	270.625 	 34.527 	 55.619
FD10885	270.750 	 34.529 	 55.625
FD10885	270.875 	 34.530 	 55.622
FD10885	271.000 	 34.527 	 55.619
FD10885	271.125 	 34.529 	 55.625
FD10885	271.250 	 34.534 	 55.622
FD10885	271.375 	 34.530 	 55.622
FD10885	271.500 	 34.526 	 55.621
FD10885	271.625 	 34.530 	 55.622
FD10885	271.750 	 34.529 	 55.625
FD10885	271.875 	 34.527 	 55.619
FD10885	272.000 	 34.530 	 55.622
FD10885	272.125 	 34.529 	 55.625
FD10885	272.250 	 34.527 	 55.619
FD10885	272.375 	 34.530 	 55.622
FD10885	272.500 	 34.533 	 55.625
FD10885	272.625 	 34.530 	 55.622
FD10885	272.750 	 34.526 	 55.621
FD10885	272.875 	 34.530 	 55.622
FD10885	273.000 	 34.530 	 55.622
FD10885	273.125 	 34.526 	 55.621
FD10885	273.250 	 34.530 	 55.622
FD10885	273.375 	 34.529 	 55.625
FD10885	273.500 	 34.530 	 55.622
FD10885	273.625 	 34.531 	 55.619
FD10885	273.750 	 34.529 	 55.625
FD10885	273.875 	 34.530 	 55.622
FD10885	274.000 	 34.527 	 55.619
FD10885	274.125 	 34.529 	 55.625
FD10885	274.250 	 34.530 	 55.622
FD10885	274.375 	 34.526 	 55.621
FD10885	274.500 	 34.530 	 55.622
FD10885	274.625 	 34.530 	 55.622
FD10885	274.750 	 34.533 	 55.625
FD10885	274.875 	 34.527 	 55.619
FD10885	275.000 	 34.530 	 55.622
FD10885	275.125 	 34.529 	 55.625
FD10885	275.250 	 34.527 	 55.619
FD10885	275.375 	 34.529 	 55.625
FD10885	275.500 	 34.530 	 55.622
FD10885	275.625 	 34.530 	 55.622
FD10885	275.750 	 34.526 	 55.621
FD10885	275.875 	 34.530 	 55.622
FD10885	276.000 	 34.534 	 55.622
FD10885	276.125 	 34.526 	 55.621
FD10885	276.250 	 34.530 	 55.622
FD10885	276.375 	 34.529 	 55.625
FD10885	276.500 	 34.527 	 55.619
FD10885	276.625 	 34.530 	 55.622
FD10885	276.750 	 34.529 	 55.625
FD10885	276.875 	 34.530 	 55.622
FD10885	277.000 	 34.527 	 55.619
FD10885	277.125 	 34.533 	 55.625
FD10885	277.250 	 34.530 	 55.622
FD10885	277.375 	 34.526 	 55.621
FD10885	277.500 	 34.530 	 55.622
FD10885	277.625 	 34.530 	 55.622
FD10885	277.750 	 34.529 	 55.625
FD10885	277.875 	 34.527 	 55.619
FD10885	278.000 	 34.529 	 55.625
FD10885	278.125 	 0.000 	 90.000
FD10885	278.250 	 0.000 	 90.000
FD10885	278.375 	 0.000 	 90.000
FD10885	278.500 	 0.000 	 90.000
FD10885	278.625 	 0.000 	 90.000
FD10885	278.750 	 0.000 	 90.000
FD10885	278.875 	 0.000 	 90.000
FD10885	279.000 	 0.000 	 90.000
FD10885	279.125 	 0.000 	 90.000
FD10885	279.250 	 0.000 	 90.000
FD10885	279.375 	 0.000 	 90.000
FD10885	279.500 	 0.000 	 90.000
FD10885	279.625 	 0.000 	 90.000
FD10885	279.750 	 0.000 	 90.000
FD10885	279.875 	 0.000 	 90.000
FD10885	280.000 	 0.000 	 90.000
FD10885	280.125 	 0.000 	 90.000
FD10885	280.250 	 0.000 	 90.000
FD10885	280.375 	 0.000 	 90.000
FD10885	280.500 	 0.000 	 90.000
FD10885	280.625 	 0.000 	 90.000
FD10885	280.750 	 0.000 	 90.000
FD10885	280.875 	 0.000 	 90.000
FD10885	281.000 	 0.000 	 90.000
FD10885	281.125 	 0.000 	 90.000
FD10885	281.250 	 0.000 	 90.000
FD10885	281.375 	 0.000 	 90.000
FD10885	281.500 	 0.000 	 90.000
FD10885	281.625 	 0.000 	 90.000
FD10885	281.750 	 0.000 	 90.000
FD10885	281.875 	 0.000 	 90.000
FD10885	282.000 	 0.000 	 90.000
FD10885	282.125 	 0.000 	 90.000
FD10885	282.250 	 0.000 	 90.000
FD10885	282.375 	 0.000 	 90.000
FD10885	282.500 	 0.000 	 90.000
FD10885	282.625 	 0.000 	 90.000
FD10885	282.750 	 0.000 	 90.000
FD10885	282.875 	 0.000 	 90.000
FD10885	283.000 	 0.000 	 90.000
FD10885	283.125 	 0.000 	 90.000
FD10885	283.250 	 0.000 	 90.000
FD10885	283.375 	 0.000 	 90.000
FD10885	283.500 	 0.000 	 90.000
FD10885	283.625 	 0.000 	 90.000
FD10885	283.750 	 0.000 	 90.000
FD10885	283.875 	 0.000 	 90.000
FD10885	284.000 	 0.000 	 90.000
FD10885	284.125 	 0.000 	 90.000
FD10885	284.250 	 0.000 	 90.000
FD10885	284.375 	 0.000 	 90.000
FD10885	284.500 	 0.000 	 90.000
FD10885	284.625 	 0.000 	 90.000
FD10885	284.750 	 0.000 	 90.000
FD10885	284.875 	 0.000 	 90.000
FD10885	285.000 	 0.000 	 90.000
FD10885	285.125 	 0.000 	 90.000
FD10885	285.250 	 0.000 	 90.000
FD10885	285.375 	 0.000 	 90.000
FD10885	285.500 	 0.000 	 90.000
FD10885	285.625 	 0.000 	 90.000
FD10885	285.750 	 0.000 	 90.000
FD10885	285.875 	 0.000 	 90.000
FD10885	286.000 	 0.000 	 90.000
FD10885	286.125 	 0.000 	 90.000
FD10885	286.250 	 0.000 	 90.000
FD10885	286.375 	 0.000 	 90.000
FD10885	286.500 	 0.000 	 90.000
FD10885	286.625 	 0.000 	 90.000
FD10885	286.750 	 0.000 	 90.000
FD10885	286.875 	 0.000 	 90.000
FD10885	287.000 	 0.000 	 90.000
FD10885	287.125 	 0.000 	 90.000
FD10885	287.250 	 0.000 	 90.000
FD10885	287.375 	 0.000 	 90.000
FD10885	287.500 	 0.000 	 90.000
FD10885	287.625 	 0.000 	 90.000
FD10885	287.750 	 0.000 	 90.000
FD10885	287.875 	 0.000 	 90.000
FD10885	288.000 	 0.000 	 90.000
