#WellName	 Depth.M	 INCL	 AZIM 
WellName	 Depth.M	 INCL	 AZIM 
FD11156	0.000 	 0.000 	 0.000
FD11156	0.125 	 0.000 	 90.000
FD11156	0.250 	 0.000 	 90.000
FD11156	0.375 	 0.000 	 90.000
FD11156	0.500 	 0.000 	 90.000
FD11156	0.625 	 0.000 	 90.000
FD11156	0.750 	 0.000 	 90.000
FD11156	0.875 	 0.000 	 90.000
FD11156	1.000 	 0.000 	 90.000
FD11156	1.125 	 0.000 	 90.000
FD11156	1.250 	 0.000 	 90.000
FD11156	1.375 	 0.000 	 90.000
FD11156	1.500 	 0.000 	 90.000
FD11156	1.625 	 0.000 	 90.000
FD11156	1.750 	 0.000 	 90.000
FD11156	1.875 	 0.000 	 90.000
FD11156	2.000 	 0.000 	 90.000
FD11156	2.125 	 0.000 	 90.000
FD11156	2.250 	 0.000 	 90.000
FD11156	2.375 	 0.000 	 90.000
FD11156	2.500 	 0.000 	 90.000
FD11156	2.625 	 0.000 	 90.000
FD11156	2.750 	 0.000 	 90.000
FD11156	2.875 	 0.000 	 90.000
FD11156	3.000 	 0.000 	 90.000
FD11156	3.125 	 0.000 	 90.000
FD11156	3.250 	 0.000 	 90.000
FD11156	3.375 	 0.000 	 90.000
FD11156	3.500 	 0.000 	 90.000
FD11156	3.625 	 0.000 	 90.000
FD11156	3.750 	 0.000 	 90.000
FD11156	3.875 	 0.000 	 90.000
FD11156	4.000 	 0.000 	 90.000
FD11156	4.125 	 0.000 	 90.000
FD11156	4.250 	 0.000 	 90.000
FD11156	4.375 	 0.000 	 90.000
FD11156	4.500 	 0.000 	 90.000
FD11156	4.625 	 0.000 	 90.000
FD11156	4.750 	 0.000 	 90.000
FD11156	4.875 	 0.000 	 90.000
FD11156	5.000 	 0.000 	 90.000
FD11156	5.125 	 0.000 	 90.000
FD11156	5.250 	 0.000 	 90.000
FD11156	5.375 	 0.000 	 90.000
FD11156	5.500 	 0.000 	 90.000
FD11156	5.625 	 0.000 	 90.000
FD11156	5.750 	 0.000 	 90.000
FD11156	5.875 	 0.000 	 90.000
FD11156	6.000 	 0.000 	 90.000
FD11156	6.125 	 0.000 	 90.000
FD11156	6.250 	 0.000 	 90.000
FD11156	6.375 	 0.000 	 90.000
FD11156	6.500 	 0.000 	 90.000
FD11156	6.625 	 0.000 	 90.000
FD11156	6.750 	 0.000 	 90.000
FD11156	6.875 	 0.000 	 90.000
FD11156	7.000 	 0.000 	 90.000
FD11156	7.125 	 0.000 	 90.000
FD11156	7.250 	 0.000 	 90.000
FD11156	7.375 	 0.000 	 90.000
FD11156	7.500 	 0.000 	 90.000
FD11156	7.625 	 0.000 	 90.000
FD11156	7.750 	 0.000 	 90.000
FD11156	7.875 	 0.000 	 90.000
FD11156	8.000 	 0.000 	 90.000
FD11156	8.125 	 0.000 	 90.000
FD11156	8.250 	 0.000 	 90.000
FD11156	8.375 	 0.000 	 90.000
FD11156	8.500 	 0.000 	 90.000
FD11156	8.625 	 0.000 	 90.000
FD11156	8.750 	 0.000 	 90.000
FD11156	8.875 	 0.000 	 90.000
FD11156	9.000 	 0.000 	 90.000
FD11156	9.125 	 0.000 	 90.000
FD11156	9.250 	 0.000 	 90.000
FD11156	9.375 	 0.000 	 90.000
FD11156	9.500 	 0.000 	 90.000
FD11156	9.625 	 0.000 	 90.000
FD11156	9.750 	 0.000 	 90.000
FD11156	9.875 	 0.000 	 90.000
FD11156	10.000 	 0.000 	 90.000
FD11156	10.125 	 0.000 	 90.000
FD11156	10.250 	 0.000 	 90.000
FD11156	10.375 	 0.000 	 90.000
FD11156	10.500 	 0.000 	 90.000
FD11156	10.625 	 0.000 	 90.000
FD11156	10.750 	 0.000 	 90.000
FD11156	10.875 	 0.000 	 90.000
FD11156	11.000 	 0.000 	 90.000
FD11156	11.125 	 0.000 	 90.000
FD11156	11.250 	 0.000 	 90.000
FD11156	11.375 	 0.000 	 90.000
FD11156	11.500 	 0.000 	 90.000
FD11156	11.625 	 0.000 	 90.000
FD11156	11.750 	 0.000 	 90.000
FD11156	11.875 	 0.000 	 90.000
FD11156	12.000 	 0.000 	 90.000
FD11156	12.125 	 0.000 	 90.000
FD11156	12.250 	 0.000 	 90.000
FD11156	12.375 	 0.000 	 90.000
FD11156	12.500 	 0.000 	 90.000
FD11156	12.625 	 0.000 	 90.000
FD11156	12.750 	 0.000 	 90.000
FD11156	12.875 	 0.000 	 90.000
FD11156	13.000 	 0.000 	 90.000
FD11156	13.125 	 0.000 	 90.000
FD11156	13.250 	 0.000 	 90.000
FD11156	13.375 	 0.000 	 90.000
FD11156	13.500 	 0.000 	 90.000
FD11156	13.625 	 0.000 	 90.000
FD11156	13.750 	 0.000 	 90.000
FD11156	13.875 	 0.000 	 90.000
FD11156	14.000 	 0.000 	 90.000
FD11156	14.125 	 0.000 	 90.000
FD11156	14.250 	 0.000 	 90.000
FD11156	14.375 	 0.000 	 90.000
FD11156	14.500 	 0.000 	 90.000
FD11156	14.625 	 0.000 	 90.000
FD11156	14.750 	 0.000 	 90.000
FD11156	14.875 	 0.000 	 90.000
FD11156	15.000 	 0.000 	 90.000
FD11156	15.125 	 0.000 	 90.000
FD11156	15.250 	 0.000 	 90.000
FD11156	15.375 	 0.000 	 90.000
FD11156	15.500 	 0.000 	 90.000
FD11156	15.625 	 0.000 	 90.000
FD11156	15.750 	 0.000 	 90.000
FD11156	15.875 	 0.000 	 90.000
FD11156	16.000 	 0.000 	 90.000
FD11156	16.125 	 0.000 	 90.000
FD11156	16.250 	 0.000 	 90.000
FD11156	16.375 	 0.000 	 90.000
FD11156	16.500 	 0.000 	 90.000
FD11156	16.625 	 0.000 	 90.000
FD11156	16.750 	 0.000 	 90.000
FD11156	16.875 	 0.000 	 90.000
FD11156	17.000 	 0.000 	 90.000
FD11156	17.125 	 0.000 	 90.000
FD11156	17.250 	 0.000 	 90.000
FD11156	17.375 	 0.000 	 90.000
FD11156	17.500 	 0.000 	 90.000
FD11156	17.625 	 0.000 	 90.000
FD11156	17.750 	 0.000 	 90.000
FD11156	17.875 	 0.000 	 90.000
FD11156	18.000 	 0.000 	 90.000
FD11156	18.125 	 0.000 	 90.000
FD11156	18.250 	 0.000 	 90.000
FD11156	18.375 	 0.000 	 90.000
FD11156	18.500 	 0.000 	 90.000
FD11156	18.625 	 0.000 	 90.000
FD11156	18.750 	 0.000 	 90.000
FD11156	18.875 	 0.000 	 90.000
FD11156	19.000 	 0.000 	 90.000
FD11156	19.125 	 0.000 	 90.000
FD11156	19.250 	 0.000 	 90.000
FD11156	19.375 	 0.000 	 90.000
FD11156	19.500 	 0.000 	 90.000
FD11156	19.625 	 0.000 	 90.000
FD11156	19.750 	 0.000 	 90.000
FD11156	19.875 	 0.000 	 90.000
FD11156	20.000 	 0.000 	 90.000
FD11156	20.125 	 0.000 	 90.000
FD11156	20.250 	 0.000 	 90.000
FD11156	20.375 	 0.000 	 90.000
FD11156	20.500 	 0.000 	 90.000
FD11156	20.625 	 0.000 	 90.000
FD11156	20.750 	 0.000 	 90.000
FD11156	20.875 	 0.000 	 90.000
FD11156	21.000 	 0.000 	 90.000
FD11156	21.125 	 0.000 	 90.000
FD11156	21.250 	 0.000 	 90.000
FD11156	21.375 	 0.000 	 90.000
FD11156	21.500 	 0.000 	 90.000
FD11156	21.625 	 0.000 	 90.000
FD11156	21.750 	 0.000 	 90.000
FD11156	21.875 	 0.000 	 90.000
FD11156	22.000 	 0.000 	 90.000
FD11156	22.125 	 0.000 	 90.000
FD11156	22.250 	 0.000 	 90.000
FD11156	22.375 	 0.000 	 90.000
FD11156	22.500 	 0.000 	 90.000
FD11156	22.625 	 0.000 	 90.000
FD11156	22.750 	 0.000 	 90.000
FD11156	22.875 	 0.000 	 90.000
FD11156	23.000 	 0.000 	 90.000
FD11156	23.125 	 0.000 	 90.000
FD11156	23.250 	 0.000 	 90.000
FD11156	23.375 	 0.000 	 90.000
FD11156	23.500 	 0.000 	 90.000
FD11156	23.625 	 0.000 	 90.000
FD11156	23.750 	 0.000 	 90.000
FD11156	23.875 	 0.000 	 90.000
FD11156	24.000 	 0.000 	 90.000
FD11156	24.125 	 0.000 	 90.000
FD11156	24.250 	 0.000 	 90.000
FD11156	24.375 	 0.000 	 90.000
FD11156	24.500 	 0.000 	 90.000
FD11156	24.625 	 0.000 	 90.000
FD11156	24.750 	 0.000 	 90.000
FD11156	24.875 	 0.000 	 90.000
FD11156	25.000 	 0.000 	 90.000
FD11156	25.125 	 0.000 	 90.000
FD11156	25.250 	 0.000 	 90.000
FD11156	25.375 	 0.000 	 90.000
FD11156	25.500 	 0.000 	 90.000
FD11156	25.625 	 0.000 	 90.000
FD11156	25.750 	 0.000 	 90.000
FD11156	25.875 	 0.000 	 90.000
FD11156	26.000 	 0.000 	 90.000
FD11156	26.125 	 0.000 	 90.000
FD11156	26.250 	 0.000 	 90.000
FD11156	26.375 	 0.000 	 90.000
FD11156	26.500 	 0.000 	 90.000
FD11156	26.625 	 0.000 	 90.000
FD11156	26.750 	 0.000 	 90.000
FD11156	26.875 	 0.000 	 90.000
FD11156	27.000 	 0.000 	 90.000
FD11156	27.125 	 0.000 	 90.000
FD11156	27.250 	 0.000 	 90.000
FD11156	27.375 	 0.000 	 90.000
FD11156	27.500 	 0.000 	 90.000
FD11156	27.625 	 0.000 	 90.000
FD11156	27.750 	 0.000 	 90.000
FD11156	27.875 	 0.000 	 90.000
FD11156	28.000 	 0.000 	 90.000
FD11156	28.125 	 0.000 	 90.000
FD11156	28.250 	 0.000 	 90.000
FD11156	28.375 	 0.000 	 90.000
FD11156	28.500 	 0.000 	 90.000
FD11156	28.625 	 0.000 	 90.000
FD11156	28.750 	 0.000 	 90.000
FD11156	28.875 	 0.000 	 90.000
FD11156	29.000 	 0.000 	 90.000
FD11156	29.125 	 0.000 	 90.000
FD11156	29.250 	 0.000 	 90.000
FD11156	29.375 	 0.000 	 90.000
FD11156	29.500 	 0.000 	 90.000
FD11156	29.625 	 0.000 	 90.000
FD11156	29.750 	 0.000 	 90.000
FD11156	29.875 	 0.000 	 90.000
FD11156	30.000 	 0.000 	 90.000
FD11156	30.125 	 0.000 	 90.000
FD11156	30.250 	 0.000 	 90.000
FD11156	30.375 	 0.000 	 90.000
FD11156	30.500 	 0.000 	 90.000
FD11156	30.625 	 0.000 	 90.000
FD11156	30.750 	 0.000 	 90.000
FD11156	30.875 	 0.000 	 90.000
FD11156	31.000 	 0.000 	 90.000
FD11156	31.125 	 0.000 	 90.000
FD11156	31.250 	 0.000 	 90.000
FD11156	31.375 	 0.000 	 90.000
FD11156	31.500 	 0.000 	 90.000
FD11156	31.625 	 0.000 	 90.000
FD11156	31.750 	 0.000 	 90.000
FD11156	31.875 	 0.000 	 90.000
FD11156	32.000 	 0.000 	 90.000
FD11156	32.125 	 0.000 	 90.000
FD11156	32.250 	 0.000 	 90.000
FD11156	32.375 	 0.000 	 90.000
FD11156	32.500 	 0.000 	 90.000
FD11156	32.625 	 0.000 	 90.000
FD11156	32.750 	 0.000 	 90.000
FD11156	32.875 	 0.000 	 90.000
FD11156	33.000 	 0.000 	 90.000
FD11156	33.125 	 0.000 	 90.000
FD11156	33.250 	 0.000 	 90.000
FD11156	33.375 	 0.000 	 90.000
FD11156	33.500 	 0.000 	 90.000
FD11156	33.625 	 0.000 	 90.000
FD11156	33.750 	 0.000 	 90.000
FD11156	33.875 	 0.000 	 90.000
FD11156	34.000 	 0.000 	 90.000
FD11156	34.125 	 0.000 	 90.000
FD11156	34.250 	 0.000 	 90.000
FD11156	34.375 	 0.000 	 90.000
FD11156	34.500 	 0.000 	 90.000
FD11156	34.625 	 0.000 	 90.000
FD11156	34.750 	 0.000 	 90.000
FD11156	34.875 	 0.000 	 90.000
FD11156	35.000 	 0.000 	 90.000
FD11156	35.125 	 0.000 	 90.000
FD11156	35.250 	 0.000 	 90.000
FD11156	35.375 	 0.000 	 90.000
FD11156	35.500 	 0.000 	 90.000
FD11156	35.625 	 0.000 	 90.000
FD11156	35.750 	 0.000 	 90.000
FD11156	35.875 	 0.000 	 90.000
FD11156	36.000 	 0.000 	 90.000
FD11156	36.125 	 0.000 	 90.000
FD11156	36.250 	 0.000 	 90.000
FD11156	36.375 	 0.000 	 90.000
FD11156	36.500 	 0.000 	 90.000
FD11156	36.625 	 0.000 	 90.000
FD11156	36.750 	 0.000 	 90.000
FD11156	36.875 	 0.000 	 90.000
FD11156	37.000 	 0.000 	 90.000
FD11156	37.125 	 0.000 	 90.000
FD11156	37.250 	 0.000 	 90.000
FD11156	37.375 	 0.000 	 90.000
FD11156	37.500 	 0.000 	 90.000
FD11156	37.625 	 0.000 	 90.000
FD11156	37.750 	 0.000 	 90.000
FD11156	37.875 	 0.000 	 90.000
FD11156	38.000 	 0.000 	 90.000
FD11156	38.125 	 0.000 	 90.000
FD11156	38.250 	 0.000 	 90.000
FD11156	38.375 	 0.000 	 90.000
FD11156	38.500 	 0.000 	 90.000
FD11156	38.625 	 0.000 	 90.000
FD11156	38.750 	 0.000 	 90.000
FD11156	38.875 	 0.000 	 90.000
FD11156	39.000 	 0.000 	 90.000
FD11156	39.125 	 0.000 	 90.000
FD11156	39.250 	 0.000 	 90.000
FD11156	39.375 	 0.000 	 90.000
FD11156	39.500 	 0.000 	 90.000
FD11156	39.625 	 0.000 	 90.000
FD11156	39.750 	 0.000 	 90.000
FD11156	39.875 	 0.000 	 90.000
FD11156	40.000 	 0.000 	 90.000
FD11156	40.125 	 0.000 	 90.000
FD11156	40.250 	 0.000 	 90.000
FD11156	40.375 	 0.000 	 90.000
FD11156	40.500 	 0.000 	 90.000
FD11156	40.625 	 0.000 	 90.000
FD11156	40.750 	 0.000 	 90.000
FD11156	40.875 	 0.000 	 90.000
FD11156	41.000 	 0.000 	 90.000
FD11156	41.125 	 0.000 	 90.000
FD11156	41.250 	 0.000 	 90.000
FD11156	41.375 	 0.000 	 90.000
FD11156	41.500 	 0.000 	 90.000
FD11156	41.625 	 0.000 	 90.000
FD11156	41.750 	 0.000 	 90.000
FD11156	41.875 	 0.000 	 90.000
FD11156	42.000 	 0.000 	 90.000
FD11156	42.125 	 0.000 	 90.000
FD11156	42.250 	 0.000 	 90.000
FD11156	42.375 	 0.000 	 90.000
FD11156	42.500 	 0.000 	 90.000
FD11156	42.625 	 0.000 	 90.000
FD11156	42.750 	 0.000 	 90.000
FD11156	42.875 	 0.000 	 90.000
FD11156	43.000 	 0.000 	 90.000
FD11156	43.125 	 0.000 	 90.000
FD11156	43.250 	 0.000 	 90.000
FD11156	43.375 	 0.000 	 90.000
FD11156	43.500 	 0.000 	 90.000
FD11156	43.625 	 0.000 	 90.000
FD11156	43.750 	 0.000 	 90.000
FD11156	43.875 	 0.000 	 90.000
FD11156	44.000 	 0.000 	 90.000
FD11156	44.125 	 0.000 	 90.000
FD11156	44.250 	 0.000 	 90.000
FD11156	44.375 	 0.000 	 90.000
FD11156	44.500 	 0.000 	 90.000
FD11156	44.625 	 0.000 	 90.000
FD11156	44.750 	 0.000 	 90.000
FD11156	44.875 	 0.000 	 90.000
FD11156	45.000 	 0.000 	 90.000
FD11156	45.125 	 0.000 	 90.000
FD11156	45.250 	 0.000 	 90.000
FD11156	45.375 	 0.000 	 90.000
FD11156	45.500 	 0.000 	 90.000
FD11156	45.625 	 0.000 	 90.000
FD11156	45.750 	 0.000 	 90.000
FD11156	45.875 	 0.000 	 90.000
FD11156	46.000 	 0.000 	 90.000
FD11156	46.125 	 0.000 	 90.000
FD11156	46.250 	 0.000 	 90.000
FD11156	46.375 	 0.000 	 90.000
FD11156	46.500 	 0.000 	 90.000
FD11156	46.625 	 0.000 	 90.000
FD11156	46.750 	 0.000 	 90.000
FD11156	46.875 	 0.000 	 90.000
FD11156	47.000 	 0.000 	 90.000
FD11156	47.125 	 0.000 	 90.000
FD11156	47.250 	 0.000 	 90.000
FD11156	47.375 	 0.000 	 90.000
FD11156	47.500 	 0.000 	 90.000
FD11156	47.625 	 0.000 	 90.000
FD11156	47.750 	 0.000 	 90.000
FD11156	47.875 	 0.000 	 90.000
FD11156	48.000 	 0.000 	 90.000
FD11156	48.125 	 0.000 	 90.000
FD11156	48.250 	 0.000 	 90.000
FD11156	48.375 	 0.000 	 90.000
FD11156	48.500 	 0.000 	 90.000
FD11156	48.625 	 0.000 	 90.000
FD11156	48.750 	 0.000 	 90.000
FD11156	48.875 	 0.000 	 90.000
FD11156	49.000 	 0.000 	 90.000
FD11156	49.125 	 0.000 	 90.000
FD11156	49.250 	 0.000 	 90.000
FD11156	49.375 	 0.000 	 90.000
FD11156	49.500 	 0.000 	 90.000
FD11156	49.625 	 0.000 	 90.000
FD11156	49.750 	 0.000 	 90.000
FD11156	49.875 	 0.000 	 90.000
FD11156	50.000 	 0.000 	 90.000
FD11156	50.125 	 0.000 	 90.000
FD11156	50.250 	 0.000 	 90.000
FD11156	50.375 	 0.000 	 90.000
FD11156	50.500 	 0.000 	 90.000
FD11156	50.625 	 0.000 	 90.000
FD11156	50.750 	 0.000 	 90.000
FD11156	50.875 	 0.000 	 90.000
FD11156	51.000 	 0.000 	 90.000
FD11156	51.125 	 0.000 	 90.000
FD11156	51.250 	 0.000 	 90.000
FD11156	51.375 	 0.000 	 90.000
FD11156	51.500 	 0.000 	 90.000
FD11156	51.625 	 0.000 	 90.000
FD11156	51.750 	 0.000 	 90.000
FD11156	51.875 	 0.000 	 90.000
FD11156	52.000 	 0.000 	 90.000
FD11156	52.125 	 0.000 	 90.000
FD11156	52.250 	 0.000 	 90.000
FD11156	52.375 	 0.000 	 90.000
FD11156	52.500 	 0.000 	 90.000
FD11156	52.625 	 0.000 	 90.000
FD11156	52.750 	 0.000 	 90.000
FD11156	52.875 	 0.000 	 90.000
FD11156	53.000 	 0.000 	 90.000
FD11156	53.125 	 0.000 	 90.000
FD11156	53.250 	 0.000 	 90.000
FD11156	53.375 	 0.000 	 90.000
FD11156	53.500 	 0.000 	 90.000
FD11156	53.625 	 0.000 	 90.000
FD11156	53.750 	 0.000 	 90.000
FD11156	53.875 	 0.000 	 90.000
FD11156	54.000 	 0.000 	 90.000
FD11156	54.125 	 0.000 	 90.000
FD11156	54.250 	 0.000 	 90.000
FD11156	54.375 	 0.000 	 90.000
FD11156	54.500 	 0.000 	 90.000
FD11156	54.625 	 0.000 	 90.000
FD11156	54.750 	 0.000 	 90.000
FD11156	54.875 	 0.000 	 90.000
FD11156	55.000 	 0.000 	 90.000
FD11156	55.125 	 0.000 	 90.000
FD11156	55.250 	 0.000 	 90.000
FD11156	55.375 	 0.000 	 90.000
FD11156	55.500 	 0.000 	 90.000
FD11156	55.625 	 0.000 	 90.000
FD11156	55.750 	 0.000 	 90.000
FD11156	55.875 	 0.000 	 90.000
FD11156	56.000 	 0.000 	 90.000
FD11156	56.125 	 0.000 	 90.000
FD11156	56.250 	 0.000 	 90.000
FD11156	56.375 	 0.000 	 90.000
FD11156	56.500 	 0.000 	 90.000
FD11156	56.625 	 0.000 	 90.000
FD11156	56.750 	 0.000 	 90.000
FD11156	56.875 	 0.000 	 90.000
FD11156	57.000 	 0.000 	 90.000
FD11156	57.125 	 0.000 	 90.000
FD11156	57.250 	 0.000 	 90.000
FD11156	57.375 	 0.000 	 90.000
FD11156	57.500 	 0.000 	 90.000
FD11156	57.625 	 0.000 	 90.000
FD11156	57.750 	 0.000 	 90.000
FD11156	57.875 	 0.000 	 90.000
FD11156	58.000 	 0.000 	 90.000
FD11156	58.125 	 0.000 	 90.000
FD11156	58.250 	 0.000 	 90.000
FD11156	58.375 	 0.000 	 90.000
FD11156	58.500 	 0.000 	 90.000
FD11156	58.625 	 0.000 	 90.000
FD11156	58.750 	 0.000 	 90.000
FD11156	58.875 	 0.000 	 90.000
FD11156	59.000 	 0.000 	 90.000
FD11156	59.125 	 0.000 	 90.000
FD11156	59.250 	 0.000 	 90.000
FD11156	59.375 	 0.000 	 90.000
FD11156	59.500 	 0.000 	 90.000
FD11156	59.625 	 0.000 	 90.000
FD11156	59.750 	 0.000 	 90.000
FD11156	59.875 	 0.000 	 90.000
FD11156	60.000 	 0.000 	 90.000
FD11156	60.125 	 0.000 	 90.000
FD11156	60.250 	 0.000 	 90.000
FD11156	60.375 	 0.000 	 90.000
FD11156	60.500 	 0.000 	 90.000
FD11156	60.625 	 0.000 	 90.000
FD11156	60.750 	 0.000 	 90.000
FD11156	60.875 	 0.000 	 90.000
FD11156	61.000 	 0.000 	 90.000
FD11156	61.125 	 0.000 	 90.000
FD11156	61.250 	 0.000 	 90.000
FD11156	61.375 	 0.000 	 90.000
FD11156	61.500 	 0.000 	 90.000
FD11156	61.625 	 0.000 	 90.000
FD11156	61.750 	 0.000 	 90.000
FD11156	61.875 	 0.000 	 90.000
FD11156	62.000 	 0.000 	 90.000
FD11156	62.125 	 0.000 	 90.000
FD11156	62.250 	 0.000 	 90.000
FD11156	62.375 	 0.000 	 90.000
FD11156	62.500 	 0.000 	 90.000
FD11156	62.625 	 0.000 	 90.000
FD11156	62.750 	 0.000 	 90.000
FD11156	62.875 	 0.000 	 90.000
FD11156	63.000 	 0.000 	 90.000
FD11156	63.125 	 0.000 	 90.000
FD11156	63.250 	 0.000 	 90.000
FD11156	63.375 	 0.000 	 90.000
FD11156	63.500 	 0.000 	 90.000
FD11156	63.625 	 0.000 	 90.000
FD11156	63.750 	 0.000 	 90.000
FD11156	63.875 	 0.000 	 90.000
FD11156	64.000 	 0.000 	 90.000
FD11156	64.125 	 0.000 	 90.000
FD11156	64.250 	 0.000 	 90.000
FD11156	64.375 	 0.000 	 90.000
FD11156	64.500 	 0.000 	 90.000
FD11156	64.625 	 0.000 	 90.000
FD11156	64.750 	 0.000 	 90.000
FD11156	64.875 	 0.000 	 90.000
FD11156	65.000 	 0.000 	 90.000
FD11156	65.125 	 0.000 	 90.000
FD11156	65.250 	 0.000 	 90.000
FD11156	65.375 	 0.000 	 90.000
FD11156	65.500 	 0.000 	 90.000
FD11156	65.625 	 0.000 	 90.000
FD11156	65.750 	 0.000 	 90.000
FD11156	65.875 	 0.000 	 90.000
FD11156	66.000 	 0.000 	 90.000
FD11156	66.125 	 0.000 	 90.000
FD11156	66.250 	 0.000 	 90.000
FD11156	66.375 	 0.000 	 90.000
FD11156	66.500 	 0.000 	 90.000
FD11156	66.625 	 0.000 	 90.000
FD11156	66.750 	 0.000 	 90.000
FD11156	66.875 	 0.000 	 90.000
FD11156	67.000 	 0.000 	 90.000
FD11156	67.125 	 0.000 	 90.000
FD11156	67.250 	 0.000 	 90.000
FD11156	67.375 	 0.000 	 90.000
FD11156	67.500 	 0.000 	 90.000
FD11156	67.625 	 0.000 	 90.000
FD11156	67.750 	 0.000 	 90.000
FD11156	67.875 	 0.000 	 90.000
FD11156	68.000 	 0.000 	 90.000
FD11156	68.125 	 0.000 	 90.000
FD11156	68.250 	 0.000 	 90.000
FD11156	68.375 	 0.000 	 90.000
FD11156	68.500 	 0.000 	 90.000
FD11156	68.625 	 0.000 	 90.000
FD11156	68.750 	 0.000 	 90.000
FD11156	68.875 	 0.000 	 90.000
FD11156	69.000 	 0.000 	 90.000
FD11156	69.125 	 0.000 	 90.000
FD11156	69.250 	 0.000 	 90.000
FD11156	69.375 	 0.000 	 90.000
FD11156	69.500 	 0.000 	 90.000
FD11156	69.625 	 0.000 	 90.000
FD11156	69.750 	 0.000 	 90.000
FD11156	69.875 	 0.000 	 90.000
FD11156	70.000 	 0.000 	 90.000
FD11156	70.125 	 0.000 	 90.000
FD11156	70.250 	 0.000 	 90.000
FD11156	70.375 	 0.000 	 90.000
FD11156	70.500 	 0.000 	 90.000
FD11156	70.625 	 0.000 	 90.000
FD11156	70.750 	 0.000 	 90.000
FD11156	70.875 	 0.000 	 90.000
FD11156	71.000 	 0.000 	 90.000
FD11156	71.125 	 0.000 	 90.000
FD11156	71.250 	 0.000 	 90.000
FD11156	71.375 	 0.000 	 90.000
FD11156	71.500 	 0.000 	 90.000
FD11156	71.625 	 0.000 	 90.000
FD11156	71.750 	 0.000 	 90.000
FD11156	71.875 	 0.000 	 90.000
FD11156	72.000 	 0.000 	 90.000
FD11156	72.125 	 0.000 	 90.000
FD11156	72.250 	 0.000 	 90.000
FD11156	72.375 	 0.000 	 90.000
FD11156	72.500 	 0.000 	 90.000
FD11156	72.625 	 0.000 	 90.000
FD11156	72.750 	 0.000 	 90.000
FD11156	72.875 	 0.000 	 90.000
FD11156	73.000 	 0.000 	 90.000
FD11156	73.125 	 0.000 	 90.000
FD11156	73.250 	 0.000 	 90.000
FD11156	73.375 	 0.000 	 90.000
FD11156	73.500 	 0.000 	 90.000
FD11156	73.625 	 0.000 	 90.000
FD11156	73.750 	 0.000 	 90.000
FD11156	73.875 	 0.000 	 90.000
FD11156	74.000 	 0.000 	 90.000
FD11156	74.125 	 0.000 	 90.000
FD11156	74.250 	 0.000 	 90.000
FD11156	74.375 	 0.000 	 90.000
FD11156	74.500 	 0.000 	 90.000
FD11156	74.625 	 0.000 	 90.000
FD11156	74.750 	 0.000 	 90.000
FD11156	74.875 	 0.000 	 90.000
FD11156	75.000 	 0.000 	 90.000
FD11156	75.125 	 0.000 	 90.000
FD11156	75.250 	 0.000 	 90.000
FD11156	75.375 	 0.000 	 90.000
FD11156	75.500 	 0.000 	 90.000
FD11156	75.625 	 0.000 	 90.000
FD11156	75.750 	 0.000 	 90.000
FD11156	75.875 	 0.000 	 90.000
FD11156	76.000 	 0.000 	 90.000
FD11156	76.125 	 0.000 	 90.000
FD11156	76.250 	 0.000 	 90.000
FD11156	76.375 	 0.000 	 90.000
FD11156	76.500 	 0.000 	 90.000
FD11156	76.625 	 0.000 	 90.000
FD11156	76.750 	 0.000 	 90.000
FD11156	76.875 	 0.000 	 90.000
FD11156	77.000 	 0.000 	 90.000
FD11156	77.125 	 0.000 	 90.000
FD11156	77.250 	 0.000 	 90.000
FD11156	77.375 	 0.000 	 90.000
FD11156	77.500 	 0.000 	 90.000
FD11156	77.625 	 0.000 	 90.000
FD11156	77.750 	 0.000 	 90.000
FD11156	77.875 	 0.000 	 90.000
FD11156	78.000 	 0.000 	 90.000
FD11156	78.125 	 0.000 	 90.000
FD11156	78.250 	 0.000 	 90.000
FD11156	78.375 	 0.000 	 90.000
FD11156	78.500 	 0.000 	 90.000
FD11156	78.625 	 0.000 	 90.000
FD11156	78.750 	 0.000 	 90.000
FD11156	78.875 	 0.000 	 90.000
FD11156	79.000 	 0.000 	 90.000
FD11156	79.125 	 0.000 	 90.000
FD11156	79.250 	 0.000 	 90.000
FD11156	79.375 	 0.000 	 90.000
FD11156	79.500 	 0.000 	 90.000
FD11156	79.625 	 0.000 	 90.000
FD11156	79.750 	 0.000 	 90.000
FD11156	79.875 	 0.000 	 90.000
FD11156	80.000 	 0.000 	 90.000
FD11156	80.125 	 0.000 	 90.000
FD11156	80.250 	 0.000 	 90.000
FD11156	80.375 	 0.000 	 90.000
FD11156	80.500 	 0.000 	 90.000
FD11156	80.625 	 0.000 	 90.000
FD11156	80.750 	 0.000 	 90.000
FD11156	80.875 	 0.000 	 90.000
FD11156	81.000 	 0.000 	 90.000
FD11156	81.125 	 0.000 	 90.000
FD11156	81.250 	 0.000 	 90.000
FD11156	81.375 	 0.000 	 90.000
FD11156	81.500 	 0.000 	 90.000
FD11156	81.625 	 0.000 	 90.000
FD11156	81.750 	 0.000 	 90.000
FD11156	81.875 	 0.000 	 90.000
FD11156	82.000 	 0.000 	 90.000
FD11156	82.125 	 0.000 	 90.000
FD11156	82.250 	 0.000 	 90.000
FD11156	82.375 	 0.000 	 90.000
FD11156	82.500 	 0.000 	 90.000
FD11156	82.625 	 0.000 	 90.000
FD11156	82.750 	 0.000 	 90.000
FD11156	82.875 	 0.000 	 90.000
FD11156	83.000 	 0.000 	 90.000
FD11156	83.125 	 0.000 	 90.000
FD11156	83.250 	 0.000 	 90.000
FD11156	83.375 	 0.000 	 90.000
FD11156	83.500 	 0.000 	 90.000
FD11156	83.625 	 0.000 	 90.000
FD11156	83.750 	 0.000 	 90.000
FD11156	83.875 	 0.000 	 90.000
FD11156	84.000 	 0.000 	 90.000
FD11156	84.125 	 0.000 	 90.000
FD11156	84.250 	 0.000 	 90.000
FD11156	84.375 	 0.000 	 90.000
FD11156	84.500 	 0.000 	 90.000
FD11156	84.625 	 0.000 	 90.000
FD11156	84.750 	 0.000 	 90.000
FD11156	84.875 	 0.000 	 90.000
FD11156	85.000 	 0.000 	 90.000
FD11156	85.125 	 0.000 	 90.000
FD11156	85.250 	 0.000 	 90.000
FD11156	85.375 	 0.000 	 90.000
FD11156	85.500 	 0.000 	 90.000
FD11156	85.625 	 0.000 	 90.000
FD11156	85.750 	 0.000 	 90.000
FD11156	85.875 	 0.000 	 90.000
FD11156	86.000 	 0.000 	 90.000
FD11156	86.125 	 0.000 	 90.000
FD11156	86.250 	 0.000 	 90.000
FD11156	86.375 	 0.000 	 90.000
FD11156	86.500 	 0.000 	 90.000
FD11156	86.625 	 0.000 	 90.000
FD11156	86.750 	 0.000 	 90.000
FD11156	86.875 	 0.000 	 90.000
FD11156	87.000 	 0.000 	 90.000
FD11156	87.125 	 0.000 	 90.000
FD11156	87.250 	 0.000 	 90.000
FD11156	87.375 	 0.000 	 90.000
FD11156	87.500 	 0.000 	 90.000
FD11156	87.625 	 0.000 	 90.000
FD11156	87.750 	 0.000 	 90.000
FD11156	87.875 	 0.000 	 90.000
FD11156	88.000 	 1.375 	 180.000
FD11156	88.125 	 0.917 	 180.000
FD11156	88.250 	 1.375 	 180.000
FD11156	88.375 	 1.375 	 180.000
FD11156	88.500 	 0.917 	 180.000
FD11156	88.625 	 1.449 	 198.435
FD11156	88.750 	 0.917 	 180.000
FD11156	88.875 	 1.375 	 180.000
FD11156	89.000 	 1.375 	 180.000
FD11156	89.125 	 0.917 	 180.000
FD11156	89.250 	 1.375 	 180.000
FD11156	89.375 	 0.917 	 180.000
FD11156	89.500 	 1.375 	 180.000
FD11156	89.625 	 1.375 	 180.000
FD11156	89.750 	 0.917 	 180.000
FD11156	89.875 	 1.375 	 180.000
FD11156	90.000 	 1.386 	 180.000
FD11156	90.125 	 1.025 	 206.565
FD11156	90.250 	 1.375 	 180.000
FD11156	90.375 	 0.917 	 180.000
FD11156	90.500 	 1.375 	 180.000
FD11156	90.625 	 1.375 	 180.000
FD11156	90.750 	 0.917 	 180.000
FD11156	90.875 	 1.375 	 180.000
FD11156	91.000 	 1.375 	 180.000
FD11156	91.125 	 0.917 	 180.000
FD11156	91.250 	 1.375 	 180.000
FD11156	91.375 	 0.917 	 180.000
FD11156	91.500 	 1.449 	 198.435
FD11156	91.625 	 1.375 	 180.000
FD11156	91.750 	 0.917 	 180.000
FD11156	91.875 	 1.375 	 180.000
FD11156	92.000 	 0.917 	 180.000
FD11156	92.125 	 1.375 	 180.000
FD11156	92.250 	 1.375 	 180.000
FD11156	92.375 	 0.917 	 180.000
FD11156	92.500 	 1.375 	 180.000
FD11156	92.625 	 1.375 	 180.000
FD11156	92.750 	 0.917 	 180.000
FD11156	92.875 	 1.375 	 180.000
FD11156	93.000 	 1.025 	 206.565
FD11156	93.125 	 1.375 	 180.000
FD11156	93.250 	 1.375 	 180.000
FD11156	93.375 	 0.917 	 180.000
FD11156	93.500 	 1.375 	 180.000
FD11156	93.625 	 0.917 	 180.000
FD11156	93.750 	 1.375 	 180.000
FD11156	93.875 	 1.375 	 180.000
FD11156	94.000 	 0.924 	 180.000
FD11156	94.125 	 1.375 	 180.000
FD11156	94.250 	 1.375 	 180.000
FD11156	94.375 	 1.025 	 206.565
FD11156	94.500 	 1.375 	 180.000
FD11156	94.625 	 0.917 	 180.000
FD11156	94.750 	 1.375 	 180.000
FD11156	94.875 	 1.375 	 180.000
FD11156	95.000 	 0.917 	 180.000
FD11156	95.125 	 1.375 	 180.000
FD11156	95.250 	 0.917 	 180.000
FD11156	95.375 	 1.375 	 180.000
FD11156	95.500 	 1.375 	 180.000
FD11156	95.625 	 0.917 	 180.000
FD11156	95.750 	 1.375 	 180.000
FD11156	95.875 	 1.449 	 198.435
FD11156	96.000 	 0.917 	 180.000
FD11156	96.125 	 1.375 	 180.000
FD11156	96.250 	 0.917 	 180.000
FD11156	96.375 	 1.375 	 180.000
FD11156	96.500 	 1.375 	 180.000
FD11156	96.625 	 0.917 	 180.000
FD11156	96.750 	 1.375 	 180.000
FD11156	96.875 	 0.917 	 180.000
FD11156	97.000 	 1.375 	 180.000
FD11156	97.125 	 2.336 	 168.690
FD11156	97.250 	 2.291 	 180.000
FD11156	97.375 	 2.355 	 168.690
FD11156	97.500 	 2.336 	 168.690
FD11156	97.625 	 2.291 	 180.000
FD11156	97.750 	 2.336 	 168.690
FD11156	97.875 	 2.336 	 168.690
FD11156	98.000 	 2.336 	 168.690
FD11156	98.125 	 2.291 	 180.000
FD11156	98.250 	 2.336 	 168.690
FD11156	98.375 	 2.336 	 168.690
FD11156	98.500 	 2.336 	 168.690
FD11156	98.625 	 2.309 	 180.000
FD11156	98.750 	 2.336 	 168.690
FD11156	98.875 	 2.336 	 168.690
FD11156	99.000 	 2.291 	 180.000
FD11156	99.125 	 2.336 	 168.690
FD11156	99.250 	 2.336 	 168.690
FD11156	99.375 	 2.336 	 168.690
FD11156	99.500 	 1.833 	 180.000
FD11156	99.625 	 2.336 	 168.690
FD11156	99.750 	 2.355 	 168.690
FD11156	99.875 	 2.336 	 168.690
FD11156	100.000 	 2.291 	 180.000
FD11156	100.125 	 3.774 	 165.964
FD11156	100.250 	 3.238 	 171.870
FD11156	100.375 	 3.333 	 164.055
FD11156	100.500 	 3.720 	 172.875
FD11156	100.625 	 3.238 	 171.870
FD11156	100.750 	 3.333 	 164.055
FD11156	100.875 	 3.238 	 171.870
FD11156	101.000 	 3.720 	 172.875
FD11156	101.125 	 3.333 	 164.055
FD11156	101.250 	 3.238 	 171.870
FD11156	101.375 	 3.774 	 165.964
FD11156	101.500 	 3.238 	 171.870
FD11156	101.625 	 3.264 	 171.870
FD11156	101.750 	 3.774 	 165.964
FD11156	101.875 	 3.238 	 171.870
FD11156	102.000 	 3.333 	 164.055
FD11156	102.125 	 3.720 	 172.875
FD11156	102.250 	 3.238 	 171.870
FD11156	102.375 	 3.333 	 164.055
FD11156	102.500 	 3.690 	 172.875
FD11156	102.625 	 3.333 	 164.055
FD11156	102.750 	 3.264 	 171.870
FD11156	102.875 	 3.690 	 172.875
FD11156	103.000 	 3.333 	 164.055
FD11156	103.125 	 3.238 	 171.870
FD11156	103.250 	 3.264 	 171.870
FD11156	103.375 	 3.774 	 165.964
FD11156	103.500 	 3.238 	 171.870
FD11156	103.625 	 3.333 	 164.055
FD11156	103.750 	 3.690 	 172.875
FD11156	103.875 	 3.264 	 171.870
FD11156	104.000 	 3.333 	 164.055
FD11156	104.125 	 3.690 	 172.875
FD11156	104.250 	 3.333 	 164.055
FD11156	104.375 	 3.264 	 171.870
FD11156	104.500 	 3.690 	 172.875
FD11156	104.625 	 3.333 	 164.055
FD11156	104.750 	 3.238 	 171.870
FD11156	104.875 	 3.774 	 165.964
FD11156	105.000 	 3.264 	 171.870
FD11156	105.125 	 3.238 	 171.870
FD11156	105.250 	 3.774 	 165.964
FD11156	105.375 	 3.238 	 171.870
FD11156	105.500 	 3.264 	 171.870
FD11156	105.625 	 3.333 	 164.055
FD11156	105.750 	 3.690 	 172.875
FD11156	105.875 	 3.333 	 164.055
FD11156	106.000 	 3.264 	 171.870
FD11156	106.125 	 3.690 	 172.875
FD11156	106.250 	 3.333 	 164.055
FD11156	106.375 	 5.697 	 165.964
FD11156	106.500 	 5.559 	 170.538
FD11156	106.625 	 5.697 	 165.964
FD11156	106.750 	 5.111 	 169.695
FD11156	106.875 	 5.697 	 165.964
FD11156	107.000 	 5.697 	 165.964
FD11156	107.125 	 5.559 	 170.538
FD11156	107.250 	 5.254 	 164.745
FD11156	107.375 	 5.651 	 165.964
FD11156	107.500 	 5.603 	 170.538
FD11156	107.625 	 5.697 	 165.964
FD11156	107.750 	 5.651 	 165.964
FD11156	107.875 	 5.152 	 169.695
FD11156	108.000 	 5.651 	 165.964
FD11156	108.125 	 5.603 	 170.538
FD11156	108.250 	 5.697 	 165.964
FD11156	108.375 	 5.212 	 164.745
FD11156	108.500 	 5.603 	 170.538
FD11156	108.625 	 5.651 	 165.964
FD11156	108.750 	 5.697 	 165.964
FD11156	108.875 	 5.111 	 169.695
FD11156	109.000 	 5.697 	 165.964
FD11156	109.125 	 5.697 	 165.964
FD11156	109.250 	 5.559 	 170.538
FD11156	109.375 	 5.254 	 164.745
FD11156	109.500 	 5.651 	 165.964
FD11156	109.625 	 5.603 	 170.538
FD11156	109.750 	 5.697 	 165.964
FD11156	109.875 	 5.111 	 169.695
FD11156	110.000 	 5.697 	 165.964
FD11156	110.125 	 5.651 	 165.964
FD11156	110.250 	 5.604 	 170.538
FD11156	110.375 	 5.697 	 165.964
FD11156	110.500 	 5.212 	 164.745
FD11156	110.625 	 5.603 	 170.538
FD11156	110.750 	 5.651 	 165.964
FD11156	110.875 	 5.697 	 165.964
FD11156	111.000 	 5.152 	 169.695
FD11156	111.125 	 5.651 	 165.964
FD11156	111.250 	 5.603 	 170.538
FD11156	111.375 	 5.651 	 165.964
FD11156	111.500 	 5.253 	 164.745
FD11156	111.625 	 5.603 	 170.538
FD11156	111.750 	 5.651 	 165.964
FD11156	111.875 	 5.697 	 165.964
FD11156	112.000 	 5.111 	 169.695
FD11156	112.125 	 5.697 	 165.964
FD11156	112.250 	 5.697 	 165.964
FD11156	112.375 	 5.559 	 170.538
FD11156	112.500 	 5.697 	 165.964
FD11156	112.625 	 5.212 	 164.745
FD11156	112.750 	 5.603 	 170.538
FD11156	112.875 	 5.697 	 165.964
FD11156	113.000 	 5.559 	 170.538
FD11156	113.125 	 5.254 	 164.745
FD11156	113.250 	 5.651 	 165.964
FD11156	113.375 	 5.603 	 170.538
FD11156	113.500 	 5.651 	 165.964
FD11156	113.625 	 5.254 	 164.745
FD11156	113.750 	 5.603 	 170.538
FD11156	113.875 	 5.651 	 165.964
FD11156	114.000 	 5.697 	 165.964
FD11156	114.125 	 5.111 	 169.695
FD11156	114.250 	 5.697 	 165.964
FD11156	114.375 	 5.603 	 170.538
FD11156	114.500 	 5.651 	 165.964
FD11156	114.625 	 5.254 	 164.745
FD11156	114.750 	 5.559 	 170.538
FD11156	114.875 	 5.697 	 165.964
FD11156	115.000 	 5.697 	 165.964
FD11156	115.125 	 5.559 	 170.538
FD11156	115.250 	 5.254 	 164.745
FD11156	115.375 	 6.141 	 167.005
FD11156	115.500 	 7.479 	 169.380
FD11156	115.625 	 7.576 	 165.964
FD11156	115.750 	 7.577 	 165.964
FD11156	115.875 	 7.479 	 169.380
FD11156	116.000 	 7.576 	 165.964
FD11156	116.125 	 7.576 	 165.964
FD11156	116.250 	 7.479 	 169.380
FD11156	116.375 	 7.576 	 165.964
FD11156	116.500 	 7.576 	 165.964
FD11156	116.625 	 7.479 	 169.380
FD11156	116.750 	 7.576 	 165.964
FD11156	116.875 	 7.576 	 165.964
FD11156	117.000 	 7.539 	 169.380
FD11156	117.125 	 7.576 	 165.964
FD11156	117.250 	 7.576 	 165.964
FD11156	117.375 	 7.480 	 169.380
FD11156	117.500 	 7.576 	 165.964
FD11156	117.625 	 7.136 	 165.069
FD11156	117.750 	 7.479 	 169.380
FD11156	117.875 	 7.576 	 165.964
FD11156	118.000 	 7.576 	 165.964
FD11156	118.125 	 7.479 	 169.380
FD11156	118.250 	 7.576 	 165.964
FD11156	118.375 	 7.576 	 165.964
FD11156	118.500 	 7.539 	 169.380
FD11156	118.625 	 7.576 	 165.964
FD11156	118.750 	 7.576 	 165.964
FD11156	118.875 	 7.479 	 169.380
FD11156	119.000 	 7.576 	 165.964
FD11156	119.125 	 7.576 	 165.964
FD11156	119.250 	 7.479 	 169.380
FD11156	119.375 	 7.576 	 165.964
FD11156	119.500 	 7.576 	 165.964
FD11156	119.625 	 7.479 	 169.380
FD11156	119.750 	 7.576 	 165.964
FD11156	119.875 	 7.576 	 165.964
FD11156	120.000 	 7.539 	 169.380
FD11156	120.125 	 7.576 	 165.964
FD11156	120.250 	 7.576 	 165.964
FD11156	120.375 	 7.479 	 169.380
FD11156	120.500 	 7.576 	 165.964
FD11156	120.625 	 7.480 	 169.380
FD11156	120.750 	 7.576 	 165.964
FD11156	120.875 	 7.576 	 165.964
FD11156	121.000 	 7.479 	 169.380
FD11156	121.125 	 7.576 	 165.964
FD11156	121.250 	 7.576 	 165.964
FD11156	121.375 	 7.479 	 169.380
FD11156	121.500 	 7.637 	 165.964
FD11156	121.625 	 7.576 	 165.964
FD11156	121.750 	 7.479 	 169.380
FD11156	121.875 	 7.576 	 165.964
FD11156	122.000 	 7.576 	 165.964
FD11156	122.125 	 7.479 	 169.380
FD11156	122.250 	 7.577 	 165.964
FD11156	122.375 	 7.576 	 165.964
FD11156	122.500 	 7.479 	 169.380
FD11156	122.625 	 7.576 	 165.964
FD11156	122.750 	 7.576 	 165.964
FD11156	122.875 	 7.479 	 169.380
FD11156	123.000 	 7.637 	 165.964
FD11156	123.125 	 7.136 	 165.069
FD11156	123.250 	 7.479 	 169.380
FD11156	123.375 	 7.576 	 165.964
FD11156	123.500 	 7.576 	 165.964
FD11156	123.625 	 7.479 	 169.380
FD11156	123.750 	 7.577 	 165.964
FD11156	123.875 	 7.576 	 165.964
FD11156	124.000 	 7.479 	 169.380
FD11156	124.125 	 7.576 	 165.964
FD11156	124.250 	 7.576 	 165.964
FD11156	124.375 	 7.479 	 169.380
FD11156	124.500 	 7.576 	 165.964
FD11156	124.625 	 8.081 	 166.760
FD11156	124.750 	 8.017 	 166.759
FD11156	124.875 	 8.458 	 167.471
FD11156	125.000 	 8.526 	 167.471
FD11156	125.125 	 8.017 	 166.759
FD11156	125.250 	 8.458 	 167.471
FD11156	125.375 	 8.081 	 166.759
FD11156	125.500 	 8.568 	 164.476
FD11156	125.625 	 8.017 	 166.759
FD11156	125.750 	 8.458 	 167.471
FD11156	125.875 	 8.526 	 167.471
FD11156	126.000 	 8.017 	 166.760
FD11156	126.125 	 8.458 	 167.471
FD11156	126.250 	 8.081 	 166.759
FD11156	126.375 	 8.458 	 167.471
FD11156	126.500 	 8.133 	 163.611
FD11156	126.625 	 8.526 	 167.471
FD11156	126.750 	 8.458 	 167.471
FD11156	126.875 	 8.017 	 166.760
FD11156	127.000 	 8.526 	 167.471
FD11156	127.125 	 8.017 	 166.760
FD11156	127.250 	 8.458 	 167.471
FD11156	127.375 	 8.081 	 166.759
FD11156	127.500 	 8.568 	 164.476
FD11156	127.625 	 8.458 	 167.471
FD11156	127.750 	 8.017 	 166.759
FD11156	127.875 	 8.526 	 167.471
FD11156	128.000 	 8.017 	 166.759
FD11156	128.125 	 8.458 	 167.471
FD11156	128.250 	 8.525 	 167.471
FD11156	128.375 	 8.017 	 166.759
FD11156	128.500 	 8.567 	 164.476
FD11156	128.625 	 8.082 	 166.759
FD11156	128.750 	 8.458 	 167.471
FD11156	128.875 	 8.017 	 166.759
FD11156	129.000 	 8.526 	 167.471
FD11156	129.125 	 8.457 	 167.471
FD11156	129.250 	 8.017 	 166.759
FD11156	129.375 	 8.458 	 167.471
FD11156	129.500 	 8.198 	 163.610
FD11156	129.625 	 8.458 	 167.471
FD11156	129.750 	 8.016 	 166.759
FD11156	129.875 	 8.527 	 167.471
FD11156	130.000 	 8.457 	 167.471
FD11156	130.125 	 8.017 	 166.760
FD11156	130.250 	 8.526 	 167.471
FD11156	130.375 	 8.016 	 166.759
FD11156	130.500 	 8.568 	 164.476
FD11156	130.625 	 8.526 	 167.471
FD11156	130.750 	 8.016 	 166.759
FD11156	130.875 	 8.459 	 167.471
FD11156	131.000 	 8.081 	 166.759
FD11156	131.125 	 8.457 	 167.471
FD11156	131.250 	 8.017 	 166.760
FD11156	131.375 	 8.458 	 167.471
FD11156	131.500 	 8.636 	 164.476
FD11156	131.625 	 8.016 	 166.759
FD11156	131.750 	 8.458 	 167.471
FD11156	131.875 	 8.081 	 166.759
FD11156	132.000 	 8.458 	 167.471
FD11156	132.125 	 8.017 	 166.759
FD11156	132.250 	 8.526 	 167.471
FD11156	132.375 	 8.458 	 167.471
FD11156	132.500 	 8.017 	 166.759
FD11156	132.625 	 8.636 	 164.476
FD11156	132.750 	 8.017 	 166.759
FD11156	132.875 	 8.457 	 167.471
FD11156	133.000 	 8.017 	 166.759
FD11156	133.125 	 8.526 	 167.471
FD11156	133.250 	 8.457 	 167.471
FD11156	133.375 	 8.017 	 166.759
FD11156	133.500 	 8.526 	 167.471
FD11156	133.625 	 8.132 	 163.610
FD11156	133.750 	 8.458 	 167.471
FD11156	133.875 	 8.636 	 164.476
FD11156	134.000 	 9.129 	 162.475
FD11156	134.125 	 8.769 	 161.565
FD11156	134.250 	 9.003 	 165.257
FD11156	134.375 	 8.769 	 161.565
FD11156	134.500 	 8.700 	 161.565
FD11156	134.625 	 9.075 	 165.257
FD11156	134.750 	 8.699 	 161.565
FD11156	134.875 	 9.201 	 162.474
FD11156	135.000 	 8.568 	 164.476
FD11156	135.125 	 9.201 	 162.475
FD11156	135.250 	 8.700 	 161.565
FD11156	135.375 	 8.769 	 161.565
FD11156	135.500 	 9.003 	 165.257
FD11156	135.625 	 8.769 	 161.565
FD11156	135.750 	 9.129 	 162.475
FD11156	135.875 	 8.636 	 164.476
FD11156	136.000 	 9.128 	 162.474
FD11156	136.125 	 8.770 	 161.565
FD11156	136.250 	 8.567 	 164.476
FD11156	136.375 	 9.201 	 162.475
FD11156	136.500 	 8.700 	 161.565
FD11156	136.625 	 9.075 	 165.257
FD11156	136.750 	 8.699 	 161.565
FD11156	136.875 	 9.201 	 162.475
FD11156	137.000 	 8.568 	 164.476
FD11156	137.125 	 8.769 	 161.565
FD11156	137.250 	 9.128 	 162.475
FD11156	137.375 	 8.770 	 161.565
FD11156	137.500 	 9.003 	 165.257
FD11156	137.625 	 8.769 	 161.565
FD11156	137.750 	 9.129 	 162.474
FD11156	137.875 	 8.636 	 164.476
FD11156	138.000 	 8.699 	 161.565
FD11156	138.125 	 9.201 	 162.475
FD11156	138.250 	 8.568 	 164.476
FD11156	138.375 	 9.201 	 162.474
FD11156	138.500 	 8.700 	 161.565
FD11156	138.625 	 9.075 	 165.257
FD11156	138.750 	 8.699 	 161.565
FD11156	138.875 	 8.769 	 161.565
FD11156	139.000 	 9.004 	 165.257
FD11156	139.125 	 8.769 	 161.565
FD11156	139.250 	 9.128 	 162.475
FD11156	139.375 	 8.769 	 161.565
FD11156	139.500 	 9.004 	 165.257
FD11156	139.625 	 8.769 	 161.565
FD11156	139.750 	 8.700 	 161.565
FD11156	139.875 	 9.075 	 165.257
FD11156	140.000 	 8.699 	 161.565
FD11156	140.125 	 9.201 	 162.474
FD11156	140.250 	 8.568 	 164.476
FD11156	140.375 	 9.201 	 162.475
FD11156	140.500 	 8.699 	 161.565
FD11156	140.625 	 8.636 	 164.476
FD11156	140.750 	 9.129 	 162.474
FD11156	140.875 	 8.769 	 161.565
FD11156	141.000 	 9.004 	 165.257
FD11156	141.125 	 8.769 	 161.565
FD11156	141.250 	 9.128 	 162.474
FD11156	141.375 	 8.636 	 164.476
FD11156	141.500 	 8.700 	 161.565
FD11156	141.625 	 9.201 	 162.474
FD11156	141.750 	 8.699 	 161.565
FD11156	141.875 	 9.075 	 165.256
FD11156	142.000 	 8.700 	 161.565
FD11156	142.125 	 9.201 	 162.474
FD11156	142.250 	 8.568 	 164.476
FD11156	142.375 	 8.769 	 161.565
FD11156	142.500 	 9.128 	 162.475
FD11156	142.625 	 8.636 	 164.476
FD11156	142.750 	 9.129 	 162.474
FD11156	142.875 	 8.769 	 161.565
FD11156	143.000 	 9.003 	 165.257
FD11156	143.125 	 9.934 	 158.199
FD11156	143.250 	 10.523 	 156.801
FD11156	143.375 	 10.354 	 159.145
FD11156	143.500 	 10.354 	 159.145
FD11156	143.625 	 10.436 	 159.145
FD11156	143.750 	 10.523 	 156.802
FD11156	143.875 	 10.354 	 159.145
FD11156	144.000 	 10.355 	 159.145
FD11156	144.125 	 10.354 	 159.145
FD11156	144.250 	 10.523 	 156.801
FD11156	144.375 	 10.354 	 159.146
FD11156	144.500 	 10.354 	 159.145
FD11156	144.625 	 10.354 	 159.145
FD11156	144.750 	 10.523 	 156.801
FD11156	144.875 	 10.354 	 159.145
FD11156	145.000 	 9.933 	 158.199
FD11156	145.125 	 10.354 	 159.146
FD11156	145.250 	 10.523 	 156.801
FD11156	145.375 	 10.354 	 159.145
FD11156	145.500 	 10.354 	 159.145
FD11156	145.625 	 10.355 	 159.145
FD11156	145.750 	 10.523 	 156.802
FD11156	145.875 	 10.354 	 159.145
FD11156	146.000 	 10.354 	 159.145
FD11156	146.125 	 10.436 	 159.145
FD11156	146.250 	 10.523 	 156.801
FD11156	146.375 	 10.354 	 159.146
FD11156	146.500 	 10.355 	 159.145
FD11156	146.625 	 10.354 	 159.145
FD11156	146.750 	 10.523 	 156.801
FD11156	146.875 	 10.354 	 159.146
FD11156	147.000 	 10.354 	 159.145
FD11156	147.125 	 9.933 	 158.199
FD11156	147.250 	 10.523 	 156.801
FD11156	147.375 	 10.354 	 159.146
FD11156	147.500 	 10.354 	 159.145
FD11156	147.625 	 10.354 	 159.145
FD11156	147.750 	 10.523 	 156.801
FD11156	147.875 	 10.354 	 159.146
FD11156	148.000 	 10.354 	 159.146
FD11156	148.125 	 10.354 	 159.145
FD11156	148.250 	 10.524 	 156.801
FD11156	148.375 	 10.354 	 159.145
FD11156	148.500 	 10.354 	 159.146
FD11156	148.625 	 10.436 	 159.145
FD11156	148.750 	 10.523 	 156.801
FD11156	148.875 	 10.354 	 159.145
FD11156	149.000 	 10.355 	 159.146
FD11156	149.125 	 10.354 	 159.146
FD11156	149.250 	 10.110 	 155.772
FD11156	149.375 	 10.354 	 159.145
FD11156	149.500 	 10.354 	 159.145
FD11156	149.625 	 10.354 	 159.146
FD11156	149.750 	 10.523 	 156.801
FD11156	149.875 	 10.354 	 159.146
FD11156	150.000 	 10.354 	 159.145
FD11156	150.125 	 10.354 	 159.146
FD11156	150.250 	 10.523 	 156.801
FD11156	150.375 	 10.354 	 159.145
FD11156	150.500 	 10.354 	 159.146
FD11156	150.625 	 10.354 	 159.145
FD11156	150.750 	 10.524 	 156.801
FD11156	150.875 	 10.354 	 159.145
FD11156	151.000 	 10.354 	 159.145
FD11156	151.125 	 10.436 	 159.146
FD11156	151.250 	 10.523 	 156.801
FD11156	151.375 	 10.354 	 159.145
FD11156	151.500 	 9.933 	 158.199
FD11156	151.625 	 10.355 	 159.145
FD11156	151.750 	 10.523 	 156.801
FD11156	151.875 	 10.354 	 159.146
FD11156	152.000 	 10.354 	 159.145
FD11156	152.125 	 10.937 	 157.751
FD11156	152.250 	 12.445 	 158.199
FD11156	152.375 	 12.447 	 158.198
FD11156	152.500 	 13.030 	 157.068
FD11156	152.625 	 12.445 	 158.198
FD11156	152.750 	 12.446 	 158.199
FD11156	152.875 	 12.620 	 156.251
FD11156	153.000 	 12.861 	 158.963
FD11156	153.125 	 12.446 	 158.199
FD11156	153.250 	 12.445 	 158.199
FD11156	153.375 	 12.620 	 156.250
FD11156	153.500 	 12.446 	 158.199
FD11156	153.625 	 12.861 	 158.963
FD11156	153.750 	 12.620 	 156.251
FD11156	153.875 	 12.445 	 158.199
FD11156	154.000 	 12.446 	 158.198
FD11156	154.125 	 13.030 	 157.068
FD11156	154.250 	 12.445 	 158.199
FD11156	154.375 	 12.446 	 158.199
FD11156	154.500 	 12.445 	 158.199
FD11156	154.625 	 13.030 	 157.068
FD11156	154.750 	 12.446 	 158.199
FD11156	154.875 	 12.445 	 158.198
FD11156	155.000 	 12.620 	 156.251
FD11156	155.125 	 12.445 	 158.199
FD11156	155.250 	 12.966 	 158.963
FD11156	155.375 	 12.445 	 158.199
FD11156	155.500 	 12.620 	 156.250
FD11156	155.625 	 12.445 	 158.198
FD11156	155.750 	 12.863 	 158.963
FD11156	155.875 	 12.620 	 156.251
FD11156	156.000 	 12.445 	 158.199
FD11156	156.125 	 12.446 	 158.199
FD11156	156.250 	 12.618 	 156.250
FD11156	156.375 	 12.863 	 158.962
FD11156	156.500 	 12.446 	 158.199
FD11156	156.625 	 12.445 	 158.199
FD11156	156.750 	 12.620 	 156.251
FD11156	156.875 	 12.861 	 158.963
FD11156	157.000 	 12.446 	 158.199
FD11156	157.125 	 12.620 	 156.250
FD11156	157.250 	 12.445 	 158.199
FD11156	157.375 	 12.447 	 158.198
FD11156	157.500 	 12.863 	 158.963
FD11156	157.625 	 12.618 	 156.251
FD11156	157.750 	 12.446 	 158.198
FD11156	157.875 	 12.445 	 158.199
FD11156	158.000 	 13.030 	 157.068
FD11156	158.125 	 12.446 	 158.198
FD11156	158.250 	 12.445 	 158.198
FD11156	158.375 	 12.620 	 156.251
FD11156	158.500 	 12.445 	 158.198
FD11156	158.625 	 12.863 	 158.963
FD11156	158.750 	 12.447 	 158.199
FD11156	158.875 	 12.618 	 156.250
FD11156	159.000 	 12.446 	 158.198
FD11156	159.125 	 12.861 	 158.963
FD11156	159.250 	 12.620 	 156.251
FD11156	159.375 	 12.446 	 158.198
FD11156	159.500 	 12.445 	 158.199
FD11156	159.625 	 12.446 	 158.198
FD11156	159.750 	 13.028 	 157.068
FD11156	159.875 	 12.446 	 158.198
FD11156	160.000 	 12.447 	 158.199
FD11156	160.125 	 12.618 	 156.250
FD11156	160.250 	 12.863 	 158.963
FD11156	160.375 	 12.447 	 158.199
FD11156	160.500 	 12.618 	 156.250
FD11156	160.625 	 12.446 	 158.198
FD11156	160.750 	 12.861 	 158.963
FD11156	160.875 	 12.447 	 158.199
FD11156	161.000 	 12.620 	 156.250
FD11156	161.125 	 12.445 	 158.199
FD11156	161.250 	 12.446 	 158.198
FD11156	161.375 	 13.028 	 157.068
FD11156	161.500 	 13.963 	 158.552
FD11156	161.625 	 14.541 	 157.521
FD11156	161.750 	 14.540 	 157.520
FD11156	161.875 	 14.541 	 157.521
FD11156	162.000 	 14.541 	 157.521
FD11156	162.125 	 13.962 	 158.552
FD11156	162.250 	 14.541 	 157.521
FD11156	162.375 	 14.542 	 157.520
FD11156	162.500 	 14.541 	 157.521
FD11156	162.625 	 14.541 	 157.521
FD11156	162.750 	 14.541 	 157.521
FD11156	162.875 	 13.962 	 158.552
FD11156	163.000 	 14.427 	 157.520
FD11156	163.125 	 14.541 	 157.521
FD11156	163.250 	 14.541 	 157.521
FD11156	163.375 	 14.540 	 157.520
FD11156	163.500 	 14.541 	 157.521
FD11156	163.625 	 13.962 	 158.552
FD11156	163.750 	 14.542 	 157.521
FD11156	163.875 	 14.541 	 157.521
FD11156	164.000 	 14.540 	 157.520
FD11156	164.125 	 14.541 	 157.521
FD11156	164.250 	 14.377 	 159.228
FD11156	164.375 	 14.131 	 156.801
FD11156	164.500 	 14.541 	 157.521
FD11156	164.625 	 14.542 	 157.520
FD11156	164.750 	 14.541 	 157.521
FD11156	164.875 	 14.541 	 157.521
FD11156	165.000 	 14.377 	 159.227
FD11156	165.125 	 14.131 	 156.802
FD11156	165.250 	 14.540 	 157.520
FD11156	165.375 	 14.541 	 157.521
FD11156	165.500 	 14.427 	 157.521
FD11156	165.625 	 14.540 	 157.520
FD11156	165.750 	 13.962 	 158.553
FD11156	165.875 	 14.540 	 157.520
FD11156	166.000 	 14.542 	 157.521
FD11156	166.125 	 14.541 	 157.521
FD11156	166.250 	 14.540 	 157.520
FD11156	166.375 	 14.377 	 159.228
FD11156	166.500 	 14.131 	 156.801
FD11156	166.625 	 14.541 	 157.521
FD11156	166.750 	 14.542 	 157.521
FD11156	166.875 	 14.540 	 157.520
FD11156	167.000 	 14.541 	 157.521
FD11156	167.125 	 14.377 	 159.228
FD11156	167.250 	 14.131 	 156.801
FD11156	167.375 	 14.541 	 157.521
FD11156	167.500 	 14.540 	 157.520
FD11156	167.625 	 14.542 	 157.521
FD11156	167.750 	 14.541 	 157.521
FD11156	167.875 	 14.263 	 159.227
FD11156	168.000 	 14.131 	 156.801
FD11156	168.125 	 14.542 	 157.521
FD11156	168.250 	 14.541 	 157.521
FD11156	168.375 	 14.541 	 157.521
FD11156	168.500 	 14.377 	 159.227
FD11156	168.625 	 14.541 	 157.521
FD11156	168.750 	 14.131 	 156.801
FD11156	168.875 	 14.541 	 157.521
FD11156	169.000 	 14.542 	 157.521
FD11156	169.125 	 14.540 	 157.520
FD11156	169.250 	 14.377 	 159.228
FD11156	169.375 	 14.541 	 157.521
FD11156	169.500 	 14.131 	 156.802
FD11156	169.625 	 14.540 	 157.520
FD11156	169.750 	 14.541 	 157.521
FD11156	169.875 	 14.542 	 157.521
FD11156	170.000 	 14.377 	 159.228
FD11156	170.125 	 14.131 	 156.802
FD11156	170.250 	 14.540 	 157.520
FD11156	170.375 	 14.427 	 157.521
FD11156	170.500 	 15.824 	 155.696
FD11156	170.625 	 15.826 	 155.696
FD11156	170.750 	 16.411 	 154.885
FD11156	170.875 	 15.824 	 155.696
FD11156	171.000 	 16.013 	 154.179
FD11156	171.125 	 15.701 	 155.695
FD11156	171.250 	 15.826 	 155.696
FD11156	171.375 	 16.411 	 154.885
FD11156	171.500 	 15.824 	 155.695
FD11156	171.625 	 16.013 	 154.179
FD11156	171.750 	 15.701 	 155.695
FD11156	171.875 	 15.826 	 155.696
FD11156	172.000 	 16.409 	 154.885
FD11156	172.125 	 15.826 	 155.695
FD11156	172.250 	 15.826 	 155.696
FD11156	172.375 	 16.011 	 154.179
FD11156	172.500 	 15.703 	 155.695
FD11156	172.625 	 16.409 	 154.886
FD11156	172.750 	 15.826 	 155.695
FD11156	172.875 	 15.826 	 155.696
FD11156	173.000 	 16.011 	 154.179
FD11156	173.125 	 15.701 	 155.695
FD11156	173.250 	 16.411 	 154.886
FD11156	173.375 	 15.826 	 155.696
FD11156	173.500 	 15.824 	 155.695
FD11156	173.625 	 16.013 	 154.179
FD11156	173.750 	 15.826 	 155.696
FD11156	173.875 	 16.102 	 156.371
FD11156	174.000 	 16.013 	 154.179
FD11156	174.125 	 15.824 	 155.695
FD11156	174.250 	 16.013 	 154.179
FD11156	174.375 	 15.826 	 155.696
FD11156	174.500 	 16.101 	 156.370
FD11156	174.625 	 16.013 	 154.179
FD11156	174.750 	 15.824 	 155.696
FD11156	174.875 	 15.826 	 155.695
FD11156	175.000 	 16.013 	 154.179
FD11156	175.125 	 16.227 	 156.370
FD11156	175.250 	 15.887 	 154.179
FD11156	175.375 	 15.826 	 155.696
FD11156	175.500 	 15.826 	 155.696
FD11156	175.625 	 16.011 	 154.179
FD11156	175.750 	 16.229 	 156.370
FD11156	175.875 	 15.887 	 154.179
FD11156	176.000 	 15.826 	 155.695
FD11156	176.125 	 15.826 	 155.696
FD11156	176.250 	 16.011 	 154.179
FD11156	176.375 	 16.229 	 156.370
FD11156	176.500 	 15.826 	 155.696
FD11156	176.625 	 15.887 	 154.179
FD11156	176.750 	 15.824 	 155.696
FD11156	176.875 	 16.013 	 154.179
FD11156	177.000 	 16.230 	 156.371
FD11156	177.125 	 15.826 	 155.696
FD11156	177.250 	 16.011 	 154.179
FD11156	177.375 	 15.701 	 155.694
FD11156	177.500 	 16.013 	 154.179
FD11156	177.625 	 16.230 	 156.371
FD11156	177.750 	 15.824 	 155.696
FD11156	177.875 	 16.013 	 154.179
FD11156	178.000 	 15.701 	 155.695
FD11156	178.125 	 15.826 	 155.696
FD11156	178.250 	 16.411 	 154.886
FD11156	178.375 	 15.824 	 155.695
FD11156	178.500 	 16.013 	 154.179
FD11156	178.625 	 15.826 	 155.695
FD11156	178.750 	 15.701 	 155.696
FD11156	178.875 	 16.011 	 154.179
FD11156	179.000 	 16.229 	 156.370
FD11156	179.125 	 15.826 	 155.696
FD11156	179.250 	 16.011 	 154.179
FD11156	179.375 	 15.703 	 155.695
FD11156	179.500 	 16.409 	 154.885
FD11156	179.625 	 17.530 	 151.389
FD11156	179.750 	 17.327 	 152.745
FD11156	179.875 	 17.530 	 151.389
FD11156	180.000 	 16.803 	 152.021
FD11156	180.125 	 17.530 	 151.390
FD11156	180.250 	 17.325 	 152.744
FD11156	180.375 	 17.394 	 151.389
FD11156	180.500 	 17.530 	 151.390
FD11156	180.625 	 17.325 	 152.744
FD11156	180.750 	 17.394 	 151.389
FD11156	180.875 	 17.325 	 152.745
FD11156	181.000 	 17.146 	 150.642
FD11156	181.125 	 17.190 	 152.744
FD11156	181.250 	 17.530 	 151.390
FD11156	181.375 	 17.325 	 152.744
FD11156	181.500 	 17.394 	 151.389
FD11156	181.625 	 17.325 	 152.745
FD11156	181.750 	 17.530 	 151.389
FD11156	181.875 	 17.190 	 152.745
FD11156	182.000 	 17.146 	 150.642
FD11156	182.125 	 17.327 	 152.744
FD11156	182.250 	 17.392 	 151.389
FD11156	182.375 	 17.325 	 152.745
FD11156	182.500 	 17.532 	 151.389
FD11156	182.625 	 17.325 	 152.745
FD11156	182.750 	 17.394 	 151.389
FD11156	182.875 	 17.325 	 152.744
FD11156	183.000 	 17.146 	 150.642
FD11156	183.125 	 17.190 	 152.744
FD11156	183.250 	 17.530 	 151.389
FD11156	183.375 	 17.325 	 152.745
FD11156	183.500 	 17.394 	 151.389
FD11156	183.625 	 17.325 	 152.744
FD11156	183.750 	 17.530 	 151.390
FD11156	183.875 	 17.190 	 152.744
FD11156	184.000 	 17.146 	 150.642
FD11156	184.125 	 17.325 	 152.745
FD11156	184.250 	 17.394 	 151.389
FD11156	184.375 	 17.530 	 151.389
FD11156	184.500 	 17.325 	 152.745
FD11156	184.625 	 17.394 	 151.389
FD11156	184.750 	 17.325 	 152.744
FD11156	184.875 	 17.532 	 151.390
FD11156	185.000 	 16.935 	 152.020
FD11156	185.125 	 17.392 	 151.389
FD11156	185.250 	 17.327 	 152.745
FD11156	185.375 	 17.530 	 151.389
FD11156	185.500 	 17.190 	 152.744
FD11156	185.625 	 17.530 	 151.390
FD11156	185.750 	 17.325 	 152.744
FD11156	185.875 	 17.394 	 151.389
FD11156	186.000 	 16.935 	 152.021
FD11156	186.125 	 17.530 	 151.389
FD11156	186.250 	 17.190 	 152.744
FD11156	186.375 	 17.530 	 151.390
FD11156	186.500 	 17.325 	 152.744
FD11156	186.625 	 17.394 	 151.389
FD11156	186.750 	 17.325 	 152.745
FD11156	186.875 	 17.530 	 151.389
FD11156	187.000 	 16.803 	 152.020
FD11156	187.125 	 17.530 	 151.390
FD11156	187.250 	 17.325 	 152.744
FD11156	187.375 	 17.394 	 151.389
FD11156	187.500 	 17.325 	 152.745
FD11156	187.625 	 17.532 	 151.389
FD11156	187.750 	 17.325 	 152.744
FD11156	187.875 	 17.392 	 151.390
FD11156	188.000 	 17.148 	 150.642
FD11156	188.125 	 17.325 	 152.744
FD11156	188.250 	 17.394 	 151.390
FD11156	188.375 	 17.325 	 152.744
FD11156	188.500 	 17.530 	 151.389
FD11156	188.625 	 17.190 	 152.745
FD11156	188.750 	 17.530 	 151.389
FD11156	188.875 	 17.325 	 152.744
FD11156	189.000 	 18.339 	 149.534
FD11156	189.125 	 18.125 	 150.803
FD11156	189.250 	 18.265 	 150.803
FD11156	189.375 	 18.341 	 149.535
FD11156	189.500 	 18.123 	 150.803
FD11156	189.625 	 18.267 	 150.802
FD11156	189.750 	 18.123 	 150.803
FD11156	189.875 	 18.339 	 149.534
FD11156	190.000 	 18.503 	 151.504
FD11156	190.125 	 18.267 	 150.803
FD11156	190.250 	 18.339 	 149.535
FD11156	190.375 	 18.123 	 150.802
FD11156	190.500 	 18.267 	 150.803
FD11156	190.625 	 18.123 	 150.803
FD11156	190.750 	 18.340 	 149.533
FD11156	190.875 	 18.265 	 150.803
FD11156	191.000 	 18.125 	 150.803
FD11156	191.125 	 18.339 	 149.535
FD11156	191.250 	 18.503 	 151.504
FD11156	191.375 	 18.267 	 150.803
FD11156	191.500 	 18.123 	 150.803
FD11156	191.625 	 18.338 	 149.533
FD11156	191.750 	 18.267 	 150.803
FD11156	191.875 	 18.123 	 150.803
FD11156	192.000 	 18.339 	 149.535
FD11156	192.125 	 18.267 	 150.801
FD11156	192.250 	 18.123 	 150.803
FD11156	192.375 	 18.123 	 150.803
FD11156	192.500 	 18.341 	 149.535
FD11156	192.625 	 18.648 	 151.504
FD11156	192.750 	 18.125 	 150.803
FD11156	192.875 	 18.339 	 149.534
FD11156	193.000 	 18.267 	 150.802
FD11156	193.125 	 18.123 	 150.803
FD11156	193.250 	 18.339 	 149.535
FD11156	193.375 	 18.267 	 150.803
FD11156	193.500 	 18.122 	 150.801
FD11156	193.625 	 18.123 	 150.803
FD11156	193.750 	 18.339 	 149.535
FD11156	193.875 	 18.650 	 151.504
FD11156	194.000 	 18.123 	 150.803
FD11156	194.125 	 18.341 	 149.535
FD11156	194.250 	 18.265 	 150.803
FD11156	194.375 	 18.124 	 150.801
FD11156	194.500 	 18.123 	 150.803
FD11156	194.625 	 18.485 	 149.535
FD11156	194.750 	 18.123 	 150.803
FD11156	194.875 	 18.122 	 150.801
FD11156	195.000 	 18.339 	 149.535
FD11156	195.125 	 18.650 	 151.504
FD11156	195.250 	 18.123 	 150.803
FD11156	195.375 	 18.123 	 150.803
FD11156	195.500 	 18.485 	 149.535
FD11156	195.625 	 18.123 	 150.803
FD11156	195.750 	 18.124 	 150.801
FD11156	195.875 	 18.339 	 149.535
FD11156	196.000 	 18.267 	 150.803
FD11156	196.125 	 18.123 	 150.803
FD11156	196.250 	 18.338 	 149.533
FD11156	196.375 	 18.267 	 150.803
FD11156	196.500 	 18.503 	 151.505
FD11156	196.625 	 18.123 	 150.803
FD11156	196.750 	 18.485 	 149.535
FD11156	196.875 	 18.123 	 150.803
FD11156	197.000 	 18.123 	 150.803
FD11156	197.125 	 18.340 	 149.533
FD11156	197.250 	 18.265 	 150.803
FD11156	197.375 	 18.125 	 150.803
FD11156	197.500 	 18.123 	 150.803
FD11156	197.625 	 18.484 	 149.533
FD11156	197.750 	 18.504 	 151.505
FD11156	197.875 	 18.122 	 150.801
FD11156	198.000 	 18.485 	 149.535
FD11156	198.125 	 18.123 	 150.803
FD11156	198.250 	 18.123 	 150.803
FD11156	198.375 	 18.862 	 150.255
FD11156	198.500 	 19.240 	 150.945
FD11156	198.625 	 18.713 	 150.255
FD11156	198.750 	 18.862 	 150.255
FD11156	198.875 	 18.859 	 150.255
FD11156	199.000 	 19.240 	 150.946
FD11156	199.125 	 18.713 	 150.255
FD11156	199.250 	 18.862 	 150.255
FD11156	199.375 	 18.862 	 150.255
FD11156	199.500 	 19.240 	 150.945
FD11156	199.625 	 18.713 	 150.255
FD11156	199.750 	 18.862 	 150.256
FD11156	199.875 	 19.237 	 150.945
FD11156	200.000 	 18.862 	 150.255
FD11156	200.125 	 18.713 	 150.255
FD11156	200.250 	 18.862 	 150.255
FD11156	200.375 	 19.034 	 152.177
FD11156	200.500 	 18.862 	 150.255
FD11156	200.625 	 18.713 	 150.255
FD11156	200.750 	 18.862 	 150.255
FD11156	200.875 	 19.237 	 150.945
FD11156	201.000 	 18.862 	 150.255
FD11156	201.125 	 18.862 	 150.255
FD11156	201.250 	 19.089 	 150.946
FD11156	201.375 	 18.862 	 150.255
FD11156	201.500 	 18.859 	 150.255
FD11156	201.625 	 18.862 	 150.255
FD11156	201.750 	 19.089 	 150.944
FD11156	201.875 	 18.862 	 150.255
FD11156	202.000 	 18.862 	 150.255
FD11156	202.125 	 19.240 	 150.946
FD11156	202.250 	 18.713 	 150.255
FD11156	202.375 	 18.862 	 150.255
FD11156	202.500 	 18.859 	 150.255
FD11156	202.625 	 19.240 	 150.945
FD11156	202.750 	 18.714 	 150.256
FD11156	202.875 	 18.862 	 150.256
FD11156	203.000 	 18.862 	 150.254
FD11156	203.125 	 19.239 	 150.946
FD11156	203.250 	 18.713 	 150.254
FD11156	203.375 	 18.650 	 151.504
FD11156	203.500 	 19.238 	 150.947
FD11156	203.625 	 18.862 	 150.254
FD11156	203.750 	 18.713 	 150.256
FD11156	203.875 	 18.862 	 150.254
FD11156	204.000 	 19.240 	 150.944
FD11156	204.125 	 18.862 	 150.256
FD11156	204.250 	 18.713 	 150.254
FD11156	204.375 	 18.862 	 150.256
FD11156	204.500 	 19.238 	 150.946
FD11156	204.625 	 18.862 	 150.256
FD11156	204.750 	 18.713 	 150.254
FD11156	204.875 	 19.239 	 150.946
FD11156	205.000 	 18.862 	 150.254
FD11156	205.125 	 18.862 	 150.256
FD11156	205.250 	 18.714 	 150.256
FD11156	205.375 	 19.239 	 150.946
FD11156	205.500 	 18.860 	 150.254
FD11156	205.625 	 18.862 	 150.256
FD11156	205.750 	 19.089 	 150.944
FD11156	205.875 	 18.862 	 150.257
FD11156	206.000 	 18.862 	 150.254
FD11156	206.125 	 18.859 	 150.256
FD11156	206.250 	 19.091 	 150.944
FD11156	206.375 	 18.648 	 151.504
FD11156	206.500 	 18.862 	 150.256
FD11156	206.625 	 18.862 	 150.254
FD11156	206.750 	 19.089 	 150.947
FD11156	206.875 	 18.862 	 150.254
FD11156	207.000 	 18.862 	 150.256
FD11156	207.125 	 19.237 	 150.944
FD11156	207.250 	 18.715 	 150.256
FD11156	207.375 	 18.860 	 150.254
FD11156	207.500 	 18.862 	 150.254
FD11156	207.625 	 19.240 	 150.947
FD11156	207.750 	 18.713 	 150.254
FD11156	207.875 	 19.239 	 150.946
FD11156	208.000 	 19.240 	 150.946
FD11156	208.125 	 19.390 	 150.946
FD11156	208.250 	 19.240 	 150.944
FD11156	208.375 	 19.616 	 151.608
FD11156	208.500 	 19.453 	 149.743
FD11156	208.625 	 19.240 	 150.946
FD11156	208.750 	 19.618 	 151.607
FD11156	208.875 	 19.238 	 150.946
FD11156	209.000 	 19.239 	 150.946
FD11156	209.125 	 19.240 	 150.944
FD11156	209.250 	 19.619 	 151.608
FD11156	209.375 	 19.238 	 150.946
FD11156	209.500 	 19.239 	 150.946
FD11156	209.625 	 19.606 	 149.742
FD11156	209.750 	 19.619 	 151.608
FD11156	209.875 	 19.240 	 150.944
FD11156	210.000 	 19.240 	 150.947
FD11156	210.125 	 19.616 	 151.606
FD11156	210.250 	 19.240 	 150.947
FD11156	210.375 	 19.240 	 150.944
FD11156	210.500 	 19.239 	 150.946
FD11156	210.625 	 19.616 	 151.607
FD11156	210.750 	 19.453 	 149.743
FD11156	210.875 	 19.240 	 150.947
FD11156	211.000 	 19.618 	 151.606
FD11156	211.125 	 19.391 	 150.947
FD11156	211.250 	 19.240 	 150.944
FD11156	211.375 	 19.240 	 150.947
FD11156	211.500 	 19.616 	 151.606
FD11156	211.625 	 19.240 	 150.947
FD11156	211.750 	 19.240 	 150.944
FD11156	211.875 	 19.453 	 149.743
FD11156	212.000 	 19.616 	 151.607
FD11156	212.125 	 19.239 	 150.946
FD11156	212.250 	 19.240 	 150.946
FD11156	212.375 	 19.618 	 151.607
FD11156	212.500 	 19.238 	 150.946
FD11156	212.625 	 19.393 	 150.946
FD11156	212.750 	 19.237 	 150.944
FD11156	212.875 	 19.619 	 151.608
FD11156	213.000 	 19.453 	 149.743
FD11156	213.125 	 19.240 	 150.946
FD11156	213.250 	 19.616 	 151.608
FD11156	213.375 	 19.240 	 150.944
FD11156	213.500 	 19.239 	 150.946
FD11156	213.625 	 19.240 	 150.946
FD11156	213.750 	 19.616 	 151.607
FD11156	213.875 	 19.240 	 150.946
FD11156	214.000 	 19.239 	 150.946
FD11156	214.125 	 19.240 	 150.944
FD11156	214.250 	 19.982 	 150.423
FD11156	214.375 	 19.240 	 150.944
FD11156	214.500 	 19.238 	 150.947
FD11156	214.625 	 19.618 	 151.606
FD11156	214.750 	 19.240 	 150.947
FD11156	214.875 	 19.240 	 150.944
FD11156	215.000 	 19.238 	 150.947
FD11156	215.125 	 19.618 	 151.606
FD11156	215.250 	 19.240 	 150.947
FD11156	215.375 	 19.453 	 149.743
FD11156	215.500 	 19.616 	 151.607
FD11156	215.625 	 19.239 	 150.946
FD11156	215.750 	 19.391 	 150.944
FD11156	215.875 	 19.240 	 150.947
FD11156	216.000 	 19.618 	 151.606
FD11156	216.125 	 19.240 	 150.947
FD11156	216.250 	 19.237 	 150.944
FD11156	216.375 	 19.239 	 150.946
FD11156	216.500 	 19.827 	 150.422
FD11156	216.625 	 19.239 	 150.946
FD11156	216.750 	 19.238 	 150.946
FD11156	216.875 	 19.618 	 151.607
FD11156	217.000 	 19.240 	 150.946
FD11156	217.125 	 19.239 	 150.946
FD11156	217.250 	 19.391 	 150.946
FD11156	217.375 	 19.618 	 151.607
FD11156	217.500 	 19.619 	 151.607
FD11156	217.625 	 19.222 	 154.059
FD11156	217.750 	 19.802 	 153.435
FD11156	217.875 	 19.569 	 152.818
FD11156	218.000 	 19.802 	 153.435
FD11156	218.125 	 19.613 	 154.654
FD11156	218.250 	 19.418 	 152.819
FD11156	218.375 	 19.956 	 153.435
FD11156	218.500 	 19.417 	 152.818
FD11156	218.625 	 19.611 	 154.654
FD11156	218.750 	 19.418 	 152.819
FD11156	218.875 	 19.956 	 153.435
FD11156	219.000 	 19.418 	 152.819
FD11156	219.125 	 19.613 	 154.652
FD11156	219.250 	 19.418 	 152.819
FD11156	219.375 	 19.956 	 153.435
FD11156	219.500 	 19.802 	 153.435
FD11156	219.625 	 19.415 	 152.820
FD11156	219.750 	 19.769 	 154.653
FD11156	219.875 	 19.415 	 152.818
FD11156	220.000 	 19.802 	 153.435
FD11156	220.125 	 19.418 	 152.819
FD11156	220.250 	 19.767 	 154.654
FD11156	220.375 	 19.417 	 152.818
FD11156	220.500 	 19.802 	 153.435
FD11156	220.625 	 19.418 	 152.819
FD11156	220.750 	 19.767 	 154.654
FD11156	220.875 	 19.802 	 153.435
FD11156	221.000 	 19.415 	 152.819
FD11156	221.125 	 19.802 	 153.435
FD11156	221.250 	 19.374 	 154.057
FD11156	221.375 	 19.802 	 153.435
FD11156	221.500 	 19.418 	 152.819
FD11156	221.625 	 19.802 	 153.435
FD11156	221.750 	 19.374 	 154.056
FD11156	221.875 	 19.802 	 153.435
FD11156	222.000 	 19.799 	 153.435
FD11156	222.125 	 19.417 	 152.820
FD11156	222.250 	 19.956 	 153.435
FD11156	222.375 	 19.224 	 154.057
FD11156	222.500 	 19.801 	 153.434
FD11156	222.625 	 19.570 	 152.819
FD11156	222.750 	 19.802 	 153.435
FD11156	222.875 	 19.224 	 154.059
FD11156	223.000 	 19.802 	 153.435
FD11156	223.125 	 19.569 	 152.818
FD11156	223.250 	 19.802 	 153.435
FD11156	223.375 	 19.611 	 154.654
FD11156	223.500 	 19.418 	 152.819
FD11156	223.625 	 19.956 	 153.435
FD11156	223.750 	 19.417 	 152.818
FD11156	223.875 	 19.613 	 154.654
FD11156	224.000 	 19.418 	 152.819
FD11156	224.125 	 19.956 	 153.435
FD11156	224.250 	 19.418 	 152.819
FD11156	224.375 	 19.611 	 154.653
FD11156	224.500 	 19.417 	 152.818
FD11156	224.625 	 19.956 	 153.436
FD11156	224.750 	 19.802 	 153.435
FD11156	224.875 	 19.418 	 152.819
FD11156	225.000 	 19.614 	 154.653
FD11156	225.125 	 19.569 	 152.818
FD11156	225.250 	 19.802 	 153.435
FD11156	225.375 	 19.415 	 152.819
FD11156	225.500 	 19.769 	 154.654
FD11156	225.625 	 19.418 	 152.819
FD11156	225.750 	 19.799 	 153.435
FD11156	225.875 	 19.802 	 153.435
FD11156	226.000 	 19.374 	 154.057
FD11156	226.125 	 19.802 	 153.435
FD11156	226.250 	 19.418 	 152.819
FD11156	226.375 	 19.802 	 153.435
FD11156	226.500 	 19.374 	 154.057
FD11156	226.625 	 19.802 	 153.435
FD11156	226.750 	 19.415 	 152.819
FD11156	226.875 	 19.802 	 153.435
FD11156	227.000 	 19.375 	 154.057
FD11156	227.125 	 20.002 	 155.225
FD11156	227.250 	 20.158 	 155.225
FD11156	227.375 	 19.827 	 156.447
FD11156	227.500 	 20.159 	 155.226
FD11156	227.625 	 19.827 	 156.447
FD11156	227.750 	 19.769 	 154.653
FD11156	227.875 	 20.000 	 155.225
FD11156	228.000 	 19.984 	 156.447
FD11156	228.125 	 20.000 	 155.225
FD11156	228.250 	 19.985 	 156.448
FD11156	228.375 	 20.000 	 155.225
FD11156	228.500 	 20.161 	 155.224
FD11156	228.625 	 19.431 	 155.899
FD11156	228.750 	 20.161 	 155.224
FD11156	228.875 	 19.825 	 156.447
FD11156	229.000 	 20.162 	 155.226
FD11156	229.125 	 20.000 	 155.225
FD11156	229.250 	 19.984 	 156.447
FD11156	229.375 	 20.002 	 155.225
FD11156	229.500 	 19.585 	 155.898
FD11156	229.625 	 20.003 	 155.225
FD11156	229.750 	 19.982 	 156.448
FD11156	229.875 	 20.003 	 155.224
FD11156	230.000 	 20.158 	 155.225
FD11156	230.125 	 19.828 	 156.448
FD11156	230.250 	 20.158 	 155.225
FD11156	230.375 	 19.433 	 155.898
FD11156	230.500 	 20.158 	 155.225
FD11156	230.625 	 20.003 	 155.224
FD11156	230.750 	 19.982 	 156.447
FD11156	230.875 	 20.003 	 155.226
FD11156	231.000 	 19.982 	 156.447
FD11156	231.125 	 20.002 	 155.225
FD11156	231.250 	 19.585 	 155.898
FD11156	231.375 	 20.002 	 155.225
FD11156	231.500 	 20.159 	 155.224
FD11156	231.625 	 19.828 	 156.448
FD11156	231.750 	 20.158 	 155.225
FD11156	231.875 	 19.827 	 156.447
FD11156	232.000 	 20.158 	 155.225
FD11156	232.125 	 19.613 	 154.654
FD11156	232.250 	 19.982 	 156.448
FD11156	232.375 	 20.003 	 155.224
FD11156	232.500 	 19.982 	 156.448
FD11156	232.625 	 20.003 	 155.224
FD11156	232.750 	 19.982 	 156.448
FD11156	232.875 	 20.002 	 155.225
FD11156	233.000 	 19.767 	 154.654
FD11156	233.125 	 19.827 	 156.447
FD11156	233.250 	 20.158 	 155.225
FD11156	233.375 	 19.827 	 156.447
FD11156	233.500 	 20.159 	 155.225
FD11156	233.625 	 20.002 	 155.225
FD11156	233.750 	 19.982 	 156.447
FD11156	233.875 	 19.613 	 154.654
FD11156	234.000 	 19.984 	 156.447
FD11156	234.125 	 20.000 	 155.225
FD11156	234.250 	 19.985 	 156.448
FD11156	234.375 	 20.000 	 155.225
FD11156	234.500 	 20.161 	 155.224
FD11156	234.625 	 19.825 	 156.447
FD11156	234.750 	 19.769 	 154.654
FD11156	234.875 	 19.825 	 156.448
FD11156	235.000 	 20.161 	 155.225
FD11156	235.125 	 20.000 	 155.225
FD11156	235.250 	 19.984 	 156.447
FD11156	235.375 	 20.001 	 155.225
FD11156	235.500 	 19.984 	 156.448
FD11156	235.625 	 19.614 	 154.653
FD11156	235.750 	 20.158 	 155.225
FD11156	235.875 	 19.827 	 156.447
FD11156	236.000 	 20.158 	 155.225
FD11156	236.125 	 19.828 	 156.448
FD11156	236.250 	 20.158 	 155.225
FD11156	236.375 	 19.827 	 156.447
FD11156	236.500 	 19.767 	 154.653
FD11156	236.625 	 20.392 	 155.773
FD11156	236.750 	 20.550 	 155.772
FD11156	236.875 	 20.378 	 156.975
FD11156	237.000 	 20.553 	 155.771
FD11156	237.125 	 20.551 	 155.773
FD11156	237.250 	 20.550 	 155.772
FD11156	237.375 	 20.551 	 155.772
FD11156	237.500 	 20.552 	 155.772
FD11156	237.625 	 20.551 	 155.773
FD11156	237.750 	 20.550 	 155.771
FD11156	237.875 	 20.553 	 155.773
FD11156	238.000 	 20.378 	 156.974
FD11156	238.125 	 20.551 	 155.773
FD11156	238.250 	 20.550 	 155.771
FD11156	238.375 	 20.392 	 155.773
FD11156	238.500 	 20.550 	 155.772
FD11156	238.625 	 20.553 	 155.772
FD11156	238.750 	 20.550 	 155.772
FD11156	238.875 	 20.551 	 155.773
FD11156	239.000 	 20.553 	 155.771
FD11156	239.125 	 20.551 	 155.773
FD11156	239.250 	 20.378 	 156.974
FD11156	239.375 	 20.551 	 155.773
FD11156	239.500 	 20.161 	 155.224
FD11156	239.625 	 20.551 	 155.773
FD11156	239.750 	 20.550 	 155.772
FD11156	239.875 	 20.553 	 155.772
FD11156	240.000 	 20.550 	 155.772
FD11156	240.125 	 20.392 	 155.772
FD11156	240.250 	 20.550 	 155.772
FD11156	240.375 	 20.378 	 156.975
FD11156	240.500 	 20.552 	 155.772
FD11156	240.625 	 20.551 	 155.773
FD11156	240.750 	 20.550 	 155.771
FD11156	240.875 	 20.551 	 155.773
FD11156	241.000 	 20.553 	 155.771
FD11156	241.125 	 20.551 	 155.773
FD11156	241.250 	 20.551 	 155.773
FD11156	241.375 	 20.553 	 155.771
FD11156	241.500 	 20.378 	 156.976
FD11156	241.625 	 20.550 	 155.771
FD11156	241.750 	 20.551 	 155.773
FD11156	241.875 	 20.553 	 155.771
FD11156	242.000 	 20.390 	 155.773
FD11156	242.125 	 20.552 	 155.772
FD11156	242.250 	 20.551 	 155.772
FD11156	242.375 	 20.550 	 155.772
FD11156	242.500 	 20.553 	 155.773
FD11156	242.625 	 20.378 	 156.974
FD11156	242.750 	 20.551 	 155.772
FD11156	242.875 	 20.550 	 155.772
FD11156	243.000 	 20.553 	 155.773
FD11156	243.125 	 20.550 	 155.771
FD11156	243.250 	 20.551 	 155.773
FD11156	243.375 	 20.552 	 155.772
FD11156	243.500 	 20.551 	 155.772
FD11156	243.625 	 20.550 	 155.772
FD11156	243.750 	 20.551 	 155.772
FD11156	243.875 	 20.220 	 156.975
FD11156	244.000 	 20.553 	 155.772
FD11156	244.125 	 20.550 	 155.772
FD11156	244.250 	 20.551 	 155.773
FD11156	244.375 	 20.551 	 155.772
FD11156	244.500 	 20.552 	 155.772
FD11156	244.625 	 20.551 	 155.772
FD11156	244.750 	 20.551 	 155.773
FD11156	244.875 	 20.552 	 155.771
FD11156	245.000 	 20.378 	 156.975
FD11156	245.125 	 20.551 	 155.773
FD11156	245.250 	 20.551 	 155.772
FD11156	245.375 	 20.552 	 155.771
FD11156	245.500 	 20.551 	 155.772
FD11156	245.625 	 20.392 	 155.773
FD11156	245.750 	 20.551 	 155.773
FD11156	245.875 	 20.549 	 155.770
FD11156	246.000 	 20.553 	 155.773
FD11156	246.125 	 20.378 	 156.975
FD11156	246.250 	 21.117 	 155.136
FD11156	246.375 	 21.108 	 156.298
FD11156	246.500 	 20.549 	 155.771
FD11156	246.625 	 20.944 	 156.297
FD11156	246.750 	 20.942 	 156.298
FD11156	246.875 	 21.284 	 155.136
FD11156	247.000 	 20.942 	 156.297
FD11156	247.125 	 21.117 	 155.138
FD11156	247.250 	 21.108 	 156.297
FD11156	247.375 	 21.117 	 155.136
FD11156	247.500 	 21.108 	 156.298
FD11156	247.625 	 21.117 	 155.136
FD11156	247.750 	 21.501 	 156.802
FD11156	247.875 	 20.944 	 156.297
FD11156	248.000 	 21.116 	 155.134
FD11156	248.125 	 21.108 	 156.298
FD11156	248.250 	 21.117 	 155.136
FD11156	248.375 	 21.108 	 156.298
FD11156	248.500 	 21.117 	 155.136
FD11156	248.625 	 20.942 	 156.297
FD11156	248.750 	 21.284 	 155.136
FD11156	248.875 	 21.332 	 156.802
FD11156	249.000 	 21.108 	 156.298
FD11156	249.125 	 21.120 	 155.136
FD11156	249.250 	 20.942 	 156.297
FD11156	249.375 	 21.284 	 155.136
FD11156	249.500 	 20.940 	 156.296
FD11156	249.625 	 21.284 	 155.136
FD11156	249.750 	 20.942 	 156.298
FD11156	249.875 	 21.117 	 155.136
FD11156	250.000 	 21.501 	 156.801
FD11156	250.125 	 21.120 	 155.136
FD11156	250.250 	 21.105 	 156.298
FD11156	250.375 	 20.944 	 156.298
FD11156	250.500 	 21.117 	 155.136
FD11156	250.625 	 21.108 	 156.297
FD11156	250.750 	 21.117 	 155.136
FD11156	250.875 	 21.108 	 156.298
FD11156	251.000 	 21.116 	 155.134
FD11156	251.125 	 21.332 	 156.802
FD11156	251.250 	 21.284 	 155.136
FD11156	251.375 	 20.944 	 156.297
FD11156	251.500 	 21.105 	 156.298
FD11156	251.625 	 21.120 	 155.136
FD11156	251.750 	 20.942 	 156.298
FD11156	251.875 	 21.284 	 155.136
FD11156	252.000 	 20.942 	 156.297
FD11156	252.125 	 21.284 	 155.136
FD11156	252.250 	 21.332 	 156.802
FD11156	252.375 	 21.117 	 155.136
FD11156	252.500 	 21.108 	 156.298
FD11156	252.625 	 20.943 	 156.295
FD11156	252.750 	 21.282 	 155.136
FD11156	252.875 	 20.944 	 156.298
FD11156	253.000 	 21.284 	 155.136
FD11156	253.125 	 20.942 	 156.298
FD11156	253.250 	 21.117 	 155.136
FD11156	253.375 	 21.501 	 156.801
FD11156	253.500 	 21.117 	 155.138
FD11156	253.625 	 21.108 	 156.297
FD11156	253.750 	 20.942 	 156.298
FD11156	253.875 	 21.120 	 155.136
FD11156	254.000 	 21.105 	 156.297
FD11156	254.125 	 21.118 	 155.135
FD11156	254.250 	 21.108 	 156.297
FD11156	254.375 	 21.504 	 155.659
FD11156	254.500 	 20.942 	 156.298
FD11156	254.625 	 21.284 	 155.136
FD11156	254.750 	 20.942 	 156.298
FD11156	254.875 	 21.108 	 156.297
FD11156	255.000 	 21.117 	 155.136
FD11156	255.125 	 20.944 	 156.298
FD11156	255.250 	 21.282 	 155.136
FD11156	255.375 	 20.944 	 156.298
FD11156	255.500 	 21.673 	 155.659
FD11156	255.625 	 20.942 	 156.297
FD11156	255.750 	 21.284 	 155.136
FD11156	255.875 	 22.059 	 156.161
FD11156	256.000 	 21.506 	 155.659
FD11156	256.125 	 21.673 	 155.659
FD11156	256.250 	 21.670 	 155.659
FD11156	256.375 	 21.673 	 155.660
FD11156	256.500 	 21.673 	 155.658
FD11156	256.625 	 21.673 	 155.660
FD11156	256.750 	 21.673 	 155.658
FD11156	256.875 	 21.503 	 155.660
FD11156	257.000 	 21.673 	 155.658
FD11156	257.125 	 22.061 	 156.162
FD11156	257.250 	 21.671 	 155.658
FD11156	257.375 	 21.673 	 155.660
FD11156	257.500 	 21.673 	 155.660
FD11156	257.625 	 21.505 	 155.660
FD11156	257.750 	 21.673 	 155.660
FD11156	257.875 	 21.673 	 155.658
FD11156	258.000 	 21.673 	 155.660
FD11156	258.125 	 21.673 	 155.658
FD11156	258.250 	 21.673 	 155.660
FD11156	258.375 	 22.059 	 156.160
FD11156	258.500 	 21.506 	 155.660
FD11156	258.625 	 21.671 	 155.658
FD11156	258.750 	 21.673 	 155.660
FD11156	258.875 	 21.673 	 155.658
FD11156	259.000 	 21.673 	 155.660
FD11156	259.125 	 21.673 	 155.658
FD11156	259.250 	 21.503 	 155.660
FD11156	259.375 	 21.673 	 155.658
FD11156	259.500 	 22.062 	 156.164
FD11156	259.625 	 21.673 	 155.660
FD11156	259.750 	 21.671 	 155.658
FD11156	259.875 	 21.673 	 155.660
FD11156	260.000 	 21.673 	 155.658
FD11156	260.125 	 21.503 	 155.660
FD11156	260.250 	 21.673 	 155.658
FD11156	260.375 	 21.673 	 155.660
FD11156	260.500 	 21.673 	 155.658
FD11156	260.625 	 21.673 	 155.660
FD11156	260.750 	 22.059 	 156.160
FD11156	260.875 	 21.506 	 155.660
FD11156	261.000 	 21.673 	 155.658
FD11156	261.125 	 21.670 	 155.660
FD11156	261.250 	 21.673 	 155.658
FD11156	261.375 	 21.673 	 155.660
FD11156	261.500 	 21.673 	 155.658
FD11156	261.625 	 21.673 	 155.660
FD11156	261.750 	 21.505 	 155.660
FD11156	261.875 	 21.673 	 155.660
FD11156	262.000 	 22.061 	 156.162
FD11156	262.125 	 21.671 	 155.658
FD11156	262.250 	 21.673 	 155.660
FD11156	262.375 	 21.673 	 155.658
FD11156	262.500 	 21.503 	 155.660
FD11156	262.625 	 21.673 	 155.658
FD11156	262.750 	 21.673 	 155.660
FD11156	262.875 	 21.673 	 155.658
FD11156	263.000 	 21.673 	 155.660
FD11156	263.125 	 21.673 	 155.658
FD11156	263.250 	 22.061 	 156.162
FD11156	263.375 	 21.332 	 156.802
FD11156	263.500 	 21.673 	 155.658
FD11156	263.625 	 21.674 	 155.662
FD11156	263.750 	 21.673 	 155.658
FD11156	263.875 	 21.668 	 155.660
FD11156	264.000 	 21.673 	 155.658
FD11156	264.125 	 21.503 	 155.660
FD11156	264.250 	 21.673 	 155.658
FD11156	264.375 	 22.061 	 156.162
FD11156	264.500 	 21.673 	 155.658
FD11156	264.625 	 21.673 	 155.660
FD11156	264.750 	 21.673 	 155.658
FD11156	264.875 	 21.673 	 155.660
FD11156	265.000 	 21.503 	 155.660
FD11156	265.125 	 21.673 	 155.658
FD11156	265.250 	 21.673 	 155.660
FD11156	265.375 	 22.238 	 155.057
FD11156	265.500 	 22.061 	 156.160
FD11156	265.625 	 22.230 	 156.162
FD11156	265.750 	 21.852 	 154.536
FD11156	265.875 	 22.061 	 156.162
FD11156	266.000 	 22.236 	 155.055
FD11156	266.125 	 22.063 	 156.162
FD11156	266.250 	 22.411 	 155.057
FD11156	266.375 	 22.061 	 156.160
FD11156	266.500 	 22.061 	 156.162
FD11156	266.625 	 22.231 	 155.055
FD11156	266.750 	 22.061 	 156.160
FD11156	266.875 	 22.027 	 154.540
FD11156	267.000 	 22.061 	 156.160
FD11156	267.125 	 22.236 	 155.055
FD11156	267.250 	 22.061 	 156.162
FD11156	267.375 	 22.061 	 156.162
FD11156	267.500 	 22.406 	 155.055
FD11156	267.625 	 22.063 	 156.162
FD11156	267.750 	 22.236 	 155.057
FD11156	267.875 	 21.673 	 155.658
FD11156	268.000 	 22.236 	 155.055
FD11156	268.125 	 22.235 	 156.162
FD11156	268.250 	 22.061 	 156.160
FD11156	268.375 	 22.237 	 155.059
FD11156	268.500 	 22.056 	 156.160
FD11156	268.625 	 22.236 	 155.055
FD11156	268.750 	 22.235 	 156.162
FD11156	268.875 	 22.236 	 155.055
FD11156	269.000 	 21.673 	 155.660
FD11156	269.125 	 22.063 	 156.162
FD11156	269.250 	 22.236 	 155.055
FD11156	269.375 	 22.230 	 156.162
FD11156	269.500 	 22.236 	 155.055
FD11156	269.625 	 22.061 	 156.162
FD11156	269.750 	 22.238 	 155.057
FD11156	269.875 	 22.061 	 156.160
FD11156	270.000 	 21.845 	 155.660
FD11156	270.125 	 22.236 	 155.055
FD11156	270.250 	 22.061 	 156.162
FD11156	270.375 	 22.231 	 155.055
FD11156	270.500 	 22.237 	 156.164
FD11156	270.625 	 22.236 	 155.055
FD11156	270.750 	 22.449 	 156.643
FD11156	270.875 	 22.411 	 155.057
FD11156	271.000 	 22.238 	 155.057
FD11156	271.125 	 22.620 	 156.643
FD11156	271.250 	 22.236 	 155.057
FD11156	271.375 	 22.619 	 155.555
FD11156	271.500 	 22.237 	 156.162
FD11156	271.625 	 22.236 	 155.057
FD11156	271.750 	 22.792 	 155.555
FD11156	271.875 	 22.061 	 156.160
FD11156	272.000 	 22.413 	 155.059
FD11156	272.125 	 22.619 	 155.555
FD11156	272.250 	 22.061 	 156.160
FD11156	272.375 	 22.406 	 155.057
FD11156	272.500 	 22.621 	 155.557
FD11156	272.625 	 22.236 	 156.160
FD11156	272.750 	 22.619 	 155.557
FD11156	272.875 	 22.412 	 155.055
FD11156	273.000 	 22.063 	 156.162
FD11156	273.125 	 22.614 	 155.557
FD11156	273.250 	 22.412 	 155.055
FD11156	273.375 	 22.061 	 156.160
FD11156	273.500 	 22.798 	 155.559
FD11156	273.625 	 22.236 	 155.055
FD11156	273.750 	 22.406 	 155.055
FD11156	273.875 	 22.448 	 156.645
FD11156	274.000 	 22.236 	 155.055
FD11156	274.125 	 22.413 	 155.057
FD11156	274.250 	 22.448 	 156.645
FD11156	274.375 	 22.406 	 155.055
FD11156	274.500 	 22.621 	 155.557
FD11156	274.625 	 22.061 	 156.162
FD11156	274.750 	 22.412 	 155.055
FD11156	274.875 	 22.619 	 155.555
FD11156	275.000 	 22.230 	 156.162
FD11156	275.125 	 22.238 	 155.057
FD11156	275.250 	 22.797 	 155.555
FD11156	275.375 	 22.061 	 156.162
FD11156	275.500 	 22.236 	 155.055
FD11156	275.625 	 22.799 	 155.557
FD11156	275.750 	 22.061 	 156.162
FD11156	275.875 	 22.792 	 155.555
FD11156	276.000 	 22.236 	 155.055
FD11156	276.125 	 22.237 	 156.164
FD11156	276.250 	 22.619 	 155.555
FD11156	276.375 	 22.236 	 155.055
FD11156	276.500 	 22.230 	 156.162
FD11156	276.625 	 22.621 	 155.557
FD11156	276.750 	 22.412 	 155.055
FD11156	276.875 	 22.061 	 156.162
FD11156	277.000 	 22.619 	 155.555
FD11156	277.125 	 22.408 	 155.057
FD11156	277.250 	 22.448 	 156.645
FD11156	277.375 	 22.412 	 155.055
FD11156	277.500 	 22.236 	 155.055
FD11156	277.625 	 22.627 	 156.647
FD11156	277.750 	 22.231 	 155.055
FD11156	277.875 	 22.236 	 155.055
FD11156	278.000 	 22.625 	 156.645
FD11156	278.125 	 22.238 	 155.057
FD11156	278.250 	 22.412 	 155.055
FD11156	278.375 	 22.448 	 156.645
FD11156	278.500 	 22.406 	 155.055
FD11156	278.625 	 22.236 	 155.055
FD11156	278.750 	 22.450 	 156.647
FD11156	278.875 	 22.412 	 155.055
FD11156	279.000 	 22.619 	 155.555
FD11156	279.125 	 22.232 	 156.164
FD11156	279.250 	 22.236 	 155.055
FD11156	279.375 	 22.797 	 155.555
FD11156	279.500 	 22.061 	 156.162
FD11156	279.625 	 22.236 	 155.055
FD11156	279.750 	 22.793 	 155.557
FD11156	279.875 	 22.061 	 156.162
FD11156	280.000 	 22.412 	 155.055
FD11156	280.125 	 22.619 	 155.555
FD11156	280.250 	 22.237 	 156.164
FD11156	280.375 	 22.619 	 155.555
FD11156	280.500 	 22.231 	 155.055
FD11156	280.625 	 22.235 	 156.162
FD11156	280.750 	 22.621 	 155.557
FD11156	280.875 	 22.412 	 155.055
FD11156	281.000 	 22.061 	 156.162
FD11156	281.125 	 22.619 	 155.555
FD11156	281.250 	 22.408 	 155.057
FD11156	281.375 	 22.061 	 156.162
FD11156	281.500 	 22.797 	 155.555
FD11156	281.625 	 22.236 	 155.055
FD11156	281.750 	 22.621 	 156.647
FD11156	281.875 	 22.236 	 155.055
FD11156	282.000 	 22.236 	 155.055
FD11156	282.125 	 22.625 	 156.645
FD11156	282.250 	 22.238 	 155.057
FD11156	282.375 	 22.412 	 155.055
FD11156	282.500 	 22.443 	 156.645
FD11156	282.625 	 22.412 	 155.055
FD11156	282.750 	 22.238 	 155.057
FD11156	282.875 	 22.448 	 156.645
FD11156	283.000 	 22.412 	 155.055
FD11156	283.125 	 22.236 	 155.055
FD11156	283.250 	 22.621 	 156.647
FD11156	283.375 	 22.236 	 155.055
FD11156	283.500 	 22.797 	 155.555
FD11156	283.625 	 22.061 	 156.162
FD11156	283.750 	 22.236 	 155.055
FD11156	283.875 	 22.793 	 155.557
FD11156	284.000 	 22.061 	 156.162
FD11156	284.125 	 22.412 	 155.055
FD11156	284.250 	 22.621 	 155.557
FD11156	284.375 	 22.061 	 156.162
FD11156	284.500 	 22.406 	 155.055
FD11156	284.625 	 22.619 	 155.555
FD11156	284.750 	 22.235 	 156.162
FD11156	284.875 	 22.621 	 155.557
FD11156	285.000 	 22.412 	 155.055
FD11156	285.125 	 0.000 	 90.000
FD11156	285.250 	 0.000 	 90.000
FD11156	285.375 	 0.000 	 90.000
FD11156	285.500 	 0.000 	 90.000
FD11156	285.625 	 0.000 	 90.000
FD11156	285.750 	 0.000 	 90.000
FD11156	285.875 	 0.000 	 90.000
FD11156	286.000 	 0.000 	 90.000
FD11156	286.125 	 0.000 	 90.000
FD11156	286.250 	 0.000 	 90.000
FD11156	286.375 	 0.000 	 90.000
FD11156	286.500 	 0.000 	 90.000
FD11156	286.625 	 0.000 	 90.000
FD11156	286.750 	 0.000 	 90.000
FD11156	286.875 	 0.000 	 90.000
FD11156	287.000 	 0.000 	 90.000
FD11156	287.125 	 0.000 	 90.000
FD11156	287.250 	 0.000 	 90.000
FD11156	287.375 	 0.000 	 90.000
FD11156	287.500 	 0.000 	 90.000
FD11156	287.625 	 0.000 	 90.000
FD11156	287.750 	 0.000 	 90.000
FD11156	287.875 	 0.000 	 90.000
FD11156	288.000 	 0.000 	 90.000
FD11156	288.125 	 0.000 	 90.000
FD11156	288.250 	 0.000 	 90.000
FD11156	288.375 	 0.000 	 90.000
FD11156	288.500 	 0.000 	 90.000
FD11156	288.625 	 0.000 	 90.000
FD11156	288.750 	 0.000 	 90.000
FD11156	288.875 	 0.000 	 90.000
FD11156	289.000 	 0.000 	 90.000
FD11156	289.125 	 0.000 	 90.000
FD11156	289.250 	 0.000 	 90.000
FD11156	289.375 	 0.000 	 90.000
FD11156	289.500 	 0.000 	 90.000
FD11156	289.625 	 0.000 	 90.000
FD11156	289.750 	 0.000 	 90.000
FD11156	289.875 	 0.000 	 90.000
FD11156	290.000 	 0.000 	 90.000
FD11156	290.125 	 0.000 	 90.000
FD11156	290.250 	 0.000 	 90.000
FD11156	290.375 	 0.000 	 90.000
FD11156	290.500 	 0.000 	 90.000
FD11156	290.625 	 0.000 	 90.000
FD11156	290.750 	 0.000 	 90.000
FD11156	290.875 	 0.000 	 90.000
FD11156	291.000 	 0.000 	 90.000
FD11156	291.125 	 0.000 	 90.000
FD11156	291.250 	 0.000 	 90.000
FD11156	291.375 	 0.000 	 90.000
FD11156	291.500 	 0.000 	 90.000
FD11156	291.625 	 0.000 	 90.000
FD11156	291.750 	 0.000 	 90.000
FD11156	291.875 	 0.000 	 90.000
FD11156	292.000 	 0.000 	 90.000
FD11156	292.125 	 0.000 	 90.000
FD11156	292.250 	 0.000 	 90.000
FD11156	292.375 	 0.000 	 90.000
FD11156	292.500 	 0.000 	 90.000
FD11156	292.625 	 0.000 	 90.000
FD11156	292.750 	 0.000 	 90.000
FD11156	292.875 	 0.000 	 90.000
FD11156	293.000 	 0.000 	 90.000
FD11156	293.125 	 0.000 	 90.000
FD11156	293.250 	 0.000 	 90.000
FD11156	293.375 	 0.000 	 90.000
FD11156	293.500 	 0.000 	 90.000
FD11156	293.625 	 0.000 	 90.000
FD11156	293.750 	 0.000 	 90.000
FD11156	293.875 	 0.000 	 90.000
FD11156	294.000 	 0.000 	 90.000
FD11156	294.125 	 0.000 	 90.000
FD11156	294.250 	 0.000 	 90.000
FD11156	294.375 	 0.000 	 90.000
FD11156	294.500 	 0.000 	 90.000
FD11156	294.625 	 0.000 	 90.000
FD11156	294.750 	 0.000 	 90.000
FD11156	294.875 	 0.000 	 90.000
FD11156	295.000 	 0.000 	 90.000
FD11156	295.125 	 0.000 	 90.000
FD11156	295.250 	 0.000 	 90.000
FD11156	295.375 	 0.000 	 90.000
FD11156	295.500 	 0.000 	 90.000
FD11156	295.625 	 0.000 	 90.000
FD11156	295.750 	 0.000 	 90.000
FD11156	295.875 	 0.000 	 90.000
FD11156	296.000 	 0.000 	 90.000
