#WellName	 Depth.M	 INCL	 AZIM 
WellName	 Depth.M	 INCL	 AZIM 
FD11191	0.000 	 0.000 	 0.000
FD11191	0.125 	 0.000 	 90.000
FD11191	0.250 	 0.000 	 90.000
FD11191	0.375 	 0.000 	 90.000
FD11191	0.500 	 0.000 	 90.000
FD11191	0.625 	 0.000 	 90.000
FD11191	0.750 	 0.000 	 90.000
FD11191	0.875 	 0.000 	 90.000
FD11191	1.000 	 0.000 	 90.000
FD11191	1.125 	 0.000 	 90.000
FD11191	1.250 	 0.000 	 90.000
FD11191	1.375 	 0.000 	 90.000
FD11191	1.500 	 0.000 	 90.000
FD11191	1.625 	 0.000 	 90.000
FD11191	1.750 	 0.000 	 90.000
FD11191	1.875 	 0.000 	 90.000
FD11191	2.000 	 0.000 	 90.000
FD11191	2.125 	 0.000 	 90.000
FD11191	2.250 	 0.000 	 90.000
FD11191	2.375 	 0.000 	 90.000
FD11191	2.500 	 0.000 	 90.000
FD11191	2.625 	 0.000 	 90.000
FD11191	2.750 	 0.000 	 90.000
FD11191	2.875 	 0.000 	 90.000
FD11191	3.000 	 0.000 	 90.000
FD11191	3.125 	 0.000 	 90.000
FD11191	3.250 	 0.000 	 90.000
FD11191	3.375 	 0.000 	 90.000
FD11191	3.500 	 0.000 	 90.000
FD11191	3.625 	 0.000 	 90.000
FD11191	3.750 	 0.000 	 90.000
FD11191	3.875 	 0.000 	 90.000
FD11191	4.000 	 0.000 	 90.000
FD11191	4.125 	 0.000 	 90.000
FD11191	4.250 	 0.000 	 90.000
FD11191	4.375 	 0.000 	 90.000
FD11191	4.500 	 0.000 	 90.000
FD11191	4.625 	 0.000 	 90.000
FD11191	4.750 	 0.000 	 90.000
FD11191	4.875 	 0.000 	 90.000
FD11191	5.000 	 0.000 	 90.000
FD11191	5.125 	 0.000 	 90.000
FD11191	5.250 	 0.000 	 90.000
FD11191	5.375 	 0.000 	 90.000
FD11191	5.500 	 0.000 	 90.000
FD11191	5.625 	 0.000 	 90.000
FD11191	5.750 	 0.000 	 90.000
FD11191	5.875 	 0.000 	 90.000
FD11191	6.000 	 0.000 	 90.000
FD11191	6.125 	 0.000 	 90.000
FD11191	6.250 	 0.000 	 90.000
FD11191	6.375 	 0.000 	 90.000
FD11191	6.500 	 0.000 	 90.000
FD11191	6.625 	 0.000 	 90.000
FD11191	6.750 	 0.000 	 90.000
FD11191	6.875 	 0.000 	 90.000
FD11191	7.000 	 0.000 	 90.000
FD11191	7.125 	 0.000 	 90.000
FD11191	7.250 	 0.000 	 90.000
FD11191	7.375 	 0.000 	 90.000
FD11191	7.500 	 0.000 	 90.000
FD11191	7.625 	 0.000 	 90.000
FD11191	7.750 	 0.000 	 90.000
FD11191	7.875 	 0.000 	 90.000
FD11191	8.000 	 0.000 	 90.000
FD11191	8.125 	 0.000 	 90.000
FD11191	8.250 	 0.000 	 90.000
FD11191	8.375 	 0.000 	 90.000
FD11191	8.500 	 0.000 	 90.000
FD11191	8.625 	 0.000 	 90.000
FD11191	8.750 	 0.000 	 90.000
FD11191	8.875 	 0.000 	 90.000
FD11191	9.000 	 0.000 	 90.000
FD11191	9.125 	 0.000 	 90.000
FD11191	9.250 	 0.000 	 90.000
FD11191	9.375 	 0.000 	 90.000
FD11191	9.500 	 0.000 	 90.000
FD11191	9.625 	 0.000 	 90.000
FD11191	9.750 	 0.000 	 90.000
FD11191	9.875 	 0.000 	 90.000
FD11191	10.000 	 0.000 	 90.000
FD11191	10.125 	 0.000 	 90.000
FD11191	10.250 	 0.000 	 90.000
FD11191	10.375 	 0.000 	 90.000
FD11191	10.500 	 0.000 	 90.000
FD11191	10.625 	 0.000 	 90.000
FD11191	10.750 	 0.000 	 90.000
FD11191	10.875 	 0.000 	 90.000
FD11191	11.000 	 0.000 	 90.000
FD11191	11.125 	 0.000 	 90.000
FD11191	11.250 	 0.000 	 90.000
FD11191	11.375 	 0.000 	 90.000
FD11191	11.500 	 0.000 	 90.000
FD11191	11.625 	 0.000 	 90.000
FD11191	11.750 	 0.000 	 90.000
FD11191	11.875 	 0.000 	 90.000
FD11191	12.000 	 0.000 	 90.000
FD11191	12.125 	 0.000 	 90.000
FD11191	12.250 	 0.000 	 90.000
FD11191	12.375 	 0.000 	 90.000
FD11191	12.500 	 0.000 	 90.000
FD11191	12.625 	 0.000 	 90.000
FD11191	12.750 	 0.000 	 90.000
FD11191	12.875 	 0.000 	 90.000
FD11191	13.000 	 0.000 	 90.000
FD11191	13.125 	 0.000 	 90.000
FD11191	13.250 	 0.000 	 90.000
FD11191	13.375 	 0.000 	 90.000
FD11191	13.500 	 0.000 	 90.000
FD11191	13.625 	 0.000 	 90.000
FD11191	13.750 	 0.000 	 90.000
FD11191	13.875 	 0.000 	 90.000
FD11191	14.000 	 0.000 	 90.000
FD11191	14.125 	 0.000 	 90.000
FD11191	14.250 	 0.000 	 90.000
FD11191	14.375 	 0.000 	 90.000
FD11191	14.500 	 0.000 	 90.000
FD11191	14.625 	 0.000 	 90.000
FD11191	14.750 	 0.000 	 90.000
FD11191	14.875 	 0.000 	 90.000
FD11191	15.000 	 0.000 	 90.000
FD11191	15.125 	 0.000 	 90.000
FD11191	15.250 	 0.000 	 90.000
FD11191	15.375 	 0.000 	 90.000
FD11191	15.500 	 0.000 	 90.000
FD11191	15.625 	 0.000 	 90.000
FD11191	15.750 	 0.000 	 90.000
FD11191	15.875 	 0.000 	 90.000
FD11191	16.000 	 0.000 	 90.000
FD11191	16.125 	 0.000 	 90.000
FD11191	16.250 	 0.000 	 90.000
FD11191	16.375 	 0.000 	 90.000
FD11191	16.500 	 0.000 	 90.000
FD11191	16.625 	 0.000 	 90.000
FD11191	16.750 	 0.000 	 90.000
FD11191	16.875 	 0.000 	 90.000
FD11191	17.000 	 0.000 	 90.000
FD11191	17.125 	 0.000 	 90.000
FD11191	17.250 	 0.000 	 90.000
FD11191	17.375 	 0.000 	 90.000
FD11191	17.500 	 0.000 	 90.000
FD11191	17.625 	 0.000 	 90.000
FD11191	17.750 	 0.000 	 90.000
FD11191	17.875 	 0.000 	 90.000
FD11191	18.000 	 0.000 	 90.000
FD11191	18.125 	 0.000 	 90.000
FD11191	18.250 	 0.000 	 90.000
FD11191	18.375 	 0.000 	 90.000
FD11191	18.500 	 0.000 	 90.000
FD11191	18.625 	 0.000 	 90.000
FD11191	18.750 	 0.000 	 90.000
FD11191	18.875 	 0.000 	 90.000
FD11191	19.000 	 0.000 	 90.000
FD11191	19.125 	 0.000 	 90.000
FD11191	19.250 	 0.000 	 90.000
FD11191	19.375 	 0.000 	 90.000
FD11191	19.500 	 0.000 	 90.000
FD11191	19.625 	 0.000 	 90.000
FD11191	19.750 	 0.000 	 90.000
FD11191	19.875 	 0.000 	 90.000
FD11191	20.000 	 0.000 	 90.000
FD11191	20.125 	 0.000 	 90.000
FD11191	20.250 	 0.000 	 90.000
FD11191	20.375 	 0.000 	 90.000
FD11191	20.500 	 0.000 	 90.000
FD11191	20.625 	 0.000 	 90.000
FD11191	20.750 	 0.000 	 90.000
FD11191	20.875 	 0.000 	 90.000
FD11191	21.000 	 0.000 	 90.000
FD11191	21.125 	 0.000 	 90.000
FD11191	21.250 	 0.000 	 90.000
FD11191	21.375 	 0.000 	 90.000
FD11191	21.500 	 0.000 	 90.000
FD11191	21.625 	 0.000 	 90.000
FD11191	21.750 	 0.000 	 90.000
FD11191	21.875 	 0.000 	 90.000
FD11191	22.000 	 0.000 	 90.000
FD11191	22.125 	 0.000 	 90.000
FD11191	22.250 	 0.000 	 90.000
FD11191	22.375 	 0.000 	 90.000
FD11191	22.500 	 0.000 	 90.000
FD11191	22.625 	 0.000 	 90.000
FD11191	22.750 	 0.000 	 90.000
FD11191	22.875 	 0.000 	 90.000
FD11191	23.000 	 0.000 	 90.000
FD11191	23.125 	 0.000 	 90.000
FD11191	23.250 	 0.000 	 90.000
FD11191	23.375 	 0.000 	 90.000
FD11191	23.500 	 0.000 	 90.000
FD11191	23.625 	 0.000 	 90.000
FD11191	23.750 	 0.000 	 90.000
FD11191	23.875 	 0.000 	 90.000
FD11191	24.000 	 0.000 	 90.000
FD11191	24.125 	 0.000 	 90.000
FD11191	24.250 	 0.000 	 90.000
FD11191	24.375 	 0.000 	 90.000
FD11191	24.500 	 0.000 	 90.000
FD11191	24.625 	 0.000 	 90.000
FD11191	24.750 	 0.000 	 90.000
FD11191	24.875 	 0.000 	 90.000
FD11191	25.000 	 0.000 	 90.000
FD11191	25.125 	 0.000 	 90.000
FD11191	25.250 	 0.000 	 90.000
FD11191	25.375 	 0.000 	 90.000
FD11191	25.500 	 0.000 	 90.000
FD11191	25.625 	 0.000 	 90.000
FD11191	25.750 	 0.000 	 90.000
FD11191	25.875 	 0.000 	 90.000
FD11191	26.000 	 0.000 	 90.000
FD11191	26.125 	 0.000 	 90.000
FD11191	26.250 	 0.000 	 90.000
FD11191	26.375 	 0.000 	 90.000
FD11191	26.500 	 0.000 	 90.000
FD11191	26.625 	 0.000 	 90.000
FD11191	26.750 	 0.000 	 90.000
FD11191	26.875 	 0.000 	 90.000
FD11191	27.000 	 0.000 	 90.000
FD11191	27.125 	 0.000 	 90.000
FD11191	27.250 	 0.000 	 90.000
FD11191	27.375 	 0.000 	 90.000
FD11191	27.500 	 0.000 	 90.000
FD11191	27.625 	 0.000 	 90.000
FD11191	27.750 	 0.000 	 90.000
FD11191	27.875 	 0.000 	 90.000
FD11191	28.000 	 0.000 	 90.000
FD11191	28.125 	 0.000 	 90.000
FD11191	28.250 	 0.000 	 90.000
FD11191	28.375 	 0.000 	 90.000
FD11191	28.500 	 0.000 	 90.000
FD11191	28.625 	 0.000 	 90.000
FD11191	28.750 	 0.000 	 90.000
FD11191	28.875 	 0.000 	 90.000
FD11191	29.000 	 0.000 	 90.000
FD11191	29.125 	 0.000 	 90.000
FD11191	29.250 	 0.000 	 90.000
FD11191	29.375 	 0.000 	 90.000
FD11191	29.500 	 0.000 	 90.000
FD11191	29.625 	 0.000 	 90.000
FD11191	29.750 	 0.000 	 90.000
FD11191	29.875 	 0.000 	 90.000
FD11191	30.000 	 0.000 	 90.000
FD11191	30.125 	 0.000 	 90.000
FD11191	30.250 	 0.000 	 90.000
FD11191	30.375 	 0.000 	 90.000
FD11191	30.500 	 0.000 	 90.000
FD11191	30.625 	 0.000 	 90.000
FD11191	30.750 	 0.000 	 90.000
FD11191	30.875 	 0.000 	 90.000
FD11191	31.000 	 0.000 	 90.000
FD11191	31.125 	 0.000 	 90.000
FD11191	31.250 	 0.000 	 90.000
FD11191	31.375 	 0.000 	 90.000
FD11191	31.500 	 0.000 	 90.000
FD11191	31.625 	 0.000 	 90.000
FD11191	31.750 	 0.000 	 90.000
FD11191	31.875 	 0.000 	 90.000
FD11191	32.000 	 0.000 	 90.000
FD11191	32.125 	 0.000 	 90.000
FD11191	32.250 	 0.000 	 90.000
FD11191	32.375 	 0.000 	 90.000
FD11191	32.500 	 0.000 	 90.000
FD11191	32.625 	 0.000 	 90.000
FD11191	32.750 	 0.000 	 90.000
FD11191	32.875 	 0.000 	 90.000
FD11191	33.000 	 0.000 	 90.000
FD11191	33.125 	 0.000 	 90.000
FD11191	33.250 	 0.000 	 90.000
FD11191	33.375 	 0.000 	 90.000
FD11191	33.500 	 0.000 	 90.000
FD11191	33.625 	 0.000 	 90.000
FD11191	33.750 	 0.000 	 90.000
FD11191	33.875 	 0.000 	 90.000
FD11191	34.000 	 0.000 	 90.000
FD11191	34.125 	 0.000 	 90.000
FD11191	34.250 	 0.000 	 90.000
FD11191	34.375 	 0.000 	 90.000
FD11191	34.500 	 0.000 	 90.000
FD11191	34.625 	 0.000 	 90.000
FD11191	34.750 	 0.000 	 90.000
FD11191	34.875 	 0.000 	 90.000
FD11191	35.000 	 0.000 	 90.000
FD11191	35.125 	 0.000 	 90.000
FD11191	35.250 	 0.000 	 90.000
FD11191	35.375 	 0.000 	 90.000
FD11191	35.500 	 0.000 	 90.000
FD11191	35.625 	 0.000 	 90.000
FD11191	35.750 	 0.000 	 90.000
FD11191	35.875 	 0.000 	 90.000
FD11191	36.000 	 0.000 	 90.000
FD11191	36.125 	 0.000 	 90.000
FD11191	36.250 	 0.000 	 90.000
FD11191	36.375 	 0.000 	 90.000
FD11191	36.500 	 0.000 	 90.000
FD11191	36.625 	 0.000 	 90.000
FD11191	36.750 	 0.000 	 90.000
FD11191	36.875 	 0.000 	 90.000
FD11191	37.000 	 0.000 	 90.000
FD11191	37.125 	 0.000 	 90.000
FD11191	37.250 	 0.000 	 90.000
FD11191	37.375 	 0.000 	 90.000
FD11191	37.500 	 0.000 	 90.000
FD11191	37.625 	 0.000 	 90.000
FD11191	37.750 	 0.000 	 90.000
FD11191	37.875 	 0.000 	 90.000
FD11191	38.000 	 0.000 	 90.000
FD11191	38.125 	 0.000 	 90.000
FD11191	38.250 	 0.000 	 90.000
FD11191	38.375 	 0.000 	 90.000
FD11191	38.500 	 0.000 	 90.000
FD11191	38.625 	 0.000 	 90.000
FD11191	38.750 	 0.000 	 90.000
FD11191	38.875 	 0.000 	 90.000
FD11191	39.000 	 0.000 	 90.000
FD11191	39.125 	 0.000 	 90.000
FD11191	39.250 	 0.000 	 90.000
FD11191	39.375 	 0.000 	 90.000
FD11191	39.500 	 0.000 	 90.000
FD11191	39.625 	 0.000 	 90.000
FD11191	39.750 	 0.000 	 90.000
FD11191	39.875 	 0.000 	 90.000
FD11191	40.000 	 0.000 	 90.000
FD11191	40.125 	 0.000 	 90.000
FD11191	40.250 	 0.000 	 90.000
FD11191	40.375 	 0.000 	 90.000
FD11191	40.500 	 0.000 	 90.000
FD11191	40.625 	 0.000 	 90.000
FD11191	40.750 	 0.000 	 90.000
FD11191	40.875 	 0.000 	 90.000
FD11191	41.000 	 0.000 	 90.000
FD11191	41.125 	 0.000 	 90.000
FD11191	41.250 	 0.000 	 90.000
FD11191	41.375 	 0.000 	 90.000
FD11191	41.500 	 0.000 	 90.000
FD11191	41.625 	 0.000 	 90.000
FD11191	41.750 	 0.000 	 90.000
FD11191	41.875 	 0.000 	 90.000
FD11191	42.000 	 0.000 	 90.000
FD11191	42.125 	 0.000 	 90.000
FD11191	42.250 	 0.000 	 90.000
FD11191	42.375 	 0.000 	 90.000
FD11191	42.500 	 0.000 	 90.000
FD11191	42.625 	 0.000 	 90.000
FD11191	42.750 	 0.000 	 90.000
FD11191	42.875 	 0.000 	 90.000
FD11191	43.000 	 0.000 	 90.000
FD11191	43.125 	 0.000 	 90.000
FD11191	43.250 	 0.000 	 90.000
FD11191	43.375 	 0.000 	 90.000
FD11191	43.500 	 0.000 	 90.000
FD11191	43.625 	 0.000 	 90.000
FD11191	43.750 	 0.000 	 90.000
FD11191	43.875 	 0.000 	 90.000
FD11191	44.000 	 0.000 	 90.000
FD11191	44.125 	 0.000 	 90.000
FD11191	44.250 	 0.000 	 90.000
FD11191	44.375 	 0.000 	 90.000
FD11191	44.500 	 0.000 	 90.000
FD11191	44.625 	 0.000 	 90.000
FD11191	44.750 	 0.000 	 90.000
FD11191	44.875 	 0.000 	 90.000
FD11191	45.000 	 0.000 	 90.000
FD11191	45.125 	 0.487 	 150.017
FD11191	45.250 	 0.487 	 150.435
FD11191	45.375 	 0.488 	 149.592
FD11191	45.500 	 0.488 	 148.334
FD11191	45.625 	 0.488 	 147.576
FD11191	45.750 	 0.487 	 147.675
FD11191	45.875 	 0.486 	 148.267
FD11191	46.000 	 0.486 	 148.987
FD11191	46.125 	 0.486 	 149.668
FD11191	46.250 	 0.484 	 150.448
FD11191	46.375 	 0.484 	 151.550
FD11191	46.500 	 0.483 	 152.857
FD11191	46.625 	 0.483 	 154.027
FD11191	46.750 	 0.482 	 154.993
FD11191	46.875 	 0.482 	 156.048
FD11191	47.000 	 0.481 	 157.312
FD11191	47.125 	 0.480 	 158.685
FD11191	47.250 	 0.480 	 160.169
FD11191	47.375 	 0.480 	 161.748
FD11191	47.500 	 0.479 	 163.286
FD11191	47.625 	 0.479 	 164.491
FD11191	47.750 	 0.479 	 165.480
FD11191	47.875 	 0.479 	 166.134
FD11191	48.000 	 0.479 	 166.452
FD11191	48.125 	 0.479 	 166.812
FD11191	48.250 	 0.478 	 167.137
FD11191	48.375 	 0.478 	 167.584
FD11191	48.500 	 0.477 	 168.249
FD11191	48.625 	 0.475 	 169.007
FD11191	48.750 	 0.474 	 169.875
FD11191	48.875 	 0.471 	 170.531
FD11191	49.000 	 0.469 	 170.812
FD11191	49.125 	 0.466 	 171.108
FD11191	49.250 	 0.462 	 171.729
FD11191	49.375 	 0.457 	 172.460
FD11191	49.500 	 0.452 	 173.020
FD11191	49.625 	 0.447 	 173.536
FD11191	49.750 	 0.442 	 180.000
FD11191	49.875 	 0.437 	 180.000
FD11191	50.000 	 0.431 	 180.000
FD11191	50.125 	 0.427 	 180.000
FD11191	50.250 	 0.422 	 180.000
FD11191	50.375 	 0.419 	 180.000
FD11191	50.500 	 0.415 	 180.000
FD11191	50.625 	 0.412 	 180.000
FD11191	50.750 	 0.408 	 180.000
FD11191	50.875 	 0.406 	 180.000
FD11191	51.000 	 0.403 	 180.000
FD11191	51.125 	 0.402 	 180.000
FD11191	51.250 	 0.401 	 180.000
FD11191	51.375 	 0.399 	 180.000
FD11191	51.500 	 0.399 	 180.000
FD11191	51.625 	 0.399 	 180.000
FD11191	51.750 	 0.400 	 180.000
FD11191	51.875 	 0.400 	 180.000
FD11191	52.000 	 0.400 	 180.000
FD11191	52.125 	 0.401 	 180.000
FD11191	52.250 	 0.401 	 180.000
FD11191	52.375 	 0.402 	 180.000
FD11191	52.500 	 0.402 	 180.000
FD11191	52.625 	 0.403 	 186.720
FD11191	52.750 	 0.403 	 187.335
FD11191	52.875 	 0.404 	 187.837
FD11191	53.000 	 0.405 	 188.255
FD11191	53.125 	 0.405 	 188.810
FD11191	53.250 	 0.405 	 189.512
FD11191	53.375 	 0.406 	 190.233
FD11191	53.500 	 0.407 	 190.864
FD11191	53.625 	 0.407 	 191.505
FD11191	53.750 	 0.408 	 192.169
FD11191	53.875 	 0.408 	 192.723
FD11191	54.000 	 0.409 	 193.355
FD11191	54.125 	 0.409 	 194.122
FD11191	54.250 	 0.409 	 194.528
FD11191	54.375 	 0.410 	 194.831
FD11191	54.500 	 0.410 	 195.495
FD11191	54.625 	 0.411 	 196.228
FD11191	54.750 	 0.411 	 196.827
FD11191	54.875 	 0.413 	 197.409
FD11191	55.000 	 0.415 	 197.657
FD11191	55.125 	 0.416 	 197.407
FD11191	55.250 	 0.417 	 197.412
FD11191	55.375 	 0.418 	 197.788
FD11191	55.500 	 0.419 	 197.937
FD11191	55.625 	 0.420 	 197.885
FD11191	55.750 	 0.422 	 197.819
FD11191	55.875 	 0.423 	 197.737
FD11191	56.000 	 0.425 	 197.632
FD11191	56.125 	 0.425 	 197.498
FD11191	56.250 	 0.427 	 197.415
FD11191	56.375 	 0.428 	 197.318
FD11191	56.500 	 0.429 	 197.264
FD11191	56.625 	 0.431 	 197.288
FD11191	56.750 	 0.432 	 197.217
FD11191	56.875 	 0.432 	 197.096
FD11191	57.000 	 0.433 	 197.009
FD11191	57.125 	 0.435 	 196.822
FD11191	57.250 	 0.436 	 196.657
FD11191	57.375 	 0.438 	 196.830
FD11191	57.500 	 0.439 	 197.127
FD11191	57.625 	 0.441 	 197.241
FD11191	57.750 	 0.443 	 197.203
FD11191	57.875 	 0.445 	 197.140
FD11191	58.000 	 0.447 	 197.283
FD11191	58.125 	 0.449 	 197.486
FD11191	58.250 	 0.452 	 197.469
FD11191	58.375 	 0.454 	 197.327
FD11191	58.500 	 0.456 	 197.157
FD11191	58.625 	 0.459 	 197.206
FD11191	58.750 	 0.461 	 197.344
FD11191	58.875 	 0.463 	 197.410
FD11191	59.000 	 0.464 	 197.437
FD11191	59.125 	 0.466 	 197.395
FD11191	59.250 	 0.466 	 197.385
FD11191	59.375 	 0.467 	 197.376
FD11191	59.500 	 0.467 	 197.360
FD11191	59.625 	 0.467 	 197.346
FD11191	59.750 	 0.467 	 197.291
FD11191	59.875 	 0.466 	 197.412
FD11191	60.000 	 0.466 	 197.615
FD11191	60.125 	 0.464 	 197.574
FD11191	60.250 	 0.463 	 197.613
FD11191	60.375 	 0.461 	 197.722
FD11191	60.500 	 0.460 	 197.805
FD11191	60.625 	 0.458 	 197.928
FD11191	60.750 	 0.456 	 198.115
FD11191	60.875 	 0.454 	 198.225
FD11191	61.000 	 0.452 	 198.208
FD11191	61.125 	 0.450 	 198.414
FD11191	61.250 	 0.448 	 198.739
FD11191	61.375 	 0.446 	 198.959
FD11191	61.500 	 0.445 	 199.156
FD11191	61.625 	 0.443 	 199.453
FD11191	61.750 	 0.443 	 199.865
FD11191	61.875 	 0.441 	 200.258
FD11191	62.000 	 0.441 	 200.543
FD11191	62.125 	 0.440 	 200.851
FD11191	62.250 	 0.440 	 201.186
FD11191	62.375 	 0.439 	 201.595
FD11191	62.500 	 0.439 	 201.941
FD11191	62.625 	 0.439 	 202.106
FD11191	62.750 	 0.439 	 202.304
FD11191	62.875 	 0.439 	 202.438
FD11191	63.000 	 0.440 	 202.641
FD11191	63.125 	 0.440 	 202.941
FD11191	63.250 	 0.441 	 203.266
FD11191	63.375 	 0.441 	 203.642
FD11191	63.500 	 0.442 	 203.987
FD11191	63.625 	 0.443 	 204.485
FD11191	63.750 	 0.445 	 204.885
FD11191	63.875 	 0.445 	 205.172
FD11191	64.000 	 0.447 	 205.550
FD11191	64.125 	 0.448 	 205.981
FD11191	64.250 	 0.449 	 206.410
FD11191	64.375 	 0.450 	 206.819
FD11191	64.500 	 0.452 	 207.254
FD11191	64.625 	 0.454 	 207.671
FD11191	64.750 	 0.456 	 208.100
FD11191	64.875 	 0.457 	 208.409
FD11191	65.000 	 0.459 	 208.651
FD11191	65.125 	 0.461 	 209.050
FD11191	65.250 	 0.463 	 209.505
FD11191	65.375 	 0.465 	 209.942
FD11191	65.500 	 0.467 	 210.392
FD11191	65.625 	 0.469 	 210.819
FD11191	65.750 	 0.471 	 211.181
FD11191	65.875 	 0.473 	 211.582
FD11191	66.000 	 0.476 	 212.060
FD11191	66.125 	 0.478 	 212.395
FD11191	66.250 	 0.480 	 212.670
FD11191	66.375 	 0.484 	 213.040
FD11191	66.500 	 0.488 	 213.452
FD11191	66.625 	 0.491 	 213.927
FD11191	66.750 	 0.495 	 214.428
FD11191	66.875 	 0.499 	 214.894
FD11191	67.000 	 0.503 	 215.108
FD11191	67.125 	 0.507 	 215.380
FD11191	67.250 	 0.511 	 215.924
FD11191	67.375 	 0.516 	 216.452
FD11191	67.500 	 0.520 	 216.984
FD11191	67.625 	 0.525 	 217.498
FD11191	67.750 	 0.529 	 217.986
FD11191	67.875 	 0.533 	 218.459
FD11191	68.000 	 0.538 	 218.948
FD11191	68.125 	 0.542 	 219.445
FD11191	68.250 	 0.546 	 219.950
FD11191	68.375 	 0.550 	 220.420
FD11191	68.500 	 0.554 	 220.888
FD11191	68.625 	 0.558 	 221.396
FD11191	68.750 	 0.561 	 221.786
FD11191	68.875 	 0.564 	 222.156
FD11191	69.000 	 0.568 	 222.711
FD11191	69.125 	 0.570 	 223.221
FD11191	69.250 	 0.573 	 223.502
FD11191	69.375 	 0.576 	 223.886
FD11191	69.500 	 0.578 	 224.485
FD11191	69.625 	 0.581 	 225.073
FD11191	69.750 	 0.583 	 225.611
FD11191	69.875 	 0.585 	 226.186
FD11191	70.000 	 0.587 	 226.740
FD11191	70.125 	 0.589 	 227.254
FD11191	70.250 	 0.591 	 227.803
FD11191	70.375 	 0.593 	 228.413
FD11191	70.500 	 0.595 	 229.033
FD11191	70.625 	 0.596 	 229.578
FD11191	70.750 	 0.598 	 230.051
FD11191	70.875 	 0.599 	 230.525
FD11191	71.000 	 0.601 	 230.976
FD11191	71.125 	 0.603 	 231.373
FD11191	71.250 	 0.605 	 231.907
FD11191	71.375 	 0.607 	 232.483
FD11191	71.500 	 0.609 	 232.950
FD11191	71.625 	 0.610 	 233.516
FD11191	71.750 	 0.612 	 234.241
FD11191	71.875 	 0.615 	 234.780
FD11191	72.000 	 0.617 	 235.087
FD11191	72.125 	 0.619 	 235.532
FD11191	72.250 	 0.622 	 236.054
FD11191	72.375 	 0.625 	 236.466
FD11191	72.500 	 0.627 	 236.994
FD11191	72.625 	 0.631 	 237.688
FD11191	72.750 	 0.633 	 238.402
FD11191	72.875 	 0.637 	 239.056
FD11191	73.000 	 0.639 	 239.654
FD11191	73.125 	 0.643 	 240.207
FD11191	73.250 	 0.646 	 240.712
FD11191	73.375 	 0.650 	 241.319
FD11191	73.500 	 0.653 	 241.973
FD11191	73.625 	 0.656 	 242.643
FD11191	73.750 	 0.659 	 243.335
FD11191	73.875 	 0.662 	 243.936
FD11191	74.000 	 0.665 	 244.585
FD11191	74.125 	 0.668 	 245.247
FD11191	74.250 	 0.671 	 245.972
FD11191	74.375 	 0.674 	 246.721
FD11191	74.500 	 0.678 	 247.342
FD11191	74.625 	 0.680 	 247.961
FD11191	74.750 	 0.683 	 248.581
FD11191	74.875 	 0.685 	 249.268
FD11191	75.000 	 0.688 	 250.047
FD11191	75.125 	 0.691 	 250.814
FD11191	75.250 	 0.693 	 251.556
FD11191	75.375 	 0.696 	 252.355
FD11191	75.500 	 0.699 	 253.189
FD11191	75.625 	 0.702 	 253.995
FD11191	75.750 	 0.706 	 254.829
FD11191	75.875 	 0.710 	 255.654
FD11191	76.000 	 0.714 	 256.323
FD11191	76.125 	 0.718 	 256.961
FD11191	76.250 	 0.722 	 257.620
FD11191	76.375 	 0.728 	 258.321
FD11191	76.500 	 0.734 	 259.095
FD11191	76.625 	 0.739 	 259.908
FD11191	76.750 	 0.746 	 260.738
FD11191	76.875 	 0.753 	 261.528
FD11191	77.000 	 0.759 	 262.286
FD11191	77.125 	 0.767 	 263.058
FD11191	77.250 	 0.775 	 263.866
FD11191	77.375 	 0.783 	 264.676
FD11191	77.500 	 0.791 	 265.473
FD11191	77.625 	 0.799 	 266.249
FD11191	77.750 	 0.809 	 267.008
FD11191	77.875 	 0.817 	 267.766
FD11191	78.000 	 0.826 	 268.475
FD11191	78.125 	 0.835 	 269.016
FD11191	78.250 	 0.843 	 269.411
FD11191	78.375 	 0.852 	 269.914
FD11191	78.500 	 0.861 	 270.655
FD11191	78.625 	 0.869 	 271.397
FD11191	78.750 	 0.877 	 272.078
FD11191	78.875 	 0.885 	 272.735
FD11191	79.000 	 0.893 	 273.415
FD11191	79.125 	 0.902 	 273.981
FD11191	79.250 	 0.910 	 274.487
FD11191	79.375 	 0.920 	 275.083
FD11191	79.500 	 0.928 	 275.714
FD11191	79.625 	 0.938 	 276.352
FD11191	79.750 	 0.948 	 276.654
FD11191	79.875 	 0.958 	 276.810
FD11191	80.000 	 0.968 	 277.068
FD11191	80.125 	 0.978 	 277.250
FD11191	80.250 	 0.990 	 277.497
FD11191	80.375 	 1.001 	 277.917
FD11191	80.500 	 1.012 	 278.258
FD11191	80.625 	 1.024 	 278.661
FD11191	80.750 	 1.038 	 279.145
FD11191	80.875 	 1.051 	 279.617
FD11191	81.000 	 1.064 	 280.172
FD11191	81.125 	 1.078 	 280.678
FD11191	81.250 	 1.092 	 281.199
FD11191	81.375 	 1.107 	 281.655
FD11191	81.500 	 1.122 	 281.925
FD11191	81.625 	 1.137 	 282.315
FD11191	81.750 	 1.153 	 282.885
FD11191	81.875 	 1.169 	 283.322
FD11191	82.000 	 1.186 	 283.652
FD11191	82.125 	 1.204 	 284.034
FD11191	82.250 	 1.221 	 284.347
FD11191	82.375 	 1.239 	 284.712
FD11191	82.500 	 1.257 	 285.251
FD11191	82.625 	 1.275 	 285.717
FD11191	82.750 	 1.293 	 286.052
FD11191	82.875 	 1.311 	 286.259
FD11191	83.000 	 1.330 	 286.423
FD11191	83.125 	 1.348 	 286.769
FD11191	83.250 	 1.367 	 287.193
FD11191	83.375 	 1.385 	 287.594
FD11191	83.500 	 1.405 	 287.906
FD11191	83.625 	 1.425 	 288.176
FD11191	83.750 	 1.445 	 288.483
FD11191	83.875 	 1.464 	 288.670
FD11191	84.000 	 1.485 	 288.845
FD11191	84.125 	 1.506 	 289.038
FD11191	84.250 	 1.527 	 289.164
FD11191	84.375 	 1.549 	 289.357
FD11191	84.500 	 1.571 	 289.560
FD11191	84.625 	 1.594 	 289.631
FD11191	84.750 	 1.618 	 289.653
FD11191	84.875 	 1.643 	 289.719
FD11191	85.000 	 1.667 	 289.763
FD11191	85.125 	 1.693 	 289.884
FD11191	85.250 	 1.719 	 290.318
FD11191	85.375 	 1.745 	 290.653
FD11191	85.500 	 1.773 	 290.730
FD11191	85.625 	 1.799 	 290.722
FD11191	85.750 	 1.826 	 290.727
FD11191	85.875 	 1.853 	 290.845
FD11191	86.000 	 1.879 	 290.961
FD11191	86.125 	 1.905 	 291.040
FD11191	86.250 	 1.930 	 291.200
FD11191	86.375 	 1.956 	 291.463
FD11191	86.500 	 1.981 	 291.666
FD11191	86.625 	 2.005 	 291.813
FD11191	86.750 	 2.028 	 291.971
FD11191	86.875 	 2.052 	 292.026
FD11191	87.000 	 2.075 	 292.076
FD11191	87.125 	 2.096 	 292.145
FD11191	87.250 	 2.118 	 292.337
FD11191	87.375 	 2.139 	 292.392
FD11191	87.500 	 2.161 	 292.216
FD11191	87.625 	 2.183 	 292.271
FD11191	87.750 	 2.204 	 292.364
FD11191	87.875 	 2.227 	 292.408
FD11191	88.000 	 2.251 	 292.546
FD11191	88.125 	 2.276 	 292.760
FD11191	88.250 	 2.304 	 293.018
FD11191	88.375 	 2.334 	 293.279
FD11191	88.500 	 2.366 	 293.444
FD11191	88.625 	 2.400 	 293.468
FD11191	88.750 	 2.437 	 293.386
FD11191	88.875 	 2.476 	 293.281
FD11191	89.000 	 2.515 	 293.216
FD11191	89.125 	 2.554 	 293.351
FD11191	89.250 	 2.595 	 293.548
FD11191	89.375 	 2.635 	 293.688
FD11191	89.500 	 2.676 	 294.095
FD11191	89.625 	 2.716 	 294.518
FD11191	89.750 	 2.757 	 294.556
FD11191	89.875 	 2.796 	 294.498
FD11191	90.000 	 2.833 	 294.514
FD11191	90.125 	 2.870 	 294.715
FD11191	90.250 	 2.905 	 294.836
FD11191	90.375 	 2.938 	 294.713
FD11191	90.500 	 2.968 	 294.630
FD11191	90.625 	 2.997 	 294.754
FD11191	90.750 	 3.031 	 294.819
FD11191	90.875 	 3.062 	 295.193
FD11191	91.000 	 3.090 	 295.616
FD11191	91.125 	 3.118 	 295.817
FD11191	91.250 	 3.147 	 296.151
FD11191	91.375 	 3.178 	 296.091
FD11191	91.500 	 3.213 	 295.997
FD11191	91.625 	 3.249 	 296.168
FD11191	91.750 	 3.289 	 296.174
FD11191	91.875 	 3.331 	 296.105
FD11191	92.000 	 3.375 	 296.094
FD11191	92.125 	 3.422 	 296.108
FD11191	92.250 	 3.471 	 296.234
FD11191	92.375 	 3.524 	 296.333
FD11191	92.500 	 3.580 	 296.454
FD11191	92.625 	 3.637 	 296.740
FD11191	92.750 	 3.695 	 297.020
FD11191	92.875 	 3.754 	 297.343
FD11191	93.000 	 3.811 	 297.673
FD11191	93.125 	 3.868 	 297.830
FD11191	93.250 	 3.923 	 297.907
FD11191	93.375 	 3.978 	 297.989
FD11191	93.500 	 4.029 	 297.956
FD11191	93.625 	 4.079 	 297.915
FD11191	93.750 	 4.126 	 298.058
FD11191	93.875 	 4.173 	 297.992
FD11191	94.000 	 4.218 	 297.739
FD11191	94.125 	 4.264 	 297.745
FD11191	94.250 	 4.310 	 297.854
FD11191	94.375 	 4.354 	 297.742
FD11191	94.500 	 4.397 	 297.528
FD11191	94.625 	 4.438 	 297.297
FD11191	94.750 	 4.479 	 297.264
FD11191	94.875 	 4.520 	 297.336
FD11191	95.000 	 4.562 	 297.429
FD11191	95.125 	 4.606 	 297.490
FD11191	95.250 	 4.651 	 297.506
FD11191	95.375 	 4.696 	 297.574
FD11191	95.500 	 4.743 	 297.585
FD11191	95.625 	 4.791 	 297.588
FD11191	95.750 	 4.841 	 297.621
FD11191	95.875 	 4.888 	 297.722
FD11191	96.000 	 4.935 	 297.678
FD11191	96.125 	 4.980 	 297.651
FD11191	96.250 	 5.022 	 297.739
FD11191	96.375 	 5.062 	 297.781
FD11191	96.500 	 5.102 	 297.802
FD11191	96.625 	 5.140 	 297.799
FD11191	96.750 	 5.180 	 297.893
FD11191	96.875 	 5.220 	 298.011
FD11191	97.000 	 5.258 	 298.176
FD11191	97.125 	 5.298 	 298.355
FD11191	97.250 	 5.337 	 298.305
FD11191	97.375 	 5.375 	 298.234
FD11191	97.500 	 5.412 	 298.310
FD11191	97.625 	 5.449 	 298.307
FD11191	97.750 	 5.486 	 298.259
FD11191	97.875 	 5.522 	 298.223
FD11191	98.000 	 5.560 	 298.124
FD11191	98.125 	 5.598 	 298.077
FD11191	98.250 	 5.637 	 298.072
FD11191	98.375 	 5.676 	 298.075
FD11191	98.500 	 5.716 	 298.102
FD11191	98.625 	 5.754 	 298.052
FD11191	98.750 	 5.791 	 297.970
FD11191	98.875 	 5.826 	 297.827
FD11191	99.000 	 5.859 	 297.634
FD11191	99.125 	 5.892 	 297.533
FD11191	99.250 	 5.922 	 297.484
FD11191	99.375 	 5.953 	 297.399
FD11191	99.500 	 5.984 	 297.306
FD11191	99.625 	 6.014 	 297.324
FD11191	99.750 	 6.044 	 297.292
FD11191	99.875 	 6.073 	 297.171
FD11191	100.000 	 6.101 	 296.973
FD11191	100.125 	 6.127 	 296.813
FD11191	100.250 	 6.153 	 296.824
FD11191	100.375 	 6.178 	 296.811
FD11191	100.500 	 6.203 	 296.772
FD11191	100.625 	 6.228 	 296.759
FD11191	100.750 	 6.252 	 296.704
FD11191	100.875 	 6.278 	 296.665
FD11191	101.000 	 6.303 	 296.687
FD11191	101.125 	 6.329 	 296.722
FD11191	101.250 	 6.355 	 296.729
FD11191	101.375 	 6.379 	 296.718
FD11191	101.500 	 6.403 	 296.651
FD11191	101.625 	 6.427 	 296.577
FD11191	101.750 	 6.450 	 296.539
FD11191	101.875 	 6.474 	 296.462
FD11191	102.000 	 6.498 	 296.593
FD11191	102.125 	 6.522 	 296.772
FD11191	102.250 	 6.548 	 296.799
FD11191	102.375 	 6.573 	 296.723
FD11191	102.500 	 6.598 	 296.558
FD11191	102.625 	 6.625 	 296.515
FD11191	102.750 	 6.652 	 296.531
FD11191	102.875 	 6.681 	 296.523
FD11191	103.000 	 6.712 	 296.457
FD11191	103.125 	 6.743 	 296.363
FD11191	103.250 	 6.777 	 296.335
FD11191	103.375 	 6.811 	 296.421
FD11191	103.500 	 6.844 	 296.548
FD11191	103.625 	 6.877 	 296.586
FD11191	103.750 	 6.910 	 296.718
FD11191	103.875 	 6.942 	 296.843
FD11191	104.000 	 6.973 	 296.805
FD11191	104.125 	 7.001 	 296.709
FD11191	104.250 	 7.027 	 296.622
FD11191	104.375 	 7.052 	 296.616
FD11191	104.500 	 7.076 	 296.556
FD11191	104.625 	 7.098 	 296.427
FD11191	104.750 	 7.121 	 296.449
FD11191	104.875 	 7.141 	 296.504
FD11191	105.000 	 7.161 	 296.465
FD11191	105.125 	 7.179 	 296.443
FD11191	105.250 	 7.195 	 296.476
FD11191	105.375 	 7.213 	 296.377
FD11191	105.500 	 7.231 	 296.185
FD11191	105.625 	 7.251 	 296.201
FD11191	105.750 	 7.271 	 296.273
FD11191	105.875 	 7.292 	 296.209
FD11191	106.000 	 7.313 	 296.012
FD11191	106.125 	 7.336 	 295.814
FD11191	106.250 	 7.363 	 295.677
FD11191	106.375 	 7.390 	 295.476
FD11191	106.500 	 7.418 	 295.327
FD11191	106.625 	 7.447 	 295.144
FD11191	106.750 	 7.474 	 294.995
FD11191	106.875 	 7.501 	 294.932
FD11191	107.000 	 7.529 	 294.900
FD11191	107.125 	 7.557 	 294.897
FD11191	107.250 	 7.585 	 294.748
FD11191	107.375 	 7.612 	 294.676
FD11191	107.500 	 7.640 	 294.533
FD11191	107.625 	 7.667 	 294.342
FD11191	107.750 	 7.694 	 294.166
FD11191	107.875 	 7.720 	 293.957
FD11191	108.000 	 7.747 	 293.847
FD11191	108.125 	 7.772 	 293.688
FD11191	108.250 	 7.797 	 293.474
FD11191	108.375 	 7.820 	 293.251
FD11191	108.500 	 7.843 	 293.087
FD11191	108.625 	 7.865 	 292.919
FD11191	108.750 	 7.889 	 292.881
FD11191	108.875 	 7.912 	 292.848
FD11191	109.000 	 7.936 	 292.809
FD11191	109.125 	 7.958 	 292.878
FD11191	109.250 	 7.977 	 292.850
FD11191	109.375 	 7.996 	 292.705
FD11191	109.500 	 8.012 	 292.633
FD11191	109.625 	 8.027 	 292.606
FD11191	109.750 	 8.041 	 292.419
FD11191	109.875 	 8.055 	 292.315
FD11191	110.000 	 8.067 	 292.260
FD11191	110.125 	 8.081 	 292.136
FD11191	110.250 	 8.095 	 292.037
FD11191	110.375 	 8.111 	 291.889
FD11191	110.500 	 8.127 	 291.746
FD11191	110.625 	 8.145 	 291.579
FD11191	110.750 	 8.162 	 291.304
FD11191	110.875 	 8.180 	 291.045
FD11191	111.000 	 8.200 	 290.749
FD11191	111.125 	 8.219 	 290.452
FD11191	111.250 	 8.240 	 290.183
FD11191	111.375 	 8.264 	 289.851
FD11191	111.500 	 8.291 	 289.554
FD11191	111.625 	 8.318 	 289.252
FD11191	111.750 	 8.347 	 288.895
FD11191	111.875 	 8.377 	 288.590
FD11191	112.000 	 8.408 	 288.349
FD11191	112.125 	 8.440 	 288.016
FD11191	112.250 	 8.472 	 287.698
FD11191	112.375 	 8.505 	 287.393
FD11191	112.500 	 8.539 	 287.003
FD11191	112.625 	 8.572 	 286.698
FD11191	112.750 	 8.606 	 286.357
FD11191	112.875 	 8.638 	 285.957
FD11191	113.000 	 8.671 	 285.610
FD11191	113.125 	 8.704 	 285.273
FD11191	113.250 	 8.735 	 284.981
FD11191	113.375 	 8.766 	 284.814
FD11191	113.500 	 8.796 	 284.665
FD11191	113.625 	 8.824 	 284.416
FD11191	113.750 	 8.853 	 284.317
FD11191	113.875 	 8.882 	 284.224
FD11191	114.000 	 8.910 	 283.977
FD11191	114.125 	 8.937 	 283.932
FD11191	114.250 	 8.963 	 283.937
FD11191	114.375 	 8.989 	 283.754
FD11191	114.500 	 9.015 	 283.611
FD11191	114.625 	 9.042 	 283.333
FD11191	114.750 	 9.071 	 282.856
FD11191	114.875 	 9.099 	 282.638
FD11191	115.000 	 9.129 	 282.529
FD11191	115.125 	 9.160 	 282.142
FD11191	115.250 	 9.191 	 281.735
FD11191	115.375 	 9.225 	 281.383
FD11191	115.500 	 9.260 	 280.927
FD11191	115.625 	 9.296 	 280.897
FD11191	115.750 	 9.334 	 281.211
FD11191	115.875 	 9.371 	 281.405
FD11191	116.000 	 9.410 	 281.669
FD11191	116.125 	 9.449 	 281.738
FD11191	116.250 	 9.488 	 281.688
FD11191	116.375 	 9.528 	 281.614
FD11191	116.500 	 9.567 	 281.488
FD11191	116.625 	 9.605 	 281.381
FD11191	116.750 	 9.642 	 281.221
FD11191	116.875 	 9.679 	 280.919
FD11191	117.000 	 9.715 	 280.634
FD11191	117.125 	 9.748 	 280.607
FD11191	117.250 	 9.778 	 280.628
FD11191	117.375 	 9.806 	 280.417
FD11191	117.500 	 9.833 	 280.005
FD11191	117.625 	 9.857 	 279.681
FD11191	117.750 	 9.879 	 279.323
FD11191	117.875 	 9.901 	 278.919
FD11191	118.000 	 9.922 	 278.980
FD11191	118.125 	 9.944 	 278.996
FD11191	118.250 	 9.966 	 278.914
FD11191	118.375 	 9.990 	 278.815
FD11191	118.500 	 10.014 	 278.343
FD11191	118.625 	 10.039 	 278.181
FD11191	118.750 	 10.064 	 278.247
FD11191	118.875 	 10.090 	 278.051
FD11191	119.000 	 10.117 	 277.755
FD11191	119.125 	 10.148 	 277.815
FD11191	119.250 	 10.181 	 277.975
FD11191	119.375 	 10.216 	 277.975
FD11191	119.500 	 10.254 	 277.925
FD11191	119.625 	 10.294 	 277.722
FD11191	119.750 	 10.335 	 277.425
FD11191	119.875 	 10.377 	 277.127
FD11191	120.000 	 10.419 	 277.000
FD11191	120.125 	 10.463 	 277.008
FD11191	120.250 	 10.507 	 277.019
FD11191	120.375 	 10.549 	 276.898
FD11191	120.500 	 10.591 	 276.563
FD11191	120.625 	 10.632 	 276.275
FD11191	120.750 	 10.672 	 275.841
FD11191	120.875 	 10.710 	 275.424
FD11191	121.000 	 10.749 	 275.347
FD11191	121.125 	 10.787 	 275.341
FD11191	121.250 	 10.822 	 275.204
FD11191	121.375 	 10.857 	 274.893
FD11191	121.500 	 10.889 	 274.475
FD11191	121.625 	 10.921 	 274.220
FD11191	121.750 	 10.954 	 273.973
FD11191	121.875 	 10.986 	 273.926
FD11191	122.000 	 11.018 	 274.042
FD11191	122.125 	 11.050 	 273.784
FD11191	122.250 	 11.081 	 273.503
FD11191	122.375 	 11.114 	 273.210
FD11191	122.500 	 11.146 	 272.952
FD11191	122.625 	 11.179 	 273.001
FD11191	122.750 	 11.213 	 272.902
FD11191	122.875 	 11.246 	 272.879
FD11191	123.000 	 11.278 	 273.017
FD11191	123.125 	 11.312 	 272.902
FD11191	123.250 	 11.347 	 272.688
FD11191	123.375 	 11.384 	 272.573
FD11191	123.500 	 11.424 	 272.688
FD11191	123.625 	 11.465 	 272.704
FD11191	123.750 	 11.505 	 272.737
FD11191	123.875 	 11.546 	 272.902
FD11191	124.000 	 11.588 	 272.957
FD11191	124.125 	 11.629 	 272.816
FD11191	124.250 	 11.668 	 272.564
FD11191	124.375 	 11.709 	 272.394
FD11191	124.500 	 11.748 	 272.113
FD11191	124.625 	 11.788 	 272.072
FD11191	124.750 	 11.827 	 272.155
FD11191	124.875 	 11.868 	 271.979
FD11191	125.000 	 11.910 	 271.913
FD11191	125.125 	 11.952 	 271.784
FD11191	125.250 	 11.993 	 271.504
FD11191	125.375 	 12.034 	 271.454
FD11191	125.500 	 12.073 	 271.609
FD11191	125.625 	 12.110 	 271.691
FD11191	125.750 	 12.146 	 271.833
FD11191	125.875 	 12.179 	 271.883
FD11191	126.000 	 12.210 	 271.741
FD11191	126.125 	 12.240 	 271.710
FD11191	126.250 	 12.268 	 271.589
FD11191	126.375 	 12.296 	 271.460
FD11191	126.500 	 12.322 	 271.350
FD11191	126.625 	 12.349 	 271.204
FD11191	126.750 	 12.376 	 271.122
FD11191	126.875 	 12.402 	 271.042
FD11191	127.000 	 12.430 	 270.867
FD11191	127.125 	 12.456 	 270.601
FD11191	127.250 	 12.481 	 270.441
FD11191	127.375 	 12.507 	 270.326
FD11191	127.500 	 12.531 	 270.254
FD11191	127.625 	 12.556 	 270.056
FD11191	127.750 	 12.582 	 269.831
FD11191	127.875 	 12.609 	 269.699
FD11191	128.000 	 12.636 	 269.639
FD11191	128.125 	 12.664 	 269.696
FD11191	128.250 	 12.695 	 269.674
FD11191	128.375 	 12.726 	 269.713
FD11191	128.500 	 12.759 	 269.696
FD11191	128.625 	 12.791 	 269.625
FD11191	128.750 	 12.823 	 269.587
FD11191	128.875 	 12.854 	 269.518
FD11191	129.000 	 12.879 	 269.387
FD11191	129.125 	 12.901 	 269.169
FD11191	129.250 	 12.924 	 268.900
FD11191	129.375 	 12.941 	 268.634
FD11191	129.500 	 12.959 	 268.491
FD11191	129.625 	 12.974 	 268.340
FD11191	129.750 	 12.991 	 268.142
FD11191	129.875 	 13.009 	 267.958
FD11191	130.000 	 13.029 	 267.914
FD11191	130.125 	 13.049 	 267.842
FD11191	130.250 	 13.070 	 267.640
FD11191	130.375 	 13.093 	 267.659
FD11191	130.500 	 13.110 	 267.549
FD11191	130.625 	 13.131 	 267.192
FD11191	130.750 	 13.156 	 266.912
FD11191	130.875 	 13.181 	 266.848
FD11191	131.000 	 13.204 	 266.920
FD11191	131.125 	 13.231 	 266.925
FD11191	131.250 	 13.256 	 266.980
FD11191	131.375 	 13.285 	 267.065
FD11191	131.500 	 13.310 	 267.109
FD11191	131.625 	 13.334 	 267.022
FD11191	131.750 	 13.360 	 266.912
FD11191	131.875 	 13.380 	 266.879
FD11191	132.000 	 13.401 	 266.736
FD11191	132.125 	 13.416 	 266.532
FD11191	132.250 	 13.432 	 266.439
FD11191	132.375 	 13.446 	 266.360
FD11191	132.500 	 13.456 	 266.414
FD11191	132.625 	 13.471 	 266.393
FD11191	132.750 	 13.480 	 266.151
FD11191	132.875 	 13.490 	 266.038
FD11191	133.000 	 13.497 	 266.006
FD11191	133.125 	 13.506 	 265.942
FD11191	133.250 	 13.519 	 265.782
FD11191	133.375 	 13.528 	 265.632
FD11191	133.500 	 13.539 	 265.565
FD11191	133.625 	 13.552 	 265.448
FD11191	133.750 	 13.566 	 265.283
FD11191	133.875 	 13.577 	 265.055
FD11191	134.000 	 13.587 	 264.830
FD11191	134.125 	 13.599 	 264.701
FD11191	134.250 	 13.608 	 264.645
FD11191	134.375 	 13.618 	 264.616
FD11191	134.500 	 13.630 	 264.637
FD11191	134.625 	 13.643 	 264.574
FD11191	134.750 	 13.657 	 264.371
FD11191	134.875 	 13.675 	 264.198
FD11191	135.000 	 13.691 	 264.099
FD11191	135.125 	 13.709 	 263.989
FD11191	135.250 	 13.729 	 264.006
FD11191	135.375 	 13.748 	 264.011
FD11191	135.500 	 13.766 	 263.862
FD11191	135.625 	 13.786 	 263.879
FD11191	135.750 	 13.806 	 263.961
FD11191	135.875 	 13.826 	 263.928
FD11191	136.000 	 13.848 	 263.830
FD11191	136.125 	 13.869 	 263.956
FD11191	136.250 	 13.889 	 264.027
FD11191	136.375 	 13.905 	 264.039
FD11191	136.500 	 13.920 	 264.017
FD11191	136.625 	 13.935 	 263.983
FD11191	136.750 	 13.944 	 263.857
FD11191	136.875 	 13.959 	 263.794
FD11191	137.000 	 13.973 	 263.970
FD11191	137.125 	 13.985 	 263.995
FD11191	137.250 	 13.999 	 263.951
FD11191	137.375 	 14.014 	 263.799
FD11191	137.500 	 14.029 	 263.619
FD11191	137.625 	 14.040 	 263.464
FD11191	137.750 	 14.053 	 263.399
FD11191	137.875 	 14.066 	 263.415
FD11191	138.000 	 14.077 	 263.448
FD11191	138.125 	 14.089 	 263.563
FD11191	138.250 	 14.103 	 263.707
FD11191	138.375 	 14.120 	 263.802
FD11191	138.500 	 14.133 	 263.857
FD11191	138.625 	 14.148 	 263.780
FD11191	138.750 	 14.162 	 263.710
FD11191	138.875 	 14.172 	 263.621
FD11191	139.000 	 14.182 	 263.545
FD11191	139.125 	 14.187 	 263.528
FD11191	139.250 	 14.190 	 263.462
FD11191	139.375 	 14.190 	 263.377
FD11191	139.500 	 14.188 	 263.256
FD11191	139.625 	 14.186 	 263.201
FD11191	139.750 	 14.184 	 263.190
FD11191	139.875 	 14.187 	 263.061
FD11191	140.000 	 14.191 	 263.017
FD11191	140.125 	 14.200 	 263.053
FD11191	140.250 	 14.205 	 263.206
FD11191	140.375 	 14.215 	 263.350
FD11191	140.500 	 14.227 	 263.229
FD11191	140.625 	 14.235 	 262.981
FD11191	140.750 	 14.244 	 262.657
FD11191	140.875 	 14.254 	 262.624
FD11191	141.000 	 14.264 	 262.937
FD11191	141.125 	 14.276 	 263.132
FD11191	141.250 	 14.286 	 263.082
FD11191	141.375 	 14.301 	 263.149
FD11191	141.500 	 14.317 	 263.302
FD11191	141.625 	 14.340 	 263.385
FD11191	141.750 	 14.359 	 263.429
FD11191	141.875 	 14.375 	 263.394
FD11191	142.000 	 14.391 	 263.388
FD11191	142.125 	 14.394 	 263.407
FD11191	142.250 	 14.402 	 263.418
FD11191	142.375 	 14.403 	 263.484
FD11191	142.500 	 14.402 	 263.391
FD11191	142.625 	 14.405 	 263.338
FD11191	142.750 	 14.411 	 263.575
FD11191	142.875 	 14.417 	 263.800
FD11191	143.000 	 14.423 	 263.931
FD11191	143.125 	 14.430 	 263.907
FD11191	143.250 	 14.438 	 263.813
FD11191	143.375 	 14.439 	 263.723
FD11191	143.500 	 14.444 	 263.558
FD11191	143.625 	 14.445 	 263.358
FD11191	143.750 	 14.444 	 263.209
FD11191	143.875 	 14.444 	 263.163
FD11191	144.000 	 14.445 	 263.174
FD11191	144.125 	 14.447 	 263.121
FD11191	144.250 	 14.451 	 263.088
FD11191	144.375 	 14.457 	 263.025
FD11191	144.500 	 14.465 	 262.954
FD11191	144.625 	 14.471 	 263.149
FD11191	144.750 	 14.477 	 263.297
FD11191	144.875 	 14.481 	 263.503
FD11191	145.000 	 14.483 	 263.652
FD11191	145.125 	 14.481 	 263.555
FD11191	145.250 	 14.484 	 263.440
FD11191	145.375 	 14.481 	 263.398
FD11191	145.500 	 14.481 	 263.421
FD11191	145.625 	 14.479 	 263.508
FD11191	145.750 	 14.476 	 263.646
FD11191	145.875 	 14.472 	 263.797
FD11191	146.000 	 14.468 	 263.890
FD11191	146.125 	 14.463 	 263.840
FD11191	146.250 	 14.457 	 263.770
FD11191	146.375 	 14.451 	 263.583
FD11191	146.500 	 14.445 	 263.583
FD11191	146.625 	 14.440 	 263.578
FD11191	146.750 	 14.435 	 263.330
FD11191	146.875 	 14.436 	 263.308
FD11191	147.000 	 14.437 	 263.407
FD11191	147.125 	 14.441 	 263.355
FD11191	147.250 	 14.452 	 263.261
FD11191	147.375 	 14.461 	 263.179
FD11191	147.500 	 14.473 	 263.151
FD11191	147.625 	 14.487 	 263.141
FD11191	147.750 	 14.506 	 263.107
FD11191	147.875 	 14.528 	 263.091
FD11191	148.000 	 14.552 	 263.124
FD11191	148.125 	 14.579 	 263.179
FD11191	148.250 	 14.609 	 263.278
FD11191	148.375 	 14.646 	 263.424
FD11191	148.500 	 14.683 	 263.407
FD11191	148.625 	 14.720 	 263.333
FD11191	148.750 	 14.757 	 263.338
FD11191	148.875 	 14.794 	 263.369
FD11191	149.000 	 14.826 	 263.670
FD11191	149.125 	 14.858 	 263.794
FD11191	149.250 	 14.886 	 263.663
FD11191	149.375 	 14.913 	 263.665
FD11191	149.500 	 14.935 	 263.666
FD11191	149.625 	 14.951 	 263.813
FD11191	149.750 	 14.962 	 264.088
FD11191	149.875 	 14.966 	 264.354
FD11191	150.000 	 14.966 	 264.459
FD11191	150.125 	 14.960 	 264.319
FD11191	150.250 	 14.946 	 264.231
FD11191	150.375 	 14.935 	 264.409
FD11191	150.500 	 14.917 	 264.635
FD11191	150.625 	 14.900 	 264.667
FD11191	150.750 	 14.887 	 264.701
FD11191	150.875 	 14.874 	 264.602
FD11191	151.000 	 14.865 	 264.404
FD11191	151.125 	 14.860 	 264.382
FD11191	151.250 	 14.858 	 264.333
FD11191	151.375 	 14.859 	 264.160
FD11191	151.500 	 14.864 	 263.824
FD11191	151.625 	 14.875 	 263.651
FD11191	151.750 	 14.889 	 263.734
FD11191	151.875 	 14.907 	 263.764
FD11191	152.000 	 14.924 	 263.852
FD11191	152.125 	 14.946 	 264.020
FD11191	152.250 	 14.968 	 264.185
FD11191	152.375 	 14.990 	 264.316
FD11191	152.500 	 15.011 	 264.349
FD11191	152.625 	 15.028 	 264.305
FD11191	152.750 	 15.041 	 264.145
FD11191	152.875 	 15.055 	 264.275
FD11191	153.000 	 15.060 	 264.407
FD11191	153.125 	 15.060 	 264.302
FD11191	153.250 	 15.059 	 264.248
FD11191	153.375 	 15.046 	 264.214
FD11191	153.500 	 15.037 	 264.160
FD11191	153.625 	 15.017 	 264.039
FD11191	153.750 	 15.002 	 263.868
FD11191	153.875 	 14.980 	 263.800
FD11191	154.000 	 14.960 	 264.003
FD11191	154.125 	 14.936 	 264.217
FD11191	154.250 	 14.915 	 264.377
FD11191	154.375 	 14.894 	 264.456
FD11191	154.500 	 14.870 	 264.473
FD11191	154.625 	 14.849 	 264.484
FD11191	154.750 	 14.826 	 264.588
FD11191	154.875 	 14.808 	 264.612
FD11191	155.000 	 14.792 	 264.415
FD11191	155.125 	 14.777 	 264.267
FD11191	155.250 	 14.766 	 264.211
FD11191	155.375 	 14.756 	 264.272
FD11191	155.500 	 14.751 	 264.377
FD11191	155.625 	 14.749 	 264.376
FD11191	155.750 	 14.751 	 264.223
FD11191	155.875 	 14.757 	 264.184
FD11191	156.000 	 14.768 	 264.239
FD11191	156.125 	 14.788 	 264.132
FD11191	156.250 	 14.810 	 264.165
FD11191	156.375 	 14.838 	 264.363
FD11191	156.500 	 14.870 	 264.495
FD11191	156.625 	 14.902 	 264.594
FD11191	156.750 	 14.939 	 264.692
FD11191	156.875 	 14.975 	 264.821
FD11191	157.000 	 15.014 	 265.052
FD11191	157.125 	 15.049 	 265.344
FD11191	157.250 	 15.090 	 265.590
FD11191	157.375 	 15.127 	 265.893
FD11191	157.500 	 15.163 	 266.211
FD11191	157.625 	 15.195 	 266.439
FD11191	157.750 	 15.226 	 266.676
FD11191	157.875 	 15.248 	 266.901
FD11191	158.000 	 15.267 	 267.071
FD11191	158.125 	 15.275 	 267.208
FD11191	158.250 	 15.278 	 267.379
FD11191	158.375 	 15.276 	 267.373
FD11191	158.500 	 15.267 	 267.334
FD11191	158.625 	 15.254 	 267.518
FD11191	158.750 	 15.237 	 267.563
FD11191	158.875 	 15.217 	 267.584
FD11191	159.000 	 15.198 	 267.651
FD11191	159.125 	 15.172 	 267.645
FD11191	159.250 	 15.146 	 267.766
FD11191	159.375 	 15.114 	 267.785
FD11191	159.500 	 15.083 	 267.654
FD11191	159.625 	 15.049 	 267.582
FD11191	159.750 	 15.016 	 267.439
FD11191	159.875 	 14.983 	 267.252
FD11191	160.000 	 14.955 	 267.181
FD11191	160.125 	 14.927 	 267.250
FD11191	160.250 	 14.905 	 267.349
FD11191	160.375 	 14.886 	 267.397
FD11191	160.500 	 14.871 	 267.464
FD11191	160.625 	 14.860 	 267.568
FD11191	160.750 	 14.853 	 267.618
FD11191	160.875 	 14.846 	 267.670
FD11191	161.000 	 14.844 	 267.769
FD11191	161.125 	 14.841 	 267.813
FD11191	161.250 	 14.842 	 267.927
FD11191	161.375 	 14.847 	 267.994
FD11191	161.500 	 14.850 	 267.944
FD11191	161.625 	 14.852 	 268.065
FD11191	161.750 	 14.859 	 268.175
FD11191	161.875 	 14.865 	 268.230
FD11191	162.000 	 14.867 	 268.241
FD11191	162.125 	 14.872 	 268.214
FD11191	162.250 	 14.876 	 268.241
FD11191	162.375 	 14.884 	 268.288
FD11191	162.500 	 14.886 	 268.464
FD11191	162.625 	 14.894 	 268.582
FD11191	162.750 	 14.897 	 268.527
FD11191	162.875 	 14.901 	 268.408
FD11191	163.000 	 14.907 	 268.365
FD11191	163.125 	 14.911 	 268.401
FD11191	163.250 	 14.916 	 268.263
FD11191	163.375 	 14.924 	 268.120
FD11191	163.500 	 14.935 	 268.070
FD11191	163.625 	 14.947 	 268.082
FD11191	163.750 	 14.962 	 268.230
FD11191	163.875 	 14.977 	 268.337
FD11191	164.000 	 14.995 	 268.370
FD11191	164.125 	 15.014 	 268.456
FD11191	164.250 	 15.031 	 268.560
FD11191	164.375 	 15.051 	 268.642
FD11191	164.500 	 15.070 	 268.719
FD11191	164.625 	 15.088 	 268.861
FD11191	164.750 	 15.110 	 268.988
FD11191	164.875 	 15.129 	 269.054
FD11191	165.000 	 15.149 	 269.115
FD11191	165.125 	 15.171 	 269.131
FD11191	165.250 	 15.189 	 269.082
FD11191	165.375 	 15.205 	 269.046
FD11191	165.500 	 15.225 	 269.057
FD11191	165.625 	 15.240 	 269.068
FD11191	165.750 	 15.256 	 269.128
FD11191	165.875 	 15.272 	 269.260
FD11191	166.000 	 15.289 	 269.441
FD11191	166.125 	 15.306 	 269.576
FD11191	166.250 	 15.326 	 269.625
FD11191	166.375 	 15.341 	 269.702
FD11191	166.500 	 15.358 	 269.867
FD11191	166.625 	 15.378 	 269.865
FD11191	166.750 	 15.396 	 269.788
FD11191	166.875 	 15.415 	 269.966
FD11191	167.000 	 15.437 	 269.982
FD11191	167.125 	 15.458 	 269.924
FD11191	167.250 	 15.485 	 270.188
FD11191	167.375 	 15.509 	 270.293
FD11191	167.500 	 15.539 	 270.177
FD11191	167.625 	 15.569 	 270.164
FD11191	167.750 	 15.604 	 270.192
FD11191	167.875 	 15.641 	 270.202
FD11191	168.000 	 15.683 	 270.174
FD11191	168.125 	 15.729 	 270.089
FD11191	168.250 	 15.780 	 270.051
FD11191	168.375 	 15.831 	 270.133
FD11191	168.500 	 15.891 	 270.249
FD11191	168.625 	 15.944 	 270.279
FD11191	168.750 	 16.005 	 270.323
FD11191	168.875 	 16.063 	 270.447
FD11191	169.000 	 16.122 	 270.518
FD11191	169.125 	 16.181 	 270.548
FD11191	169.250 	 16.244 	 270.669
FD11191	169.375 	 16.303 	 270.792
FD11191	169.500 	 16.364 	 271.007
FD11191	169.625 	 16.423 	 271.023
FD11191	169.750 	 16.482 	 270.947
FD11191	169.875 	 16.536 	 270.966
FD11191	170.000 	 16.596 	 270.971
FD11191	170.125 	 16.645 	 271.007
FD11191	170.250 	 16.696 	 270.968
FD11191	170.375 	 16.745 	 270.971
FD11191	170.500 	 16.789 	 270.988
FD11191	170.625 	 16.832 	 271.010
FD11191	170.750 	 16.873 	 270.965
FD11191	170.875 	 16.917 	 270.979
FD11191	171.000 	 16.958 	 271.111
FD11191	171.125 	 16.994 	 271.095
FD11191	171.250 	 17.034 	 271.111
FD11191	171.375 	 17.073 	 271.251
FD11191	171.500 	 17.106 	 271.339
FD11191	171.625 	 17.142 	 271.457
FD11191	171.750 	 17.175 	 271.479
FD11191	171.875 	 17.211 	 271.391
FD11191	172.000 	 17.243 	 271.446
FD11191	172.125 	 17.278 	 271.512
FD11191	172.250 	 17.308 	 271.567
FD11191	172.375 	 17.346 	 271.669
FD11191	172.500 	 17.379 	 271.675
FD11191	172.625 	 17.413 	 271.658
FD11191	172.750 	 17.453 	 271.592
FD11191	172.875 	 17.486 	 271.529
FD11191	173.000 	 17.523 	 271.633
FD11191	173.125 	 17.563 	 271.823
FD11191	173.250 	 17.602 	 271.861
FD11191	173.375 	 17.641 	 271.814
FD11191	173.500 	 17.683 	 271.908
FD11191	173.625 	 17.728 	 272.009
FD11191	173.750 	 17.772 	 272.064
FD11191	173.875 	 17.819 	 272.078
FD11191	174.000 	 17.865 	 272.083
FD11191	174.125 	 17.912 	 272.147
FD11191	174.250 	 17.958 	 272.251
FD11191	174.375 	 18.007 	 272.292
FD11191	174.500 	 18.048 	 272.265
FD11191	174.625 	 18.097 	 272.331
FD11191	174.750 	 18.140 	 272.451
FD11191	174.875 	 18.182 	 272.542
FD11191	175.000 	 18.223 	 272.608
FD11191	175.125 	 18.263 	 272.743
FD11191	175.250 	 18.301 	 272.825
FD11191	175.375 	 18.342 	 272.902
FD11191	175.500 	 18.381 	 273.078
FD11191	175.625 	 18.423 	 273.020
FD11191	175.750 	 18.462 	 272.822
FD11191	175.875 	 18.501 	 272.781
FD11191	176.000 	 18.542 	 272.836
FD11191	176.125 	 18.581 	 272.803
FD11191	176.250 	 18.622 	 272.753
FD11191	176.375 	 18.663 	 272.847
FD11191	176.500 	 18.701 	 272.880
FD11191	176.625 	 18.747 	 272.888
FD11191	176.750 	 18.793 	 272.904
FD11191	176.875 	 18.839 	 272.850
FD11191	177.000 	 18.890 	 272.761
FD11191	177.125 	 18.939 	 272.660
FD11191	177.250 	 18.993 	 272.715
FD11191	177.375 	 19.046 	 272.745
FD11191	177.500 	 19.092 	 272.712
FD11191	177.625 	 19.144 	 272.688
FD11191	177.750 	 19.194 	 272.655
FD11191	177.875 	 19.240 	 272.778
FD11191	178.000 	 19.288 	 272.899
FD11191	178.125 	 19.335 	 272.949
FD11191	178.250 	 19.382 	 272.998
FD11191	178.375 	 19.429 	 273.009
FD11191	178.500 	 19.476 	 273.080
FD11191	178.625 	 19.519 	 273.100
FD11191	178.750 	 19.571 	 273.061
FD11191	178.875 	 19.614 	 273.108
FD11191	179.000 	 19.663 	 273.207
FD11191	179.125 	 19.710 	 273.248
FD11191	179.250 	 19.758 	 273.253
FD11191	179.375 	 19.808 	 273.215
FD11191	179.500 	 19.856 	 273.154
FD11191	179.625 	 19.905 	 273.149
FD11191	179.750 	 19.958 	 273.034
FD11191	179.875 	 20.008 	 272.940
FD11191	180.000 	 20.061 	 273.001
FD11191	180.125 	 20.114 	 273.020
FD11191	180.250 	 20.164 	 273.004
FD11191	180.375 	 20.216 	 272.954
FD11191	180.500 	 20.266 	 272.926
FD11191	180.625 	 20.316 	 272.984
FD11191	180.750 	 20.360 	 272.974
FD11191	180.875 	 20.409 	 272.976
FD11191	181.000 	 20.451 	 272.959
FD11191	181.125 	 20.490 	 272.943
FD11191	181.250 	 20.532 	 273.031
FD11191	181.375 	 20.565 	 273.086
FD11191	181.500 	 20.596 	 273.092
FD11191	181.625 	 20.631 	 273.152
FD11191	181.750 	 20.657 	 273.218
FD11191	181.875 	 20.688 	 273.218
FD11191	182.000 	 20.713 	 273.333
FD11191	182.125 	 20.741 	 273.489
FD11191	182.250 	 20.766 	 273.391
FD11191	182.375 	 20.797 	 273.240
FD11191	182.500 	 20.825 	 273.196
FD11191	182.625 	 20.856 	 273.095
FD11191	182.750 	 20.885 	 272.919
FD11191	182.875 	 20.918 	 272.816
FD11191	183.000 	 20.948 	 272.822
FD11191	183.125 	 20.987 	 272.896
FD11191	183.250 	 21.019 	 272.913
FD11191	183.375 	 21.056 	 272.861
FD11191	183.500 	 21.093 	 272.888
FD11191	183.625 	 21.131 	 272.990
FD11191	183.750 	 21.168 	 273.188
FD11191	183.875 	 21.210 	 273.243
FD11191	184.000 	 21.252 	 273.188
FD11191	184.125 	 21.294 	 273.207
FD11191	184.250 	 21.329 	 273.180
FD11191	184.375 	 21.366 	 273.179
FD11191	184.500 	 21.398 	 273.273
FD11191	184.625 	 21.432 	 273.295
FD11191	184.750 	 21.457 	 273.229
FD11191	184.875 	 21.481 	 273.286
FD11191	185.000 	 21.499 	 273.462
FD11191	185.125 	 21.512 	 273.438
FD11191	185.250 	 21.528 	 273.328
FD11191	185.375 	 21.537 	 273.432
FD11191	185.500 	 21.544 	 273.443
FD11191	185.625 	 21.553 	 273.281
FD11191	185.750 	 21.555 	 273.259
FD11191	185.875 	 21.557 	 273.226
FD11191	186.000 	 21.557 	 273.017
FD11191	186.125 	 21.558 	 272.891
FD11191	186.250 	 21.559 	 272.924
FD11191	186.375 	 21.563 	 272.908
FD11191	186.500 	 21.572 	 272.797
FD11191	186.625 	 21.579 	 272.882
FD11191	186.750 	 21.590 	 272.921
FD11191	186.875 	 21.602 	 272.784
FD11191	187.000 	 21.622 	 272.910
FD11191	187.125 	 21.639 	 273.061
FD11191	187.250 	 21.659 	 273.017
FD11191	187.375 	 21.686 	 273.022
FD11191	187.500 	 21.710 	 273.182
FD11191	187.625 	 21.738 	 273.297
FD11191	187.750 	 21.763 	 273.221
FD11191	187.875 	 21.790 	 273.207
FD11191	188.000 	 21.819 	 273.399
FD11191	188.125 	 21.846 	 273.547
FD11191	188.250 	 21.871 	 273.536
FD11191	188.375 	 21.895 	 273.512
FD11191	188.500 	 21.911 	 273.577
FD11191	188.625 	 21.930 	 273.618
FD11191	188.750 	 21.944 	 273.619
FD11191	188.875 	 21.954 	 273.660
FD11191	189.000 	 21.960 	 273.616
FD11191	189.125 	 21.967 	 273.594
FD11191	189.250 	 21.971 	 273.649
FD11191	189.375 	 21.973 	 273.652
FD11191	189.500 	 21.974 	 273.684
FD11191	189.625 	 21.974 	 273.731
FD11191	189.750 	 21.974 	 273.644
FD11191	189.875 	 21.979 	 273.567
FD11191	190.000 	 21.979 	 273.473
FD11191	190.125 	 21.984 	 273.396
FD11191	190.250 	 21.986 	 273.287
FD11191	190.375 	 21.999 	 273.231
FD11191	190.500 	 22.008 	 273.237
FD11191	190.625 	 22.021 	 273.146
FD11191	190.750 	 22.045 	 273.185
FD11191	190.875 	 22.072 	 273.339
FD11191	191.000 	 22.092 	 273.405
FD11191	191.125 	 22.119 	 273.253
FD11191	191.250 	 22.143 	 273.254
FD11191	191.375 	 22.169 	 273.289
FD11191	191.500 	 22.193 	 273.262
FD11191	191.625 	 22.215 	 273.415
FD11191	191.750 	 22.236 	 273.619
FD11191	191.875 	 22.256 	 273.721
FD11191	192.000 	 22.279 	 273.698
FD11191	192.125 	 22.295 	 273.690
FD11191	192.250 	 22.314 	 273.723
FD11191	192.375 	 22.328 	 273.767
FD11191	192.500 	 22.341 	 273.685
FD11191	192.625 	 22.350 	 273.550
FD11191	192.750 	 22.361 	 273.550
FD11191	192.875 	 22.372 	 273.607
FD11191	193.000 	 22.381 	 273.646
FD11191	193.125 	 22.390 	 273.690
FD11191	193.250 	 22.405 	 273.789
FD11191	193.375 	 22.415 	 273.830
FD11191	193.500 	 22.428 	 273.687
FD11191	193.625 	 22.448 	 273.578
FD11191	193.750 	 22.467 	 273.528
FD11191	193.875 	 22.487 	 273.487
FD11191	194.000 	 22.507 	 273.520
FD11191	194.125 	 22.528 	 273.583
FD11191	194.250 	 22.548 	 273.567
FD11191	194.375 	 22.570 	 273.481
FD11191	194.500 	 22.595 	 273.470
FD11191	194.625 	 22.618 	 273.495
FD11191	194.750 	 22.643 	 273.533
FD11191	194.875 	 22.663 	 273.498
FD11191	195.000 	 22.689 	 273.422
FD11191	195.125 	 22.713 	 273.432
FD11191	195.250 	 22.740 	 273.349
FD11191	195.375 	 22.769 	 273.292
FD11191	195.500 	 22.795 	 273.303
FD11191	195.625 	 22.826 	 273.317
FD11191	195.750 	 22.853 	 273.207
FD11191	195.875 	 22.882 	 273.055
FD11191	196.000 	 22.907 	 273.144
FD11191	196.125 	 22.935 	 273.174
FD11191	196.250 	 22.967 	 273.042
FD11191	196.375 	 22.991 	 272.864
FD11191	196.500 	 23.025 	 273.012
FD11191	196.625 	 23.053 	 273.284
FD11191	196.750 	 23.085 	 273.470
FD11191	196.875 	 23.118 	 273.734
FD11191	197.000 	 23.147 	 273.690
FD11191	197.125 	 23.183 	 273.445
FD11191	197.250 	 23.211 	 273.440
FD11191	197.375 	 23.241 	 273.503
FD11191	197.500 	 23.265 	 273.459
FD11191	197.625 	 23.286 	 273.413
FD11191	197.750 	 23.310 	 273.347
FD11191	197.875 	 23.325 	 273.270
FD11191	198.000 	 23.342 	 273.292
FD11191	198.125 	 23.352 	 273.281
FD11191	198.250 	 23.360 	 273.188
FD11191	198.375 	 23.370 	 273.245
FD11191	198.500 	 23.378 	 273.312
FD11191	198.625 	 23.380 	 273.218
FD11191	198.750 	 23.387 	 273.091
FD11191	198.875 	 23.395 	 273.092
FD11191	199.000 	 23.403 	 273.009
FD11191	199.125 	 23.415 	 272.786
FD11191	199.250 	 23.433 	 272.693
FD11191	199.375 	 23.451 	 272.537
FD11191	199.500 	 23.469 	 272.361
FD11191	199.625 	 23.497 	 272.298
FD11191	199.750 	 23.520 	 272.287
FD11191	199.875 	 23.553 	 272.289
FD11191	200.000 	 23.584 	 272.207
FD11191	200.125 	 23.620 	 272.303
FD11191	200.250 	 23.662 	 272.463
FD11191	200.375 	 23.702 	 272.526
FD11191	200.500 	 23.742 	 272.756
FD11191	200.625 	 23.784 	 273.174
FD11191	200.750 	 23.821 	 273.443
FD11191	200.875 	 23.857 	 273.333
FD11191	201.000 	 23.885 	 273.202
FD11191	201.125 	 23.911 	 273.410
FD11191	201.250 	 23.927 	 273.569
FD11191	201.375 	 23.940 	 273.449
FD11191	201.500 	 23.946 	 273.438
FD11191	201.625 	 23.954 	 273.500
FD11191	201.750 	 23.959 	 273.528
FD11191	201.875 	 23.963 	 273.517
FD11191	202.000 	 23.965 	 273.550
FD11191	202.125 	 23.967 	 273.627
FD11191	202.250 	 23.970 	 273.457
FD11191	202.375 	 23.967 	 273.218
FD11191	202.500 	 23.965 	 273.086
FD11191	202.625 	 23.963 	 272.935
FD11191	202.750 	 23.963 	 272.836
FD11191	202.875 	 23.965 	 272.938
FD11191	203.000 	 23.964 	 273.158
FD11191	203.125 	 23.967 	 273.220
FD11191	203.250 	 23.975 	 273.243
FD11191	203.375 	 23.982 	 273.248
FD11191	203.500 	 23.994 	 273.171
FD11191	203.625 	 24.001 	 273.196
FD11191	203.750 	 24.012 	 273.289
FD11191	203.875 	 24.017 	 273.198
FD11191	204.000 	 24.025 	 273.160
FD11191	204.125 	 24.030 	 273.176
FD11191	204.250 	 24.034 	 273.171
FD11191	204.375 	 24.042 	 273.248
FD11191	204.500 	 24.048 	 273.314
FD11191	204.625 	 24.053 	 273.306
FD11191	204.750 	 24.060 	 273.212
FD11191	204.875 	 24.065 	 273.111
FD11191	205.000 	 24.070 	 272.968
FD11191	205.125 	 24.077 	 272.927
FD11191	205.250 	 24.081 	 272.981
FD11191	205.375 	 24.087 	 273.039
FD11191	205.500 	 24.094 	 273.160
FD11191	205.625 	 24.099 	 273.279
FD11191	205.750 	 24.105 	 273.245
FD11191	205.875 	 24.112 	 273.229
FD11191	206.000 	 24.116 	 273.152
FD11191	206.125 	 24.118 	 273.110
FD11191	206.250 	 24.120 	 273.149
FD11191	206.375 	 24.123 	 273.130
FD11191	206.500 	 24.121 	 273.185
FD11191	206.625 	 24.122 	 273.331
FD11191	206.750 	 24.128 	 273.380
FD11191	206.875 	 24.133 	 273.413
FD11191	207.000 	 24.139 	 273.457
FD11191	207.125 	 24.155 	 273.344
FD11191	207.250 	 24.167 	 273.284
FD11191	207.375 	 24.184 	 273.284
FD11191	207.500 	 24.202 	 273.317
FD11191	207.625 	 24.220 	 273.221
FD11191	207.750 	 24.239 	 272.962
FD11191	207.875 	 24.256 	 272.910
FD11191	208.000 	 24.274 	 272.861
FD11191	208.125 	 24.293 	 272.669
FD11191	208.250 	 24.307 	 272.707
FD11191	208.375 	 24.321 	 272.792
FD11191	208.500 	 24.337 	 272.820
FD11191	208.625 	 24.351 	 273.034
FD11191	208.750 	 24.361 	 273.347
FD11191	208.875 	 24.373 	 273.416
FD11191	209.000 	 24.381 	 273.492
FD11191	209.125 	 24.380 	 273.676
FD11191	209.250 	 24.381 	 273.627
FD11191	209.375 	 24.374 	 273.591
FD11191	209.500 	 24.368 	 273.629
FD11191	209.625 	 24.358 	 273.526
FD11191	209.750 	 24.353 	 273.400
FD11191	209.875 	 24.346 	 273.350
FD11191	210.000 	 24.346 	 273.399
FD11191	210.125 	 24.342 	 273.401
FD11191	210.250 	 24.346 	 273.325
FD11191	210.375 	 24.347 	 273.394
FD11191	210.500 	 24.352 	 273.377
FD11191	210.625 	 24.356 	 273.361
FD11191	210.750 	 24.364 	 273.405
FD11191	210.875 	 24.365 	 273.356
FD11191	211.000 	 24.374 	 273.388
FD11191	211.125 	 24.382 	 273.423
FD11191	211.250 	 24.390 	 273.396
FD11191	211.375 	 24.400 	 273.380
FD11191	211.500 	 24.408 	 273.331
FD11191	211.625 	 24.420 	 273.262
FD11191	211.750 	 24.427 	 273.251
FD11191	211.875 	 24.440 	 273.284
FD11191	212.000 	 24.452 	 273.356
FD11191	212.125 	 24.461 	 273.443
FD11191	212.250 	 24.474 	 273.514
FD11191	212.375 	 24.486 	 273.531
FD11191	212.500 	 24.495 	 273.388
FD11191	212.625 	 24.505 	 273.287
FD11191	212.750 	 24.517 	 273.160
FD11191	212.875 	 24.523 	 272.976
FD11191	213.000 	 24.531 	 272.998
FD11191	213.125 	 24.541 	 272.974
FD11191	213.250 	 24.551 	 272.924
FD11191	213.375 	 24.559 	 273.108
FD11191	213.500 	 24.566 	 273.240
FD11191	213.625 	 24.578 	 273.081
FD11191	213.750 	 24.580 	 273.036
FD11191	213.875 	 24.585 	 273.213
FD11191	214.000 	 24.585 	 273.168
FD11191	214.125 	 24.589 	 273.070
FD11191	214.250 	 24.589 	 273.091
FD11191	214.375 	 24.589 	 273.092
FD11191	214.500 	 24.589 	 273.108
FD11191	214.625 	 24.594 	 273.152
FD11191	214.750 	 24.597 	 273.163
FD11191	214.875 	 24.602 	 273.196
FD11191	215.000 	 24.607 	 273.278
FD11191	215.125 	 24.610 	 273.281
FD11191	215.250 	 24.617 	 273.253
FD11191	215.375 	 24.615 	 273.295
FD11191	215.500 	 24.622 	 273.251
FD11191	215.625 	 24.623 	 273.193
FD11191	215.750 	 24.627 	 273.264
FD11191	215.875 	 24.635 	 273.265
FD11191	216.000 	 24.642 	 273.155
FD11191	216.125 	 24.653 	 273.138
FD11191	216.250 	 24.667 	 273.149
FD11191	216.375 	 24.677 	 273.116
FD11191	216.500 	 24.693 	 273.187
FD11191	216.625 	 24.706 	 273.204
FD11191	216.750 	 24.722 	 273.138
FD11191	216.875 	 24.733 	 273.059
FD11191	217.000 	 24.751 	 273.053
FD11191	217.125 	 24.761 	 273.158
FD11191	217.250 	 24.776 	 273.191
FD11191	217.375 	 24.791 	 273.168
FD11191	217.500 	 24.803 	 273.262
FD11191	217.625 	 24.814 	 273.399
FD11191	217.750 	 24.824 	 273.323
FD11191	217.875 	 24.833 	 273.262
FD11191	218.000 	 24.842 	 273.415
FD11191	218.125 	 24.850 	 273.498
FD11191	218.250 	 24.857 	 273.448
FD11191	218.375 	 24.862 	 273.402
FD11191	218.500 	 24.871 	 273.375
FD11191	218.625 	 24.876 	 273.465
FD11191	218.750 	 24.879 	 273.586
FD11191	218.875 	 24.885 	 273.567
FD11191	219.000 	 24.882 	 273.528
FD11191	219.125 	 24.880 	 273.481
FD11191	219.250 	 24.877 	 273.427
FD11191	219.375 	 24.875 	 273.484
FD11191	219.500 	 24.871 	 273.512
FD11191	219.625 	 24.870 	 273.486
FD11191	219.750 	 24.866 	 273.563
FD11191	219.875 	 24.868 	 273.712
FD11191	220.000 	 24.863 	 273.751
FD11191	220.125 	 24.863 	 273.709
FD11191	220.250 	 24.864 	 273.688
FD11191	220.375 	 24.860 	 273.695
FD11191	220.500 	 24.857 	 273.717
FD11191	220.625 	 24.849 	 273.693
FD11191	220.750 	 24.844 	 273.699
FD11191	220.875 	 24.839 	 273.638
FD11191	221.000 	 24.837 	 273.468
FD11191	221.125 	 24.829 	 273.454
FD11191	221.250 	 24.826 	 273.487
FD11191	221.375 	 24.824 	 273.388
FD11191	221.500 	 24.819 	 273.312
FD11191	221.625 	 24.814 	 273.185
FD11191	221.750 	 24.810 	 273.009
FD11191	221.875 	 24.805 	 273.078
FD11191	222.000 	 24.800 	 273.116
FD11191	222.125 	 24.793 	 273.092
FD11191	222.250 	 24.788 	 273.025
FD11191	222.375 	 24.776 	 272.880
FD11191	222.500 	 24.769 	 272.831
FD11191	222.625 	 24.758 	 272.761
FD11191	222.750 	 24.746 	 272.669
FD11191	222.875 	 24.740 	 272.707
FD11191	223.000 	 24.733 	 272.844
FD11191	223.125 	 24.733 	 272.860
FD11191	223.250 	 24.730 	 272.932
FD11191	223.375 	 24.735 	 273.119
FD11191	223.500 	 24.739 	 273.157
FD11191	223.625 	 24.743 	 272.957
FD11191	223.750 	 24.749 	 272.781
FD11191	223.875 	 24.760 	 272.858
FD11191	224.000 	 24.773 	 272.968
FD11191	224.125 	 24.789 	 272.913
FD11191	224.250 	 24.805 	 273.012
FD11191	224.375 	 24.827 	 273.245
FD11191	224.500 	 24.847 	 273.295
FD11191	224.625 	 24.873 	 273.317
FD11191	224.750 	 24.896 	 273.438
FD11191	224.875 	 24.922 	 273.470
FD11191	225.000 	 24.943 	 273.361
FD11191	225.125 	 24.967 	 273.410
FD11191	225.250 	 24.981 	 273.613
FD11191	225.375 	 25.003 	 273.723
FD11191	225.500 	 25.021 	 273.685
FD11191	225.625 	 25.036 	 273.657
FD11191	225.750 	 25.064 	 273.728
FD11191	225.875 	 25.078 	 273.800
FD11191	226.000 	 25.095 	 273.960
FD11191	226.125 	 25.113 	 273.976
FD11191	226.250 	 25.118 	 273.745
FD11191	226.375 	 25.129 	 273.652
FD11191	226.500 	 25.130 	 273.663
FD11191	226.625 	 25.136 	 273.596
FD11191	226.750 	 25.137 	 273.493
FD11191	226.875 	 25.140 	 273.448
FD11191	227.000 	 25.140 	 273.575
FD11191	227.125 	 25.144 	 273.610
FD11191	227.250 	 25.150 	 273.545
FD11191	227.375 	 25.152 	 273.596
FD11191	227.500 	 25.156 	 273.520
FD11191	227.625 	 25.161 	 273.325
FD11191	227.750 	 25.162 	 273.336
FD11191	227.875 	 25.161 	 273.454
FD11191	228.000 	 25.166 	 273.404
FD11191	228.125 	 25.165 	 273.415
FD11191	228.250 	 25.170 	 273.487
FD11191	228.375 	 25.172 	 273.528
FD11191	228.500 	 25.173 	 273.501
FD11191	228.625 	 25.174 	 273.479
FD11191	228.750 	 25.180 	 273.556
FD11191	228.875 	 25.181 	 273.517
FD11191	229.000 	 25.187 	 273.369
FD11191	229.125 	 25.191 	 273.317
FD11191	229.250 	 25.195 	 273.586
FD11191	229.375 	 25.195 	 273.817
FD11191	229.500 	 25.201 	 273.750
FD11191	229.625 	 25.198 	 273.572
FD11191	229.750 	 25.203 	 273.517
FD11191	229.875 	 25.203 	 273.456
FD11191	230.000 	 25.202 	 273.462
FD11191	230.125 	 25.198 	 273.671
FD11191	230.250 	 25.199 	 273.809
FD11191	230.375 	 25.198 	 273.816
FD11191	230.500 	 25.200 	 273.778
FD11191	230.625 	 25.203 	 273.888
FD11191	230.750 	 25.203 	 273.998
FD11191	230.875 	 25.206 	 273.945
FD11191	231.000 	 25.205 	 273.907
FD11191	231.125 	 25.210 	 273.855
FD11191	231.250 	 25.218 	 273.794
FD11191	231.375 	 25.222 	 274.012
FD11191	231.500 	 25.226 	 274.226
FD11191	231.625 	 25.230 	 274.152
FD11191	231.750 	 25.235 	 273.932
FD11191	231.875 	 25.239 	 273.759
FD11191	232.000 	 25.240 	 273.693
FD11191	232.125 	 25.244 	 273.663
FD11191	232.250 	 25.242 	 273.701
FD11191	232.375 	 25.243 	 273.745
FD11191	232.500 	 25.248 	 273.734
FD11191	232.625 	 25.244 	 273.649
FD11191	232.750 	 25.249 	 273.671
FD11191	232.875 	 25.248 	 273.624
FD11191	233.000 	 25.250 	 273.432
FD11191	233.125 	 25.250 	 273.317
FD11191	233.250 	 25.246 	 273.322
FD11191	233.375 	 25.245 	 273.369
FD11191	233.500 	 25.242 	 273.364
FD11191	233.625 	 25.242 	 273.372
FD11191	233.750 	 25.243 	 273.415
FD11191	233.875 	 25.249 	 273.475
FD11191	234.000 	 25.254 	 273.465
FD11191	234.125 	 25.259 	 273.366
FD11191	234.250 	 25.268 	 273.284
FD11191	234.375 	 25.273 	 273.287
FD11191	234.500 	 25.284 	 273.374
FD11191	234.625 	 25.288 	 273.443
FD11191	234.750 	 25.294 	 273.437
FD11191	234.875 	 25.303 	 273.427
FD11191	235.000 	 25.310 	 273.411
FD11191	235.125 	 25.314 	 273.501
FD11191	235.250 	 25.323 	 273.594
FD11191	235.375 	 25.332 	 273.671
FD11191	235.500 	 25.338 	 273.715
FD11191	235.625 	 25.345 	 273.572
FD11191	235.750 	 25.346 	 273.517
FD11191	235.875 	 25.352 	 273.465
FD11191	236.000 	 25.354 	 273.448
FD11191	236.125 	 25.355 	 273.360
FD11191	236.250 	 25.359 	 273.218
FD11191	236.375 	 25.359 	 273.421
FD11191	236.500 	 25.365 	 273.482
FD11191	236.625 	 25.371 	 273.248
FD11191	236.750 	 25.382 	 273.313
FD11191	236.875 	 25.388 	 273.589
FD11191	237.000 	 25.398 	 273.621
FD11191	237.125 	 25.403 	 273.506
FD11191	237.250 	 25.410 	 273.572
FD11191	237.375 	 25.416 	 273.635
FD11191	237.500 	 25.419 	 273.580
FD11191	237.625 	 25.428 	 273.676
FD11191	237.750 	 25.430 	 273.682
FD11191	237.875 	 25.441 	 273.643
FD11191	238.000 	 25.447 	 273.688
FD11191	238.125 	 25.456 	 273.679
FD11191	238.250 	 25.463 	 273.712
FD11191	238.375 	 25.469 	 273.756
FD11191	238.500 	 25.474 	 273.701
FD11191	238.625 	 25.477 	 273.712
FD11191	238.750 	 25.474 	 273.811
FD11191	238.875 	 25.476 	 273.786
FD11191	239.000 	 25.471 	 273.754
FD11191	239.125 	 25.470 	 273.923
FD11191	239.250 	 25.470 	 274.083
FD11191	239.375 	 25.473 	 274.039
FD11191	239.500 	 25.471 	 274.017
FD11191	239.625 	 25.472 	 274.061
FD11191	239.750 	 25.473 	 274.078
FD11191	239.875 	 25.468 	 274.072
FD11191	240.000 	 25.466 	 274.044
FD11191	240.125 	 25.458 	 274.089
FD11191	240.250 	 25.451 	 274.017
FD11191	240.375 	 25.443 	 273.918
FD11191	240.500 	 25.430 	 273.984
FD11191	240.625 	 25.418 	 274.026
FD11191	240.750 	 25.407 	 273.982
FD11191	240.875 	 25.389 	 273.866
FD11191	241.000 	 25.376 	 273.910
FD11191	241.125 	 25.361 	 273.946
FD11191	241.250 	 25.341 	 273.830
FD11191	241.375 	 25.322 	 273.869
FD11191	241.500 	 25.301 	 273.973
FD11191	241.625 	 25.277 	 273.954
FD11191	241.750 	 25.258 	 273.899
FD11191	241.875 	 25.237 	 273.828
FD11191	242.000 	 25.217 	 273.657
FD11191	242.125 	 25.200 	 273.536
FD11191	242.250 	 25.182 	 273.690
FD11191	242.375 	 25.170 	 273.784
FD11191	242.500 	 25.158 	 273.778
FD11191	242.625 	 25.148 	 273.814
FD11191	242.750 	 25.131 	 273.880
FD11191	242.875 	 25.118 	 273.869
FD11191	243.000 	 25.097 	 273.792
FD11191	243.125 	 25.080 	 273.745
FD11191	243.250 	 25.057 	 273.772
FD11191	243.375 	 25.035 	 273.923
FD11191	243.500 	 25.017 	 274.044
FD11191	243.625 	 24.994 	 274.122
FD11191	243.750 	 24.976 	 274.264
FD11191	243.875 	 24.959 	 274.423
FD11191	244.000 	 24.942 	 274.369
FD11191	244.125 	 24.924 	 274.305
FD11191	244.250 	 24.909 	 274.212
FD11191	244.375 	 24.890 	 274.089
FD11191	244.500 	 24.875 	 274.039
FD11191	244.625 	 24.856 	 273.934
FD11191	244.750 	 24.842 	 273.808
FD11191	244.875 	 24.829 	 273.712
FD11191	245.000 	 24.821 	 273.674
FD11191	245.125 	 24.811 	 273.712
FD11191	245.250 	 24.807 	 274.036
FD11191	245.375 	 24.799 	 274.267
FD11191	245.500 	 24.797 	 274.020
FD11191	245.625 	 24.791 	 273.949
FD11191	245.750 	 24.782 	 274.223
FD11191	245.875 	 24.776 	 274.319
FD11191	246.000 	 24.762 	 274.210
FD11191	246.125 	 24.753 	 274.141
FD11191	246.250 	 24.740 	 274.168
FD11191	246.375 	 24.728 	 274.017
FD11191	246.500 	 24.715 	 273.803
FD11191	246.625 	 24.705 	 273.896
FD11191	246.750 	 24.692 	 274.023
FD11191	246.875 	 24.683 	 274.037
FD11191	247.000 	 24.668 	 274.031
FD11191	247.125 	 24.656 	 274.064
FD11191	247.250 	 24.641 	 274.113
FD11191	247.375 	 24.627 	 274.105
FD11191	247.500 	 24.617 	 274.149
FD11191	247.625 	 24.604 	 274.193
FD11191	247.750 	 24.593 	 274.182
FD11191	247.875 	 24.582 	 274.116
FD11191	248.000 	 24.574 	 274.105
FD11191	248.125 	 24.559 	 274.193
FD11191	248.250 	 24.547 	 274.171
FD11191	248.375 	 24.528 	 274.102
FD11191	248.500 	 24.509 	 274.097
FD11191	248.625 	 24.493 	 274.184
FD11191	248.750 	 24.479 	 274.278
FD11191	248.875 	 24.461 	 274.294
FD11191	249.000 	 24.451 	 274.443
FD11191	249.125 	 24.440 	 274.637
FD11191	249.250 	 24.425 	 274.731
FD11191	249.375 	 24.417 	 274.753
FD11191	249.500 	 24.400 	 274.544
FD11191	249.625 	 24.386 	 274.398
FD11191	249.750 	 24.370 	 274.448
FD11191	249.875 	 24.352 	 274.470
FD11191	250.000 	 24.331 	 274.520
FD11191	250.125 	 24.319 	 274.641
FD11191	250.250 	 24.303 	 274.800
FD11191	250.375 	 24.289 	 274.824
FD11191	250.500 	 24.276 	 274.775
FD11191	250.625 	 24.258 	 274.852
FD11191	250.750 	 24.239 	 274.891
FD11191	250.875 	 24.220 	 274.693
FD11191	251.000 	 24.205 	 274.440
FD11191	251.125 	 24.182 	 274.286
FD11191	251.250 	 24.166 	 274.221
FD11191	251.375 	 24.150 	 274.278
FD11191	251.500 	 24.139 	 274.273
FD11191	251.625 	 24.125 	 274.199
FD11191	251.750 	 24.118 	 274.253
FD11191	251.875 	 24.111 	 274.121
FD11191	252.000 	 24.101 	 274.034
FD11191	252.125 	 24.099 	 274.344
FD11191	252.250 	 24.095 	 274.481
FD11191	252.375 	 24.090 	 274.423
FD11191	252.500 	 24.091 	 274.506
FD11191	252.625 	 24.084 	 274.327
FD11191	252.750 	 24.082 	 274.240
FD11191	252.875 	 24.078 	 274.352
FD11191	253.000 	 24.075 	 274.319
FD11191	253.125 	 24.073 	 274.286
FD11191	253.250 	 24.064 	 274.286
FD11191	253.375 	 24.053 	 274.346
FD11191	253.500 	 24.041 	 274.308
FD11191	253.625 	 24.019 	 274.283
FD11191	253.750 	 24.006 	 274.338
FD11191	253.875 	 23.987 	 274.396
FD11191	254.000 	 23.975 	 274.357
FD11191	254.125 	 23.960 	 274.311
FD11191	254.250 	 23.942 	 274.338
FD11191	254.375 	 23.927 	 274.363
FD11191	254.500 	 23.910 	 274.264
FD11191	254.625 	 23.896 	 274.325
FD11191	254.750 	 23.883 	 274.534
FD11191	254.875 	 23.874 	 274.569
FD11191	255.000 	 23.866 	 274.569
FD11191	255.125 	 23.857 	 274.569
FD11191	255.250 	 23.848 	 274.569
FD11191	255.375 	 23.845 	 274.569
FD11191	255.500 	 23.851 	 274.569
FD11191	255.625 	 23.855 	 274.569
FD11191	255.750 	 23.857 	 274.569
FD11191	255.875 	 23.857 	 274.569
FD11191	256.000 	 23.857 	 274.569
FD11191	256.125 	 23.854 	 274.567
FD11191	256.250 	 23.857 	 274.572
FD11191	256.375 	 23.856 	 274.580
FD11191	256.500 	 23.856 	 274.580
FD11191	256.625 	 23.857 	 274.580
FD11191	256.750 	 23.856 	 274.580
FD11191	256.875 	 23.856 	 274.583
FD11191	257.000 	 23.855 	 274.611
FD11191	257.125 	 23.854 	 274.657
FD11191	257.250 	 23.854 	 274.685
FD11191	257.375 	 23.854 	 274.695
FD11191	257.500 	 23.855 	 274.701
FD11191	257.625 	 23.851 	 274.723
FD11191	257.750 	 23.853 	 274.745
FD11191	257.875 	 23.851 	 274.748
FD11191	258.000 	 23.850 	 274.753
FD11191	258.125 	 23.851 	 274.756
FD11191	258.250 	 23.849 	 274.756
FD11191	258.375 	 23.853 	 274.756
FD11191	258.500 	 23.852 	 274.767
FD11191	258.625 	 23.851 	 274.778
FD11191	258.750 	 23.852 	 274.784
FD11191	258.875 	 23.854 	 274.783
FD11191	259.000 	 23.849 	 274.778
FD11191	259.125 	 23.854 	 274.778
FD11191	259.250 	 23.854 	 274.783
FD11191	259.375 	 23.851 	 274.794
FD11191	259.500 	 23.853 	 274.800
FD11191	259.625 	 23.854 	 274.794
FD11191	259.750 	 23.856 	 274.789
FD11191	259.875 	 23.851 	 274.789
FD11191	260.000 	 23.854 	 274.795
FD11191	260.125 	 23.856 	 274.794
FD11191	260.250 	 23.854 	 274.789
FD11191	260.375 	 23.853 	 274.805
FD11191	260.500 	 23.855 	 274.822
FD11191	260.625 	 23.855 	 274.822
FD11191	260.750 	 23.857 	 274.822
FD11191	260.875 	 23.855 	 274.822
FD11191	261.000 	 23.855 	 274.822
FD11191	261.125 	 23.852 	 274.822
FD11191	261.250 	 23.855 	 274.822
FD11191	261.375 	 23.857 	 274.822
FD11191	261.500 	 23.855 	 274.822
FD11191	261.625 	 23.855 	 274.822
FD11191	261.750 	 23.855 	 274.822
FD11191	261.875 	 23.854 	 274.822
FD11191	262.000 	 23.855 	 274.822
FD11191	262.125 	 23.855 	 274.822
FD11191	262.250 	 23.855 	 274.822
FD11191	262.375 	 23.857 	 274.822
FD11191	262.500 	 23.855 	 274.822
FD11191	262.625 	 23.852 	 274.822
FD11191	262.750 	 23.855 	 274.822
FD11191	262.875 	 23.857 	 274.822
FD11191	263.000 	 23.855 	 274.822
FD11191	263.125 	 23.855 	 274.822
FD11191	263.250 	 23.852 	 274.822
FD11191	263.375 	 23.857 	 274.822
FD11191	263.500 	 23.855 	 274.822
FD11191	263.625 	 23.855 	 274.822
FD11191	263.750 	 23.855 	 274.822
FD11191	263.875 	 23.857 	 274.822
FD11191	264.000 	 23.852 	 274.822
FD11191	264.125 	 23.855 	 274.822
FD11191	264.250 	 23.855 	 274.822
FD11191	264.375 	 23.857 	 274.822
FD11191	264.500 	 23.855 	 274.822
FD11191	264.625 	 23.855 	 274.822
FD11191	264.750 	 23.852 	 274.822
FD11191	264.875 	 23.857 	 274.822
FD11191	265.000 	 23.855 	 274.822
FD11191	265.125 	 23.855 	 274.822
FD11191	265.250 	 23.855 	 274.822
FD11191	265.375 	 23.855 	 274.822
FD11191	265.500 	 23.854 	 274.822
FD11191	265.625 	 23.855 	 274.822
FD11191	265.750 	 23.852 	 274.822
FD11191	265.875 	 23.855 	 274.822
FD11191	266.000 	 23.857 	 274.822
FD11191	266.125 	 23.855 	 274.822
FD11191	266.250 	 23.855 	 274.822
FD11191	266.375 	 23.855 	 274.822
FD11191	266.500 	 23.857 	 274.822
FD11191	266.625 	 23.855 	 274.822
FD11191	266.750 	 23.855 	 274.822
FD11191	266.875 	 23.855 	 274.822
FD11191	267.000 	 23.857 	 274.822
FD11191	267.125 	 23.855 	 274.822
FD11191	267.250 	 23.855 	 274.822
FD11191	267.375 	 23.855 	 274.822
FD11191	267.500 	 23.857 	 274.822
FD11191	267.625 	 23.849 	 274.822
FD11191	267.750 	 23.855 	 274.822
FD11191	267.875 	 23.855 	 274.822
FD11191	268.000 	 23.857 	 274.822
FD11191	268.125 	 23.855 	 274.822
FD11191	268.250 	 23.855 	 274.822
FD11191	268.375 	 23.849 	 274.822
FD11191	268.500 	 23.857 	 274.822
FD11191	268.625 	 23.855 	 274.822
FD11191	268.750 	 23.855 	 274.822
FD11191	268.875 	 23.855 	 274.822
FD11191	269.000 	 23.857 	 274.822
FD11191	269.125 	 23.855 	 274.822
FD11191	269.250 	 23.855 	 274.822
FD11191	269.375 	 23.855 	 274.822
FD11191	269.500 	 23.855 	 274.822
FD11191	269.625 	 23.857 	 274.822
FD11191	269.750 	 23.855 	 274.822
FD11191	269.875 	 23.855 	 274.822
FD11191	270.000 	 23.855 	 274.822
FD11191	270.125 	 23.857 	 274.822
FD11191	270.250 	 23.855 	 274.822
FD11191	270.375 	 23.855 	 274.822
FD11191	270.500 	 23.849 	 274.822
FD11191	270.625 	 23.857 	 274.822
FD11191	270.750 	 23.855 	 274.822
FD11191	270.875 	 23.855 	 274.822
FD11191	271.000 	 23.855 	 274.822
FD11191	271.125 	 23.857 	 274.822
FD11191	271.250 	 23.849 	 274.822
FD11191	271.375 	 23.855 	 274.822
FD11191	271.500 	 23.855 	 274.822
FD11191	271.625 	 23.857 	 274.822
FD11191	271.750 	 23.855 	 274.822
FD11191	271.875 	 23.855 	 274.822
FD11191	272.000 	 23.855 	 274.822
FD11191	272.125 	 0.000 	 90.000
FD11191	272.250 	 0.000 	 90.000
FD11191	272.375 	 0.000 	 90.000
FD11191	272.500 	 0.000 	 90.000
FD11191	272.625 	 0.000 	 90.000
FD11191	272.750 	 0.000 	 90.000
FD11191	272.875 	 0.000 	 90.000
FD11191	273.000 	 0.000 	 90.000
FD11191	273.125 	 0.000 	 90.000
FD11191	273.250 	 0.000 	 90.000
FD11191	273.375 	 0.000 	 90.000
FD11191	273.500 	 0.000 	 90.000
FD11191	273.625 	 0.000 	 90.000
FD11191	273.750 	 0.000 	 90.000
FD11191	273.875 	 0.000 	 90.000
FD11191	274.000 	 0.000 	 90.000
FD11191	274.125 	 0.000 	 90.000
FD11191	274.250 	 0.000 	 90.000
FD11191	274.375 	 0.000 	 90.000
FD11191	274.500 	 0.000 	 90.000
FD11191	274.625 	 0.000 	 90.000
FD11191	274.750 	 0.000 	 90.000
FD11191	274.875 	 0.000 	 90.000
FD11191	275.000 	 0.000 	 90.000
FD11191	275.125 	 0.000 	 90.000
FD11191	275.250 	 0.000 	 90.000
FD11191	275.375 	 0.000 	 90.000
FD11191	275.500 	 0.000 	 90.000
FD11191	275.625 	 0.000 	 90.000
FD11191	275.750 	 0.000 	 90.000
FD11191	275.875 	 0.000 	 90.000
FD11191	276.000 	 0.000 	 90.000
FD11191	276.125 	 0.000 	 90.000
FD11191	276.250 	 0.000 	 90.000
FD11191	276.375 	 0.000 	 90.000
FD11191	276.500 	 0.000 	 90.000
FD11191	276.625 	 0.000 	 90.000
FD11191	276.750 	 0.000 	 90.000
FD11191	276.875 	 0.000 	 90.000
FD11191	277.000 	 0.000 	 90.000
FD11191	277.125 	 0.000 	 90.000
FD11191	277.250 	 0.000 	 90.000
FD11191	277.375 	 0.000 	 90.000
FD11191	277.500 	 0.000 	 90.000
FD11191	277.625 	 0.000 	 90.000
FD11191	277.750 	 0.000 	 90.000
FD11191	277.875 	 0.000 	 90.000
FD11191	278.000 	 0.000 	 90.000
FD11191	278.125 	 0.000 	 90.000
FD11191	278.250 	 0.000 	 90.000
FD11191	278.375 	 0.000 	 90.000
FD11191	278.500 	 0.000 	 90.000
FD11191	278.625 	 0.000 	 90.000
FD11191	278.750 	 0.000 	 90.000
FD11191	278.875 	 0.000 	 90.000
FD11191	279.000 	 0.000 	 90.000
FD11191	279.125 	 0.000 	 90.000
FD11191	279.250 	 0.000 	 90.000
FD11191	279.375 	 0.000 	 90.000
FD11191	279.500 	 0.000 	 90.000
FD11191	279.625 	 0.000 	 90.000
FD11191	279.750 	 0.000 	 90.000
FD11191	279.875 	 0.000 	 90.000
FD11191	280.000 	 0.000 	 90.000
FD11191	280.125 	 0.000 	 90.000
FD11191	280.250 	 0.000 	 90.000
FD11191	280.375 	 0.000 	 90.000
FD11191	280.500 	 0.000 	 90.000
FD11191	280.625 	 0.000 	 90.000
FD11191	280.750 	 0.000 	 90.000
FD11191	280.875 	 0.000 	 90.000
FD11191	281.000 	 0.000 	 90.000
FD11191	281.125 	 0.000 	 90.000
FD11191	281.250 	 0.000 	 90.000
FD11191	281.375 	 0.000 	 90.000
FD11191	281.500 	 0.000 	 90.000
FD11191	281.625 	 0.000 	 90.000
FD11191	281.750 	 0.000 	 90.000
FD11191	281.875 	 0.000 	 90.000
FD11191	282.000 	 0.000 	 90.000
