#WellName	 Depth.M	 INCL	 AZIM 
WellName	 Depth.M	 INCL	 AZIM 
FD11190	0.000 	 0.000 	 0.000
FD11190	0.125 	 0.000 	 90.000
FD11190	0.250 	 0.000 	 90.000
FD11190	0.375 	 0.000 	 90.000
FD11190	0.500 	 0.000 	 90.000
FD11190	0.625 	 0.000 	 90.000
FD11190	0.750 	 0.000 	 90.000
FD11190	0.875 	 0.000 	 90.000
FD11190	1.000 	 0.000 	 90.000
FD11190	1.125 	 0.000 	 90.000
FD11190	1.250 	 0.000 	 90.000
FD11190	1.375 	 0.000 	 90.000
FD11190	1.500 	 0.000 	 90.000
FD11190	1.625 	 0.000 	 90.000
FD11190	1.750 	 0.000 	 90.000
FD11190	1.875 	 0.000 	 90.000
FD11190	2.000 	 0.000 	 90.000
FD11190	2.125 	 0.000 	 90.000
FD11190	2.250 	 0.000 	 90.000
FD11190	2.375 	 0.000 	 90.000
FD11190	2.500 	 0.000 	 90.000
FD11190	2.625 	 0.000 	 90.000
FD11190	2.750 	 0.000 	 90.000
FD11190	2.875 	 0.000 	 90.000
FD11190	3.000 	 0.000 	 90.000
FD11190	3.125 	 0.000 	 90.000
FD11190	3.250 	 0.000 	 90.000
FD11190	3.375 	 0.000 	 90.000
FD11190	3.500 	 0.000 	 90.000
FD11190	3.625 	 0.000 	 90.000
FD11190	3.750 	 0.000 	 90.000
FD11190	3.875 	 0.000 	 90.000
FD11190	4.000 	 0.000 	 90.000
FD11190	4.125 	 0.000 	 90.000
FD11190	4.250 	 0.000 	 90.000
FD11190	4.375 	 0.000 	 90.000
FD11190	4.500 	 0.000 	 90.000
FD11190	4.625 	 0.000 	 90.000
FD11190	4.750 	 0.000 	 90.000
FD11190	4.875 	 0.000 	 90.000
FD11190	5.000 	 0.000 	 90.000
FD11190	5.125 	 0.000 	 90.000
FD11190	5.250 	 0.000 	 90.000
FD11190	5.375 	 0.000 	 90.000
FD11190	5.500 	 0.000 	 90.000
FD11190	5.625 	 0.000 	 90.000
FD11190	5.750 	 0.000 	 90.000
FD11190	5.875 	 0.000 	 90.000
FD11190	6.000 	 0.000 	 90.000
FD11190	6.125 	 0.000 	 90.000
FD11190	6.250 	 0.000 	 90.000
FD11190	6.375 	 0.000 	 90.000
FD11190	6.500 	 0.000 	 90.000
FD11190	6.625 	 0.000 	 90.000
FD11190	6.750 	 0.000 	 90.000
FD11190	6.875 	 0.000 	 90.000
FD11190	7.000 	 0.000 	 90.000
FD11190	7.125 	 0.000 	 90.000
FD11190	7.250 	 0.000 	 90.000
FD11190	7.375 	 0.000 	 90.000
FD11190	7.500 	 0.000 	 90.000
FD11190	7.625 	 0.000 	 90.000
FD11190	7.750 	 0.000 	 90.000
FD11190	7.875 	 0.000 	 90.000
FD11190	8.000 	 0.000 	 90.000
FD11190	8.125 	 0.000 	 90.000
FD11190	8.250 	 0.000 	 90.000
FD11190	8.375 	 0.000 	 90.000
FD11190	8.500 	 0.000 	 90.000
FD11190	8.625 	 0.000 	 90.000
FD11190	8.750 	 0.000 	 90.000
FD11190	8.875 	 0.000 	 90.000
FD11190	9.000 	 0.000 	 90.000
FD11190	9.125 	 0.000 	 90.000
FD11190	9.250 	 0.000 	 90.000
FD11190	9.375 	 0.000 	 90.000
FD11190	9.500 	 0.000 	 90.000
FD11190	9.625 	 0.000 	 90.000
FD11190	9.750 	 0.000 	 90.000
FD11190	9.875 	 0.000 	 90.000
FD11190	10.000 	 0.000 	 90.000
FD11190	10.125 	 0.000 	 90.000
FD11190	10.250 	 0.000 	 90.000
FD11190	10.375 	 0.000 	 90.000
FD11190	10.500 	 0.000 	 90.000
FD11190	10.625 	 0.000 	 90.000
FD11190	10.750 	 0.000 	 90.000
FD11190	10.875 	 0.000 	 90.000
FD11190	11.000 	 0.000 	 90.000
FD11190	11.125 	 0.000 	 90.000
FD11190	11.250 	 0.000 	 90.000
FD11190	11.375 	 0.000 	 90.000
FD11190	11.500 	 0.000 	 90.000
FD11190	11.625 	 0.000 	 90.000
FD11190	11.750 	 0.000 	 90.000
FD11190	11.875 	 0.000 	 90.000
FD11190	12.000 	 0.000 	 90.000
FD11190	12.125 	 0.000 	 90.000
FD11190	12.250 	 0.000 	 90.000
FD11190	12.375 	 0.000 	 90.000
FD11190	12.500 	 0.000 	 90.000
FD11190	12.625 	 0.000 	 90.000
FD11190	12.750 	 0.000 	 90.000
FD11190	12.875 	 0.000 	 90.000
FD11190	13.000 	 0.000 	 90.000
FD11190	13.125 	 0.000 	 90.000
FD11190	13.250 	 0.000 	 90.000
FD11190	13.375 	 0.000 	 90.000
FD11190	13.500 	 0.000 	 90.000
FD11190	13.625 	 0.000 	 90.000
FD11190	13.750 	 0.000 	 90.000
FD11190	13.875 	 0.000 	 90.000
FD11190	14.000 	 0.000 	 90.000
FD11190	14.125 	 0.000 	 90.000
FD11190	14.250 	 0.000 	 90.000
FD11190	14.375 	 0.000 	 90.000
FD11190	14.500 	 0.000 	 90.000
FD11190	14.625 	 0.000 	 90.000
FD11190	14.750 	 0.000 	 90.000
FD11190	14.875 	 0.000 	 90.000
FD11190	15.000 	 0.000 	 90.000
FD11190	15.125 	 0.000 	 90.000
FD11190	15.250 	 0.000 	 90.000
FD11190	15.375 	 0.000 	 90.000
FD11190	15.500 	 0.000 	 90.000
FD11190	15.625 	 0.000 	 90.000
FD11190	15.750 	 0.000 	 90.000
FD11190	15.875 	 0.000 	 90.000
FD11190	16.000 	 0.000 	 90.000
FD11190	16.125 	 0.000 	 90.000
FD11190	16.250 	 0.000 	 90.000
FD11190	16.375 	 0.000 	 90.000
FD11190	16.500 	 0.000 	 90.000
FD11190	16.625 	 0.000 	 90.000
FD11190	16.750 	 0.000 	 90.000
FD11190	16.875 	 0.000 	 90.000
FD11190	17.000 	 0.000 	 90.000
FD11190	17.125 	 0.000 	 90.000
FD11190	17.250 	 0.000 	 90.000
FD11190	17.375 	 0.000 	 90.000
FD11190	17.500 	 0.000 	 90.000
FD11190	17.625 	 0.000 	 90.000
FD11190	17.750 	 0.000 	 90.000
FD11190	17.875 	 0.000 	 90.000
FD11190	18.000 	 0.000 	 90.000
FD11190	18.125 	 0.000 	 90.000
FD11190	18.250 	 0.000 	 90.000
FD11190	18.375 	 0.000 	 90.000
FD11190	18.500 	 0.000 	 90.000
FD11190	18.625 	 0.000 	 90.000
FD11190	18.750 	 0.000 	 90.000
FD11190	18.875 	 0.000 	 90.000
FD11190	19.000 	 0.000 	 90.000
FD11190	19.125 	 0.000 	 90.000
FD11190	19.250 	 0.000 	 90.000
FD11190	19.375 	 0.000 	 90.000
FD11190	19.500 	 0.000 	 90.000
FD11190	19.625 	 0.000 	 90.000
FD11190	19.750 	 0.000 	 90.000
FD11190	19.875 	 0.000 	 90.000
FD11190	20.000 	 0.000 	 90.000
FD11190	20.125 	 0.000 	 90.000
FD11190	20.250 	 0.000 	 90.000
FD11190	20.375 	 0.000 	 90.000
FD11190	20.500 	 0.000 	 90.000
FD11190	20.625 	 0.000 	 90.000
FD11190	20.750 	 0.000 	 90.000
FD11190	20.875 	 0.000 	 90.000
FD11190	21.000 	 0.000 	 90.000
FD11190	21.125 	 0.000 	 90.000
FD11190	21.250 	 0.000 	 90.000
FD11190	21.375 	 0.000 	 90.000
FD11190	21.500 	 0.000 	 90.000
FD11190	21.625 	 0.000 	 90.000
FD11190	21.750 	 0.000 	 90.000
FD11190	21.875 	 0.000 	 90.000
FD11190	22.000 	 0.000 	 90.000
FD11190	22.125 	 0.000 	 90.000
FD11190	22.250 	 0.000 	 90.000
FD11190	22.375 	 0.000 	 90.000
FD11190	22.500 	 0.000 	 90.000
FD11190	22.625 	 0.000 	 90.000
FD11190	22.750 	 0.000 	 90.000
FD11190	22.875 	 0.000 	 90.000
FD11190	23.000 	 0.000 	 90.000
FD11190	23.125 	 0.000 	 90.000
FD11190	23.250 	 0.000 	 90.000
FD11190	23.375 	 0.000 	 90.000
FD11190	23.500 	 0.000 	 90.000
FD11190	23.625 	 0.000 	 90.000
FD11190	23.750 	 0.000 	 90.000
FD11190	23.875 	 0.000 	 90.000
FD11190	24.000 	 0.000 	 90.000
FD11190	24.125 	 0.000 	 90.000
FD11190	24.250 	 0.000 	 90.000
FD11190	24.375 	 0.000 	 90.000
FD11190	24.500 	 0.000 	 90.000
FD11190	24.625 	 0.000 	 90.000
FD11190	24.750 	 0.000 	 90.000
FD11190	24.875 	 0.000 	 90.000
FD11190	25.000 	 0.000 	 90.000
FD11190	25.125 	 0.000 	 90.000
FD11190	25.250 	 0.000 	 90.000
FD11190	25.375 	 0.000 	 90.000
FD11190	25.500 	 0.000 	 90.000
FD11190	25.625 	 0.000 	 90.000
FD11190	25.750 	 0.000 	 90.000
FD11190	25.875 	 0.000 	 90.000
FD11190	26.000 	 0.000 	 90.000
FD11190	26.125 	 0.000 	 90.000
FD11190	26.250 	 0.000 	 90.000
FD11190	26.375 	 0.000 	 90.000
FD11190	26.500 	 0.000 	 90.000
FD11190	26.625 	 0.000 	 90.000
FD11190	26.750 	 0.000 	 90.000
FD11190	26.875 	 0.000 	 90.000
FD11190	27.000 	 0.000 	 90.000
FD11190	27.125 	 0.000 	 90.000
FD11190	27.250 	 0.000 	 90.000
FD11190	27.375 	 0.000 	 90.000
FD11190	27.500 	 0.000 	 90.000
FD11190	27.625 	 0.000 	 90.000
FD11190	27.750 	 0.000 	 90.000
FD11190	27.875 	 0.000 	 90.000
FD11190	28.000 	 0.000 	 90.000
FD11190	28.125 	 0.000 	 90.000
FD11190	28.250 	 0.000 	 90.000
FD11190	28.375 	 0.000 	 90.000
FD11190	28.500 	 0.000 	 90.000
FD11190	28.625 	 0.000 	 90.000
FD11190	28.750 	 0.000 	 90.000
FD11190	28.875 	 0.000 	 90.000
FD11190	29.000 	 0.000 	 90.000
FD11190	29.125 	 0.000 	 90.000
FD11190	29.250 	 0.000 	 90.000
FD11190	29.375 	 0.000 	 90.000
FD11190	29.500 	 0.000 	 90.000
FD11190	29.625 	 0.000 	 90.000
FD11190	29.750 	 0.000 	 90.000
FD11190	29.875 	 0.000 	 90.000
FD11190	30.000 	 0.000 	 90.000
FD11190	30.125 	 0.000 	 90.000
FD11190	30.250 	 0.000 	 90.000
FD11190	30.375 	 0.000 	 90.000
FD11190	30.500 	 0.000 	 90.000
FD11190	30.625 	 0.000 	 90.000
FD11190	30.750 	 0.000 	 90.000
FD11190	30.875 	 0.000 	 90.000
FD11190	31.000 	 0.000 	 90.000
FD11190	31.125 	 0.000 	 90.000
FD11190	31.250 	 0.000 	 90.000
FD11190	31.375 	 0.000 	 90.000
FD11190	31.500 	 0.000 	 90.000
FD11190	31.625 	 0.000 	 90.000
FD11190	31.750 	 0.000 	 90.000
FD11190	31.875 	 0.000 	 90.000
FD11190	32.000 	 0.000 	 90.000
FD11190	32.125 	 0.000 	 90.000
FD11190	32.250 	 0.000 	 90.000
FD11190	32.375 	 0.000 	 90.000
FD11190	32.500 	 0.000 	 90.000
FD11190	32.625 	 0.000 	 90.000
FD11190	32.750 	 0.000 	 90.000
FD11190	32.875 	 0.000 	 90.000
FD11190	33.000 	 0.000 	 90.000
FD11190	33.125 	 0.000 	 90.000
FD11190	33.250 	 0.000 	 90.000
FD11190	33.375 	 0.000 	 90.000
FD11190	33.500 	 0.000 	 90.000
FD11190	33.625 	 0.000 	 90.000
FD11190	33.750 	 0.000 	 90.000
FD11190	33.875 	 0.000 	 90.000
FD11190	34.000 	 0.000 	 90.000
FD11190	34.125 	 0.000 	 90.000
FD11190	34.250 	 0.000 	 90.000
FD11190	34.375 	 0.000 	 90.000
FD11190	34.500 	 0.000 	 90.000
FD11190	34.625 	 0.000 	 90.000
FD11190	34.750 	 0.000 	 90.000
FD11190	34.875 	 0.000 	 90.000
FD11190	35.000 	 0.000 	 90.000
FD11190	35.125 	 0.000 	 90.000
FD11190	35.250 	 0.000 	 90.000
FD11190	35.375 	 0.000 	 90.000
FD11190	35.500 	 0.000 	 90.000
FD11190	35.625 	 0.000 	 90.000
FD11190	35.750 	 0.000 	 90.000
FD11190	35.875 	 0.000 	 90.000
FD11190	36.000 	 0.000 	 90.000
FD11190	36.125 	 0.000 	 90.000
FD11190	36.250 	 0.000 	 90.000
FD11190	36.375 	 0.000 	 90.000
FD11190	36.500 	 0.000 	 90.000
FD11190	36.625 	 0.000 	 90.000
FD11190	36.750 	 0.000 	 90.000
FD11190	36.875 	 0.000 	 90.000
FD11190	37.000 	 0.000 	 90.000
FD11190	37.125 	 0.000 	 90.000
FD11190	37.250 	 0.000 	 90.000
FD11190	37.375 	 0.000 	 90.000
FD11190	37.500 	 0.000 	 90.000
FD11190	37.625 	 0.000 	 90.000
FD11190	37.750 	 0.000 	 90.000
FD11190	37.875 	 0.000 	 90.000
FD11190	38.000 	 0.000 	 90.000
FD11190	38.125 	 0.000 	 90.000
FD11190	38.250 	 0.000 	 90.000
FD11190	38.375 	 0.000 	 90.000
FD11190	38.500 	 0.000 	 90.000
FD11190	38.625 	 0.000 	 90.000
FD11190	38.750 	 0.000 	 90.000
FD11190	38.875 	 0.000 	 90.000
FD11190	39.000 	 0.000 	 90.000
FD11190	39.125 	 0.000 	 90.000
FD11190	39.250 	 0.000 	 90.000
FD11190	39.375 	 0.000 	 90.000
FD11190	39.500 	 0.000 	 90.000
FD11190	39.625 	 0.000 	 90.000
FD11190	39.750 	 0.000 	 90.000
FD11190	39.875 	 0.000 	 90.000
FD11190	40.000 	 0.000 	 90.000
FD11190	40.125 	 0.000 	 90.000
FD11190	40.250 	 0.000 	 90.000
FD11190	40.375 	 0.000 	 90.000
FD11190	40.500 	 0.000 	 90.000
FD11190	40.625 	 0.000 	 90.000
FD11190	40.750 	 0.000 	 90.000
FD11190	40.875 	 0.000 	 90.000
FD11190	41.000 	 0.000 	 90.000
FD11190	41.125 	 0.000 	 90.000
FD11190	41.250 	 0.000 	 90.000
FD11190	41.375 	 0.000 	 90.000
FD11190	41.500 	 0.000 	 90.000
FD11190	41.625 	 0.000 	 90.000
FD11190	41.750 	 0.000 	 90.000
FD11190	41.875 	 0.000 	 90.000
FD11190	42.000 	 0.000 	 90.000
FD11190	42.125 	 0.000 	 90.000
FD11190	42.250 	 0.000 	 90.000
FD11190	42.375 	 0.000 	 90.000
FD11190	42.500 	 0.000 	 90.000
FD11190	42.625 	 0.000 	 90.000
FD11190	42.750 	 0.000 	 90.000
FD11190	42.875 	 0.000 	 90.000
FD11190	43.000 	 0.000 	 90.000
FD11190	43.125 	 0.000 	 90.000
FD11190	43.250 	 0.000 	 90.000
FD11190	43.375 	 0.000 	 90.000
FD11190	43.500 	 0.000 	 90.000
FD11190	43.625 	 0.000 	 90.000
FD11190	43.750 	 0.000 	 90.000
FD11190	43.875 	 0.000 	 90.000
FD11190	44.000 	 0.000 	 90.000
FD11190	44.125 	 1.154 	 220.633
FD11190	44.250 	 1.159 	 220.523
FD11190	44.375 	 1.165 	 220.458
FD11190	44.500 	 1.171 	 220.373
FD11190	44.625 	 1.176 	 220.236
FD11190	44.750 	 1.182 	 220.099
FD11190	44.875 	 1.187 	 219.972
FD11190	45.000 	 1.193 	 219.844
FD11190	45.125 	 1.199 	 219.835
FD11190	45.250 	 1.205 	 219.995
FD11190	45.375 	 1.211 	 220.228
FD11190	45.500 	 1.216 	 220.425
FD11190	45.625 	 1.222 	 220.400
FD11190	45.750 	 1.228 	 220.213
FD11190	45.875 	 1.235 	 220.061
FD11190	46.000 	 1.241 	 219.976
FD11190	46.125 	 1.247 	 219.961
FD11190	46.250 	 1.254 	 219.993
FD11190	46.375 	 1.260 	 220.052
FD11190	46.500 	 1.266 	 220.147
FD11190	46.625 	 1.273 	 220.241
FD11190	46.750 	 1.279 	 220.335
FD11190	46.875 	 1.286 	 220.445
FD11190	47.000 	 1.294 	 220.548
FD11190	47.125 	 1.300 	 220.608
FD11190	47.250 	 1.308 	 220.607
FD11190	47.375 	 1.314 	 220.568
FD11190	47.500 	 1.322 	 220.517
FD11190	47.625 	 1.330 	 220.475
FD11190	47.750 	 1.337 	 220.470
FD11190	47.875 	 1.344 	 220.511
FD11190	48.000 	 1.352 	 220.548
FD11190	48.125 	 1.360 	 220.544
FD11190	48.250 	 1.368 	 220.551
FD11190	48.375 	 1.375 	 220.604
FD11190	48.500 	 1.383 	 220.657
FD11190	48.625 	 1.392 	 220.657
FD11190	48.750 	 1.400 	 220.671
FD11190	48.875 	 1.408 	 220.735
FD11190	49.000 	 1.417 	 220.805
FD11190	49.125 	 1.425 	 220.842
FD11190	49.250 	 1.433 	 220.884
FD11190	49.375 	 1.442 	 220.972
FD11190	49.500 	 1.450 	 221.073
FD11190	49.625 	 1.460 	 221.186
FD11190	49.750 	 1.468 	 221.261
FD11190	49.875 	 1.478 	 221.270
FD11190	50.000 	 1.486 	 221.265
FD11190	50.125 	 1.496 	 221.315
FD11190	50.250 	 1.504 	 221.408
FD11190	50.375 	 1.513 	 221.489
FD11190	50.500 	 1.523 	 221.588
FD11190	50.625 	 1.532 	 221.689
FD11190	50.750 	 1.541 	 221.788
FD11190	50.875 	 1.550 	 221.923
FD11190	51.000 	 1.559 	 222.069
FD11190	51.125 	 1.568 	 222.181
FD11190	51.250 	 1.577 	 222.267
FD11190	51.375 	 1.587 	 222.347
FD11190	51.500 	 1.596 	 222.426
FD11190	51.625 	 1.605 	 222.533
FD11190	51.750 	 1.615 	 222.635
FD11190	51.875 	 1.624 	 222.715
FD11190	52.000 	 1.633 	 222.820
FD11190	52.125 	 1.643 	 222.938
FD11190	52.250 	 1.652 	 223.045
FD11190	52.375 	 1.662 	 223.121
FD11190	52.500 	 1.671 	 223.176
FD11190	52.625 	 1.680 	 223.256
FD11190	52.750 	 1.690 	 223.342
FD11190	52.875 	 1.700 	 223.390
FD11190	53.000 	 1.710 	 223.397
FD11190	53.125 	 1.720 	 223.418
FD11190	53.250 	 1.730 	 223.494
FD11190	53.375 	 1.740 	 223.621
FD11190	53.500 	 1.750 	 223.743
FD11190	53.625 	 1.761 	 223.829
FD11190	53.750 	 1.771 	 223.893
FD11190	53.875 	 1.783 	 223.971
FD11190	54.000 	 1.793 	 224.107
FD11190	54.125 	 1.805 	 224.281
FD11190	54.250 	 1.816 	 224.411
FD11190	54.375 	 1.827 	 224.504
FD11190	54.500 	 1.839 	 224.626
FD11190	54.625 	 1.851 	 224.758
FD11190	54.750 	 1.863 	 224.877
FD11190	54.875 	 1.875 	 225.006
FD11190	55.000 	 1.887 	 225.054
FD11190	55.125 	 1.899 	 225.010
FD11190	55.250 	 1.912 	 225.014
FD11190	55.375 	 1.924 	 225.115
FD11190	55.500 	 1.936 	 225.264
FD11190	55.625 	 1.948 	 225.402
FD11190	55.750 	 1.960 	 225.520
FD11190	55.875 	 1.973 	 225.641
FD11190	56.000 	 1.986 	 225.784
FD11190	56.125 	 1.998 	 225.900
FD11190	56.250 	 2.010 	 225.962
FD11190	56.375 	 2.023 	 225.952
FD11190	56.500 	 2.035 	 225.938
FD11190	56.625 	 2.048 	 226.017
FD11190	56.750 	 2.060 	 226.126
FD11190	56.875 	 2.072 	 226.241
FD11190	57.000 	 2.085 	 226.389
FD11190	57.125 	 2.097 	 226.682
FD11190	57.250 	 2.109 	 227.090
FD11190	57.375 	 2.122 	 227.506
FD11190	57.500 	 2.134 	 227.899
FD11190	57.625 	 2.146 	 228.090
FD11190	57.750 	 2.159 	 228.155
FD11190	57.875 	 2.171 	 228.369
FD11190	58.000 	 2.183 	 228.689
FD11190	58.125 	 2.195 	 229.000
FD11190	58.250 	 2.207 	 229.280
FD11190	58.375 	 2.219 	 229.508
FD11190	58.500 	 2.231 	 229.741
FD11190	58.625 	 2.243 	 229.873
FD11190	58.750 	 2.255 	 229.867
FD11190	58.875 	 2.266 	 229.919
FD11190	59.000 	 2.278 	 229.996
FD11190	59.125 	 2.289 	 230.064
FD11190	59.250 	 2.301 	 230.169
FD11190	59.375 	 2.312 	 230.230
FD11190	59.500 	 2.324 	 230.313
FD11190	59.625 	 2.334 	 230.484
FD11190	59.750 	 2.346 	 230.633
FD11190	59.875 	 2.357 	 230.760
FD11190	60.000 	 2.368 	 230.974
FD11190	60.125 	 2.378 	 231.164
FD11190	60.250 	 2.388 	 231.237
FD11190	60.375 	 2.399 	 231.343
FD11190	60.500 	 2.409 	 231.504
FD11190	60.625 	 2.419 	 231.623
FD11190	60.750 	 2.429 	 231.755
FD11190	60.875 	 2.439 	 232.004
FD11190	61.000 	 2.449 	 232.303
FD11190	61.125 	 2.459 	 232.551
FD11190	61.250 	 2.471 	 232.726
FD11190	61.375 	 2.484 	 232.833
FD11190	61.500 	 2.497 	 232.951
FD11190	61.625 	 2.512 	 233.124
FD11190	61.750 	 2.527 	 233.343
FD11190	61.875 	 2.543 	 233.602
FD11190	62.000 	 2.560 	 233.871
FD11190	62.125 	 2.578 	 234.064
FD11190	62.250 	 2.598 	 234.224
FD11190	62.375 	 2.618 	 234.426
FD11190	62.500 	 2.639 	 234.567
FD11190	62.625 	 2.661 	 234.628
FD11190	62.750 	 2.684 	 234.718
FD11190	62.875 	 2.707 	 234.881
FD11190	63.000 	 2.732 	 235.107
FD11190	63.125 	 2.756 	 235.326
FD11190	63.250 	 2.780 	 235.524
FD11190	63.375 	 2.804 	 235.732
FD11190	63.500 	 2.827 	 235.967
FD11190	63.625 	 2.849 	 236.209
FD11190	63.750 	 2.872 	 236.412
FD11190	63.875 	 2.894 	 236.579
FD11190	64.000 	 2.915 	 236.731
FD11190	64.125 	 2.936 	 236.898
FD11190	64.250 	 2.957 	 237.080
FD11190	64.375 	 2.976 	 237.265
FD11190	64.500 	 2.996 	 237.419
FD11190	64.625 	 3.014 	 237.564
FD11190	64.750 	 3.032 	 237.782
FD11190	64.875 	 3.048 	 238.081
FD11190	65.000 	 3.064 	 238.389
FD11190	65.125 	 3.080 	 238.631
FD11190	65.250 	 3.098 	 238.883
FD11190	65.375 	 3.117 	 239.195
FD11190	65.500 	 3.136 	 239.435
FD11190	65.625 	 3.156 	 239.519
FD11190	65.750 	 3.177 	 239.583
FD11190	65.875 	 3.200 	 239.763
FD11190	66.000 	 3.223 	 240.043
FD11190	66.125 	 3.249 	 240.358
FD11190	66.250 	 3.275 	 240.543
FD11190	66.375 	 3.304 	 240.611
FD11190	66.500 	 3.334 	 240.761
FD11190	66.625 	 3.365 	 240.932
FD11190	66.750 	 3.399 	 241.048
FD11190	66.875 	 3.434 	 241.138
FD11190	67.000 	 3.471 	 241.162
FD11190	67.125 	 3.509 	 241.272
FD11190	67.250 	 3.547 	 241.617
FD11190	67.375 	 3.586 	 241.965
FD11190	67.500 	 3.626 	 242.178
FD11190	67.625 	 3.665 	 242.418
FD11190	67.750 	 3.705 	 242.748
FD11190	67.875 	 3.745 	 243.086
FD11190	68.000 	 3.787 	 243.314
FD11190	68.125 	 3.827 	 243.459
FD11190	68.250 	 3.869 	 243.611
FD11190	68.375 	 3.909 	 243.758
FD11190	68.500 	 3.951 	 243.858
FD11190	68.625 	 3.993 	 243.896
FD11190	68.750 	 4.035 	 243.941
FD11190	68.875 	 4.077 	 244.091
FD11190	69.000 	 4.120 	 244.289
FD11190	69.125 	 4.162 	 244.421
FD11190	69.250 	 4.205 	 244.526
FD11190	69.375 	 4.249 	 244.635
FD11190	69.500 	 4.292 	 244.709
FD11190	69.625 	 4.335 	 244.779
FD11190	69.750 	 4.379 	 244.895
FD11190	69.875 	 4.422 	 245.085
FD11190	70.000 	 4.466 	 245.329
FD11190	70.125 	 4.510 	 245.595
FD11190	70.250 	 4.554 	 245.851
FD11190	70.375 	 4.598 	 246.045
FD11190	70.500 	 4.641 	 246.143
FD11190	70.625 	 4.685 	 246.221
FD11190	70.750 	 4.728 	 246.352
FD11190	70.875 	 4.772 	 246.506
FD11190	71.000 	 4.816 	 246.700
FD11190	71.125 	 4.859 	 246.919
FD11190	71.250 	 4.902 	 247.128
FD11190	71.375 	 4.946 	 247.269
FD11190	71.500 	 4.988 	 247.273
FD11190	71.625 	 5.031 	 247.255
FD11190	71.750 	 5.075 	 247.328
FD11190	71.875 	 5.117 	 247.402
FD11190	72.000 	 5.160 	 247.394
FD11190	72.125 	 5.204 	 247.336
FD11190	72.250 	 5.246 	 247.325
FD11190	72.375 	 5.290 	 247.446
FD11190	72.500 	 5.333 	 247.616
FD11190	72.625 	 5.376 	 247.745
FD11190	72.750 	 5.419 	 247.793
FD11190	72.875 	 5.463 	 247.795
FD11190	73.000 	 5.507 	 247.824
FD11190	73.125 	 5.550 	 247.872
FD11190	73.250 	 5.594 	 247.903
FD11190	73.375 	 5.637 	 247.908
FD11190	73.500 	 5.681 	 247.949
FD11190	73.625 	 5.725 	 248.095
FD11190	73.750 	 5.769 	 248.279
FD11190	73.875 	 5.813 	 248.428
FD11190	74.000 	 5.856 	 248.582
FD11190	74.125 	 5.900 	 248.768
FD11190	74.250 	 5.944 	 248.971
FD11190	74.375 	 5.987 	 249.186
FD11190	74.500 	 6.031 	 249.361
FD11190	74.625 	 6.075 	 249.448
FD11190	74.750 	 6.119 	 249.480
FD11190	74.875 	 6.162 	 249.555
FD11190	75.000 	 6.206 	 249.686
FD11190	75.125 	 6.249 	 249.818
FD11190	75.250 	 6.293 	 249.989
FD11190	75.375 	 6.336 	 250.195
FD11190	75.500 	 6.380 	 250.313
FD11190	75.625 	 6.424 	 250.342
FD11190	75.750 	 6.468 	 250.363
FD11190	75.875 	 6.512 	 250.453
FD11190	76.000 	 6.556 	 250.603
FD11190	76.125 	 6.601 	 250.756
FD11190	76.250 	 6.645 	 250.885
FD11190	76.375 	 6.690 	 250.989
FD11190	76.500 	 6.735 	 251.133
FD11190	76.625 	 6.781 	 251.266
FD11190	76.750 	 6.826 	 251.354
FD11190	76.875 	 6.872 	 251.416
FD11190	77.000 	 6.917 	 251.429
FD11190	77.125 	 6.963 	 251.375
FD11190	77.250 	 7.009 	 251.279
FD11190	77.375 	 7.054 	 251.240
FD11190	77.500 	 7.100 	 251.361
FD11190	77.625 	 7.145 	 251.571
FD11190	77.750 	 7.191 	 251.692
FD11190	77.875 	 7.237 	 251.745
FD11190	78.000 	 7.281 	 251.802
FD11190	78.125 	 7.327 	 251.905
FD11190	78.250 	 7.372 	 252.051
FD11190	78.375 	 7.417 	 252.140
FD11190	78.500 	 7.463 	 252.153
FD11190	78.625 	 7.507 	 252.187
FD11190	78.750 	 7.551 	 252.298
FD11190	78.875 	 7.596 	 252.435
FD11190	79.000 	 7.641 	 252.559
FD11190	79.125 	 7.686 	 252.651
FD11190	79.250 	 7.730 	 252.732
FD11190	79.375 	 7.776 	 252.884
FD11190	79.500 	 7.819 	 253.080
FD11190	79.625 	 7.864 	 253.224
FD11190	79.750 	 7.908 	 253.288
FD11190	79.875 	 7.951 	 253.301
FD11190	80.000 	 7.995 	 253.342
FD11190	80.125 	 8.039 	 253.428
FD11190	80.250 	 8.081 	 253.520
FD11190	80.375 	 8.124 	 253.590
FD11190	80.500 	 8.167 	 253.650
FD11190	80.625 	 8.211 	 253.713
FD11190	80.750 	 8.254 	 253.759
FD11190	80.875 	 8.297 	 253.730
FD11190	81.000 	 8.339 	 253.634
FD11190	81.125 	 8.383 	 253.628
FD11190	81.250 	 8.426 	 253.720
FD11190	81.375 	 8.469 	 253.794
FD11190	81.500 	 8.511 	 253.832
FD11190	81.625 	 8.555 	 253.849
FD11190	81.750 	 8.598 	 253.889
FD11190	81.875 	 8.642 	 253.971
FD11190	82.000 	 8.685 	 254.054
FD11190	82.125 	 8.729 	 254.135
FD11190	82.250 	 8.772 	 254.275
FD11190	82.375 	 8.814 	 254.349
FD11190	82.500 	 8.857 	 254.291
FD11190	82.625 	 8.900 	 254.272
FD11190	82.750 	 8.942 	 254.308
FD11190	82.875 	 8.984 	 254.331
FD11190	83.000 	 9.026 	 254.345
FD11190	83.125 	 9.068 	 254.336
FD11190	83.250 	 9.108 	 254.298
FD11190	83.375 	 9.149 	 254.274
FD11190	83.500 	 9.190 	 254.309
FD11190	83.625 	 9.230 	 254.363
FD11190	83.750 	 9.271 	 254.336
FD11190	83.875 	 9.311 	 254.249
FD11190	84.000 	 9.351 	 254.184
FD11190	84.125 	 9.393 	 254.148
FD11190	84.250 	 9.434 	 254.112
FD11190	84.375 	 9.475 	 254.046
FD11190	84.500 	 9.515 	 253.974
FD11190	84.625 	 9.558 	 253.928
FD11190	84.750 	 9.599 	 253.929
FD11190	84.875 	 9.641 	 254.010
FD11190	85.000 	 9.682 	 254.092
FD11190	85.125 	 9.724 	 254.083
FD11190	85.250 	 9.766 	 254.039
FD11190	85.375 	 9.809 	 253.989
FD11190	85.500 	 9.851 	 253.891
FD11190	85.625 	 9.894 	 253.768
FD11190	85.750 	 9.936 	 253.645
FD11190	85.875 	 9.978 	 253.548
FD11190	86.000 	 10.020 	 253.498
FD11190	86.125 	 10.063 	 253.451
FD11190	86.250 	 10.105 	 253.421
FD11190	86.375 	 10.147 	 253.427
FD11190	86.500 	 10.189 	 253.412
FD11190	86.625 	 10.231 	 253.388
FD11190	86.750 	 10.273 	 253.370
FD11190	86.875 	 10.314 	 253.316
FD11190	87.000 	 10.356 	 253.240
FD11190	87.125 	 10.398 	 253.124
FD11190	87.250 	 10.440 	 252.934
FD11190	87.375 	 10.480 	 252.752
FD11190	87.500 	 10.523 	 252.620
FD11190	87.625 	 10.564 	 252.504
FD11190	87.750 	 10.606 	 252.414
FD11190	87.875 	 10.647 	 252.324
FD11190	88.000 	 10.687 	 252.221
FD11190	88.125 	 10.727 	 252.157
FD11190	88.250 	 10.767 	 252.127
FD11190	88.375 	 10.807 	 252.081
FD11190	88.500 	 10.845 	 252.035
FD11190	88.625 	 10.884 	 252.044
FD11190	88.750 	 10.923 	 252.115
FD11190	88.875 	 10.959 	 252.187
FD11190	89.000 	 10.998 	 252.178
FD11190	89.125 	 11.033 	 252.082
FD11190	89.250 	 11.070 	 252.001
FD11190	89.375 	 11.106 	 251.962
FD11190	89.500 	 11.141 	 251.897
FD11190	89.625 	 11.178 	 251.832
FD11190	89.750 	 11.211 	 251.787
FD11190	89.875 	 11.247 	 251.706
FD11190	90.000 	 11.281 	 251.582
FD11190	90.125 	 11.315 	 251.455
FD11190	90.250 	 11.350 	 251.407
FD11190	90.375 	 11.385 	 251.484
FD11190	90.500 	 11.421 	 251.589
FD11190	90.625 	 11.457 	 251.595
FD11190	90.750 	 11.493 	 251.503
FD11190	90.875 	 11.529 	 251.441
FD11190	91.000 	 11.566 	 251.406
FD11190	91.125 	 11.602 	 251.284
FD11190	91.250 	 11.640 	 251.117
FD11190	91.375 	 11.678 	 250.977
FD11190	91.500 	 11.717 	 250.849
FD11190	91.625 	 11.756 	 250.727
FD11190	91.750 	 11.796 	 250.640
FD11190	91.875 	 11.836 	 250.600
FD11190	92.000 	 11.876 	 250.572
FD11190	92.125 	 11.917 	 250.562
FD11190	92.250 	 11.958 	 250.566
FD11190	92.375 	 12.000 	 250.536
FD11190	92.500 	 12.042 	 250.478
FD11190	92.625 	 12.084 	 250.471
FD11190	92.750 	 12.128 	 250.492
FD11190	92.875 	 12.172 	 250.450
FD11190	93.000 	 12.217 	 250.345
FD11190	93.125 	 12.262 	 250.197
FD11190	93.250 	 12.307 	 250.040
FD11190	93.375 	 12.354 	 249.900
FD11190	93.500 	 12.401 	 249.788
FD11190	93.625 	 12.449 	 249.690
FD11190	93.750 	 12.497 	 249.661
FD11190	93.875 	 12.545 	 249.720
FD11190	94.000 	 12.594 	 249.753
FD11190	94.125 	 12.645 	 249.719
FD11190	94.250 	 12.693 	 249.614
FD11190	94.375 	 12.743 	 249.445
FD11190	94.500 	 12.792 	 249.277
FD11190	94.625 	 12.843 	 249.176
FD11190	94.750 	 12.893 	 249.157
FD11190	94.875 	 12.941 	 249.129
FD11190	95.000 	 12.990 	 249.071
FD11190	95.125 	 13.038 	 249.027
FD11190	95.250 	 13.085 	 248.972
FD11190	95.375 	 13.132 	 248.887
FD11190	95.500 	 13.178 	 248.800
FD11190	95.625 	 13.224 	 248.742
FD11190	95.750 	 13.269 	 248.723
FD11190	95.875 	 13.314 	 248.701
FD11190	96.000 	 13.359 	 248.636
FD11190	96.125 	 13.402 	 248.543
FD11190	96.250 	 13.445 	 248.423
FD11190	96.375 	 13.489 	 248.282
FD11190	96.500 	 13.531 	 248.143
FD11190	96.625 	 13.574 	 248.005
FD11190	96.750 	 13.615 	 247.863
FD11190	96.875 	 13.657 	 247.738
FD11190	97.000 	 13.700 	 247.625
FD11190	97.125 	 13.740 	 247.556
FD11190	97.250 	 13.783 	 247.555
FD11190	97.375 	 13.823 	 247.594
FD11190	97.500 	 13.866 	 247.668
FD11190	97.625 	 13.906 	 247.726
FD11190	97.750 	 13.947 	 247.714
FD11190	97.875 	 13.989 	 247.618
FD11190	98.000 	 14.029 	 247.465
FD11190	98.125 	 14.069 	 247.316
FD11190	98.250 	 14.111 	 247.222
FD11190	98.375 	 14.149 	 247.127
FD11190	98.500 	 14.190 	 246.982
FD11190	98.625 	 14.231 	 246.848
FD11190	98.750 	 14.269 	 246.734
FD11190	98.875 	 14.308 	 246.646
FD11190	99.000 	 14.348 	 246.592
FD11190	99.125 	 14.387 	 246.522
FD11190	99.250 	 14.425 	 246.463
FD11190	99.375 	 14.465 	 246.419
FD11190	99.500 	 14.503 	 246.358
FD11190	99.625 	 14.542 	 246.304
FD11190	99.750 	 14.582 	 246.236
FD11190	99.875 	 14.621 	 246.107
FD11190	100.000 	 14.659 	 245.943
FD11190	100.125 	 14.698 	 245.809
FD11190	100.250 	 14.738 	 245.761
FD11190	100.375 	 14.776 	 245.741
FD11190	100.500 	 14.814 	 245.702
FD11190	100.625 	 14.854 	 245.704
FD11190	100.750 	 14.892 	 245.681
FD11190	100.875 	 14.931 	 245.545
FD11190	101.000 	 14.970 	 245.370
FD11190	101.125 	 15.010 	 245.237
FD11190	101.250 	 15.050 	 245.176
FD11190	101.375 	 15.089 	 245.117
FD11190	101.500 	 15.127 	 245.019
FD11190	101.625 	 15.168 	 244.938
FD11190	101.750 	 15.206 	 244.865
FD11190	101.875 	 15.246 	 244.778
FD11190	102.000 	 15.285 	 244.735
FD11190	102.125 	 15.325 	 244.743
FD11190	102.250 	 15.365 	 244.767
FD11190	102.375 	 15.404 	 244.768
FD11190	102.500 	 15.445 	 244.763
FD11190	102.625 	 15.485 	 244.757
FD11190	102.750 	 15.526 	 244.690
FD11190	102.875 	 15.567 	 244.586
FD11190	103.000 	 15.606 	 244.511
FD11190	103.125 	 15.646 	 244.457
FD11190	103.250 	 15.689 	 244.425
FD11190	103.375 	 15.729 	 244.427
FD11190	103.500 	 15.771 	 244.455
FD11190	103.625 	 15.813 	 244.460
FD11190	103.750 	 15.855 	 244.441
FD11190	103.875 	 15.900 	 244.458
FD11190	104.000 	 15.941 	 244.453
FD11190	104.125 	 15.984 	 244.353
FD11190	104.250 	 16.029 	 244.221
FD11190	104.375 	 16.073 	 244.025
FD11190	104.500 	 16.117 	 243.759
FD11190	104.625 	 16.162 	 243.562
FD11190	104.750 	 16.206 	 243.421
FD11190	104.875 	 16.252 	 243.289
FD11190	105.000 	 16.297 	 243.177
FD11190	105.125 	 16.343 	 243.087
FD11190	105.250 	 16.389 	 243.054
FD11190	105.375 	 16.434 	 243.088
FD11190	105.500 	 16.480 	 243.118
FD11190	105.625 	 16.526 	 243.096
FD11190	105.750 	 16.572 	 243.032
FD11190	105.875 	 16.617 	 242.969
FD11190	106.000 	 16.663 	 242.960
FD11190	106.125 	 16.709 	 242.994
FD11190	106.250 	 16.754 	 243.053
FD11190	106.375 	 16.800 	 243.079
FD11190	106.500 	 16.848 	 243.009
FD11190	106.625 	 16.892 	 242.890
FD11190	106.750 	 16.942 	 242.799
FD11190	106.875 	 16.988 	 242.718
FD11190	107.000 	 17.038 	 242.598
FD11190	107.125 	 17.084 	 242.468
FD11190	107.250 	 17.135 	 242.377
FD11190	107.375 	 17.184 	 242.334
FD11190	107.500 	 17.233 	 242.348
FD11190	107.625 	 17.284 	 242.321
FD11190	107.750 	 17.333 	 242.145
FD11190	107.875 	 17.383 	 241.998
FD11190	108.000 	 17.433 	 242.040
FD11190	108.125 	 17.483 	 242.123
FD11190	108.250 	 17.532 	 242.123
FD11190	108.375 	 17.581 	 242.132
FD11190	108.500 	 17.631 	 242.219
FD11190	108.625 	 17.680 	 242.350
FD11190	108.750 	 17.728 	 242.439
FD11190	108.875 	 17.777 	 242.386
FD11190	109.000 	 17.825 	 242.270
FD11190	109.125 	 17.872 	 242.191
FD11190	109.250 	 17.921 	 242.127
FD11190	109.375 	 17.968 	 242.111
FD11190	109.500 	 18.017 	 242.163
FD11190	109.625 	 18.063 	 241.971
FD11190	109.750 	 18.111 	 241.170
FD11190	109.875 	 18.159 	 240.463
FD11190	110.000 	 18.205 	 240.323
FD11190	110.125 	 18.252 	 240.305
FD11190	110.250 	 18.300 	 240.313
FD11190	110.375 	 18.346 	 240.365
FD11190	110.500 	 18.393 	 240.402
FD11190	110.625 	 18.439 	 240.371
FD11190	110.750 	 18.484 	 240.271
FD11190	110.875 	 18.529 	 240.218
FD11190	111.000 	 18.576 	 240.200
FD11190	111.125 	 18.619 	 240.163
FD11190	111.250 	 18.665 	 240.184
FD11190	111.375 	 18.708 	 240.247
FD11190	111.500 	 18.750 	 240.277
FD11190	111.625 	 18.795 	 240.302
FD11190	111.750 	 18.837 	 240.336
FD11190	111.875 	 18.881 	 240.323
FD11190	112.000 	 18.923 	 240.232
FD11190	112.125 	 18.967 	 240.123
FD11190	112.250 	 19.009 	 240.039
FD11190	112.375 	 19.053 	 239.988
FD11190	112.500 	 19.095 	 239.976
FD11190	112.625 	 19.139 	 239.989
FD11190	112.750 	 19.184 	 239.951
FD11190	112.875 	 19.228 	 239.866
FD11190	113.000 	 19.272 	 239.827
FD11190	113.125 	 19.317 	 239.795
FD11190	113.250 	 19.364 	 239.628
FD11190	113.375 	 19.411 	 239.339
FD11190	113.500 	 19.457 	 239.153
FD11190	113.625 	 19.505 	 239.143
FD11190	113.750 	 19.553 	 239.255
FD11190	113.875 	 19.602 	 239.462
FD11190	114.000 	 19.650 	 239.587
FD11190	114.125 	 19.700 	 239.509
FD11190	114.250 	 19.750 	 239.385
FD11190	114.375 	 19.799 	 239.285
FD11190	114.500 	 19.850 	 239.196
FD11190	114.625 	 19.899 	 239.166
FD11190	114.750 	 19.949 	 239.158
FD11190	114.875 	 20.000 	 239.211
FD11190	115.000 	 20.050 	 239.305
FD11190	115.125 	 20.100 	 239.327
FD11190	115.250 	 20.150 	 239.269
FD11190	115.375 	 20.199 	 239.167
FD11190	115.500 	 20.250 	 239.078
FD11190	115.625 	 20.300 	 239.058
FD11190	115.750 	 20.349 	 239.102
FD11190	115.875 	 20.399 	 239.120
FD11190	116.000 	 20.447 	 239.097
FD11190	116.125 	 20.496 	 239.097
FD11190	116.250 	 20.545 	 239.056
FD11190	116.375 	 20.593 	 238.978
FD11190	116.500 	 20.640 	 238.928
FD11190	116.625 	 20.686 	 238.926
FD11190	116.750 	 20.732 	 238.925
FD11190	116.875 	 20.777 	 238.873
FD11190	117.000 	 20.824 	 238.766
FD11190	117.125 	 20.866 	 238.667
FD11190	117.250 	 20.911 	 238.628
FD11190	117.375 	 20.954 	 238.585
FD11190	117.500 	 20.993 	 238.520
FD11190	117.625 	 21.034 	 238.470
FD11190	117.750 	 21.074 	 238.418
FD11190	117.875 	 21.111 	 238.345
FD11190	118.000 	 21.150 	 238.273
FD11190	118.125 	 21.186 	 238.282
FD11190	118.250 	 21.221 	 238.375
FD11190	118.375 	 21.257 	 238.454
FD11190	118.500 	 21.290 	 238.529
FD11190	118.625 	 21.325 	 238.634
FD11190	118.750 	 21.357 	 238.719
FD11190	118.875 	 21.391 	 238.743
FD11190	119.000 	 21.423 	 238.697
FD11190	119.125 	 21.455 	 238.599
FD11190	119.250 	 21.488 	 238.516
FD11190	119.375 	 21.520 	 238.561
FD11190	119.500 	 21.551 	 238.693
FD11190	119.625 	 21.584 	 238.660
FD11190	119.750 	 21.616 	 238.432
FD11190	119.875 	 21.650 	 238.265
FD11190	120.000 	 21.682 	 238.212
FD11190	120.125 	 21.715 	 238.205
FD11190	120.250 	 21.747 	 238.257
FD11190	120.375 	 21.781 	 238.290
FD11190	120.500 	 21.813 	 238.252
FD11190	120.625 	 21.846 	 238.193
FD11190	120.750 	 21.880 	 238.120
FD11190	120.875 	 21.910 	 238.028
FD11190	121.000 	 21.943 	 237.972
FD11190	121.125 	 21.975 	 238.025
FD11190	121.250 	 22.007 	 238.169
FD11190	121.375 	 22.038 	 238.311
FD11190	121.500 	 22.068 	 238.440
FD11190	121.625 	 22.100 	 238.543
FD11190	121.750 	 22.130 	 238.589
FD11190	121.875 	 22.162 	 238.581
FD11190	122.000 	 22.190 	 238.526
FD11190	122.125 	 22.220 	 238.502
FD11190	122.250 	 22.249 	 238.551
FD11190	122.375 	 22.276 	 238.574
FD11190	122.500 	 22.305 	 238.556
FD11190	122.625 	 22.333 	 238.562
FD11190	122.750 	 22.359 	 238.528
FD11190	122.875 	 22.385 	 238.444
FD11190	123.000 	 22.409 	 238.363
FD11190	123.125 	 22.434 	 238.323
FD11190	123.250 	 22.457 	 238.294
FD11190	123.375 	 22.480 	 238.246
FD11190	123.500 	 22.503 	 238.193
FD11190	123.625 	 22.523 	 238.156
FD11190	123.750 	 22.544 	 238.125
FD11190	123.875 	 22.565 	 238.059
FD11190	124.000 	 22.582 	 237.917
FD11190	124.125 	 22.600 	 237.759
FD11190	124.250 	 22.618 	 237.627
FD11190	124.375 	 22.635 	 237.503
FD11190	124.500 	 22.652 	 237.452
FD11190	124.625 	 22.668 	 237.489
FD11190	124.750 	 22.686 	 237.516
FD11190	124.875 	 22.701 	 237.513
FD11190	125.000 	 22.717 	 237.526
FD11190	125.125 	 22.733 	 237.478
FD11190	125.250 	 22.750 	 237.361
FD11190	125.375 	 22.764 	 237.286
FD11190	125.500 	 22.780 	 237.301
FD11190	125.625 	 22.796 	 237.339
FD11190	125.750 	 22.811 	 237.324
FD11190	125.875 	 22.828 	 237.316
FD11190	126.000 	 22.843 	 237.391
FD11190	126.125 	 22.859 	 237.491
FD11190	126.250 	 22.875 	 237.593
FD11190	126.375 	 22.889 	 237.671
FD11190	126.500 	 22.902 	 237.721
FD11190	126.625 	 22.919 	 237.765
FD11190	126.750 	 22.932 	 237.735
FD11190	126.875 	 22.945 	 237.699
FD11190	127.000 	 22.959 	 237.792
FD11190	127.125 	 22.972 	 237.932
FD11190	127.250 	 22.985 	 238.016
FD11190	127.375 	 22.996 	 238.052
FD11190	127.500 	 23.007 	 238.071
FD11190	127.625 	 23.019 	 238.054
FD11190	127.750 	 23.028 	 238.007
FD11190	127.875 	 23.040 	 237.991
FD11190	128.000 	 23.050 	 238.000
FD11190	128.125 	 23.059 	 237.993
FD11190	128.250 	 23.069 	 238.002
FD11190	128.375 	 23.080 	 238.057
FD11190	128.500 	 23.088 	 238.123
FD11190	128.625 	 23.098 	 238.155
FD11190	128.750 	 23.108 	 238.170
FD11190	128.875 	 23.116 	 238.160
FD11190	129.000 	 23.125 	 238.093
FD11190	129.125 	 23.133 	 238.003
FD11190	129.250 	 23.141 	 237.915
FD11190	129.375 	 23.150 	 237.850
FD11190	129.500 	 23.154 	 237.792
FD11190	129.625 	 23.163 	 237.718
FD11190	129.750 	 23.169 	 237.719
FD11190	129.875 	 23.177 	 237.775
FD11190	130.000 	 23.182 	 237.801
FD11190	130.125 	 23.188 	 237.789
FD11190	130.250 	 23.195 	 237.728
FD11190	130.375 	 23.201 	 237.618
FD11190	130.500 	 23.207 	 237.490
FD11190	130.625 	 23.212 	 237.420
FD11190	130.750 	 23.217 	 237.394
FD11190	130.875 	 23.225 	 237.338
FD11190	131.000 	 23.231 	 237.293
FD11190	131.125 	 23.240 	 237.332
FD11190	131.250 	 23.246 	 237.397
FD11190	131.375 	 23.256 	 237.396
FD11190	131.500 	 23.262 	 237.317
FD11190	131.625 	 23.269 	 237.225
FD11190	131.750 	 23.280 	 237.159
FD11190	131.875 	 23.288 	 237.119
FD11190	132.000 	 23.299 	 237.119
FD11190	132.125 	 23.310 	 237.148
FD11190	132.250 	 23.319 	 237.193
FD11190	132.375 	 23.330 	 237.287
FD11190	132.500 	 23.339 	 237.389
FD11190	132.625 	 23.354 	 237.419
FD11190	132.750 	 23.360 	 237.430
FD11190	132.875 	 23.372 	 237.503
FD11190	133.000 	 23.385 	 237.591
FD11190	133.125 	 23.396 	 237.611
FD11190	133.250 	 23.405 	 237.616
FD11190	133.375 	 23.414 	 237.640
FD11190	133.500 	 23.428 	 237.691
FD11190	133.625 	 23.433 	 237.823
FD11190	133.750 	 23.446 	 237.956
FD11190	133.875 	 23.450 	 238.026
FD11190	134.000 	 23.462 	 238.095
FD11190	134.125 	 23.466 	 238.164
FD11190	134.250 	 23.470 	 238.256
FD11190	134.375 	 23.481 	 238.415
FD11190	134.500 	 23.485 	 238.604
FD11190	134.625 	 23.485 	 238.802
FD11190	134.750 	 23.491 	 238.930
FD11190	134.875 	 23.493 	 238.957
FD11190	135.000 	 23.497 	 238.971
FD11190	135.125 	 23.493 	 238.980
FD11190	135.250 	 23.499 	 238.969
FD11190	135.375 	 23.497 	 238.928
FD11190	135.500 	 23.497 	 238.929
FD11190	135.625 	 23.500 	 239.021
FD11190	135.750 	 23.497 	 239.095
FD11190	135.875 	 23.497 	 239.100
FD11190	136.000 	 23.499 	 239.121
FD11190	136.125 	 23.496 	 239.227
FD11190	136.250 	 23.495 	 239.325
FD11190	136.375 	 23.494 	 239.371
FD11190	136.500 	 23.494 	 239.420
FD11190	136.625 	 23.497 	 239.452
FD11190	136.750 	 23.491 	 239.501
FD11190	136.875 	 23.496 	 239.568
FD11190	137.000 	 23.490 	 239.605
FD11190	137.125 	 23.496 	 239.622
FD11190	137.250 	 23.494 	 239.624
FD11190	137.375 	 23.495 	 239.632
FD11190	137.500 	 23.498 	 239.588
FD11190	137.625 	 23.495 	 239.509
FD11190	137.750 	 23.501 	 239.447
FD11190	137.875 	 23.502 	 239.343
FD11190	138.000 	 23.503 	 239.223
FD11190	138.125 	 23.508 	 239.185
FD11190	138.250 	 23.511 	 239.160
FD11190	138.375 	 23.517 	 239.062
FD11190	138.500 	 23.518 	 238.958
FD11190	138.625 	 23.524 	 238.869
FD11190	138.750 	 23.529 	 238.764
FD11190	138.875 	 23.533 	 238.728
FD11190	139.000 	 23.539 	 238.745
FD11190	139.125 	 23.544 	 238.746
FD11190	139.250 	 23.548 	 238.800
FD11190	139.375 	 23.555 	 238.876
FD11190	139.500 	 23.556 	 238.885
FD11190	139.625 	 23.566 	 238.882
FD11190	139.750 	 23.565 	 238.939
FD11190	139.875 	 23.575 	 239.075
FD11190	140.000 	 23.578 	 239.235
FD11190	140.125 	 23.583 	 239.335
FD11190	140.250 	 23.588 	 239.325
FD11190	140.375 	 23.593 	 239.287
FD11190	140.500 	 23.593 	 239.276
FD11190	140.625 	 23.603 	 239.247
FD11190	140.750 	 23.603 	 239.224
FD11190	140.875 	 23.605 	 239.290
FD11190	141.000 	 23.612 	 239.421
FD11190	141.125 	 23.614 	 239.503
FD11190	141.250 	 23.617 	 239.518
FD11190	141.375 	 23.623 	 239.433
FD11190	141.500 	 23.624 	 239.292
FD11190	141.625 	 23.623 	 239.199
FD11190	141.750 	 23.625 	 239.199
FD11190	141.875 	 23.632 	 239.226
FD11190	142.000 	 23.628 	 239.222
FD11190	142.125 	 23.635 	 239.252
FD11190	142.250 	 23.630 	 239.275
FD11190	142.375 	 23.637 	 239.205
FD11190	142.500 	 23.635 	 239.107
FD11190	142.625 	 23.636 	 239.055
FD11190	142.750 	 23.640 	 239.019
FD11190	142.875 	 23.639 	 238.994
FD11190	143.000 	 23.639 	 239.031
FD11190	143.125 	 23.643 	 239.030
FD11190	143.250 	 23.644 	 238.952
FD11190	143.375 	 23.642 	 238.920
FD11190	143.500 	 23.646 	 238.939
FD11190	143.625 	 23.645 	 238.941
FD11190	143.750 	 23.649 	 238.916
FD11190	143.875 	 23.654 	 238.871
FD11190	144.000 	 23.652 	 238.818
FD11190	144.125 	 23.658 	 238.824
FD11190	144.250 	 23.656 	 238.887
FD11190	144.375 	 23.659 	 238.905
FD11190	144.500 	 23.664 	 238.883
FD11190	144.625 	 23.666 	 238.881
FD11190	144.750 	 23.672 	 238.875
FD11190	144.875 	 23.670 	 238.865
FD11190	145.000 	 23.678 	 238.873
FD11190	145.125 	 23.682 	 238.855
FD11190	145.250 	 23.685 	 238.870
FD11190	145.375 	 23.688 	 238.954
FD11190	145.500 	 23.695 	 238.984
FD11190	145.625 	 23.699 	 238.993
FD11190	145.750 	 23.699 	 239.045
FD11190	145.875 	 23.708 	 239.052
FD11190	146.000 	 23.712 	 239.002
FD11190	146.125 	 23.712 	 239.021
FD11190	146.250 	 23.718 	 239.109
FD11190	146.375 	 23.722 	 239.167
FD11190	146.500 	 23.728 	 239.175
FD11190	146.625 	 23.727 	 239.148
FD11190	146.750 	 23.730 	 239.125
FD11190	146.875 	 23.737 	 239.135
FD11190	147.000 	 23.735 	 239.138
FD11190	147.125 	 23.742 	 239.082
FD11190	147.250 	 23.741 	 238.973
FD11190	147.375 	 23.743 	 238.883
FD11190	147.500 	 23.747 	 238.859
FD11190	147.625 	 23.749 	 238.847
FD11190	147.750 	 23.750 	 238.843
FD11190	147.875 	 23.747 	 238.845
FD11190	148.000 	 23.751 	 238.836
FD11190	148.125 	 23.749 	 238.826
FD11190	148.250 	 23.751 	 238.820
FD11190	148.375 	 23.752 	 238.876
FD11190	148.500 	 23.751 	 238.952
FD11190	148.625 	 23.751 	 238.953
FD11190	148.750 	 23.750 	 238.925
FD11190	148.875 	 23.749 	 238.900
FD11190	149.000 	 23.746 	 238.888
FD11190	149.125 	 23.745 	 238.868
FD11190	149.250 	 23.747 	 238.827
FD11190	149.375 	 23.746 	 238.798
FD11190	149.500 	 23.742 	 238.828
FD11190	149.625 	 23.740 	 238.890
FD11190	149.750 	 23.741 	 238.943
FD11190	149.875 	 23.734 	 238.983
FD11190	150.000 	 23.735 	 239.025
FD11190	150.125 	 23.735 	 239.100
FD11190	150.250 	 23.733 	 239.193
FD11190	150.375 	 23.732 	 239.264
FD11190	150.500 	 23.728 	 239.314
FD11190	150.625 	 23.727 	 239.351
FD11190	150.750 	 23.727 	 239.349
FD11190	150.875 	 23.727 	 239.307
FD11190	151.000 	 23.724 	 239.239
FD11190	151.125 	 23.723 	 239.105
FD11190	151.250 	 23.722 	 238.985
FD11190	151.375 	 23.721 	 238.982
FD11190	151.500 	 23.720 	 239.039
FD11190	151.625 	 23.720 	 239.122
FD11190	151.750 	 23.719 	 239.181
FD11190	151.875 	 23.718 	 239.231
FD11190	152.000 	 23.717 	 239.371
FD11190	152.125 	 23.716 	 239.572
FD11190	152.250 	 23.716 	 239.743
FD11190	152.375 	 23.711 	 239.804
FD11190	152.500 	 23.712 	 239.766
FD11190	152.625 	 23.708 	 239.665
FD11190	152.750 	 23.709 	 239.521
FD11190	152.875 	 23.701 	 239.366
FD11190	153.000 	 23.706 	 239.305
FD11190	153.125 	 23.698 	 239.364
FD11190	153.250 	 23.701 	 239.364
FD11190	153.375 	 23.693 	 239.253
FD11190	153.500 	 23.689 	 239.132
FD11190	153.625 	 23.687 	 239.034
FD11190	153.750 	 23.683 	 238.967
FD11190	153.875 	 23.679 	 238.959
FD11190	154.000 	 23.675 	 239.006
FD11190	154.125 	 23.665 	 239.084
FD11190	154.250 	 23.663 	 239.192
FD11190	154.375 	 23.658 	 239.311
FD11190	154.500 	 23.650 	 239.428
FD11190	154.625 	 23.642 	 239.538
FD11190	154.750 	 23.635 	 239.615
FD11190	154.875 	 23.628 	 239.647
FD11190	155.000 	 23.623 	 239.617
FD11190	155.125 	 23.613 	 239.546
FD11190	155.250 	 23.601 	 239.526
FD11190	155.375 	 23.600 	 239.539
FD11190	155.500 	 23.588 	 239.531
FD11190	155.625 	 23.582 	 239.536
FD11190	155.750 	 23.577 	 239.461
FD11190	155.875 	 23.571 	 239.324
FD11190	156.000 	 23.561 	 239.240
FD11190	156.125 	 23.564 	 239.177
FD11190	156.250 	 23.554 	 239.076
FD11190	156.375 	 23.555 	 238.979
FD11190	156.500 	 23.550 	 239.020
FD11190	156.625 	 23.553 	 239.082
FD11190	156.750 	 23.549 	 238.959
FD11190	156.875 	 23.549 	 238.711
FD11190	157.000 	 23.550 	 238.511
FD11190	157.125 	 23.554 	 238.446
FD11190	157.250 	 23.557 	 238.447
FD11190	157.375 	 23.557 	 238.450
FD11190	157.500 	 23.566 	 238.516
FD11190	157.625 	 23.564 	 238.534
FD11190	157.750 	 23.575 	 238.492
FD11190	157.875 	 23.580 	 238.533
FD11190	158.000 	 23.589 	 238.537
FD11190	158.125 	 23.595 	 238.443
FD11190	158.250 	 23.603 	 238.382
FD11190	158.375 	 23.613 	 238.387
FD11190	158.500 	 23.625 	 238.340
FD11190	158.625 	 23.631 	 238.214
FD11190	158.750 	 23.647 	 238.194
FD11190	158.875 	 23.661 	 238.240
FD11190	159.000 	 23.673 	 238.209
FD11190	159.125 	 23.687 	 238.145
FD11190	159.250 	 23.704 	 238.089
FD11190	159.375 	 23.717 	 238.034
FD11190	159.500 	 23.729 	 237.995
FD11190	159.625 	 23.745 	 237.988
FD11190	159.750 	 23.757 	 237.992
FD11190	159.875 	 23.768 	 238.118
FD11190	160.000 	 23.784 	 238.368
FD11190	160.125 	 23.794 	 238.560
FD11190	160.250 	 23.809 	 238.635
FD11190	160.375 	 23.815 	 238.611
FD11190	160.500 	 23.827 	 238.581
FD11190	160.625 	 23.831 	 238.605
FD11190	160.750 	 23.836 	 238.715
FD11190	160.875 	 23.845 	 238.839
FD11190	161.000 	 23.850 	 238.908
FD11190	161.125 	 23.849 	 238.971
FD11190	161.250 	 23.852 	 238.991
FD11190	161.375 	 23.857 	 239.015
FD11190	161.500 	 23.859 	 239.071
FD11190	161.625 	 23.863 	 239.094
FD11190	161.750 	 23.861 	 239.110
FD11190	161.875 	 23.864 	 239.180
FD11190	162.000 	 23.862 	 239.257
FD11190	162.125 	 23.862 	 239.255
FD11190	162.250 	 23.862 	 239.208
FD11190	162.375 	 23.863 	 239.176
FD11190	162.500 	 23.865 	 239.179
FD11190	162.625 	 23.862 	 239.235
FD11190	162.750 	 23.864 	 239.315
FD11190	162.875 	 23.861 	 239.374
FD11190	163.000 	 23.859 	 239.381
FD11190	163.125 	 23.859 	 239.372
FD11190	163.250 	 23.858 	 239.355
FD11190	163.375 	 23.855 	 239.295
FD11190	163.500 	 23.850 	 239.242
FD11190	163.625 	 23.848 	 239.237
FD11190	163.750 	 23.848 	 239.266
FD11190	163.875 	 23.842 	 239.303
FD11190	164.000 	 23.839 	 239.304
FD11190	164.125 	 23.834 	 239.239
FD11190	164.250 	 23.833 	 239.227
FD11190	164.375 	 23.826 	 239.317
FD11190	164.500 	 23.823 	 239.432
FD11190	164.625 	 23.815 	 239.548
FD11190	164.750 	 23.814 	 239.632
FD11190	164.875 	 23.808 	 239.682
FD11190	165.000 	 23.803 	 239.738
FD11190	165.125 	 23.795 	 239.837
FD11190	165.250 	 23.790 	 239.885
FD11190	165.375 	 23.784 	 239.872
FD11190	165.500 	 23.780 	 239.911
FD11190	165.625 	 23.769 	 239.995
FD11190	165.750 	 23.766 	 240.053
FD11190	165.875 	 23.761 	 240.082
FD11190	166.000 	 23.751 	 240.109
FD11190	166.125 	 23.743 	 240.139
FD11190	166.250 	 23.738 	 240.177
FD11190	166.375 	 23.728 	 240.169
FD11190	166.500 	 23.721 	 240.124
FD11190	166.625 	 23.716 	 240.158
FD11190	166.750 	 23.710 	 240.288
FD11190	166.875 	 23.698 	 240.446
FD11190	167.000 	 23.695 	 240.581
FD11190	167.125 	 23.686 	 240.659
FD11190	167.250 	 23.681 	 240.715
FD11190	167.375 	 23.671 	 240.817
FD11190	167.500 	 23.666 	 240.941
FD11190	167.625 	 23.661 	 240.990
FD11190	167.750 	 23.653 	 240.973
FD11190	167.875 	 23.649 	 240.954
FD11190	168.000 	 23.644 	 240.856
FD11190	168.125 	 23.637 	 240.727
FD11190	168.250 	 23.632 	 240.654
FD11190	168.375 	 23.626 	 240.617
FD11190	168.500 	 23.625 	 240.615
FD11190	168.625 	 23.622 	 240.666
FD11190	168.750 	 23.617 	 240.737
FD11190	168.875 	 23.615 	 240.797
FD11190	169.000 	 23.613 	 240.853
FD11190	169.125 	 23.612 	 240.883
FD11190	169.250 	 23.608 	 240.938
FD11190	169.375 	 23.610 	 241.016
FD11190	169.500 	 23.608 	 241.007
FD11190	169.625 	 23.611 	 240.958
FD11190	169.750 	 23.612 	 240.980
FD11190	169.875 	 23.614 	 241.019
FD11190	170.000 	 23.617 	 241.007
FD11190	170.125 	 23.620 	 241.053
FD11190	170.250 	 23.626 	 241.136
FD11190	170.375 	 23.630 	 241.185
FD11190	170.500 	 23.635 	 241.190
FD11190	170.625 	 23.638 	 241.157
FD11190	170.750 	 23.646 	 241.199
FD11190	170.875 	 23.651 	 241.279
FD11190	171.000 	 23.659 	 241.285
FD11190	171.125 	 23.664 	 241.329
FD11190	171.250 	 23.669 	 241.427
FD11190	171.375 	 23.675 	 241.430
FD11190	171.500 	 23.682 	 241.338
FD11190	171.625 	 23.687 	 241.283
FD11190	171.750 	 23.694 	 241.304
FD11190	171.875 	 23.698 	 241.373
FD11190	172.000 	 23.698 	 241.465
FD11190	172.125 	 23.708 	 241.510
FD11190	172.250 	 23.708 	 241.480
FD11190	172.375 	 23.711 	 241.457
FD11190	172.500 	 23.715 	 241.496
FD11190	172.625 	 23.717 	 241.563
FD11190	172.750 	 23.718 	 241.596
FD11190	172.875 	 23.719 	 241.628
FD11190	173.000 	 23.719 	 241.671
FD11190	173.125 	 23.720 	 241.686
FD11190	173.250 	 23.720 	 241.669
FD11190	173.375 	 23.720 	 241.681
FD11190	173.500 	 23.720 	 241.694
FD11190	173.625 	 23.719 	 241.648
FD11190	173.750 	 23.720 	 241.590
FD11190	173.875 	 23.720 	 241.625
FD11190	174.000 	 23.720 	 241.699
FD11190	174.125 	 23.721 	 241.692
FD11190	174.250 	 23.720 	 241.642
FD11190	174.375 	 23.721 	 241.594
FD11190	174.500 	 23.725 	 241.514
FD11190	174.625 	 23.727 	 241.398
FD11190	174.750 	 23.725 	 241.301
FD11190	174.875 	 23.726 	 241.268
FD11190	175.000 	 23.732 	 241.232
FD11190	175.125 	 23.732 	 241.180
FD11190	175.250 	 23.732 	 241.157
FD11190	175.375 	 23.739 	 241.203
FD11190	175.500 	 23.735 	 241.360
FD11190	175.625 	 23.743 	 241.558
FD11190	175.750 	 23.740 	 241.697
FD11190	175.875 	 23.742 	 241.778
FD11190	176.000 	 23.746 	 241.837
FD11190	176.125 	 23.744 	 241.877
FD11190	176.250 	 23.748 	 241.929
FD11190	176.375 	 23.746 	 241.999
FD11190	176.500 	 23.751 	 242.048
FD11190	176.625 	 23.751 	 242.075
FD11190	176.750 	 23.752 	 242.116
FD11190	176.875 	 23.753 	 242.159
FD11190	177.000 	 23.753 	 242.206
FD11190	177.125 	 23.755 	 242.288
FD11190	177.250 	 23.756 	 242.348
FD11190	177.375 	 23.759 	 242.378
FD11190	177.500 	 23.760 	 242.411
FD11190	177.625 	 23.769 	 242.377
FD11190	177.750 	 23.765 	 242.292
FD11190	177.875 	 23.772 	 242.278
FD11190	178.000 	 23.776 	 242.330
FD11190	178.125 	 23.782 	 242.299
FD11190	178.250 	 23.787 	 242.197
FD11190	178.375 	 23.792 	 242.101
FD11190	178.500 	 23.799 	 242.037
FD11190	178.625 	 23.801 	 242.049
FD11190	178.750 	 23.812 	 242.103
FD11190	178.875 	 23.815 	 242.140
FD11190	179.000 	 23.823 	 242.109
FD11190	179.125 	 23.831 	 242.028
FD11190	179.250 	 23.834 	 241.960
FD11190	179.375 	 23.846 	 241.901
FD11190	179.500 	 23.850 	 241.822
FD11190	179.625 	 23.859 	 241.755
FD11190	179.750 	 23.869 	 241.738
FD11190	179.875 	 23.875 	 241.760
FD11190	180.000 	 23.882 	 241.794
FD11190	180.125 	 23.891 	 241.845
FD11190	180.250 	 23.901 	 241.872
FD11190	180.375 	 23.906 	 241.791
FD11190	180.500 	 23.919 	 241.645
FD11190	180.625 	 23.928 	 241.566
FD11190	180.750 	 23.940 	 241.570
FD11190	180.875 	 23.949 	 241.635
FD11190	181.000 	 23.962 	 241.747
FD11190	181.125 	 23.975 	 241.842
FD11190	181.250 	 23.985 	 241.897
FD11190	181.375 	 23.997 	 241.939
FD11190	181.500 	 24.009 	 241.974
FD11190	181.625 	 24.023 	 241.902
FD11190	181.750 	 24.032 	 241.710
FD11190	181.875 	 24.042 	 241.606
FD11190	182.000 	 24.054 	 241.685
FD11190	182.125 	 24.063 	 241.757
FD11190	182.250 	 24.069 	 241.715
FD11190	182.375 	 24.080 	 241.669
FD11190	182.500 	 24.086 	 241.664
FD11190	182.625 	 24.095 	 241.663
FD11190	182.750 	 24.102 	 241.719
FD11190	182.875 	 24.105 	 241.838
FD11190	183.000 	 24.113 	 241.930
FD11190	183.125 	 24.117 	 241.990
FD11190	183.250 	 24.125 	 242.029
FD11190	183.375 	 24.127 	 241.979
FD11190	183.500 	 24.133 	 241.897
FD11190	183.625 	 24.141 	 241.873
FD11190	183.750 	 24.143 	 241.867
FD11190	183.875 	 24.154 	 241.847
FD11190	184.000 	 24.155 	 241.776
FD11190	184.125 	 24.162 	 241.721
FD11190	184.250 	 24.164 	 241.748
FD11190	184.375 	 24.175 	 241.792
FD11190	184.500 	 24.177 	 241.825
FD11190	184.625 	 24.189 	 241.940
FD11190	184.750 	 24.192 	 242.147
FD11190	184.875 	 24.200 	 242.323
FD11190	185.000 	 24.206 	 242.363
FD11190	185.125 	 24.215 	 242.287
FD11190	185.250 	 24.221 	 242.226
FD11190	185.375 	 24.232 	 242.179
FD11190	185.500 	 24.238 	 242.092
FD11190	185.625 	 24.247 	 242.033
FD11190	185.750 	 24.253 	 241.994
FD11190	185.875 	 24.263 	 241.928
FD11190	186.000 	 24.276 	 241.900
FD11190	186.125 	 24.281 	 241.889
FD11190	186.250 	 24.295 	 241.819
FD11190	186.375 	 24.303 	 241.761
FD11190	186.500 	 24.313 	 241.756
FD11190	186.625 	 24.325 	 241.698
FD11190	186.750 	 24.332 	 241.603
FD11190	186.875 	 24.344 	 241.549
FD11190	187.000 	 24.353 	 241.557
FD11190	187.125 	 24.361 	 241.605
FD11190	187.250 	 24.369 	 241.716
FD11190	187.375 	 24.379 	 241.862
FD11190	187.500 	 24.388 	 241.905
FD11190	187.625 	 24.401 	 241.854
FD11190	187.750 	 24.409 	 241.824
FD11190	187.875 	 24.420 	 241.812
FD11190	188.000 	 24.434 	 241.818
FD11190	188.125 	 24.442 	 241.857
FD11190	188.250 	 24.456 	 241.918
FD11190	188.375 	 24.470 	 241.919
FD11190	188.500 	 24.480 	 241.789
FD11190	188.625 	 24.497 	 241.590
FD11190	188.750 	 24.510 	 241.491
FD11190	188.875 	 24.526 	 241.440
FD11190	189.000 	 24.540 	 241.358
FD11190	189.125 	 24.558 	 241.371
FD11190	189.250 	 24.574 	 241.449
FD11190	189.375 	 24.591 	 241.484
FD11190	189.500 	 24.610 	 241.418
FD11190	189.625 	 24.628 	 241.327
FD11190	189.750 	 24.647 	 241.270
FD11190	189.875 	 24.661 	 241.186
FD11190	190.000 	 24.678 	 241.119
FD11190	190.125 	 24.699 	 241.205
FD11190	190.250 	 24.713 	 241.448
FD11190	190.375 	 24.729 	 241.728
FD11190	190.500 	 24.746 	 241.927
FD11190	190.625 	 24.765 	 242.091
FD11190	190.750 	 24.778 	 242.222
FD11190	190.875 	 24.794 	 242.169
FD11190	191.000 	 24.806 	 242.007
FD11190	191.125 	 24.818 	 241.887
FD11190	191.250 	 24.833 	 241.815
FD11190	191.375 	 24.840 	 241.763
FD11190	191.500 	 24.848 	 241.777
FD11190	191.625 	 24.856 	 241.909
FD11190	191.750 	 24.860 	 242.094
FD11190	191.875 	 24.868 	 242.202
FD11190	192.000 	 24.868 	 242.208
FD11190	192.125 	 24.872 	 242.182
FD11190	192.250 	 24.872 	 242.145
FD11190	192.375 	 24.868 	 242.118
FD11190	192.500 	 24.870 	 242.176
FD11190	192.625 	 24.863 	 242.286
FD11190	192.750 	 24.859 	 242.295
FD11190	192.875 	 24.855 	 242.192
FD11190	193.000 	 24.850 	 242.127
FD11190	193.125 	 24.842 	 242.162
FD11190	193.250 	 24.835 	 242.215
FD11190	193.375 	 24.829 	 242.236
FD11190	193.500 	 24.825 	 242.241
FD11190	193.625 	 24.820 	 242.166
FD11190	193.750 	 24.813 	 242.008
FD11190	193.875 	 24.813 	 241.834
FD11190	194.000 	 24.808 	 241.703
FD11190	194.125 	 24.804 	 241.761
FD11190	194.250 	 24.806 	 241.944
FD11190	194.375 	 24.806 	 242.115
FD11190	194.500 	 24.807 	 242.218
FD11190	194.625 	 24.808 	 242.209
FD11190	194.750 	 24.808 	 242.113
FD11190	194.875 	 24.811 	 241.981
FD11190	195.000 	 24.811 	 241.922
FD11190	195.125 	 24.812 	 241.957
FD11190	195.250 	 24.815 	 242.032
FD11190	195.375 	 24.813 	 242.149
FD11190	195.500 	 24.813 	 242.240
FD11190	195.625 	 24.814 	 242.302
FD11190	195.750 	 24.809 	 242.356
FD11190	195.875 	 24.803 	 242.337
FD11190	196.000 	 24.802 	 242.277
FD11190	196.125 	 24.793 	 242.200
FD11190	196.250 	 24.782 	 242.114
FD11190	196.375 	 24.772 	 242.130
FD11190	196.500 	 24.760 	 242.238
FD11190	196.625 	 24.744 	 242.321
FD11190	196.750 	 24.732 	 242.390
FD11190	196.875 	 24.711 	 242.427
FD11190	197.000 	 24.695 	 242.422
FD11190	197.125 	 24.676 	 242.405
FD11190	197.250 	 24.657 	 242.496
FD11190	197.375 	 24.640 	 242.658
FD11190	197.500 	 24.618 	 242.725
FD11190	197.625 	 24.598 	 242.680
FD11190	197.750 	 24.580 	 242.595
FD11190	197.875 	 24.564 	 242.573
FD11190	198.000 	 24.544 	 242.558
FD11190	198.125 	 24.526 	 242.359
FD11190	198.250 	 24.511 	 242.157
FD11190	198.375 	 24.497 	 242.171
FD11190	198.500 	 24.478 	 242.274
FD11190	198.625 	 24.469 	 242.276
FD11190	198.750 	 24.453 	 242.169
FD11190	198.875 	 24.441 	 242.114
FD11190	199.000 	 24.428 	 242.123
FD11190	199.125 	 24.419 	 242.120
FD11190	199.250 	 24.409 	 242.131
FD11190	199.375 	 24.400 	 242.083
FD11190	199.500 	 24.389 	 241.956
FD11190	199.625 	 24.379 	 241.929
FD11190	199.750 	 24.370 	 241.970
FD11190	199.875 	 24.361 	 242.034
FD11190	200.000 	 24.348 	 242.105
FD11190	200.125 	 24.339 	 242.105
FD11190	200.250 	 24.332 	 242.053
FD11190	200.375 	 24.320 	 241.978
FD11190	200.500 	 24.310 	 241.891
FD11190	200.625 	 24.302 	 241.774
FD11190	200.750 	 24.296 	 241.743
FD11190	200.875 	 24.285 	 241.737
FD11190	201.000 	 24.276 	 241.624
FD11190	201.125 	 24.271 	 241.534
FD11190	201.250 	 24.264 	 241.480
FD11190	201.375 	 24.257 	 241.329
FD11190	201.500 	 24.251 	 241.207
FD11190	201.625 	 24.247 	 241.201
FD11190	201.750 	 24.241 	 241.139
FD11190	201.875 	 24.239 	 240.981
FD11190	202.000 	 24.236 	 240.922
FD11190	202.125 	 24.236 	 241.023
FD11190	202.250 	 24.234 	 241.083
FD11190	202.375 	 24.234 	 241.072
FD11190	202.500 	 24.234 	 241.022
FD11190	202.625 	 24.236 	 240.969
FD11190	202.750 	 24.236 	 240.950
FD11190	202.875 	 24.235 	 240.971
FD11190	203.000 	 24.237 	 240.946
FD11190	203.125 	 24.238 	 240.868
FD11190	203.250 	 24.239 	 240.970
FD11190	203.375 	 24.242 	 241.271
FD11190	203.500 	 24.243 	 241.519
FD11190	203.625 	 24.246 	 241.668
FD11190	203.750 	 24.245 	 241.732
FD11190	203.875 	 24.249 	 241.719
FD11190	204.000 	 24.252 	 241.731
FD11190	204.125 	 24.253 	 241.733
FD11190	204.250 	 24.255 	 241.670
FD11190	204.375 	 24.261 	 241.520
FD11190	204.500 	 24.261 	 241.313
FD11190	204.625 	 24.265 	 241.059
FD11190	204.750 	 24.270 	 240.772
FD11190	204.875 	 24.271 	 240.636
FD11190	205.000 	 24.275 	 240.607
FD11190	205.125 	 24.280 	 240.652
FD11190	205.250 	 24.284 	 240.816
FD11190	205.375 	 24.286 	 240.926
FD11190	205.500 	 24.289 	 241.010
FD11190	205.625 	 24.290 	 241.182
FD11190	205.750 	 24.292 	 241.266
FD11190	205.875 	 24.296 	 241.112
FD11190	206.000 	 24.293 	 240.876
FD11190	206.125 	 24.296 	 240.718
FD11190	206.250 	 24.293 	 240.684
FD11190	206.375 	 24.289 	 240.670
FD11190	206.500 	 24.293 	 240.561
FD11190	206.625 	 24.282 	 240.368
FD11190	206.750 	 24.283 	 240.265
FD11190	206.875 	 24.279 	 240.274
FD11190	207.000 	 24.273 	 240.297
FD11190	207.125 	 24.269 	 240.292
FD11190	207.250 	 24.265 	 240.337
FD11190	207.375 	 24.258 	 240.476
FD11190	207.500 	 24.252 	 240.643
FD11190	207.625 	 24.248 	 240.740
FD11190	207.750 	 24.241 	 240.684
FD11190	207.875 	 24.235 	 240.519
FD11190	208.000 	 24.231 	 240.366
FD11190	208.125 	 24.221 	 240.302
FD11190	208.250 	 24.212 	 240.314
FD11190	208.375 	 24.208 	 240.315
FD11190	208.500 	 24.195 	 240.226
FD11190	208.625 	 24.191 	 240.107
FD11190	208.750 	 24.176 	 240.079
FD11190	208.875 	 24.168 	 240.142
FD11190	209.000 	 24.160 	 240.233
FD11190	209.125 	 24.149 	 240.297
FD11190	209.250 	 24.138 	 240.280
FD11190	209.375 	 24.132 	 240.226
FD11190	209.500 	 24.121 	 240.169
FD11190	209.625 	 24.113 	 240.162
FD11190	209.750 	 24.103 	 240.124
FD11190	209.875 	 24.096 	 240.029
FD11190	210.000 	 24.091 	 239.994
FD11190	210.125 	 24.083 	 239.982
FD11190	210.250 	 24.079 	 239.931
FD11190	210.375 	 24.071 	 239.940
FD11190	210.500 	 24.070 	 240.039
FD11190	210.625 	 24.070 	 240.145
FD11190	210.750 	 24.066 	 240.187
FD11190	210.875 	 24.066 	 240.143
FD11190	211.000 	 24.065 	 240.071
FD11190	211.125 	 24.064 	 240.048
FD11190	211.250 	 24.066 	 240.098
FD11190	211.375 	 24.065 	 240.167
FD11190	211.500 	 24.064 	 240.154
FD11190	211.625 	 24.066 	 240.074
FD11190	211.750 	 24.065 	 240.035
FD11190	211.875 	 24.066 	 240.081
FD11190	212.000 	 24.065 	 240.140
FD11190	212.125 	 24.067 	 240.223
FD11190	212.250 	 24.067 	 240.314
FD11190	212.375 	 24.069 	 240.315
FD11190	212.500 	 24.066 	 240.265
FD11190	212.625 	 24.067 	 240.233
FD11190	212.750 	 24.065 	 240.165
FD11190	212.875 	 24.065 	 240.064
FD11190	213.000 	 24.064 	 240.060
FD11190	213.125 	 24.062 	 240.198
FD11190	213.250 	 24.059 	 240.328
FD11190	213.375 	 24.058 	 240.343
FD11190	213.500 	 24.053 	 240.314
FD11190	213.625 	 24.055 	 240.318
FD11190	213.750 	 24.048 	 240.336
FD11190	213.875 	 24.043 	 240.344
FD11190	214.000 	 24.043 	 240.353
FD11190	214.125 	 24.041 	 240.314
FD11190	214.250 	 24.034 	 240.225
FD11190	214.375 	 24.033 	 240.179
FD11190	214.500 	 24.027 	 240.126
FD11190	214.625 	 24.021 	 240.020
FD11190	214.750 	 24.021 	 239.932
FD11190	214.875 	 24.014 	 239.949
FD11190	215.000 	 24.008 	 240.020
FD11190	215.125 	 24.002 	 239.982
FD11190	215.250 	 23.997 	 239.802
FD11190	215.375 	 23.994 	 239.671
FD11190	215.500 	 23.986 	 239.660
FD11190	215.625 	 23.985 	 239.694
FD11190	215.750 	 23.979 	 239.640
FD11190	215.875 	 23.976 	 239.462
FD11190	216.000 	 23.969 	 239.285
FD11190	216.125 	 23.967 	 239.194
FD11190	216.250 	 23.967 	 239.171
FD11190	216.375 	 23.962 	 239.201
FD11190	216.500 	 23.957 	 239.224
FD11190	216.625 	 23.958 	 239.208
FD11190	216.750 	 23.956 	 239.169
FD11190	216.875 	 23.953 	 239.109
FD11190	217.000 	 23.953 	 239.072
FD11190	217.125 	 23.952 	 239.157
FD11190	217.250 	 23.952 	 239.278
FD11190	217.375 	 23.949 	 239.305
FD11190	217.500 	 23.948 	 239.266
FD11190	217.625 	 23.945 	 239.219
FD11190	217.750 	 23.943 	 239.186
FD11190	217.875 	 23.941 	 239.188
FD11190	218.000 	 23.937 	 239.197
FD11190	218.125 	 23.931 	 239.171
FD11190	218.250 	 23.926 	 239.125
FD11190	218.375 	 23.920 	 239.082
FD11190	218.500 	 23.918 	 239.029
FD11190	218.625 	 23.912 	 239.001
FD11190	218.750 	 23.905 	 239.004
FD11190	218.875 	 23.899 	 239.036
FD11190	219.000 	 23.894 	 239.085
FD11190	219.125 	 23.889 	 239.065
FD11190	219.250 	 23.882 	 238.948
FD11190	219.375 	 23.882 	 238.864
FD11190	219.500 	 23.877 	 238.807
FD11190	219.625 	 23.875 	 238.874
FD11190	219.750 	 23.873 	 239.000
FD11190	219.875 	 23.869 	 239.097
FD11190	220.000 	 23.872 	 239.207
FD11190	220.125 	 23.873 	 239.236
FD11190	220.250 	 23.875 	 239.227
FD11190	220.375 	 23.877 	 239.266
FD11190	220.500 	 23.879 	 239.294
FD11190	220.625 	 23.886 	 239.254
FD11190	220.750 	 23.885 	 239.262
FD11190	220.875 	 23.897 	 239.319
FD11190	221.000 	 23.899 	 239.349
FD11190	221.125 	 23.907 	 239.416
FD11190	221.250 	 23.916 	 239.480
FD11190	221.375 	 23.925 	 239.452
FD11190	221.500 	 23.931 	 239.389
FD11190	221.625 	 23.943 	 239.381
FD11190	221.750 	 23.954 	 239.414
FD11190	221.875 	 23.962 	 239.427
FD11190	222.000 	 23.970 	 239.399
FD11190	222.125 	 23.984 	 239.368
FD11190	222.250 	 23.990 	 239.362
FD11190	222.375 	 24.003 	 239.364
FD11190	222.500 	 24.008 	 239.334
FD11190	222.625 	 24.022 	 239.288
FD11190	222.750 	 24.029 	 239.224
FD11190	222.875 	 24.036 	 239.161
FD11190	223.000 	 24.045 	 239.157
FD11190	223.125 	 24.051 	 239.170
FD11190	223.250 	 24.060 	 239.154
FD11190	223.375 	 24.064 	 239.183
FD11190	223.500 	 24.067 	 239.247
FD11190	223.625 	 24.074 	 239.242
FD11190	223.750 	 24.075 	 239.145
FD11190	223.875 	 24.080 	 239.057
FD11190	224.000 	 24.082 	 239.040
FD11190	224.125 	 24.082 	 239.067
FD11190	224.250 	 24.085 	 239.121
FD11190	224.375 	 24.087 	 239.198
FD11190	224.500 	 24.087 	 239.247
FD11190	224.625 	 24.085 	 239.262
FD11190	224.750 	 24.084 	 239.292
FD11190	224.875 	 24.082 	 239.282
FD11190	225.000 	 24.082 	 239.240
FD11190	225.125 	 24.081 	 239.203
FD11190	225.250 	 24.080 	 239.142
FD11190	225.375 	 24.077 	 239.039
FD11190	225.500 	 24.077 	 238.937
FD11190	225.625 	 24.072 	 238.873
FD11190	225.750 	 24.075 	 238.864
FD11190	225.875 	 24.071 	 238.854
FD11190	226.000 	 24.076 	 238.804
FD11190	226.125 	 24.072 	 238.743
FD11190	226.250 	 24.076 	 238.722
FD11190	226.375 	 24.074 	 238.658
FD11190	226.500 	 24.079 	 238.476
FD11190	226.625 	 24.080 	 238.282
FD11190	226.750 	 24.083 	 238.189
FD11190	226.875 	 24.085 	 238.239
FD11190	227.000 	 24.092 	 238.357
FD11190	227.125 	 24.094 	 238.358
FD11190	227.250 	 24.094 	 238.266
FD11190	227.375 	 24.100 	 238.250
FD11190	227.500 	 24.106 	 238.368
FD11190	227.625 	 24.105 	 238.483
FD11190	227.750 	 24.110 	 238.474
FD11190	227.875 	 24.109 	 238.421
FD11190	228.000 	 24.112 	 238.440
FD11190	228.125 	 24.115 	 238.475
FD11190	228.250 	 24.112 	 238.431
FD11190	228.375 	 24.115 	 238.387
FD11190	228.500 	 24.109 	 238.423
FD11190	228.625 	 24.113 	 238.410
FD11190	228.750 	 24.111 	 238.273
FD11190	228.875 	 24.109 	 238.162
FD11190	229.000 	 24.110 	 238.155
FD11190	229.125 	 24.110 	 238.234
FD11190	229.250 	 24.107 	 238.317
FD11190	229.375 	 24.110 	 238.342
FD11190	229.500 	 24.107 	 238.332
FD11190	229.625 	 24.110 	 238.269
FD11190	229.750 	 24.111 	 238.190
FD11190	229.875 	 24.107 	 238.196
FD11190	230.000 	 24.112 	 238.227
FD11190	230.125 	 24.112 	 238.221
FD11190	230.250 	 24.112 	 238.297
FD11190	230.375 	 24.114 	 238.404
FD11190	230.500 	 24.120 	 238.465
FD11190	230.625 	 24.120 	 238.567
FD11190	230.750 	 24.123 	 238.662
FD11190	230.875 	 24.128 	 238.651
FD11190	231.000 	 24.135 	 238.598
FD11190	231.125 	 24.139 	 238.597
FD11190	231.250 	 24.148 	 238.641
FD11190	231.375 	 24.153 	 238.596
FD11190	231.500 	 24.164 	 238.462
FD11190	231.625 	 24.175 	 238.362
FD11190	231.750 	 24.180 	 238.295
FD11190	231.875 	 24.195 	 238.230
FD11190	232.000 	 24.204 	 238.206
FD11190	232.125 	 24.218 	 238.266
FD11190	232.250 	 24.232 	 238.397
FD11190	232.375 	 24.243 	 238.544
FD11190	232.500 	 24.260 	 238.599
FD11190	232.625 	 24.271 	 238.510
FD11190	232.750 	 24.286 	 238.375
FD11190	232.875 	 24.301 	 238.290
FD11190	233.000 	 24.313 	 238.232
FD11190	233.125 	 24.328 	 238.175
FD11190	233.250 	 24.341 	 238.169
FD11190	233.375 	 24.355 	 238.169
FD11190	233.500 	 24.370 	 238.151
FD11190	233.625 	 24.380 	 238.141
FD11190	233.750 	 24.397 	 238.132
FD11190	233.875 	 24.408 	 238.131
FD11190	234.000 	 24.423 	 238.122
FD11190	234.125 	 24.437 	 238.083
FD11190	234.250 	 24.448 	 238.073
FD11190	234.375 	 24.465 	 238.131
FD11190	234.500 	 24.474 	 238.163
FD11190	234.625 	 24.489 	 238.168
FD11190	234.750 	 24.501 	 238.216
FD11190	234.875 	 24.513 	 238.264
FD11190	235.000 	 24.524 	 238.234
FD11190	235.125 	 24.536 	 238.140
FD11190	235.250 	 24.545 	 238.087
FD11190	235.375 	 24.557 	 238.161
FD11190	235.500 	 24.564 	 238.265
FD11190	235.625 	 24.575 	 238.374
FD11190	235.750 	 24.584 	 238.515
FD11190	235.875 	 24.590 	 238.596
FD11190	236.000 	 24.596 	 238.578
FD11190	236.125 	 24.606 	 238.572
FD11190	236.250 	 24.610 	 238.609
FD11190	236.375 	 24.618 	 238.669
FD11190	236.500 	 24.624 	 238.742
FD11190	236.625 	 24.627 	 238.735
FD11190	236.750 	 24.632 	 238.649
FD11190	236.875 	 24.639 	 238.567
FD11190	237.000 	 24.647 	 238.520
FD11190	237.125 	 24.648 	 238.519
FD11190	237.250 	 24.655 	 238.566
FD11190	237.375 	 24.661 	 238.669
FD11190	237.500 	 24.669 	 238.753
FD11190	237.625 	 24.670 	 238.782
FD11190	237.750 	 24.681 	 238.827
FD11190	237.875 	 24.688 	 238.918
FD11190	238.000 	 24.695 	 239.034
FD11190	238.125 	 24.700 	 239.108
FD11190	238.250 	 24.710 	 239.110
FD11190	238.375 	 24.719 	 239.107
FD11190	238.500 	 24.726 	 239.103
FD11190	238.625 	 24.736 	 239.031
FD11190	238.750 	 24.742 	 238.961
FD11190	238.875 	 24.749 	 238.965
FD11190	239.000 	 24.761 	 238.966
FD11190	239.125 	 24.769 	 238.998
FD11190	239.250 	 24.779 	 239.063
FD11190	239.375 	 24.790 	 239.115
FD11190	239.500 	 24.803 	 239.138
FD11190	239.625 	 24.812 	 239.162
FD11190	239.750 	 24.823 	 239.208
FD11190	239.875 	 24.833 	 239.229
FD11190	240.000 	 24.845 	 239.246
FD11190	240.125 	 24.858 	 239.322
FD11190	240.250 	 24.871 	 239.481
FD11190	240.375 	 24.880 	 239.572
FD11190	240.500 	 24.897 	 239.531
FD11190	240.625 	 24.904 	 239.466
FD11190	240.750 	 24.919 	 239.423
FD11190	240.875 	 24.929 	 239.419
FD11190	241.000 	 24.941 	 239.463
FD11190	241.125 	 24.954 	 239.484
FD11190	241.250 	 24.963 	 239.448
FD11190	241.375 	 24.974 	 239.424
FD11190	241.500 	 24.987 	 239.459
FD11190	241.625 	 24.996 	 239.503
FD11190	241.750 	 25.006 	 239.518
FD11190	241.875 	 25.019 	 239.514
FD11190	242.000 	 25.028 	 239.458
FD11190	242.125 	 25.040 	 239.332
FD11190	242.250 	 25.050 	 239.226
FD11190	242.375 	 25.059 	 239.172
FD11190	242.500 	 25.066 	 239.157
FD11190	242.625 	 25.077 	 239.201
FD11190	242.750 	 25.087 	 239.259
FD11190	242.875 	 25.098 	 239.283
FD11190	243.000 	 25.102 	 239.299
FD11190	243.125 	 25.114 	 239.387
FD11190	243.250 	 25.118 	 239.534
FD11190	243.375 	 25.127 	 239.600
FD11190	243.500 	 25.130 	 239.637
FD11190	243.625 	 25.137 	 239.745
FD11190	243.750 	 25.141 	 239.801
FD11190	243.875 	 25.143 	 239.798
FD11190	244.000 	 25.147 	 239.870
FD11190	244.125 	 25.145 	 239.944
FD11190	244.250 	 25.146 	 239.909
FD11190	244.375 	 25.149 	 239.883
FD11190	244.500 	 25.146 	 239.935
FD11190	244.625 	 25.149 	 239.957
FD11190	244.750 	 25.145 	 239.936
FD11190	244.875 	 25.149 	 239.935
FD11190	245.000 	 25.145 	 239.907
FD11190	245.125 	 25.146 	 239.804
FD11190	245.250 	 25.147 	 239.678
FD11190	245.375 	 25.145 	 239.564
FD11190	245.500 	 25.146 	 239.437
FD11190	245.625 	 25.148 	 239.368
FD11190	245.750 	 25.147 	 239.424
FD11190	245.875 	 25.148 	 239.523
FD11190	246.000 	 25.146 	 239.573
FD11190	246.125 	 25.149 	 239.557
FD11190	246.250 	 25.144 	 239.495
FD11190	246.375 	 25.143 	 239.488
FD11190	246.500 	 25.143 	 239.593
FD11190	246.625 	 25.140 	 239.609
FD11190	246.750 	 25.136 	 239.536
FD11190	246.875 	 25.133 	 239.600
FD11190	247.000 	 25.124 	 239.699
FD11190	247.125 	 25.117 	 239.661
FD11190	247.250 	 25.112 	 239.564
FD11190	247.375 	 25.099 	 239.515
FD11190	247.500 	 25.092 	 239.536
FD11190	247.625 	 25.084 	 239.590
FD11190	247.750 	 25.072 	 239.694
FD11190	247.875 	 25.062 	 239.833
FD11190	248.000 	 25.055 	 239.839
FD11190	248.125 	 25.042 	 239.728
FD11190	248.250 	 25.036 	 239.755
FD11190	248.375 	 25.025 	 239.822
FD11190	248.500 	 25.015 	 239.732
FD11190	248.625 	 25.011 	 239.643
FD11190	248.750 	 25.005 	 239.606
FD11190	248.875 	 25.003 	 239.506
FD11190	249.000 	 24.996 	 239.381
FD11190	249.125 	 24.998 	 239.318
FD11190	249.250 	 24.995 	 239.247
FD11190	249.375 	 24.994 	 239.128
FD11190	249.500 	 24.995 	 239.054
FD11190	249.625 	 25.000 	 239.021
FD11190	249.750 	 24.996 	 238.934
FD11190	249.875 	 25.002 	 238.810
FD11190	250.000 	 25.000 	 238.662
FD11190	250.125 	 25.005 	 238.575
FD11190	250.250 	 25.005 	 238.629
FD11190	250.375 	 25.007 	 238.631
FD11190	250.500 	 25.008 	 238.547
FD11190	250.625 	 25.006 	 238.577
FD11190	250.750 	 25.003 	 238.633
FD11190	250.875 	 25.003 	 238.637
FD11190	251.000 	 25.000 	 238.739
FD11190	251.125 	 24.994 	 238.898
FD11190	251.250 	 24.990 	 239.003
FD11190	251.375 	 24.981 	 239.061
FD11190	251.500 	 24.974 	 239.166
FD11190	251.625 	 24.970 	 239.280
FD11190	251.750 	 24.960 	 239.347
FD11190	251.875 	 24.950 	 239.446
FD11190	252.000 	 24.946 	 239.499
FD11190	252.125 	 24.936 	 239.448
FD11190	252.250 	 24.934 	 239.282
FD11190	252.375 	 24.925 	 239.098
FD11190	252.500 	 24.923 	 239.018
FD11190	252.625 	 24.916 	 238.978
FD11190	252.750 	 24.918 	 238.957
FD11190	252.875 	 24.916 	 238.987
FD11190	253.000 	 24.918 	 239.015
FD11190	253.125 	 24.915 	 239.015
FD11190	253.250 	 24.922 	 239.051
FD11190	253.375 	 24.924 	 239.159
FD11190	253.500 	 24.928 	 239.287
FD11190	253.625 	 24.936 	 239.377
FD11190	253.750 	 24.939 	 239.411
FD11190	253.875 	 24.946 	 239.343
FD11190	254.000 	 24.955 	 239.233
FD11190	254.125 	 24.960 	 239.203
FD11190	254.250 	 24.966 	 239.269
FD11190	254.375 	 24.973 	 239.420
FD11190	254.500 	 24.979 	 239.588
FD11190	254.625 	 24.984 	 239.635
FD11190	254.750 	 24.988 	 239.602
FD11190	254.875 	 24.990 	 239.586
FD11190	255.000 	 24.992 	 239.603
FD11190	255.125 	 24.992 	 239.660
FD11190	255.250 	 24.993 	 239.777
FD11190	255.375 	 24.990 	 239.997
FD11190	255.500 	 24.991 	 240.200
FD11190	255.625 	 24.985 	 240.290
FD11190	255.750 	 24.986 	 240.321
FD11190	255.875 	 24.980 	 240.397
FD11190	256.000 	 24.976 	 240.448
FD11190	256.125 	 24.972 	 240.309
FD11190	256.250 	 24.968 	 240.117
FD11190	256.375 	 24.960 	 240.090
FD11190	256.500 	 24.955 	 240.112
FD11190	256.625 	 24.946 	 240.040
FD11190	256.750 	 24.944 	 240.018
FD11190	256.875 	 24.938 	 240.143
FD11190	257.000 	 24.930 	 240.256
FD11190	257.125 	 24.926 	 240.240
FD11190	257.250 	 24.923 	 240.197
FD11190	257.375 	 24.919 	 240.139
FD11190	257.500 	 24.912 	 240.032
FD11190	257.625 	 24.910 	 239.952
FD11190	257.750 	 24.906 	 239.961
FD11190	257.875 	 24.905 	 240.035
FD11190	258.000 	 24.900 	 240.066
FD11190	258.125 	 24.901 	 240.058
FD11190	258.250 	 24.895 	 240.030
FD11190	258.375 	 24.896 	 240.002
FD11190	258.500 	 24.900 	 239.941
FD11190	258.625 	 24.898 	 239.794
FD11190	258.750 	 24.902 	 239.790
FD11190	258.875 	 24.906 	 239.994
FD11190	259.000 	 24.910 	 240.143
FD11190	259.125 	 24.915 	 240.127
FD11190	259.250 	 24.923 	 240.033
FD11190	259.375 	 24.929 	 240.044
FD11190	259.500 	 24.940 	 240.151
FD11190	259.625 	 24.950 	 240.167
FD11190	259.750 	 24.957 	 240.101
FD11190	259.875 	 24.965 	 240.132
FD11190	260.000 	 24.974 	 240.222
FD11190	260.125 	 24.985 	 240.325
FD11190	260.250 	 24.991 	 240.381
FD11190	260.375 	 24.998 	 240.425
FD11190	260.500 	 25.009 	 240.446
FD11190	260.625 	 25.016 	 240.428
FD11190	260.750 	 25.019 	 240.379
FD11190	260.875 	 25.027 	 240.383
FD11190	261.000 	 25.028 	 240.469
FD11190	261.125 	 25.032 	 240.518
FD11190	261.250 	 25.036 	 240.525
FD11190	261.375 	 25.037 	 240.522
FD11190	261.500 	 25.036 	 240.524
FD11190	261.625 	 25.037 	 240.522
FD11190	261.750 	 25.037 	 240.522
FD11190	261.875 	 25.039 	 240.524
FD11190	262.000 	 25.038 	 240.518
FD11190	262.125 	 25.036 	 240.524
FD11190	262.250 	 25.039 	 240.524
FD11190	262.375 	 25.039 	 240.520
FD11190	262.500 	 25.037 	 240.522
FD11190	262.625 	 25.039 	 240.524
FD11190	262.750 	 25.039 	 240.520
FD11190	262.875 	 25.035 	 240.518
FD11190	263.000 	 25.039 	 240.514
FD11190	263.125 	 25.038 	 240.518
FD11190	263.250 	 25.039 	 240.524
FD11190	263.375 	 25.039 	 240.524
FD11190	263.500 	 25.036 	 240.524
FD11190	263.625 	 25.039 	 240.524
FD11190	263.750 	 25.039 	 240.524
FD11190	263.875 	 25.038 	 240.518
FD11190	264.000 	 25.039 	 240.514
FD11190	264.125 	 25.039 	 240.520
FD11190	264.250 	 25.035 	 240.518
FD11190	264.375 	 25.039 	 240.514
FD11190	264.500 	 25.038 	 240.518
FD11190	264.625 	 25.039 	 240.514
FD11190	264.750 	 25.039 	 240.514
FD11190	264.875 	 25.037 	 240.512
FD11190	265.000 	 25.036 	 240.514
FD11190	265.125 	 25.039 	 240.514
FD11190	265.250 	 25.039 	 240.514
FD11190	265.375 	 25.039 	 240.514
FD11190	265.500 	 25.039 	 240.514
FD11190	265.625 	 25.037 	 240.512
FD11190	265.750 	 25.036 	 240.514
FD11190	265.875 	 25.038 	 240.509
FD11190	266.000 	 25.039 	 240.514
FD11190	266.125 	 25.040 	 240.511
FD11190	266.250 	 25.037 	 240.512
FD11190	266.375 	 25.036 	 240.514
FD11190	266.500 	 25.038 	 240.509
FD11190	266.625 	 25.039 	 240.514
FD11190	266.750 	 25.038 	 240.509
FD11190	266.875 	 25.039 	 240.514
FD11190	267.000 	 25.038 	 240.509
FD11190	267.125 	 25.036 	 240.514
FD11190	267.250 	 25.039 	 240.514
FD11190	267.375 	 25.038 	 240.509
FD11190	267.500 	 25.039 	 240.514
FD11190	267.625 	 25.038 	 240.509
FD11190	267.750 	 25.039 	 240.514
FD11190	267.875 	 25.035 	 240.509
FD11190	268.000 	 25.039 	 240.514
FD11190	268.125 	 25.039 	 240.514
FD11190	268.250 	 25.038 	 240.509
FD11190	268.375 	 25.039 	 240.514
FD11190	268.500 	 25.035 	 240.509
FD11190	268.625 	 25.039 	 240.514
FD11190	268.750 	 25.038 	 240.509
FD11190	268.875 	 25.039 	 240.514
FD11190	269.000 	 25.039 	 240.514
FD11190	269.125 	 25.038 	 240.509
FD11190	269.250 	 25.036 	 240.514
FD11190	269.375 	 25.038 	 240.509
FD11190	269.500 	 25.039 	 240.514
FD11190	269.625 	 25.038 	 240.509
FD11190	269.750 	 25.039 	 240.514
FD11190	269.875 	 25.037 	 240.512
FD11190	270.000 	 25.037 	 240.511
FD11190	270.125 	 25.039 	 240.514
FD11190	270.250 	 25.040 	 240.511
FD11190	270.375 	 25.036 	 240.510
FD11190	270.500 	 25.040 	 240.511
FD11190	270.625 	 25.036 	 240.514
FD11190	270.750 	 25.042 	 240.514
FD11190	270.875 	 25.031 	 240.507
FD11190	271.000 	 25.045 	 240.514
FD11190	271.125 	 25.034 	 240.511
FD11190	271.250 	 25.045 	 240.514
FD11190	271.375 	 25.034 	 240.511
FD11190	271.500 	 25.036 	 240.510
FD11190	271.625 	 25.039 	 240.514
FD11190	271.750 	 25.040 	 240.511
FD11190	271.875 	 25.039 	 240.514
FD11190	272.000 	 25.040 	 240.511
FD11190	272.125 	 25.036 	 240.510
FD11190	272.250 	 25.033 	 240.514
FD11190	272.375 	 25.045 	 240.511
FD11190	272.500 	 25.033 	 240.514
FD11190	272.625 	 25.043 	 240.507
FD11190	272.750 	 25.033 	 240.514
FD11190	272.875 	 25.040 	 240.511
FD11190	273.000 	 25.039 	 240.514
FD11190	273.125 	 25.039 	 240.514
FD11190	273.250 	 25.037 	 240.507
FD11190	273.375 	 25.039 	 240.514
FD11190	273.500 	 25.040 	 240.511
FD11190	273.625 	 25.033 	 240.514
FD11190	273.750 	 25.043 	 240.507
FD11190	273.875 	 25.033 	 240.514
FD11190	274.000 	 25.045 	 240.514
FD11190	274.125 	 25.034 	 240.511
FD11190	274.250 	 25.039 	 240.514
FD11190	274.375 	 25.037 	 240.507
FD11190	274.500 	 25.039 	 240.514
FD11190	274.625 	 25.040 	 240.511
FD11190	274.750 	 25.039 	 240.514
FD11190	274.875 	 25.038 	 240.533
FD11190	275.000 	 25.032 	 240.892
FD11190	275.125 	 0.000 	 90.000
FD11190	275.250 	 0.000 	 90.000
FD11190	275.375 	 0.000 	 90.000
FD11190	275.500 	 0.000 	 90.000
FD11190	275.625 	 0.000 	 90.000
FD11190	275.750 	 0.000 	 90.000
FD11190	275.875 	 0.000 	 90.000
FD11190	276.000 	 0.000 	 90.000
FD11190	276.125 	 0.000 	 90.000
FD11190	276.250 	 0.000 	 90.000
FD11190	276.375 	 0.000 	 90.000
FD11190	276.500 	 0.000 	 90.000
FD11190	276.625 	 0.000 	 90.000
FD11190	276.750 	 0.000 	 90.000
FD11190	276.875 	 0.000 	 90.000
FD11190	277.000 	 0.000 	 90.000
FD11190	277.125 	 0.000 	 90.000
FD11190	277.250 	 0.000 	 90.000
FD11190	277.375 	 0.000 	 90.000
FD11190	277.500 	 0.000 	 90.000
FD11190	277.625 	 0.000 	 90.000
FD11190	277.750 	 0.000 	 90.000
FD11190	277.875 	 0.000 	 90.000
FD11190	278.000 	 0.000 	 90.000
FD11190	278.125 	 0.000 	 90.000
FD11190	278.250 	 0.000 	 90.000
FD11190	278.375 	 0.000 	 90.000
FD11190	278.500 	 0.000 	 90.000
FD11190	278.625 	 0.000 	 90.000
FD11190	278.750 	 0.000 	 90.000
FD11190	278.875 	 0.000 	 90.000
FD11190	279.000 	 0.000 	 90.000
FD11190	279.125 	 0.000 	 90.000
FD11190	279.250 	 0.000 	 90.000
FD11190	279.375 	 0.000 	 90.000
FD11190	279.500 	 0.000 	 90.000
FD11190	279.625 	 0.000 	 90.000
FD11190	279.750 	 0.000 	 90.000
FD11190	279.875 	 0.000 	 90.000
FD11190	280.000 	 0.000 	 90.000
FD11190	280.125 	 0.000 	 90.000
FD11190	280.250 	 0.000 	 90.000
FD11190	280.375 	 0.000 	 90.000
FD11190	280.500 	 0.000 	 90.000
FD11190	280.625 	 0.000 	 90.000
FD11190	280.750 	 0.000 	 90.000
FD11190	280.875 	 0.000 	 90.000
FD11190	281.000 	 0.000 	 90.000
FD11190	281.125 	 0.000 	 90.000
FD11190	281.250 	 0.000 	 90.000
FD11190	281.375 	 0.000 	 90.000
FD11190	281.500 	 0.000 	 90.000
FD11190	281.625 	 0.000 	 90.000
FD11190	281.750 	 0.000 	 90.000
FD11190	281.875 	 0.000 	 90.000
FD11190	282.000 	 0.000 	 90.000
FD11190	282.125 	 0.000 	 90.000
FD11190	282.250 	 0.000 	 90.000
FD11190	282.375 	 0.000 	 90.000
FD11190	282.500 	 0.000 	 90.000
FD11190	282.625 	 0.000 	 90.000
FD11190	282.750 	 0.000 	 90.000
FD11190	282.875 	 0.000 	 90.000
FD11190	283.000 	 0.000 	 90.000
FD11190	283.125 	 0.000 	 90.000
FD11190	283.250 	 0.000 	 90.000
FD11190	283.375 	 0.000 	 90.000
FD11190	283.500 	 0.000 	 90.000
FD11190	283.625 	 0.000 	 90.000
FD11190	283.750 	 0.000 	 90.000
FD11190	283.875 	 0.000 	 90.000
FD11190	284.000 	 0.000 	 90.000
FD11190	284.125 	 0.000 	 90.000
FD11190	284.250 	 0.000 	 90.000
FD11190	284.375 	 0.000 	 90.000
FD11190	284.500 	 0.000 	 90.000
FD11190	284.625 	 0.000 	 90.000
FD11190	284.750 	 0.000 	 90.000
FD11190	284.875 	 0.000 	 90.000
FD11190	285.000 	 0.000 	 90.000
