#WellName	 Depth.M	 INCL	 AZIM 
WellName	 Depth.M	 INCL	 AZIM 
FD11192	0.000 	 0.000 	 0.000
FD11192	0.125 	 0.000 	 90.000
FD11192	0.250 	 0.000 	 90.000
FD11192	0.375 	 0.000 	 90.000
FD11192	0.500 	 0.000 	 90.000
FD11192	0.625 	 0.000 	 90.000
FD11192	0.750 	 0.000 	 90.000
FD11192	0.875 	 0.000 	 90.000
FD11192	1.000 	 0.000 	 90.000
FD11192	1.125 	 0.000 	 90.000
FD11192	1.250 	 0.000 	 90.000
FD11192	1.375 	 0.000 	 90.000
FD11192	1.500 	 0.000 	 90.000
FD11192	1.625 	 0.000 	 90.000
FD11192	1.750 	 0.000 	 90.000
FD11192	1.875 	 0.000 	 90.000
FD11192	2.000 	 0.000 	 90.000
FD11192	2.125 	 0.000 	 90.000
FD11192	2.250 	 0.000 	 90.000
FD11192	2.375 	 0.000 	 90.000
FD11192	2.500 	 0.000 	 90.000
FD11192	2.625 	 0.000 	 90.000
FD11192	2.750 	 0.000 	 90.000
FD11192	2.875 	 0.000 	 90.000
FD11192	3.000 	 0.000 	 90.000
FD11192	3.125 	 0.000 	 90.000
FD11192	3.250 	 0.000 	 90.000
FD11192	3.375 	 0.000 	 90.000
FD11192	3.500 	 0.000 	 90.000
FD11192	3.625 	 0.000 	 90.000
FD11192	3.750 	 0.000 	 90.000
FD11192	3.875 	 0.000 	 90.000
FD11192	4.000 	 0.000 	 90.000
FD11192	4.125 	 0.000 	 90.000
FD11192	4.250 	 0.000 	 90.000
FD11192	4.375 	 0.000 	 90.000
FD11192	4.500 	 0.000 	 90.000
FD11192	4.625 	 0.000 	 90.000
FD11192	4.750 	 0.000 	 90.000
FD11192	4.875 	 0.000 	 90.000
FD11192	5.000 	 0.000 	 90.000
FD11192	5.125 	 0.000 	 90.000
FD11192	5.250 	 0.000 	 90.000
FD11192	5.375 	 0.000 	 90.000
FD11192	5.500 	 0.000 	 90.000
FD11192	5.625 	 0.000 	 90.000
FD11192	5.750 	 0.000 	 90.000
FD11192	5.875 	 0.000 	 90.000
FD11192	6.000 	 0.000 	 90.000
FD11192	6.125 	 0.000 	 90.000
FD11192	6.250 	 0.000 	 90.000
FD11192	6.375 	 0.000 	 90.000
FD11192	6.500 	 0.000 	 90.000
FD11192	6.625 	 0.000 	 90.000
FD11192	6.750 	 0.000 	 90.000
FD11192	6.875 	 0.000 	 90.000
FD11192	7.000 	 0.000 	 90.000
FD11192	7.125 	 0.000 	 90.000
FD11192	7.250 	 0.000 	 90.000
FD11192	7.375 	 0.000 	 90.000
FD11192	7.500 	 0.000 	 90.000
FD11192	7.625 	 0.000 	 90.000
FD11192	7.750 	 0.000 	 90.000
FD11192	7.875 	 0.000 	 90.000
FD11192	8.000 	 0.000 	 90.000
FD11192	8.125 	 0.000 	 90.000
FD11192	8.250 	 0.000 	 90.000
FD11192	8.375 	 0.000 	 90.000
FD11192	8.500 	 0.000 	 90.000
FD11192	8.625 	 0.000 	 90.000
FD11192	8.750 	 0.000 	 90.000
FD11192	8.875 	 0.000 	 90.000
FD11192	9.000 	 0.000 	 90.000
FD11192	9.125 	 0.000 	 90.000
FD11192	9.250 	 0.000 	 90.000
FD11192	9.375 	 0.000 	 90.000
FD11192	9.500 	 0.000 	 90.000
FD11192	9.625 	 0.000 	 90.000
FD11192	9.750 	 0.000 	 90.000
FD11192	9.875 	 0.000 	 90.000
FD11192	10.000 	 0.000 	 90.000
FD11192	10.125 	 0.000 	 90.000
FD11192	10.250 	 0.000 	 90.000
FD11192	10.375 	 0.000 	 90.000
FD11192	10.500 	 0.000 	 90.000
FD11192	10.625 	 0.000 	 90.000
FD11192	10.750 	 0.000 	 90.000
FD11192	10.875 	 0.000 	 90.000
FD11192	11.000 	 0.000 	 90.000
FD11192	11.125 	 0.000 	 90.000
FD11192	11.250 	 0.000 	 90.000
FD11192	11.375 	 0.000 	 90.000
FD11192	11.500 	 0.000 	 90.000
FD11192	11.625 	 0.000 	 90.000
FD11192	11.750 	 0.000 	 90.000
FD11192	11.875 	 0.000 	 90.000
FD11192	12.000 	 0.000 	 90.000
FD11192	12.125 	 0.000 	 90.000
FD11192	12.250 	 0.000 	 90.000
FD11192	12.375 	 0.000 	 90.000
FD11192	12.500 	 0.000 	 90.000
FD11192	12.625 	 0.000 	 90.000
FD11192	12.750 	 0.000 	 90.000
FD11192	12.875 	 0.000 	 90.000
FD11192	13.000 	 0.000 	 90.000
FD11192	13.125 	 0.000 	 90.000
FD11192	13.250 	 0.000 	 90.000
FD11192	13.375 	 0.000 	 90.000
FD11192	13.500 	 0.000 	 90.000
FD11192	13.625 	 0.000 	 90.000
FD11192	13.750 	 0.000 	 90.000
FD11192	13.875 	 0.000 	 90.000
FD11192	14.000 	 0.000 	 90.000
FD11192	14.125 	 0.000 	 90.000
FD11192	14.250 	 0.000 	 90.000
FD11192	14.375 	 0.000 	 90.000
FD11192	14.500 	 0.000 	 90.000
FD11192	14.625 	 0.000 	 90.000
FD11192	14.750 	 0.000 	 90.000
FD11192	14.875 	 0.000 	 90.000
FD11192	15.000 	 0.000 	 90.000
FD11192	15.125 	 0.000 	 90.000
FD11192	15.250 	 0.000 	 90.000
FD11192	15.375 	 0.000 	 90.000
FD11192	15.500 	 0.000 	 90.000
FD11192	15.625 	 0.000 	 90.000
FD11192	15.750 	 0.000 	 90.000
FD11192	15.875 	 0.000 	 90.000
FD11192	16.000 	 0.000 	 90.000
FD11192	16.125 	 0.000 	 90.000
FD11192	16.250 	 0.000 	 90.000
FD11192	16.375 	 0.000 	 90.000
FD11192	16.500 	 0.000 	 90.000
FD11192	16.625 	 0.000 	 90.000
FD11192	16.750 	 0.000 	 90.000
FD11192	16.875 	 0.000 	 90.000
FD11192	17.000 	 0.000 	 90.000
FD11192	17.125 	 0.000 	 90.000
FD11192	17.250 	 0.000 	 90.000
FD11192	17.375 	 0.000 	 90.000
FD11192	17.500 	 0.000 	 90.000
FD11192	17.625 	 0.000 	 90.000
FD11192	17.750 	 0.000 	 90.000
FD11192	17.875 	 0.000 	 90.000
FD11192	18.000 	 0.000 	 90.000
FD11192	18.125 	 0.000 	 90.000
FD11192	18.250 	 0.000 	 90.000
FD11192	18.375 	 0.000 	 90.000
FD11192	18.500 	 0.000 	 90.000
FD11192	18.625 	 0.000 	 90.000
FD11192	18.750 	 0.000 	 90.000
FD11192	18.875 	 0.000 	 90.000
FD11192	19.000 	 0.000 	 90.000
FD11192	19.125 	 0.000 	 90.000
FD11192	19.250 	 0.000 	 90.000
FD11192	19.375 	 0.000 	 90.000
FD11192	19.500 	 0.000 	 90.000
FD11192	19.625 	 0.000 	 90.000
FD11192	19.750 	 0.000 	 90.000
FD11192	19.875 	 0.000 	 90.000
FD11192	20.000 	 0.000 	 90.000
FD11192	20.125 	 0.000 	 90.000
FD11192	20.250 	 0.000 	 90.000
FD11192	20.375 	 0.000 	 90.000
FD11192	20.500 	 0.000 	 90.000
FD11192	20.625 	 0.000 	 90.000
FD11192	20.750 	 0.000 	 90.000
FD11192	20.875 	 0.000 	 90.000
FD11192	21.000 	 0.000 	 90.000
FD11192	21.125 	 0.000 	 90.000
FD11192	21.250 	 0.000 	 90.000
FD11192	21.375 	 0.000 	 90.000
FD11192	21.500 	 0.000 	 90.000
FD11192	21.625 	 0.000 	 90.000
FD11192	21.750 	 0.000 	 90.000
FD11192	21.875 	 0.000 	 90.000
FD11192	22.000 	 0.000 	 90.000
FD11192	22.125 	 0.000 	 90.000
FD11192	22.250 	 0.000 	 90.000
FD11192	22.375 	 0.000 	 90.000
FD11192	22.500 	 0.000 	 90.000
FD11192	22.625 	 0.000 	 90.000
FD11192	22.750 	 0.000 	 90.000
FD11192	22.875 	 0.000 	 90.000
FD11192	23.000 	 0.000 	 90.000
FD11192	23.125 	 0.000 	 90.000
FD11192	23.250 	 0.000 	 90.000
FD11192	23.375 	 0.000 	 90.000
FD11192	23.500 	 0.000 	 90.000
FD11192	23.625 	 0.000 	 90.000
FD11192	23.750 	 0.000 	 90.000
FD11192	23.875 	 0.000 	 90.000
FD11192	24.000 	 0.000 	 90.000
FD11192	24.125 	 0.000 	 90.000
FD11192	24.250 	 0.000 	 90.000
FD11192	24.375 	 0.000 	 90.000
FD11192	24.500 	 0.000 	 90.000
FD11192	24.625 	 0.000 	 90.000
FD11192	24.750 	 0.000 	 90.000
FD11192	24.875 	 0.000 	 90.000
FD11192	25.000 	 0.000 	 90.000
FD11192	25.125 	 0.000 	 90.000
FD11192	25.250 	 0.000 	 90.000
FD11192	25.375 	 0.000 	 90.000
FD11192	25.500 	 0.000 	 90.000
FD11192	25.625 	 0.000 	 90.000
FD11192	25.750 	 0.000 	 90.000
FD11192	25.875 	 0.000 	 90.000
FD11192	26.000 	 0.000 	 90.000
FD11192	26.125 	 0.000 	 90.000
FD11192	26.250 	 0.000 	 90.000
FD11192	26.375 	 0.000 	 90.000
FD11192	26.500 	 0.000 	 90.000
FD11192	26.625 	 0.000 	 90.000
FD11192	26.750 	 0.000 	 90.000
FD11192	26.875 	 0.000 	 90.000
FD11192	27.000 	 0.000 	 90.000
FD11192	27.125 	 0.000 	 90.000
FD11192	27.250 	 0.000 	 90.000
FD11192	27.375 	 0.000 	 90.000
FD11192	27.500 	 0.000 	 90.000
FD11192	27.625 	 0.000 	 90.000
FD11192	27.750 	 0.000 	 90.000
FD11192	27.875 	 0.000 	 90.000
FD11192	28.000 	 0.000 	 90.000
FD11192	28.125 	 0.000 	 90.000
FD11192	28.250 	 0.000 	 90.000
FD11192	28.375 	 0.000 	 90.000
FD11192	28.500 	 0.000 	 90.000
FD11192	28.625 	 0.000 	 90.000
FD11192	28.750 	 0.000 	 90.000
FD11192	28.875 	 0.000 	 90.000
FD11192	29.000 	 0.000 	 90.000
FD11192	29.125 	 0.000 	 90.000
FD11192	29.250 	 0.000 	 90.000
FD11192	29.375 	 0.000 	 90.000
FD11192	29.500 	 0.000 	 90.000
FD11192	29.625 	 0.000 	 90.000
FD11192	29.750 	 0.000 	 90.000
FD11192	29.875 	 0.000 	 90.000
FD11192	30.000 	 0.000 	 90.000
FD11192	30.125 	 0.000 	 90.000
FD11192	30.250 	 0.000 	 90.000
FD11192	30.375 	 0.000 	 90.000
FD11192	30.500 	 0.000 	 90.000
FD11192	30.625 	 0.000 	 90.000
FD11192	30.750 	 0.000 	 90.000
FD11192	30.875 	 0.000 	 90.000
FD11192	31.000 	 0.000 	 90.000
FD11192	31.125 	 0.000 	 90.000
FD11192	31.250 	 0.000 	 90.000
FD11192	31.375 	 0.000 	 90.000
FD11192	31.500 	 0.000 	 90.000
FD11192	31.625 	 0.000 	 90.000
FD11192	31.750 	 0.000 	 90.000
FD11192	31.875 	 0.000 	 90.000
FD11192	32.000 	 0.000 	 90.000
FD11192	32.125 	 0.000 	 90.000
FD11192	32.250 	 0.000 	 90.000
FD11192	32.375 	 0.000 	 90.000
FD11192	32.500 	 0.000 	 90.000
FD11192	32.625 	 0.000 	 90.000
FD11192	32.750 	 0.000 	 90.000
FD11192	32.875 	 0.000 	 90.000
FD11192	33.000 	 0.000 	 90.000
FD11192	33.125 	 0.000 	 90.000
FD11192	33.250 	 0.000 	 90.000
FD11192	33.375 	 0.000 	 90.000
FD11192	33.500 	 0.000 	 90.000
FD11192	33.625 	 0.000 	 90.000
FD11192	33.750 	 0.000 	 90.000
FD11192	33.875 	 0.000 	 90.000
FD11192	34.000 	 0.000 	 90.000
FD11192	34.125 	 0.000 	 90.000
FD11192	34.250 	 0.000 	 90.000
FD11192	34.375 	 0.000 	 90.000
FD11192	34.500 	 0.000 	 90.000
FD11192	34.625 	 0.000 	 90.000
FD11192	34.750 	 0.000 	 90.000
FD11192	34.875 	 0.000 	 90.000
FD11192	35.000 	 0.000 	 90.000
FD11192	35.125 	 0.000 	 90.000
FD11192	35.250 	 0.000 	 90.000
FD11192	35.375 	 0.000 	 90.000
FD11192	35.500 	 0.000 	 90.000
FD11192	35.625 	 0.000 	 90.000
FD11192	35.750 	 0.000 	 90.000
FD11192	35.875 	 0.000 	 90.000
FD11192	36.000 	 0.000 	 90.000
FD11192	36.125 	 0.000 	 90.000
FD11192	36.250 	 0.000 	 90.000
FD11192	36.375 	 0.000 	 90.000
FD11192	36.500 	 0.000 	 90.000
FD11192	36.625 	 0.000 	 90.000
FD11192	36.750 	 0.000 	 90.000
FD11192	36.875 	 0.000 	 90.000
FD11192	37.000 	 0.000 	 90.000
FD11192	37.125 	 0.000 	 90.000
FD11192	37.250 	 0.000 	 90.000
FD11192	37.375 	 0.000 	 90.000
FD11192	37.500 	 0.000 	 90.000
FD11192	37.625 	 0.000 	 90.000
FD11192	37.750 	 0.000 	 90.000
FD11192	37.875 	 0.000 	 90.000
FD11192	38.000 	 0.000 	 90.000
FD11192	38.125 	 0.000 	 90.000
FD11192	38.250 	 0.000 	 90.000
FD11192	38.375 	 0.000 	 90.000
FD11192	38.500 	 0.000 	 90.000
FD11192	38.625 	 0.000 	 90.000
FD11192	38.750 	 0.000 	 90.000
FD11192	38.875 	 0.000 	 90.000
FD11192	39.000 	 0.000 	 90.000
FD11192	39.125 	 0.000 	 90.000
FD11192	39.250 	 0.000 	 90.000
FD11192	39.375 	 0.000 	 90.000
FD11192	39.500 	 0.000 	 90.000
FD11192	39.625 	 0.000 	 90.000
FD11192	39.750 	 0.000 	 90.000
FD11192	39.875 	 0.000 	 90.000
FD11192	40.000 	 0.000 	 90.000
FD11192	40.125 	 0.594 	 150.527
FD11192	40.250 	 0.595 	 149.996
FD11192	40.375 	 0.595 	 149.569
FD11192	40.500 	 0.597 	 149.376
FD11192	40.625 	 0.598 	 149.134
FD11192	40.750 	 0.599 	 148.893
FD11192	40.875 	 0.599 	 148.661
FD11192	41.000 	 0.601 	 148.476
FD11192	41.125 	 0.601 	 148.357
FD11192	41.250 	 0.602 	 148.240
FD11192	41.375 	 0.602 	 148.092
FD11192	41.500 	 0.602 	 147.944
FD11192	41.625 	 0.602 	 147.797
FD11192	41.750 	 0.602 	 147.650
FD11192	41.875 	 0.602 	 147.546
FD11192	42.000 	 0.602 	 147.517
FD11192	42.125 	 0.602 	 147.517
FD11192	42.250 	 0.603 	 147.517
FD11192	42.375 	 0.604 	 147.517
FD11192	42.500 	 0.605 	 147.517
FD11192	42.625 	 0.606 	 147.517
FD11192	42.750 	 0.607 	 147.517
FD11192	42.875 	 0.609 	 147.517
FD11192	43.000 	 0.611 	 147.517
FD11192	43.125 	 0.614 	 147.960
FD11192	43.250 	 0.618 	 148.490
FD11192	43.375 	 0.620 	 149.022
FD11192	43.500 	 0.623 	 149.730
FD11192	43.625 	 0.627 	 150.881
FD11192	43.750 	 0.630 	 152.298
FD11192	43.875 	 0.634 	 153.227
FD11192	44.000 	 0.637 	 154.290
FD11192	44.125 	 0.640 	 155.485
FD11192	44.250 	 0.643 	 156.016
FD11192	44.375 	 0.646 	 156.016
FD11192	44.500 	 0.648 	 156.016
FD11192	44.625 	 0.649 	 156.016
FD11192	44.750 	 0.650 	 156.016
FD11192	44.875 	 0.650 	 156.016
FD11192	45.000 	 0.649 	 156.016
FD11192	45.125 	 0.648 	 157.189
FD11192	45.250 	 0.647 	 158.722
FD11192	45.375 	 0.646 	 158.766
FD11192	45.500 	 0.645 	 158.376
FD11192	45.625 	 0.643 	 158.201
FD11192	45.750 	 0.641 	 158.453
FD11192	45.875 	 0.638 	 159.090
FD11192	46.000 	 0.636 	 159.733
FD11192	46.125 	 0.634 	 160.428
FD11192	46.250 	 0.632 	 160.867
FD11192	46.375 	 0.630 	 161.574
FD11192	46.500 	 0.629 	 162.381
FD11192	46.625 	 0.628 	 163.073
FD11192	46.750 	 0.628 	 164.083
FD11192	46.875 	 0.629 	 164.650
FD11192	47.000 	 0.629 	 164.529
FD11192	47.125 	 0.630 	 163.968
FD11192	47.250 	 0.631 	 163.551
FD11192	47.375 	 0.632 	 163.973
FD11192	47.500 	 0.634 	 164.875
FD11192	47.625 	 0.636 	 165.879
FD11192	47.750 	 0.638 	 166.583
FD11192	47.875 	 0.640 	 166.871
FD11192	48.000 	 0.642 	 166.751
FD11192	48.125 	 0.645 	 166.050
FD11192	48.250 	 0.646 	 165.149
FD11192	48.375 	 0.648 	 164.265
FD11192	48.500 	 0.649 	 163.513
FD11192	48.625 	 0.651 	 162.647
FD11192	48.750 	 0.652 	 161.521
FD11192	48.875 	 0.653 	 160.376
FD11192	49.000 	 0.653 	 159.271
FD11192	49.125 	 0.654 	 158.200
FD11192	49.250 	 0.654 	 157.355
FD11192	49.375 	 0.654 	 156.591
FD11192	49.500 	 0.653 	 155.695
FD11192	49.625 	 0.653 	 154.787
FD11192	49.750 	 0.652 	 153.786
FD11192	49.875 	 0.651 	 152.825
FD11192	50.000 	 0.649 	 151.957
FD11192	50.125 	 0.648 	 150.999
FD11192	50.250 	 0.646 	 150.016
FD11192	50.375 	 0.645 	 149.065
FD11192	50.500 	 0.642 	 148.159
FD11192	50.625 	 0.640 	 147.321
FD11192	50.750 	 0.638 	 146.486
FD11192	50.875 	 0.635 	 145.542
FD11192	51.000 	 0.632 	 144.471
FD11192	51.125 	 0.630 	 143.558
FD11192	51.250 	 0.627 	 142.740
FD11192	51.375 	 0.624 	 141.784
FD11192	51.500 	 0.620 	 140.801
FD11192	51.625 	 0.617 	 139.851
FD11192	51.750 	 0.614 	 138.884
FD11192	51.875 	 0.610 	 137.930
FD11192	52.000 	 0.607 	 137.007
FD11192	52.125 	 0.603 	 136.022
FD11192	52.250 	 0.599 	 135.033
FD11192	52.375 	 0.595 	 134.075
FD11192	52.500 	 0.590 	 133.085
FD11192	52.625 	 0.586 	 132.072
FD11192	52.750 	 0.582 	 131.077
FD11192	52.875 	 0.577 	 130.100
FD11192	53.000 	 0.573 	 129.089
FD11192	53.125 	 0.569 	 128.054
FD11192	53.250 	 0.565 	 127.065
FD11192	53.375 	 0.560 	 126.057
FD11192	53.500 	 0.555 	 125.019
FD11192	53.625 	 0.551 	 123.994
FD11192	53.750 	 0.547 	 122.946
FD11192	53.875 	 0.543 	 121.894
FD11192	54.000 	 0.540 	 120.833
FD11192	54.125 	 0.536 	 119.756
FD11192	54.250 	 0.534 	 118.664
FD11192	54.375 	 0.531 	 117.525
FD11192	54.500 	 0.530 	 116.340
FD11192	54.625 	 0.528 	 115.151
FD11192	54.750 	 0.527 	 113.980
FD11192	54.875 	 0.528 	 112.794
FD11192	55.000 	 0.528 	 111.602
FD11192	55.125 	 0.530 	 110.416
FD11192	55.250 	 0.532 	 109.229
FD11192	55.375 	 0.535 	 108.035
FD11192	55.500 	 0.539 	 106.831
FD11192	55.625 	 0.543 	 105.628
FD11192	55.750 	 0.548 	 104.397
FD11192	55.875 	 0.554 	 103.192
FD11192	56.000 	 0.561 	 101.961
FD11192	56.125 	 0.569 	 100.711
FD11192	56.250 	 0.577 	 99.459
FD11192	56.375 	 0.587 	 98.177
FD11192	56.500 	 0.597 	 96.897
FD11192	56.625 	 0.607 	 95.611
FD11192	56.750 	 0.619 	 94.314
FD11192	56.875 	 0.631 	 92.972
FD11192	57.000 	 0.643 	 91.643
FD11192	57.125 	 0.657 	 90.275
FD11192	57.250 	 0.671 	 88.918
FD11192	57.375 	 0.686 	 87.671
FD11192	57.500 	 0.702 	 86.452
FD11192	57.625 	 0.719 	 85.339
FD11192	57.750 	 0.737 	 84.323
FD11192	57.875 	 0.755 	 83.186
FD11192	58.000 	 0.774 	 82.016
FD11192	58.125 	 0.794 	 80.882
FD11192	58.250 	 0.815 	 79.684
FD11192	58.375 	 0.838 	 78.539
FD11192	58.500 	 0.860 	 77.352
FD11192	58.625 	 0.884 	 76.053
FD11192	58.750 	 0.908 	 74.723
FD11192	58.875 	 0.934 	 73.384
FD11192	59.000 	 0.960 	 72.103
FD11192	59.125 	 0.988 	 70.832
FD11192	59.250 	 1.016 	 69.535
FD11192	59.375 	 1.044 	 68.307
FD11192	59.500 	 1.072 	 67.160
FD11192	59.625 	 1.101 	 66.071
FD11192	59.750 	 1.130 	 65.435
FD11192	59.875 	 1.158 	 65.179
FD11192	60.000 	 1.186 	 64.586
FD11192	60.125 	 1.214 	 64.180
FD11192	60.250 	 1.242 	 64.284
FD11192	60.375 	 1.268 	 64.298
FD11192	60.500 	 1.294 	 64.237
FD11192	60.625 	 1.320 	 64.355
FD11192	60.750 	 1.344 	 64.355
FD11192	60.875 	 1.368 	 64.157
FD11192	61.000 	 1.392 	 64.218
FD11192	61.125 	 1.414 	 64.413
FD11192	61.250 	 1.436 	 64.528
FD11192	61.375 	 1.458 	 64.702
FD11192	61.500 	 1.480 	 64.740
FD11192	61.625 	 1.502 	 64.619
FD11192	61.750 	 1.525 	 64.679
FD11192	61.875 	 1.549 	 64.736
FD11192	62.000 	 1.573 	 64.720
FD11192	62.125 	 1.598 	 64.839
FD11192	62.250 	 1.623 	 64.932
FD11192	62.375 	 1.648 	 64.918
FD11192	62.500 	 1.674 	 64.786
FD11192	62.625 	 1.702 	 64.644
FD11192	62.750 	 1.729 	 64.589
FD11192	62.875 	 1.756 	 64.580
FD11192	63.000 	 1.784 	 64.646
FD11192	63.125 	 1.813 	 64.636
FD11192	63.250 	 1.842 	 64.619
FD11192	63.375 	 1.872 	 64.611
FD11192	63.500 	 1.900 	 64.638
FD11192	63.625 	 1.929 	 64.704
FD11192	63.750 	 1.959 	 64.677
FD11192	63.875 	 1.987 	 64.663
FD11192	64.000 	 2.015 	 64.717
FD11192	64.125 	 2.041 	 64.794
FD11192	64.250 	 2.069 	 64.778
FD11192	64.375 	 2.096 	 64.725
FD11192	64.500 	 2.122 	 64.725
FD11192	64.625 	 2.148 	 64.622
FD11192	64.750 	 2.174 	 64.512
FD11192	64.875 	 2.200 	 64.539
FD11192	65.000 	 2.227 	 64.556
FD11192	65.125 	 2.255 	 64.545
FD11192	65.250 	 2.284 	 64.561
FD11192	65.375 	 2.312 	 64.529
FD11192	65.500 	 2.342 	 64.441
FD11192	65.625 	 2.373 	 64.465
FD11192	65.750 	 2.406 	 64.569
FD11192	65.875 	 2.439 	 64.611
FD11192	66.000 	 2.472 	 64.633
FD11192	66.125 	 2.508 	 64.652
FD11192	66.250 	 2.544 	 64.652
FD11192	66.375 	 2.581 	 64.676
FD11192	66.500 	 2.619 	 64.709
FD11192	66.625 	 2.657 	 64.668
FD11192	66.750 	 2.696 	 64.635
FD11192	66.875 	 2.736 	 64.603
FD11192	67.000 	 2.773 	 64.640
FD11192	67.125 	 2.811 	 64.740
FD11192	67.250 	 2.846 	 64.756
FD11192	67.375 	 2.881 	 64.775
FD11192	67.500 	 2.916 	 64.693
FD11192	67.625 	 2.952 	 64.575
FD11192	67.750 	 2.989 	 64.465
FD11192	67.875 	 3.028 	 64.369
FD11192	68.000 	 3.066 	 64.336
FD11192	68.125 	 3.105 	 64.366
FD11192	68.250 	 3.145 	 64.487
FD11192	68.375 	 3.184 	 64.581
FD11192	68.500 	 3.224 	 64.569
FD11192	68.625 	 3.263 	 64.537
FD11192	68.750 	 3.303 	 64.454
FD11192	68.875 	 3.344 	 64.485
FD11192	69.000 	 3.385 	 64.682
FD11192	69.125 	 3.425 	 64.783
FD11192	69.250 	 3.467 	 64.729
FD11192	69.375 	 3.510 	 64.514
FD11192	69.500 	 3.553 	 64.355
FD11192	69.625 	 3.596 	 64.325
FD11192	69.750 	 3.639 	 64.303
FD11192	69.875 	 3.680 	 64.353
FD11192	70.000 	 3.722 	 64.440
FD11192	70.125 	 3.763 	 64.512
FD11192	70.250 	 3.804 	 64.446
FD11192	70.375 	 3.846 	 64.210
FD11192	70.500 	 3.888 	 63.995
FD11192	70.625 	 3.929 	 63.921
FD11192	70.750 	 3.971 	 63.932
FD11192	70.875 	 4.013 	 63.833
FD11192	71.000 	 4.056 	 63.724
FD11192	71.125 	 4.099 	 63.564
FD11192	71.250 	 4.144 	 63.422
FD11192	71.375 	 4.188 	 63.369
FD11192	71.500 	 4.233 	 63.270
FD11192	71.625 	 4.277 	 63.256
FD11192	71.750 	 4.319 	 63.389
FD11192	71.875 	 4.361 	 63.330
FD11192	72.000 	 4.401 	 63.133
FD11192	72.125 	 4.440 	 63.108
FD11192	72.250 	 4.480 	 63.152
FD11192	72.375 	 4.520 	 63.061
FD11192	72.500 	 4.561 	 62.947
FD11192	72.625 	 4.603 	 63.053
FD11192	72.750 	 4.645 	 63.157
FD11192	72.875 	 4.689 	 63.089
FD11192	73.000 	 4.732 	 63.067
FD11192	73.125 	 4.774 	 63.110
FD11192	73.250 	 4.818 	 63.056
FD11192	73.375 	 4.861 	 62.916
FD11192	73.500 	 4.904 	 62.718
FD11192	73.625 	 4.947 	 62.565
FD11192	73.750 	 4.991 	 62.471
FD11192	73.875 	 5.036 	 62.416
FD11192	74.000 	 5.080 	 62.389
FD11192	74.125 	 5.124 	 62.482
FD11192	74.250 	 5.170 	 62.542
FD11192	74.375 	 5.214 	 62.452
FD11192	74.500 	 5.258 	 62.402
FD11192	74.625 	 5.301 	 62.355
FD11192	74.750 	 5.344 	 62.235
FD11192	74.875 	 5.386 	 62.282
FD11192	75.000 	 5.429 	 62.320
FD11192	75.125 	 5.470 	 62.211
FD11192	75.250 	 5.513 	 62.133
FD11192	75.375 	 5.556 	 62.133
FD11192	75.500 	 5.599 	 62.145
FD11192	75.625 	 5.644 	 62.120
FD11192	75.750 	 5.689 	 62.158
FD11192	75.875 	 5.735 	 62.081
FD11192	76.000 	 5.783 	 61.965
FD11192	76.125 	 5.832 	 61.919
FD11192	76.250 	 5.880 	 61.820
FD11192	76.375 	 5.930 	 61.601
FD11192	76.500 	 5.980 	 61.408
FD11192	76.625 	 6.030 	 61.419
FD11192	76.750 	 6.080 	 61.534
FD11192	76.875 	 6.129 	 61.641
FD11192	77.000 	 6.177 	 61.609
FD11192	77.125 	 6.225 	 61.438
FD11192	77.250 	 6.272 	 61.224
FD11192	77.375 	 6.317 	 61.081
FD11192	77.500 	 6.363 	 60.932
FD11192	77.625 	 6.407 	 60.716
FD11192	77.750 	 6.451 	 60.672
FD11192	77.875 	 6.494 	 60.834
FD11192	78.000 	 6.536 	 60.867
FD11192	78.125 	 6.578 	 60.614
FD11192	78.250 	 6.618 	 60.438
FD11192	78.375 	 6.659 	 60.505
FD11192	78.500 	 6.701 	 60.516
FD11192	78.625 	 6.742 	 60.425
FD11192	78.750 	 6.783 	 60.309
FD11192	78.875 	 6.826 	 60.210
FD11192	79.000 	 6.871 	 60.227
FD11192	79.125 	 6.917 	 60.238
FD11192	79.250 	 6.962 	 60.249
FD11192	79.375 	 7.007 	 60.252
FD11192	79.500 	 7.051 	 60.153
FD11192	79.625 	 7.093 	 60.016
FD11192	79.750 	 7.134 	 59.835
FD11192	79.875 	 7.176 	 59.706
FD11192	80.000 	 7.217 	 59.546
FD11192	80.125 	 7.258 	 59.342
FD11192	80.250 	 7.300 	 59.205
FD11192	80.375 	 7.340 	 59.005
FD11192	80.500 	 7.382 	 58.807
FD11192	80.625 	 7.423 	 58.703
FD11192	80.750 	 7.465 	 58.730
FD11192	80.875 	 7.505 	 58.667
FD11192	81.000 	 7.545 	 58.535
FD11192	81.125 	 7.585 	 58.417
FD11192	81.250 	 7.626 	 58.203
FD11192	81.375 	 7.669 	 58.011
FD11192	81.500 	 7.713 	 57.878
FD11192	81.625 	 7.759 	 57.703
FD11192	81.750 	 7.805 	 57.527
FD11192	81.875 	 7.852 	 57.395
FD11192	82.000 	 7.898 	 57.258
FD11192	82.125 	 7.944 	 57.206
FD11192	82.250 	 7.991 	 57.124
FD11192	82.375 	 8.035 	 57.005
FD11192	82.500 	 8.080 	 56.912
FD11192	82.625 	 8.124 	 56.752
FD11192	82.750 	 8.168 	 56.599
FD11192	82.875 	 8.213 	 56.456
FD11192	83.000 	 8.257 	 56.263
FD11192	83.125 	 8.300 	 56.074
FD11192	83.250 	 8.342 	 55.882
FD11192	83.375 	 8.384 	 55.745
FD11192	83.500 	 8.426 	 55.756
FD11192	83.625 	 8.469 	 55.707
FD11192	83.750 	 8.512 	 55.531
FD11192	83.875 	 8.556 	 55.368
FD11192	84.000 	 8.599 	 55.308
FD11192	84.125 	 8.643 	 55.223
FD11192	84.250 	 8.688 	 55.085
FD11192	84.375 	 8.733 	 54.970
FD11192	84.500 	 8.777 	 54.800
FD11192	84.625 	 8.820 	 54.698
FD11192	84.750 	 8.861 	 54.692
FD11192	84.875 	 8.903 	 54.594
FD11192	85.000 	 8.944 	 54.429
FD11192	85.125 	 8.985 	 54.209
FD11192	85.250 	 9.025 	 54.028
FD11192	85.375 	 9.064 	 53.915
FD11192	85.500 	 9.103 	 53.762
FD11192	85.625 	 9.141 	 53.646
FD11192	85.750 	 9.179 	 53.525
FD11192	85.875 	 9.217 	 53.352
FD11192	86.000 	 9.255 	 53.132
FD11192	86.125 	 9.292 	 52.968
FD11192	86.250 	 9.330 	 52.787
FD11192	86.375 	 9.367 	 52.605
FD11192	86.500 	 9.404 	 52.562
FD11192	86.625 	 9.441 	 52.523
FD11192	86.750 	 9.480 	 52.364
FD11192	86.875 	 9.518 	 52.268
FD11192	87.000 	 9.557 	 52.180
FD11192	87.125 	 9.597 	 52.034
FD11192	87.250 	 9.637 	 51.918
FD11192	87.375 	 9.676 	 51.787
FD11192	87.500 	 9.716 	 51.715
FD11192	87.625 	 9.754 	 51.658
FD11192	87.750 	 9.792 	 51.603
FD11192	87.875 	 9.830 	 51.443
FD11192	88.000 	 9.867 	 51.312
FD11192	88.125 	 9.905 	 51.276
FD11192	88.250 	 9.944 	 51.182
FD11192	88.375 	 9.983 	 51.135
FD11192	88.500 	 10.023 	 51.086
FD11192	88.625 	 10.065 	 50.935
FD11192	88.750 	 10.107 	 50.738
FD11192	88.875 	 10.149 	 50.630
FD11192	89.000 	 10.192 	 50.598
FD11192	89.125 	 10.234 	 50.518
FD11192	89.250 	 10.278 	 50.441
FD11192	89.375 	 10.321 	 50.314
FD11192	89.500 	 10.367 	 50.189
FD11192	89.625 	 10.414 	 50.114
FD11192	89.750 	 10.462 	 49.982
FD11192	89.875 	 10.509 	 49.801
FD11192	90.000 	 10.558 	 49.680
FD11192	90.125 	 10.604 	 49.592
FD11192	90.250 	 10.649 	 49.521
FD11192	90.375 	 10.693 	 49.515
FD11192	90.500 	 10.737 	 49.455
FD11192	90.625 	 10.780 	 49.390
FD11192	90.750 	 10.822 	 49.318
FD11192	90.875 	 10.864 	 49.150
FD11192	91.000 	 10.906 	 49.002
FD11192	91.125 	 10.947 	 48.881
FD11192	91.250 	 10.989 	 48.809
FD11192	91.375 	 11.031 	 48.798
FD11192	91.500 	 11.075 	 48.661
FD11192	91.625 	 11.118 	 48.461
FD11192	91.750 	 11.163 	 48.362
FD11192	91.875 	 11.209 	 48.252
FD11192	92.000 	 11.255 	 48.092
FD11192	92.125 	 11.303 	 48.008
FD11192	92.250 	 11.355 	 47.947
FD11192	92.375 	 11.406 	 47.859
FD11192	92.500 	 11.459 	 47.755
FD11192	92.625 	 11.512 	 47.667
FD11192	92.750 	 11.567 	 47.518
FD11192	92.875 	 11.622 	 47.368
FD11192	93.000 	 11.678 	 47.268
FD11192	93.125 	 11.736 	 47.131
FD11192	93.250 	 11.792 	 46.983
FD11192	93.375 	 11.851 	 46.876
FD11192	93.500 	 11.909 	 46.793
FD11192	93.625 	 11.966 	 46.709
FD11192	93.750 	 12.023 	 46.703
FD11192	93.875 	 12.081 	 46.662
FD11192	94.000 	 12.135 	 46.607
FD11192	94.125 	 12.187 	 46.628
FD11192	94.250 	 12.238 	 46.672
FD11192	94.375 	 12.285 	 46.632
FD11192	94.500 	 12.330 	 46.554
FD11192	94.625 	 12.375 	 46.444
FD11192	94.750 	 12.419 	 46.340
FD11192	94.875 	 12.463 	 46.305
FD11192	95.000 	 12.507 	 46.244
FD11192	95.125 	 12.550 	 46.159
FD11192	95.250 	 12.593 	 46.060
FD11192	95.375 	 12.636 	 46.115
FD11192	95.500 	 12.674 	 46.203
FD11192	95.625 	 12.715 	 46.162
FD11192	95.750 	 12.752 	 46.156
FD11192	95.875 	 12.788 	 46.289
FD11192	96.000 	 12.822 	 46.255
FD11192	96.125 	 12.854 	 46.044
FD11192	96.250 	 12.891 	 45.961
FD11192	96.375 	 12.930 	 45.887
FD11192	96.500 	 12.973 	 45.838
FD11192	96.625 	 13.019 	 45.780
FD11192	96.750 	 13.064 	 45.654
FD11192	96.875 	 13.110 	 45.568
FD11192	97.000 	 13.154 	 45.602
FD11192	97.125 	 13.200 	 45.653
FD11192	97.250 	 13.242 	 45.588
FD11192	97.375 	 13.287 	 45.483
FD11192	97.500 	 13.332 	 45.357
FD11192	97.625 	 13.376 	 45.316
FD11192	97.750 	 13.420 	 45.376
FD11192	97.875 	 13.467 	 45.332
FD11192	98.000 	 13.515 	 45.272
FD11192	98.125 	 13.563 	 45.280
FD11192	98.250 	 13.613 	 45.292
FD11192	98.375 	 13.663 	 45.283
FD11192	98.500 	 13.712 	 45.245
FD11192	98.625 	 13.761 	 45.165
FD11192	98.750 	 13.808 	 45.077
FD11192	98.875 	 13.856 	 45.028
FD11192	99.000 	 13.904 	 45.011
FD11192	99.125 	 13.952 	 45.008
FD11192	99.250 	 14.002 	 44.898
FD11192	99.375 	 14.051 	 44.808
FD11192	99.500 	 14.101 	 44.801
FD11192	99.625 	 14.150 	 44.813
FD11192	99.750 	 14.202 	 44.763
FD11192	99.875 	 14.254 	 44.676
FD11192	100.000 	 14.306 	 44.642
FD11192	100.125 	 14.360 	 44.621
FD11192	100.250 	 14.412 	 44.549
FD11192	100.375 	 14.462 	 44.481
FD11192	100.500 	 14.515 	 44.459
FD11192	100.625 	 14.562 	 44.481
FD11192	100.750 	 14.611 	 44.497
FD11192	100.875 	 14.657 	 44.484
FD11192	101.000 	 14.705 	 44.517
FD11192	101.125 	 14.752 	 44.552
FD11192	101.250 	 14.799 	 44.542
FD11192	101.375 	 14.848 	 44.501
FD11192	101.500 	 14.896 	 44.379
FD11192	101.625 	 14.944 	 44.289
FD11192	101.750 	 14.991 	 44.272
FD11192	101.875 	 15.040 	 44.245
FD11192	102.000 	 15.085 	 44.184
FD11192	102.125 	 15.132 	 44.146
FD11192	102.250 	 15.178 	 44.096
FD11192	102.375 	 15.224 	 44.086
FD11192	102.500 	 15.270 	 44.135
FD11192	102.625 	 15.317 	 44.151
FD11192	102.750 	 15.364 	 44.196
FD11192	102.875 	 15.412 	 44.091
FD11192	103.000 	 15.461 	 44.014
FD11192	103.125 	 15.512 	 44.061
FD11192	103.250 	 15.562 	 44.016
FD11192	103.375 	 15.614 	 43.943
FD11192	103.500 	 15.666 	 43.910
FD11192	103.625 	 15.717 	 43.915
FD11192	103.750 	 15.771 	 43.915
FD11192	103.875 	 15.824 	 43.866
FD11192	104.000 	 15.877 	 43.844
FD11192	104.125 	 15.933 	 43.805
FD11192	104.250 	 15.989 	 43.756
FD11192	104.375 	 16.045 	 43.627
FD11192	104.500 	 16.103 	 43.484
FD11192	104.625 	 16.158 	 43.456
FD11192	104.750 	 16.215 	 43.429
FD11192	104.875 	 16.275 	 43.385
FD11192	105.000 	 16.332 	 43.363
FD11192	105.125 	 16.392 	 43.385
FD11192	105.250 	 16.450 	 43.368
FD11192	105.375 	 16.508 	 43.341
FD11192	105.500 	 16.567 	 43.314
FD11192	105.625 	 16.626 	 43.264
FD11192	105.750 	 16.687 	 43.209
FD11192	105.875 	 16.747 	 43.190
FD11192	106.000 	 16.806 	 43.179
FD11192	106.125 	 16.863 	 43.132
FD11192	106.250 	 16.919 	 43.110
FD11192	106.375 	 16.972 	 43.019
FD11192	106.500 	 17.022 	 42.954
FD11192	106.625 	 17.068 	 42.930
FD11192	106.750 	 17.114 	 42.869
FD11192	106.875 	 17.156 	 42.781
FD11192	107.000 	 17.196 	 42.676
FD11192	107.125 	 17.238 	 42.684
FD11192	107.250 	 17.278 	 42.712
FD11192	107.375 	 17.320 	 42.737
FD11192	107.500 	 17.362 	 42.737
FD11192	107.625 	 17.402 	 42.734
FD11192	107.750 	 17.441 	 42.707
FD11192	107.875 	 17.479 	 42.651
FD11192	108.000 	 17.516 	 42.662
FD11192	108.125 	 17.554 	 42.688
FD11192	108.250 	 17.593 	 42.720
FD11192	108.375 	 17.635 	 42.732
FD11192	108.500 	 17.679 	 42.710
FD11192	108.625 	 17.726 	 42.651
FD11192	108.750 	 17.775 	 42.613
FD11192	108.875 	 17.825 	 42.600
FD11192	109.000 	 17.878 	 42.561
FD11192	109.125 	 17.928 	 42.580
FD11192	109.250 	 17.981 	 42.607
FD11192	109.375 	 18.032 	 42.630
FD11192	109.500 	 18.082 	 42.635
FD11192	109.625 	 18.134 	 42.607
FD11192	109.750 	 18.184 	 42.613
FD11192	109.875 	 18.234 	 42.622
FD11192	110.000 	 18.284 	 42.715
FD11192	110.125 	 18.334 	 42.808
FD11192	110.250 	 18.382 	 42.776
FD11192	110.375 	 18.429 	 42.753
FD11192	110.500 	 18.476 	 42.721
FD11192	110.625 	 18.520 	 42.657
FD11192	110.750 	 18.566 	 42.641
FD11192	110.875 	 18.610 	 42.649
FD11192	111.000 	 18.655 	 42.627
FD11192	111.125 	 18.699 	 42.646
FD11192	111.250 	 18.741 	 42.640
FD11192	111.375 	 18.782 	 42.583
FD11192	111.500 	 18.821 	 42.627
FD11192	111.625 	 18.860 	 42.673
FD11192	111.750 	 18.897 	 42.696
FD11192	111.875 	 18.933 	 42.668
FD11192	112.000 	 18.971 	 42.619
FD11192	112.125 	 19.010 	 42.602
FD11192	112.250 	 19.051 	 42.575
FD11192	112.375 	 19.094 	 42.608
FD11192	112.500 	 19.140 	 42.618
FD11192	112.625 	 19.185 	 42.517
FD11192	112.750 	 19.231 	 42.364
FD11192	112.875 	 19.278 	 42.300
FD11192	113.000 	 19.322 	 42.333
FD11192	113.125 	 19.367 	 42.333
FD11192	113.250 	 19.411 	 42.306
FD11192	113.375 	 19.458 	 42.237
FD11192	113.500 	 19.505 	 42.204
FD11192	113.625 	 19.555 	 42.182
FD11192	113.750 	 19.608 	 42.128
FD11192	113.875 	 19.664 	 42.050
FD11192	114.000 	 19.721 	 41.995
FD11192	114.125 	 19.778 	 42.058
FD11192	114.250 	 19.835 	 42.119
FD11192	114.375 	 19.891 	 42.144
FD11192	114.500 	 19.944 	 42.166
FD11192	114.625 	 19.998 	 42.155
FD11192	114.750 	 20.051 	 42.127
FD11192	114.875 	 20.106 	 42.031
FD11192	115.000 	 20.160 	 41.970
FD11192	115.125 	 20.213 	 41.954
FD11192	115.250 	 20.266 	 41.872
FD11192	115.375 	 20.318 	 41.894
FD11192	115.500 	 20.370 	 41.915
FD11192	115.625 	 20.415 	 41.792
FD11192	115.750 	 20.458 	 41.732
FD11192	115.875 	 20.500 	 41.740
FD11192	116.000 	 20.540 	 41.668
FD11192	116.125 	 20.576 	 41.575
FD11192	116.250 	 20.613 	 41.558
FD11192	116.375 	 20.648 	 41.521
FD11192	116.500 	 20.683 	 41.443
FD11192	116.625 	 20.714 	 41.388
FD11192	116.750 	 20.742 	 41.405
FD11192	116.875 	 20.766 	 41.440
FD11192	117.000 	 20.791 	 41.451
FD11192	117.125 	 20.815 	 41.429
FD11192	117.250 	 20.836 	 41.359
FD11192	117.375 	 20.862 	 41.249
FD11192	117.500 	 20.887 	 41.100
FD11192	117.625 	 20.913 	 41.009
FD11192	117.750 	 20.941 	 40.921
FD11192	117.875 	 20.967 	 40.770
FD11192	118.000 	 20.994 	 40.715
FD11192	118.125 	 21.018 	 40.847
FD11192	118.250 	 21.042 	 41.012
FD11192	118.375 	 21.069 	 41.010
FD11192	118.500 	 21.092 	 40.927
FD11192	118.625 	 21.121 	 40.888
FD11192	118.750 	 21.150 	 40.773
FD11192	118.875 	 21.180 	 40.665
FD11192	119.000 	 21.211 	 40.660
FD11192	119.125 	 21.240 	 40.635
FD11192	119.250 	 21.269 	 40.532
FD11192	119.375 	 21.295 	 40.565
FD11192	119.500 	 21.318 	 40.635
FD11192	119.625 	 21.340 	 40.575
FD11192	119.750 	 21.362 	 40.504
FD11192	119.875 	 21.384 	 40.405
FD11192	120.000 	 21.404 	 40.339
FD11192	120.125 	 21.424 	 40.243
FD11192	120.250 	 21.443 	 40.221
FD11192	120.375 	 21.461 	 40.215
FD11192	120.500 	 21.477 	 40.122
FD11192	120.625 	 21.491 	 40.056
FD11192	120.750 	 21.503 	 40.062
FD11192	120.875 	 21.515 	 40.100
FD11192	121.000 	 21.528 	 40.029
FD11192	121.125 	 21.540 	 39.968
FD11192	121.250 	 21.554 	 39.940
FD11192	121.375 	 21.567 	 39.922
FD11192	121.500 	 21.580 	 39.906
FD11192	121.625 	 21.592 	 39.839
FD11192	121.750 	 21.600 	 39.778
FD11192	121.875 	 21.608 	 39.697
FD11192	122.000 	 21.612 	 39.619
FD11192	122.125 	 21.616 	 39.601
FD11192	122.250 	 21.618 	 39.567
FD11192	122.375 	 21.623 	 39.520
FD11192	122.500 	 21.626 	 39.444
FD11192	122.625 	 21.626 	 39.381
FD11192	122.750 	 21.629 	 39.341
FD11192	122.875 	 21.630 	 39.279
FD11192	123.000 	 21.633 	 39.169
FD11192	123.125 	 21.636 	 39.133
FD11192	123.250 	 21.635 	 39.161
FD11192	123.375 	 21.634 	 39.057
FD11192	123.500 	 21.633 	 39.012
FD11192	123.625 	 21.633 	 39.008
FD11192	123.750 	 21.634 	 39.018
FD11192	123.875 	 21.634 	 38.995
FD11192	124.000 	 21.637 	 38.909
FD11192	124.125 	 21.637 	 38.878
FD11192	124.250 	 21.639 	 38.835
FD11192	124.375 	 21.636 	 38.784
FD11192	124.500 	 21.634 	 38.751
FD11192	124.625 	 21.630 	 38.708
FD11192	124.750 	 21.625 	 38.586
FD11192	124.875 	 21.619 	 38.465
FD11192	125.000 	 21.613 	 38.493
FD11192	125.125 	 21.605 	 38.469
FD11192	125.250 	 21.597 	 38.320
FD11192	125.375 	 21.588 	 38.343
FD11192	125.500 	 21.580 	 38.369
FD11192	125.625 	 21.571 	 38.293
FD11192	125.750 	 21.564 	 38.304
FD11192	125.875 	 21.557 	 38.361
FD11192	126.000 	 21.554 	 38.317
FD11192	126.125 	 21.551 	 38.255
FD11192	126.250 	 21.554 	 38.253
FD11192	126.375 	 21.558 	 38.234
FD11192	126.500 	 21.566 	 38.280
FD11192	126.625 	 21.577 	 38.279
FD11192	126.750 	 21.592 	 38.240
FD11192	126.875 	 21.605 	 38.259
FD11192	127.000 	 21.623 	 38.184
FD11192	127.125 	 21.639 	 38.125
FD11192	127.250 	 21.661 	 38.207
FD11192	127.375 	 21.683 	 38.143
FD11192	127.500 	 21.705 	 38.026
FD11192	127.625 	 21.733 	 38.007
FD11192	127.750 	 21.758 	 37.893
FD11192	127.875 	 21.784 	 37.811
FD11192	128.000 	 21.808 	 37.801
FD11192	128.125 	 21.826 	 37.798
FD11192	128.250 	 21.846 	 37.810
FD11192	128.375 	 21.861 	 37.776
FD11192	128.500 	 21.873 	 37.733
FD11192	128.625 	 21.884 	 37.691
FD11192	128.750 	 21.889 	 37.598
FD11192	128.875 	 21.893 	 37.479
FD11192	129.000 	 21.892 	 37.393
FD11192	129.125 	 21.890 	 37.383
FD11192	129.250 	 21.887 	 37.374
FD11192	129.375 	 21.882 	 37.375
FD11192	129.500 	 21.873 	 37.375
FD11192	129.625 	 21.865 	 37.318
FD11192	129.750 	 21.855 	 37.275
FD11192	129.875 	 21.848 	 37.252
FD11192	130.000 	 21.840 	 37.257
FD11192	130.125 	 21.833 	 37.261
FD11192	130.250 	 21.829 	 37.309
FD11192	130.375 	 21.820 	 37.341
FD11192	130.500 	 21.819 	 37.355
FD11192	130.625 	 21.819 	 37.348
FD11192	130.750 	 21.822 	 37.266
FD11192	130.875 	 21.827 	 37.202
FD11192	131.000 	 21.837 	 37.147
FD11192	131.125 	 21.847 	 37.153
FD11192	131.250 	 21.864 	 37.175
FD11192	131.375 	 21.876 	 37.194
FD11192	131.500 	 21.887 	 37.238
FD11192	131.625 	 21.905 	 37.194
FD11192	131.750 	 21.917 	 37.124
FD11192	131.875 	 21.929 	 37.050
FD11192	132.000 	 21.945 	 36.969
FD11192	132.125 	 21.956 	 36.898
FD11192	132.250 	 21.966 	 36.837
FD11192	132.375 	 21.981 	 36.843
FD11192	132.500 	 21.991 	 36.831
FD11192	132.625 	 21.998 	 36.835
FD11192	132.750 	 22.010 	 36.928
FD11192	132.875 	 22.012 	 36.947
FD11192	133.000 	 22.016 	 36.870
FD11192	133.125 	 22.022 	 36.882
FD11192	133.250 	 22.025 	 36.947
FD11192	133.375 	 22.028 	 36.906
FD11192	133.500 	 22.031 	 36.861
FD11192	133.625 	 22.034 	 36.884
FD11192	133.750 	 22.039 	 36.911
FD11192	133.875 	 22.040 	 36.983
FD11192	134.000 	 22.039 	 37.016
FD11192	134.125 	 22.043 	 37.029
FD11192	134.250 	 22.046 	 37.062
FD11192	134.375 	 22.049 	 37.079
FD11192	134.500 	 22.054 	 37.035
FD11192	134.625 	 22.061 	 36.884
FD11192	134.750 	 22.066 	 36.780
FD11192	134.875 	 22.071 	 36.774
FD11192	135.000 	 22.080 	 36.791
FD11192	135.125 	 22.079 	 36.815
FD11192	135.250 	 22.090 	 36.854
FD11192	135.375 	 22.091 	 36.801
FD11192	135.500 	 22.097 	 36.697
FD11192	135.625 	 22.108 	 36.682
FD11192	135.750 	 22.113 	 36.661
FD11192	135.875 	 22.116 	 36.682
FD11192	136.000 	 22.126 	 36.766
FD11192	136.125 	 22.128 	 36.769
FD11192	136.250 	 22.130 	 36.746
FD11192	136.375 	 22.133 	 36.737
FD11192	136.500 	 22.132 	 36.645
FD11192	136.625 	 22.126 	 36.590
FD11192	136.750 	 22.119 	 36.611
FD11192	136.875 	 22.112 	 36.525
FD11192	137.000 	 22.106 	 36.497
FD11192	137.125 	 22.101 	 36.463
FD11192	137.250 	 22.096 	 36.332
FD11192	137.375 	 22.092 	 36.297
FD11192	137.500 	 22.082 	 36.186
FD11192	137.625 	 22.084 	 36.158
FD11192	137.750 	 22.076 	 36.262
FD11192	137.875 	 22.078 	 36.305
FD11192	138.000 	 22.080 	 36.364
FD11192	138.125 	 22.081 	 36.376
FD11192	138.250 	 22.092 	 36.255
FD11192	138.375 	 22.099 	 36.145
FD11192	138.500 	 22.107 	 36.166
FD11192	138.625 	 22.119 	 36.176
FD11192	138.750 	 22.128 	 36.185
FD11192	138.875 	 22.140 	 36.225
FD11192	139.000 	 22.153 	 36.225
FD11192	139.125 	 22.162 	 36.217
FD11192	139.250 	 22.174 	 36.167
FD11192	139.375 	 22.184 	 36.124
FD11192	139.500 	 22.199 	 36.123
FD11192	139.625 	 22.210 	 36.111
FD11192	139.750 	 22.219 	 36.079
FD11192	139.875 	 22.232 	 36.080
FD11192	140.000 	 22.241 	 36.178
FD11192	140.125 	 22.253 	 36.318
FD11192	140.250 	 22.264 	 36.384
FD11192	140.375 	 22.274 	 36.368
FD11192	140.500 	 22.286 	 36.373
FD11192	140.625 	 22.301 	 36.398
FD11192	140.750 	 22.314 	 36.370
FD11192	140.875 	 22.334 	 36.378
FD11192	141.000 	 22.349 	 36.440
FD11192	141.125 	 22.369 	 36.503
FD11192	141.250 	 22.382 	 36.419
FD11192	141.375 	 22.395 	 36.327
FD11192	141.500 	 22.403 	 36.354
FD11192	141.625 	 22.412 	 36.305
FD11192	141.750 	 22.416 	 36.244
FD11192	141.875 	 22.419 	 36.168
FD11192	142.000 	 22.420 	 36.122
FD11192	142.125 	 22.423 	 36.132
FD11192	142.250 	 22.415 	 36.087
FD11192	142.375 	 22.416 	 36.091
FD11192	142.500 	 22.407 	 36.200
FD11192	142.625 	 22.400 	 36.302
FD11192	142.750 	 22.393 	 36.323
FD11192	142.875 	 22.384 	 36.233
FD11192	143.000 	 22.377 	 36.177
FD11192	143.125 	 22.369 	 36.170
FD11192	143.250 	 22.365 	 36.088
FD11192	143.375 	 22.361 	 36.046
FD11192	143.500 	 22.360 	 36.007
FD11192	143.625 	 22.358 	 36.000
FD11192	143.750 	 22.355 	 36.081
FD11192	143.875 	 22.352 	 36.116
FD11192	144.000 	 22.347 	 36.092
FD11192	144.125 	 22.344 	 36.073
FD11192	144.250 	 22.342 	 36.035
FD11192	144.375 	 22.340 	 36.044
FD11192	144.500 	 22.336 	 36.011
FD11192	144.625 	 22.337 	 35.965
FD11192	144.750 	 22.334 	 35.961
FD11192	144.875 	 22.326 	 36.000
FD11192	145.000 	 22.319 	 36.142
FD11192	145.125 	 22.305 	 36.159
FD11192	145.250 	 22.299 	 36.126
FD11192	145.375 	 22.287 	 36.134
FD11192	145.500 	 22.278 	 36.062
FD11192	145.625 	 22.274 	 36.060
FD11192	145.750 	 22.266 	 36.093
FD11192	145.875 	 22.270 	 36.051
FD11192	146.000 	 22.263 	 36.018
FD11192	146.125 	 22.265 	 36.052
FD11192	146.250 	 22.263 	 36.155
FD11192	146.375 	 22.259 	 36.220
FD11192	146.500 	 22.262 	 36.257
FD11192	146.625 	 22.262 	 36.267
FD11192	146.750 	 22.262 	 36.216
FD11192	146.875 	 22.274 	 36.095
FD11192	147.000 	 22.282 	 35.948
FD11192	147.125 	 22.299 	 35.947
FD11192	147.250 	 22.317 	 36.047
FD11192	147.375 	 22.335 	 36.183
FD11192	147.500 	 22.359 	 36.271
FD11192	147.625 	 22.381 	 36.379
FD11192	147.750 	 22.406 	 36.466
FD11192	147.875 	 22.427 	 36.426
FD11192	148.000 	 22.454 	 36.387
FD11192	148.125 	 22.479 	 36.370
FD11192	148.250 	 22.508 	 36.398
FD11192	148.375 	 22.537 	 36.356
FD11192	148.500 	 22.568 	 36.296
FD11192	148.625 	 22.594 	 36.291
FD11192	148.750 	 22.629 	 36.279
FD11192	148.875 	 22.659 	 36.274
FD11192	149.000 	 22.695 	 36.263
FD11192	149.125 	 22.725 	 36.294
FD11192	149.250 	 22.754 	 36.321
FD11192	149.375 	 22.783 	 36.338
FD11192	149.500 	 22.813 	 36.474
FD11192	149.625 	 22.837 	 36.621
FD11192	149.750 	 22.866 	 36.658
FD11192	149.875 	 22.890 	 36.664
FD11192	150.000 	 22.913 	 36.708
FD11192	150.125 	 22.937 	 36.623
FD11192	150.250 	 22.957 	 36.438
FD11192	150.375 	 22.973 	 36.364
FD11192	150.500 	 22.994 	 36.388
FD11192	150.625 	 23.002 	 36.549
FD11192	150.750 	 23.008 	 36.697
FD11192	150.875 	 23.011 	 36.628
FD11192	151.000 	 23.006 	 36.426
FD11192	151.125 	 22.998 	 36.284
FD11192	151.250 	 22.989 	 36.428
FD11192	151.375 	 22.977 	 36.491
FD11192	151.500 	 22.966 	 36.316
FD11192	151.625 	 22.957 	 36.316
FD11192	151.750 	 22.943 	 36.360
FD11192	151.875 	 22.928 	 36.375
FD11192	152.000 	 22.915 	 36.463
FD11192	152.125 	 22.898 	 36.456
FD11192	152.250 	 22.887 	 36.434
FD11192	152.375 	 22.876 	 36.546
FD11192	152.500 	 22.871 	 36.639
FD11192	152.625 	 22.867 	 36.623
FD11192	152.750 	 22.867 	 36.551
FD11192	152.875 	 22.869 	 36.544
FD11192	153.000 	 22.876 	 36.598
FD11192	153.125 	 22.888 	 36.674
FD11192	153.250 	 22.901 	 36.752
FD11192	153.375 	 22.916 	 36.892
FD11192	153.500 	 22.927 	 36.914
FD11192	153.625 	 22.942 	 36.812
FD11192	153.750 	 22.952 	 36.758
FD11192	153.875 	 22.958 	 36.642
FD11192	154.000 	 22.959 	 36.560
FD11192	154.125 	 22.957 	 36.661
FD11192	154.250 	 22.948 	 36.783
FD11192	154.375 	 22.940 	 36.823
FD11192	154.500 	 22.924 	 36.808
FD11192	154.625 	 22.906 	 36.654
FD11192	154.750 	 22.886 	 36.552
FD11192	154.875 	 22.866 	 36.563
FD11192	155.000 	 22.842 	 36.594
FD11192	155.125 	 22.819 	 36.589
FD11192	155.250 	 22.789 	 36.653
FD11192	155.375 	 22.760 	 36.841
FD11192	155.500 	 22.727 	 36.928
FD11192	155.625 	 22.698 	 36.977
FD11192	155.750 	 22.668 	 37.180
FD11192	155.875 	 22.646 	 37.326
FD11192	156.000 	 22.629 	 37.387
FD11192	156.125 	 22.621 	 37.418
FD11192	156.250 	 22.620 	 37.466
FD11192	156.375 	 22.625 	 37.632
FD11192	156.500 	 22.631 	 37.821
FD11192	156.625 	 22.640 	 38.013
FD11192	156.750 	 22.654 	 38.183
FD11192	156.875 	 22.669 	 38.351
FD11192	157.000 	 22.687 	 38.454
FD11192	157.125 	 22.702 	 38.351
FD11192	157.250 	 22.726 	 38.180
FD11192	157.375 	 22.751 	 38.198
FD11192	157.500 	 22.769 	 38.273
FD11192	157.625 	 22.791 	 38.354
FD11192	157.750 	 22.805 	 38.522
FD11192	157.875 	 22.821 	 38.636
FD11192	158.000 	 22.826 	 38.582
FD11192	158.125 	 22.829 	 38.526
FD11192	158.250 	 22.831 	 38.565
FD11192	158.375 	 22.830 	 38.556
FD11192	158.500 	 22.826 	 38.476
FD11192	158.625 	 22.819 	 38.341
FD11192	158.750 	 22.813 	 38.363
FD11192	158.875 	 22.804 	 38.549
FD11192	159.000 	 22.797 	 38.653
FD11192	159.125 	 22.789 	 38.695
FD11192	159.250 	 22.775 	 38.850
FD11192	159.375 	 22.768 	 38.954
FD11192	159.500 	 22.764 	 39.054
FD11192	159.625 	 22.760 	 39.215
FD11192	159.750 	 22.762 	 39.315
FD11192	159.875 	 22.766 	 39.451
FD11192	160.000 	 22.780 	 39.601
FD11192	160.125 	 22.788 	 39.729
FD11192	160.250 	 22.809 	 39.807
FD11192	160.375 	 22.825 	 39.776
FD11192	160.500 	 22.849 	 39.798
FD11192	160.625 	 22.869 	 39.893
FD11192	160.750 	 22.892 	 40.016
FD11192	160.875 	 22.918 	 40.171
FD11192	161.000 	 22.942 	 40.215
FD11192	161.125 	 22.968 	 40.306
FD11192	161.250 	 22.997 	 40.379
FD11192	161.375 	 23.026 	 40.399
FD11192	161.500 	 23.054 	 40.476
FD11192	161.625 	 23.085 	 40.573
FD11192	161.750 	 23.111 	 40.638
FD11192	161.875 	 23.140 	 40.590
FD11192	162.000 	 23.160 	 40.544
FD11192	162.125 	 23.182 	 40.589
FD11192	162.250 	 23.205 	 40.692
FD11192	162.375 	 23.228 	 40.704
FD11192	162.500 	 23.248 	 40.764
FD11192	162.625 	 23.273 	 40.795
FD11192	162.750 	 23.295 	 40.460
FD11192	162.875 	 23.314 	 40.399
FD11192	163.000 	 23.343 	 40.549
FD11192	163.125 	 23.361 	 40.592
FD11192	163.250 	 23.388 	 40.696
FD11192	163.375 	 23.406 	 40.718
FD11192	163.500 	 23.426 	 40.840
FD11192	163.625 	 23.444 	 40.838
FD11192	163.750 	 23.462 	 40.697
FD11192	163.875 	 23.479 	 40.731
FD11192	164.000 	 23.499 	 40.869
FD11192	164.125 	 23.510 	 40.935
FD11192	164.250 	 23.524 	 40.875
FD11192	164.375 	 23.532 	 40.803
FD11192	164.500 	 23.540 	 40.829
FD11192	164.625 	 23.543 	 40.875
FD11192	164.750 	 23.547 	 40.798
FD11192	164.875 	 23.546 	 40.731
FD11192	165.000 	 23.547 	 40.859
FD11192	165.125 	 23.545 	 40.922
FD11192	165.250 	 23.542 	 40.906
FD11192	165.375 	 23.538 	 40.980
FD11192	165.500 	 23.530 	 41.043
FD11192	165.625 	 23.536 	 41.018
FD11192	165.750 	 23.535 	 41.035
FD11192	165.875 	 23.535 	 41.127
FD11192	166.000 	 23.538 	 41.160
FD11192	166.125 	 23.544 	 41.201
FD11192	166.250 	 23.551 	 41.258
FD11192	166.375 	 23.556 	 41.316
FD11192	166.500 	 23.557 	 41.416
FD11192	166.625 	 23.568 	 41.342
FD11192	166.750 	 23.572 	 41.294
FD11192	166.875 	 23.580 	 41.374
FD11192	167.000 	 23.590 	 41.277
FD11192	167.125 	 23.595 	 41.246
FD11192	167.250 	 23.610 	 41.398
FD11192	167.375 	 23.620 	 41.384
FD11192	167.500 	 23.635 	 41.349
FD11192	167.625 	 23.644 	 41.423
FD11192	167.750 	 23.653 	 41.347
FD11192	167.875 	 23.663 	 41.301
FD11192	168.000 	 23.677 	 41.414
FD11192	168.125 	 23.686 	 41.471
FD11192	168.250 	 23.694 	 41.471
FD11192	168.375 	 23.709 	 41.480
FD11192	168.500 	 23.718 	 41.538
FD11192	168.625 	 23.728 	 41.614
FD11192	168.750 	 23.744 	 41.612
FD11192	168.875 	 23.756 	 41.647
FD11192	169.000 	 23.770 	 41.702
FD11192	169.125 	 23.780 	 41.693
FD11192	169.250 	 23.793 	 41.698
FD11192	169.375 	 23.807 	 41.756
FD11192	169.500 	 23.813 	 41.817
FD11192	169.625 	 23.822 	 41.874
FD11192	169.750 	 23.828 	 41.903
FD11192	169.875 	 23.836 	 41.913
FD11192	170.000 	 23.842 	 41.925
FD11192	170.125 	 23.847 	 41.973
FD11192	170.250 	 23.858 	 42.073
FD11192	170.375 	 23.868 	 42.012
FD11192	170.500 	 23.878 	 41.895
FD11192	170.625 	 23.888 	 41.927
FD11192	170.750 	 23.896 	 42.020
FD11192	170.875 	 23.906 	 42.090
FD11192	171.000 	 23.912 	 42.089
FD11192	171.125 	 23.923 	 42.126
FD11192	171.250 	 23.928 	 42.226
FD11192	171.375 	 23.936 	 42.267
FD11192	171.500 	 23.948 	 42.294
FD11192	171.625 	 23.953 	 42.325
FD11192	171.750 	 23.967 	 42.308
FD11192	171.875 	 23.971 	 42.315
FD11192	172.000 	 23.980 	 42.384
FD11192	172.125 	 23.986 	 42.420
FD11192	172.250 	 23.995 	 42.431
FD11192	172.375 	 23.999 	 42.465
FD11192	172.500 	 24.005 	 42.477
FD11192	172.625 	 24.008 	 42.431
FD11192	172.750 	 24.008 	 42.410
FD11192	172.875 	 24.018 	 42.482
FD11192	173.000 	 24.018 	 42.557
FD11192	173.125 	 24.022 	 42.447
FD11192	173.250 	 24.030 	 42.412
FD11192	173.375 	 24.037 	 42.524
FD11192	173.500 	 24.040 	 42.506
FD11192	173.625 	 24.041 	 42.474
FD11192	173.750 	 24.047 	 42.499
FD11192	173.875 	 24.049 	 42.525
FD11192	174.000 	 24.053 	 42.510
FD11192	174.125 	 24.059 	 42.470
FD11192	174.250 	 24.062 	 42.453
FD11192	174.375 	 24.068 	 42.451
FD11192	174.500 	 24.075 	 42.424
FD11192	174.625 	 24.076 	 42.413
FD11192	174.750 	 24.085 	 42.352
FD11192	174.875 	 24.085 	 42.277
FD11192	175.000 	 24.086 	 42.377
FD11192	175.125 	 24.083 	 42.437
FD11192	175.250 	 24.081 	 42.422
FD11192	175.375 	 24.077 	 42.429
FD11192	175.500 	 24.070 	 42.422
FD11192	175.625 	 24.064 	 42.419
FD11192	175.750 	 24.061 	 42.411
FD11192	175.875 	 24.054 	 42.392
FD11192	176.000 	 24.049 	 42.401
FD11192	176.125 	 24.045 	 42.503
FD11192	176.250 	 24.040 	 42.521
FD11192	176.375 	 24.033 	 42.560
FD11192	176.500 	 24.030 	 42.639
FD11192	176.625 	 24.027 	 42.666
FD11192	176.750 	 24.024 	 42.821
FD11192	176.875 	 24.029 	 42.841
FD11192	177.000 	 24.031 	 42.847
FD11192	177.125 	 24.040 	 42.946
FD11192	177.250 	 24.046 	 42.957
FD11192	177.375 	 24.054 	 43.022
FD11192	177.500 	 24.065 	 43.088
FD11192	177.625 	 24.079 	 43.165
FD11192	177.750 	 24.094 	 43.254
FD11192	177.875 	 24.109 	 43.278
FD11192	178.000 	 24.127 	 43.322
FD11192	178.125 	 24.141 	 43.376
FD11192	178.250 	 24.159 	 43.392
FD11192	178.375 	 24.171 	 43.392
FD11192	178.500 	 24.185 	 43.355
FD11192	178.625 	 24.198 	 43.380
FD11192	178.750 	 24.209 	 43.523
FD11192	178.875 	 24.227 	 43.487
FD11192	179.000 	 24.239 	 43.267
FD11192	179.125 	 24.255 	 43.209
FD11192	179.250 	 24.274 	 43.215
FD11192	179.375 	 24.295 	 43.227
FD11192	179.500 	 24.316 	 43.275
FD11192	179.625 	 24.339 	 43.338
FD11192	179.750 	 24.363 	 43.369
FD11192	179.875 	 24.390 	 43.331
FD11192	180.000 	 24.417 	 43.409
FD11192	180.125 	 24.444 	 43.467
FD11192	180.250 	 24.478 	 43.363
FD11192	180.375 	 24.509 	 43.384
FD11192	180.500 	 24.544 	 43.489
FD11192	180.625 	 24.579 	 43.463
FD11192	180.750 	 24.617 	 43.418
FD11192	180.875 	 24.648 	 43.368
FD11192	181.000 	 24.684 	 43.291
FD11192	181.125 	 24.711 	 43.184
FD11192	181.250 	 24.737 	 43.159
FD11192	181.375 	 24.753 	 43.200
FD11192	181.500 	 24.772 	 43.240
FD11192	181.625 	 24.784 	 43.292
FD11192	181.750 	 24.788 	 43.315
FD11192	181.875 	 24.799 	 43.262
FD11192	182.000 	 24.799 	 43.271
FD11192	182.125 	 24.804 	 43.363
FD11192	182.250 	 24.807 	 43.193
FD11192	182.375 	 24.807 	 43.022
FD11192	182.500 	 24.807 	 43.176
FD11192	182.625 	 24.802 	 43.326
FD11192	182.750 	 24.803 	 43.423
FD11192	182.875 	 24.797 	 43.493
FD11192	183.000 	 24.798 	 43.458
FD11192	183.125 	 24.795 	 43.477
FD11192	183.250 	 24.797 	 43.583
FD11192	183.375 	 24.806 	 43.613
FD11192	183.500 	 24.820 	 43.624
FD11192	183.625 	 24.832 	 43.574
FD11192	183.750 	 24.854 	 43.582
FD11192	183.875 	 24.876 	 43.633
FD11192	184.000 	 24.903 	 43.670
FD11192	184.125 	 24.929 	 43.695
FD11192	184.250 	 24.958 	 43.696
FD11192	184.375 	 24.990 	 43.659
FD11192	184.500 	 25.021 	 43.616
FD11192	184.625 	 25.050 	 43.652
FD11192	184.750 	 25.086 	 43.723
FD11192	184.875 	 25.113 	 43.899
FD11192	185.000 	 25.147 	 43.899
FD11192	185.125 	 25.175 	 43.798
FD11192	185.250 	 25.205 	 43.895
FD11192	185.375 	 25.234 	 43.864
FD11192	185.500 	 25.260 	 43.932
FD11192	185.625 	 25.291 	 44.006
FD11192	185.750 	 25.321 	 43.818
FD11192	185.875 	 25.352 	 43.835
FD11192	186.000 	 25.382 	 44.112
FD11192	186.125 	 25.410 	 44.157
FD11192	186.250 	 25.444 	 44.036
FD11192	186.375 	 25.471 	 44.218
FD11192	186.500 	 25.501 	 44.344
FD11192	186.625 	 25.530 	 44.360
FD11192	186.750 	 25.560 	 44.435
FD11192	186.875 	 25.589 	 44.512
FD11192	187.000 	 25.626 	 44.611
FD11192	187.125 	 25.660 	 44.617
FD11192	187.250 	 25.696 	 44.520
FD11192	187.375 	 25.731 	 44.586
FD11192	187.500 	 25.771 	 44.608
FD11192	187.625 	 25.807 	 44.462
FD11192	187.750 	 25.846 	 44.516
FD11192	187.875 	 25.878 	 44.703
FD11192	188.000 	 25.917 	 44.764
FD11192	188.125 	 25.951 	 44.634
FD11192	188.250 	 25.986 	 44.618
FD11192	188.375 	 26.024 	 44.760
FD11192	188.500 	 26.062 	 44.789
FD11192	188.625 	 26.100 	 44.810
FD11192	188.750 	 26.145 	 44.987
FD11192	188.875 	 26.195 	 45.165
FD11192	189.000 	 26.240 	 45.231
FD11192	189.125 	 26.287 	 45.308
FD11192	189.250 	 26.341 	 45.314
FD11192	189.375 	 26.389 	 45.392
FD11192	189.500 	 26.441 	 45.573
FD11192	189.625 	 26.495 	 45.604
FD11192	189.750 	 26.543 	 45.627
FD11192	189.875 	 26.595 	 45.599
FD11192	190.000 	 26.642 	 45.571
FD11192	190.125 	 26.684 	 45.630
FD11192	190.250 	 26.725 	 45.452
FD11192	190.375 	 26.765 	 45.221
FD11192	190.500 	 26.802 	 45.426
FD11192	190.625 	 26.838 	 45.560
FD11192	190.750 	 26.879 	 45.412
FD11192	190.875 	 26.918 	 45.407
FD11192	191.000 	 26.954 	 45.543
FD11192	191.125 	 26.991 	 45.486
FD11192	191.250 	 27.028 	 45.475
FD11192	191.375 	 27.058 	 45.681
FD11192	191.500 	 27.093 	 45.675
FD11192	191.625 	 27.122 	 45.679
FD11192	191.750 	 27.150 	 45.738
FD11192	191.875 	 27.176 	 45.582
FD11192	192.000 	 27.207 	 45.391
FD11192	192.125 	 27.243 	 45.250
FD11192	192.250 	 27.277 	 45.101
FD11192	192.375 	 27.314 	 45.023
FD11192	192.500 	 27.353 	 45.004
FD11192	192.625 	 27.393 	 45.075
FD11192	192.750 	 27.428 	 45.289
FD11192	192.875 	 27.461 	 45.468
FD11192	193.000 	 27.494 	 45.482
FD11192	193.125 	 27.524 	 45.395
FD11192	193.250 	 27.553 	 45.396
FD11192	193.375 	 27.586 	 45.491
FD11192	193.500 	 27.612 	 45.503
FD11192	193.625 	 27.642 	 45.445
FD11192	193.750 	 27.667 	 45.445
FD11192	193.875 	 27.698 	 45.450
FD11192	194.000 	 27.719 	 45.439
FD11192	194.125 	 27.743 	 45.384
FD11192	194.250 	 27.762 	 45.315
FD11192	194.375 	 27.783 	 45.326
FD11192	194.500 	 27.807 	 45.311
FD11192	194.625 	 27.830 	 45.338
FD11192	194.750 	 27.852 	 45.393
FD11192	194.875 	 27.872 	 45.436
FD11192	195.000 	 27.894 	 45.486
FD11192	195.125 	 27.911 	 45.631
FD11192	195.250 	 27.929 	 45.846
FD11192	195.375 	 27.945 	 45.901
FD11192	195.500 	 27.964 	 45.891
FD11192	195.625 	 27.978 	 45.916
FD11192	195.750 	 27.998 	 45.902
FD11192	195.875 	 28.015 	 45.829
FD11192	196.000 	 28.034 	 45.758
FD11192	196.125 	 28.056 	 45.695
FD11192	196.250 	 28.071 	 45.723
FD11192	196.375 	 28.090 	 45.764
FD11192	196.500 	 28.103 	 45.818
FD11192	196.625 	 28.116 	 45.851
FD11192	196.750 	 28.122 	 45.963
FD11192	196.875 	 28.132 	 46.087
FD11192	197.000 	 28.139 	 46.060
FD11192	197.125 	 28.148 	 45.957
FD11192	197.250 	 28.156 	 45.800
FD11192	197.375 	 28.171 	 45.745
FD11192	197.500 	 28.179 	 45.838
FD11192	197.625 	 28.187 	 45.978
FD11192	197.750 	 28.198 	 45.996
FD11192	197.875 	 28.208 	 45.904
FD11192	198.000 	 28.217 	 45.924
FD11192	198.125 	 28.217 	 45.945
FD11192	198.250 	 28.229 	 45.868
FD11192	198.375 	 28.231 	 45.785
FD11192	198.500 	 28.239 	 45.768
FD11192	198.625 	 28.248 	 45.827
FD11192	198.750 	 28.254 	 45.849
FD11192	198.875 	 28.261 	 45.851
FD11192	199.000 	 28.269 	 45.841
FD11192	199.125 	 28.276 	 45.827
FD11192	199.250 	 28.275 	 45.876
FD11192	199.375 	 28.281 	 45.912
FD11192	199.500 	 28.282 	 46.022
FD11192	199.625 	 28.284 	 46.082
FD11192	199.750 	 28.286 	 46.105
FD11192	199.875 	 28.289 	 46.140
FD11192	200.000 	 28.288 	 46.024
FD11192	200.125 	 28.289 	 45.981
FD11192	200.250 	 28.294 	 46.030
FD11192	200.375 	 28.294 	 46.094
FD11192	200.500 	 28.291 	 46.109
FD11192	200.625 	 28.293 	 45.956
FD11192	200.750 	 28.290 	 45.863
FD11192	200.875 	 28.290 	 45.909
FD11192	201.000 	 28.284 	 45.995
FD11192	201.125 	 28.282 	 46.031
FD11192	201.250 	 28.281 	 45.941
FD11192	201.375 	 28.275 	 45.972
FD11192	201.500 	 28.278 	 46.057
FD11192	201.625 	 28.274 	 46.108
FD11192	201.750 	 28.272 	 46.117
FD11192	201.875 	 28.274 	 46.023
FD11192	202.000 	 28.268 	 46.036
FD11192	202.125 	 28.262 	 46.056
FD11192	202.250 	 28.260 	 45.982
FD11192	202.375 	 28.254 	 45.998
FD11192	202.500 	 28.247 	 46.024
FD11192	202.625 	 28.248 	 45.978
FD11192	202.750 	 28.241 	 46.020
FD11192	202.875 	 28.240 	 45.946
FD11192	203.000 	 28.236 	 45.763
FD11192	203.125 	 28.231 	 45.783
FD11192	203.250 	 28.232 	 45.903
FD11192	203.375 	 28.228 	 45.997
FD11192	203.500 	 28.226 	 46.080
FD11192	203.625 	 28.224 	 46.065
FD11192	203.750 	 28.220 	 45.939
FD11192	203.875 	 28.213 	 45.838
FD11192	204.000 	 28.212 	 45.959
FD11192	204.125 	 28.217 	 46.136
FD11192	204.250 	 28.218 	 46.187
FD11192	204.375 	 28.233 	 46.073
FD11192	204.500 	 28.244 	 45.981
FD11192	204.625 	 28.265 	 46.050
FD11192	204.750 	 28.283 	 46.028
FD11192	204.875 	 28.303 	 46.067
FD11192	205.000 	 28.328 	 46.191
FD11192	205.125 	 28.352 	 46.297
FD11192	205.250 	 28.371 	 46.384
FD11192	205.375 	 28.391 	 46.421
FD11192	205.500 	 28.414 	 46.336
FD11192	205.625 	 28.434 	 46.145
FD11192	205.750 	 28.457 	 45.974
FD11192	205.875 	 28.479 	 45.874
FD11192	206.000 	 28.504 	 45.753
FD11192	206.125 	 28.531 	 45.585
FD11192	206.250 	 28.558 	 45.459
FD11192	206.375 	 28.582 	 45.625
FD11192	206.500 	 28.608 	 45.890
FD11192	206.625 	 28.636 	 45.811
FD11192	206.750 	 28.665 	 45.767
FD11192	206.875 	 28.699 	 45.917
FD11192	207.000 	 28.727 	 45.925
FD11192	207.125 	 28.765 	 45.897
FD11192	207.250 	 28.801 	 45.893
FD11192	207.375 	 28.840 	 45.857
FD11192	207.500 	 28.879 	 45.894
FD11192	207.625 	 28.910 	 45.959
FD11192	207.750 	 28.941 	 45.915
FD11192	207.875 	 28.971 	 45.761
FD11192	208.000 	 28.997 	 45.700
FD11192	208.125 	 29.019 	 45.540
FD11192	208.250 	 29.042 	 45.311
FD11192	208.375 	 29.064 	 45.204
FD11192	208.500 	 29.076 	 45.170
FD11192	208.625 	 29.085 	 45.059
FD11192	208.750 	 29.094 	 45.010
FD11192	208.875 	 29.088 	 45.216
FD11192	209.000 	 29.087 	 45.315
FD11192	209.125 	 29.080 	 45.351
FD11192	209.250 	 29.071 	 45.529
FD11192	209.375 	 29.066 	 45.578
FD11192	209.500 	 29.058 	 45.491
FD11192	209.625 	 29.054 	 45.443
FD11192	209.750 	 29.049 	 45.448
FD11192	209.875 	 29.052 	 45.509
FD11192	210.000 	 29.045 	 45.545
FD11192	210.125 	 29.043 	 45.540
FD11192	210.250 	 29.038 	 45.644
FD11192	210.375 	 29.030 	 45.568
FD11192	210.500 	 29.024 	 45.362
FD11192	210.625 	 29.016 	 45.413
FD11192	210.750 	 29.013 	 45.400
FD11192	210.875 	 29.006 	 45.232
FD11192	211.000 	 28.999 	 45.112
FD11192	211.125 	 28.990 	 45.079
FD11192	211.250 	 28.985 	 45.143
FD11192	211.375 	 28.981 	 45.265
FD11192	211.500 	 28.969 	 45.301
FD11192	211.625 	 28.960 	 45.202
FD11192	211.750 	 28.952 	 45.138
FD11192	211.875 	 28.942 	 45.112
FD11192	212.000 	 28.938 	 45.015
FD11192	212.125 	 28.929 	 45.100
FD11192	212.250 	 28.926 	 45.189
FD11192	212.375 	 28.925 	 45.028
FD11192	212.500 	 28.925 	 45.018
FD11192	212.625 	 28.924 	 45.194
FD11192	212.750 	 28.924 	 45.266
FD11192	212.875 	 28.928 	 45.194
FD11192	213.000 	 28.934 	 45.212
FD11192	213.125 	 28.940 	 45.307
FD11192	213.250 	 28.949 	 45.299
FD11192	213.375 	 28.956 	 45.238
FD11192	213.500 	 28.960 	 45.263
FD11192	213.625 	 28.975 	 45.237
FD11192	213.750 	 28.979 	 45.143
FD11192	213.875 	 28.994 	 45.232
FD11192	214.000 	 29.008 	 45.212
FD11192	214.125 	 29.019 	 45.013
FD11192	214.250 	 29.038 	 44.911
FD11192	214.375 	 29.057 	 44.977
FD11192	214.500 	 29.073 	 44.982
FD11192	214.625 	 29.094 	 44.939
FD11192	214.750 	 29.112 	 44.936
FD11192	214.875 	 29.122 	 44.896
FD11192	215.000 	 29.138 	 44.901
FD11192	215.125 	 29.151 	 44.944
FD11192	215.250 	 29.157 	 44.873
FD11192	215.375 	 29.164 	 44.782
FD11192	215.500 	 29.177 	 44.833
FD11192	215.625 	 29.186 	 44.787
FD11192	215.750 	 29.191 	 44.625
FD11192	215.875 	 29.201 	 44.688
FD11192	216.000 	 29.210 	 44.742
FD11192	216.125 	 29.218 	 44.628
FD11192	216.250 	 29.226 	 44.577
FD11192	216.375 	 29.231 	 44.686
FD11192	216.500 	 29.243 	 44.742
FD11192	216.625 	 29.253 	 44.681
FD11192	216.750 	 29.261 	 44.752
FD11192	216.875 	 29.276 	 44.684
FD11192	217.000 	 29.286 	 44.575
FD11192	217.125 	 29.294 	 44.641
FD11192	217.250 	 29.313 	 44.598
FD11192	217.375 	 29.328 	 44.553
FD11192	217.500 	 29.346 	 44.619
FD11192	217.625 	 29.366 	 44.564
FD11192	217.750 	 29.385 	 44.398
FD11192	217.875 	 29.405 	 44.250
FD11192	218.000 	 29.434 	 44.119
FD11192	218.125 	 29.450 	 44.107
FD11192	218.250 	 29.471 	 44.163
FD11192	218.375 	 29.496 	 44.179
FD11192	218.500 	 29.516 	 44.107
FD11192	218.625 	 29.537 	 43.989
FD11192	218.750 	 29.556 	 44.078
FD11192	218.875 	 29.573 	 44.136
FD11192	219.000 	 29.594 	 43.981
FD11192	219.125 	 29.608 	 43.979
FD11192	219.250 	 29.625 	 44.069
FD11192	219.375 	 29.641 	 44.027
FD11192	219.500 	 29.649 	 44.050
FD11192	219.625 	 29.658 	 44.040
FD11192	219.750 	 29.665 	 43.931
FD11192	219.875 	 29.664 	 43.806
FD11192	220.000 	 29.669 	 43.614
FD11192	220.125 	 29.669 	 43.569
FD11192	220.250 	 29.666 	 43.531
FD11192	220.375 	 29.660 	 43.406
FD11192	220.500 	 29.651 	 43.353
FD11192	220.625 	 29.638 	 43.382
FD11192	220.750 	 29.617 	 43.389
FD11192	220.875 	 29.605 	 43.358
FD11192	221.000 	 29.586 	 43.297
FD11192	221.125 	 29.572 	 43.266
FD11192	221.250 	 29.560 	 43.250
FD11192	221.375 	 29.554 	 43.235
FD11192	221.500 	 29.548 	 43.295
FD11192	221.625 	 29.547 	 43.327
FD11192	221.750 	 29.543 	 43.398
FD11192	221.875 	 29.545 	 43.536
FD11192	222.000 	 29.551 	 43.706
FD11192	222.125 	 29.557 	 43.697
FD11192	222.250 	 29.562 	 43.622
FD11192	222.375 	 29.580 	 43.680
FD11192	222.500 	 29.595 	 43.548
FD11192	222.625 	 29.612 	 43.473
FD11192	222.750 	 29.633 	 43.660
FD11192	222.875 	 29.656 	 43.613
FD11192	223.000 	 29.682 	 43.537
FD11192	223.125 	 29.702 	 43.672
FD11192	223.250 	 29.730 	 43.569
FD11192	223.375 	 29.748 	 43.438
FD11192	223.500 	 29.776 	 43.516
FD11192	223.625 	 29.796 	 43.527
FD11192	223.750 	 29.819 	 43.518
FD11192	223.875 	 29.847 	 43.519
FD11192	224.000 	 29.867 	 43.463
FD11192	224.125 	 29.890 	 43.442
FD11192	224.250 	 29.909 	 43.515
FD11192	224.375 	 29.927 	 43.493
FD11192	224.500 	 29.948 	 43.360
FD11192	224.625 	 29.967 	 43.465
FD11192	224.750 	 29.984 	 43.615
FD11192	224.875 	 30.006 	 43.568
FD11192	225.000 	 30.026 	 43.418
FD11192	225.125 	 30.039 	 43.459
FD11192	225.250 	 30.052 	 43.538
FD11192	225.375 	 30.061 	 43.460
FD11192	225.500 	 30.071 	 43.425
FD11192	225.625 	 30.072 	 43.517
FD11192	225.750 	 30.075 	 43.566
FD11192	225.875 	 30.071 	 43.487
FD11192	226.000 	 30.063 	 43.497
FD11192	226.125 	 30.060 	 43.566
FD11192	226.250 	 30.048 	 43.479
FD11192	226.375 	 30.040 	 43.392
FD11192	226.500 	 30.033 	 43.369
FD11192	226.625 	 30.024 	 43.248
FD11192	226.750 	 30.018 	 43.151
FD11192	226.875 	 30.005 	 43.237
FD11192	227.000 	 29.992 	 43.263
FD11192	227.125 	 29.978 	 43.196
FD11192	227.250 	 29.959 	 43.279
FD11192	227.375 	 29.943 	 43.536
FD11192	227.500 	 29.925 	 43.590
FD11192	227.625 	 29.907 	 43.539
FD11192	227.750 	 29.887 	 43.514
FD11192	227.875 	 29.875 	 43.356
FD11192	228.000 	 29.860 	 43.254
FD11192	228.125 	 29.853 	 43.206
FD11192	228.250 	 29.852 	 43.251
FD11192	228.375 	 29.848 	 43.308
FD11192	228.500 	 29.842 	 43.372
FD11192	228.625 	 29.838 	 43.429
FD11192	228.750 	 29.827 	 43.503
FD11192	228.875 	 29.820 	 43.558
FD11192	229.000 	 29.809 	 43.600
FD11192	229.125 	 29.799 	 43.676
FD11192	229.250 	 29.796 	 43.711
FD11192	229.375 	 29.792 	 43.497
FD11192	229.500 	 29.790 	 43.136
FD11192	229.625 	 29.791 	 42.959
FD11192	229.750 	 29.793 	 42.974
FD11192	229.875 	 29.788 	 43.054
FD11192	230.000 	 29.791 	 43.046
FD11192	230.125 	 29.783 	 43.088
FD11192	230.250 	 29.772 	 43.182
FD11192	230.375 	 29.763 	 43.216
FD11192	230.500 	 29.746 	 43.181
FD11192	230.625 	 29.738 	 43.105
FD11192	230.750 	 29.726 	 43.150
FD11192	230.875 	 29.721 	 43.237
FD11192	231.000 	 29.715 	 43.092
FD11192	231.125 	 29.715 	 42.862
FD11192	231.250 	 29.719 	 42.869
FD11192	231.375 	 29.723 	 42.942
FD11192	231.500 	 29.728 	 43.072
FD11192	231.625 	 29.730 	 43.120
FD11192	231.750 	 29.738 	 43.155
FD11192	231.875 	 29.741 	 43.312
FD11192	232.000 	 29.739 	 43.302
FD11192	232.125 	 29.738 	 43.402
FD11192	232.250 	 29.729 	 43.424
FD11192	232.375 	 29.725 	 43.267
FD11192	232.500 	 29.712 	 43.109
FD11192	232.625 	 29.701 	 42.831
FD11192	232.750 	 29.689 	 42.625
FD11192	232.875 	 29.673 	 42.637
FD11192	233.000 	 29.656 	 42.650
FD11192	233.125 	 29.640 	 42.724
FD11192	233.250 	 29.619 	 42.861
FD11192	233.375 	 29.606 	 42.802
FD11192	233.500 	 29.589 	 42.896
FD11192	233.625 	 29.579 	 43.118
FD11192	233.750 	 29.570 	 43.203
FD11192	233.875 	 29.564 	 43.266
FD11192	234.000 	 29.569 	 43.449
FD11192	234.125 	 29.576 	 43.557
FD11192	234.250 	 29.587 	 43.568
FD11192	234.375 	 29.603 	 43.633
FD11192	234.500 	 29.630 	 43.597
FD11192	234.625 	 29.666 	 43.683
FD11192	234.750 	 29.700 	 43.662
FD11192	234.875 	 29.741 	 43.502
FD11192	235.000 	 29.782 	 43.511
FD11192	235.125 	 29.823 	 43.329
FD11192	235.250 	 29.861 	 43.326
FD11192	235.375 	 29.894 	 43.424
FD11192	235.500 	 29.922 	 43.334
FD11192	235.625 	 29.944 	 43.375
FD11192	235.750 	 29.966 	 43.257
FD11192	235.875 	 29.991 	 43.169
FD11192	236.000 	 30.014 	 43.259
FD11192	236.125 	 30.036 	 43.263
FD11192	236.250 	 30.062 	 43.193
FD11192	236.375 	 30.089 	 43.207
FD11192	236.500 	 30.119 	 43.268
FD11192	236.625 	 30.147 	 43.193
FD11192	236.750 	 30.168 	 43.135
FD11192	236.875 	 30.195 	 43.271
FD11192	237.000 	 30.218 	 43.150
FD11192	237.125 	 30.242 	 43.004
FD11192	237.250 	 30.262 	 43.143
FD11192	237.375 	 30.286 	 43.178
FD11192	237.500 	 30.308 	 43.089
FD11192	237.625 	 30.329 	 43.019
FD11192	237.750 	 30.354 	 43.123
FD11192	237.875 	 30.371 	 43.136
FD11192	238.000 	 30.391 	 43.223
FD11192	238.125 	 30.402 	 43.365
FD11192	238.250 	 30.421 	 43.339
FD11192	238.375 	 30.438 	 43.313
FD11192	238.500 	 30.452 	 43.363
FD11192	238.625 	 30.467 	 43.490
FD11192	238.750 	 30.484 	 43.520
FD11192	238.875 	 30.498 	 43.443
FD11192	239.000 	 30.515 	 43.388
FD11192	239.125 	 30.526 	 43.384
FD11192	239.250 	 30.547 	 43.392
FD11192	239.375 	 30.573 	 43.378
FD11192	239.500 	 30.599 	 43.314
FD11192	239.625 	 30.631 	 43.204
FD11192	239.750 	 30.660 	 43.172
FD11192	239.875 	 30.691 	 43.135
FD11192	240.000 	 30.721 	 43.029
FD11192	240.125 	 30.751 	 42.961
FD11192	240.250 	 30.774 	 42.948
FD11192	240.375 	 30.804 	 43.044
FD11192	240.500 	 30.819 	 43.088
FD11192	240.625 	 30.833 	 42.954
FD11192	240.750 	 30.842 	 42.904
FD11192	240.875 	 30.858 	 42.982
FD11192	241.000 	 30.870 	 43.106
FD11192	241.125 	 30.890 	 43.222
FD11192	241.250 	 30.913 	 43.110
FD11192	241.375 	 30.927 	 42.991
FD11192	241.500 	 30.934 	 42.984
FD11192	241.625 	 30.936 	 43.037
FD11192	241.750 	 30.931 	 43.005
FD11192	241.875 	 30.926 	 43.034
FD11192	242.000 	 30.915 	 43.171
FD11192	242.125 	 30.902 	 43.168
FD11192	242.250 	 30.891 	 43.085
FD11192	242.375 	 30.876 	 42.896
FD11192	242.500 	 30.861 	 42.753
FD11192	242.625 	 30.845 	 42.721
FD11192	242.750 	 30.833 	 42.814
FD11192	242.875 	 30.817 	 42.943
FD11192	243.000 	 30.795 	 43.087
FD11192	243.125 	 30.769 	 43.071
FD11192	243.250 	 30.741 	 43.021
FD11192	243.375 	 30.711 	 43.065
FD11192	243.500 	 30.676 	 43.046
FD11192	243.625 	 30.653 	 43.064
FD11192	243.750 	 30.630 	 42.976
FD11192	243.875 	 30.616 	 42.970
FD11192	244.000 	 30.604 	 43.035
FD11192	244.125 	 30.599 	 42.947
FD11192	244.250 	 30.590 	 42.801
FD11192	244.375 	 30.580 	 42.832
FD11192	244.500 	 30.580 	 42.929
FD11192	244.625 	 30.569 	 42.989
FD11192	244.750 	 30.569 	 43.157
FD11192	244.875 	 30.561 	 43.246
FD11192	245.000 	 30.555 	 43.227
FD11192	245.125 	 30.558 	 43.098
FD11192	245.250 	 30.559 	 42.964
FD11192	245.375 	 30.557 	 42.993
FD11192	245.500 	 30.568 	 42.974
FD11192	245.625 	 30.575 	 42.895
FD11192	245.750 	 30.581 	 42.990
FD11192	245.875 	 30.594 	 43.127
FD11192	246.000 	 30.596 	 43.073
FD11192	246.125 	 30.606 	 42.948
FD11192	246.250 	 30.613 	 42.907
FD11192	246.375 	 30.619 	 42.895
FD11192	246.500 	 30.629 	 42.891
FD11192	246.625 	 30.631 	 42.891
FD11192	246.750 	 30.636 	 42.891
FD11192	246.875 	 30.645 	 42.892
FD11192	247.000 	 30.650 	 42.890
FD11192	247.125 	 30.656 	 42.890
FD11192	247.250 	 30.658 	 42.895
FD11192	247.375 	 30.658 	 42.890
FD11192	247.500 	 30.658 	 42.890
FD11192	247.625 	 30.660 	 42.890
FD11192	247.750 	 30.662 	 42.890
FD11192	247.875 	 30.659 	 42.893
FD11192	248.000 	 30.658 	 42.890
FD11192	248.125 	 30.659 	 42.893
FD11192	248.250 	 30.658 	 42.890
FD11192	248.375 	 30.659 	 42.893
FD11192	248.500 	 30.658 	 42.890
FD11192	248.625 	 30.659 	 42.893
FD11192	248.750 	 30.658 	 42.890
FD11192	248.875 	 30.658 	 42.890
FD11192	249.000 	 30.663 	 42.893
FD11192	249.125 	 30.658 	 42.890
FD11192	249.250 	 30.659 	 42.893
FD11192	249.375 	 30.659 	 42.888
FD11192	249.500 	 30.659 	 42.893
FD11192	249.625 	 30.658 	 42.890
FD11192	249.750 	 30.659 	 42.893
FD11192	249.875 	 30.658 	 42.890
FD11192	250.000 	 30.658 	 42.890
FD11192	250.125 	 30.659 	 42.893
FD11192	250.250 	 30.662 	 42.890
FD11192	250.375 	 30.659 	 42.893
FD11192	250.500 	 30.658 	 42.890
FD11192	250.625 	 30.659 	 42.893
FD11192	250.750 	 30.658 	 42.890
FD11192	250.875 	 30.659 	 42.893
FD11192	251.000 	 30.658 	 42.890
FD11192	251.125 	 30.659 	 42.893
FD11192	251.250 	 30.659 	 42.888
FD11192	251.375 	 30.658 	 42.890
FD11192	251.500 	 30.663 	 42.893
FD11192	251.625 	 30.658 	 42.890
FD11192	251.750 	 30.659 	 42.893
FD11192	251.875 	 30.658 	 42.890
FD11192	252.000 	 30.659 	 42.893
FD11192	252.125 	 30.658 	 42.890
FD11192	252.250 	 30.659 	 42.893
FD11192	252.375 	 30.658 	 42.890
FD11192	252.500 	 30.658 	 42.890
FD11192	252.625 	 30.659 	 42.893
FD11192	252.750 	 30.662 	 42.890
FD11192	252.875 	 30.659 	 42.893
FD11192	253.000 	 30.659 	 42.888
FD11192	253.125 	 30.659 	 42.893
FD11192	253.250 	 30.658 	 42.890
FD11192	253.375 	 30.659 	 42.893
FD11192	253.500 	 30.658 	 42.890
FD11192	253.625 	 30.658 	 42.890
FD11192	253.750 	 30.659 	 42.893
FD11192	253.875 	 30.658 	 42.890
FD11192	254.000 	 30.663 	 42.893
FD11192	254.125 	 30.658 	 42.890
FD11192	254.250 	 30.659 	 42.893
FD11192	254.375 	 30.658 	 42.890
FD11192	254.500 	 30.659 	 42.893
FD11192	254.625 	 30.658 	 42.890
FD11192	254.750 	 30.659 	 42.893
FD11192	254.875 	 30.659 	 42.888
FD11192	255.000 	 30.658 	 42.890
FD11192	255.125 	 30.659 	 42.893
FD11192	255.250 	 30.662 	 42.890
FD11192	255.375 	 30.659 	 42.893
FD11192	255.500 	 30.658 	 42.890
FD11192	255.625 	 30.659 	 42.893
FD11192	255.750 	 30.658 	 42.890
FD11192	255.875 	 30.659 	 42.893
FD11192	256.000 	 30.658 	 42.890
FD11192	256.125 	 30.658 	 42.890
FD11192	256.250 	 30.659 	 42.893
FD11192	256.375 	 30.658 	 42.890
FD11192	256.500 	 30.659 	 42.893
FD11192	256.625 	 30.663 	 42.888
FD11192	256.750 	 30.659 	 42.893
FD11192	256.875 	 30.658 	 42.890
FD11192	257.000 	 30.659 	 42.893
FD11192	257.125 	 30.658 	 42.890
FD11192	257.250 	 30.659 	 42.893
FD11192	257.375 	 30.658 	 42.890
FD11192	257.500 	 30.658 	 42.890
FD11192	257.625 	 30.659 	 42.893
FD11192	257.750 	 30.658 	 42.890
FD11192	257.875 	 30.663 	 42.893
FD11192	258.000 	 30.658 	 42.890
FD11192	258.125 	 30.659 	 42.893
FD11192	258.250 	 30.658 	 42.890
FD11192	258.375 	 30.659 	 42.893
FD11192	258.500 	 30.659 	 42.888
FD11192	258.625 	 30.658 	 42.890
FD11192	258.750 	 30.659 	 42.893
FD11192	258.875 	 30.658 	 42.890
FD11192	259.000 	 30.659 	 42.893
