#WellName	 Depth.M	 INCL	 AZIM 
WellName	 Depth.M	 INCL	 AZIM 
FD11176	0.000 	 0.000 	 0.000
FD11176	0.125 	 0.000 	 90.000
FD11176	0.250 	 0.000 	 90.000
FD11176	0.375 	 0.000 	 90.000
FD11176	0.500 	 0.000 	 90.000
FD11176	0.625 	 0.000 	 90.000
FD11176	0.750 	 0.000 	 90.000
FD11176	0.875 	 0.000 	 90.000
FD11176	1.000 	 0.000 	 90.000
FD11176	1.125 	 0.000 	 90.000
FD11176	1.250 	 0.000 	 90.000
FD11176	1.375 	 0.000 	 90.000
FD11176	1.500 	 0.000 	 90.000
FD11176	1.625 	 0.000 	 90.000
FD11176	1.750 	 0.000 	 90.000
FD11176	1.875 	 0.000 	 90.000
FD11176	2.000 	 0.000 	 90.000
FD11176	2.125 	 0.000 	 90.000
FD11176	2.250 	 0.000 	 90.000
FD11176	2.375 	 0.000 	 90.000
FD11176	2.500 	 0.000 	 90.000
FD11176	2.625 	 0.000 	 90.000
FD11176	2.750 	 0.000 	 90.000
FD11176	2.875 	 0.000 	 90.000
FD11176	3.000 	 0.000 	 90.000
FD11176	3.125 	 0.000 	 90.000
FD11176	3.250 	 0.000 	 90.000
FD11176	3.375 	 0.000 	 90.000
FD11176	3.500 	 0.000 	 90.000
FD11176	3.625 	 0.000 	 90.000
FD11176	3.750 	 0.000 	 90.000
FD11176	3.875 	 0.000 	 90.000
FD11176	4.000 	 0.000 	 90.000
FD11176	4.125 	 0.000 	 90.000
FD11176	4.250 	 0.000 	 90.000
FD11176	4.375 	 0.000 	 90.000
FD11176	4.500 	 0.000 	 90.000
FD11176	4.625 	 0.000 	 90.000
FD11176	4.750 	 0.000 	 90.000
FD11176	4.875 	 0.000 	 90.000
FD11176	5.000 	 0.000 	 90.000
FD11176	5.125 	 0.000 	 90.000
FD11176	5.250 	 0.000 	 90.000
FD11176	5.375 	 0.000 	 90.000
FD11176	5.500 	 0.000 	 90.000
FD11176	5.625 	 0.000 	 90.000
FD11176	5.750 	 0.000 	 90.000
FD11176	5.875 	 0.000 	 90.000
FD11176	6.000 	 0.000 	 90.000
FD11176	6.125 	 0.000 	 90.000
FD11176	6.250 	 0.000 	 90.000
FD11176	6.375 	 0.000 	 90.000
FD11176	6.500 	 0.000 	 90.000
FD11176	6.625 	 0.000 	 90.000
FD11176	6.750 	 0.000 	 90.000
FD11176	6.875 	 0.000 	 90.000
FD11176	7.000 	 0.000 	 90.000
FD11176	7.125 	 0.000 	 90.000
FD11176	7.250 	 0.000 	 90.000
FD11176	7.375 	 0.000 	 90.000
FD11176	7.500 	 0.000 	 90.000
FD11176	7.625 	 0.000 	 90.000
FD11176	7.750 	 0.000 	 90.000
FD11176	7.875 	 0.000 	 90.000
FD11176	8.000 	 0.000 	 90.000
FD11176	8.125 	 0.000 	 90.000
FD11176	8.250 	 0.000 	 90.000
FD11176	8.375 	 0.000 	 90.000
FD11176	8.500 	 0.000 	 90.000
FD11176	8.625 	 0.000 	 90.000
FD11176	8.750 	 0.000 	 90.000
FD11176	8.875 	 0.000 	 90.000
FD11176	9.000 	 0.000 	 90.000
FD11176	9.125 	 0.000 	 90.000
FD11176	9.250 	 0.000 	 90.000
FD11176	9.375 	 0.000 	 90.000
FD11176	9.500 	 0.000 	 90.000
FD11176	9.625 	 0.000 	 90.000
FD11176	9.750 	 0.000 	 90.000
FD11176	9.875 	 0.000 	 90.000
FD11176	10.000 	 0.000 	 90.000
FD11176	10.125 	 0.000 	 90.000
FD11176	10.250 	 0.000 	 90.000
FD11176	10.375 	 0.000 	 90.000
FD11176	10.500 	 0.000 	 90.000
FD11176	10.625 	 0.000 	 90.000
FD11176	10.750 	 0.000 	 90.000
FD11176	10.875 	 0.000 	 90.000
FD11176	11.000 	 0.000 	 90.000
FD11176	11.125 	 0.000 	 90.000
FD11176	11.250 	 0.000 	 90.000
FD11176	11.375 	 0.000 	 90.000
FD11176	11.500 	 0.000 	 90.000
FD11176	11.625 	 0.000 	 90.000
FD11176	11.750 	 0.000 	 90.000
FD11176	11.875 	 0.000 	 90.000
FD11176	12.000 	 0.000 	 90.000
FD11176	12.125 	 0.000 	 90.000
FD11176	12.250 	 0.000 	 90.000
FD11176	12.375 	 0.000 	 90.000
FD11176	12.500 	 0.000 	 90.000
FD11176	12.625 	 0.000 	 90.000
FD11176	12.750 	 0.000 	 90.000
FD11176	12.875 	 0.000 	 90.000
FD11176	13.000 	 0.000 	 90.000
FD11176	13.125 	 0.000 	 90.000
FD11176	13.250 	 0.000 	 90.000
FD11176	13.375 	 0.000 	 90.000
FD11176	13.500 	 0.000 	 90.000
FD11176	13.625 	 0.000 	 90.000
FD11176	13.750 	 0.000 	 90.000
FD11176	13.875 	 0.000 	 90.000
FD11176	14.000 	 0.000 	 90.000
FD11176	14.125 	 0.000 	 90.000
FD11176	14.250 	 0.000 	 90.000
FD11176	14.375 	 0.000 	 90.000
FD11176	14.500 	 0.000 	 90.000
FD11176	14.625 	 0.000 	 90.000
FD11176	14.750 	 0.000 	 90.000
FD11176	14.875 	 0.000 	 90.000
FD11176	15.000 	 0.000 	 90.000
FD11176	15.125 	 0.000 	 90.000
FD11176	15.250 	 0.000 	 90.000
FD11176	15.375 	 0.000 	 90.000
FD11176	15.500 	 0.000 	 90.000
FD11176	15.625 	 0.000 	 90.000
FD11176	15.750 	 0.000 	 90.000
FD11176	15.875 	 0.000 	 90.000
FD11176	16.000 	 0.000 	 90.000
FD11176	16.125 	 0.000 	 90.000
FD11176	16.250 	 0.000 	 90.000
FD11176	16.375 	 0.000 	 90.000
FD11176	16.500 	 0.000 	 90.000
FD11176	16.625 	 0.000 	 90.000
FD11176	16.750 	 0.000 	 90.000
FD11176	16.875 	 0.000 	 90.000
FD11176	17.000 	 0.000 	 90.000
FD11176	17.125 	 0.000 	 90.000
FD11176	17.250 	 0.000 	 90.000
FD11176	17.375 	 0.000 	 90.000
FD11176	17.500 	 0.000 	 90.000
FD11176	17.625 	 0.000 	 90.000
FD11176	17.750 	 0.000 	 90.000
FD11176	17.875 	 0.000 	 90.000
FD11176	18.000 	 0.000 	 90.000
FD11176	18.125 	 0.000 	 90.000
FD11176	18.250 	 0.000 	 90.000
FD11176	18.375 	 0.000 	 90.000
FD11176	18.500 	 0.000 	 90.000
FD11176	18.625 	 0.000 	 90.000
FD11176	18.750 	 0.000 	 90.000
FD11176	18.875 	 0.000 	 90.000
FD11176	19.000 	 0.000 	 90.000
FD11176	19.125 	 0.000 	 90.000
FD11176	19.250 	 0.000 	 90.000
FD11176	19.375 	 0.000 	 90.000
FD11176	19.500 	 0.000 	 90.000
FD11176	19.625 	 0.000 	 90.000
FD11176	19.750 	 0.000 	 90.000
FD11176	19.875 	 0.000 	 90.000
FD11176	20.000 	 0.000 	 90.000
FD11176	20.125 	 0.000 	 90.000
FD11176	20.250 	 0.000 	 90.000
FD11176	20.375 	 0.000 	 90.000
FD11176	20.500 	 0.000 	 90.000
FD11176	20.625 	 0.000 	 90.000
FD11176	20.750 	 0.000 	 90.000
FD11176	20.875 	 0.000 	 90.000
FD11176	21.000 	 0.000 	 90.000
FD11176	21.125 	 0.000 	 90.000
FD11176	21.250 	 0.000 	 90.000
FD11176	21.375 	 0.000 	 90.000
FD11176	21.500 	 0.000 	 90.000
FD11176	21.625 	 0.000 	 90.000
FD11176	21.750 	 0.000 	 90.000
FD11176	21.875 	 0.000 	 90.000
FD11176	22.000 	 0.000 	 90.000
FD11176	22.125 	 0.000 	 90.000
FD11176	22.250 	 0.000 	 90.000
FD11176	22.375 	 0.000 	 90.000
FD11176	22.500 	 0.000 	 90.000
FD11176	22.625 	 0.000 	 90.000
FD11176	22.750 	 0.000 	 90.000
FD11176	22.875 	 0.000 	 90.000
FD11176	23.000 	 0.000 	 90.000
FD11176	23.125 	 0.000 	 90.000
FD11176	23.250 	 0.000 	 90.000
FD11176	23.375 	 0.000 	 90.000
FD11176	23.500 	 0.000 	 90.000
FD11176	23.625 	 0.000 	 90.000
FD11176	23.750 	 0.000 	 90.000
FD11176	23.875 	 0.000 	 90.000
FD11176	24.000 	 0.000 	 90.000
FD11176	24.125 	 0.000 	 90.000
FD11176	24.250 	 0.000 	 90.000
FD11176	24.375 	 0.000 	 90.000
FD11176	24.500 	 0.000 	 90.000
FD11176	24.625 	 0.000 	 90.000
FD11176	24.750 	 0.000 	 90.000
FD11176	24.875 	 0.000 	 90.000
FD11176	25.000 	 0.000 	 90.000
FD11176	25.125 	 0.000 	 90.000
FD11176	25.250 	 0.000 	 90.000
FD11176	25.375 	 0.000 	 90.000
FD11176	25.500 	 0.000 	 90.000
FD11176	25.625 	 0.000 	 90.000
FD11176	25.750 	 0.000 	 90.000
FD11176	25.875 	 0.000 	 90.000
FD11176	26.000 	 0.000 	 90.000
FD11176	26.125 	 0.000 	 90.000
FD11176	26.250 	 0.000 	 90.000
FD11176	26.375 	 0.000 	 90.000
FD11176	26.500 	 0.000 	 90.000
FD11176	26.625 	 0.000 	 90.000
FD11176	26.750 	 0.000 	 90.000
FD11176	26.875 	 0.000 	 90.000
FD11176	27.000 	 0.000 	 90.000
FD11176	27.125 	 0.000 	 90.000
FD11176	27.250 	 0.000 	 90.000
FD11176	27.375 	 0.000 	 90.000
FD11176	27.500 	 0.000 	 90.000
FD11176	27.625 	 0.000 	 90.000
FD11176	27.750 	 0.000 	 90.000
FD11176	27.875 	 0.000 	 90.000
FD11176	28.000 	 0.000 	 90.000
FD11176	28.125 	 0.000 	 90.000
FD11176	28.250 	 0.000 	 90.000
FD11176	28.375 	 0.000 	 90.000
FD11176	28.500 	 0.000 	 90.000
FD11176	28.625 	 0.000 	 90.000
FD11176	28.750 	 0.000 	 90.000
FD11176	28.875 	 0.000 	 90.000
FD11176	29.000 	 0.000 	 90.000
FD11176	29.125 	 0.000 	 90.000
FD11176	29.250 	 0.000 	 90.000
FD11176	29.375 	 0.000 	 90.000
FD11176	29.500 	 0.000 	 90.000
FD11176	29.625 	 0.000 	 90.000
FD11176	29.750 	 0.000 	 90.000
FD11176	29.875 	 0.000 	 90.000
FD11176	30.000 	 0.000 	 90.000
FD11176	30.125 	 0.710 	 115.068
FD11176	30.250 	 0.753 	 114.420
FD11176	30.375 	 0.796 	 113.824
FD11176	30.500 	 0.840 	 113.187
FD11176	30.625 	 0.885 	 112.426
FD11176	30.750 	 0.917 	 111.668
FD11176	30.875 	 0.933 	 111.239
FD11176	31.000 	 0.945 	 111.283
FD11176	31.125 	 0.956 	 110.986
FD11176	31.250 	 0.968 	 110.333
FD11176	31.375 	 0.980 	 110.215
FD11176	31.500 	 0.991 	 110.605
FD11176	31.625 	 1.002 	 110.130
FD11176	31.750 	 1.014 	 108.877
FD11176	31.875 	 1.025 	 107.839
FD11176	32.000 	 1.037 	 106.932
FD11176	32.125 	 1.049 	 106.432
FD11176	32.250 	 1.061 	 106.174
FD11176	32.375 	 1.073 	 105.606
FD11176	32.500 	 1.085 	 104.865
FD11176	32.625 	 1.097 	 104.241
FD11176	32.750 	 1.111 	 103.522
FD11176	32.875 	 1.123 	 102.722
FD11176	33.000 	 1.137 	 102.398
FD11176	33.125 	 1.151 	 102.458
FD11176	33.250 	 1.165 	 102.288
FD11176	33.375 	 1.179 	 101.854
FD11176	33.500 	 1.194 	 101.272
FD11176	33.625 	 1.209 	 100.708
FD11176	33.750 	 1.225 	 100.308
FD11176	33.875 	 1.241 	 99.874
FD11176	34.000 	 1.257 	 99.226
FD11176	34.125 	 1.273 	 98.809
FD11176	34.250 	 1.289 	 98.380
FD11176	34.375 	 1.305 	 97.581
FD11176	34.500 	 1.322 	 96.845
FD11176	34.625 	 1.338 	 96.270
FD11176	34.750 	 1.354 	 95.853
FD11176	34.875 	 1.371 	 95.531
FD11176	35.000 	 1.388 	 95.208
FD11176	35.125 	 1.404 	 94.878
FD11176	35.250 	 1.421 	 94.483
FD11176	35.375 	 1.439 	 94.194
FD11176	35.500 	 1.457 	 93.979
FD11176	35.625 	 1.476 	 93.776
FD11176	35.750 	 1.496 	 93.551
FD11176	35.875 	 1.516 	 93.359
FD11176	36.000 	 1.537 	 93.304
FD11176	36.125 	 1.558 	 93.142
FD11176	36.250 	 1.580 	 92.895
FD11176	36.375 	 1.602 	 92.659
FD11176	36.500 	 1.626 	 92.384
FD11176	36.625 	 1.648 	 92.033
FD11176	36.750 	 1.672 	 91.752
FD11176	36.875 	 1.696 	 91.524
FD11176	37.000 	 1.721 	 91.228
FD11176	37.125 	 1.745 	 91.027
FD11176	37.250 	 1.770 	 90.874
FD11176	37.375 	 1.794 	 90.703
FD11176	37.500 	 1.818 	 90.632
FD11176	37.625 	 1.841 	 90.547
FD11176	37.750 	 1.864 	 90.376
FD11176	37.875 	 1.886 	 90.264
FD11176	38.000 	 1.907 	 90.346
FD11176	38.125 	 1.928 	 90.385
FD11176	38.250 	 1.949 	 90.308
FD11176	38.375 	 1.968 	 90.247
FD11176	38.500 	 1.988 	 90.126
FD11176	38.625 	 2.006 	 89.901
FD11176	38.750 	 2.025 	 89.561
FD11176	38.875 	 2.043 	 89.253
FD11176	39.000 	 2.061 	 88.962
FD11176	39.125 	 2.078 	 88.428
FD11176	39.250 	 2.096 	 87.852
FD11176	39.375 	 2.112 	 87.443
FD11176	39.500 	 2.130 	 87.042
FD11176	39.625 	 2.146 	 86.674
FD11176	39.750 	 2.164 	 86.470
FD11176	39.875 	 2.182 	 86.369
FD11176	40.000 	 2.202 	 86.259
FD11176	40.125 	 2.220 	 85.938
FD11176	40.250 	 2.240 	 85.625
FD11176	40.375 	 2.262 	 85.432
FD11176	40.500 	 2.283 	 85.207
FD11176	40.625 	 2.307 	 85.001
FD11176	40.750 	 2.334 	 84.743
FD11176	40.875 	 2.360 	 84.493
FD11176	41.000 	 2.383 	 84.318
FD11176	41.125 	 2.409 	 84.133
FD11176	41.250 	 2.434 	 83.870
FD11176	41.375 	 2.460 	 83.600
FD11176	41.500 	 2.487 	 83.353
FD11176	41.625 	 2.514 	 83.281
FD11176	41.750 	 2.540 	 83.248
FD11176	41.875 	 2.568 	 83.221
FD11176	42.000 	 2.594 	 83.128
FD11176	42.125 	 2.622 	 82.845
FD11176	42.250 	 2.649 	 82.730
FD11176	42.375 	 2.676 	 82.661
FD11176	42.500 	 2.702 	 82.562
FD11176	42.625 	 2.729 	 82.439
FD11176	42.750 	 2.756 	 82.296
FD11176	42.875 	 2.782 	 82.140
FD11176	43.000 	 2.807 	 81.842
FD11176	43.125 	 2.832 	 81.483
FD11176	43.250 	 2.857 	 81.219
FD11176	43.375 	 2.881 	 81.073
FD11176	43.500 	 2.904 	 80.871
FD11176	43.625 	 2.927 	 80.659
FD11176	43.750 	 2.949 	 80.488
FD11176	43.875 	 2.972 	 80.308
FD11176	44.000 	 2.996 	 80.099
FD11176	44.125 	 3.020 	 79.738
FD11176	44.250 	 3.044 	 79.332
FD11176	44.375 	 3.070 	 79.115
FD11176	44.500 	 3.097 	 79.061
FD11176	44.625 	 3.124 	 78.893
FD11176	44.750 	 3.152 	 78.739
FD11176	44.875 	 3.181 	 78.772
FD11176	45.000 	 3.209 	 78.585
FD11176	45.125 	 3.239 	 78.283
FD11176	45.250 	 3.268 	 78.146
FD11176	45.375 	 3.299 	 77.943
FD11176	45.500 	 3.330 	 77.668
FD11176	45.625 	 3.362 	 77.568
FD11176	45.750 	 3.396 	 77.514
FD11176	45.875 	 3.428 	 77.525
FD11176	46.000 	 3.459 	 77.421
FD11176	46.125 	 3.490 	 77.173
FD11176	46.250 	 3.521 	 76.926
FD11176	46.375 	 3.551 	 76.764
FD11176	46.500 	 3.583 	 76.748
FD11176	46.625 	 3.613 	 76.649
FD11176	46.750 	 3.643 	 76.567
FD11176	46.875 	 3.673 	 76.377
FD11176	47.000 	 3.703 	 76.190
FD11176	47.125 	 3.732 	 76.231
FD11176	47.250 	 3.762 	 76.215
FD11176	47.375 	 3.790 	 76.091
FD11176	47.500 	 3.819 	 76.108
FD11176	47.625 	 3.847 	 76.135
FD11176	47.750 	 3.875 	 76.146
FD11176	47.875 	 3.905 	 76.127
FD11176	48.000 	 3.935 	 76.012
FD11176	48.125 	 3.963 	 75.938
FD11176	48.250 	 3.993 	 75.954
FD11176	48.375 	 4.021 	 75.940
FD11176	48.500 	 4.049 	 75.874
FD11176	48.625 	 4.076 	 75.960
FD11176	48.750 	 4.103 	 76.003
FD11176	48.875 	 4.129 	 76.014
FD11176	49.000 	 4.156 	 76.047
FD11176	49.125 	 4.184 	 76.141
FD11176	49.250 	 4.212 	 76.328
FD11176	49.375 	 4.240 	 76.476
FD11176	49.500 	 4.268 	 76.448
FD11176	49.625 	 4.297 	 76.344
FD11176	49.750 	 4.326 	 76.234
FD11176	49.875 	 4.356 	 76.042
FD11176	50.000 	 4.387 	 76.075
FD11176	50.125 	 4.419 	 76.311
FD11176	50.250 	 4.452 	 76.487
FD11176	50.375 	 4.485 	 76.539
FD11176	50.500 	 4.520 	 76.714
FD11176	50.625 	 4.555 	 76.929
FD11176	50.750 	 4.590 	 77.012
FD11176	50.875 	 4.623 	 77.173
FD11176	51.000 	 4.656 	 77.470
FD11176	51.125 	 4.687 	 77.656
FD11176	51.250 	 4.717 	 77.745
FD11176	51.375 	 4.747 	 77.810
FD11176	51.500 	 4.775 	 77.783
FD11176	51.625 	 4.804 	 77.887
FD11176	51.750 	 4.834 	 77.992
FD11176	51.875 	 4.862 	 78.072
FD11176	52.000 	 4.890 	 78.214
FD11176	52.125 	 4.916 	 78.267
FD11176	52.250 	 4.943 	 78.306
FD11176	52.375 	 4.968 	 78.423
FD11176	52.500 	 4.992 	 78.544
FD11176	52.625 	 5.016 	 78.794
FD11176	52.750 	 5.041 	 78.948
FD11176	52.875 	 5.066 	 78.876
FD11176	53.000 	 5.093 	 78.849
FD11176	53.125 	 5.122 	 78.888
FD11176	53.250 	 5.152 	 79.019
FD11176	53.375 	 5.184 	 79.154
FD11176	53.500 	 5.216 	 79.335
FD11176	53.625 	 5.249 	 79.415
FD11176	53.750 	 5.281 	 79.425
FD11176	53.875 	 5.313 	 79.670
FD11176	54.000 	 5.345 	 79.922
FD11176	54.125 	 5.378 	 80.046
FD11176	54.250 	 5.411 	 80.211
FD11176	54.375 	 5.445 	 80.415
FD11176	54.500 	 5.480 	 80.547
FD11176	54.625 	 5.514 	 80.648
FD11176	54.750 	 5.548 	 80.878
FD11176	54.875 	 5.582 	 81.153
FD11176	55.000 	 5.615 	 81.263
FD11176	55.125 	 5.646 	 81.332
FD11176	55.250 	 5.676 	 81.453
FD11176	55.375 	 5.705 	 81.560
FD11176	55.500 	 5.735 	 81.714
FD11176	55.625 	 5.764 	 81.886
FD11176	55.750 	 5.793 	 82.013
FD11176	55.875 	 5.823 	 82.019
FD11176	56.000 	 5.850 	 82.221
FD11176	56.125 	 5.876 	 82.582
FD11176	56.250 	 5.901 	 82.713
FD11176	56.375 	 5.923 	 82.788
FD11176	56.500 	 5.945 	 82.903
FD11176	56.625 	 5.965 	 83.062
FD11176	56.750 	 5.985 	 83.288
FD11176	56.875 	 6.006 	 83.553
FD11176	57.000 	 6.029 	 83.741
FD11176	57.125 	 6.054 	 83.958
FD11176	57.250 	 6.081 	 84.034
FD11176	57.375 	 6.110 	 83.980
FD11176	57.500 	 6.139 	 84.018
FD11176	57.625 	 6.169 	 84.196
FD11176	57.750 	 6.198 	 84.362
FD11176	57.875 	 6.227 	 84.532
FD11176	58.000 	 6.257 	 84.724
FD11176	58.125 	 6.287 	 84.828
FD11176	58.250 	 6.317 	 84.916
FD11176	58.375 	 6.347 	 85.018
FD11176	58.500 	 6.379 	 85.188
FD11176	58.625 	 6.410 	 85.449
FD11176	58.750 	 6.442 	 85.646
FD11176	58.875 	 6.473 	 85.754
FD11176	59.000 	 6.504 	 85.924
FD11176	59.125 	 6.533 	 86.006
FD11176	59.250 	 6.559 	 86.133
FD11176	59.375 	 6.583 	 86.366
FD11176	59.500 	 6.606 	 86.888
FD11176	59.625 	 6.628 	 87.335
FD11176	59.750 	 6.650 	 87.440
FD11176	59.875 	 6.672 	 87.567
FD11176	60.000 	 6.695 	 87.786
FD11176	60.125 	 6.719 	 88.036
FD11176	60.250 	 6.744 	 88.327
FD11176	60.375 	 6.773 	 88.679
FD11176	60.500 	 6.803 	 88.987
FD11176	60.625 	 6.833 	 89.066
FD11176	60.750 	 6.864 	 89.171
FD11176	60.875 	 6.894 	 89.432
FD11176	61.000 	 6.925 	 89.651
FD11176	61.125 	 6.955 	 89.862
FD11176	61.250 	 6.987 	 89.929
FD11176	61.375 	 7.019 	 90.035
FD11176	61.500 	 7.050 	 90.299
FD11176	61.625 	 7.082 	 90.492
FD11176	61.750 	 7.114 	 90.629
FD11176	61.875 	 7.145 	 90.725
FD11176	62.000 	 7.176 	 90.829
FD11176	62.125 	 7.208 	 90.984
FD11176	62.250 	 7.238 	 91.170
FD11176	62.375 	 7.265 	 91.417
FD11176	62.500 	 7.290 	 91.357
FD11176	62.625 	 7.314 	 91.313
FD11176	62.750 	 7.337 	 91.516
FD11176	62.875 	 7.358 	 91.714
FD11176	63.000 	 7.380 	 92.010
FD11176	63.125 	 7.402 	 92.310
FD11176	63.250 	 7.425 	 92.618
FD11176	63.375 	 7.449 	 92.530
FD11176	63.500 	 7.475 	 92.365
FD11176	63.625 	 7.500 	 92.577
FD11176	63.750 	 7.526 	 92.889
FD11176	63.875 	 7.553 	 93.266
FD11176	64.000 	 7.579 	 93.633
FD11176	64.125 	 7.606 	 93.892
FD11176	64.250 	 7.632 	 94.255
FD11176	64.375 	 7.661 	 94.603
FD11176	64.500 	 7.690 	 94.856
FD11176	64.625 	 7.721 	 94.774
FD11176	64.750 	 7.752 	 94.630
FD11176	64.875 	 7.785 	 94.867
FD11176	65.000 	 7.819 	 94.878
FD11176	65.125 	 7.856 	 94.906
FD11176	65.250 	 7.892 	 95.119
FD11176	65.375 	 7.930 	 95.317
FD11176	65.500 	 7.968 	 95.570
FD11176	65.625 	 8.008 	 95.779
FD11176	65.750 	 8.048 	 96.092
FD11176	65.875 	 8.088 	 96.333
FD11176	66.000 	 8.127 	 96.328
FD11176	66.125 	 8.165 	 96.449
FD11176	66.250 	 8.202 	 96.499
FD11176	66.375 	 8.238 	 96.641
FD11176	66.500 	 8.274 	 96.948
FD11176	66.625 	 8.309 	 97.188
FD11176	66.750 	 8.342 	 97.369
FD11176	66.875 	 8.375 	 97.479
FD11176	67.000 	 8.404 	 97.529
FD11176	67.125 	 8.431 	 97.663
FD11176	67.250 	 8.458 	 97.866
FD11176	67.375 	 8.481 	 97.844
FD11176	67.500 	 8.503 	 97.899
FD11176	67.625 	 8.524 	 98.028
FD11176	67.750 	 8.542 	 98.177
FD11176	67.875 	 8.557 	 98.457
FD11176	68.000 	 8.572 	 98.665
FD11176	68.125 	 8.585 	 98.850
FD11176	68.250 	 8.597 	 99.086
FD11176	68.375 	 8.608 	 99.264
FD11176	68.500 	 8.619 	 99.385
FD11176	68.625 	 8.627 	 99.517
FD11176	68.750 	 8.635 	 99.731
FD11176	68.875 	 8.644 	 99.973
FD11176	69.000 	 8.654 	 100.148
FD11176	69.125 	 8.663 	 100.338
FD11176	69.250 	 8.673 	 100.448
FD11176	69.375 	 8.684 	 100.415
FD11176	69.500 	 8.695 	 100.492
FD11176	69.625 	 8.707 	 100.726
FD11176	69.750 	 8.722 	 100.934
FD11176	69.875 	 8.737 	 101.090
FD11176	70.000 	 8.756 	 101.300
FD11176	70.125 	 8.777 	 101.406
FD11176	70.250 	 8.801 	 101.264
FD11176	70.375 	 8.826 	 101.255
FD11176	70.500 	 8.854 	 101.459
FD11176	70.625 	 8.883 	 101.794
FD11176	70.750 	 8.913 	 101.948
FD11176	70.875 	 8.941 	 102.013
FD11176	71.000 	 8.970 	 102.283
FD11176	71.125 	 8.998 	 102.618
FD11176	71.250 	 9.027 	 102.920
FD11176	71.375 	 9.055 	 103.079
FD11176	71.500 	 9.083 	 103.288
FD11176	71.625 	 9.111 	 103.491
FD11176	71.750 	 9.139 	 103.694
FD11176	71.875 	 9.165 	 103.925
FD11176	72.000 	 9.192 	 104.008
FD11176	72.125 	 9.218 	 104.142
FD11176	72.250 	 9.244 	 104.423
FD11176	72.375 	 9.269 	 104.574
FD11176	72.500 	 9.295 	 104.623
FD11176	72.625 	 9.325 	 104.755
FD11176	72.750 	 9.354 	 104.925
FD11176	72.875 	 9.383 	 105.123
FD11176	73.000 	 9.413 	 105.304
FD11176	73.125 	 9.444 	 105.499
FD11176	73.250 	 9.472 	 105.697
FD11176	73.375 	 9.502 	 105.721
FD11176	73.500 	 9.530 	 105.771
FD11176	73.625 	 9.559 	 105.996
FD11176	73.750 	 9.587 	 106.222
FD11176	73.875 	 9.612 	 106.403
FD11176	74.000 	 9.637 	 106.567
FD11176	74.125 	 9.662 	 106.746
FD11176	74.250 	 9.683 	 106.900
FD11176	74.375 	 9.705 	 106.938
FD11176	74.500 	 9.724 	 106.977
FD11176	74.625 	 9.743 	 107.160
FD11176	74.750 	 9.762 	 107.391
FD11176	74.875 	 9.779 	 107.499
FD11176	75.000 	 9.798 	 107.641
FD11176	75.125 	 9.816 	 107.831
FD11176	75.250 	 9.836 	 107.979
FD11176	75.375 	 9.855 	 108.152
FD11176	75.500 	 9.874 	 108.295
FD11176	75.625 	 9.894 	 108.671
FD11176	75.750 	 9.912 	 109.149
FD11176	75.875 	 9.931 	 109.333
FD11176	76.000 	 9.949 	 109.295
FD11176	76.125 	 9.969 	 109.371
FD11176	76.250 	 9.989 	 109.597
FD11176	76.375 	 10.012 	 109.720
FD11176	76.500 	 10.034 	 109.781
FD11176	76.625 	 10.058 	 109.808
FD11176	76.750 	 10.082 	 109.819
FD11176	76.875 	 10.108 	 109.797
FD11176	77.000 	 10.134 	 109.874
FD11176	77.125 	 10.161 	 110.020
FD11176	77.250 	 10.188 	 110.163
FD11176	77.375 	 10.217 	 110.372
FD11176	77.500 	 10.247 	 110.657
FD11176	77.625 	 10.278 	 110.808
FD11176	77.750 	 10.311 	 110.814
FD11176	77.875 	 10.348 	 110.973
FD11176	78.000 	 10.386 	 111.225
FD11176	78.125 	 10.425 	 111.395
FD11176	78.250 	 10.464 	 111.489
FD11176	78.375 	 10.503 	 111.711
FD11176	78.500 	 10.541 	 111.992
FD11176	78.625 	 10.578 	 112.198
FD11176	78.750 	 10.613 	 112.368
FD11176	78.875 	 10.647 	 112.486
FD11176	79.000 	 10.680 	 112.673
FD11176	79.125 	 10.712 	 112.733
FD11176	79.250 	 10.744 	 112.783
FD11176	79.375 	 10.776 	 112.917
FD11176	79.500 	 10.806 	 113.010
FD11176	79.625 	 10.836 	 113.189
FD11176	79.750 	 10.867 	 113.443
FD11176	79.875 	 10.897 	 113.533
FD11176	80.000 	 10.926 	 113.544
FD11176	80.125 	 10.958 	 113.712
FD11176	80.250 	 10.989 	 113.865
FD11176	80.375 	 11.022 	 114.021
FD11176	80.500 	 11.056 	 114.181
FD11176	80.625 	 11.092 	 114.363
FD11176	80.750 	 11.129 	 114.631
FD11176	80.875 	 11.168 	 114.818
FD11176	81.000 	 11.209 	 114.966
FD11176	81.125 	 11.250 	 115.200
FD11176	81.250 	 11.292 	 115.414
FD11176	81.375 	 11.335 	 115.557
FD11176	81.500 	 11.378 	 115.706
FD11176	81.625 	 11.422 	 115.936
FD11176	81.750 	 11.466 	 116.100
FD11176	81.875 	 11.511 	 116.273
FD11176	82.000 	 11.555 	 116.438
FD11176	82.125 	 11.598 	 116.480
FD11176	82.250 	 11.641 	 116.535
FD11176	82.375 	 11.682 	 116.644
FD11176	82.500 	 11.723 	 116.809
FD11176	82.625 	 11.762 	 117.007
FD11176	82.750 	 11.801 	 117.144
FD11176	82.875 	 11.839 	 117.114
FD11176	83.000 	 11.878 	 117.098
FD11176	83.125 	 11.916 	 117.175
FD11176	83.250 	 11.955 	 117.180
FD11176	83.375 	 11.996 	 117.174
FD11176	83.500 	 12.039 	 117.158
FD11176	83.625 	 12.087 	 117.090
FD11176	83.750 	 12.135 	 116.974
FD11176	83.875 	 12.184 	 116.938
FD11176	84.000 	 12.235 	 116.977
FD11176	84.125 	 12.284 	 117.026
FD11176	84.250 	 12.332 	 117.164
FD11176	84.375 	 12.379 	 117.279
FD11176	84.500 	 12.422 	 117.290
FD11176	84.625 	 12.462 	 117.337
FD11176	84.750 	 12.502 	 117.523
FD11176	84.875 	 12.541 	 117.700
FD11176	85.000 	 12.579 	 117.727
FD11176	85.125 	 12.617 	 117.694
FD11176	85.250 	 12.654 	 117.688
FD11176	85.375 	 12.688 	 117.694
FD11176	85.500 	 12.719 	 117.710
FD11176	85.625 	 12.747 	 117.743
FD11176	85.750 	 12.771 	 117.875
FD11176	85.875 	 12.794 	 118.054
FD11176	86.000 	 12.815 	 118.076
FD11176	86.125 	 12.836 	 118.103
FD11176	86.250 	 12.858 	 118.230
FD11176	86.375 	 12.880 	 118.199
FD11176	86.500 	 12.907 	 118.238
FD11176	86.625 	 12.938 	 118.452
FD11176	86.750 	 12.971 	 118.556
FD11176	86.875 	 13.009 	 118.647
FD11176	87.000 	 13.053 	 118.949
FD11176	87.125 	 13.091 	 119.251
FD11176	87.250 	 13.130 	 119.394
FD11176	87.375 	 13.169 	 119.476
FD11176	87.500 	 13.213 	 119.504
FD11176	87.625 	 13.259 	 119.525
FD11176	87.750 	 13.305 	 119.542
FD11176	87.875 	 13.355 	 119.597
FD11176	88.000 	 13.402 	 119.597
FD11176	88.125 	 13.450 	 119.498
FD11176	88.250 	 13.498 	 119.432
FD11176	88.375 	 13.544 	 119.397
FD11176	88.500 	 13.588 	 119.210
FD11176	88.625 	 13.631 	 119.160
FD11176	88.750 	 13.672 	 119.342
FD11176	88.875 	 13.713 	 119.470
FD11176	89.000 	 13.752 	 119.575
FD11176	89.125 	 13.792 	 119.671
FD11176	89.250 	 13.831 	 119.687
FD11176	89.375 	 13.871 	 119.657
FD11176	89.500 	 13.908 	 119.669
FD11176	89.625 	 13.945 	 119.720
FD11176	89.750 	 13.979 	 119.940
FD11176	89.875 	 14.014 	 120.111
FD11176	90.000 	 14.049 	 120.039
FD11176	90.125 	 14.085 	 120.081
FD11176	90.250 	 14.125 	 120.239
FD11176	90.375 	 14.164 	 120.199
FD11176	90.500 	 14.207 	 120.056
FD11176	90.625 	 14.254 	 120.048
FD11176	90.750 	 14.300 	 120.048
FD11176	90.875 	 14.348 	 120.133
FD11176	91.000 	 14.397 	 120.144
FD11176	91.125 	 14.446 	 120.097
FD11176	91.250 	 14.493 	 120.135
FD11176	91.375 	 14.537 	 120.122
FD11176	91.500 	 14.582 	 120.160
FD11176	91.625 	 14.626 	 120.234
FD11176	91.750 	 14.670 	 120.327
FD11176	91.875 	 14.712 	 120.446
FD11176	92.000 	 14.754 	 120.517
FD11176	92.125 	 14.796 	 120.481
FD11176	92.250 	 14.836 	 120.580
FD11176	92.375 	 14.879 	 120.740
FD11176	92.500 	 14.920 	 120.877
FD11176	92.625 	 14.964 	 120.907
FD11176	92.750 	 15.006 	 120.853
FD11176	92.875 	 15.049 	 120.946
FD11176	93.000 	 15.090 	 121.067
FD11176	93.125 	 15.132 	 121.162
FD11176	93.250 	 15.174 	 121.295
FD11176	93.375 	 15.218 	 121.344
FD11176	93.500 	 15.260 	 121.372
FD11176	93.625 	 15.306 	 121.396
FD11176	93.750 	 15.350 	 121.363
FD11176	93.875 	 15.394 	 121.314
FD11176	94.000 	 15.438 	 121.215
FD11176	94.125 	 15.482 	 121.173
FD11176	94.250 	 15.523 	 121.080
FD11176	94.375 	 15.564 	 121.056
FD11176	94.500 	 15.604 	 121.270
FD11176	94.625 	 15.643 	 121.418
FD11176	94.750 	 15.683 	 121.435
FD11176	94.875 	 15.722 	 121.369
FD11176	95.000 	 15.763 	 121.325
FD11176	95.125 	 15.805 	 121.369
FD11176	95.250 	 15.849 	 121.423
FD11176	95.375 	 15.893 	 121.498
FD11176	95.500 	 15.936 	 121.553
FD11176	95.625 	 15.978 	 121.597
FD11176	95.750 	 16.018 	 121.586
FD11176	95.875 	 16.058 	 121.632
FD11176	96.000 	 16.098 	 121.687
FD11176	96.125 	 16.136 	 121.666
FD11176	96.250 	 16.178 	 121.627
FD11176	96.375 	 16.218 	 121.572
FD11176	96.500 	 16.258 	 121.567
FD11176	96.625 	 16.297 	 121.476
FD11176	96.750 	 16.337 	 121.454
FD11176	96.875 	 16.376 	 121.533
FD11176	97.000 	 16.414 	 121.605
FD11176	97.125 	 16.454 	 121.685
FD11176	97.250 	 16.493 	 121.717
FD11176	97.375 	 16.533 	 121.596
FD11176	97.500 	 16.574 	 121.388
FD11176	97.625 	 16.619 	 121.363
FD11176	97.750 	 16.663 	 121.544
FD11176	97.875 	 16.711 	 121.666
FD11176	98.000 	 16.758 	 121.582
FD11176	98.125 	 16.806 	 121.548
FD11176	98.250 	 16.856 	 121.580
FD11176	98.375 	 16.905 	 121.619
FD11176	98.500 	 16.953 	 121.564
FD11176	98.625 	 17.000 	 121.392
FD11176	98.750 	 17.047 	 121.298
FD11176	98.875 	 17.090 	 121.168
FD11176	99.000 	 17.132 	 120.987
FD11176	99.125 	 17.174 	 120.923
FD11176	99.250 	 17.215 	 120.886
FD11176	99.375 	 17.256 	 120.770
FD11176	99.500 	 17.299 	 120.660
FD11176	99.625 	 17.344 	 120.701
FD11176	99.750 	 17.390 	 120.812
FD11176	99.875 	 17.437 	 120.902
FD11176	100.000 	 17.485 	 120.919
FD11176	100.125 	 17.534 	 120.935
FD11176	100.250 	 17.584 	 121.022
FD11176	100.375 	 17.633 	 121.028
FD11176	100.500 	 17.683 	 120.918
FD11176	100.625 	 17.733 	 120.790
FD11176	100.750 	 17.786 	 120.849
FD11176	100.875 	 17.841 	 120.968
FD11176	101.000 	 17.896 	 121.028
FD11176	101.125 	 17.950 	 120.954
FD11176	101.250 	 18.006 	 120.872
FD11176	101.375 	 18.057 	 120.927
FD11176	101.500 	 18.108 	 120.888
FD11176	101.625 	 18.157 	 120.746
FD11176	101.750 	 18.204 	 120.707
FD11176	101.875 	 18.249 	 120.869
FD11176	102.000 	 18.292 	 120.978
FD11176	102.125 	 18.333 	 121.017
FD11176	102.250 	 18.371 	 121.033
FD11176	102.375 	 18.408 	 120.951
FD11176	102.500 	 18.447 	 120.923
FD11176	102.625 	 18.484 	 120.888
FD11176	102.750 	 18.522 	 120.861
FD11176	102.875 	 18.557 	 120.963
FD11176	103.000 	 18.592 	 120.951
FD11176	103.125 	 18.626 	 120.877
FD11176	103.250 	 18.658 	 120.922
FD11176	103.375 	 18.691 	 120.959
FD11176	103.500 	 18.725 	 120.915
FD11176	103.625 	 18.757 	 120.806
FD11176	103.750 	 18.790 	 120.669
FD11176	103.875 	 18.825 	 120.613
FD11176	104.000 	 18.858 	 120.591
FD11176	104.125 	 18.894 	 120.535
FD11176	104.250 	 18.931 	 120.550
FD11176	104.375 	 18.970 	 120.597
FD11176	104.500 	 19.010 	 120.448
FD11176	104.625 	 19.049 	 120.363
FD11176	104.750 	 19.092 	 120.281
FD11176	104.875 	 19.136 	 120.212
FD11176	105.000 	 19.183 	 120.234
FD11176	105.125 	 19.233 	 120.141
FD11176	105.250 	 19.284 	 120.322
FD11176	105.375 	 19.338 	 120.391
FD11176	105.500 	 19.394 	 120.215
FD11176	105.625 	 19.450 	 120.234
FD11176	105.750 	 19.505 	 120.158
FD11176	105.875 	 19.560 	 119.993
FD11176	106.000 	 19.610 	 119.917
FD11176	106.125 	 19.661 	 119.905
FD11176	106.250 	 19.711 	 119.965
FD11176	106.375 	 19.760 	 120.073
FD11176	106.500 	 19.807 	 120.188
FD11176	106.625 	 19.853 	 120.215
FD11176	106.750 	 19.897 	 120.122
FD11176	106.875 	 19.939 	 120.070
FD11176	107.000 	 19.980 	 120.267
FD11176	107.125 	 20.021 	 120.544
FD11176	107.250 	 20.060 	 120.622
FD11176	107.375 	 20.099 	 120.484
FD11176	107.500 	 20.137 	 120.375
FD11176	107.625 	 20.172 	 120.388
FD11176	107.750 	 20.207 	 120.328
FD11176	107.875 	 20.244 	 120.327
FD11176	108.000 	 20.282 	 120.476
FD11176	108.125 	 20.318 	 120.564
FD11176	108.250 	 20.356 	 120.553
FD11176	108.375 	 20.391 	 120.548
FD11176	108.500 	 20.429 	 120.552
FD11176	108.625 	 20.465 	 120.382
FD11176	108.750 	 20.502 	 120.207
FD11176	108.875 	 20.538 	 120.190
FD11176	109.000 	 20.576 	 120.229
FD11176	109.125 	 20.615 	 120.116
FD11176	109.250 	 20.654 	 119.913
FD11176	109.375 	 20.694 	 119.883
FD11176	109.500 	 20.732 	 119.900
FD11176	109.625 	 20.770 	 119.874
FD11176	109.750 	 20.804 	 119.974
FD11176	109.875 	 20.839 	 120.003
FD11176	110.000 	 20.872 	 119.845
FD11176	110.125 	 20.907 	 119.748
FD11176	110.250 	 20.939 	 119.742
FD11176	110.375 	 20.971 	 119.711
FD11176	110.500 	 21.001 	 119.765
FD11176	110.625 	 21.031 	 119.866
FD11176	110.750 	 21.057 	 119.916
FD11176	110.875 	 21.083 	 119.988
FD11176	111.000 	 21.105 	 120.130
FD11176	111.125 	 21.126 	 120.103
FD11176	111.250 	 21.145 	 119.900
FD11176	111.375 	 21.164 	 119.830
FD11176	111.500 	 21.182 	 119.957
FD11176	111.625 	 21.199 	 120.276
FD11176	111.750 	 21.215 	 120.282
FD11176	111.875 	 21.234 	 120.240
FD11176	112.000 	 21.255 	 120.432
FD11176	112.125 	 21.273 	 120.539
FD11176	112.250 	 21.293 	 120.600
FD11176	112.375 	 21.311 	 120.591
FD11176	112.500 	 21.328 	 120.432
FD11176	112.625 	 21.345 	 120.353
FD11176	112.750 	 21.362 	 120.474
FD11176	112.875 	 21.378 	 120.487
FD11176	113.000 	 21.395 	 120.410
FD11176	113.125 	 21.412 	 120.215
FD11176	113.250 	 21.426 	 119.924
FD11176	113.375 	 21.442 	 119.924
FD11176	113.500 	 21.454 	 120.094
FD11176	113.625 	 21.470 	 120.190
FD11176	113.750 	 21.488 	 120.289
FD11176	113.875 	 21.507 	 120.344
FD11176	114.000 	 21.528 	 120.393
FD11176	114.125 	 21.548 	 120.402
FD11176	114.250 	 21.570 	 120.402
FD11176	114.375 	 21.592 	 120.446
FD11176	114.500 	 21.614 	 120.501
FD11176	114.625 	 21.635 	 120.432
FD11176	114.750 	 21.658 	 120.383
FD11176	114.875 	 21.678 	 120.465
FD11176	115.000 	 21.695 	 120.349
FD11176	115.125 	 21.715 	 120.174
FD11176	115.250 	 21.731 	 120.081
FD11176	115.375 	 21.747 	 119.988
FD11176	115.500 	 21.763 	 119.943
FD11176	115.625 	 21.775 	 119.974
FD11176	115.750 	 21.784 	 119.979
FD11176	115.875 	 21.791 	 119.979
FD11176	116.000 	 21.794 	 120.051
FD11176	116.125 	 21.795 	 120.223
FD11176	116.250 	 21.794 	 120.289
FD11176	116.375 	 21.793 	 120.190
FD11176	116.500 	 21.791 	 120.108
FD11176	116.625 	 21.788 	 120.102
FD11176	116.750 	 21.788 	 120.114
FD11176	116.875 	 21.786 	 120.097
FD11176	117.000 	 21.784 	 120.042
FD11176	117.125 	 21.784 	 119.988
FD11176	117.250 	 21.785 	 119.988
FD11176	117.375 	 21.787 	 119.888
FD11176	117.500 	 21.792 	 119.861
FD11176	117.625 	 21.796 	 119.804
FD11176	117.750 	 21.803 	 119.644
FD11176	117.875 	 21.811 	 119.668
FD11176	118.000 	 21.821 	 119.663
FD11176	118.125 	 21.832 	 119.724
FD11176	118.250 	 21.848 	 119.916
FD11176	118.375 	 21.863 	 119.867
FD11176	118.500 	 21.882 	 119.762
FD11176	118.625 	 21.899 	 119.839
FD11176	118.750 	 21.917 	 119.839
FD11176	118.875 	 21.936 	 119.702
FD11176	119.000 	 21.958 	 119.586
FD11176	119.125 	 21.979 	 119.553
FD11176	119.250 	 21.999 	 119.465
FD11176	119.375 	 22.019 	 119.306
FD11176	119.500 	 22.039 	 119.235
FD11176	119.625 	 22.059 	 119.317
FD11176	119.750 	 22.080 	 119.361
FD11176	119.875 	 22.097 	 119.284
FD11176	120.000 	 22.116 	 119.180
FD11176	120.125 	 22.131 	 119.114
FD11176	120.250 	 22.146 	 119.103
FD11176	120.375 	 22.157 	 119.010
FD11176	120.500 	 22.166 	 118.861
FD11176	120.625 	 22.177 	 118.836
FD11176	120.750 	 22.185 	 118.897
FD11176	120.875 	 22.195 	 118.971
FD11176	121.000 	 22.204 	 119.087
FD11176	121.125 	 22.213 	 119.147
FD11176	121.250 	 22.221 	 118.999
FD11176	121.375 	 22.224 	 118.815
FD11176	121.500 	 22.229 	 118.732
FD11176	121.625 	 22.230 	 118.570
FD11176	121.750 	 22.232 	 118.559
FD11176	121.875 	 22.233 	 118.526
FD11176	122.000 	 22.236 	 118.262
FD11176	122.125 	 22.241 	 118.021
FD11176	122.250 	 22.246 	 118.037
FD11176	122.375 	 22.252 	 118.120
FD11176	122.500 	 22.261 	 118.054
FD11176	122.625 	 22.269 	 118.177
FD11176	122.750 	 22.282 	 118.248
FD11176	122.875 	 22.291 	 118.238
FD11176	123.000 	 22.302 	 118.221
FD11176	123.125 	 22.311 	 118.174
FD11176	123.250 	 22.324 	 118.168
FD11176	123.375 	 22.335 	 118.070
FD11176	123.500 	 22.348 	 118.021
FD11176	123.625 	 22.361 	 117.993
FD11176	123.750 	 22.373 	 117.960
FD11176	123.875 	 22.385 	 117.988
FD11176	124.000 	 22.394 	 118.019
FD11176	124.125 	 22.403 	 118.049
FD11176	124.250 	 22.410 	 118.142
FD11176	124.375 	 22.418 	 118.264
FD11176	124.500 	 22.424 	 118.205
FD11176	124.625 	 22.430 	 117.998
FD11176	124.750 	 22.433 	 117.828
FD11176	124.875 	 22.436 	 117.726
FD11176	125.000 	 22.437 	 117.809
FD11176	125.125 	 22.441 	 117.919
FD11176	125.250 	 22.440 	 117.946
FD11176	125.375 	 22.443 	 117.980
FD11176	125.500 	 22.444 	 117.908
FD11176	125.625 	 22.446 	 117.828
FD11176	125.750 	 22.444 	 117.877
FD11176	125.875 	 22.440 	 118.010
FD11176	126.000 	 22.439 	 118.147
FD11176	126.125 	 22.435 	 118.191
FD11176	126.250 	 22.429 	 118.240
FD11176	126.375 	 22.425 	 118.309
FD11176	126.500 	 22.417 	 118.347
FD11176	126.625 	 22.409 	 118.479
FD11176	126.750 	 22.401 	 118.551
FD11176	126.875 	 22.391 	 118.506
FD11176	127.000 	 22.381 	 118.452
FD11176	127.125 	 22.371 	 118.276
FD11176	127.250 	 22.361 	 118.088
FD11176	127.375 	 22.350 	 118.010
FD11176	127.500 	 22.342 	 117.927
FD11176	127.625 	 22.334 	 117.765
FD11176	127.750 	 22.327 	 117.573
FD11176	127.875 	 22.323 	 117.573
FD11176	128.000 	 22.320 	 117.589
FD11176	128.125 	 22.316 	 117.479
FD11176	128.250 	 22.311 	 117.556
FD11176	128.375 	 22.309 	 117.725
FD11176	128.500 	 22.302 	 117.591
FD11176	128.625 	 22.296 	 117.548
FD11176	128.750 	 22.287 	 117.670
FD11176	128.875 	 22.277 	 117.499
FD11176	129.000 	 22.267 	 117.509
FD11176	129.125 	 22.252 	 117.566
FD11176	129.250 	 22.237 	 117.439
FD11176	129.375 	 22.217 	 117.650
FD11176	129.500 	 22.195 	 117.683
FD11176	129.625 	 22.170 	 117.535
FD11176	129.750 	 22.147 	 117.622
FD11176	129.875 	 22.121 	 117.672
FD11176	130.000 	 22.098 	 117.727
FD11176	130.125 	 22.074 	 117.721
FD11176	130.250 	 22.052 	 117.677
FD11176	130.375 	 22.035 	 117.626
FD11176	130.500 	 22.020 	 117.592
FD11176	130.625 	 22.010 	 117.693
FD11176	130.750 	 22.001 	 117.672
FD11176	130.875 	 21.997 	 117.590
FD11176	131.000 	 21.993 	 117.765
FD11176	131.125 	 21.993 	 117.714
FD11176	131.250 	 21.995 	 117.488
FD11176	131.375 	 22.000 	 117.625
FD11176	131.500 	 22.003 	 117.636
FD11176	131.625 	 22.002 	 117.411
FD11176	131.750 	 22.005 	 117.466
FD11176	131.875 	 22.004 	 117.584
FD11176	132.000 	 21.998 	 117.639
FD11176	132.125 	 21.993 	 117.721
FD11176	132.250 	 21.986 	 117.512
FD11176	132.375 	 21.978 	 117.315
FD11176	132.500 	 21.961 	 117.314
FD11176	132.625 	 21.949 	 117.186
FD11176	132.750 	 21.929 	 117.173
FD11176	132.875 	 21.912 	 117.359
FD11176	133.000 	 21.893 	 117.331
FD11176	133.125 	 21.870 	 117.318
FD11176	133.250 	 21.849 	 117.296
FD11176	133.375 	 21.829 	 117.012
FD11176	133.500 	 21.818 	 116.853
FD11176	133.625 	 21.809 	 116.846
FD11176	133.750 	 21.801 	 116.746
FD11176	133.875 	 21.797 	 116.818
FD11176	134.000 	 21.799 	 116.955
FD11176	134.125 	 21.795 	 116.886
FD11176	134.250 	 21.798 	 116.776
FD11176	134.375 	 21.797 	 116.633
FD11176	134.500 	 21.798 	 116.463
FD11176	134.625 	 21.798 	 116.304
FD11176	134.750 	 21.798 	 116.430
FD11176	134.875 	 21.803 	 116.596
FD11176	135.000 	 21.812 	 116.359
FD11176	135.125 	 21.818 	 116.284
FD11176	135.250 	 21.832 	 116.449
FD11176	135.375 	 21.843 	 116.417
FD11176	135.500 	 21.857 	 116.444
FD11176	135.625 	 21.870 	 116.436
FD11176	135.750 	 21.887 	 116.172
FD11176	135.875 	 21.898 	 116.090
FD11176	136.000 	 21.914 	 116.150
FD11176	136.125 	 21.927 	 116.112
FD11176	136.250 	 21.948 	 116.057
FD11176	136.375 	 21.969 	 116.049
FD11176	136.500 	 21.989 	 116.169
FD11176	136.625 	 22.011 	 116.277
FD11176	136.750 	 22.033 	 116.392
FD11176	136.875 	 22.058 	 116.480
FD11176	137.000 	 22.074 	 116.530
FD11176	137.125 	 22.093 	 116.505
FD11176	137.250 	 22.104 	 116.428
FD11176	137.375 	 22.117 	 116.416
FD11176	137.500 	 22.123 	 116.445
FD11176	137.625 	 22.132 	 116.397
FD11176	137.750 	 22.136 	 116.168
FD11176	137.875 	 22.140 	 116.093
FD11176	138.000 	 22.142 	 116.047
FD11176	138.125 	 22.143 	 115.851
FD11176	138.250 	 22.141 	 115.775
FD11176	138.375 	 22.140 	 115.727
FD11176	138.500 	 22.135 	 115.783
FD11176	138.625 	 22.128 	 115.984
FD11176	138.750 	 22.124 	 115.994
FD11176	138.875 	 22.122 	 115.938
FD11176	139.000 	 22.114 	 115.918
FD11176	139.125 	 22.112 	 115.892
FD11176	139.250 	 22.115 	 115.847
FD11176	139.375 	 22.116 	 115.739
FD11176	139.500 	 22.118 	 115.567
FD11176	139.625 	 22.121 	 115.458
FD11176	139.750 	 22.123 	 115.397
FD11176	139.875 	 22.124 	 115.285
FD11176	140.000 	 22.126 	 115.110
FD11176	140.125 	 22.120 	 115.109
FD11176	140.250 	 22.122 	 115.405
FD11176	140.375 	 22.111 	 115.554
FD11176	140.500 	 22.105 	 115.626
FD11176	140.625 	 22.099 	 115.757
FD11176	140.750 	 22.088 	 115.796
FD11176	140.875 	 22.080 	 115.777
FD11176	141.000 	 22.069 	 115.639
FD11176	141.125 	 22.059 	 115.519
FD11176	141.250 	 22.049 	 115.579
FD11176	141.375 	 22.039 	 115.654
FD11176	141.500 	 22.027 	 115.796
FD11176	141.625 	 22.013 	 115.930
FD11176	141.750 	 22.009 	 115.870
FD11176	141.875 	 21.996 	 115.865
FD11176	142.000 	 21.988 	 115.947
FD11176	142.125 	 21.983 	 115.833
FD11176	142.250 	 21.974 	 115.507
FD11176	142.375 	 21.978 	 115.530
FD11176	142.500 	 21.976 	 115.721
FD11176	142.625 	 21.979 	 115.562
FD11176	142.750 	 21.986 	 115.475
FD11176	142.875 	 21.991 	 115.412
FD11176	143.000 	 21.998 	 115.368
FD11176	143.125 	 22.009 	 115.479
FD11176	143.250 	 22.009 	 115.458
FD11176	143.375 	 22.020 	 115.403
FD11176	143.500 	 22.026 	 115.602
FD11176	143.625 	 22.032 	 115.784
FD11176	143.750 	 22.040 	 115.680
FD11176	143.875 	 22.046 	 115.615
FD11176	144.000 	 22.051 	 115.565
FD11176	144.125 	 22.059 	 115.356
FD11176	144.250 	 22.061 	 115.279
FD11176	144.375 	 22.070 	 115.243
FD11176	144.500 	 22.075 	 115.025
FD11176	144.625 	 22.076 	 115.065
FD11176	144.750 	 22.082 	 115.192
FD11176	144.875 	 22.087 	 115.098
FD11176	145.000 	 22.095 	 115.021
FD11176	145.125 	 22.100 	 114.928
FD11176	145.250 	 22.107 	 114.950
FD11176	145.375 	 22.117 	 115.074
FD11176	145.500 	 22.131 	 115.052
FD11176	145.625 	 22.141 	 115.145
FD11176	145.750 	 22.154 	 115.222
FD11176	145.875 	 22.165 	 115.115
FD11176	146.000 	 22.184 	 115.148
FD11176	146.125 	 22.196 	 115.158
FD11176	146.250 	 22.212 	 115.032
FD11176	146.375 	 22.223 	 114.855
FD11176	146.500 	 22.239 	 114.728
FD11176	146.625 	 22.249 	 114.646
FD11176	146.750 	 22.256 	 114.730
FD11176	146.875 	 22.262 	 114.912
FD11176	147.000 	 22.272 	 114.934
FD11176	147.125 	 22.272 	 114.956
FD11176	147.250 	 22.269 	 114.955
FD11176	147.375 	 22.262 	 114.888
FD11176	147.500 	 22.257 	 114.749
FD11176	147.625 	 22.243 	 114.502
FD11176	147.750 	 22.236 	 114.459
FD11176	147.875 	 22.222 	 114.601
FD11176	148.000 	 22.214 	 114.589
FD11176	148.125 	 22.207 	 114.598
FD11176	148.250 	 22.199 	 114.692
FD11176	148.375 	 22.195 	 114.746
FD11176	148.500 	 22.189 	 114.840
FD11176	148.625 	 22.192 	 114.933
FD11176	148.750 	 22.186 	 114.906
FD11176	148.875 	 22.186 	 114.978
FD11176	149.000 	 22.189 	 115.257
FD11176	149.125 	 22.190 	 115.210
FD11176	149.250 	 22.190 	 114.970
FD11176	149.375 	 22.199 	 114.986
FD11176	149.500 	 22.202 	 115.134
FD11176	149.625 	 22.213 	 115.140
FD11176	149.750 	 22.223 	 115.007
FD11176	149.875 	 22.225 	 114.824
FD11176	150.000 	 22.235 	 114.835
FD11176	150.125 	 22.232 	 115.018
FD11176	150.250 	 22.238 	 115.111
FD11176	150.375 	 22.236 	 115.163
FD11176	150.500 	 22.236 	 115.232
FD11176	150.625 	 22.240 	 115.270
FD11176	150.750 	 22.239 	 115.250
FD11176	150.875 	 22.243 	 115.087
FD11176	151.000 	 22.251 	 114.923
FD11176	151.125 	 22.261 	 115.019
FD11176	151.250 	 22.270 	 115.034
FD11176	151.375 	 22.282 	 115.090
FD11176	151.500 	 22.293 	 115.250
FD11176	151.625 	 22.311 	 115.411
FD11176	151.750 	 22.320 	 115.587
FD11176	151.875 	 22.339 	 115.549
FD11176	152.000 	 22.355 	 115.356
FD11176	152.125 	 22.367 	 115.248
FD11176	152.250 	 22.379 	 115.049
FD11176	152.375 	 22.388 	 115.034
FD11176	152.500 	 22.398 	 115.276
FD11176	152.625 	 22.405 	 115.381
FD11176	152.750 	 22.403 	 115.294
FD11176	152.875 	 22.399 	 115.209
FD11176	153.000 	 22.394 	 115.241
FD11176	153.125 	 22.383 	 115.174
FD11176	153.250 	 22.374 	 115.172
FD11176	153.375 	 22.356 	 115.356
FD11176	153.500 	 22.347 	 115.268
FD11176	153.625 	 22.326 	 115.101
FD11176	153.750 	 22.310 	 115.189
FD11176	153.875 	 22.296 	 115.161
FD11176	154.000 	 22.279 	 115.069
FD11176	154.125 	 22.269 	 115.065
FD11176	154.250 	 22.263 	 115.072
FD11176	154.375 	 22.257 	 115.159
FD11176	154.500 	 22.259 	 115.263
FD11176	154.625 	 22.260 	 115.390
FD11176	154.750 	 22.269 	 115.475
FD11176	154.875 	 22.275 	 115.301
FD11176	155.000 	 22.286 	 115.176
FD11176	155.125 	 22.296 	 115.062
FD11176	155.250 	 22.305 	 114.821
FD11176	155.375 	 22.313 	 114.797
FD11176	155.500 	 22.328 	 114.977
FD11176	155.625 	 22.337 	 115.142
FD11176	155.750 	 22.352 	 115.248
FD11176	155.875 	 22.363 	 115.299
FD11176	156.000 	 22.373 	 115.277
FD11176	156.125 	 22.389 	 115.198
FD11176	156.250 	 22.397 	 115.099
FD11176	156.375 	 22.406 	 115.132
FD11176	156.500 	 22.420 	 115.378
FD11176	156.625 	 22.425 	 115.471
FD11176	156.750 	 22.435 	 115.438
FD11176	156.875 	 22.446 	 115.514
FD11176	157.000 	 22.456 	 115.534
FD11176	157.125 	 22.466 	 115.483
FD11176	157.250 	 22.481 	 115.412
FD11176	157.375 	 22.493 	 115.307
FD11176	157.500 	 22.508 	 115.290
FD11176	157.625 	 22.523 	 115.365
FD11176	157.750 	 22.534 	 115.374
FD11176	157.875 	 22.549 	 115.415
FD11176	158.000 	 22.559 	 115.573
FD11176	158.125 	 22.569 	 115.679
FD11176	158.250 	 22.580 	 115.583
FD11176	158.375 	 22.590 	 115.496
FD11176	158.500 	 22.595 	 115.497
FD11176	158.625 	 22.607 	 115.510
FD11176	158.750 	 22.612 	 115.571
FD11176	158.875 	 22.615 	 115.606
FD11176	159.000 	 22.617 	 115.661
FD11176	159.125 	 22.617 	 115.826
FD11176	159.250 	 22.611 	 115.897
FD11176	159.375 	 22.608 	 115.870
FD11176	159.500 	 22.605 	 115.820
FD11176	159.625 	 22.593 	 115.808
FD11176	159.750 	 22.588 	 115.773
FD11176	159.875 	 22.578 	 115.862
FD11176	160.000 	 22.566 	 116.060
FD11176	160.125 	 22.554 	 116.072
FD11176	160.250 	 22.544 	 115.972
FD11176	160.375 	 22.536 	 116.026
FD11176	160.500 	 22.524 	 116.190
FD11176	160.625 	 22.515 	 116.144
FD11176	160.750 	 22.501 	 115.981
FD11176	160.875 	 22.495 	 115.804
FD11176	161.000 	 22.491 	 115.744
FD11176	161.125 	 22.480 	 115.818
FD11176	161.250 	 22.477 	 115.900
FD11176	161.375 	 22.474 	 116.060
FD11176	161.500 	 22.474 	 116.186
FD11176	161.625 	 22.473 	 116.065
FD11176	161.750 	 22.475 	 115.862
FD11176	161.875 	 22.473 	 115.651
FD11176	162.000 	 22.473 	 115.535
FD11176	162.125 	 22.473 	 115.579
FD11176	162.250 	 22.473 	 115.651
FD11176	162.375 	 22.475 	 115.749
FD11176	162.500 	 22.472 	 115.760
FD11176	162.625 	 22.472 	 115.698
FD11176	162.750 	 22.472 	 115.576
FD11176	162.875 	 22.473 	 115.493
FD11176	163.000 	 22.473 	 115.516
FD11176	163.125 	 22.475 	 115.464
FD11176	163.250 	 22.476 	 115.490
FD11176	163.375 	 22.477 	 115.722
FD11176	163.500 	 22.481 	 115.853
FD11176	163.625 	 22.483 	 115.749
FD11176	163.750 	 22.483 	 115.733
FD11176	163.875 	 22.490 	 115.796
FD11176	164.000 	 22.499 	 115.686
FD11176	164.125 	 22.507 	 115.510
FD11176	164.250 	 22.516 	 115.406
FD11176	164.375 	 22.531 	 115.388
FD11176	164.500 	 22.538 	 115.499
FD11176	164.625 	 22.552 	 115.502
FD11176	164.750 	 22.557 	 115.353
FD11176	164.875 	 22.570 	 115.427
FD11176	165.000 	 22.576 	 115.456
FD11176	165.125 	 22.584 	 115.425
FD11176	165.250 	 22.590 	 115.453
FD11176	165.375 	 22.600 	 115.335
FD11176	165.500 	 22.609 	 115.329
FD11176	165.625 	 22.616 	 115.466
FD11176	165.750 	 22.621 	 115.499
FD11176	165.875 	 22.629 	 115.431
FD11176	166.000 	 22.634 	 115.398
FD11176	166.125 	 22.640 	 115.350
FD11176	166.250 	 22.649 	 115.257
FD11176	166.375 	 22.656 	 115.313
FD11176	166.500 	 22.664 	 115.404
FD11176	166.625 	 22.679 	 115.518
FD11176	166.750 	 22.691 	 115.717
FD11176	166.875 	 22.705 	 115.809
FD11176	167.000 	 22.717 	 115.805
FD11176	167.125 	 22.737 	 115.707
FD11176	167.250 	 22.749 	 115.500
FD11176	167.375 	 22.766 	 115.237
FD11176	167.500 	 22.782 	 115.096
FD11176	167.625 	 22.802 	 115.219
FD11176	167.750 	 22.816 	 115.372
FD11176	167.875 	 22.831 	 115.335
FD11176	168.000 	 22.850 	 115.252
FD11176	168.125 	 22.866 	 115.285
FD11176	168.250 	 22.876 	 115.264
FD11176	168.375 	 22.888 	 115.079
FD11176	168.500 	 22.898 	 115.007
FD11176	168.625 	 22.903 	 115.120
FD11176	168.750 	 22.906 	 115.176
FD11176	168.875 	 22.907 	 115.257
FD11176	169.000 	 22.907 	 115.368
FD11176	169.125 	 22.906 	 115.362
FD11176	169.250 	 22.904 	 115.339
FD11176	169.375 	 22.898 	 115.343
FD11176	169.500 	 22.897 	 115.424
FD11176	169.625 	 22.891 	 115.428
FD11176	169.750 	 22.888 	 115.300
FD11176	169.875 	 22.885 	 115.369
FD11176	170.000 	 22.883 	 115.439
FD11176	170.125 	 22.888 	 115.457
FD11176	170.250 	 22.894 	 115.644
FD11176	170.375 	 22.894 	 115.755
FD11176	170.500 	 22.901 	 115.705
FD11176	170.625 	 22.908 	 115.642
FD11176	170.750 	 22.914 	 115.626
FD11176	170.875 	 22.925 	 115.622
FD11176	171.000 	 22.936 	 115.743
FD11176	171.125 	 22.945 	 115.782
FD11176	171.250 	 22.955 	 115.663
FD11176	171.375 	 22.965 	 115.614
FD11176	171.500 	 22.976 	 115.560
FD11176	171.625 	 22.983 	 115.488
FD11176	171.750 	 22.992 	 115.571
FD11176	171.875 	 22.995 	 115.672
FD11176	172.000 	 22.997 	 115.622
FD11176	172.125 	 22.997 	 115.542
FD11176	172.250 	 22.996 	 115.566
FD11176	172.375 	 22.998 	 115.558
FD11176	172.500 	 22.997 	 115.439
FD11176	172.625 	 23.002 	 115.345
FD11176	172.750 	 23.003 	 115.317
FD11176	172.875 	 23.008 	 115.371
FD11176	173.000 	 23.008 	 115.441
FD11176	173.125 	 23.014 	 115.560
FD11176	173.250 	 23.018 	 115.692
FD11176	173.375 	 23.016 	 115.760
FD11176	173.500 	 23.016 	 115.749
FD11176	173.625 	 23.016 	 115.791
FD11176	173.750 	 23.014 	 115.860
FD11176	173.875 	 23.013 	 115.659
FD11176	174.000 	 23.013 	 115.432
FD11176	174.125 	 23.009 	 115.482
FD11176	174.250 	 23.005 	 115.424
FD11176	174.375 	 23.004 	 115.390
FD11176	174.500 	 22.998 	 115.565
FD11176	174.625 	 22.994 	 115.595
FD11176	174.750 	 22.984 	 115.575
FD11176	174.875 	 22.980 	 115.562
FD11176	175.000 	 22.974 	 115.567
FD11176	175.125 	 22.967 	 115.820
FD11176	175.250 	 22.969 	 116.064
FD11176	175.375 	 22.966 	 115.989
FD11176	175.500 	 22.972 	 115.846
FD11176	175.625 	 22.978 	 115.777
FD11176	175.750 	 22.987 	 115.847
FD11176	175.875 	 22.999 	 115.862
FD11176	176.000 	 23.014 	 115.687
FD11176	176.125 	 23.029 	 115.758
FD11176	176.250 	 23.048 	 115.860
FD11176	176.375 	 23.063 	 115.704
FD11176	176.500 	 23.080 	 115.653
FD11176	176.625 	 23.093 	 115.751
FD11176	176.750 	 23.108 	 115.797
FD11176	176.875 	 23.126 	 115.625
FD11176	177.000 	 23.134 	 115.335
FD11176	177.125 	 23.151 	 115.410
FD11176	177.250 	 23.161 	 115.593
FD11176	177.375 	 23.172 	 115.466
FD11176	177.500 	 23.183 	 115.493
FD11176	177.625 	 23.187 	 115.635
FD11176	177.750 	 23.198 	 115.695
FD11176	177.875 	 23.199 	 115.708
FD11176	178.000 	 23.205 	 115.747
FD11176	178.125 	 23.208 	 115.797
FD11176	178.250 	 23.213 	 115.700
FD11176	178.375 	 23.217 	 115.593
FD11176	178.500 	 23.225 	 115.641
FD11176	178.625 	 23.229 	 115.780
FD11176	178.750 	 23.237 	 115.857
FD11176	178.875 	 23.243 	 115.852
FD11176	179.000 	 23.249 	 115.848
FD11176	179.125 	 23.259 	 115.826
FD11176	179.250 	 23.269 	 115.771
FD11176	179.375 	 23.280 	 115.665
FD11176	179.500 	 23.294 	 115.626
FD11176	179.625 	 23.304 	 115.703
FD11176	179.750 	 23.316 	 115.828
FD11176	179.875 	 23.324 	 115.973
FD11176	180.000 	 23.334 	 115.933
FD11176	180.125 	 23.345 	 115.861
FD11176	180.250 	 23.350 	 115.857
FD11176	180.375 	 23.356 	 115.748
FD11176	180.500 	 23.362 	 115.646
FD11176	180.625 	 23.368 	 115.733
FD11176	180.750 	 23.372 	 115.936
FD11176	180.875 	 23.378 	 116.059
FD11176	181.000 	 23.381 	 116.055
FD11176	181.125 	 23.385 	 116.047
FD11176	181.250 	 23.387 	 116.128
FD11176	181.375 	 23.388 	 116.153
FD11176	181.500 	 23.392 	 116.014
FD11176	181.625 	 23.396 	 115.858
FD11176	181.750 	 23.397 	 115.850
FD11176	181.875 	 23.402 	 115.913
FD11176	182.000 	 23.404 	 115.913
FD11176	182.125 	 23.406 	 115.923
FD11176	182.250 	 23.410 	 115.923
FD11176	182.375 	 23.409 	 115.823
FD11176	182.500 	 23.413 	 115.591
FD11176	182.625 	 23.417 	 115.406
FD11176	182.750 	 23.421 	 115.467
FD11176	182.875 	 23.425 	 115.532
FD11176	183.000 	 23.432 	 115.625
FD11176	183.125 	 23.432 	 115.704
FD11176	183.250 	 23.438 	 115.684
FD11176	183.375 	 23.445 	 115.684
FD11176	183.500 	 23.448 	 115.636
FD11176	183.625 	 23.455 	 115.693
FD11176	183.750 	 23.461 	 115.726
FD11176	183.875 	 23.471 	 115.744
FD11176	184.000 	 23.478 	 115.825
FD11176	184.125 	 23.487 	 115.719
FD11176	184.250 	 23.497 	 115.730
FD11176	184.375 	 23.508 	 115.775
FD11176	184.500 	 23.521 	 115.579
FD11176	184.625 	 23.528 	 115.570
FD11176	184.750 	 23.539 	 115.782
FD11176	184.875 	 23.552 	 115.972
FD11176	185.000 	 23.560 	 116.088
FD11176	185.125 	 23.569 	 116.109
FD11176	185.250 	 23.579 	 116.049
FD11176	185.375 	 23.590 	 115.957
FD11176	185.500 	 23.594 	 115.715
FD11176	185.625 	 23.605 	 115.491
FD11176	185.750 	 23.611 	 115.640
FD11176	185.875 	 23.617 	 115.739
FD11176	186.000 	 23.623 	 115.744
FD11176	186.125 	 23.629 	 115.954
FD11176	186.250 	 23.634 	 116.050
FD11176	186.375 	 23.642 	 116.058
FD11176	186.500 	 23.643 	 116.029
FD11176	186.625 	 23.646 	 115.953
FD11176	186.750 	 23.649 	 115.941
FD11176	186.875 	 23.654 	 115.936
FD11176	187.000 	 23.655 	 115.980
FD11176	187.125 	 23.657 	 116.101
FD11176	187.250 	 23.657 	 116.132
FD11176	187.375 	 23.661 	 116.119
FD11176	187.500 	 23.661 	 116.249
FD11176	187.625 	 23.660 	 116.388
FD11176	187.750 	 23.665 	 116.308
FD11176	187.875 	 23.667 	 116.156
FD11176	188.000 	 23.669 	 116.066
FD11176	188.125 	 23.675 	 116.002
FD11176	188.250 	 23.674 	 116.014
FD11176	188.375 	 23.679 	 116.057
FD11176	188.500 	 23.683 	 116.067
FD11176	188.625 	 23.684 	 116.006
FD11176	188.750 	 23.689 	 115.773
FD11176	188.875 	 23.690 	 115.779
FD11176	189.000 	 23.695 	 116.073
FD11176	189.125 	 23.699 	 116.034
FD11176	189.250 	 23.702 	 115.968
FD11176	189.375 	 23.702 	 116.077
FD11176	189.500 	 23.701 	 116.094
FD11176	189.625 	 23.704 	 116.022
FD11176	189.750 	 23.703 	 115.927
FD11176	189.875 	 23.705 	 115.925
FD11176	190.000 	 23.705 	 115.857
FD11176	190.125 	 23.708 	 115.616
FD11176	190.250 	 23.706 	 115.554
FD11176	190.375 	 23.706 	 115.766
FD11176	190.500 	 23.710 	 115.919
FD11176	190.625 	 23.709 	 115.997
FD11176	190.750 	 23.714 	 116.050
FD11176	190.875 	 23.712 	 116.106
FD11176	191.000 	 23.718 	 116.112
FD11176	191.125 	 23.720 	 115.898
FD11176	191.250 	 23.728 	 115.745
FD11176	191.375 	 23.729 	 115.757
FD11176	191.500 	 23.738 	 115.753
FD11176	191.625 	 23.745 	 115.745
FD11176	191.750 	 23.750 	 115.746
FD11176	191.875 	 23.753 	 115.649
FD11176	192.000 	 23.755 	 115.719
FD11176	192.125 	 23.756 	 115.956
FD11176	192.250 	 23.757 	 115.862
FD11176	192.375 	 23.760 	 115.719
FD11176	192.500 	 23.766 	 115.725
FD11176	192.625 	 23.771 	 115.675
FD11176	192.750 	 23.775 	 115.659
FD11176	192.875 	 23.782 	 115.673
FD11176	193.000 	 23.788 	 115.605
FD11176	193.125 	 23.791 	 115.664
FD11176	193.250 	 23.796 	 115.912
FD11176	193.375 	 23.803 	 115.854
FD11176	193.500 	 23.807 	 115.629
FD11176	193.625 	 23.816 	 115.763
FD11176	193.750 	 23.820 	 115.845
FD11176	193.875 	 23.827 	 115.791
FD11176	194.000 	 23.832 	 115.851
FD11176	194.125 	 23.840 	 115.900
FD11176	194.250 	 23.848 	 115.888
FD11176	194.375 	 23.845 	 115.960
FD11176	194.500 	 23.847 	 115.936
FD11176	194.625 	 23.849 	 115.853
FD11176	194.750 	 23.843 	 116.095
FD11176	194.875 	 23.841 	 116.192
FD11176	195.000 	 23.839 	 115.971
FD11176	195.125 	 23.832 	 115.851
FD11176	195.250 	 23.833 	 115.967
FD11176	195.375 	 23.829 	 115.961
FD11176	195.500 	 23.826 	 115.740
FD11176	195.625 	 23.828 	 115.706
FD11176	195.750 	 23.826 	 115.897
FD11176	195.875 	 23.831 	 115.954
FD11176	196.000 	 23.839 	 115.903
FD11176	196.125 	 23.851 	 116.024
FD11176	196.250 	 23.861 	 116.248
FD11176	196.375 	 23.877 	 116.291
FD11176	196.500 	 23.890 	 116.169
FD11176	196.625 	 23.907 	 116.071
FD11176	196.750 	 23.920 	 115.927
FD11176	196.875 	 23.937 	 115.931
FD11176	197.000 	 23.949 	 115.837
FD11176	197.125 	 23.964 	 115.699
FD11176	197.250 	 23.979 	 115.716
FD11176	197.375 	 23.990 	 115.790
FD11176	197.500 	 23.999 	 115.721
FD11176	197.625 	 24.010 	 115.717
FD11176	197.750 	 24.014 	 115.770
FD11176	197.875 	 24.017 	 115.601
FD11176	198.000 	 24.017 	 115.677
FD11176	198.125 	 24.017 	 115.860
FD11176	198.250 	 24.008 	 115.825
FD11176	198.375 	 24.004 	 115.806
FD11176	198.500 	 23.996 	 115.775
FD11176	198.625 	 23.986 	 115.657
FD11176	198.750 	 23.979 	 115.539
FD11176	198.875 	 23.970 	 115.425
FD11176	199.000 	 23.962 	 115.508
FD11176	199.125 	 23.951 	 115.631
FD11176	199.250 	 23.945 	 115.538
FD11176	199.375 	 23.939 	 115.551
FD11176	199.500 	 23.932 	 115.682
FD11176	199.625 	 23.928 	 115.665
FD11176	199.750 	 23.925 	 115.582
FD11176	199.875 	 23.923 	 115.632
FD11176	200.000 	 23.926 	 115.684
FD11176	200.125 	 23.926 	 115.533
FD11176	200.250 	 23.926 	 115.495
FD11176	200.375 	 23.929 	 115.601
FD11176	200.500 	 23.929 	 115.665
FD11176	200.625 	 23.930 	 115.588
FD11176	200.750 	 23.935 	 115.499
FD11176	200.875 	 23.931 	 115.586
FD11176	201.000 	 23.931 	 115.615
FD11176	201.125 	 23.930 	 115.476
FD11176	201.250 	 23.927 	 115.331
FD11176	201.375 	 23.925 	 115.302
FD11176	201.500 	 23.923 	 115.329
FD11176	201.625 	 23.917 	 115.392
FD11176	201.750 	 23.916 	 115.469
FD11176	201.875 	 23.912 	 115.502
FD11176	202.000 	 23.907 	 115.687
FD11176	202.125 	 23.902 	 115.849
FD11176	202.250 	 23.906 	 115.826
FD11176	202.375 	 23.908 	 115.749
FD11176	202.500 	 23.912 	 115.685
FD11176	202.625 	 23.923 	 115.680
FD11176	202.750 	 23.932 	 115.740
FD11176	202.875 	 23.948 	 115.773
FD11176	203.000 	 23.962 	 115.934
FD11176	203.125 	 23.979 	 116.109
FD11176	203.250 	 23.999 	 115.948
FD11176	203.375 	 24.020 	 115.806
FD11176	203.500 	 24.039 	 115.774
FD11176	203.625 	 24.062 	 115.794
FD11176	203.750 	 24.083 	 115.756
FD11176	203.875 	 24.108 	 115.713
FD11176	204.000 	 24.123 	 115.811
FD11176	204.125 	 24.143 	 115.869
FD11176	204.250 	 24.154 	 115.762
FD11176	204.375 	 24.166 	 115.627
FD11176	204.500 	 24.172 	 115.612
FD11176	204.625 	 24.178 	 115.586
FD11176	204.750 	 24.175 	 115.456
FD11176	204.875 	 24.178 	 115.311
FD11176	205.000 	 24.174 	 115.335
FD11176	205.125 	 24.174 	 115.505
FD11176	205.250 	 24.167 	 115.560
FD11176	205.375 	 24.160 	 115.491
FD11176	205.500 	 24.153 	 115.418
FD11176	205.625 	 24.148 	 115.491
FD11176	205.750 	 24.136 	 115.768
FD11176	205.875 	 24.130 	 115.928
FD11176	206.000 	 24.125 	 116.022
FD11176	206.125 	 24.119 	 116.146
FD11176	206.250 	 24.117 	 116.198
FD11176	206.375 	 24.115 	 116.175
FD11176	206.500 	 24.116 	 116.131
FD11176	206.625 	 24.117 	 116.031
FD11176	206.750 	 24.117 	 116.029
FD11176	206.875 	 24.119 	 116.169
FD11176	207.000 	 24.126 	 116.269
FD11176	207.125 	 24.131 	 116.351
FD11176	207.250 	 24.133 	 116.355
FD11176	207.375 	 24.140 	 116.246
FD11176	207.500 	 24.149 	 116.175
FD11176	207.625 	 24.155 	 116.257
FD11176	207.750 	 24.170 	 116.290
FD11176	207.875 	 24.180 	 116.275
FD11176	208.000 	 24.195 	 116.349
FD11176	208.125 	 24.204 	 116.416
FD11176	208.250 	 24.219 	 116.432
FD11176	208.375 	 24.233 	 116.338
FD11176	208.500 	 24.244 	 116.190
FD11176	208.625 	 24.265 	 116.068
FD11176	208.750 	 24.281 	 116.099
FD11176	208.875 	 24.294 	 116.086
FD11176	209.000 	 24.308 	 116.001
FD11176	209.125 	 24.319 	 116.043
FD11176	209.250 	 24.327 	 116.045
FD11176	209.375 	 24.327 	 115.952
FD11176	209.500 	 24.331 	 115.908
FD11176	209.625 	 24.325 	 115.796
FD11176	209.750 	 24.320 	 115.692
FD11176	209.875 	 24.315 	 115.680
FD11176	210.000 	 24.305 	 115.583
FD11176	210.125 	 24.292 	 115.506
FD11176	210.250 	 24.281 	 115.624
FD11176	210.375 	 24.264 	 115.764
FD11176	210.500 	 24.251 	 115.861
FD11176	210.625 	 24.236 	 115.948
FD11176	210.750 	 24.219 	 115.989
FD11176	210.875 	 24.209 	 115.936
FD11176	211.000 	 24.196 	 115.970
FD11176	211.125 	 24.195 	 116.017
FD11176	211.250 	 24.191 	 116.090
FD11176	211.375 	 24.197 	 116.214
FD11176	211.500 	 24.203 	 116.180
FD11176	211.625 	 24.213 	 116.191
FD11176	211.750 	 24.224 	 116.355
FD11176	211.875 	 24.235 	 116.300
FD11176	212.000 	 24.247 	 116.064
FD11176	212.125 	 24.255 	 116.232
FD11176	212.250 	 24.269 	 116.428
FD11176	212.375 	 24.280 	 116.232
FD11176	212.500 	 24.290 	 116.276
FD11176	212.625 	 24.301 	 116.384
FD11176	212.750 	 24.309 	 116.200
FD11176	212.875 	 24.318 	 116.145
FD11176	213.000 	 24.324 	 116.227
FD11176	213.125 	 24.325 	 116.146
FD11176	213.250 	 24.332 	 116.121
FD11176	213.375 	 24.330 	 116.290
FD11176	213.500 	 24.325 	 116.347
FD11176	213.625 	 24.323 	 116.383
FD11176	213.750 	 24.319 	 116.275
FD11176	213.875 	 24.316 	 116.020
FD11176	214.000 	 24.313 	 115.929
FD11176	214.125 	 24.313 	 115.876
FD11176	214.250 	 24.309 	 115.830
FD11176	214.375 	 24.307 	 116.052
FD11176	214.500 	 24.309 	 116.261
FD11176	214.625 	 24.305 	 116.164
FD11176	214.750 	 24.298 	 116.212
FD11176	214.875 	 24.299 	 116.335
FD11176	215.000 	 24.296 	 116.126
FD11176	215.125 	 24.291 	 115.953
FD11176	215.250 	 24.289 	 116.048
FD11176	215.375 	 24.286 	 116.010
FD11176	215.500 	 24.286 	 116.012
FD11176	215.625 	 24.285 	 116.228
FD11176	215.750 	 24.286 	 116.274
FD11176	215.875 	 24.287 	 116.295
FD11176	216.000 	 24.288 	 116.434
FD11176	216.125 	 24.290 	 116.314
FD11176	216.250 	 24.298 	 116.160
FD11176	216.375 	 24.301 	 116.143
FD11176	216.500 	 24.306 	 116.219
FD11176	216.625 	 24.311 	 116.440
FD11176	216.750 	 24.318 	 116.413
FD11176	216.875 	 24.323 	 116.385
FD11176	217.000 	 24.332 	 116.510
FD11176	217.125 	 24.337 	 116.377
FD11176	217.250 	 24.342 	 116.191
FD11176	217.375 	 24.349 	 116.127
FD11176	217.500 	 24.353 	 115.939
FD11176	217.625 	 24.359 	 115.822
FD11176	217.750 	 24.361 	 116.000
FD11176	217.875 	 24.367 	 116.104
FD11176	218.000 	 24.370 	 116.118
FD11176	218.125 	 24.371 	 116.088
FD11176	218.250 	 24.372 	 115.945
FD11176	218.375 	 24.375 	 115.826
FD11176	218.500 	 24.375 	 115.758
FD11176	218.625 	 24.380 	 115.694
FD11176	218.750 	 24.380 	 115.730
FD11176	218.875 	 24.387 	 115.876
FD11176	219.000 	 24.390 	 115.931
FD11176	219.125 	 24.396 	 115.971
FD11176	219.250 	 24.397 	 115.993
FD11176	219.375 	 24.405 	 115.846
FD11176	219.500 	 24.414 	 115.666
FD11176	219.625 	 24.422 	 115.650
FD11176	219.750 	 24.431 	 115.697
FD11176	219.875 	 24.439 	 115.758
FD11176	220.000 	 24.452 	 115.862
FD11176	220.125 	 24.460 	 115.912
FD11176	220.250 	 24.473 	 115.863
FD11176	220.375 	 24.483 	 115.765
FD11176	220.500 	 24.492 	 115.601
FD11176	220.625 	 24.503 	 115.520
FD11176	220.750 	 24.511 	 115.602
FD11176	220.875 	 24.519 	 115.787
FD11176	221.000 	 24.524 	 115.989
FD11176	221.125 	 24.530 	 115.979
FD11176	221.250 	 24.529 	 115.804
FD11176	221.375 	 24.531 	 115.857
FD11176	221.500 	 24.525 	 116.058
FD11176	221.625 	 24.515 	 115.943
FD11176	221.750 	 24.508 	 115.858
FD11176	221.875 	 24.498 	 116.046
FD11176	222.000 	 24.486 	 115.995
FD11176	222.125 	 24.468 	 115.882
FD11176	222.250 	 24.461 	 116.040
FD11176	222.375 	 24.445 	 116.040
FD11176	222.500 	 24.434 	 115.981
FD11176	222.625 	 24.421 	 116.147
FD11176	222.750 	 24.408 	 116.245
FD11176	222.875 	 24.394 	 116.185
FD11176	223.000 	 24.384 	 116.228
FD11176	223.125 	 24.375 	 116.311
FD11176	223.250 	 24.369 	 116.279
FD11176	223.375 	 24.368 	 116.222
FD11176	223.500 	 24.365 	 116.309
FD11176	223.625 	 24.369 	 116.347
FD11176	223.750 	 24.374 	 116.216
FD11176	223.875 	 24.383 	 116.357
FD11176	224.000 	 24.390 	 116.432
FD11176	224.125 	 24.401 	 116.315
FD11176	224.250 	 24.409 	 116.397
FD11176	224.375 	 24.419 	 116.480
FD11176	224.500 	 24.429 	 116.382
FD11176	224.625 	 24.441 	 116.414
FD11176	224.750 	 24.454 	 116.486
FD11176	224.875 	 24.470 	 116.356
FD11176	225.000 	 24.484 	 116.235
FD11176	225.125 	 24.501 	 116.124
FD11176	225.250 	 24.521 	 115.990
FD11176	225.375 	 24.539 	 116.074
FD11176	225.500 	 24.558 	 116.138
FD11176	225.625 	 24.577 	 115.937
FD11176	225.750 	 24.600 	 115.870
FD11176	225.875 	 24.612 	 115.840
FD11176	226.000 	 24.626 	 115.863
FD11176	226.125 	 24.640 	 115.912
FD11176	226.250 	 24.653 	 115.877
FD11176	226.375 	 24.663 	 116.029
FD11176	226.500 	 24.674 	 116.100
FD11176	226.625 	 24.685 	 116.058
FD11176	226.750 	 24.691 	 116.093
FD11176	226.875 	 24.693 	 116.045
FD11176	227.000 	 24.695 	 116.131
FD11176	227.125 	 24.692 	 116.284
FD11176	227.250 	 24.690 	 116.076
FD11176	227.375 	 24.681 	 115.968
FD11176	227.500 	 24.676 	 116.026
FD11176	227.625 	 24.669 	 116.016
FD11176	227.750 	 24.658 	 115.984
FD11176	227.875 	 24.648 	 115.866
FD11176	228.000 	 24.638 	 115.880
FD11176	228.125 	 24.627 	 115.878
FD11176	228.250 	 24.618 	 115.778
FD11176	228.375 	 24.607 	 115.705
FD11176	228.500 	 24.596 	 115.629
FD11176	228.625 	 24.591 	 115.661
FD11176	228.750 	 24.584 	 115.655
FD11176	228.875 	 24.578 	 115.527
FD11176	229.000 	 24.575 	 115.533
FD11176	229.125 	 24.574 	 115.662
FD11176	229.250 	 24.571 	 115.702
FD11176	229.375 	 24.566 	 115.690
FD11176	229.500 	 24.567 	 115.758
FD11176	229.625 	 24.562 	 115.672
FD11176	229.750 	 24.562 	 115.515
FD11176	229.875 	 24.567 	 115.625
FD11176	230.000 	 24.564 	 115.709
FD11176	230.125 	 24.571 	 115.657
FD11176	230.250 	 24.572 	 115.730
FD11176	230.375 	 24.575 	 115.745
FD11176	230.500 	 24.577 	 115.755
FD11176	230.625 	 24.584 	 115.875
FD11176	230.750 	 24.581 	 115.843
FD11176	230.875 	 24.586 	 115.779
FD11176	231.000 	 24.588 	 115.763
FD11176	231.125 	 24.586 	 115.699
FD11176	231.250 	 24.594 	 115.674
FD11176	231.375 	 24.594 	 115.776
FD11176	231.500 	 24.598 	 115.902
FD11176	231.625 	 24.604 	 115.802
FD11176	231.750 	 24.608 	 115.758
FD11176	231.875 	 24.613 	 115.837
FD11176	232.000 	 24.619 	 115.822
FD11176	232.125 	 24.624 	 115.841
FD11176	232.250 	 24.626 	 115.805
FD11176	232.375 	 24.630 	 115.824
FD11176	232.500 	 24.634 	 115.785
FD11176	232.625 	 24.632 	 115.593
FD11176	232.750 	 24.635 	 115.625
FD11176	232.875 	 24.635 	 115.663
FD11176	233.000 	 24.632 	 115.604
FD11176	233.125 	 24.633 	 115.595
FD11176	233.250 	 24.628 	 115.542
FD11176	233.375 	 24.627 	 115.439
FD11176	233.500 	 24.625 	 115.381
FD11176	233.625 	 24.619 	 115.456
FD11176	233.750 	 24.614 	 115.489
FD11176	233.875 	 24.611 	 115.530
FD11176	234.000 	 24.608 	 115.720
FD11176	234.125 	 24.610 	 115.778
FD11176	234.250 	 24.615 	 115.763
FD11176	234.375 	 24.617 	 115.690
FD11176	234.500 	 24.631 	 115.638
FD11176	234.625 	 24.634 	 115.674
FD11176	234.750 	 24.648 	 115.590
FD11176	234.875 	 24.659 	 115.643
FD11176	235.000 	 24.672 	 115.756
FD11176	235.125 	 24.687 	 115.753
FD11176	235.250 	 24.710 	 115.813
FD11176	235.375 	 24.734 	 115.730
FD11176	235.500 	 24.756 	 115.674
FD11176	235.625 	 24.782 	 115.731
FD11176	235.750 	 24.809 	 115.723
FD11176	235.875 	 24.838 	 115.722
FD11176	236.000 	 24.864 	 115.676
FD11176	236.125 	 24.889 	 115.616
FD11176	236.250 	 24.909 	 115.516
FD11176	236.375 	 24.926 	 115.457
FD11176	236.500 	 24.941 	 115.393
FD11176	236.625 	 24.955 	 115.386
FD11176	236.750 	 24.961 	 115.359
FD11176	236.875 	 24.969 	 115.214
FD11176	237.000 	 24.975 	 115.176
FD11176	237.125 	 24.975 	 115.228
FD11176	237.250 	 24.975 	 115.228
FD11176	237.375 	 24.973 	 115.226
FD11176	237.500 	 24.971 	 115.163
FD11176	237.625 	 24.964 	 114.977
FD11176	237.750 	 24.961 	 114.979
FD11176	237.875 	 24.957 	 115.121
FD11176	238.000 	 24.951 	 115.245
FD11176	238.125 	 24.937 	 115.271
FD11176	238.250 	 24.932 	 115.348
FD11176	238.375 	 24.916 	 115.360
FD11176	238.500 	 24.904 	 115.161
FD11176	238.625 	 24.891 	 115.066
FD11176	238.750 	 24.877 	 115.188
FD11176	238.875 	 24.862 	 115.230
FD11176	239.000 	 24.850 	 115.132
FD11176	239.125 	 24.831 	 115.284
FD11176	239.250 	 24.817 	 115.412
FD11176	239.375 	 24.799 	 115.277
FD11176	239.500 	 24.780 	 115.352
FD11176	239.625 	 24.767 	 115.396
FD11176	239.750 	 24.744 	 115.382
FD11176	239.875 	 24.726 	 115.569
FD11176	240.000 	 24.710 	 115.662
FD11176	240.125 	 24.695 	 115.573
FD11176	240.250 	 24.684 	 115.546
FD11176	240.375 	 24.672 	 115.570
FD11176	240.500 	 24.663 	 115.471
FD11176	240.625 	 24.656 	 115.326
FD11176	240.750 	 24.654 	 115.322
FD11176	240.875 	 24.650 	 115.397
FD11176	241.000 	 24.653 	 115.316
FD11176	241.125 	 24.654 	 115.255
FD11176	241.250 	 24.651 	 115.223
FD11176	241.375 	 24.657 	 115.144
FD11176	241.500 	 24.658 	 115.298
FD11176	241.625 	 24.661 	 115.467
FD11176	241.750 	 24.672 	 115.357
FD11176	241.875 	 24.676 	 115.274
FD11176	242.000 	 24.686 	 115.372
FD11176	242.125 	 24.692 	 115.453
FD11176	242.250 	 24.699 	 115.459
FD11176	242.375 	 24.708 	 115.573
FD11176	242.500 	 24.714 	 115.727
FD11176	242.625 	 24.717 	 115.662
FD11176	242.750 	 24.726 	 115.561
FD11176	242.875 	 24.736 	 115.442
FD11176	243.000 	 24.740 	 115.365
FD11176	243.125 	 24.747 	 115.282
FD11176	243.250 	 24.755 	 115.183
FD11176	243.375 	 24.761 	 115.183
FD11176	243.500 	 24.771 	 115.117
FD11176	243.625 	 24.778 	 115.294
FD11176	243.750 	 24.788 	 115.397
FD11176	243.875 	 24.794 	 115.219
FD11176	244.000 	 24.803 	 115.204
FD11176	244.125 	 24.803 	 115.120
FD11176	244.250 	 24.809 	 115.011
FD11176	244.375 	 24.809 	 115.286
FD11176	244.500 	 24.809 	 115.409
FD11176	244.625 	 24.804 	 115.346
FD11176	244.750 	 24.802 	 115.536
FD11176	244.875 	 24.795 	 115.631
FD11176	245.000 	 24.791 	 115.444
FD11176	245.125 	 24.785 	 115.343
FD11176	245.250 	 24.784 	 115.300
FD11176	245.375 	 24.781 	 115.132
FD11176	245.500 	 24.778 	 115.145
FD11176	245.625 	 24.778 	 115.401
FD11176	245.750 	 24.772 	 115.559
FD11176	245.875 	 24.771 	 115.447
FD11176	246.000 	 24.769 	 115.283
FD11176	246.125 	 24.764 	 115.340
FD11176	246.250 	 24.769 	 115.251
FD11176	246.375 	 24.767 	 114.932
FD11176	246.500 	 24.772 	 114.986
FD11176	246.625 	 24.779 	 115.192
FD11176	246.750 	 24.787 	 115.099
FD11176	246.875 	 24.792 	 115.107
FD11176	247.000 	 24.797 	 115.331
FD11176	247.125 	 24.804 	 115.335
FD11176	247.250 	 24.805 	 115.148
FD11176	247.375 	 24.806 	 115.189
FD11176	247.500 	 24.803 	 115.260
FD11176	247.625 	 24.805 	 115.048
FD11176	247.750 	 24.801 	 114.935
FD11176	247.875 	 24.795 	 115.077
FD11176	248.000 	 24.792 	 115.170
FD11176	248.125 	 24.788 	 115.183
FD11176	248.250 	 24.780 	 115.168
FD11176	248.375 	 24.779 	 115.151
FD11176	248.500 	 24.774 	 115.122
FD11176	248.625 	 24.773 	 115.040
FD11176	248.750 	 24.771 	 114.980
FD11176	248.875 	 24.768 	 115.027
FD11176	249.000 	 24.773 	 115.208
FD11176	249.125 	 24.776 	 115.311
FD11176	249.250 	 24.783 	 115.390
FD11176	249.375 	 24.791 	 115.308
FD11176	249.500 	 24.798 	 115.213
FD11176	249.625 	 24.809 	 115.305
FD11176	249.750 	 24.820 	 115.233
FD11176	249.875 	 24.827 	 115.036
FD11176	250.000 	 24.839 	 115.010
FD11176	250.125 	 24.847 	 115.141
FD11176	250.250 	 24.858 	 115.067
FD11176	250.375 	 24.870 	 114.813
FD11176	250.500 	 24.882 	 114.723
FD11176	250.625 	 24.896 	 114.767
FD11176	250.750 	 24.919 	 114.744
FD11176	250.875 	 24.941 	 114.825
FD11176	251.000 	 24.965 	 115.009
FD11176	251.125 	 24.994 	 115.099
FD11176	251.250 	 25.020 	 115.261
FD11176	251.375 	 25.041 	 115.427
FD11176	251.500 	 25.060 	 115.439
FD11176	251.625 	 25.080 	 115.403
FD11176	251.750 	 25.094 	 115.317
FD11176	251.875 	 25.109 	 115.305
FD11176	252.000 	 25.125 	 115.204
FD11176	252.125 	 25.141 	 115.052
FD11176	252.250 	 25.154 	 115.145
FD11176	252.375 	 25.168 	 115.291
FD11176	252.500 	 25.173 	 115.377
FD11176	252.625 	 25.176 	 115.363
FD11176	252.750 	 25.174 	 115.260
FD11176	252.875 	 25.170 	 115.361
FD11176	253.000 	 25.158 	 115.362
FD11176	253.125 	 25.142 	 115.249
FD11176	253.250 	 25.124 	 115.292
FD11176	253.375 	 25.108 	 115.343
FD11176	253.500 	 25.093 	 115.464
FD11176	253.625 	 25.082 	 115.458
FD11176	253.750 	 25.070 	 115.430
FD11176	253.875 	 25.060 	 115.467
FD11176	254.000 	 25.046 	 115.427
FD11176	254.125 	 25.034 	 115.504
FD11176	254.250 	 25.015 	 115.703
FD11176	254.375 	 25.003 	 115.664
FD11176	254.500 	 24.983 	 115.663
FD11176	254.625 	 24.969 	 115.761
FD11176	254.750 	 24.955 	 115.655
FD11176	254.875 	 24.941 	 115.508
FD11176	255.000 	 24.932 	 115.348
FD11176	255.125 	 24.926 	 115.326
FD11176	255.250 	 24.930 	 115.162
FD11176	255.375 	 24.927 	 115.025
FD11176	255.500 	 24.929 	 114.908
FD11176	255.625 	 24.931 	 114.622
FD11176	255.750 	 24.939 	 114.606
FD11176	255.875 	 24.944 	 114.625
FD11176	256.000 	 24.958 	 114.775
FD11176	256.125 	 24.972 	 115.026
FD11176	256.250 	 24.988 	 114.928
FD11176	256.375 	 25.005 	 114.879
FD11176	256.500 	 25.018 	 114.956
FD11176	256.625 	 25.035 	 114.870
FD11176	256.750 	 25.048 	 114.744
FD11176	256.875 	 25.062 	 114.754
FD11176	257.000 	 25.067 	 114.756
FD11176	257.125 	 25.073 	 114.659
FD11176	257.250 	 25.075 	 114.570
FD11176	257.375 	 25.078 	 114.631
FD11176	257.500 	 25.076 	 114.615
FD11176	257.625 	 25.075 	 114.590
FD11176	257.750 	 25.068 	 114.684
FD11176	257.875 	 25.064 	 114.606
FD11176	258.000 	 25.046 	 114.415
FD11176	258.125 	 25.041 	 114.429
FD11176	258.250 	 25.034 	 114.410
FD11176	258.375 	 25.026 	 114.319
FD11176	258.500 	 25.028 	 114.393
FD11176	258.625 	 25.030 	 114.339
FD11176	258.750 	 25.046 	 114.218
FD11176	258.875 	 25.057 	 114.101
FD11176	259.000 	 25.070 	 114.138
FD11176	259.125 	 25.084 	 114.286
FD11176	259.250 	 25.096 	 114.271
FD11176	259.375 	 25.115 	 114.250
FD11176	259.500 	 25.123 	 114.397
FD11176	259.625 	 25.138 	 114.403
FD11176	259.750 	 25.156 	 114.291
FD11176	259.875 	 25.167 	 114.294
FD11176	260.000 	 25.186 	 114.291
FD11176	260.125 	 25.203 	 114.289
FD11176	260.250 	 25.216 	 114.290
FD11176	260.375 	 25.224 	 114.291
FD11176	260.500 	 25.231 	 114.292
FD11176	260.625 	 25.237 	 114.292
FD11176	260.750 	 25.240 	 114.289
FD11176	260.875 	 25.237 	 114.294
FD11176	261.000 	 25.240 	 114.289
FD11176	261.125 	 25.237 	 114.294
FD11176	261.250 	 25.240 	 114.289
FD11176	261.375 	 25.240 	 114.291
FD11176	261.500 	 25.240 	 114.292
FD11176	261.625 	 25.240 	 114.291
FD11176	261.750 	 25.237 	 114.292
FD11176	261.875 	 25.240 	 114.289
FD11176	262.000 	 25.238 	 114.298
FD11176	262.125 	 25.238 	 114.320
FD11176	262.250 	 25.239 	 114.346
FD11176	262.375 	 25.238 	 114.358
FD11176	262.500 	 25.241 	 114.353
FD11176	262.625 	 25.238 	 114.358
FD11176	262.750 	 25.238 	 114.358
FD11176	262.875 	 25.238 	 114.358
FD11176	263.000 	 25.241 	 114.355
FD11176	263.125 	 25.238 	 114.356
FD11176	263.250 	 25.238 	 114.358
FD11176	263.375 	 25.238 	 114.358
FD11176	263.500 	 25.241 	 114.355
FD11176	263.625 	 25.238 	 114.358
FD11176	263.750 	 25.238 	 114.356
FD11176	263.875 	 25.238 	 114.358
FD11176	264.000 	 25.241 	 114.355
FD11176	264.125 	 25.238 	 114.358
FD11176	264.250 	 25.238 	 114.356
FD11176	264.375 	 25.238 	 114.358
FD11176	264.500 	 25.241 	 114.355
FD11176	264.625 	 25.238 	 114.358
FD11176	264.750 	 25.238 	 114.358
FD11176	264.875 	 25.238 	 114.356
FD11176	265.000 	 25.241 	 114.355
FD11176	265.125 	 25.238 	 114.358
FD11176	265.250 	 25.238 	 114.358
FD11176	265.375 	 25.241 	 114.358
FD11176	265.500 	 25.241 	 114.353
FD11176	265.625 	 25.238 	 114.358
FD11176	265.750 	 25.238 	 114.358
FD11176	265.875 	 25.238 	 114.358
FD11176	266.000 	 25.241 	 114.353
FD11176	266.125 	 25.238 	 114.358
FD11176	266.250 	 25.238 	 114.358
FD11176	266.375 	 25.238 	 114.358
FD11176	266.500 	 25.241 	 114.355
FD11176	266.625 	 25.238 	 114.356
FD11176	266.750 	 25.238 	 114.358
FD11176	266.875 	 25.238 	 114.358
FD11176	267.000 	 25.241 	 114.355
FD11176	267.125 	 25.238 	 114.358
FD11176	267.250 	 25.238 	 114.356
FD11176	267.375 	 25.238 	 114.358
FD11176	267.500 	 25.241 	 114.355
FD11176	267.625 	 25.238 	 114.356
FD11176	267.750 	 25.239 	 114.360
FD11176	267.875 	 25.238 	 114.356
FD11176	268.000 	 25.241 	 114.357
FD11176	268.125 	 25.238 	 114.356
FD11176	268.250 	 25.238 	 114.356
FD11176	268.375 	 25.239 	 114.360
FD11176	268.500 	 25.241 	 114.353
FD11176	268.625 	 25.238 	 114.356
FD11176	268.750 	 25.239 	 114.360
FD11176	268.875 	 25.238 	 114.356
FD11176	269.000 	 25.241 	 114.357
FD11176	269.125 	 25.241 	 114.356
FD11176	269.250 	 25.238 	 114.356
FD11176	269.375 	 25.239 	 114.360
FD11176	269.500 	 25.241 	 114.353
FD11176	269.625 	 25.239 	 114.360
FD11176	269.750 	 25.238 	 114.356
FD11176	269.875 	 25.238 	 114.356
FD11176	270.000 	 25.241 	 114.357
FD11176	270.125 	 25.238 	 114.356
FD11176	270.250 	 25.239 	 114.360
FD11176	270.375 	 25.238 	 114.356
FD11176	270.500 	 25.241 	 114.353
FD11176	270.625 	 25.239 	 114.360
FD11176	270.750 	 25.238 	 114.356
FD11176	270.875 	 25.239 	 114.360
FD11176	271.000 	 25.244 	 114.353
FD11176	271.125 	 25.232 	 114.356
FD11176	271.250 	 25.245 	 114.360
FD11176	271.375 	 25.232 	 114.356
FD11176	271.500 	 25.247 	 114.357
FD11176	271.625 	 25.232 	 114.356
FD11176	271.750 	 25.244 	 114.356
FD11176	271.875 	 25.235 	 114.357
FD11176	272.000 	 25.244 	 114.356
