#WellName	 Depth.M	 INCL	 AZIM 
WellName	 Depth.M	 INCL	 AZIM 
FD11171	0.000 	 0.000 	 0.000
FD11171	0.125 	 0.000 	 90.000
FD11171	0.250 	 0.000 	 90.000
FD11171	0.375 	 0.000 	 90.000
FD11171	0.500 	 0.000 	 90.000
FD11171	0.625 	 0.000 	 90.000
FD11171	0.750 	 0.000 	 90.000
FD11171	0.875 	 0.000 	 90.000
FD11171	1.000 	 0.000 	 90.000
FD11171	1.125 	 0.000 	 90.000
FD11171	1.250 	 0.000 	 90.000
FD11171	1.375 	 0.000 	 90.000
FD11171	1.500 	 0.000 	 90.000
FD11171	1.625 	 0.000 	 90.000
FD11171	1.750 	 0.000 	 90.000
FD11171	1.875 	 0.000 	 90.000
FD11171	2.000 	 0.000 	 90.000
FD11171	2.125 	 0.000 	 90.000
FD11171	2.250 	 0.000 	 90.000
FD11171	2.375 	 0.000 	 90.000
FD11171	2.500 	 0.000 	 90.000
FD11171	2.625 	 0.000 	 90.000
FD11171	2.750 	 0.000 	 90.000
FD11171	2.875 	 0.000 	 90.000
FD11171	3.000 	 0.000 	 90.000
FD11171	3.125 	 0.000 	 90.000
FD11171	3.250 	 0.000 	 90.000
FD11171	3.375 	 0.000 	 90.000
FD11171	3.500 	 0.000 	 90.000
FD11171	3.625 	 0.000 	 90.000
FD11171	3.750 	 0.000 	 90.000
FD11171	3.875 	 0.000 	 90.000
FD11171	4.000 	 0.000 	 90.000
FD11171	4.125 	 0.000 	 90.000
FD11171	4.250 	 0.000 	 90.000
FD11171	4.375 	 0.000 	 90.000
FD11171	4.500 	 0.000 	 90.000
FD11171	4.625 	 0.000 	 90.000
FD11171	4.750 	 0.000 	 90.000
FD11171	4.875 	 0.000 	 90.000
FD11171	5.000 	 0.000 	 90.000
FD11171	5.125 	 0.000 	 90.000
FD11171	5.250 	 0.000 	 90.000
FD11171	5.375 	 0.000 	 90.000
FD11171	5.500 	 0.000 	 90.000
FD11171	5.625 	 0.000 	 90.000
FD11171	5.750 	 0.000 	 90.000
FD11171	5.875 	 0.000 	 90.000
FD11171	6.000 	 0.000 	 90.000
FD11171	6.125 	 0.000 	 90.000
FD11171	6.250 	 0.000 	 90.000
FD11171	6.375 	 0.000 	 90.000
FD11171	6.500 	 0.000 	 90.000
FD11171	6.625 	 0.000 	 90.000
FD11171	6.750 	 0.000 	 90.000
FD11171	6.875 	 0.000 	 90.000
FD11171	7.000 	 0.000 	 90.000
FD11171	7.125 	 0.000 	 90.000
FD11171	7.250 	 0.000 	 90.000
FD11171	7.375 	 0.000 	 90.000
FD11171	7.500 	 0.000 	 90.000
FD11171	7.625 	 0.000 	 90.000
FD11171	7.750 	 0.000 	 90.000
FD11171	7.875 	 0.000 	 90.000
FD11171	8.000 	 0.000 	 90.000
FD11171	8.125 	 0.000 	 90.000
FD11171	8.250 	 0.000 	 90.000
FD11171	8.375 	 0.000 	 90.000
FD11171	8.500 	 0.000 	 90.000
FD11171	8.625 	 0.000 	 90.000
FD11171	8.750 	 0.000 	 90.000
FD11171	8.875 	 0.000 	 90.000
FD11171	9.000 	 0.000 	 90.000
FD11171	9.125 	 0.000 	 90.000
FD11171	9.250 	 0.000 	 90.000
FD11171	9.375 	 0.000 	 90.000
FD11171	9.500 	 0.000 	 90.000
FD11171	9.625 	 0.000 	 90.000
FD11171	9.750 	 0.000 	 90.000
FD11171	9.875 	 0.000 	 90.000
FD11171	10.000 	 0.000 	 90.000
FD11171	10.125 	 0.000 	 90.000
FD11171	10.250 	 0.000 	 90.000
FD11171	10.375 	 0.000 	 90.000
FD11171	10.500 	 0.000 	 90.000
FD11171	10.625 	 0.000 	 90.000
FD11171	10.750 	 0.000 	 90.000
FD11171	10.875 	 0.000 	 90.000
FD11171	11.000 	 0.000 	 90.000
FD11171	11.125 	 0.000 	 90.000
FD11171	11.250 	 0.000 	 90.000
FD11171	11.375 	 0.000 	 90.000
FD11171	11.500 	 0.000 	 90.000
FD11171	11.625 	 0.000 	 90.000
FD11171	11.750 	 0.000 	 90.000
FD11171	11.875 	 0.000 	 90.000
FD11171	12.000 	 0.000 	 90.000
FD11171	12.125 	 0.000 	 90.000
FD11171	12.250 	 0.000 	 90.000
FD11171	12.375 	 0.000 	 90.000
FD11171	12.500 	 0.000 	 90.000
FD11171	12.625 	 0.000 	 90.000
FD11171	12.750 	 0.000 	 90.000
FD11171	12.875 	 0.000 	 90.000
FD11171	13.000 	 0.000 	 90.000
FD11171	13.125 	 0.000 	 90.000
FD11171	13.250 	 0.000 	 90.000
FD11171	13.375 	 0.000 	 90.000
FD11171	13.500 	 0.000 	 90.000
FD11171	13.625 	 0.000 	 90.000
FD11171	13.750 	 0.000 	 90.000
FD11171	13.875 	 0.000 	 90.000
FD11171	14.000 	 0.000 	 90.000
FD11171	14.125 	 0.000 	 90.000
FD11171	14.250 	 0.000 	 90.000
FD11171	14.375 	 0.000 	 90.000
FD11171	14.500 	 0.000 	 90.000
FD11171	14.625 	 0.000 	 90.000
FD11171	14.750 	 0.000 	 90.000
FD11171	14.875 	 0.000 	 90.000
FD11171	15.000 	 0.000 	 90.000
FD11171	15.125 	 0.000 	 90.000
FD11171	15.250 	 0.000 	 90.000
FD11171	15.375 	 0.000 	 90.000
FD11171	15.500 	 0.000 	 90.000
FD11171	15.625 	 0.000 	 90.000
FD11171	15.750 	 0.000 	 90.000
FD11171	15.875 	 0.000 	 90.000
FD11171	16.000 	 0.000 	 90.000
FD11171	16.125 	 0.000 	 90.000
FD11171	16.250 	 0.000 	 90.000
FD11171	16.375 	 0.000 	 90.000
FD11171	16.500 	 0.000 	 90.000
FD11171	16.625 	 0.000 	 90.000
FD11171	16.750 	 0.000 	 90.000
FD11171	16.875 	 0.000 	 90.000
FD11171	17.000 	 0.000 	 90.000
FD11171	17.125 	 0.000 	 90.000
FD11171	17.250 	 0.000 	 90.000
FD11171	17.375 	 0.000 	 90.000
FD11171	17.500 	 0.000 	 90.000
FD11171	17.625 	 0.000 	 90.000
FD11171	17.750 	 0.000 	 90.000
FD11171	17.875 	 0.000 	 90.000
FD11171	18.000 	 0.000 	 90.000
FD11171	18.125 	 0.000 	 90.000
FD11171	18.250 	 0.000 	 90.000
FD11171	18.375 	 0.000 	 90.000
FD11171	18.500 	 0.000 	 90.000
FD11171	18.625 	 0.000 	 90.000
FD11171	18.750 	 0.000 	 90.000
FD11171	18.875 	 0.000 	 90.000
FD11171	19.000 	 0.000 	 90.000
FD11171	19.125 	 0.000 	 90.000
FD11171	19.250 	 0.000 	 90.000
FD11171	19.375 	 0.000 	 90.000
FD11171	19.500 	 0.000 	 90.000
FD11171	19.625 	 0.000 	 90.000
FD11171	19.750 	 0.000 	 90.000
FD11171	19.875 	 0.000 	 90.000
FD11171	20.000 	 0.000 	 90.000
FD11171	20.125 	 0.177 	 180.000
FD11171	20.250 	 0.175 	 180.000
FD11171	20.375 	 0.176 	 180.000
FD11171	20.500 	 0.179 	 180.000
FD11171	20.625 	 0.177 	 180.000
FD11171	20.750 	 0.176 	 180.000
FD11171	20.875 	 0.176 	 180.000
FD11171	21.000 	 0.174 	 180.000
FD11171	21.125 	 0.177 	 180.000
FD11171	21.250 	 0.176 	 180.000
FD11171	21.375 	 0.175 	 180.000
FD11171	21.500 	 0.175 	 180.000
FD11171	21.625 	 0.174 	 180.000
FD11171	21.750 	 0.174 	 180.000
FD11171	21.875 	 0.175 	 180.000
FD11171	22.000 	 0.174 	 180.000
FD11171	22.125 	 0.175 	 180.000
FD11171	22.250 	 0.178 	 180.000
FD11171	22.375 	 0.181 	 180.000
FD11171	22.500 	 0.183 	 180.000
FD11171	22.625 	 0.186 	 180.000
FD11171	22.750 	 0.189 	 180.000
FD11171	22.875 	 0.192 	 180.000
FD11171	23.000 	 0.195 	 180.000
FD11171	23.125 	 0.198 	 180.000
FD11171	23.250 	 0.200 	 180.000
FD11171	23.375 	 0.203 	 180.000
FD11171	23.500 	 0.205 	 193.422
FD11171	23.625 	 0.208 	 194.177
FD11171	23.750 	 0.210 	 195.028
FD11171	23.875 	 0.212 	 196.243
FD11171	24.000 	 0.214 	 197.267
FD11171	24.125 	 0.216 	 197.868
FD11171	24.250 	 0.216 	 198.413
FD11171	24.375 	 0.217 	 199.355
FD11171	24.500 	 0.218 	 200.685
FD11171	24.625 	 0.219 	 201.906
FD11171	24.750 	 0.219 	 202.973
FD11171	24.875 	 0.220 	 204.002
FD11171	25.000 	 0.220 	 204.858
FD11171	25.125 	 0.220 	 205.785
FD11171	25.250 	 0.220 	 207.150
FD11171	25.375 	 0.220 	 208.590
FD11171	25.500 	 0.220 	 209.839
FD11171	25.625 	 0.220 	 211.106
FD11171	25.750 	 0.219 	 212.865
FD11171	25.875 	 0.219 	 214.610
FD11171	26.000 	 0.218 	 215.865
FD11171	26.125 	 0.217 	 217.129
FD11171	26.250 	 0.216 	 218.568
FD11171	26.375 	 0.215 	 220.076
FD11171	26.500 	 0.213 	 221.866
FD11171	26.625 	 0.211 	 224.013
FD11171	26.750 	 0.209 	 226.098
FD11171	26.875 	 0.207 	 227.806
FD11171	27.000 	 0.204 	 229.146
FD11171	27.125 	 0.202 	 230.705
FD11171	27.250 	 0.198 	 233.343
FD11171	27.375 	 0.194 	 236.319
FD11171	27.500 	 0.190 	 237.702
FD11171	27.625 	 0.185 	 238.123
FD11171	27.750 	 0.179 	 240.008
FD11171	27.875 	 0.173 	 243.879
FD11171	28.000 	 0.167 	 249.350
FD11171	28.125 	 0.161 	 254.495
FD11171	28.250 	 0.153 	 258.596
FD11171	28.375 	 0.146 	 262.672
FD11171	28.500 	 0.138 	 266.479
FD11171	28.625 	 0.130 	 269.249
FD11171	28.750 	 0.122 	 271.232
FD11171	28.875 	 0.115 	 273.640
FD11171	29.000 	 0.113 	 277.725
FD11171	29.125 	 0.123 	 282.843
FD11171	29.250 	 0.146 	 288.706
FD11171	29.375 	 0.171 	 295.307
FD11171	29.500 	 0.198 	 301.834
FD11171	29.625 	 0.226 	 308.161
FD11171	29.750 	 0.256 	 314.785
FD11171	29.875 	 0.287 	 320.181
FD11171	30.000 	 0.320 	 323.748
FD11171	30.125 	 0.354 	 326.834
FD11171	30.250 	 0.391 	 330.112
FD11171	30.375 	 0.428 	 333.540
FD11171	30.500 	 0.467 	 335.629
FD11171	30.625 	 0.507 	 336.964
FD11171	30.750 	 0.549 	 338.292
FD11171	30.875 	 0.592 	 339.425
FD11171	31.000 	 0.636 	 339.961
FD11171	31.125 	 0.669 	 340.667
FD11171	31.250 	 0.684 	 341.513
FD11171	31.375 	 0.700 	 341.922
FD11171	31.500 	 0.716 	 341.939
FD11171	31.625 	 0.731 	 341.939
FD11171	31.750 	 0.746 	 341.939
FD11171	31.875 	 0.761 	 341.951
FD11171	32.000 	 0.776 	 342.243
FD11171	32.125 	 0.791 	 342.849
FD11171	32.250 	 0.806 	 343.481
FD11171	32.375 	 0.821 	 343.902
FD11171	32.500 	 0.836 	 344.236
FD11171	32.625 	 0.851 	 344.708
FD11171	32.750 	 0.866 	 345.045
FD11171	32.875 	 0.881 	 345.126
FD11171	33.000 	 0.897 	 345.126
FD11171	33.125 	 0.912 	 345.126
FD11171	33.250 	 0.927 	 345.126
FD11171	33.375 	 0.944 	 345.126
FD11171	33.500 	 0.960 	 345.126
FD11171	33.625 	 0.976 	 345.126
FD11171	33.750 	 0.992 	 345.126
FD11171	33.875 	 1.008 	 345.126
FD11171	34.000 	 1.025 	 345.126
FD11171	34.125 	 1.042 	 345.126
FD11171	34.250 	 1.059 	 345.126
FD11171	34.375 	 1.076 	 345.126
FD11171	34.500 	 1.092 	 345.126
FD11171	34.625 	 1.108 	 345.126
FD11171	34.750 	 1.125 	 345.126
FD11171	34.875 	 1.142 	 345.126
FD11171	35.000 	 1.158 	 345.129
FD11171	35.125 	 1.175 	 345.223
FD11171	35.250 	 1.190 	 345.948
FD11171	35.375 	 1.206 	 347.000
FD11171	35.500 	 1.221 	 347.854
FD11171	35.625 	 1.237 	 348.469
FD11171	35.750 	 1.253 	 348.760
FD11171	35.875 	 1.268 	 348.863
FD11171	36.000 	 1.283 	 348.865
FD11171	36.125 	 1.299 	 348.892
FD11171	36.250 	 1.314 	 348.973
FD11171	36.375 	 1.329 	 349.070
FD11171	36.500 	 1.345 	 349.094
FD11171	36.625 	 1.360 	 349.110
FD11171	36.750 	 1.375 	 349.222
FD11171	36.875 	 1.391 	 349.385
FD11171	37.000 	 1.407 	 349.501
FD11171	37.125 	 1.424 	 349.546
FD11171	37.250 	 1.441 	 349.583
FD11171	37.375 	 1.459 	 349.639
FD11171	37.500 	 1.477 	 349.653
FD11171	37.625 	 1.496 	 349.613
FD11171	37.750 	 1.516 	 349.578
FD11171	37.875 	 1.536 	 349.630
FD11171	38.000 	 1.556 	 349.746
FD11171	38.125 	 1.578 	 349.832
FD11171	38.250 	 1.600 	 349.906
FD11171	38.375 	 1.622 	 349.982
FD11171	38.500 	 1.646 	 350.025
FD11171	38.625 	 1.670 	 350.031
FD11171	38.750 	 1.694 	 350.002
FD11171	38.875 	 1.719 	 349.968
FD11171	39.000 	 1.744 	 349.988
FD11171	39.125 	 1.771 	 350.060
FD11171	39.250 	 1.796 	 350.143
FD11171	39.375 	 1.823 	 350.201
FD11171	39.500 	 1.848 	 350.255
FD11171	39.625 	 1.874 	 350.365
FD11171	39.750 	 1.899 	 350.488
FD11171	39.875 	 1.924 	 350.588
FD11171	40.000 	 1.949 	 350.677
FD11171	40.125 	 1.973 	 350.760
FD11171	40.250 	 1.997 	 350.873
FD11171	40.375 	 2.020 	 351.033
FD11171	40.500 	 2.043 	 351.263
FD11171	40.625 	 2.064 	 351.442
FD11171	40.750 	 2.086 	 351.689
FD11171	40.875 	 2.107 	 351.953
FD11171	41.000 	 2.128 	 352.062
FD11171	41.125 	 2.148 	 352.051
FD11171	41.250 	 2.169 	 351.991
FD11171	41.375 	 2.190 	 352.074
FD11171	41.500 	 2.211 	 352.178
FD11171	41.625 	 2.233 	 352.189
FD11171	41.750 	 2.256 	 352.387
FD11171	41.875 	 2.279 	 352.655
FD11171	42.000 	 2.302 	 352.749
FD11171	42.125 	 2.327 	 352.853
FD11171	42.250 	 2.352 	 352.936
FD11171	42.375 	 2.378 	 352.942
FD11171	42.500 	 2.404 	 352.975
FD11171	42.625 	 2.431 	 353.073
FD11171	42.750 	 2.458 	 353.145
FD11171	42.875 	 2.486 	 353.321
FD11171	43.000 	 2.516 	 353.655
FD11171	43.125 	 2.544 	 353.876
FD11171	43.250 	 2.572 	 353.974
FD11171	43.375 	 2.599 	 354.045
FD11171	43.500 	 2.626 	 354.122
FD11171	43.625 	 2.651 	 354.249
FD11171	43.750 	 2.677 	 354.496
FD11171	43.875 	 2.702 	 354.782
FD11171	44.000 	 2.725 	 355.089
FD11171	44.125 	 2.750 	 355.370
FD11171	44.250 	 2.772 	 355.452
FD11171	44.375 	 2.795 	 355.458
FD11171	44.500 	 2.816 	 355.545
FD11171	44.625 	 2.837 	 355.742
FD11171	44.750 	 2.857 	 355.957
FD11171	44.875 	 2.876 	 356.199
FD11171	45.000 	 2.895 	 356.484
FD11171	45.125 	 2.913 	 356.732
FD11171	45.250 	 2.930 	 357.006
FD11171	45.375 	 2.946 	 357.336
FD11171	45.500 	 2.964 	 357.561
FD11171	45.625 	 2.982 	 357.704
FD11171	45.750 	 3.001 	 357.929
FD11171	45.875 	 3.021 	 358.253
FD11171	46.000 	 3.041 	 358.726
FD11171	46.125 	 3.063 	 0.000
FD11171	46.250 	 3.086 	 0.000
FD11171	46.375 	 3.111 	 0.000
FD11171	46.500 	 3.137 	 0.000
FD11171	46.625 	 3.165 	 0.000
FD11171	46.750 	 3.193 	 0.000
FD11171	46.875 	 3.223 	 0.000
FD11171	47.000 	 3.254 	 0.000
FD11171	47.125 	 3.286 	 0.000
FD11171	47.250 	 3.319 	 0.000
FD11171	47.375 	 3.352 	 0.000
FD11171	47.500 	 3.385 	 0.824
FD11171	47.625 	 3.418 	 0.862
FD11171	47.750 	 3.451 	 0.775
FD11171	47.875 	 3.485 	 0.000
FD11171	48.000 	 3.520 	 0.000
FD11171	48.125 	 3.554 	 0.000
FD11171	48.250 	 3.588 	 0.000
FD11171	48.375 	 3.622 	 0.000
FD11171	48.500 	 3.653 	 0.780
FD11171	48.625 	 3.684 	 0.780
FD11171	48.750 	 3.713 	 0.725
FD11171	48.875 	 3.741 	 0.000
FD11171	49.000 	 3.767 	 0.786
FD11171	49.125 	 3.792 	 0.896
FD11171	49.250 	 3.816 	 0.703
FD11171	49.375 	 3.841 	 0.000
FD11171	49.500 	 3.866 	 0.000
FD11171	49.625 	 3.891 	 0.000
FD11171	49.750 	 3.914 	 0.000
FD11171	49.875 	 3.938 	 0.000
FD11171	50.000 	 3.959 	 0.000
FD11171	50.125 	 3.979 	 0.000
FD11171	50.250 	 4.000 	 0.000
FD11171	50.375 	 4.021 	 0.000
FD11171	50.500 	 4.042 	 0.000
FD11171	50.625 	 4.066 	 0.000
FD11171	50.750 	 4.091 	 0.000
FD11171	50.875 	 4.119 	 0.000
FD11171	51.000 	 4.149 	 0.000
FD11171	51.125 	 4.180 	 0.000
FD11171	51.250 	 4.215 	 0.000
FD11171	51.375 	 4.249 	 0.000
FD11171	51.500 	 4.286 	 0.000
FD11171	51.625 	 4.322 	 0.000
FD11171	51.750 	 4.360 	 0.000
FD11171	51.875 	 4.397 	 0.769
FD11171	52.000 	 4.434 	 0.896
FD11171	52.125 	 4.472 	 0.994
FD11171	52.250 	 4.512 	 1.055
FD11171	52.375 	 4.551 	 1.165
FD11171	52.500 	 4.591 	 1.224
FD11171	52.625 	 4.631 	 1.225
FD11171	52.750 	 4.672 	 1.219
FD11171	52.875 	 4.712 	 1.246
FD11171	53.000 	 4.749 	 1.318
FD11171	53.125 	 4.786 	 1.389
FD11171	53.250 	 4.821 	 1.456
FD11171	53.375 	 4.855 	 1.577
FD11171	53.500 	 4.887 	 1.720
FD11171	53.625 	 4.920 	 1.714
FD11171	53.750 	 4.951 	 1.725
FD11171	53.875 	 4.984 	 1.780
FD11171	54.000 	 5.019 	 1.720
FD11171	54.125 	 5.054 	 1.752
FD11171	54.250 	 5.089 	 1.824
FD11171	54.375 	 5.124 	 1.780
FD11171	54.500 	 5.159 	 1.824
FD11171	54.625 	 5.194 	 1.895
FD11171	54.750 	 5.229 	 1.890
FD11171	54.875 	 5.264 	 1.918
FD11171	55.000 	 5.300 	 1.962
FD11171	55.125 	 5.337 	 1.972
FD11171	55.250 	 5.373 	 1.973
FD11171	55.375 	 5.409 	 2.010
FD11171	55.500 	 5.445 	 2.043
FD11171	55.625 	 5.480 	 2.098
FD11171	55.750 	 5.515 	 2.202
FD11171	55.875 	 5.550 	 2.324
FD11171	56.000 	 5.584 	 2.417
FD11171	56.125 	 5.619 	 2.296
FD11171	56.250 	 5.652 	 2.175
FD11171	56.375 	 5.686 	 2.186
FD11171	56.500 	 5.721 	 2.126
FD11171	56.625 	 5.754 	 2.092
FD11171	56.750 	 5.786 	 2.241
FD11171	56.875 	 5.819 	 2.444
FD11171	57.000 	 5.851 	 2.522
FD11171	57.125 	 5.883 	 2.488
FD11171	57.250 	 5.916 	 2.455
FD11171	57.375 	 5.950 	 2.401
FD11171	57.500 	 5.985 	 2.329
FD11171	57.625 	 6.022 	 2.351
FD11171	57.750 	 6.059 	 2.478
FD11171	57.875 	 6.097 	 2.587
FD11171	58.000 	 6.134 	 2.626
FD11171	58.125 	 6.172 	 2.675
FD11171	58.250 	 6.208 	 2.747
FD11171	58.375 	 6.245 	 2.797
FD11171	58.500 	 6.280 	 2.796
FD11171	58.625 	 6.315 	 2.747
FD11171	58.750 	 6.348 	 2.664
FD11171	58.875 	 6.383 	 2.642
FD11171	59.000 	 6.417 	 2.665
FD11171	59.125 	 6.450 	 2.725
FD11171	59.250 	 6.485 	 2.867
FD11171	59.375 	 6.520 	 2.983
FD11171	59.500 	 6.557 	 3.081
FD11171	59.625 	 6.594 	 3.060
FD11171	59.750 	 6.630 	 2.906
FD11171	59.875 	 6.669 	 2.949
FD11171	60.000 	 6.707 	 3.081
FD11171	60.125 	 6.747 	 3.125
FD11171	60.250 	 6.785 	 3.153
FD11171	60.375 	 6.823 	 3.197
FD11171	60.500 	 6.862 	 3.285
FD11171	60.625 	 6.900 	 3.258
FD11171	60.750 	 6.939 	 3.147
FD11171	60.875 	 6.979 	 3.120
FD11171	61.000 	 7.019 	 3.159
FD11171	61.125 	 7.058 	 3.175
FD11171	61.250 	 7.096 	 3.246
FD11171	61.375 	 7.134 	 3.329
FD11171	61.500 	 7.170 	 3.367
FD11171	61.625 	 7.206 	 3.318
FD11171	61.750 	 7.241 	 3.296
FD11171	61.875 	 7.277 	 3.340
FD11171	62.000 	 7.314 	 3.335
FD11171	62.125 	 7.350 	 3.368
FD11171	62.250 	 7.388 	 3.428
FD11171	62.375 	 7.427 	 3.521
FD11171	62.500 	 7.465 	 3.571
FD11171	62.625 	 7.503 	 3.560
FD11171	62.750 	 7.543 	 3.483
FD11171	62.875 	 7.582 	 3.329
FD11171	63.000 	 7.623 	 3.313
FD11171	63.125 	 7.665 	 3.318
FD11171	63.250 	 7.707 	 3.224
FD11171	63.375 	 7.750 	 3.279
FD11171	63.500 	 7.793 	 3.323
FD11171	63.625 	 7.836 	 3.313
FD11171	63.750 	 7.880 	 3.290
FD11171	63.875 	 7.923 	 3.263
FD11171	64.000 	 7.965 	 3.312
FD11171	64.125 	 8.006 	 3.274
FD11171	64.250 	 8.048 	 3.285
FD11171	64.375 	 8.089 	 3.428
FD11171	64.500 	 8.131 	 3.488
FD11171	64.625 	 8.171 	 3.543
FD11171	64.750 	 8.212 	 3.521
FD11171	64.875 	 8.253 	 3.494
FD11171	65.000 	 8.293 	 3.516
FD11171	65.125 	 8.334 	 3.494
FD11171	65.250 	 8.377 	 3.598
FD11171	65.375 	 8.420 	 3.774
FD11171	65.500 	 8.463 	 3.961
FD11171	65.625 	 8.507 	 4.076
FD11171	65.750 	 8.552 	 4.021
FD11171	65.875 	 8.596 	 3.982
FD11171	66.000 	 8.640 	 3.971
FD11171	66.125 	 8.682 	 4.005
FD11171	66.250 	 8.724 	 4.070
FD11171	66.375 	 8.764 	 4.070
FD11171	66.500 	 8.804 	 4.065
FD11171	66.625 	 8.846 	 4.032
FD11171	66.750 	 8.887 	 4.010
FD11171	66.875 	 8.929 	 4.054
FD11171	67.000 	 8.970 	 4.142
FD11171	67.125 	 9.011 	 4.202
FD11171	67.250 	 9.051 	 4.224
FD11171	67.375 	 9.090 	 4.219
FD11171	67.500 	 9.129 	 4.224
FD11171	67.625 	 9.167 	 4.258
FD11171	67.750 	 9.207 	 4.219
FD11171	67.875 	 9.246 	 4.186
FD11171	68.000 	 9.287 	 4.153
FD11171	68.125 	 9.327 	 4.153
FD11171	68.250 	 9.371 	 4.197
FD11171	68.375 	 9.415 	 4.153
FD11171	68.500 	 9.458 	 4.054
FD11171	68.625 	 9.503 	 3.993
FD11171	68.750 	 9.546 	 3.928
FD11171	68.875 	 9.592 	 3.851
FD11171	69.000 	 9.636 	 3.878
FD11171	69.125 	 9.681 	 3.961
FD11171	69.250 	 9.723 	 4.048
FD11171	69.375 	 9.766 	 4.120
FD11171	69.500 	 9.809 	 4.219
FD11171	69.625 	 9.852 	 4.246
FD11171	69.750 	 9.895 	 4.252
FD11171	69.875 	 9.936 	 4.313
FD11171	70.000 	 9.978 	 4.318
FD11171	70.125 	 10.019 	 4.351
FD11171	70.250 	 10.058 	 4.427
FD11171	70.375 	 10.098 	 4.460
FD11171	70.500 	 10.136 	 4.455
FD11171	70.625 	 10.175 	 4.477
FD11171	70.750 	 10.212 	 4.477
FD11171	70.875 	 10.248 	 4.466
FD11171	71.000 	 10.285 	 4.504
FD11171	71.125 	 10.322 	 4.487
FD11171	71.250 	 10.359 	 4.460
FD11171	71.375 	 10.396 	 4.521
FD11171	71.500 	 10.431 	 4.608
FD11171	71.625 	 10.465 	 4.641
FD11171	71.750 	 10.500 	 4.658
FD11171	71.875 	 10.533 	 4.685
FD11171	72.000 	 10.568 	 4.669
FD11171	72.125 	 10.601 	 4.680
FD11171	72.250 	 10.637 	 4.663
FD11171	72.375 	 10.671 	 4.647
FD11171	72.500 	 10.705 	 4.669
FD11171	72.625 	 10.741 	 4.708
FD11171	72.750 	 10.776 	 4.730
FD11171	72.875 	 10.815 	 4.724
FD11171	73.000 	 10.851 	 4.724
FD11171	73.125 	 10.892 	 4.697
FD11171	73.250 	 10.931 	 4.686
FD11171	73.375 	 10.971 	 4.713
FD11171	73.500 	 11.012 	 4.680
FD11171	73.625 	 11.054 	 4.581
FD11171	73.750 	 11.094 	 4.554
FD11171	73.875 	 11.135 	 4.586
FD11171	74.000 	 11.175 	 4.592
FD11171	74.125 	 11.214 	 4.614
FD11171	74.250 	 11.253 	 4.630
FD11171	74.375 	 11.292 	 4.620
FD11171	74.500 	 11.334 	 4.609
FD11171	74.625 	 11.376 	 4.570
FD11171	74.750 	 11.418 	 4.548
FD11171	74.875 	 11.460 	 4.564
FD11171	75.000 	 11.502 	 4.586
FD11171	75.125 	 11.541 	 4.598
FD11171	75.250 	 11.583 	 4.581
FD11171	75.375 	 11.623 	 4.542
FD11171	75.500 	 11.663 	 4.488
FD11171	75.625 	 11.704 	 4.460
FD11171	75.750 	 11.744 	 4.444
FD11171	75.875 	 11.786 	 4.384
FD11171	76.000 	 11.827 	 4.318
FD11171	76.125 	 11.869 	 4.274
FD11171	76.250 	 11.910 	 4.252
FD11171	76.375 	 11.953 	 4.224
FD11171	76.500 	 11.990 	 4.186
FD11171	76.625 	 12.028 	 4.142
FD11171	76.750 	 12.064 	 4.115
FD11171	76.875 	 12.102 	 4.092
FD11171	77.000 	 12.135 	 4.070
FD11171	77.125 	 12.168 	 4.082
FD11171	77.250 	 12.201 	 4.065
FD11171	77.375 	 12.234 	 4.010
FD11171	77.500 	 12.268 	 4.021
FD11171	77.625 	 12.304 	 4.103
FD11171	77.750 	 12.338 	 4.142
FD11171	77.875 	 12.373 	 4.175
FD11171	78.000 	 12.409 	 4.180
FD11171	78.125 	 12.445 	 4.159
FD11171	78.250 	 12.483 	 4.153
FD11171	78.375 	 12.519 	 4.137
FD11171	78.500 	 12.557 	 4.115
FD11171	78.625 	 12.595 	 4.120
FD11171	78.750 	 12.635 	 4.153
FD11171	78.875 	 12.676 	 4.164
FD11171	79.000 	 12.717 	 4.169
FD11171	79.125 	 12.761 	 4.126
FD11171	79.250 	 12.806 	 4.032
FD11171	79.375 	 12.851 	 3.983
FD11171	79.500 	 12.897 	 3.993
FD11171	79.625 	 12.943 	 3.966
FD11171	79.750 	 12.986 	 3.944
FD11171	79.875 	 13.033 	 3.944
FD11171	80.000 	 13.079 	 3.966
FD11171	80.125 	 13.125 	 4.049
FD11171	80.250 	 13.170 	 4.065
FD11171	80.375 	 13.217 	 4.021
FD11171	80.500 	 13.266 	 4.010
FD11171	80.625 	 13.313 	 3.994
FD11171	80.750 	 13.361 	 3.949
FD11171	80.875 	 13.407 	 3.895
FD11171	81.000 	 13.453 	 3.834
FD11171	81.125 	 13.496 	 3.779
FD11171	81.250 	 13.538 	 3.741
FD11171	81.375 	 13.578 	 3.724
FD11171	81.500 	 13.617 	 3.707
FD11171	81.625 	 13.651 	 3.680
FD11171	81.750 	 13.686 	 3.652
FD11171	81.875 	 13.714 	 3.609
FD11171	82.000 	 13.742 	 3.543
FD11171	82.125 	 13.765 	 3.483
FD11171	82.250 	 13.786 	 3.417
FD11171	82.375 	 13.807 	 3.373
FD11171	82.500 	 13.824 	 3.368
FD11171	82.625 	 13.843 	 3.340
FD11171	82.750 	 13.859 	 3.302
FD11171	82.875 	 13.878 	 3.285
FD11171	83.000 	 13.896 	 3.263
FD11171	83.125 	 13.916 	 3.236
FD11171	83.250 	 13.937 	 3.230
FD11171	83.375 	 13.959 	 3.246
FD11171	83.500 	 13.983 	 3.268
FD11171	83.625 	 14.007 	 3.274
FD11171	83.750 	 14.036 	 3.296
FD11171	83.875 	 14.064 	 3.318
FD11171	84.000 	 14.096 	 3.313
FD11171	84.125 	 14.130 	 3.285
FD11171	84.250 	 14.166 	 3.274
FD11171	84.375 	 14.205 	 3.318
FD11171	84.500 	 14.244 	 3.379
FD11171	84.625 	 14.283 	 3.395
FD11171	84.750 	 14.324 	 3.357
FD11171	84.875 	 14.363 	 3.318
FD11171	85.000 	 14.403 	 3.312
FD11171	85.125 	 14.443 	 3.312
FD11171	85.250 	 14.483 	 3.302
FD11171	85.375 	 14.521 	 3.285
FD11171	85.500 	 14.559 	 3.302
FD11171	85.625 	 14.595 	 3.351
FD11171	85.750 	 14.633 	 3.395
FD11171	85.875 	 14.670 	 3.417
FD11171	86.000 	 14.707 	 3.395
FD11171	86.125 	 14.743 	 3.329
FD11171	86.250 	 14.780 	 3.279
FD11171	86.375 	 14.815 	 3.268
FD11171	86.500 	 14.851 	 3.263
FD11171	86.625 	 14.888 	 3.268
FD11171	86.750 	 14.926 	 3.257
FD11171	86.875 	 14.965 	 3.224
FD11171	87.000 	 15.002 	 3.186
FD11171	87.125 	 15.039 	 3.175
FD11171	87.250 	 15.075 	 3.192
FD11171	87.375 	 15.111 	 3.213
FD11171	87.500 	 15.146 	 3.241
FD11171	87.625 	 15.180 	 3.263
FD11171	87.750 	 15.215 	 3.279
FD11171	87.875 	 15.249 	 3.285
FD11171	88.000 	 15.283 	 3.351
FD11171	88.125 	 15.318 	 3.428
FD11171	88.250 	 15.353 	 3.428
FD11171	88.375 	 15.388 	 3.434
FD11171	88.500 	 15.424 	 3.389
FD11171	88.625 	 15.460 	 3.340
FD11171	88.750 	 15.495 	 3.351
FD11171	88.875 	 15.530 	 3.362
FD11171	89.000 	 15.563 	 3.368
FD11171	89.125 	 15.598 	 3.362
FD11171	89.250 	 15.632 	 3.313
FD11171	89.375 	 15.666 	 3.263
FD11171	89.500 	 15.704 	 3.246
FD11171	89.625 	 15.739 	 3.225
FD11171	89.750 	 15.776 	 3.208
FD11171	89.875 	 15.813 	 3.203
FD11171	90.000 	 15.852 	 3.241
FD11171	90.125 	 15.891 	 3.291
FD11171	90.250 	 15.929 	 3.313
FD11171	90.375 	 15.969 	 3.318
FD11171	90.500 	 16.009 	 3.329
FD11171	90.625 	 16.049 	 3.323
FD11171	90.750 	 16.086 	 3.307
FD11171	90.875 	 16.125 	 3.318
FD11171	91.000 	 16.161 	 3.335
FD11171	91.125 	 16.200 	 3.340
FD11171	91.250 	 16.236 	 3.335
FD11171	91.375 	 16.276 	 3.323
FD11171	91.500 	 16.317 	 3.296
FD11171	91.625 	 16.357 	 3.274
FD11171	91.750 	 16.396 	 3.291
FD11171	91.875 	 16.438 	 3.312
FD11171	92.000 	 16.476 	 3.307
FD11171	92.125 	 16.515 	 3.307
FD11171	92.250 	 16.554 	 3.301
FD11171	92.375 	 16.594 	 3.285
FD11171	92.500 	 16.635 	 3.269
FD11171	92.625 	 16.674 	 3.257
FD11171	92.750 	 16.714 	 3.263
FD11171	92.875 	 16.753 	 3.258
FD11171	93.000 	 16.795 	 3.247
FD11171	93.125 	 16.838 	 3.241
FD11171	93.250 	 16.880 	 3.246
FD11171	93.375 	 16.923 	 3.318
FD11171	93.500 	 16.966 	 3.406
FD11171	93.625 	 17.010 	 3.428
FD11171	93.750 	 17.052 	 3.450
FD11171	93.875 	 17.095 	 3.472
FD11171	94.000 	 17.136 	 3.467
FD11171	94.125 	 17.179 	 3.466
FD11171	94.250 	 17.216 	 3.483
FD11171	94.375 	 17.254 	 3.500
FD11171	94.500 	 17.287 	 3.521
FD11171	94.625 	 17.321 	 3.549
FD11171	94.750 	 17.354 	 3.582
FD11171	94.875 	 17.386 	 3.615
FD11171	95.000 	 17.419 	 3.636
FD11171	95.125 	 17.452 	 3.636
FD11171	95.250 	 17.481 	 3.636
FD11171	95.375 	 17.513 	 3.664
FD11171	95.500 	 17.543 	 3.669
FD11171	95.625 	 17.574 	 3.669
FD11171	95.750 	 17.609 	 3.691
FD11171	95.875 	 17.644 	 3.713
FD11171	96.000 	 17.680 	 3.735
FD11171	96.125 	 17.717 	 3.741
FD11171	96.250 	 17.757 	 3.729
FD11171	96.375 	 17.797 	 3.707
FD11171	96.500 	 17.839 	 3.669
FD11171	96.625 	 17.881 	 3.647
FD11171	96.750 	 17.925 	 3.625
FD11171	96.875 	 17.967 	 3.598
FD11171	97.000 	 18.009 	 3.588
FD11171	97.125 	 18.055 	 3.571
FD11171	97.250 	 18.099 	 3.566
FD11171	97.375 	 18.142 	 3.582
FD11171	97.500 	 18.187 	 3.614
FD11171	97.625 	 18.228 	 3.642
FD11171	97.750 	 18.270 	 3.641
FD11171	97.875 	 18.309 	 3.647
FD11171	98.000 	 18.350 	 3.658
FD11171	98.125 	 18.390 	 3.647
FD11171	98.250 	 18.430 	 3.636
FD11171	98.375 	 18.472 	 3.653
FD11171	98.500 	 18.514 	 3.674
FD11171	98.625 	 18.556 	 3.680
FD11171	98.750 	 18.601 	 3.664
FD11171	98.875 	 18.645 	 3.636
FD11171	99.000 	 18.689 	 3.625
FD11171	99.125 	 18.733 	 3.609
FD11171	99.250 	 18.777 	 3.588
FD11171	99.375 	 18.820 	 3.577
FD11171	99.500 	 18.861 	 3.577
FD11171	99.625 	 18.903 	 3.587
FD11171	99.750 	 18.942 	 3.604
FD11171	99.875 	 18.982 	 3.610
FD11171	100.000 	 19.024 	 3.599
FD11171	100.125 	 19.065 	 3.598
FD11171	100.250 	 19.105 	 3.609
FD11171	100.375 	 19.148 	 3.615
FD11171	100.500 	 19.189 	 3.626
FD11171	100.625 	 19.231 	 3.630
FD11171	100.750 	 19.273 	 3.576
FD11171	100.875 	 19.317 	 3.532
FD11171	101.000 	 19.358 	 3.527
FD11171	101.125 	 19.400 	 3.505
FD11171	101.250 	 19.443 	 3.489
FD11171	101.375 	 19.485 	 3.516
FD11171	101.500 	 19.528 	 3.571
FD11171	101.625 	 19.574 	 3.604
FD11171	101.750 	 19.621 	 3.631
FD11171	101.875 	 19.666 	 3.658
FD11171	102.000 	 19.714 	 3.702
FD11171	102.125 	 19.758 	 3.746
FD11171	102.250 	 19.804 	 3.779
FD11171	102.375 	 19.849 	 3.812
FD11171	102.500 	 19.893 	 3.829
FD11171	102.625 	 19.937 	 3.845
FD11171	102.750 	 19.979 	 3.878
FD11171	102.875 	 20.020 	 3.916
FD11171	103.000 	 20.059 	 3.950
FD11171	103.125 	 20.099 	 3.944
FD11171	103.250 	 20.136 	 3.933
FD11171	103.375 	 20.174 	 3.944
FD11171	103.500 	 20.212 	 3.944
FD11171	103.625 	 20.249 	 3.939
FD11171	103.750 	 20.285 	 3.939
FD11171	103.875 	 20.322 	 3.938
FD11171	104.000 	 20.358 	 3.949
FD11171	104.125 	 20.398 	 3.960
FD11171	104.250 	 20.439 	 3.955
FD11171	104.375 	 20.482 	 3.938
FD11171	104.500 	 20.524 	 3.906
FD11171	104.625 	 20.567 	 3.878
FD11171	104.750 	 20.612 	 3.850
FD11171	104.875 	 20.657 	 3.828
FD11171	105.000 	 20.703 	 3.812
FD11171	105.125 	 20.751 	 3.779
FD11171	105.250 	 20.800 	 3.735
FD11171	105.375 	 20.846 	 3.686
FD11171	105.500 	 20.897 	 3.641
FD11171	105.625 	 20.946 	 3.620
FD11171	105.750 	 20.994 	 3.576
FD11171	105.875 	 21.045 	 3.527
FD11171	106.000 	 21.094 	 3.488
FD11171	106.125 	 21.141 	 3.450
FD11171	106.250 	 21.185 	 3.422
FD11171	106.375 	 21.225 	 3.395
FD11171	106.500 	 21.264 	 3.373
FD11171	106.625 	 21.300 	 3.346
FD11171	106.750 	 21.336 	 3.313
FD11171	106.875 	 21.369 	 3.291
FD11171	107.000 	 21.404 	 3.274
FD11171	107.125 	 21.438 	 3.263
FD11171	107.250 	 21.470 	 3.247
FD11171	107.375 	 21.503 	 3.224
FD11171	107.500 	 21.535 	 3.214
FD11171	107.625 	 21.567 	 3.197
FD11171	107.750 	 21.596 	 3.175
FD11171	107.875 	 21.625 	 3.158
FD11171	108.000 	 21.654 	 3.142
FD11171	108.125 	 21.684 	 3.120
FD11171	108.250 	 21.711 	 3.093
FD11171	108.375 	 21.742 	 3.060
FD11171	108.500 	 21.772 	 3.021
FD11171	108.625 	 21.806 	 2.988
FD11171	108.750 	 21.837 	 2.966
FD11171	108.875 	 21.872 	 2.950
FD11171	109.000 	 21.904 	 2.927
FD11171	109.125 	 21.939 	 2.900
FD11171	109.250 	 21.971 	 2.873
FD11171	109.375 	 22.003 	 2.840
FD11171	109.500 	 22.038 	 2.796
FD11171	109.625 	 22.072 	 2.747
FD11171	109.750 	 22.109 	 2.697
FD11171	109.875 	 22.144 	 2.654
FD11171	110.000 	 22.182 	 2.604
FD11171	110.125 	 22.217 	 2.554
FD11171	110.250 	 22.255 	 2.494
FD11171	110.375 	 22.290 	 2.428
FD11171	110.500 	 22.325 	 2.367
FD11171	110.625 	 22.359 	 2.307
FD11171	110.750 	 22.393 	 2.246
FD11171	110.875 	 22.426 	 2.191
FD11171	111.000 	 22.460 	 2.148
FD11171	111.125 	 22.495 	 2.092
FD11171	111.250 	 22.530 	 2.043
FD11171	111.375 	 22.567 	 1.999
FD11171	111.500 	 22.601 	 1.951
FD11171	111.625 	 22.635 	 1.907
FD11171	111.750 	 22.670 	 1.862
FD11171	111.875 	 22.703 	 1.818
FD11171	112.000 	 22.739 	 1.780
FD11171	112.125 	 22.773 	 1.747
FD11171	112.250 	 22.808 	 1.720
FD11171	112.375 	 22.842 	 1.692
FD11171	112.500 	 22.875 	 1.664
FD11171	112.625 	 22.908 	 1.632
FD11171	112.750 	 22.940 	 1.593
FD11171	112.875 	 22.970 	 1.560
FD11171	113.000 	 22.997 	 1.522
FD11171	113.125 	 23.024 	 1.483
FD11171	113.250 	 23.048 	 1.461
FD11171	113.375 	 23.069 	 1.445
FD11171	113.500 	 23.090 	 1.422
FD11171	113.625 	 23.110 	 1.395
FD11171	113.750 	 23.126 	 1.362
FD11171	113.875 	 23.144 	 1.324
FD11171	114.000 	 23.157 	 1.290
FD11171	114.125 	 23.173 	 1.269
FD11171	114.250 	 23.186 	 1.257
FD11171	114.375 	 23.201 	 1.252
FD11171	114.500 	 23.217 	 1.241
FD11171	114.625 	 23.233 	 1.214
FD11171	114.750 	 23.253 	 1.176
FD11171	114.875 	 23.275 	 1.143
FD11171	115.000 	 23.296 	 1.121
FD11171	115.125 	 23.323 	 1.105
FD11171	115.250 	 23.348 	 1.099
FD11171	115.375 	 23.376 	 1.094
FD11171	115.500 	 23.401 	 1.077
FD11171	115.625 	 23.430 	 1.049
FD11171	115.750 	 23.458 	 1.006
FD11171	115.875 	 23.488 	 0.967
FD11171	116.000 	 23.516 	 0.945
FD11171	116.125 	 23.545 	 0.934
FD11171	116.250 	 23.575 	 0.940
FD11171	116.375 	 23.600 	 0.945
FD11171	116.500 	 23.626 	 0.945
FD11171	116.625 	 23.652 	 0.945
FD11171	116.750 	 23.676 	 0.940
FD11171	116.875 	 23.698 	 0.917
FD11171	117.000 	 23.723 	 0.885
FD11171	117.125 	 23.743 	 0.857
FD11171	117.250 	 23.763 	 0.830
FD11171	117.375 	 23.784 	 0.802
FD11171	117.500 	 23.803 	 0.785
FD11171	117.625 	 23.823 	 0.786
FD11171	117.750 	 23.844 	 0.791
FD11171	117.875 	 23.860 	 0.791
FD11171	118.000 	 23.879 	 0.769
FD11171	118.125 	 23.898 	 0.742
FD11171	118.250 	 23.913 	 0.719
FD11171	118.375 	 23.931 	 0.697
FD11171	118.500 	 23.948 	 0.681
FD11171	118.625 	 23.962 	 0.664
FD11171	118.750 	 23.978 	 0.648
FD11171	118.875 	 23.992 	 0.626
FD11171	119.000 	 24.001 	 0.604
FD11171	119.125 	 24.011 	 0.582
FD11171	119.250 	 24.018 	 0.560
FD11171	119.375 	 24.024 	 0.538
FD11171	119.500 	 24.028 	 0.516
FD11171	119.625 	 24.028 	 0.500
FD11171	119.750 	 24.034 	 0.494
FD11171	119.875 	 24.033 	 0.483
FD11171	120.000 	 24.035 	 0.461
FD11171	120.125 	 24.033 	 0.444
FD11171	120.250 	 24.036 	 0.428
FD11171	120.375 	 24.034 	 0.417
FD11171	120.500 	 24.037 	 0.401
FD11171	120.625 	 24.035 	 0.374
FD11171	120.750 	 24.037 	 0.358
FD11171	120.875 	 24.039 	 0.352
FD11171	121.000 	 24.041 	 0.357
FD11171	121.125 	 24.046 	 0.358
FD11171	121.250 	 24.051 	 0.341
FD11171	121.375 	 24.054 	 0.319
FD11171	121.500 	 24.061 	 0.297
FD11171	121.625 	 24.066 	 0.275
FD11171	121.750 	 24.072 	 0.253
FD11171	121.875 	 24.077 	 0.237
FD11171	122.000 	 24.085 	 0.236
FD11171	122.125 	 24.091 	 0.247
FD11171	122.250 	 24.099 	 0.253
FD11171	122.375 	 24.105 	 0.253
FD11171	122.500 	 24.112 	 0.253
FD11171	122.625 	 24.121 	 0.253
FD11171	122.750 	 24.126 	 0.253
FD11171	122.875 	 24.134 	 0.247
FD11171	123.000 	 24.144 	 0.231
FD11171	123.125 	 24.155 	 0.215
FD11171	123.250 	 24.167 	 0.198
FD11171	123.375 	 24.179 	 0.171
FD11171	123.500 	 24.193 	 0.137
FD11171	123.625 	 24.208 	 0.000
FD11171	123.750 	 24.221 	 0.000
FD11171	123.875 	 24.234 	 0.000
FD11171	124.000 	 24.248 	 0.000
FD11171	124.125 	 24.259 	 0.000
FD11171	124.250 	 24.270 	 359.863
FD11171	124.375 	 24.278 	 359.769
FD11171	124.500 	 24.285 	 359.769
FD11171	124.625 	 24.288 	 359.769
FD11171	124.750 	 24.292 	 359.769
FD11171	124.875 	 24.291 	 359.769
FD11171	125.000 	 24.291 	 359.769
FD11171	125.125 	 24.288 	 359.769
FD11171	125.250 	 24.286 	 359.769
FD11171	125.375 	 24.282 	 359.769
FD11171	125.500 	 24.280 	 359.769
FD11171	125.625 	 24.276 	 359.769
FD11171	125.750 	 24.274 	 359.769
FD11171	125.875 	 24.271 	 359.769
FD11171	126.000 	 24.264 	 359.764
FD11171	126.125 	 24.260 	 359.758
FD11171	126.250 	 24.253 	 359.764
FD11171	126.375 	 24.248 	 359.763
FD11171	126.500 	 24.244 	 359.742
FD11171	126.625 	 24.241 	 359.720
FD11171	126.750 	 24.244 	 359.708
FD11171	126.875 	 24.247 	 359.703
FD11171	127.000 	 24.249 	 359.708
FD11171	127.125 	 24.252 	 359.708
FD11171	127.250 	 24.257 	 359.703
FD11171	127.375 	 24.260 	 359.703
FD11171	127.500 	 24.265 	 359.692
FD11171	127.625 	 24.268 	 359.670
FD11171	127.750 	 24.273 	 359.654
FD11171	127.875 	 24.283 	 359.648
FD11171	128.000 	 24.293 	 359.642
FD11171	128.125 	 24.310 	 359.632
FD11171	128.250 	 24.329 	 359.615
FD11171	128.375 	 24.348 	 359.604
FD11171	128.500 	 24.370 	 359.604
FD11171	128.625 	 24.393 	 359.615
FD11171	128.750 	 24.414 	 359.615
FD11171	128.875 	 24.435 	 359.599
FD11171	129.000 	 24.456 	 359.594
FD11171	129.125 	 24.478 	 359.594
FD11171	129.250 	 24.496 	 359.599
FD11171	129.375 	 24.518 	 359.604
FD11171	129.500 	 24.535 	 359.604
FD11171	129.625 	 24.554 	 359.604
FD11171	129.750 	 24.568 	 359.599
FD11171	129.875 	 24.582 	 359.594
FD11171	130.000 	 24.591 	 359.588
FD11171	130.125 	 24.599 	 359.577
FD11171	130.250 	 24.603 	 359.571
FD11171	130.375 	 24.608 	 359.571
FD11171	130.500 	 24.613 	 359.576
FD11171	130.625 	 24.611 	 359.588
FD11171	130.750 	 24.613 	 359.588
FD11171	130.875 	 24.610 	 359.571
FD11171	131.000 	 24.611 	 359.565
FD11171	131.125 	 24.609 	 359.566
FD11171	131.250 	 24.607 	 359.555
FD11171	131.375 	 24.605 	 359.545
FD11171	131.500 	 24.606 	 359.534
FD11171	131.625 	 24.604 	 359.528
FD11171	131.750 	 24.600 	 359.523
FD11171	131.875 	 24.601 	 359.506
FD11171	132.000 	 24.600 	 359.473
FD11171	132.125 	 24.592 	 359.429
FD11171	132.250 	 24.596 	 359.385
FD11171	132.375 	 24.590 	 359.346
FD11171	132.500 	 24.588 	 359.330
FD11171	132.625 	 24.582 	 359.313
FD11171	132.750 	 24.580 	 359.264
FD11171	132.875 	 24.581 	 359.215
FD11171	133.000 	 24.577 	 359.171
FD11171	133.125 	 24.573 	 359.132
FD11171	133.250 	 24.567 	 359.094
FD11171	133.375 	 24.566 	 359.050
FD11171	133.500 	 24.557 	 359.011
FD11171	133.625 	 24.550 	 358.973
FD11171	133.750 	 24.538 	 358.934
FD11171	133.875 	 24.529 	 358.896
FD11171	134.000 	 24.523 	 358.857
FD11171	134.125 	 24.515 	 358.818
FD11171	134.250 	 24.511 	 358.785
FD11171	134.375 	 24.507 	 358.769
FD11171	134.500 	 24.504 	 358.764
FD11171	134.625 	 24.500 	 358.753
FD11171	134.750 	 24.494 	 358.715
FD11171	134.875 	 24.492 	 358.671
FD11171	135.000 	 24.494 	 358.633
FD11171	135.125 	 24.487 	 358.594
FD11171	135.250 	 24.494 	 358.567
FD11171	135.375 	 24.494 	 358.539
FD11171	135.500 	 24.497 	 358.506
FD11171	135.625 	 24.505 	 358.479
FD11171	135.750 	 24.513 	 358.446
FD11171	135.875 	 24.525 	 358.407
FD11171	136.000 	 24.532 	 358.380
FD11171	136.125 	 24.543 	 358.347
FD11171	136.250 	 24.554 	 358.319
FD11171	136.375 	 24.565 	 358.292
FD11171	136.500 	 24.574 	 358.264
FD11171	136.625 	 24.582 	 358.247
FD11171	136.750 	 24.593 	 358.242
FD11171	136.875 	 24.603 	 358.236
FD11171	137.000 	 24.610 	 358.204
FD11171	137.125 	 24.618 	 358.154
FD11171	137.250 	 24.622 	 358.105
FD11171	137.375 	 24.634 	 358.055
FD11171	137.500 	 24.639 	 358.011
FD11171	137.625 	 24.644 	 357.973
FD11171	137.750 	 24.649 	 357.956
FD11171	137.875 	 24.658 	 357.945
FD11171	138.000 	 24.656 	 357.908
FD11171	138.125 	 24.664 	 357.863
FD11171	138.250 	 24.662 	 357.814
FD11171	138.375 	 24.663 	 357.759
FD11171	138.500 	 24.666 	 357.715
FD11171	138.625 	 24.663 	 357.677
FD11171	138.750 	 24.663 	 357.627
FD11171	138.875 	 24.667 	 357.578
FD11171	139.000 	 24.668 	 357.534
FD11171	139.125 	 24.666 	 357.489
FD11171	139.250 	 24.666 	 357.462
FD11171	139.375 	 24.668 	 357.434
FD11171	139.500 	 24.666 	 357.379
FD11171	139.625 	 24.659 	 357.325
FD11171	139.750 	 24.663 	 357.264
FD11171	139.875 	 24.655 	 357.187
FD11171	140.000 	 24.657 	 357.148
FD11171	140.125 	 24.649 	 357.133
FD11171	140.250 	 24.646 	 357.100
FD11171	140.375 	 24.643 	 357.062
FD11171	140.500 	 24.640 	 357.028
FD11171	140.625 	 24.638 	 356.996
FD11171	140.750 	 24.632 	 356.968
FD11171	140.875 	 24.620 	 356.935
FD11171	141.000 	 24.611 	 356.896
FD11171	141.125 	 24.601 	 356.864
FD11171	141.250 	 24.583 	 356.820
FD11171	141.375 	 24.570 	 356.781
FD11171	141.500 	 24.552 	 356.748
FD11171	141.625 	 24.529 	 356.721
FD11171	141.750 	 24.509 	 356.698
FD11171	141.875 	 24.492 	 356.671
FD11171	142.000 	 24.467 	 356.649
FD11171	142.125 	 24.452 	 356.644
FD11171	142.250 	 24.435 	 356.649
FD11171	142.375 	 24.416 	 356.665
FD11171	142.500 	 24.403 	 356.682
FD11171	142.625 	 24.389 	 356.704
FD11171	142.750 	 24.379 	 356.737
FD11171	142.875 	 24.363 	 356.770
FD11171	143.000 	 24.355 	 356.808
FD11171	143.125 	 24.350 	 356.842
FD11171	143.250 	 24.346 	 356.880
FD11171	143.375 	 24.341 	 356.930
FD11171	143.500 	 24.342 	 356.995
FD11171	143.625 	 24.346 	 357.051
FD11171	143.750 	 24.358 	 357.089
FD11171	143.875 	 24.363 	 357.116
FD11171	144.000 	 24.378 	 357.150
FD11171	144.125 	 24.383 	 357.204
FD11171	144.250 	 24.397 	 357.264
FD11171	144.375 	 24.406 	 357.314
FD11171	144.500 	 24.415 	 357.347
FD11171	144.625 	 24.429 	 357.379
FD11171	144.750 	 24.438 	 357.391
FD11171	144.875 	 24.447 	 357.396
FD11171	145.000 	 24.459 	 357.413
FD11171	145.125 	 24.470 	 357.402
FD11171	145.250 	 24.482 	 357.374
FD11171	145.375 	 24.486 	 357.352
FD11171	145.500 	 24.501 	 357.325
FD11171	145.625 	 24.510 	 357.297
FD11171	145.750 	 24.519 	 357.280
FD11171	145.875 	 24.527 	 357.270
FD11171	146.000 	 24.535 	 357.258
FD11171	146.125 	 24.542 	 357.253
FD11171	146.250 	 24.548 	 357.242
FD11171	146.375 	 24.559 	 357.220
FD11171	146.500 	 24.564 	 357.204
FD11171	146.625 	 24.571 	 357.182
FD11171	146.750 	 24.587 	 357.165
FD11171	146.875 	 24.590 	 357.143
FD11171	147.000 	 24.604 	 357.106
FD11171	147.125 	 24.611 	 357.078
FD11171	147.250 	 24.621 	 357.056
FD11171	147.375 	 24.628 	 357.039
FD11171	147.500 	 24.637 	 357.023
FD11171	147.625 	 24.642 	 356.996
FD11171	147.750 	 24.645 	 356.968
FD11171	147.875 	 24.650 	 356.946
FD11171	148.000 	 24.650 	 356.946
FD11171	148.125 	 24.647 	 356.935
FD11171	148.250 	 24.645 	 356.907
FD11171	148.375 	 24.642 	 356.907
FD11171	148.500 	 24.640 	 356.897
FD11171	148.625 	 24.635 	 356.874
FD11171	148.750 	 24.628 	 356.836
FD11171	148.875 	 24.624 	 356.798
FD11171	149.000 	 24.616 	 356.764
FD11171	149.125 	 24.613 	 356.737
FD11171	149.250 	 24.616 	 356.704
FD11171	149.375 	 24.615 	 356.660
FD11171	149.500 	 24.614 	 356.649
FD11171	149.625 	 24.617 	 356.638
FD11171	149.750 	 24.627 	 356.600
FD11171	149.875 	 24.630 	 356.556
FD11171	150.000 	 24.637 	 356.506
FD11171	150.125 	 24.657 	 356.457
FD11171	150.250 	 24.665 	 356.434
FD11171	150.375 	 24.678 	 356.418
FD11171	150.500 	 24.691 	 356.379
FD11171	150.625 	 24.704 	 356.342
FD11171	150.750 	 24.712 	 356.303
FD11171	150.875 	 24.724 	 356.276
FD11171	151.000 	 24.729 	 356.248
FD11171	151.125 	 24.735 	 356.215
FD11171	151.250 	 24.735 	 356.188
FD11171	151.375 	 24.725 	 356.166
FD11171	151.500 	 24.719 	 356.139
FD11171	151.625 	 24.702 	 356.089
FD11171	151.750 	 24.693 	 356.039
FD11171	151.875 	 24.674 	 355.996
FD11171	152.000 	 24.652 	 355.951
FD11171	152.125 	 24.639 	 355.924
FD11171	152.250 	 24.622 	 355.919
FD11171	152.375 	 24.606 	 355.897
FD11171	152.500 	 24.592 	 355.874
FD11171	152.625 	 24.580 	 355.842
FD11171	152.750 	 24.571 	 355.775
FD11171	152.875 	 24.565 	 355.726
FD11171	153.000 	 24.554 	 355.687
FD11171	153.125 	 24.554 	 355.644
FD11171	153.250 	 24.554 	 355.611
FD11171	153.375 	 24.557 	 355.583
FD11171	153.500 	 24.564 	 355.588
FD11171	153.625 	 24.577 	 355.578
FD11171	153.750 	 24.595 	 355.529
FD11171	153.875 	 24.608 	 355.491
FD11171	154.000 	 24.624 	 355.457
FD11171	154.125 	 24.641 	 355.441
FD11171	154.250 	 24.655 	 355.414
FD11171	154.375 	 24.670 	 355.375
FD11171	154.500 	 24.684 	 355.337
FD11171	154.625 	 24.687 	 355.287
FD11171	154.750 	 24.699 	 355.232
FD11171	154.875 	 24.700 	 355.182
FD11171	155.000 	 24.704 	 355.144
FD11171	155.125 	 24.704 	 355.089
FD11171	155.250 	 24.696 	 354.990
FD11171	155.375 	 24.693 	 354.896
FD11171	155.500 	 24.688 	 354.825
FD11171	155.625 	 24.679 	 354.749
FD11171	155.750 	 24.672 	 354.694
FD11171	155.875 	 24.663 	 354.639
FD11171	156.000 	 24.655 	 354.584
FD11171	156.125 	 24.646 	 354.529
FD11171	156.250 	 24.641 	 354.457
FD11171	156.375 	 24.637 	 354.391
FD11171	156.500 	 24.636 	 354.331
FD11171	156.625 	 24.631 	 354.303
FD11171	156.750 	 24.635 	 354.259
FD11171	156.875 	 24.639 	 354.205
FD11171	157.000 	 24.647 	 354.177
FD11171	157.125 	 24.659 	 354.150
FD11171	157.250 	 24.674 	 354.127
FD11171	157.375 	 24.691 	 354.073
FD11171	157.500 	 24.708 	 354.001
FD11171	157.625 	 24.726 	 353.953
FD11171	157.750 	 24.743 	 353.887
FD11171	157.875 	 24.759 	 353.804
FD11171	158.000 	 24.772 	 353.782
FD11171	158.125 	 24.780 	 353.782
FD11171	158.250 	 24.788 	 353.733
FD11171	158.375 	 24.791 	 353.677
FD11171	158.500 	 24.790 	 353.611
FD11171	158.625 	 24.785 	 353.546
FD11171	158.750 	 24.783 	 353.512
FD11171	158.875 	 24.774 	 353.469
FD11171	159.000 	 24.760 	 353.463
FD11171	159.125 	 24.744 	 353.446
FD11171	159.250 	 24.725 	 353.397
FD11171	159.375 	 24.708 	 353.370
FD11171	159.500 	 24.687 	 353.309
FD11171	159.625 	 24.663 	 353.243
FD11171	159.750 	 24.644 	 353.210
FD11171	159.875 	 24.628 	 353.172
FD11171	160.000 	 24.614 	 353.101
FD11171	160.125 	 24.598 	 353.046
FD11171	160.250 	 24.585 	 353.040
FD11171	160.375 	 24.571 	 353.013
FD11171	160.500 	 24.551 	 352.941
FD11171	160.625 	 24.535 	 352.859
FD11171	160.750 	 24.514 	 352.788
FD11171	160.875 	 24.498 	 352.777
FD11171	161.000 	 24.476 	 352.754
FD11171	161.125 	 24.461 	 352.738
FD11171	161.250 	 24.449 	 352.760
FD11171	161.375 	 24.438 	 352.749
FD11171	161.500 	 24.428 	 352.760
FD11171	161.625 	 24.423 	 352.771
FD11171	161.750 	 24.412 	 352.705
FD11171	161.875 	 24.396 	 352.650
FD11171	162.000 	 24.383 	 352.579
FD11171	162.125 	 24.365 	 352.447
FD11171	162.250 	 24.353 	 352.326
FD11171	162.375 	 24.340 	 352.244
FD11171	162.500 	 24.337 	 352.200
FD11171	162.625 	 24.336 	 352.161
FD11171	162.750 	 24.343 	 352.024
FD11171	162.875 	 24.348 	 351.942
FD11171	163.000 	 24.358 	 351.974
FD11171	163.125 	 24.371 	 351.941
FD11171	163.250 	 24.383 	 351.864
FD11171	163.375 	 24.393 	 351.804
FD11171	163.500 	 24.400 	 351.787
FD11171	163.625 	 24.405 	 351.755
FD11171	163.750 	 24.409 	 351.727
FD11171	163.875 	 24.419 	 351.716
FD11171	164.000 	 24.430 	 351.705
FD11171	164.125 	 24.443 	 351.710
FD11171	164.250 	 24.453 	 351.711
FD11171	164.375 	 24.467 	 351.688
FD11171	164.500 	 24.471 	 351.688
FD11171	164.625 	 24.473 	 351.683
FD11171	164.750 	 24.471 	 351.541
FD11171	164.875 	 24.462 	 351.464
FD11171	165.000 	 24.455 	 351.475
FD11171	165.125 	 24.444 	 351.442
FD11171	165.250 	 24.437 	 351.415
FD11171	165.375 	 24.431 	 351.387
FD11171	165.500 	 24.424 	 351.376
FD11171	165.625 	 24.419 	 351.348
FD11171	165.750 	 24.416 	 351.272
FD11171	165.875 	 24.417 	 351.222
FD11171	166.000 	 24.412 	 351.216
FD11171	166.125 	 24.416 	 351.173
FD11171	166.250 	 24.417 	 351.161
FD11171	166.375 	 24.416 	 351.161
FD11171	166.500 	 24.422 	 351.123
FD11171	166.625 	 24.431 	 351.101
FD11171	166.750 	 24.441 	 351.079
FD11171	166.875 	 24.454 	 351.035
FD11171	167.000 	 24.470 	 351.063
FD11171	167.125 	 24.481 	 351.101
FD11171	167.250 	 24.493 	 351.167
FD11171	167.375 	 24.505 	 351.206
FD11171	167.500 	 24.509 	 351.211
FD11171	167.625 	 24.517 	 351.211
FD11171	167.750 	 24.513 	 351.167
FD11171	167.875 	 24.514 	 351.156
FD11171	168.000 	 24.507 	 351.189
FD11171	168.125 	 24.500 	 351.211
FD11171	168.250 	 24.496 	 351.156
FD11171	168.375 	 24.484 	 351.162
FD11171	168.500 	 24.472 	 351.222
FD11171	168.625 	 24.460 	 351.206
FD11171	168.750 	 24.447 	 351.156
FD11171	168.875 	 24.430 	 351.156
FD11171	169.000 	 24.415 	 351.145
FD11171	169.125 	 24.393 	 351.134
FD11171	169.250 	 24.374 	 351.118
FD11171	169.375 	 24.353 	 351.145
FD11171	169.500 	 24.334 	 351.228
FD11171	169.625 	 24.314 	 351.271
FD11171	169.750 	 24.293 	 351.321
FD11171	169.875 	 24.275 	 351.376
FD11171	170.000 	 24.265 	 351.393
FD11171	170.125 	 24.252 	 351.393
FD11171	170.250 	 24.243 	 351.398
FD11171	170.375 	 24.234 	 351.376
FD11171	170.500 	 24.230 	 351.398
FD11171	170.625 	 24.224 	 351.448
FD11171	170.750 	 24.225 	 351.431
FD11171	170.875 	 24.221 	 351.409
FD11171	171.000 	 24.227 	 351.404
FD11171	171.125 	 24.232 	 351.414
FD11171	171.250 	 24.240 	 351.453
FD11171	171.375 	 24.249 	 351.458
FD11171	171.500 	 24.261 	 351.437
FD11171	171.625 	 24.271 	 351.431
FD11171	171.750 	 24.286 	 351.414
FD11171	171.875 	 24.299 	 351.404
FD11171	172.000 	 24.315 	 351.453
FD11171	172.125 	 24.327 	 351.497
FD11171	172.250 	 24.337 	 351.496
FD11171	172.375 	 24.350 	 351.481
FD11171	172.500 	 24.358 	 351.403
FD11171	172.625 	 24.371 	 351.310
FD11171	172.750 	 24.382 	 351.255
FD11171	172.875 	 24.393 	 351.244
FD11171	173.000 	 24.407 	 351.233
FD11171	173.125 	 24.419 	 351.178
FD11171	173.250 	 24.429 	 351.151
FD11171	173.375 	 24.444 	 351.161
FD11171	173.500 	 24.450 	 351.095
FD11171	173.625 	 24.465 	 350.991
FD11171	173.750 	 24.471 	 350.997
FD11171	173.875 	 24.476 	 351.019
FD11171	174.000 	 24.480 	 351.084
FD11171	174.125 	 24.488 	 351.162
FD11171	174.250 	 24.490 	 351.123
FD11171	174.375 	 24.493 	 351.074
FD11171	174.500 	 24.499 	 351.074
FD11171	174.625 	 24.498 	 351.095
FD11171	174.750 	 24.504 	 351.107
FD11171	174.875 	 24.504 	 351.106
FD11171	175.000 	 24.504 	 351.079
FD11171	175.125 	 24.497 	 351.035
FD11171	175.250 	 24.498 	 351.052
FD11171	175.375 	 24.490 	 351.073
FD11171	175.500 	 24.488 	 351.085
FD11171	175.625 	 24.481 	 351.096
FD11171	175.750 	 24.481 	 351.084
FD11171	175.875 	 24.479 	 351.096
FD11171	176.000 	 24.479 	 351.096
FD11171	176.125 	 24.481 	 351.084
FD11171	176.250 	 24.479 	 351.079
FD11171	176.375 	 24.480 	 351.129
FD11171	176.500 	 24.475 	 351.167
FD11171	176.625 	 24.474 	 351.162
FD11171	176.750 	 24.472 	 351.112
FD11171	176.875 	 24.467 	 351.095
FD11171	177.000 	 24.468 	 351.145
FD11171	177.125 	 24.470 	 351.178
FD11171	177.250 	 24.470 	 351.206
FD11171	177.375 	 24.468 	 351.194
FD11171	177.500 	 24.471 	 351.161
FD11171	177.625 	 24.472 	 351.140
FD11171	177.750 	 24.471 	 351.151
FD11171	177.875 	 24.470 	 351.167
FD11171	178.000 	 24.469 	 351.184
FD11171	178.125 	 24.466 	 351.216
FD11171	178.250 	 24.471 	 351.244
FD11171	178.375 	 24.474 	 351.238
FD11171	178.500 	 24.482 	 351.238
FD11171	178.625 	 24.487 	 351.255
FD11171	178.750 	 24.492 	 351.206
FD11171	178.875 	 24.496 	 351.189
FD11171	179.000 	 24.505 	 351.195
FD11171	179.125 	 24.507 	 351.167
FD11171	179.250 	 24.511 	 351.183
FD11171	179.375 	 24.516 	 351.200
FD11171	179.500 	 24.511 	 351.199
FD11171	179.625 	 24.516 	 351.200
FD11171	179.750 	 24.511 	 351.211
FD11171	179.875 	 24.506 	 351.238
FD11171	180.000 	 24.500 	 351.239
FD11171	180.125 	 24.495 	 351.233
FD11171	180.250 	 24.480 	 351.271
FD11171	180.375 	 24.470 	 351.277
FD11171	180.500 	 24.454 	 351.205
FD11171	180.625 	 24.439 	 351.222
FD11171	180.750 	 24.420 	 351.250
FD11171	180.875 	 24.395 	 351.161
FD11171	181.000 	 24.374 	 351.167
FD11171	181.125 	 24.351 	 351.206
FD11171	181.250 	 24.323 	 351.205
FD11171	181.375 	 24.299 	 351.211
FD11171	181.500 	 24.271 	 351.200
FD11171	181.625 	 24.249 	 351.200
FD11171	181.750 	 24.226 	 351.184
FD11171	181.875 	 24.210 	 351.194
FD11171	182.000 	 24.192 	 351.200
FD11171	182.125 	 24.180 	 351.134
FD11171	182.250 	 24.168 	 351.129
FD11171	182.375 	 24.155 	 351.123
FD11171	182.500 	 24.151 	 351.057
FD11171	182.625 	 24.147 	 351.046
FD11171	182.750 	 24.145 	 351.073
FD11171	182.875 	 24.148 	 351.106
FD11171	183.000 	 24.157 	 351.074
FD11171	183.125 	 24.170 	 351.040
FD11171	183.250 	 24.190 	 351.063
FD11171	183.375 	 24.216 	 351.051
FD11171	183.500 	 24.250 	 351.046
FD11171	183.625 	 24.283 	 351.040
FD11171	183.750 	 24.323 	 350.964
FD11171	183.875 	 24.365 	 350.909
FD11171	184.000 	 24.406 	 350.886
FD11171	184.125 	 24.451 	 350.782
FD11171	184.250 	 24.507 	 350.767
FD11171	184.375 	 24.557 	 350.848
FD11171	184.500 	 24.612 	 350.881
FD11171	184.625 	 24.662 	 350.898
FD11171	184.750 	 24.711 	 350.914
FD11171	184.875 	 24.756 	 350.931
FD11171	185.000 	 24.794 	 350.930
FD11171	185.125 	 24.829 	 350.936
FD11171	185.250 	 24.860 	 350.964
FD11171	185.375 	 24.886 	 350.985
FD11171	185.500 	 24.906 	 350.980
FD11171	185.625 	 24.924 	 350.986
FD11171	185.750 	 24.934 	 351.002
FD11171	185.875 	 24.944 	 350.985
FD11171	186.000 	 24.951 	 350.969
FD11171	186.125 	 24.955 	 350.958
FD11171	186.250 	 24.949 	 350.958
FD11171	186.375 	 24.948 	 350.969
FD11171	186.500 	 24.937 	 350.975
FD11171	186.625 	 24.934 	 350.964
FD11171	186.750 	 24.922 	 350.935
FD11171	186.875 	 24.913 	 350.925
FD11171	187.000 	 24.908 	 350.925
FD11171	187.125 	 24.902 	 350.925
FD11171	187.250 	 24.895 	 350.936
FD11171	187.375 	 24.890 	 350.936
FD11171	187.500 	 24.883 	 350.925
FD11171	187.625 	 24.877 	 350.925
FD11171	187.750 	 24.872 	 350.925
FD11171	187.875 	 24.869 	 350.887
FD11171	188.000 	 24.861 	 350.821
FD11171	188.125 	 24.856 	 350.798
FD11171	188.250 	 24.848 	 350.793
FD11171	188.375 	 24.845 	 350.766
FD11171	188.500 	 24.843 	 350.755
FD11171	188.625 	 24.840 	 350.744
FD11171	188.750 	 24.840 	 350.722
FD11171	188.875 	 24.841 	 350.733
FD11171	189.000 	 24.844 	 350.760
FD11171	189.125 	 24.850 	 350.766
FD11171	189.250 	 24.849 	 350.788
FD11171	189.375 	 24.853 	 350.815
FD11171	189.500 	 24.853 	 350.815
FD11171	189.625 	 24.858 	 350.815
FD11171	189.750 	 24.863 	 350.787
FD11171	189.875 	 24.863 	 350.760
FD11171	190.000 	 24.864 	 350.776
FD11171	190.125 	 24.870 	 350.772
FD11171	190.250 	 24.873 	 350.744
FD11171	190.375 	 24.875 	 350.749
FD11171	190.500 	 24.879 	 350.700
FD11171	190.625 	 24.882 	 350.634
FD11171	190.750 	 24.889 	 350.662
FD11171	190.875 	 24.892 	 350.678
FD11171	191.000 	 24.894 	 350.668
FD11171	191.125 	 24.899 	 350.679
FD11171	191.250 	 24.899 	 350.695
FD11171	191.375 	 24.906 	 350.695
FD11171	191.500 	 24.912 	 350.706
FD11171	191.625 	 24.920 	 350.678
FD11171	191.750 	 24.926 	 350.640
FD11171	191.875 	 24.934 	 350.656
FD11171	192.000 	 24.937 	 350.656
FD11171	192.125 	 24.949 	 350.662
FD11171	192.250 	 24.956 	 350.663
FD11171	192.375 	 24.958 	 350.678
FD11171	192.500 	 24.964 	 350.679
FD11171	192.625 	 24.971 	 350.668
FD11171	192.750 	 24.973 	 350.667
FD11171	192.875 	 24.977 	 350.629
FD11171	193.000 	 24.979 	 350.640
FD11171	193.125 	 24.983 	 350.656
FD11171	193.250 	 24.983 	 350.657
FD11171	193.375 	 24.987 	 350.650
FD11171	193.500 	 24.990 	 350.651
FD11171	193.625 	 24.992 	 350.690
FD11171	193.750 	 24.994 	 350.689
FD11171	193.875 	 24.997 	 350.662
FD11171	194.000 	 25.001 	 350.673
FD11171	194.125 	 24.997 	 350.668
FD11171	194.250 	 24.993 	 350.645
FD11171	194.375 	 24.992 	 350.640
FD11171	194.500 	 24.987 	 350.612
FD11171	194.625 	 24.986 	 350.585
FD11171	194.750 	 24.980 	 350.601
FD11171	194.875 	 24.983 	 350.657
FD11171	195.000 	 24.980 	 350.651
FD11171	195.125 	 24.978 	 350.618
FD11171	195.250 	 24.977 	 350.607
FD11171	195.375 	 24.974 	 350.596
FD11171	195.500 	 24.970 	 350.585
FD11171	195.625 	 24.961 	 350.574
FD11171	195.750 	 24.957 	 350.575
FD11171	195.875 	 24.944 	 350.574
FD11171	196.000 	 24.938 	 350.585
FD11171	196.125 	 24.936 	 350.601
FD11171	196.250 	 24.933 	 350.607
FD11171	196.375 	 24.935 	 350.607
FD11171	196.500 	 24.938 	 350.596
FD11171	196.625 	 24.936 	 350.607
FD11171	196.750 	 24.938 	 350.640
FD11171	196.875 	 24.937 	 350.634
FD11171	197.000 	 24.933 	 350.596
FD11171	197.125 	 24.934 	 350.580
FD11171	197.250 	 24.930 	 350.569
FD11171	197.375 	 24.929 	 350.563
FD11171	197.500 	 24.933 	 350.596
FD11171	197.625 	 24.932 	 350.618
FD11171	197.750 	 24.937 	 350.629
FD11171	197.875 	 24.942 	 350.651
FD11171	198.000 	 24.954 	 350.646
FD11171	198.125 	 24.960 	 350.629
FD11171	198.250 	 24.971 	 350.640
FD11171	198.375 	 24.977 	 350.651
FD11171	198.500 	 24.988 	 350.651
FD11171	198.625 	 24.995 	 350.646
FD11171	198.750 	 25.004 	 350.645
FD11171	198.875 	 25.012 	 350.646
FD11171	199.000 	 25.025 	 350.646
FD11171	199.125 	 25.032 	 350.656
FD11171	199.250 	 25.046 	 350.657
FD11171	199.375 	 25.051 	 350.656
FD11171	199.500 	 25.066 	 350.673
FD11171	199.625 	 25.077 	 350.706
FD11171	199.750 	 25.088 	 350.744
FD11171	199.875 	 25.102 	 350.777
FD11171	200.000 	 25.112 	 350.804
FD11171	200.125 	 25.126 	 350.821
FD11171	200.250 	 25.139 	 350.848
FD11171	200.375 	 25.153 	 350.853
FD11171	200.500 	 25.162 	 350.826
FD11171	200.625 	 25.177 	 350.799
FD11171	200.750 	 25.187 	 350.804
FD11171	200.875 	 25.202 	 350.832
FD11171	201.000 	 25.209 	 350.848
FD11171	201.125 	 25.222 	 350.865
FD11171	201.250 	 25.233 	 350.887
FD11171	201.375 	 25.241 	 350.914
FD11171	201.500 	 25.252 	 350.914
FD11171	201.625 	 25.263 	 350.914
FD11171	201.750 	 25.272 	 350.925
FD11171	201.875 	 25.280 	 350.914
FD11171	202.000 	 25.284 	 350.898
FD11171	202.125 	 25.282 	 350.920
FD11171	202.250 	 25.283 	 350.925
FD11171	202.375 	 25.283 	 350.914
FD11171	202.500 	 25.278 	 350.925
FD11171	202.625 	 25.277 	 350.919
FD11171	202.750 	 25.273 	 350.925
FD11171	202.875 	 25.270 	 350.930
FD11171	203.000 	 25.266 	 350.914
FD11171	203.125 	 25.266 	 350.909
FD11171	203.250 	 25.260 	 350.913
FD11171	203.375 	 25.262 	 350.920
FD11171	203.500 	 25.255 	 350.920
FD11171	203.625 	 25.246 	 350.914
FD11171	203.750 	 25.240 	 350.930
FD11171	203.875 	 25.234 	 350.947
FD11171	204.000 	 25.222 	 350.958
FD11171	204.125 	 25.211 	 350.958
FD11171	204.250 	 25.204 	 350.969
FD11171	204.375 	 25.192 	 350.991
FD11171	204.500 	 25.183 	 350.985
FD11171	204.625 	 25.171 	 350.969
FD11171	204.750 	 25.158 	 350.952
FD11171	204.875 	 25.145 	 350.953
FD11171	205.000 	 25.134 	 350.980
FD11171	205.125 	 25.119 	 350.991
FD11171	205.250 	 25.105 	 350.986
FD11171	205.375 	 25.086 	 350.996
FD11171	205.500 	 25.075 	 350.986
FD11171	205.625 	 25.064 	 350.980
FD11171	205.750 	 25.055 	 350.974
FD11171	205.875 	 25.048 	 350.964
FD11171	206.000 	 25.049 	 350.947
FD11171	206.125 	 25.044 	 350.925
FD11171	206.250 	 25.047 	 350.926
FD11171	206.375 	 25.050 	 350.908
FD11171	206.500 	 25.049 	 350.870
FD11171	206.625 	 25.054 	 350.859
FD11171	206.750 	 25.061 	 350.860
FD11171	206.875 	 25.064 	 350.853
FD11171	207.000 	 25.067 	 350.892
FD11171	207.125 	 25.075 	 350.914
FD11171	207.250 	 25.081 	 350.886
FD11171	207.375 	 25.089 	 350.816
FD11171	207.500 	 25.095 	 350.722
FD11171	207.625 	 25.103 	 350.679
FD11171	207.750 	 25.108 	 350.563
FD11171	207.875 	 25.110 	 350.458
FD11171	208.000 	 25.112 	 350.514
FD11171	208.125 	 25.114 	 350.514
FD11171	208.250 	 25.108 	 350.436
FD11171	208.375 	 25.107 	 350.392
FD11171	208.500 	 25.107 	 350.354
FD11171	208.625 	 25.100 	 350.305
FD11171	208.750 	 25.099 	 350.244
FD11171	208.875 	 25.091 	 350.205
FD11171	209.000 	 25.088 	 350.173
FD11171	209.125 	 25.082 	 350.145
FD11171	209.250 	 25.083 	 350.151
FD11171	209.375 	 25.079 	 350.167
FD11171	209.500 	 25.081 	 350.183
FD11171	209.625 	 25.080 	 350.200
FD11171	209.750 	 25.085 	 350.216
FD11171	209.875 	 25.090 	 350.217
FD11171	210.000 	 25.095 	 350.216
FD11171	210.125 	 25.107 	 350.223
FD11171	210.250 	 25.114 	 350.222
FD11171	210.375 	 25.127 	 350.233
FD11171	210.500 	 25.131 	 350.255
FD11171	210.625 	 25.139 	 350.249
FD11171	210.750 	 25.146 	 350.239
FD11171	210.875 	 25.155 	 350.244
FD11171	211.000 	 25.164 	 350.222
FD11171	211.125 	 25.172 	 350.206
FD11171	211.250 	 25.178 	 350.200
FD11171	211.375 	 25.188 	 350.178
FD11171	211.500 	 25.193 	 350.194
FD11171	211.625 	 25.201 	 350.211
FD11171	211.750 	 25.205 	 350.201
FD11171	211.875 	 25.206 	 350.172
FD11171	212.000 	 25.207 	 350.156
FD11171	212.125 	 25.209 	 350.167
FD11171	212.250 	 25.208 	 350.156
FD11171	212.375 	 25.214 	 350.145
FD11171	212.500 	 25.215 	 350.101
FD11171	212.625 	 25.225 	 350.062
FD11171	212.750 	 25.231 	 350.079
FD11171	212.875 	 25.241 	 350.090
FD11171	213.000 	 25.250 	 350.129
FD11171	213.125 	 25.254 	 350.139
FD11171	213.250 	 25.257 	 350.113
FD11171	213.375 	 25.255 	 350.117
FD11171	213.500 	 25.257 	 350.134
FD11171	213.625 	 25.256 	 350.128
FD11171	213.750 	 25.255 	 350.162
FD11171	213.875 	 25.256 	 350.244
FD11171	214.000 	 25.254 	 350.299
FD11171	214.125 	 25.256 	 350.327
FD11171	214.250 	 25.261 	 350.343
FD11171	214.375 	 25.260 	 350.365
FD11171	214.500 	 25.269 	 350.365
FD11171	214.625 	 25.273 	 350.370
FD11171	214.750 	 25.283 	 350.387
FD11171	214.875 	 25.294 	 350.420
FD11171	215.000 	 25.306 	 350.475
FD11171	215.125 	 25.323 	 350.508
FD11171	215.250 	 25.344 	 350.552
FD11171	215.375 	 25.361 	 350.629
FD11171	215.500 	 25.383 	 350.705
FD11171	215.625 	 25.405 	 350.766
FD11171	215.750 	 25.426 	 350.832
FD11171	215.875 	 25.439 	 350.886
FD11171	216.000 	 25.455 	 350.925
FD11171	216.125 	 25.472 	 350.985
FD11171	216.250 	 25.476 	 351.046
FD11171	216.375 	 25.485 	 351.101
FD11171	216.500 	 25.490 	 351.162
FD11171	216.625 	 25.483 	 351.244
FD11171	216.750 	 25.477 	 351.299
FD11171	216.875 	 25.474 	 351.272
FD11171	217.000 	 25.458 	 351.217
FD11171	217.125 	 25.447 	 351.216
FD11171	217.250 	 25.432 	 351.233
FD11171	217.375 	 25.413 	 351.206
FD11171	217.500 	 25.395 	 351.205
FD11171	217.625 	 25.376 	 351.189
FD11171	217.750 	 25.362 	 351.161
FD11171	217.875 	 25.344 	 351.145
FD11171	218.000 	 25.333 	 351.090
FD11171	218.125 	 25.321 	 351.080
FD11171	218.250 	 25.307 	 351.073
FD11171	218.375 	 25.303 	 351.068
FD11171	218.500 	 25.296 	 351.090
FD11171	218.625 	 25.288 	 351.079
FD11171	218.750 	 25.282 	 351.123
FD11171	218.875 	 25.280 	 351.188
FD11171	219.000 	 25.277 	 351.179
FD11171	219.125 	 25.278 	 351.156
FD11171	219.250 	 25.277 	 351.151
FD11171	219.375 	 25.280 	 351.178
FD11171	219.500 	 25.279 	 351.195
FD11171	219.625 	 25.285 	 351.184
FD11171	219.750 	 25.286 	 351.189
FD11171	219.875 	 25.287 	 351.205
FD11171	220.000 	 25.288 	 351.172
FD11171	220.125 	 25.289 	 351.145
FD11171	220.250 	 25.289 	 351.184
FD11171	220.375 	 25.287 	 351.194
FD11171	220.500 	 25.286 	 351.184
FD11171	220.625 	 25.283 	 351.183
FD11171	220.750 	 25.278 	 351.162
FD11171	220.875 	 25.276 	 351.139
FD11171	221.000 	 25.277 	 351.183
FD11171	221.125 	 25.271 	 351.167
FD11171	221.250 	 25.271 	 351.145
FD11171	221.375 	 25.266 	 351.189
FD11171	221.500 	 25.271 	 351.201
FD11171	221.625 	 25.270 	 351.211
FD11171	221.750 	 25.271 	 351.222
FD11171	221.875 	 25.271 	 351.227
FD11171	222.000 	 25.273 	 351.228
FD11171	222.125 	 25.277 	 351.239
FD11171	222.250 	 25.273 	 351.227
FD11171	222.375 	 25.275 	 351.222
FD11171	222.500 	 25.276 	 351.249
FD11171	222.625 	 25.281 	 351.266
FD11171	222.750 	 25.285 	 351.288
FD11171	222.875 	 25.290 	 351.288
FD11171	223.000 	 25.291 	 351.266
FD11171	223.125 	 25.291 	 351.238
FD11171	223.250 	 25.295 	 351.222
FD11171	223.375 	 25.290 	 351.222
FD11171	223.500 	 25.287 	 351.244
FD11171	223.625 	 25.280 	 351.260
FD11171	223.750 	 25.281 	 351.266
FD11171	223.875 	 25.277 	 351.283
FD11171	224.000 	 25.276 	 351.293
FD11171	224.125 	 25.271 	 351.277
FD11171	224.250 	 25.268 	 351.256
FD11171	224.375 	 25.268 	 351.249
FD11171	224.500 	 25.268 	 351.189
FD11171	224.625 	 25.269 	 351.161
FD11171	224.750 	 25.268 	 351.178
FD11171	224.875 	 25.272 	 351.184
FD11171	225.000 	 25.277 	 351.211
FD11171	225.125 	 25.286 	 351.211
FD11171	225.250 	 25.300 	 351.239
FD11171	225.375 	 25.309 	 351.249
FD11171	225.500 	 25.329 	 351.211
FD11171	225.625 	 25.341 	 351.222
FD11171	225.750 	 25.353 	 351.205
FD11171	225.875 	 25.369 	 351.167
FD11171	226.000 	 25.382 	 351.167
FD11171	226.125 	 25.393 	 351.167
FD11171	226.250 	 25.404 	 351.167
FD11171	226.375 	 25.416 	 351.178
FD11171	226.500 	 25.421 	 351.194
FD11171	226.625 	 25.432 	 351.201
FD11171	226.750 	 25.436 	 351.183
FD11171	226.875 	 25.443 	 351.173
FD11171	227.000 	 25.441 	 351.189
FD11171	227.125 	 25.443 	 351.228
FD11171	227.250 	 25.436 	 351.222
FD11171	227.375 	 25.429 	 351.195
FD11171	227.500 	 25.428 	 351.195
FD11171	227.625 	 25.418 	 351.194
FD11171	227.750 	 25.413 	 351.200
FD11171	227.875 	 25.404 	 351.188
FD11171	228.000 	 25.402 	 351.195
FD11171	228.125 	 25.402 	 351.184
FD11171	228.250 	 25.403 	 351.156
FD11171	228.375 	 25.404 	 351.150
FD11171	228.500 	 25.407 	 351.117
FD11171	228.625 	 25.415 	 351.096
FD11171	228.750 	 25.417 	 351.063
FD11171	228.875 	 25.420 	 351.002
FD11171	229.000 	 25.427 	 350.990
FD11171	229.125 	 25.430 	 351.003
FD11171	229.250 	 25.442 	 350.985
FD11171	229.375 	 25.449 	 350.979
FD11171	229.500 	 25.458 	 350.986
FD11171	229.625 	 25.470 	 350.997
FD11171	229.750 	 25.480 	 351.013
FD11171	229.875 	 25.489 	 351.013
FD11171	230.000 	 25.502 	 350.992
FD11171	230.125 	 25.510 	 350.974
FD11171	230.250 	 25.517 	 350.925
FD11171	230.375 	 25.527 	 350.903
FD11171	230.500 	 25.532 	 350.958
FD11171	230.625 	 25.539 	 350.953
FD11171	230.750 	 25.546 	 350.941
FD11171	230.875 	 25.549 	 350.985
FD11171	231.000 	 25.559 	 350.931
FD11171	231.125 	 25.557 	 350.870
FD11171	231.250 	 25.561 	 350.892
FD11171	231.375 	 25.559 	 350.886
FD11171	231.500 	 25.558 	 350.903
FD11171	231.625 	 25.560 	 350.914
FD11171	231.750 	 25.563 	 350.915
FD11171	231.875 	 25.560 	 350.914
FD11171	232.000 	 25.558 	 350.903
FD11171	232.125 	 25.564 	 350.904
FD11171	232.250 	 25.560 	 350.913
FD11171	232.375 	 25.562 	 350.925
FD11171	232.500 	 25.563 	 350.913
FD11171	232.625 	 25.567 	 350.903
FD11171	232.750 	 25.575 	 350.882
FD11171	232.875 	 25.583 	 350.897
FD11171	233.000 	 25.590 	 350.941
FD11171	233.125 	 25.608 	 350.909
FD11171	233.250 	 25.619 	 350.875
FD11171	233.375 	 25.638 	 350.876
FD11171	233.500 	 25.655 	 350.859
FD11171	233.625 	 25.673 	 350.831
FD11171	233.750 	 25.691 	 350.787
FD11171	233.875 	 25.709 	 350.810
FD11171	234.000 	 25.726 	 350.837
FD11171	234.125 	 25.742 	 350.782
FD11171	234.250 	 25.761 	 350.838
FD11171	234.375 	 25.778 	 350.914
FD11171	234.500 	 25.797 	 350.919
FD11171	234.625 	 25.813 	 350.920
FD11171	234.750 	 25.830 	 350.937
FD11171	234.875 	 25.844 	 350.974
FD11171	235.000 	 25.856 	 350.981
FD11171	235.125 	 25.862 	 350.990
FD11171	235.250 	 25.873 	 351.008
FD11171	235.375 	 25.884 	 350.996
FD11171	235.500 	 25.896 	 351.047
FD11171	235.625 	 25.902 	 351.101
FD11171	235.750 	 25.908 	 351.106
FD11171	235.875 	 25.918 	 351.150
FD11171	236.000 	 25.930 	 351.163
FD11171	236.125 	 25.928 	 351.144
FD11171	236.250 	 25.940 	 351.156
FD11171	236.375 	 25.941 	 351.139
FD11171	236.500 	 25.948 	 351.124
FD11171	236.625 	 25.948 	 351.124
FD11171	236.750 	 25.942 	 351.122
FD11171	236.875 	 25.946 	 351.167
FD11171	237.000 	 25.937 	 351.205
FD11171	237.125 	 25.940 	 351.206
FD11171	237.250 	 25.941 	 351.189
FD11171	237.375 	 25.936 	 351.172
FD11171	237.500 	 25.934 	 351.200
FD11171	237.625 	 25.933 	 351.222
FD11171	237.750 	 25.928 	 351.200
FD11171	237.875 	 25.927 	 351.211
FD11171	238.000 	 25.919 	 351.189
FD11171	238.125 	 25.917 	 351.167
FD11171	238.250 	 25.911 	 351.162
FD11171	238.375 	 25.910 	 351.139
FD11171	238.500 	 25.907 	 351.179
FD11171	238.625 	 25.904 	 351.227
FD11171	238.750 	 25.906 	 351.255
FD11171	238.875 	 25.910 	 351.282
FD11171	239.000 	 25.912 	 351.305
FD11171	239.125 	 25.918 	 351.321
FD11171	239.250 	 25.918 	 351.359
FD11171	239.375 	 25.927 	 351.377
FD11171	239.500 	 25.924 	 351.365
FD11171	239.625 	 25.925 	 351.364
FD11171	239.750 	 25.931 	 351.365
FD11171	239.875 	 25.933 	 351.376
FD11171	240.000 	 25.941 	 351.399
FD11171	240.125 	 25.944 	 351.408
FD11171	240.250 	 25.956 	 351.421
FD11171	240.375 	 25.964 	 351.442
FD11171	240.500 	 25.974 	 351.485
FD11171	240.625 	 25.987 	 351.530
FD11171	240.750 	 26.000 	 351.580
FD11171	240.875 	 26.012 	 351.644
FD11171	241.000 	 26.028 	 351.700
FD11171	241.125 	 26.038 	 351.749
FD11171	241.250 	 26.057 	 351.798
FD11171	241.375 	 26.069 	 351.864
FD11171	241.500 	 26.094 	 351.926
FD11171	241.625 	 26.109 	 351.946
FD11171	241.750 	 26.137 	 351.948
FD11171	241.875 	 26.151 	 351.974
FD11171	242.000 	 26.182 	 352.052
FD11171	242.125 	 26.204 	 352.107
FD11171	242.250 	 26.225 	 352.117
FD11171	242.375 	 26.249 	 352.151
FD11171	242.500 	 26.268 	 352.145
FD11171	242.625 	 26.286 	 352.101
FD11171	242.750 	 26.298 	 352.172
FD11171	242.875 	 26.304 	 352.293
FD11171	243.000 	 26.316 	 352.359
FD11171	243.125 	 26.318 	 352.441
FD11171	243.250 	 26.329 	 352.546
FD11171	243.375 	 26.332 	 352.606
FD11171	243.500 	 26.336 	 352.655
FD11171	243.625 	 26.348 	 352.727
FD11171	243.750 	 26.356 	 352.804
FD11171	243.875 	 26.364 	 352.837
FD11171	244.000 	 26.377 	 352.832
FD11171	244.125 	 26.385 	 352.859
FD11171	244.250 	 26.400 	 352.881
FD11171	244.375 	 26.419 	 352.931
FD11171	244.500 	 26.437 	 353.012
FD11171	244.625 	 26.462 	 353.079
FD11171	244.750 	 26.490 	 353.150
FD11171	244.875 	 26.524 	 353.182
FD11171	245.000 	 26.564 	 353.254
FD11171	245.125 	 26.603 	 353.369
FD11171	245.250 	 26.647 	 353.435
FD11171	245.375 	 26.689 	 353.469
FD11171	245.500 	 26.732 	 353.501
FD11171	245.625 	 26.769 	 353.523
FD11171	245.750 	 26.806 	 353.540
FD11171	245.875 	 26.848 	 353.584
FD11171	246.000 	 26.881 	 353.606
FD11171	246.125 	 26.912 	 353.617
FD11171	246.250 	 26.946 	 353.644
FD11171	246.375 	 26.976 	 353.667
FD11171	246.500 	 27.004 	 353.677
FD11171	246.625 	 27.032 	 353.683
FD11171	246.750 	 27.056 	 353.693
FD11171	246.875 	 27.084 	 353.711
FD11171	247.000 	 27.107 	 353.755
FD11171	247.125 	 27.131 	 353.788
FD11171	247.250 	 27.156 	 353.793
FD11171	247.375 	 27.184 	 353.793
FD11171	247.500 	 27.213 	 353.782
FD11171	247.625 	 27.241 	 353.793
FD11171	247.750 	 27.275 	 353.804
FD11171	247.875 	 27.309 	 353.810
FD11171	248.000 	 27.348 	 353.859
FD11171	248.125 	 27.383 	 353.914
FD11171	248.250 	 27.423 	 353.941
FD11171	248.375 	 27.471 	 353.974
FD11171	248.500 	 27.511 	 354.001
FD11171	248.625 	 27.558 	 354.012
FD11171	248.750 	 27.599 	 354.079
FD11171	248.875 	 27.633 	 354.149
FD11171	249.000 	 27.673 	 354.177
FD11171	249.125 	 27.713 	 354.210
FD11171	249.250 	 27.743 	 354.248
FD11171	249.375 	 27.779 	 354.276
FD11171	249.500 	 27.800 	 354.292
FD11171	249.625 	 27.828 	 354.298
FD11171	249.750 	 27.847 	 354.298
FD11171	249.875 	 27.866 	 354.309
FD11171	250.000 	 27.881 	 354.309
FD11171	250.125 	 27.897 	 354.304
FD11171	250.250 	 27.907 	 354.287
FD11171	250.375 	 27.918 	 354.265
FD11171	250.500 	 27.928 	 354.232
FD11171	250.625 	 27.937 	 354.182
FD11171	250.750 	 27.948 	 354.133
FD11171	250.875 	 27.963 	 354.095
FD11171	251.000 	 27.971 	 354.056
FD11171	251.125 	 27.986 	 354.056
FD11171	251.250 	 27.995 	 354.067
FD11171	251.375 	 28.012 	 354.034
FD11171	251.500 	 28.022 	 354.029
FD11171	251.625 	 28.037 	 354.045
FD11171	251.750 	 28.052 	 354.057
FD11171	251.875 	 28.062 	 354.055
FD11171	252.000 	 28.077 	 354.067
FD11171	252.125 	 28.093 	 354.067
FD11171	252.250 	 28.100 	 354.050
FD11171	252.375 	 28.111 	 354.068
FD11171	252.500 	 28.118 	 354.073
FD11171	252.625 	 28.125 	 354.056
FD11171	252.750 	 28.128 	 354.050
FD11171	252.875 	 28.134 	 354.062
FD11171	253.000 	 28.127 	 354.072
FD11171	253.125 	 28.133 	 354.084
FD11171	253.250 	 28.129 	 354.094
FD11171	253.375 	 28.123 	 354.083
FD11171	253.500 	 28.123 	 354.089
FD11171	253.625 	 28.119 	 354.122
FD11171	253.750 	 28.120 	 354.150
FD11171	253.875 	 28.116 	 354.188
FD11171	254.000 	 28.112 	 354.210
FD11171	254.125 	 28.115 	 354.194
FD11171	254.250 	 28.109 	 354.199
FD11171	254.375 	 28.111 	 354.221
FD11171	254.500 	 28.115 	 354.199
FD11171	254.625 	 28.113 	 354.172
FD11171	254.750 	 28.115 	 354.199
FD11171	254.875 	 28.117 	 354.226
FD11171	255.000 	 28.122 	 354.255
FD11171	255.125 	 28.121 	 354.281
FD11171	255.250 	 28.128 	 354.265
FD11171	255.375 	 28.131 	 354.265
FD11171	255.500 	 28.137 	 354.271
FD11171	255.625 	 28.141 	 354.259
FD11171	255.750 	 28.142 	 354.221
FD11171	255.875 	 28.146 	 354.216
FD11171	256.000 	 28.140 	 354.270
FD11171	256.125 	 28.143 	 354.281
FD11171	256.250 	 28.139 	 354.293
FD11171	256.375 	 28.135 	 354.315
FD11171	256.500 	 28.130 	 354.298
FD11171	256.625 	 28.124 	 354.293
FD11171	256.750 	 28.120 	 354.303
FD11171	256.875 	 28.119 	 354.337
FD11171	257.000 	 28.111 	 354.375
FD11171	257.125 	 28.107 	 354.385
FD11171	257.250 	 28.110 	 354.408
FD11171	257.375 	 28.103 	 354.407
FD11171	257.500 	 28.111 	 354.375
FD11171	257.625 	 28.108 	 354.358
FD11171	257.750 	 28.119 	 354.326
FD11171	257.875 	 28.120 	 354.303
FD11171	258.000 	 28.129 	 354.315
FD11171	258.125 	 28.144 	 354.342
FD11171	258.250 	 28.151 	 354.325
FD11171	258.375 	 28.161 	 354.303
FD11171	258.500 	 28.171 	 354.298
FD11171	258.625 	 28.184 	 354.282
FD11171	258.750 	 28.202 	 354.293
FD11171	258.875 	 28.212 	 354.287
FD11171	259.000 	 28.234 	 354.298
FD11171	259.125 	 28.249 	 354.298
FD11171	259.250 	 28.275 	 354.287
FD11171	259.375 	 28.293 	 354.304
FD11171	259.500 	 28.315 	 354.314
FD11171	259.625 	 28.333 	 354.315
FD11171	259.750 	 28.356 	 354.309
FD11171	259.875 	 28.365 	 354.303
FD11171	260.000 	 28.384 	 354.315
FD11171	260.125 	 28.396 	 354.320
FD11171	260.250 	 28.404 	 354.341
FD11171	260.375 	 28.428 	 354.381
FD11171	260.500 	 28.443 	 354.408
FD11171	260.625 	 28.460 	 354.441
FD11171	260.750 	 28.469 	 354.441
FD11171	260.875 	 28.488 	 354.441
FD11171	261.000 	 28.497 	 354.458
FD11171	261.125 	 28.504 	 354.452
FD11171	261.250 	 28.506 	 354.468
FD11171	261.375 	 28.506 	 354.468
FD11171	261.500 	 28.504 	 354.429
FD11171	261.625 	 28.506 	 354.397
FD11171	261.750 	 28.503 	 354.381
FD11171	261.875 	 28.503 	 354.386
FD11171	262.000 	 28.504 	 354.375
FD11171	262.125 	 28.513 	 354.370
FD11171	262.250 	 28.510 	 354.369
FD11171	262.375 	 28.520 	 354.430
FD11171	262.500 	 28.526 	 354.524
FD11171	262.625 	 28.520 	 354.579
FD11171	262.750 	 28.512 	 354.556
FD11171	262.875 	 28.511 	 354.501
FD11171	263.000 	 28.500 	 354.534
FD11171	263.125 	 28.495 	 354.584
FD11171	263.250 	 28.486 	 354.584
FD11171	263.375 	 28.480 	 354.573
FD11171	263.500 	 28.471 	 354.550
FD11171	263.625 	 28.468 	 354.552
FD11171	263.750 	 28.464 	 354.573
FD11171	263.875 	 28.454 	 354.595
FD11171	264.000 	 28.453 	 354.612
FD11171	264.125 	 28.438 	 354.589
FD11171	264.250 	 28.436 	 354.562
FD11171	264.375 	 28.423 	 354.579
FD11171	264.500 	 28.413 	 354.589
FD11171	264.625 	 28.401 	 354.579
FD11171	264.750 	 28.393 	 354.612
FD11171	264.875 	 28.383 	 354.628
FD11171	265.000 	 28.377 	 354.622
FD11171	265.125 	 28.368 	 354.601
FD11171	265.250 	 28.364 	 354.573
FD11171	265.375 	 28.360 	 354.590
FD11171	265.500 	 28.355 	 354.562
FD11171	265.625 	 28.349 	 354.539
FD11171	265.750 	 28.357 	 354.585
FD11171	265.875 	 28.356 	 354.611
FD11171	266.000 	 28.359 	 354.617
FD11171	266.125 	 28.358 	 354.639
FD11171	266.250 	 28.362 	 354.617
FD11171	266.375 	 28.361 	 354.557
FD11171	266.500 	 28.359 	 354.529
FD11171	266.625 	 28.368 	 354.545
FD11171	266.750 	 28.366 	 354.579
FD11171	266.875 	 28.376 	 354.573
FD11171	267.000 	 28.376 	 354.578
FD11171	267.125 	 28.382 	 354.578
FD11171	267.250 	 28.393 	 354.623
FD11171	267.375 	 28.402 	 354.700
FD11171	267.500 	 28.413 	 354.743
FD11171	267.625 	 28.418 	 354.776
FD11171	267.750 	 28.417 	 354.814
FD11171	267.875 	 28.422 	 354.852
FD11171	268.000 	 28.418 	 354.864
FD11171	268.125 	 28.415 	 354.868
FD11171	268.250 	 28.416 	 354.913
FD11171	268.375 	 28.416 	 354.996
FD11171	268.500 	 28.405 	 355.034
FD11171	268.625 	 28.405 	 355.040
FD11171	268.750 	 28.407 	 355.067
FD11171	268.875 	 28.403 	 355.094
FD11171	269.000 	 28.408 	 355.133
FD11171	269.125 	 28.411 	 355.127
FD11171	269.250 	 28.409 	 355.105
FD11171	269.375 	 28.409 	 355.111
FD11171	269.500 	 28.410 	 355.083
FD11171	269.625 	 28.406 	 355.089
FD11171	269.750 	 28.406 	 355.095
FD11171	269.875 	 28.410 	 355.083
FD11171	270.000 	 28.413 	 355.089
FD11171	270.125 	 28.406 	 355.089
FD11171	270.250 	 28.410 	 355.089
FD11171	270.375 	 28.409 	 355.089
FD11171	270.500 	 28.416 	 355.089
FD11171	270.625 	 28.422 	 355.089
FD11171	270.750 	 28.422 	 355.089
FD11171	270.875 	 28.419 	 355.088
FD11171	271.000 	 28.425 	 355.089
FD11171	271.125 	 28.422 	 355.089
FD11171	271.250 	 28.422 	 355.089
FD11171	271.375 	 28.419 	 355.089
FD11171	271.500 	 28.419 	 355.089
FD11171	271.625 	 28.422 	 355.089
FD11171	271.750 	 28.419 	 355.089
FD11171	271.875 	 28.416 	 355.089
FD11171	272.000 	 28.419 	 355.089
FD11171	272.125 	 28.416 	 355.089
FD11171	272.250 	 28.416 	 355.089
FD11171	272.375 	 28.416 	 355.089
FD11171	272.500 	 28.413 	 355.089
FD11171	272.625 	 28.416 	 355.089
FD11171	272.750 	 28.413 	 355.089
FD11171	272.875 	 28.409 	 355.089
FD11171	273.000 	 28.416 	 355.090
FD11171	273.125 	 28.413 	 355.089
FD11171	273.250 	 28.410 	 355.089
FD11171	273.375 	 28.409 	 355.089
FD11171	273.500 	 28.413 	 355.089
FD11171	273.625 	 28.406 	 355.088
FD11171	273.750 	 28.409 	 355.089
FD11171	273.875 	 28.413 	 355.089
FD11171	274.000 	 28.406 	 355.089
FD11171	274.125 	 28.406 	 355.089
FD11171	274.250 	 28.413 	 355.089
FD11171	274.375 	 28.400 	 355.089
FD11171	274.500 	 28.413 	 355.089
FD11171	274.625 	 28.403 	 355.089
FD11171	274.750 	 28.406 	 355.089
FD11171	274.875 	 28.413 	 355.089
FD11171	275.000 	 28.400 	 355.089
FD11171	275.125 	 28.410 	 355.089
FD11171	275.250 	 28.406 	 355.089
FD11171	275.375 	 28.406 	 355.089
FD11171	275.500 	 28.413 	 355.089
FD11171	275.625 	 28.400 	 355.089
FD11171	275.750 	 28.410 	 355.089
FD11171	275.875 	 28.406 	 355.089
FD11171	276.000 	 28.406 	 355.089
FD11171	276.125 	 28.413 	 355.089
FD11171	276.250 	 28.397 	 355.089
FD11171	276.375 	 28.413 	 355.089
FD11171	276.500 	 28.406 	 355.089
FD11171	276.625 	 28.406 	 355.089
FD11171	276.750 	 28.410 	 355.089
FD11171	276.875 	 28.400 	 355.089
FD11171	277.000 	 28.413 	 355.089
FD11171	277.125 	 28.406 	 355.089
FD11171	277.250 	 28.406 	 355.089
FD11171	277.375 	 28.410 	 355.089
FD11171	277.500 	 28.400 	 355.089
FD11171	277.625 	 28.413 	 355.089
FD11171	277.750 	 28.406 	 355.089
FD11171	277.875 	 28.403 	 355.089
FD11171	278.000 	 28.413 	 355.089
FD11171	278.125 	 28.400 	 355.089
FD11171	278.250 	 28.413 	 355.089
FD11171	278.375 	 28.406 	 355.089
FD11171	278.500 	 28.403 	 355.089
FD11171	278.625 	 28.413 	 355.089
FD11171	278.750 	 28.400 	 355.089
FD11171	278.875 	 28.413 	 355.089
FD11171	279.000 	 28.403 	 355.089
FD11171	279.125 	 28.406 	 355.089
FD11171	279.250 	 28.413 	 355.089
FD11171	279.375 	 28.400 	 355.089
FD11171	279.500 	 28.410 	 355.088
FD11171	279.625 	 28.406 	 355.089
FD11171	279.750 	 28.406 	 355.089
FD11171	279.875 	 28.413 	 355.089
FD11171	280.000 	 28.400 	 355.089
FD11171	280.125 	 28.410 	 355.089
FD11171	280.250 	 28.406 	 355.089
FD11171	280.375 	 28.406 	 355.089
FD11171	280.500 	 28.413 	 355.089
FD11171	280.625 	 28.397 	 355.088
FD11171	280.750 	 28.413 	 355.089
FD11171	280.875 	 28.406 	 355.089
FD11171	281.000 	 28.406 	 355.089
FD11171	281.125 	 28.413 	 355.089
FD11171	281.250 	 28.397 	 355.089
FD11171	281.375 	 28.413 	 355.089
FD11171	281.500 	 28.406 	 355.089
FD11171	281.625 	 28.406 	 355.089
FD11171	281.750 	 28.410 	 355.088
FD11171	281.875 	 28.400 	 355.089
FD11171	282.000 	 28.413 	 355.089
FD11171	282.125 	 28.406 	 355.089
FD11171	282.250 	 28.406 	 355.089
FD11171	282.375 	 28.410 	 355.089
FD11171	282.500 	 28.400 	 355.089
FD11171	282.625 	 28.413 	 355.089
FD11171	282.750 	 28.406 	 355.089
FD11171	282.875 	 28.403 	 355.088
FD11171	283.000 	 28.413 	 355.089
FD11171	283.125 	 0.000 	 90.000
FD11171	283.250 	 0.000 	 90.000
FD11171	283.375 	 0.000 	 90.000
FD11171	283.500 	 0.000 	 90.000
FD11171	283.625 	 0.000 	 90.000
FD11171	283.750 	 0.000 	 90.000
FD11171	283.875 	 0.000 	 90.000
FD11171	284.000 	 0.000 	 90.000
FD11171	284.125 	 0.000 	 90.000
FD11171	284.250 	 0.000 	 90.000
FD11171	284.375 	 0.000 	 90.000
FD11171	284.500 	 0.000 	 90.000
FD11171	284.625 	 0.000 	 90.000
FD11171	284.750 	 0.000 	 90.000
FD11171	284.875 	 0.000 	 90.000
FD11171	285.000 	 0.000 	 90.000
