#WellName	 Depth.M	 INCL	 AZIM 
WellName	 Depth.M	 INCL	 AZIM 
FD11188	0.000 	 0.000 	 0.000
FD11188	0.125 	 0.000 	 90.000
FD11188	0.250 	 0.000 	 90.000
FD11188	0.375 	 0.000 	 90.000
FD11188	0.500 	 0.000 	 90.000
FD11188	0.625 	 0.000 	 90.000
FD11188	0.750 	 0.000 	 90.000
FD11188	0.875 	 0.000 	 90.000
FD11188	1.000 	 0.000 	 90.000
FD11188	1.125 	 0.000 	 90.000
FD11188	1.250 	 0.000 	 90.000
FD11188	1.375 	 0.000 	 90.000
FD11188	1.500 	 0.000 	 90.000
FD11188	1.625 	 0.000 	 90.000
FD11188	1.750 	 0.000 	 90.000
FD11188	1.875 	 0.000 	 90.000
FD11188	2.000 	 0.000 	 90.000
FD11188	2.125 	 0.000 	 90.000
FD11188	2.250 	 0.000 	 90.000
FD11188	2.375 	 0.000 	 90.000
FD11188	2.500 	 0.000 	 90.000
FD11188	2.625 	 0.000 	 90.000
FD11188	2.750 	 0.000 	 90.000
FD11188	2.875 	 0.000 	 90.000
FD11188	3.000 	 0.000 	 90.000
FD11188	3.125 	 0.000 	 90.000
FD11188	3.250 	 0.000 	 90.000
FD11188	3.375 	 0.000 	 90.000
FD11188	3.500 	 0.000 	 90.000
FD11188	3.625 	 0.000 	 90.000
FD11188	3.750 	 0.000 	 90.000
FD11188	3.875 	 0.000 	 90.000
FD11188	4.000 	 0.000 	 90.000
FD11188	4.125 	 0.000 	 90.000
FD11188	4.250 	 0.000 	 90.000
FD11188	4.375 	 0.000 	 90.000
FD11188	4.500 	 0.000 	 90.000
FD11188	4.625 	 0.000 	 90.000
FD11188	4.750 	 0.000 	 90.000
FD11188	4.875 	 0.000 	 90.000
FD11188	5.000 	 0.000 	 90.000
FD11188	5.125 	 0.000 	 90.000
FD11188	5.250 	 0.000 	 90.000
FD11188	5.375 	 0.000 	 90.000
FD11188	5.500 	 0.000 	 90.000
FD11188	5.625 	 0.000 	 90.000
FD11188	5.750 	 0.000 	 90.000
FD11188	5.875 	 0.000 	 90.000
FD11188	6.000 	 0.000 	 90.000
FD11188	6.125 	 0.000 	 90.000
FD11188	6.250 	 0.000 	 90.000
FD11188	6.375 	 0.000 	 90.000
FD11188	6.500 	 0.000 	 90.000
FD11188	6.625 	 0.000 	 90.000
FD11188	6.750 	 0.000 	 90.000
FD11188	6.875 	 0.000 	 90.000
FD11188	7.000 	 0.000 	 90.000
FD11188	7.125 	 0.000 	 90.000
FD11188	7.250 	 0.000 	 90.000
FD11188	7.375 	 0.000 	 90.000
FD11188	7.500 	 0.000 	 90.000
FD11188	7.625 	 0.000 	 90.000
FD11188	7.750 	 0.000 	 90.000
FD11188	7.875 	 0.000 	 90.000
FD11188	8.000 	 0.000 	 90.000
FD11188	8.125 	 0.000 	 90.000
FD11188	8.250 	 0.000 	 90.000
FD11188	8.375 	 0.000 	 90.000
FD11188	8.500 	 0.000 	 90.000
FD11188	8.625 	 0.000 	 90.000
FD11188	8.750 	 0.000 	 90.000
FD11188	8.875 	 0.000 	 90.000
FD11188	9.000 	 0.000 	 90.000
FD11188	9.125 	 0.000 	 90.000
FD11188	9.250 	 0.000 	 90.000
FD11188	9.375 	 0.000 	 90.000
FD11188	9.500 	 0.000 	 90.000
FD11188	9.625 	 0.000 	 90.000
FD11188	9.750 	 0.000 	 90.000
FD11188	9.875 	 0.000 	 90.000
FD11188	10.000 	 0.000 	 90.000
FD11188	10.125 	 0.000 	 90.000
FD11188	10.250 	 0.000 	 90.000
FD11188	10.375 	 0.000 	 90.000
FD11188	10.500 	 0.000 	 90.000
FD11188	10.625 	 0.000 	 90.000
FD11188	10.750 	 0.000 	 90.000
FD11188	10.875 	 0.000 	 90.000
FD11188	11.000 	 0.000 	 90.000
FD11188	11.125 	 0.000 	 90.000
FD11188	11.250 	 0.000 	 90.000
FD11188	11.375 	 0.000 	 90.000
FD11188	11.500 	 0.000 	 90.000
FD11188	11.625 	 0.000 	 90.000
FD11188	11.750 	 0.000 	 90.000
FD11188	11.875 	 0.000 	 90.000
FD11188	12.000 	 0.000 	 90.000
FD11188	12.125 	 0.000 	 90.000
FD11188	12.250 	 0.000 	 90.000
FD11188	12.375 	 0.000 	 90.000
FD11188	12.500 	 0.000 	 90.000
FD11188	12.625 	 0.000 	 90.000
FD11188	12.750 	 0.000 	 90.000
FD11188	12.875 	 0.000 	 90.000
FD11188	13.000 	 0.000 	 90.000
FD11188	13.125 	 0.000 	 90.000
FD11188	13.250 	 0.000 	 90.000
FD11188	13.375 	 0.000 	 90.000
FD11188	13.500 	 0.000 	 90.000
FD11188	13.625 	 0.000 	 90.000
FD11188	13.750 	 0.000 	 90.000
FD11188	13.875 	 0.000 	 90.000
FD11188	14.000 	 0.000 	 90.000
FD11188	14.125 	 0.000 	 90.000
FD11188	14.250 	 0.000 	 90.000
FD11188	14.375 	 0.000 	 90.000
FD11188	14.500 	 0.000 	 90.000
FD11188	14.625 	 0.000 	 90.000
FD11188	14.750 	 0.000 	 90.000
FD11188	14.875 	 0.000 	 90.000
FD11188	15.000 	 0.000 	 90.000
FD11188	15.125 	 0.000 	 90.000
FD11188	15.250 	 0.000 	 90.000
FD11188	15.375 	 0.000 	 90.000
FD11188	15.500 	 0.000 	 90.000
FD11188	15.625 	 0.000 	 90.000
FD11188	15.750 	 0.000 	 90.000
FD11188	15.875 	 0.000 	 90.000
FD11188	16.000 	 0.000 	 90.000
FD11188	16.125 	 0.000 	 90.000
FD11188	16.250 	 0.000 	 90.000
FD11188	16.375 	 0.000 	 90.000
FD11188	16.500 	 0.000 	 90.000
FD11188	16.625 	 0.000 	 90.000
FD11188	16.750 	 0.000 	 90.000
FD11188	16.875 	 0.000 	 90.000
FD11188	17.000 	 0.000 	 90.000
FD11188	17.125 	 0.000 	 90.000
FD11188	17.250 	 0.000 	 90.000
FD11188	17.375 	 0.000 	 90.000
FD11188	17.500 	 0.000 	 90.000
FD11188	17.625 	 0.000 	 90.000
FD11188	17.750 	 0.000 	 90.000
FD11188	17.875 	 0.000 	 90.000
FD11188	18.000 	 0.000 	 90.000
FD11188	18.125 	 0.000 	 90.000
FD11188	18.250 	 0.000 	 90.000
FD11188	18.375 	 0.000 	 90.000
FD11188	18.500 	 0.000 	 90.000
FD11188	18.625 	 0.000 	 90.000
FD11188	18.750 	 0.000 	 90.000
FD11188	18.875 	 0.000 	 90.000
FD11188	19.000 	 0.000 	 90.000
FD11188	19.125 	 0.000 	 90.000
FD11188	19.250 	 0.000 	 90.000
FD11188	19.375 	 0.000 	 90.000
FD11188	19.500 	 0.000 	 90.000
FD11188	19.625 	 0.000 	 90.000
FD11188	19.750 	 0.000 	 90.000
FD11188	19.875 	 0.000 	 90.000
FD11188	20.000 	 0.000 	 90.000
FD11188	20.125 	 0.000 	 90.000
FD11188	20.250 	 0.000 	 90.000
FD11188	20.375 	 0.000 	 90.000
FD11188	20.500 	 0.000 	 90.000
FD11188	20.625 	 0.000 	 90.000
FD11188	20.750 	 0.000 	 90.000
FD11188	20.875 	 0.000 	 90.000
FD11188	21.000 	 0.000 	 90.000
FD11188	21.125 	 0.000 	 90.000
FD11188	21.250 	 0.000 	 90.000
FD11188	21.375 	 0.000 	 90.000
FD11188	21.500 	 0.000 	 90.000
FD11188	21.625 	 0.000 	 90.000
FD11188	21.750 	 0.000 	 90.000
FD11188	21.875 	 0.000 	 90.000
FD11188	22.000 	 0.000 	 90.000
FD11188	22.125 	 0.000 	 90.000
FD11188	22.250 	 0.000 	 90.000
FD11188	22.375 	 0.000 	 90.000
FD11188	22.500 	 0.000 	 90.000
FD11188	22.625 	 0.000 	 90.000
FD11188	22.750 	 0.000 	 90.000
FD11188	22.875 	 0.000 	 90.000
FD11188	23.000 	 0.000 	 90.000
FD11188	23.125 	 0.000 	 90.000
FD11188	23.250 	 0.000 	 90.000
FD11188	23.375 	 0.000 	 90.000
FD11188	23.500 	 0.000 	 90.000
FD11188	23.625 	 0.000 	 90.000
FD11188	23.750 	 0.000 	 90.000
FD11188	23.875 	 0.000 	 90.000
FD11188	24.000 	 0.000 	 90.000
FD11188	24.125 	 0.000 	 90.000
FD11188	24.250 	 0.000 	 90.000
FD11188	24.375 	 0.000 	 90.000
FD11188	24.500 	 0.000 	 90.000
FD11188	24.625 	 0.000 	 90.000
FD11188	24.750 	 0.000 	 90.000
FD11188	24.875 	 0.000 	 90.000
FD11188	25.000 	 0.000 	 90.000
FD11188	25.125 	 0.000 	 90.000
FD11188	25.250 	 0.000 	 90.000
FD11188	25.375 	 0.000 	 90.000
FD11188	25.500 	 0.000 	 90.000
FD11188	25.625 	 0.000 	 90.000
FD11188	25.750 	 0.000 	 90.000
FD11188	25.875 	 0.000 	 90.000
FD11188	26.000 	 0.000 	 90.000
FD11188	26.125 	 0.000 	 90.000
FD11188	26.250 	 0.000 	 90.000
FD11188	26.375 	 0.000 	 90.000
FD11188	26.500 	 0.000 	 90.000
FD11188	26.625 	 0.000 	 90.000
FD11188	26.750 	 0.000 	 90.000
FD11188	26.875 	 0.000 	 90.000
FD11188	27.000 	 0.000 	 90.000
FD11188	27.125 	 0.000 	 90.000
FD11188	27.250 	 0.000 	 90.000
FD11188	27.375 	 0.000 	 90.000
FD11188	27.500 	 0.000 	 90.000
FD11188	27.625 	 0.000 	 90.000
FD11188	27.750 	 0.000 	 90.000
FD11188	27.875 	 0.000 	 90.000
FD11188	28.000 	 0.000 	 90.000
FD11188	28.125 	 0.000 	 90.000
FD11188	28.250 	 0.000 	 90.000
FD11188	28.375 	 0.000 	 90.000
FD11188	28.500 	 0.000 	 90.000
FD11188	28.625 	 0.000 	 90.000
FD11188	28.750 	 0.000 	 90.000
FD11188	28.875 	 0.000 	 90.000
FD11188	29.000 	 0.000 	 90.000
FD11188	29.125 	 0.000 	 90.000
FD11188	29.250 	 0.000 	 90.000
FD11188	29.375 	 0.000 	 90.000
FD11188	29.500 	 0.000 	 90.000
FD11188	29.625 	 0.000 	 90.000
FD11188	29.750 	 0.000 	 90.000
FD11188	29.875 	 0.000 	 90.000
FD11188	30.000 	 0.000 	 90.000
FD11188	30.125 	 0.000 	 90.000
FD11188	30.250 	 0.000 	 90.000
FD11188	30.375 	 0.000 	 90.000
FD11188	30.500 	 0.000 	 90.000
FD11188	30.625 	 0.000 	 90.000
FD11188	30.750 	 0.000 	 90.000
FD11188	30.875 	 0.000 	 90.000
FD11188	31.000 	 0.000 	 90.000
FD11188	31.125 	 0.000 	 90.000
FD11188	31.250 	 0.000 	 90.000
FD11188	31.375 	 0.000 	 90.000
FD11188	31.500 	 0.000 	 90.000
FD11188	31.625 	 0.000 	 90.000
FD11188	31.750 	 0.000 	 90.000
FD11188	31.875 	 0.000 	 90.000
FD11188	32.000 	 0.000 	 90.000
FD11188	32.125 	 0.000 	 90.000
FD11188	32.250 	 0.000 	 90.000
FD11188	32.375 	 0.000 	 90.000
FD11188	32.500 	 0.000 	 90.000
FD11188	32.625 	 0.000 	 90.000
FD11188	32.750 	 0.000 	 90.000
FD11188	32.875 	 0.000 	 90.000
FD11188	33.000 	 0.000 	 90.000
FD11188	33.125 	 0.000 	 90.000
FD11188	33.250 	 0.000 	 90.000
FD11188	33.375 	 0.000 	 90.000
FD11188	33.500 	 0.000 	 90.000
FD11188	33.625 	 0.000 	 90.000
FD11188	33.750 	 0.000 	 90.000
FD11188	33.875 	 0.000 	 90.000
FD11188	34.000 	 0.000 	 90.000
FD11188	34.125 	 0.000 	 90.000
FD11188	34.250 	 0.000 	 90.000
FD11188	34.375 	 0.000 	 90.000
FD11188	34.500 	 0.000 	 90.000
FD11188	34.625 	 0.000 	 90.000
FD11188	34.750 	 0.000 	 90.000
FD11188	34.875 	 0.000 	 90.000
FD11188	35.000 	 0.000 	 90.000
FD11188	35.125 	 0.000 	 90.000
FD11188	35.250 	 0.000 	 90.000
FD11188	35.375 	 0.000 	 90.000
FD11188	35.500 	 0.000 	 90.000
FD11188	35.625 	 0.000 	 90.000
FD11188	35.750 	 0.000 	 90.000
FD11188	35.875 	 0.000 	 90.000
FD11188	36.000 	 0.000 	 90.000
FD11188	36.125 	 0.000 	 90.000
FD11188	36.250 	 0.000 	 90.000
FD11188	36.375 	 0.000 	 90.000
FD11188	36.500 	 0.000 	 90.000
FD11188	36.625 	 0.000 	 90.000
FD11188	36.750 	 0.000 	 90.000
FD11188	36.875 	 0.000 	 90.000
FD11188	37.000 	 0.000 	 90.000
FD11188	37.125 	 0.000 	 90.000
FD11188	37.250 	 0.000 	 90.000
FD11188	37.375 	 0.000 	 90.000
FD11188	37.500 	 0.000 	 90.000
FD11188	37.625 	 0.000 	 90.000
FD11188	37.750 	 0.000 	 90.000
FD11188	37.875 	 0.000 	 90.000
FD11188	38.000 	 0.000 	 90.000
FD11188	38.125 	 0.000 	 90.000
FD11188	38.250 	 0.000 	 90.000
FD11188	38.375 	 0.000 	 90.000
FD11188	38.500 	 0.000 	 90.000
FD11188	38.625 	 0.000 	 90.000
FD11188	38.750 	 0.000 	 90.000
FD11188	38.875 	 0.000 	 90.000
FD11188	39.000 	 0.000 	 90.000
FD11188	39.125 	 0.000 	 90.000
FD11188	39.250 	 0.000 	 90.000
FD11188	39.375 	 0.000 	 90.000
FD11188	39.500 	 0.000 	 90.000
FD11188	39.625 	 0.000 	 90.000
FD11188	39.750 	 0.000 	 90.000
FD11188	39.875 	 0.000 	 90.000
FD11188	40.000 	 0.000 	 90.000
FD11188	40.125 	 0.775 	 243.773
FD11188	40.250 	 0.776 	 242.663
FD11188	40.375 	 0.777 	 241.645
FD11188	40.500 	 0.778 	 241.304
FD11188	40.625 	 0.779 	 241.391
FD11188	40.750 	 0.780 	 241.490
FD11188	40.875 	 0.781 	 242.075
FD11188	41.000 	 0.781 	 243.147
FD11188	41.125 	 0.782 	 244.715
FD11188	41.250 	 0.782 	 246.423
FD11188	41.375 	 0.782 	 248.003
FD11188	41.500 	 0.783 	 249.371
FD11188	41.625 	 0.783 	 250.722
FD11188	41.750 	 0.783 	 252.035
FD11188	41.875 	 0.783 	 252.323
FD11188	42.000 	 0.783 	 252.048
FD11188	42.125 	 0.783 	 252.257
FD11188	42.250 	 0.783 	 251.938
FD11188	42.375 	 0.783 	 251.079
FD11188	42.500 	 0.783 	 251.244
FD11188	42.625 	 0.783 	 252.293
FD11188	42.750 	 0.783 	 252.925
FD11188	42.875 	 0.783 	 253.861
FD11188	43.000 	 0.783 	 255.053
FD11188	43.125 	 0.784 	 256.133
FD11188	43.250 	 0.784 	 257.363
FD11188	43.375 	 0.785 	 258.497
FD11188	43.500 	 0.786 	 259.520
FD11188	43.625 	 0.788 	 260.392
FD11188	43.750 	 0.789 	 261.085
FD11188	43.875 	 0.791 	 261.678
FD11188	44.000 	 0.793 	 262.777
FD11188	44.125 	 0.796 	 263.776
FD11188	44.250 	 0.799 	 264.424
FD11188	44.375 	 0.803 	 265.427
FD11188	44.500 	 0.806 	 266.663
FD11188	44.625 	 0.810 	 267.399
FD11188	44.750 	 0.815 	 267.888
FD11188	44.875 	 0.820 	 269.242
FD11188	45.000 	 0.825 	 271.197
FD11188	45.125 	 0.831 	 271.930
FD11188	45.250 	 0.837 	 271.848
FD11188	45.375 	 0.842 	 272.991
FD11188	45.500 	 0.848 	 274.870
FD11188	45.625 	 0.854 	 276.227
FD11188	45.750 	 0.860 	 276.617
FD11188	45.875 	 0.866 	 277.536
FD11188	46.000 	 0.873 	 279.558
FD11188	46.125 	 0.880 	 280.604
FD11188	46.250 	 0.886 	 281.236
FD11188	46.375 	 0.893 	 282.870
FD11188	46.500 	 0.900 	 284.711
FD11188	46.625 	 0.907 	 286.576
FD11188	46.750 	 0.914 	 288.641
FD11188	46.875 	 0.921 	 290.717
FD11188	47.000 	 0.929 	 292.261
FD11188	47.125 	 0.936 	 292.423
FD11188	47.250 	 0.943 	 291.830
FD11188	47.375 	 0.951 	 291.816
FD11188	47.500 	 0.959 	 292.178
FD11188	47.625 	 0.965 	 292.050
FD11188	47.750 	 0.973 	 291.994
FD11188	47.875 	 0.979 	 293.071
FD11188	48.000 	 0.986 	 294.198
FD11188	48.125 	 0.992 	 294.716
FD11188	48.250 	 0.998 	 295.123
FD11188	48.375 	 1.004 	 295.354
FD11188	48.500 	 1.008 	 295.463
FD11188	48.625 	 1.013 	 295.474
FD11188	48.750 	 1.017 	 295.524
FD11188	48.875 	 1.021 	 295.560
FD11188	49.000 	 1.024 	 295.526
FD11188	49.125 	 1.027 	 295.527
FD11188	49.250 	 1.030 	 295.532
FD11188	49.375 	 1.032 	 295.516
FD11188	49.500 	 1.034 	 295.471
FD11188	49.625 	 1.036 	 295.422
FD11188	49.750 	 1.036 	 295.455
FD11188	49.875 	 1.037 	 295.584
FD11188	50.000 	 1.037 	 295.727
FD11188	50.125 	 1.037 	 295.901
FD11188	50.250 	 1.037 	 296.060
FD11188	50.375 	 1.037 	 296.172
FD11188	50.500 	 1.037 	 296.375
FD11188	50.625 	 1.036 	 296.615
FD11188	50.750 	 1.035 	 296.785
FD11188	50.875 	 1.035 	 297.004
FD11188	51.000 	 1.033 	 297.323
FD11188	51.125 	 1.031 	 297.584
FD11188	51.250 	 1.031 	 297.847
FD11188	51.375 	 1.029 	 298.120
FD11188	51.500 	 1.028 	 298.405
FD11188	51.625 	 1.026 	 298.756
FD11188	51.750 	 1.025 	 299.076
FD11188	51.875 	 1.025 	 299.372
FD11188	52.000 	 1.025 	 299.718
FD11188	52.125 	 1.024 	 300.097
FD11188	52.250 	 1.024 	 300.465
FD11188	52.375 	 1.024 	 300.806
FD11188	52.500 	 1.024 	 301.184
FD11188	52.625 	 1.024 	 301.646
FD11188	52.750 	 1.024 	 302.080
FD11188	52.875 	 1.024 	 302.498
FD11188	53.000 	 1.024 	 302.921
FD11188	53.125 	 1.025 	 303.335
FD11188	53.250 	 1.025 	 303.775
FD11188	53.375 	 1.024 	 304.226
FD11188	53.500 	 1.024 	 304.719
FD11188	53.625 	 1.023 	 305.239
FD11188	53.750 	 1.022 	 305.750
FD11188	53.875 	 1.021 	 306.285
FD11188	54.000 	 1.018 	 306.818
FD11188	54.125 	 1.015 	 307.368
FD11188	54.250 	 1.012 	 307.950
FD11188	54.375 	 1.007 	 308.532
FD11188	54.500 	 1.002 	 309.125
FD11188	54.625 	 0.997 	 309.735
FD11188	54.750 	 0.992 	 310.438
FD11188	54.875 	 0.987 	 311.155
FD11188	55.000 	 0.982 	 311.759
FD11188	55.125 	 0.976 	 312.402
FD11188	55.250 	 0.971 	 313.132
FD11188	55.375 	 0.965 	 313.854
FD11188	55.500 	 0.959 	 314.563
FD11188	55.625 	 0.955 	 315.258
FD11188	55.750 	 0.950 	 315.967
FD11188	55.875 	 0.946 	 316.711
FD11188	56.000 	 0.942 	 317.447
FD11188	56.125 	 0.939 	 318.175
FD11188	56.250 	 0.936 	 318.890
FD11188	56.375 	 0.934 	 319.537
FD11188	56.500 	 0.932 	 320.208
FD11188	56.625 	 0.932 	 320.908
FD11188	56.750 	 0.931 	 321.534
FD11188	56.875 	 0.929 	 322.243
FD11188	57.000 	 0.929 	 323.001
FD11188	57.125 	 0.929 	 323.638
FD11188	57.250 	 0.930 	 324.220
FD11188	57.375 	 0.932 	 324.841
FD11188	57.500 	 0.934 	 325.538
FD11188	57.625 	 0.936 	 326.212
FD11188	57.750 	 0.940 	 326.843
FD11188	57.875 	 0.943 	 327.514
FD11188	58.000 	 0.948 	 328.183
FD11188	58.125 	 0.953 	 328.859
FD11188	58.250 	 0.957 	 329.513
FD11188	58.375 	 0.963 	 330.153
FD11188	58.500 	 0.969 	 330.818
FD11188	58.625 	 0.975 	 331.504
FD11188	58.750 	 0.983 	 332.284
FD11188	58.875 	 0.991 	 333.059
FD11188	59.000 	 0.999 	 333.768
FD11188	59.125 	 1.007 	 334.443
FD11188	59.250 	 1.015 	 335.080
FD11188	59.375 	 1.024 	 335.748
FD11188	59.500 	 1.032 	 336.418
FD11188	59.625 	 1.040 	 337.050
FD11188	59.750 	 1.049 	 337.763
FD11188	59.875 	 1.057 	 338.521
FD11188	60.000 	 1.065 	 339.274
FD11188	60.125 	 1.073 	 340.013
FD11188	60.250 	 1.081 	 340.722
FD11188	60.375 	 1.088 	 341.430
FD11188	60.500 	 1.095 	 342.106
FD11188	60.625 	 1.103 	 342.875
FD11188	60.750 	 1.109 	 343.704
FD11188	60.875 	 1.115 	 344.474
FD11188	61.000 	 1.121 	 345.248
FD11188	61.125 	 1.127 	 345.990
FD11188	61.250 	 1.133 	 346.665
FD11188	61.375 	 1.139 	 347.300
FD11188	61.500 	 1.146 	 347.893
FD11188	61.625 	 1.152 	 348.515
FD11188	61.750 	 1.160 	 349.183
FD11188	61.875 	 1.167 	 349.816
FD11188	62.000 	 1.176 	 350.695
FD11188	62.125 	 1.186 	 351.735
FD11188	62.250 	 1.195 	 352.521
FD11188	62.375 	 1.206 	 353.059
FD11188	62.500 	 1.219 	 353.740
FD11188	62.625 	 1.232 	 354.595
FD11188	62.750 	 1.246 	 355.270
FD11188	62.875 	 1.261 	 355.864
FD11188	63.000 	 1.277 	 356.413
FD11188	63.125 	 1.294 	 356.831
FD11188	63.250 	 1.312 	 357.314
FD11188	63.375 	 1.330 	 357.976
FD11188	63.500 	 1.350 	 0.000
FD11188	63.625 	 1.369 	 0.000
FD11188	63.750 	 1.390 	 0.000
FD11188	63.875 	 1.409 	 6.659
FD11188	64.000 	 1.432 	 14.694
FD11188	64.125 	 1.455 	 16.727
FD11188	64.250 	 1.477 	 16.732
FD11188	64.375 	 1.500 	 16.644
FD11188	64.500 	 1.522 	 16.908
FD11188	64.625 	 1.546 	 17.177
FD11188	64.750 	 1.569 	 17.331
FD11188	64.875 	 1.591 	 17.517
FD11188	65.000 	 1.615 	 17.749
FD11188	65.125 	 1.638 	 17.924
FD11188	65.250 	 1.662 	 18.106
FD11188	65.375 	 1.686 	 18.278
FD11188	65.500 	 1.710 	 18.520
FD11188	65.625 	 1.733 	 18.836
FD11188	65.750 	 1.757 	 19.149
FD11188	65.875 	 1.780 	 19.396
FD11188	66.000 	 1.804 	 19.649
FD11188	66.125 	 1.827 	 19.945
FD11188	66.250 	 1.851 	 20.259
FD11188	66.375 	 1.873 	 20.652
FD11188	66.500 	 1.896 	 21.080
FD11188	66.625 	 1.918 	 21.503
FD11188	66.750 	 1.941 	 21.898
FD11188	66.875 	 1.963 	 22.212
FD11188	67.000 	 1.985 	 22.481
FD11188	67.125 	 2.007 	 22.873
FD11188	67.250 	 2.028 	 23.434
FD11188	67.375 	 2.049 	 23.920
FD11188	67.500 	 2.071 	 24.338
FD11188	67.625 	 2.094 	 24.840
FD11188	67.750 	 2.116 	 25.279
FD11188	67.875 	 2.139 	 25.694
FD11188	68.000 	 2.163 	 26.145
FD11188	68.125 	 2.187 	 26.634
FD11188	68.250 	 2.211 	 27.117
FD11188	68.375 	 2.237 	 27.515
FD11188	68.500 	 2.264 	 27.867
FD11188	68.625 	 2.293 	 28.229
FD11188	68.750 	 2.324 	 28.598
FD11188	68.875 	 2.356 	 28.713
FD11188	69.000 	 2.390 	 28.723
FD11188	69.125 	 2.426 	 28.880
FD11188	69.250 	 2.463 	 28.990
FD11188	69.375 	 2.502 	 28.877
FD11188	69.500 	 2.540 	 28.674
FD11188	69.625 	 2.579 	 28.764
FD11188	69.750 	 2.617 	 29.045
FD11188	69.875 	 2.655 	 29.521
FD11188	70.000 	 2.694 	 30.042
FD11188	70.125 	 2.732 	 30.448
FD11188	70.250 	 2.769 	 30.910
FD11188	70.375 	 2.804 	 31.284
FD11188	70.500 	 2.838 	 31.575
FD11188	70.625 	 2.871 	 31.888
FD11188	70.750 	 2.907 	 32.284
FD11188	70.875 	 2.944 	 32.632
FD11188	71.000 	 2.973 	 32.929
FD11188	71.125 	 2.999 	 33.371
FD11188	71.250 	 3.023 	 33.684
FD11188	71.375 	 3.045 	 33.840
FD11188	71.500 	 3.067 	 33.945
FD11188	71.625 	 3.089 	 34.077
FD11188	71.750 	 3.112 	 34.396
FD11188	71.875 	 3.137 	 34.736
FD11188	72.000 	 3.164 	 34.939
FD11188	72.125 	 3.193 	 34.994
FD11188	72.250 	 3.225 	 34.824
FD11188	72.375 	 3.258 	 34.964
FD11188	72.500 	 3.293 	 35.338
FD11188	72.625 	 3.330 	 35.483
FD11188	72.750 	 3.368 	 35.779
FD11188	72.875 	 3.407 	 36.046
FD11188	73.000 	 3.447 	 36.228
FD11188	73.125 	 3.489 	 36.521
FD11188	73.250 	 3.532 	 36.807
FD11188	73.375 	 3.578 	 36.944
FD11188	73.500 	 3.624 	 37.021
FD11188	73.625 	 3.669 	 37.186
FD11188	73.750 	 3.715 	 37.367
FD11188	73.875 	 3.759 	 37.447
FD11188	74.000 	 3.803 	 37.518
FD11188	74.125 	 3.847 	 37.562
FD11188	74.250 	 3.890 	 37.573
FD11188	74.375 	 3.933 	 37.614
FD11188	74.500 	 3.977 	 37.741
FD11188	74.625 	 4.020 	 37.752
FD11188	74.750 	 4.061 	 37.593
FD11188	74.875 	 4.103 	 37.512
FD11188	75.000 	 4.142 	 37.754
FD11188	75.125 	 4.180 	 37.942
FD11188	75.250 	 4.218 	 37.859
FD11188	75.375 	 4.257 	 37.823
FD11188	75.500 	 4.297 	 37.757
FD11188	75.625 	 4.339 	 37.749
FD11188	75.750 	 4.381 	 37.722
FD11188	75.875 	 4.424 	 37.708
FD11188	76.000 	 4.466 	 37.802
FD11188	76.125 	 4.506 	 37.955
FD11188	76.250 	 4.546 	 38.027
FD11188	76.375 	 4.585 	 38.090
FD11188	76.500 	 4.624 	 38.342
FD11188	76.625 	 4.660 	 38.545
FD11188	76.750 	 4.698 	 38.711
FD11188	76.875 	 4.737 	 38.776
FD11188	77.000 	 4.776 	 38.793
FD11188	77.125 	 4.817 	 38.779
FD11188	77.250 	 4.859 	 38.537
FD11188	77.375 	 4.902 	 38.389
FD11188	77.500 	 4.942 	 38.394
FD11188	77.625 	 4.980 	 38.496
FD11188	77.750 	 5.020 	 38.595
FD11188	77.875 	 5.058 	 38.540
FD11188	78.000 	 5.095 	 38.452
FD11188	78.125 	 5.133 	 38.485
FD11188	78.250 	 5.169 	 38.310
FD11188	78.375 	 5.205 	 38.024
FD11188	78.500 	 5.243 	 37.963
FD11188	78.625 	 5.282 	 37.813
FD11188	78.750 	 5.323 	 37.686
FD11188	78.875 	 5.363 	 37.697
FD11188	79.000 	 5.403 	 37.697
FD11188	79.125 	 5.442 	 37.565
FD11188	79.250 	 5.479 	 37.422
FD11188	79.375 	 5.517 	 37.397
FD11188	79.500 	 5.557 	 37.490
FD11188	79.625 	 5.597 	 37.614
FD11188	79.750 	 5.639 	 37.675
FD11188	79.875 	 5.680 	 37.581
FD11188	80.000 	 5.722 	 37.598
FD11188	80.125 	 5.762 	 37.735
FD11188	80.250 	 5.802 	 37.642
FD11188	80.375 	 5.841 	 37.532
FD11188	80.500 	 5.880 	 37.653
FD11188	80.625 	 5.916 	 37.809
FD11188	80.750 	 5.952 	 37.859
FD11188	80.875 	 5.988 	 37.820
FD11188	81.000 	 6.023 	 37.733
FD11188	81.125 	 6.059 	 37.557
FD11188	81.250 	 6.094 	 37.320
FD11188	81.375 	 6.129 	 37.307
FD11188	81.500 	 6.163 	 37.346
FD11188	81.625 	 6.197 	 37.395
FD11188	81.750 	 6.231 	 37.427
FD11188	81.875 	 6.266 	 37.378
FD11188	82.000 	 6.301 	 37.307
FD11188	82.125 	 6.337 	 37.181
FD11188	82.250 	 6.376 	 37.076
FD11188	82.375 	 6.415 	 36.988
FD11188	82.500 	 6.457 	 36.945
FD11188	82.625 	 6.500 	 36.829
FD11188	82.750 	 6.543 	 36.730
FD11188	82.875 	 6.585 	 36.606
FD11188	83.000 	 6.626 	 36.497
FD11188	83.125 	 6.665 	 36.579
FD11188	83.250 	 6.705 	 36.596
FD11188	83.375 	 6.746 	 36.698
FD11188	83.500 	 6.786 	 36.791
FD11188	83.625 	 6.828 	 36.754
FD11188	83.750 	 6.867 	 36.535
FD11188	83.875 	 6.906 	 36.203
FD11188	84.000 	 6.943 	 36.154
FD11188	84.125 	 6.981 	 36.035
FD11188	84.250 	 7.021 	 36.041
FD11188	84.375 	 7.060 	 36.263
FD11188	84.500 	 7.100 	 36.423
FD11188	84.625 	 7.138 	 36.417
FD11188	84.750 	 7.177 	 36.296
FD11188	84.875 	 7.216 	 36.400
FD11188	85.000 	 7.258 	 36.417
FD11188	85.125 	 7.300 	 36.288
FD11188	85.250 	 7.342 	 36.222
FD11188	85.375 	 7.384 	 36.123
FD11188	85.500 	 7.426 	 36.057
FD11188	85.625 	 7.468 	 36.027
FD11188	85.750 	 7.510 	 35.955
FD11188	85.875 	 7.551 	 35.939
FD11188	86.000 	 7.594 	 35.939
FD11188	86.125 	 7.635 	 35.900
FD11188	86.250 	 7.677 	 35.950
FD11188	86.375 	 7.718 	 35.997
FD11188	86.500 	 7.760 	 35.925
FD11188	86.625 	 7.800 	 35.780
FD11188	86.750 	 7.838 	 35.642
FD11188	86.875 	 7.878 	 35.497
FD11188	87.000 	 7.916 	 35.387
FD11188	87.125 	 7.956 	 35.483
FD11188	87.250 	 7.996 	 35.489
FD11188	87.375 	 8.040 	 35.341
FD11188	87.500 	 8.083 	 35.231
FD11188	87.625 	 8.129 	 35.159
FD11188	87.750 	 8.176 	 35.098
FD11188	87.875 	 8.223 	 35.057
FD11188	88.000 	 8.271 	 35.084
FD11188	88.125 	 8.321 	 35.139
FD11188	88.250 	 8.372 	 35.173
FD11188	88.375 	 8.422 	 35.098
FD11188	88.500 	 8.474 	 34.918
FD11188	88.625 	 8.524 	 34.778
FD11188	88.750 	 8.576 	 34.794
FD11188	88.875 	 8.625 	 34.907
FD11188	89.000 	 8.676 	 34.906
FD11188	89.125 	 8.726 	 34.802
FD11188	89.250 	 8.776 	 34.780
FD11188	89.375 	 8.825 	 34.698
FD11188	89.500 	 8.870 	 34.637
FD11188	89.625 	 8.913 	 34.725
FD11188	89.750 	 8.954 	 34.764
FD11188	89.875 	 8.993 	 34.772
FD11188	90.000 	 9.033 	 34.805
FD11188	90.125 	 9.070 	 34.841
FD11188	90.250 	 9.109 	 34.835
FD11188	90.375 	 9.146 	 34.852
FD11188	90.500 	 9.181 	 34.873
FD11188	90.625 	 9.215 	 34.879
FD11188	90.750 	 9.253 	 34.862
FD11188	90.875 	 9.292 	 34.733
FD11188	91.000 	 9.334 	 34.519
FD11188	91.125 	 9.376 	 34.332
FD11188	91.250 	 9.419 	 34.222
FD11188	91.375 	 9.458 	 34.134
FD11188	91.500 	 9.500 	 34.080
FD11188	91.625 	 9.541 	 33.992
FD11188	91.750 	 9.584 	 33.970
FD11188	91.875 	 9.628 	 33.982
FD11188	92.000 	 9.670 	 33.865
FD11188	92.125 	 9.711 	 33.816
FD11188	92.250 	 9.753 	 33.761
FD11188	92.375 	 9.792 	 33.605
FD11188	92.500 	 9.832 	 33.461
FD11188	92.625 	 9.871 	 33.311
FD11188	92.750 	 9.908 	 33.107
FD11188	92.875 	 9.944 	 32.951
FD11188	93.000 	 9.979 	 32.874
FD11188	93.125 	 10.014 	 32.799
FD11188	93.250 	 10.051 	 32.772
FD11188	93.375 	 10.092 	 32.640
FD11188	93.500 	 10.137 	 32.493
FD11188	93.625 	 10.182 	 32.410
FD11188	93.750 	 10.228 	 32.328
FD11188	93.875 	 10.275 	 32.330
FD11188	94.000 	 10.324 	 32.303
FD11188	94.125 	 10.376 	 32.168
FD11188	94.250 	 10.429 	 31.954
FD11188	94.375 	 10.480 	 31.747
FD11188	94.500 	 10.533 	 31.572
FD11188	94.625 	 10.588 	 31.421
FD11188	94.750 	 10.644 	 31.498
FD11188	94.875 	 10.700 	 31.569
FD11188	95.000 	 10.759 	 31.415
FD11188	95.125 	 10.816 	 31.237
FD11188	95.250 	 10.868 	 31.110
FD11188	95.375 	 10.919 	 31.019
FD11188	95.500 	 10.965 	 30.943
FD11188	95.625 	 11.007 	 30.729
FD11188	95.750 	 11.049 	 30.498
FD11188	95.875 	 11.089 	 30.418
FD11188	96.000 	 11.128 	 30.276
FD11188	96.125 	 11.165 	 30.113
FD11188	96.250 	 11.201 	 29.960
FD11188	96.375 	 11.239 	 29.825
FD11188	96.500 	 11.277 	 29.759
FD11188	96.625 	 11.315 	 29.683
FD11188	96.750 	 11.351 	 29.699
FD11188	96.875 	 11.386 	 29.743
FD11188	97.000 	 11.421 	 29.578
FD11188	97.125 	 11.455 	 29.457
FD11188	97.250 	 11.489 	 29.419
FD11188	97.375 	 11.524 	 29.248
FD11188	97.500 	 11.559 	 29.072
FD11188	97.625 	 11.598 	 29.017
FD11188	97.750 	 11.639 	 29.001
FD11188	97.875 	 11.681 	 28.988
FD11188	98.000 	 11.724 	 29.136
FD11188	98.125 	 11.765 	 29.251
FD11188	98.250 	 11.807 	 29.213
FD11188	98.375 	 11.849 	 29.054
FD11188	98.500 	 11.891 	 28.977
FD11188	98.625 	 11.932 	 29.065
FD11188	98.750 	 11.971 	 29.015
FD11188	98.875 	 12.010 	 28.938
FD11188	99.000 	 12.049 	 28.878
FD11188	99.125 	 12.085 	 28.850
FD11188	99.250 	 12.122 	 28.850
FD11188	99.375 	 12.160 	 28.872
FD11188	99.500 	 12.197 	 28.822
FD11188	99.625 	 12.235 	 28.732
FD11188	99.750 	 12.274 	 28.628
FD11188	99.875 	 12.313 	 28.449
FD11188	100.000 	 12.351 	 28.444
FD11188	100.125 	 12.389 	 28.353
FD11188	100.250 	 12.428 	 28.193
FD11188	100.375 	 12.467 	 28.216
FD11188	100.500 	 12.507 	 28.199
FD11188	100.625 	 12.548 	 28.106
FD11188	100.750 	 12.590 	 27.991
FD11188	100.875 	 12.633 	 27.796
FD11188	101.000 	 12.676 	 27.631
FD11188	101.125 	 12.719 	 27.524
FD11188	101.250 	 12.760 	 27.358
FD11188	101.375 	 12.799 	 27.169
FD11188	101.500 	 12.838 	 27.070
FD11188	101.625 	 12.875 	 26.911
FD11188	101.750 	 12.909 	 26.592
FD11188	101.875 	 12.942 	 26.365
FD11188	102.000 	 12.973 	 26.266
FD11188	102.125 	 13.004 	 26.221
FD11188	102.250 	 13.035 	 26.145
FD11188	102.375 	 13.066 	 26.052
FD11188	102.500 	 13.099 	 25.875
FD11188	102.625 	 13.133 	 25.640
FD11188	102.750 	 13.168 	 25.452
FD11188	102.875 	 13.209 	 25.221
FD11188	103.000 	 13.250 	 25.101
FD11188	103.125 	 13.292 	 24.955
FD11188	103.250 	 13.338 	 24.790
FD11188	103.375 	 13.383 	 24.662
FD11188	103.500 	 13.427 	 24.612
FD11188	103.625 	 13.469 	 24.680
FD11188	103.750 	 13.512 	 24.593
FD11188	103.875 	 13.554 	 24.283
FD11188	104.000 	 13.599 	 23.914
FD11188	104.125 	 13.644 	 23.601
FD11188	104.250 	 13.685 	 23.255
FD11188	104.375 	 13.727 	 22.958
FD11188	104.500 	 13.764 	 22.751
FD11188	104.625 	 13.799 	 22.684
FD11188	104.750 	 13.832 	 22.662
FD11188	104.875 	 13.863 	 22.500
FD11188	105.000 	 13.895 	 22.291
FD11188	105.125 	 13.927 	 22.077
FD11188	105.250 	 13.959 	 21.984
FD11188	105.375 	 13.991 	 21.890
FD11188	105.500 	 14.026 	 21.753
FD11188	105.625 	 14.062 	 21.800
FD11188	105.750 	 14.100 	 21.767
FD11188	105.875 	 14.141 	 21.711
FD11188	106.000 	 14.180 	 21.712
FD11188	106.125 	 14.220 	 21.755
FD11188	106.250 	 14.261 	 21.888
FD11188	106.375 	 14.303 	 21.852
FD11188	106.500 	 14.343 	 21.731
FD11188	106.625 	 14.382 	 21.679
FD11188	106.750 	 14.421 	 21.641
FD11188	106.875 	 14.458 	 21.593
FD11188	107.000 	 14.494 	 21.516
FD11188	107.125 	 14.527 	 21.382
FD11188	107.250 	 14.561 	 21.190
FD11188	107.375 	 14.593 	 21.078
FD11188	107.500 	 14.625 	 20.951
FD11188	107.625 	 14.655 	 20.723
FD11188	107.750 	 14.684 	 20.580
FD11188	107.875 	 14.713 	 20.563
FD11188	108.000 	 14.742 	 20.547
FD11188	108.125 	 14.769 	 20.404
FD11188	108.250 	 14.796 	 20.251
FD11188	108.375 	 14.826 	 20.119
FD11188	108.500 	 14.858 	 19.998
FD11188	108.625 	 14.892 	 19.965
FD11188	108.750 	 14.929 	 19.927
FD11188	108.875 	 14.968 	 19.775
FD11188	109.000 	 15.008 	 19.622
FD11188	109.125 	 15.047 	 19.465
FD11188	109.250 	 15.088 	 19.240
FD11188	109.375 	 15.128 	 18.987
FD11188	109.500 	 15.170 	 18.790
FD11188	109.625 	 15.213 	 18.715
FD11188	109.750 	 15.256 	 18.638
FD11188	109.875 	 15.300 	 18.534
FD11188	110.000 	 15.344 	 18.474
FD11188	110.125 	 15.388 	 18.369
FD11188	110.250 	 15.433 	 18.264
FD11188	110.375 	 15.477 	 18.202
FD11188	110.500 	 15.520 	 18.108
FD11188	110.625 	 15.560 	 17.963
FD11188	110.750 	 15.610 	 17.798
FD11188	110.875 	 15.661 	 17.726
FD11188	111.000 	 15.702 	 17.644
FD11188	111.125 	 15.746 	 17.495
FD11188	111.250 	 15.790 	 17.364
FD11188	111.375 	 15.834 	 17.212
FD11188	111.500 	 15.878 	 17.196
FD11188	111.625 	 15.922 	 17.222
FD11188	111.750 	 15.967 	 17.155
FD11188	111.875 	 16.010 	 17.122
FD11188	112.000 	 16.055 	 17.073
FD11188	112.125 	 16.101 	 16.988
FD11188	112.250 	 16.146 	 16.911
FD11188	112.375 	 16.191 	 16.850
FD11188	112.500 	 16.235 	 16.817
FD11188	112.625 	 16.280 	 16.796
FD11188	112.750 	 16.323 	 16.796
FD11188	112.875 	 16.364 	 16.787
FD11188	113.000 	 16.405 	 16.798
FD11188	113.125 	 16.446 	 16.801
FD11188	113.250 	 16.484 	 16.741
FD11188	113.375 	 16.525 	 16.737
FD11188	113.500 	 16.564 	 16.710
FD11188	113.625 	 16.600 	 16.653
FD11188	113.750 	 16.637 	 16.603
FD11188	113.875 	 16.674 	 16.491
FD11188	114.000 	 16.712 	 16.442
FD11188	114.125 	 16.753 	 16.419
FD11188	114.250 	 16.798 	 16.381
FD11188	114.375 	 16.849 	 16.364
FD11188	114.500 	 16.905 	 16.343
FD11188	114.625 	 16.965 	 16.323
FD11188	114.750 	 17.025 	 16.307
FD11188	114.875 	 17.087 	 16.295
FD11188	115.000 	 17.149 	 16.224
FD11188	115.125 	 17.208 	 16.114
FD11188	115.250 	 17.267 	 16.010
FD11188	115.375 	 17.327 	 15.947
FD11188	115.500 	 17.383 	 15.924
FD11188	115.625 	 17.441 	 15.897
FD11188	115.750 	 17.500 	 15.908
FD11188	115.875 	 17.557 	 15.941
FD11188	116.000 	 17.613 	 15.952
FD11188	116.125 	 17.667 	 15.908
FD11188	116.250 	 17.715 	 15.913
FD11188	116.375 	 17.759 	 15.908
FD11188	116.500 	 17.804 	 15.809
FD11188	116.625 	 17.847 	 15.781
FD11188	116.750 	 17.893 	 15.803
FD11188	116.875 	 17.936 	 15.862
FD11188	117.000 	 17.981 	 15.927
FD11188	117.125 	 18.028 	 15.917
FD11188	117.250 	 18.073 	 15.883
FD11188	117.375 	 18.119 	 15.881
FD11188	117.500 	 18.167 	 15.875
FD11188	117.625 	 18.218 	 15.862
FD11188	117.750 	 18.273 	 15.850
FD11188	117.875 	 18.328 	 15.853
FD11188	118.000 	 18.385 	 15.853
FD11188	118.125 	 18.445 	 15.834
FD11188	118.250 	 18.503 	 15.834
FD11188	118.375 	 18.560 	 15.828
FD11188	118.500 	 18.616 	 15.796
FD11188	118.625 	 18.669 	 15.666
FD11188	118.750 	 18.718 	 15.496
FD11188	118.875 	 18.763 	 15.398
FD11188	119.000 	 18.808 	 15.375
FD11188	119.125 	 18.850 	 15.367
FD11188	119.250 	 18.892 	 15.356
FD11188	119.375 	 18.936 	 15.359
FD11188	119.500 	 18.981 	 15.326
FD11188	119.625 	 19.027 	 15.288
FD11188	119.750 	 19.074 	 15.254
FD11188	119.875 	 19.121 	 15.268
FD11188	120.000 	 19.169 	 15.301
FD11188	120.125 	 19.220 	 15.312
FD11188	120.250 	 19.272 	 15.340
FD11188	120.375 	 19.324 	 15.356
FD11188	120.500 	 19.378 	 15.367
FD11188	120.625 	 19.431 	 15.425
FD11188	120.750 	 19.487 	 15.426
FD11188	120.875 	 19.548 	 15.436
FD11188	121.000 	 19.608 	 15.518
FD11188	121.125 	 19.672 	 15.521
FD11188	121.250 	 19.739 	 15.466
FD11188	121.375 	 19.805 	 15.411
FD11188	121.500 	 19.870 	 15.356
FD11188	121.625 	 19.934 	 15.309
FD11188	121.750 	 19.993 	 15.288
FD11188	121.875 	 20.051 	 15.269
FD11188	122.000 	 20.108 	 15.241
FD11188	122.125 	 20.162 	 15.279
FD11188	122.250 	 20.215 	 15.301
FD11188	122.375 	 20.268 	 15.334
FD11188	122.500 	 20.317 	 15.411
FD11188	122.625 	 20.365 	 15.378
FD11188	122.750 	 20.411 	 15.351
FD11188	122.875 	 20.456 	 15.375
FD11188	123.000 	 20.500 	 15.376
FD11188	123.125 	 20.546 	 15.359
FD11188	123.250 	 20.586 	 15.332
FD11188	123.375 	 20.624 	 15.359
FD11188	123.500 	 20.660 	 15.420
FD11188	123.625 	 20.699 	 15.428
FD11188	123.750 	 20.735 	 15.438
FD11188	123.875 	 20.772 	 15.447
FD11188	124.000 	 20.810 	 15.397
FD11188	124.125 	 20.846 	 15.321
FD11188	124.250 	 20.882 	 15.266
FD11188	124.375 	 20.919 	 15.248
FD11188	124.500 	 20.956 	 15.238
FD11188	124.625 	 20.994 	 15.216
FD11188	124.750 	 21.030 	 15.199
FD11188	124.875 	 21.066 	 15.219
FD11188	125.000 	 21.096 	 15.235
FD11188	125.125 	 21.123 	 15.222
FD11188	125.250 	 21.149 	 15.243
FD11188	125.375 	 21.173 	 15.247
FD11188	125.500 	 21.196 	 15.170
FD11188	125.625 	 21.219 	 15.139
FD11188	125.750 	 21.241 	 15.111
FD11188	125.875 	 21.266 	 15.056
FD11188	126.000 	 21.290 	 15.024
FD11188	126.125 	 21.313 	 15.018
FD11188	126.250 	 21.336 	 15.012
FD11188	126.375 	 21.358 	 14.999
FD11188	126.500 	 21.379 	 15.005
FD11188	126.625 	 21.398 	 14.993
FD11188	126.750 	 21.420 	 15.005
FD11188	126.875 	 21.442 	 14.963
FD11188	127.000 	 21.467 	 14.908
FD11188	127.125 	 21.495 	 14.878
FD11188	127.250 	 21.522 	 14.829
FD11188	127.375 	 21.553 	 14.796
FD11188	127.500 	 21.582 	 14.790
FD11188	127.625 	 21.613 	 14.779
FD11188	127.750 	 21.642 	 14.785
FD11188	127.875 	 21.669 	 14.777
FD11188	128.000 	 21.693 	 14.744
FD11188	128.125 	 21.717 	 14.744
FD11188	128.250 	 21.740 	 14.738
FD11188	128.375 	 21.760 	 14.722
FD11188	128.500 	 21.782 	 14.722
FD11188	128.625 	 21.798 	 14.708
FD11188	128.750 	 21.816 	 14.702
FD11188	128.875 	 21.827 	 14.711
FD11188	129.000 	 21.838 	 14.683
FD11188	129.125 	 21.847 	 14.678
FD11188	129.250 	 21.852 	 14.644
FD11188	129.375 	 21.855 	 14.631
FD11188	129.500 	 21.859 	 14.648
FD11188	129.625 	 21.865 	 14.620
FD11188	129.750 	 21.868 	 14.609
FD11188	129.875 	 21.875 	 14.642
FD11188	130.000 	 21.879 	 14.703
FD11188	130.125 	 21.885 	 14.708
FD11188	130.250 	 21.896 	 14.725
FD11188	130.375 	 21.898 	 14.716
FD11188	130.500 	 21.911 	 14.695
FD11188	130.625 	 21.926 	 14.636
FD11188	130.750 	 21.940 	 14.571
FD11188	130.875 	 21.957 	 14.581
FD11188	131.000 	 21.980 	 14.554
FD11188	131.125 	 22.000 	 14.518
FD11188	131.250 	 22.025 	 14.541
FD11188	131.375 	 22.052 	 14.552
FD11188	131.500 	 22.072 	 14.534
FD11188	131.625 	 22.095 	 14.552
FD11188	131.750 	 22.111 	 14.519
FD11188	131.875 	 22.129 	 14.474
FD11188	132.000 	 22.139 	 14.475
FD11188	132.125 	 22.148 	 14.436
FD11188	132.250 	 22.158 	 14.381
FD11188	132.375 	 22.164 	 14.401
FD11188	132.500 	 22.173 	 14.389
FD11188	132.625 	 22.176 	 14.337
FD11188	132.750 	 22.179 	 14.332
FD11188	132.875 	 22.182 	 14.342
FD11188	133.000 	 22.186 	 14.293
FD11188	133.125 	 22.187 	 14.268
FD11188	133.250 	 22.184 	 14.269
FD11188	133.375 	 22.186 	 14.271
FD11188	133.500 	 22.192 	 14.265
FD11188	133.625 	 22.190 	 14.236
FD11188	133.750 	 22.200 	 14.241
FD11188	133.875 	 22.207 	 14.205
FD11188	134.000 	 22.224 	 14.166
FD11188	134.125 	 22.240 	 14.144
FD11188	134.250 	 22.262 	 14.117
FD11188	134.375 	 22.283 	 14.114
FD11188	134.500 	 22.302 	 14.093
FD11188	134.625 	 22.329 	 14.078
FD11188	134.750 	 22.355 	 14.089
FD11188	134.875 	 22.376 	 14.092
FD11188	135.000 	 22.396 	 14.055
FD11188	135.125 	 22.413 	 14.027
FD11188	135.250 	 22.423 	 14.065
FD11188	135.375 	 22.436 	 14.092
FD11188	135.500 	 22.448 	 14.115
FD11188	135.625 	 22.456 	 14.084
FD11188	135.750 	 22.467 	 14.052
FD11188	135.875 	 22.474 	 14.070
FD11188	136.000 	 22.483 	 14.049
FD11188	136.125 	 22.485 	 13.999
FD11188	136.250 	 22.494 	 13.994
FD11188	136.375 	 22.493 	 13.983
FD11188	136.500 	 22.492 	 13.972
FD11188	136.625 	 22.488 	 13.983
FD11188	136.750 	 22.482 	 13.955
FD11188	136.875 	 22.473 	 13.956
FD11188	137.000 	 22.467 	 13.966
FD11188	137.125 	 22.461 	 13.966
FD11188	137.250 	 22.458 	 13.983
FD11188	137.375 	 22.462 	 13.994
FD11188	137.500 	 22.461 	 13.994
FD11188	137.625 	 22.467 	 13.966
FD11188	137.750 	 22.467 	 13.972
FD11188	137.875 	 22.477 	 13.999
FD11188	138.000 	 22.481 	 14.016
FD11188	138.125 	 22.482 	 14.021
FD11188	138.250 	 22.488 	 14.021
FD11188	138.375 	 22.492 	 14.016
FD11188	138.500 	 22.499 	 13.923
FD11188	138.625 	 22.505 	 13.842
FD11188	138.750 	 22.512 	 13.838
FD11188	138.875 	 22.520 	 13.834
FD11188	139.000 	 22.532 	 13.835
FD11188	139.125 	 22.538 	 13.848
FD11188	139.250 	 22.544 	 13.887
FD11188	139.375 	 22.547 	 13.882
FD11188	139.500 	 22.548 	 13.843
FD11188	139.625 	 22.547 	 13.807
FD11188	139.750 	 22.544 	 13.779
FD11188	139.875 	 22.538 	 13.719
FD11188	140.000 	 22.530 	 13.697
FD11188	140.125 	 22.524 	 13.755
FD11188	140.250 	 22.515 	 13.755
FD11188	140.375 	 22.509 	 13.768
FD11188	140.500 	 22.504 	 13.791
FD11188	140.625 	 22.498 	 13.799
FD11188	140.750 	 22.489 	 13.810
FD11188	140.875 	 22.489 	 13.807
FD11188	141.000 	 22.482 	 13.829
FD11188	141.125 	 22.482 	 13.832
FD11188	141.250 	 22.489 	 13.827
FD11188	141.375 	 22.488 	 13.838
FD11188	141.500 	 22.498 	 13.810
FD11188	141.625 	 22.505 	 13.750
FD11188	141.750 	 22.514 	 13.733
FD11188	141.875 	 22.527 	 13.725
FD11188	142.000 	 22.540 	 13.692
FD11188	142.125 	 22.555 	 13.697
FD11188	142.250 	 22.563 	 13.703
FD11188	142.375 	 22.579 	 13.689
FD11188	142.500 	 22.590 	 13.706
FD11188	142.625 	 22.597 	 13.702
FD11188	142.750 	 22.604 	 13.653
FD11188	142.875 	 22.613 	 13.632
FD11188	143.000 	 22.617 	 13.626
FD11188	143.125 	 22.621 	 13.626
FD11188	143.250 	 22.627 	 13.610
FD11188	143.375 	 22.625 	 13.587
FD11188	143.500 	 22.625 	 13.599
FD11188	143.625 	 22.631 	 13.590
FD11188	143.750 	 22.625 	 13.601
FD11188	143.875 	 22.623 	 13.585
FD11188	144.000 	 22.621 	 13.551
FD11188	144.125 	 22.617 	 13.541
FD11188	144.250 	 22.612 	 13.513
FD11188	144.375 	 22.610 	 13.543
FD11188	144.500 	 22.606 	 13.560
FD11188	144.625 	 22.606 	 13.549
FD11188	144.750 	 22.610 	 13.549
FD11188	144.875 	 22.612 	 13.540
FD11188	145.000 	 22.615 	 13.557
FD11188	145.125 	 22.619 	 13.552
FD11188	145.250 	 22.623 	 13.524
FD11188	145.375 	 22.626 	 13.519
FD11188	145.500 	 22.635 	 13.524
FD11188	145.625 	 22.631 	 13.541
FD11188	145.750 	 22.638 	 13.513
FD11188	145.875 	 22.634 	 13.472
FD11188	146.000 	 22.639 	 13.478
FD11188	146.125 	 22.631 	 13.461
FD11188	146.250 	 22.631 	 13.461
FD11188	146.375 	 22.626 	 13.486
FD11188	146.500 	 22.620 	 13.480
FD11188	146.625 	 22.618 	 13.472
FD11188	146.750 	 22.616 	 13.478
FD11188	146.875 	 22.615 	 13.477
FD11188	147.000 	 22.613 	 13.451
FD11188	147.125 	 22.609 	 13.439
FD11188	147.250 	 22.608 	 13.494
FD11188	147.375 	 22.611 	 13.562
FD11188	147.500 	 22.612 	 13.596
FD11188	147.625 	 22.613 	 13.609
FD11188	147.750 	 22.614 	 13.636
FD11188	147.875 	 22.610 	 13.651
FD11188	148.000 	 22.612 	 13.618
FD11188	148.125 	 22.612 	 13.544
FD11188	148.250 	 22.622 	 13.499
FD11188	148.375 	 22.629 	 13.508
FD11188	148.500 	 22.632 	 13.425
FD11188	148.625 	 22.642 	 13.348
FD11188	148.750 	 22.639 	 13.349
FD11188	148.875 	 22.641 	 13.323
FD11188	149.000 	 22.643 	 13.318
FD11188	149.125 	 22.639 	 13.332
FD11188	149.250 	 22.638 	 13.337
FD11188	149.375 	 22.634 	 13.329
FD11188	149.500 	 22.633 	 13.329
FD11188	149.625 	 22.629 	 13.368
FD11188	149.750 	 22.636 	 13.384
FD11188	149.875 	 22.633 	 13.401
FD11188	150.000 	 22.640 	 13.417
FD11188	150.125 	 22.635 	 13.422
FD11188	150.250 	 22.637 	 13.445
FD11188	150.375 	 22.627 	 13.463
FD11188	150.500 	 22.623 	 13.502
FD11188	150.625 	 22.624 	 13.494
FD11188	150.750 	 22.625 	 13.445
FD11188	150.875 	 22.626 	 13.348
FD11188	151.000 	 22.629 	 13.359
FD11188	151.125 	 22.639 	 13.384
FD11188	151.250 	 22.641 	 13.346
FD11188	151.375 	 22.643 	 13.373
FD11188	151.500 	 22.647 	 13.406
FD11188	151.625 	 22.644 	 13.431
FD11188	151.750 	 22.634 	 13.370
FD11188	151.875 	 22.634 	 13.318
FD11188	152.000 	 22.626 	 13.313
FD11188	152.125 	 22.627 	 13.277
FD11188	152.250 	 22.636 	 13.261
FD11188	152.375 	 22.640 	 13.233
FD11188	152.500 	 22.648 	 13.178
FD11188	152.625 	 22.660 	 13.159
FD11188	152.750 	 22.669 	 13.165
FD11188	152.875 	 22.678 	 13.164
FD11188	153.000 	 22.688 	 13.148
FD11188	153.125 	 22.697 	 13.140
FD11188	153.250 	 22.701 	 13.145
FD11188	153.375 	 22.709 	 13.145
FD11188	153.500 	 22.715 	 13.163
FD11188	153.625 	 22.725 	 13.184
FD11188	153.750 	 22.732 	 13.118
FD11188	153.875 	 22.738 	 13.041
FD11188	154.000 	 22.740 	 13.019
FD11188	154.125 	 22.746 	 12.953
FD11188	154.250 	 22.742 	 12.920
FD11188	154.375 	 22.747 	 12.944
FD11188	154.500 	 22.743 	 12.874
FD11188	154.625 	 22.752 	 12.851
FD11188	154.750 	 22.754 	 12.884
FD11188	154.875 	 22.756 	 12.857
FD11188	155.000 	 22.767 	 12.851
FD11188	155.125 	 22.767 	 12.871
FD11188	155.250 	 22.768 	 12.876
FD11188	155.375 	 22.762 	 12.864
FD11188	155.500 	 22.746 	 12.843
FD11188	155.625 	 22.726 	 12.763
FD11188	155.750 	 22.704 	 12.703
FD11188	155.875 	 22.677 	 12.648
FD11188	156.000 	 22.651 	 12.565
FD11188	156.125 	 22.625 	 12.502
FD11188	156.250 	 22.595 	 12.447
FD11188	156.375 	 22.571 	 12.387
FD11188	156.500 	 22.543 	 12.382
FD11188	156.625 	 22.515 	 12.467
FD11188	156.750 	 22.486 	 12.577
FD11188	156.875 	 22.456 	 12.634
FD11188	157.000 	 22.427 	 12.645
FD11188	157.125 	 22.400 	 12.697
FD11188	157.250 	 22.375 	 12.720
FD11188	157.375 	 22.367 	 12.717
FD11188	157.500 	 22.361 	 12.721
FD11188	157.625 	 22.365 	 12.719
FD11188	157.750 	 22.376 	 12.725
FD11188	157.875 	 22.391 	 12.706
FD11188	158.000 	 22.408 	 12.672
FD11188	158.125 	 22.428 	 12.656
FD11188	158.250 	 22.447 	 12.628
FD11188	158.375 	 22.467 	 12.582
FD11188	158.500 	 22.477 	 12.571
FD11188	158.625 	 22.489 	 12.621
FD11188	158.750 	 22.485 	 12.653
FD11188	158.875 	 22.486 	 12.659
FD11188	159.000 	 22.484 	 12.637
FD11188	159.125 	 22.477 	 12.648
FD11188	159.250 	 22.475 	 12.632
FD11188	159.375 	 22.474 	 12.599
FD11188	159.500 	 22.477 	 12.598
FD11188	159.625 	 22.489 	 12.577
FD11188	159.750 	 22.496 	 12.615
FD11188	159.875 	 22.511 	 12.683
FD11188	160.000 	 22.530 	 12.755
FD11188	160.125 	 22.555 	 12.843
FD11188	160.250 	 22.583 	 12.859
FD11188	160.375 	 22.617 	 12.753
FD11188	160.500 	 22.654 	 12.709
FD11188	160.625 	 22.697 	 12.736
FD11188	160.750 	 22.736 	 12.637
FD11188	160.875 	 22.782 	 12.582
FD11188	161.000 	 22.823 	 12.598
FD11188	161.125 	 22.865 	 12.593
FD11188	161.250 	 22.900 	 12.538
FD11188	161.375 	 22.927 	 12.464
FD11188	161.500 	 22.951 	 12.453
FD11188	161.625 	 22.961 	 12.456
FD11188	161.750 	 22.974 	 12.445
FD11188	161.875 	 22.978 	 12.404
FD11188	162.000 	 22.977 	 12.371
FD11188	162.125 	 22.969 	 12.346
FD11188	162.250 	 22.953 	 12.411
FD11188	162.375 	 22.938 	 12.478
FD11188	162.500 	 22.920 	 12.390
FD11188	162.625 	 22.901 	 12.343
FD11188	162.750 	 22.890 	 12.415
FD11188	162.875 	 22.875 	 12.431
FD11188	163.000 	 22.865 	 12.432
FD11188	163.125 	 22.849 	 12.456
FD11188	163.250 	 22.844 	 12.429
FD11188	163.375 	 22.837 	 12.406
FD11188	163.500 	 22.838 	 12.395
FD11188	163.625 	 22.836 	 12.385
FD11188	163.750 	 22.841 	 12.373
FD11188	163.875 	 22.847 	 12.327
FD11188	164.000 	 22.859 	 12.267
FD11188	164.125 	 22.868 	 12.245
FD11188	164.250 	 22.878 	 12.283
FD11188	164.375 	 22.896 	 12.302
FD11188	164.500 	 22.908 	 12.291
FD11188	164.625 	 22.917 	 12.275
FD11188	164.750 	 22.929 	 12.281
FD11188	164.875 	 22.929 	 12.285
FD11188	165.000 	 22.930 	 12.263
FD11188	165.125 	 22.933 	 12.228
FD11188	165.250 	 22.932 	 12.206
FD11188	165.375 	 22.931 	 12.159
FD11188	165.500 	 22.932 	 12.099
FD11188	165.625 	 22.927 	 12.109
FD11188	165.750 	 22.925 	 12.132
FD11188	165.875 	 22.926 	 12.077
FD11188	166.000 	 22.929 	 12.000
FD11188	166.125 	 22.937 	 11.992
FD11188	166.250 	 22.943 	 12.003
FD11188	166.375 	 22.955 	 12.011
FD11188	166.500 	 22.966 	 12.022
FD11188	166.625 	 22.982 	 12.013
FD11188	166.750 	 23.002 	 12.046
FD11188	166.875 	 23.017 	 12.036
FD11188	167.000 	 23.040 	 11.958
FD11188	167.125 	 23.058 	 11.893
FD11188	167.250 	 23.083 	 11.832
FD11188	167.375 	 23.105 	 11.780
FD11188	167.500 	 23.132 	 11.703
FD11188	167.625 	 23.156 	 11.615
FD11188	167.750 	 23.176 	 11.567
FD11188	167.875 	 23.204 	 11.547
FD11188	168.000 	 23.224 	 11.541
FD11188	168.125 	 23.244 	 11.539
FD11188	168.250 	 23.265 	 11.533
FD11188	168.375 	 23.291 	 11.522
FD11188	168.500 	 23.312 	 11.528
FD11188	168.625 	 23.347 	 11.538
FD11188	168.750 	 23.378 	 11.556
FD11188	168.875 	 23.409 	 11.560
FD11188	169.000 	 23.444 	 11.539
FD11188	169.125 	 23.479 	 11.544
FD11188	169.250 	 23.513 	 11.576
FD11188	169.375 	 23.550 	 11.638
FD11188	169.500 	 23.582 	 11.655
FD11188	169.625 	 23.613 	 11.615
FD11188	169.750 	 23.640 	 11.604
FD11188	169.875 	 23.669 	 11.646
FD11188	170.000 	 23.687 	 11.639
FD11188	170.125 	 23.701 	 11.638
FD11188	170.250 	 23.717 	 11.686
FD11188	170.375 	 23.720 	 11.716
FD11188	170.500 	 23.718 	 11.739
FD11188	170.625 	 23.710 	 11.722
FD11188	170.750 	 23.692 	 11.706
FD11188	170.875 	 23.678 	 11.697
FD11188	171.000 	 23.658 	 11.719
FD11188	171.125 	 23.644 	 11.747
FD11188	171.250 	 23.629 	 11.746
FD11188	171.375 	 23.613 	 11.756
FD11188	171.500 	 23.599 	 11.776
FD11188	171.625 	 23.586 	 11.835
FD11188	171.750 	 23.577 	 11.901
FD11188	171.875 	 23.571 	 11.914
FD11188	172.000 	 23.566 	 11.888
FD11188	172.125 	 23.566 	 11.897
FD11188	172.250 	 23.573 	 11.888
FD11188	172.375 	 23.581 	 11.781
FD11188	172.500 	 23.591 	 11.733
FD11188	172.625 	 23.610 	 11.744
FD11188	172.750 	 23.623 	 11.723
FD11188	172.875 	 23.642 	 11.703
FD11188	173.000 	 23.653 	 11.671
FD11188	173.125 	 23.666 	 11.634
FD11188	173.250 	 23.675 	 11.635
FD11188	173.375 	 23.676 	 11.637
FD11188	173.500 	 23.684 	 11.632
FD11188	173.625 	 23.688 	 11.632
FD11188	173.750 	 23.695 	 11.610
FD11188	173.875 	 23.700 	 11.566
FD11188	174.000 	 23.706 	 11.538
FD11188	174.125 	 23.716 	 11.531
FD11188	174.250 	 23.724 	 11.552
FD11188	174.375 	 23.735 	 11.582
FD11188	174.500 	 23.741 	 11.594
FD11188	174.625 	 23.748 	 11.596
FD11188	174.750 	 23.753 	 11.623
FD11188	174.875 	 23.761 	 11.618
FD11188	175.000 	 23.776 	 11.597
FD11188	175.125 	 23.789 	 11.596
FD11188	175.250 	 23.807 	 11.596
FD11188	175.375 	 23.824 	 11.613
FD11188	175.500 	 23.839 	 11.630
FD11188	175.625 	 23.849 	 11.619
FD11188	175.750 	 23.863 	 11.585
FD11188	175.875 	 23.873 	 11.580
FD11188	176.000 	 23.881 	 11.575
FD11188	176.125 	 23.883 	 11.553
FD11188	176.250 	 23.888 	 11.525
FD11188	176.375 	 23.890 	 11.533
FD11188	176.500 	 23.894 	 11.560
FD11188	176.625 	 23.895 	 11.610
FD11188	176.750 	 23.897 	 11.621
FD11188	176.875 	 23.900 	 11.583
FD11188	177.000 	 23.896 	 11.593
FD11188	177.125 	 23.893 	 11.604
FD11188	177.250 	 23.891 	 11.599
FD11188	177.375 	 23.886 	 11.602
FD11188	177.500 	 23.890 	 11.624
FD11188	177.625 	 23.893 	 11.599
FD11188	177.750 	 23.899 	 11.582
FD11188	177.875 	 23.900 	 11.588
FD11188	178.000 	 23.906 	 11.566
FD11188	178.125 	 23.910 	 11.545
FD11188	178.250 	 23.912 	 11.505
FD11188	178.375 	 23.913 	 11.498
FD11188	178.500 	 23.913 	 11.453
FD11188	178.625 	 23.913 	 11.432
FD11188	178.750 	 23.906 	 11.448
FD11188	178.875 	 23.909 	 11.468
FD11188	179.000 	 23.910 	 11.472
FD11188	179.125 	 23.915 	 11.467
FD11188	179.250 	 23.915 	 11.423
FD11188	179.375 	 23.923 	 11.409
FD11188	179.500 	 23.927 	 11.476
FD11188	179.625 	 23.932 	 11.524
FD11188	179.750 	 23.938 	 11.558
FD11188	179.875 	 23.943 	 11.539
FD11188	180.000 	 23.949 	 11.511
FD11188	180.125 	 23.958 	 11.506
FD11188	180.250 	 23.965 	 11.522
FD11188	180.375 	 23.970 	 11.476
FD11188	180.500 	 23.984 	 11.398
FD11188	180.625 	 23.990 	 11.349
FD11188	180.750 	 24.004 	 11.343
FD11188	180.875 	 24.013 	 11.335
FD11188	181.000 	 24.018 	 11.313
FD11188	181.125 	 24.026 	 11.324
FD11188	181.250 	 24.029 	 11.302
FD11188	181.375 	 24.032 	 11.275
FD11188	181.500 	 24.032 	 11.258
FD11188	181.625 	 24.033 	 11.228
FD11188	181.750 	 24.034 	 11.173
FD11188	181.875 	 24.032 	 11.157
FD11188	182.000 	 24.035 	 11.167
FD11188	182.125 	 24.030 	 11.168
FD11188	182.250 	 24.031 	 11.167
FD11188	182.375 	 24.031 	 11.129
FD11188	182.500 	 24.032 	 11.092
FD11188	182.625 	 24.035 	 11.096
FD11188	182.750 	 24.035 	 11.051
FD11188	182.875 	 24.036 	 11.026
FD11188	183.000 	 24.033 	 11.052
FD11188	183.125 	 24.030 	 11.055
FD11188	183.250 	 24.029 	 11.066
FD11188	183.375 	 24.024 	 11.035
FD11188	183.500 	 24.027 	 11.014
FD11188	183.625 	 24.028 	 11.005
FD11188	183.750 	 24.029 	 10.973
FD11188	183.875 	 24.031 	 10.974
FD11188	184.000 	 24.031 	 10.937
FD11188	184.125 	 24.034 	 10.887
FD11188	184.250 	 24.038 	 10.882
FD11188	184.375 	 24.037 	 10.879
FD11188	184.500 	 24.044 	 10.867
FD11188	184.625 	 24.050 	 10.858
FD11188	184.750 	 24.060 	 10.867
FD11188	184.875 	 24.067 	 10.856
FD11188	185.000 	 24.079 	 10.849
FD11188	185.125 	 24.090 	 10.826
FD11188	185.250 	 24.107 	 10.773
FD11188	185.375 	 24.115 	 10.756
FD11188	185.500 	 24.125 	 10.746
FD11188	185.625 	 24.135 	 10.714
FD11188	185.750 	 24.148 	 10.697
FD11188	185.875 	 24.161 	 10.709
FD11188	186.000 	 24.173 	 10.720
FD11188	186.125 	 24.186 	 10.718
FD11188	186.250 	 24.201 	 10.706
FD11188	186.375 	 24.212 	 10.690
FD11188	186.500 	 24.221 	 10.717
FD11188	186.625 	 24.224 	 10.762
FD11188	186.750 	 24.230 	 10.788
FD11188	186.875 	 24.230 	 10.811
FD11188	187.000 	 24.231 	 10.833
FD11188	187.125 	 24.240 	 10.830
FD11188	187.250 	 24.244 	 10.796
FD11188	187.375 	 24.254 	 10.808
FD11188	187.500 	 24.266 	 10.803
FD11188	187.625 	 24.275 	 10.769
FD11188	187.750 	 24.286 	 10.781
FD11188	187.875 	 24.295 	 10.802
FD11188	188.000 	 24.296 	 10.775
FD11188	188.125 	 24.304 	 10.767
FD11188	188.250 	 24.314 	 10.729
FD11188	188.375 	 24.319 	 10.684
FD11188	188.500 	 24.326 	 10.674
FD11188	188.625 	 24.336 	 10.668
FD11188	188.750 	 24.349 	 10.684
FD11188	188.875 	 24.356 	 10.646
FD11188	189.000 	 24.363 	 10.613
FD11188	189.125 	 24.369 	 10.593
FD11188	189.250 	 24.371 	 10.577
FD11188	189.375 	 24.370 	 10.555
FD11188	189.500 	 24.366 	 10.544
FD11188	189.625 	 24.358 	 10.544
FD11188	189.750 	 24.357 	 10.528
FD11188	189.875 	 24.358 	 10.524
FD11188	190.000 	 24.362 	 10.536
FD11188	190.125 	 24.359 	 10.533
FD11188	190.250 	 24.360 	 10.527
FD11188	190.375 	 24.362 	 10.533
FD11188	190.500 	 24.357 	 10.528
FD11188	190.625 	 24.359 	 10.528
FD11188	190.750 	 24.364 	 10.543
FD11188	190.875 	 24.365 	 10.542
FD11188	191.000 	 24.378 	 10.542
FD11188	191.125 	 24.384 	 10.524
FD11188	191.250 	 24.396 	 10.503
FD11188	191.375 	 24.407 	 10.544
FD11188	191.500 	 24.419 	 10.594
FD11188	191.625 	 24.428 	 10.588
FD11188	191.750 	 24.439 	 10.583
FD11188	191.875 	 24.443 	 10.596
FD11188	192.000 	 24.448 	 10.591
FD11188	192.125 	 24.446 	 10.580
FD11188	192.250 	 24.452 	 10.597
FD11188	192.375 	 24.454 	 10.596
FD11188	192.500 	 24.456 	 10.613
FD11188	192.625 	 24.461 	 10.625
FD11188	192.750 	 24.468 	 10.661
FD11188	192.875 	 24.469 	 10.664
FD11188	193.000 	 24.474 	 10.613
FD11188	193.125 	 24.477 	 10.651
FD11188	193.250 	 24.478 	 10.647
FD11188	193.375 	 24.482 	 10.613
FD11188	193.500 	 24.477 	 10.569
FD11188	193.625 	 24.477 	 10.522
FD11188	193.750 	 24.473 	 10.510
FD11188	193.875 	 24.469 	 10.522
FD11188	194.000 	 24.462 	 10.511
FD11188	194.125 	 24.458 	 10.519
FD11188	194.250 	 24.453 	 10.564
FD11188	194.375 	 24.451 	 10.630
FD11188	194.500 	 24.451 	 10.674
FD11188	194.625 	 24.455 	 10.665
FD11188	194.750 	 24.460 	 10.660
FD11188	194.875 	 24.465 	 10.665
FD11188	195.000 	 24.471 	 10.660
FD11188	195.125 	 24.476 	 10.637
FD11188	195.250 	 24.481 	 10.649
FD11188	195.375 	 24.482 	 10.641
FD11188	195.500 	 24.494 	 10.635
FD11188	195.625 	 24.497 	 10.602
FD11188	195.750 	 24.507 	 10.546
FD11188	195.875 	 24.520 	 10.562
FD11188	196.000 	 24.536 	 10.577
FD11188	196.125 	 24.553 	 10.587
FD11188	196.250 	 24.579 	 10.599
FD11188	196.375 	 24.596 	 10.592
FD11188	196.500 	 24.614 	 10.575
FD11188	196.625 	 24.629 	 10.569
FD11188	196.750 	 24.635 	 10.602
FD11188	196.875 	 24.647 	 10.641
FD11188	197.000 	 24.651 	 10.629
FD11188	197.125 	 24.658 	 10.610
FD11188	197.250 	 24.667 	 10.583
FD11188	197.375 	 24.668 	 10.554
FD11188	197.500 	 24.675 	 10.582
FD11188	197.625 	 24.679 	 10.595
FD11188	197.750 	 24.681 	 10.592
FD11188	197.875 	 24.678 	 10.605
FD11188	198.000 	 24.676 	 10.621
FD11188	198.125 	 24.674 	 10.620
FD11188	198.250 	 24.668 	 10.605
FD11188	198.375 	 24.662 	 10.597
FD11188	198.500 	 24.662 	 10.596
FD11188	198.625 	 24.660 	 10.594
FD11188	198.750 	 24.664 	 10.539
FD11188	198.875 	 24.658 	 10.541
FD11188	199.000 	 24.658 	 10.563
FD11188	199.125 	 24.651 	 10.584
FD11188	199.250 	 24.655 	 10.598
FD11188	199.375 	 24.655 	 10.592
FD11188	199.500 	 24.659 	 10.585
FD11188	199.625 	 24.666 	 10.539
FD11188	199.750 	 24.680 	 10.516
FD11188	199.875 	 24.691 	 10.532
FD11188	200.000 	 24.705 	 10.550
FD11188	200.125 	 24.721 	 10.563
FD11188	200.250 	 24.733 	 10.581
FD11188	200.375 	 24.741 	 10.571
FD11188	200.500 	 24.744 	 10.566
FD11188	200.625 	 24.745 	 10.542
FD11188	200.750 	 24.748 	 10.536
FD11188	200.875 	 24.756 	 10.583
FD11188	201.000 	 24.767 	 10.511
FD11188	201.125 	 24.776 	 10.459
FD11188	201.250 	 24.787 	 10.503
FD11188	201.375 	 24.804 	 10.495
FD11188	201.500 	 24.813 	 10.517
FD11188	201.625 	 24.825 	 10.547
FD11188	201.750 	 24.834 	 10.586
FD11188	201.875 	 24.841 	 10.662
FD11188	202.000 	 24.844 	 10.679
FD11188	202.125 	 24.854 	 10.624
FD11188	202.250 	 24.859 	 10.520
FD11188	202.375 	 24.867 	 10.472
FD11188	202.500 	 24.882 	 10.479
FD11188	202.625 	 24.892 	 10.448
FD11188	202.750 	 24.902 	 10.426
FD11188	202.875 	 24.915 	 10.478
FD11188	203.000 	 24.916 	 10.527
FD11188	203.125 	 24.920 	 10.479
FD11188	203.250 	 24.915 	 10.445
FD11188	203.375 	 24.911 	 10.470
FD11188	203.500 	 24.906 	 10.459
FD11188	203.625 	 24.903 	 10.437
FD11188	203.750 	 24.899 	 10.448
FD11188	203.875 	 24.901 	 10.456
FD11188	204.000 	 24.900 	 10.467
FD11188	204.125 	 24.904 	 10.462
FD11188	204.250 	 24.908 	 10.445
FD11188	204.375 	 24.911 	 10.446
FD11188	204.500 	 24.918 	 10.458
FD11188	204.625 	 24.922 	 10.508
FD11188	204.750 	 24.920 	 10.492
FD11188	204.875 	 24.929 	 10.456
FD11188	205.000 	 24.934 	 10.472
FD11188	205.125 	 24.944 	 10.497
FD11188	205.250 	 24.955 	 10.499
FD11188	205.375 	 24.972 	 10.499
FD11188	205.500 	 24.989 	 10.511
FD11188	205.625 	 25.008 	 10.539
FD11188	205.750 	 25.026 	 10.571
FD11188	205.875 	 25.041 	 10.571
FD11188	206.000 	 25.057 	 10.583
FD11188	206.125 	 25.070 	 10.580
FD11188	206.250 	 25.079 	 10.592
FD11188	206.375 	 25.090 	 10.593
FD11188	206.500 	 25.093 	 10.599
FD11188	206.625 	 25.104 	 10.563
FD11188	206.750 	 25.108 	 10.541
FD11188	206.875 	 25.117 	 10.547
FD11188	207.000 	 25.115 	 10.503
FD11188	207.125 	 25.118 	 10.481
FD11188	207.250 	 25.113 	 10.475
FD11188	207.375 	 25.111 	 10.459
FD11188	207.500 	 25.110 	 10.459
FD11188	207.625 	 25.101 	 10.483
FD11188	207.750 	 25.097 	 10.494
FD11188	207.875 	 25.085 	 10.539
FD11188	208.000 	 25.083 	 10.560
FD11188	208.125 	 25.067 	 10.586
FD11188	208.250 	 25.064 	 10.678
FD11188	208.375 	 25.056 	 10.670
FD11188	208.500 	 25.050 	 10.611
FD11188	208.625 	 25.052 	 10.596
FD11188	208.750 	 25.048 	 10.564
FD11188	208.875 	 25.052 	 10.507
FD11188	209.000 	 25.057 	 10.488
FD11188	209.125 	 25.061 	 10.500
FD11188	209.250 	 25.072 	 10.538
FD11188	209.375 	 25.076 	 10.533
FD11188	209.500 	 25.080 	 10.484
FD11188	209.625 	 25.082 	 10.503
FD11188	209.750 	 25.088 	 10.503
FD11188	209.875 	 25.096 	 10.497
FD11188	210.000 	 25.102 	 10.520
FD11188	210.125 	 25.110 	 10.513
FD11188	210.250 	 25.118 	 10.503
FD11188	210.375 	 25.122 	 10.482
FD11188	210.500 	 25.126 	 10.469
FD11188	210.625 	 25.128 	 10.487
FD11188	210.750 	 25.133 	 10.513
FD11188	210.875 	 25.130 	 10.536
FD11188	211.000 	 25.133 	 10.553
FD11188	211.125 	 25.131 	 10.613
FD11188	211.250 	 25.136 	 10.635
FD11188	211.375 	 25.139 	 10.640
FD11188	211.500 	 25.142 	 10.679
FD11188	211.625 	 25.145 	 10.715
FD11188	211.750 	 25.151 	 10.714
FD11188	211.875 	 25.156 	 10.726
FD11188	212.000 	 25.167 	 10.758
FD11188	212.125 	 25.176 	 10.773
FD11188	212.250 	 25.189 	 10.799
FD11188	212.375 	 25.198 	 10.811
FD11188	212.500 	 25.214 	 10.800
FD11188	212.625 	 25.222 	 10.827
FD11188	212.750 	 25.230 	 10.848
FD11188	212.875 	 25.246 	 10.875
FD11188	213.000 	 25.259 	 10.934
FD11188	213.125 	 25.271 	 10.953
FD11188	213.250 	 25.287 	 10.909
FD11188	213.375 	 25.304 	 10.873
FD11188	213.500 	 25.320 	 10.900
FD11188	213.625 	 25.338 	 10.903
FD11188	213.750 	 25.352 	 10.949
FD11188	213.875 	 25.366 	 11.008
FD11188	214.000 	 25.372 	 10.981
FD11188	214.125 	 25.375 	 10.961
FD11188	214.250 	 25.383 	 10.984
FD11188	214.375 	 25.384 	 11.022
FD11188	214.500 	 25.386 	 11.066
FD11188	214.625 	 25.387 	 11.104
FD11188	214.750 	 25.390 	 11.121
FD11188	214.875 	 25.394 	 11.111
FD11188	215.000 	 25.395 	 11.076
FD11188	215.125 	 25.398 	 11.016
FD11188	215.250 	 25.398 	 11.011
FD11188	215.375 	 25.397 	 10.983
FD11188	215.500 	 25.391 	 10.939
FD11188	215.625 	 25.386 	 11.006
FD11188	215.750 	 25.382 	 11.011
FD11188	215.875 	 25.378 	 10.950
FD11188	216.000 	 25.376 	 10.934
FD11188	216.125 	 25.372 	 10.893
FD11188	216.250 	 25.369 	 10.832
FD11188	216.375 	 25.360 	 10.817
FD11188	216.500 	 25.355 	 10.757
FD11188	216.625 	 25.351 	 10.703
FD11188	216.750 	 25.349 	 10.669
FD11188	216.875 	 25.339 	 10.622
FD11188	217.000 	 25.334 	 10.593
FD11188	217.125 	 25.323 	 10.553
FD11188	217.250 	 25.318 	 10.530
FD11188	217.375 	 25.308 	 10.468
FD11188	217.500 	 25.302 	 10.390
FD11188	217.625 	 25.295 	 10.360
FD11188	217.750 	 25.283 	 10.354
FD11188	217.875 	 25.276 	 10.333
FD11188	218.000 	 25.265 	 10.305
FD11188	218.125 	 25.264 	 10.297
FD11188	218.250 	 25.259 	 10.341
FD11188	218.375 	 25.260 	 10.349
FD11188	218.500 	 25.265 	 10.311
FD11188	218.625 	 25.268 	 10.291
FD11188	218.750 	 25.272 	 10.303
FD11188	218.875 	 25.275 	 10.336
FD11188	219.000 	 25.283 	 10.368
FD11188	219.125 	 25.285 	 10.416
FD11188	219.250 	 25.292 	 10.465
FD11188	219.375 	 25.299 	 10.505
FD11188	219.500 	 25.304 	 10.566
FD11188	219.625 	 25.308 	 10.649
FD11188	219.750 	 25.313 	 10.714
FD11188	219.875 	 25.315 	 10.795
FD11188	220.000 	 25.317 	 10.882
FD11188	220.125 	 25.317 	 10.952
FD11188	220.250 	 25.312 	 10.991
FD11188	220.375 	 25.311 	 11.023
FD11188	220.500 	 25.305 	 11.039
FD11188	220.625 	 25.294 	 11.065
FD11188	220.750 	 25.282 	 11.105
FD11188	220.875 	 25.266 	 11.110
FD11188	221.000 	 25.251 	 11.126
FD11188	221.125 	 25.234 	 11.179
FD11188	221.250 	 25.213 	 11.217
FD11188	221.375 	 25.196 	 11.223
FD11188	221.500 	 25.175 	 11.244
FD11188	221.625 	 25.155 	 11.273
FD11188	221.750 	 25.132 	 11.299
FD11188	221.875 	 25.114 	 11.319
FD11188	222.000 	 25.091 	 11.328
FD11188	222.125 	 25.062 	 11.388
FD11188	222.250 	 25.039 	 11.458
FD11188	222.375 	 25.007 	 11.500
FD11188	222.500 	 24.978 	 11.517
FD11188	222.625 	 24.951 	 11.536
FD11188	222.750 	 24.927 	 11.546
FD11188	222.875 	 24.904 	 11.542
FD11188	223.000 	 24.879 	 11.531
FD11188	223.125 	 24.861 	 11.563
FD11188	223.250 	 24.838 	 11.597
FD11188	223.375 	 24.814 	 11.656
FD11188	223.500 	 24.791 	 11.728
FD11188	223.625 	 24.769 	 11.772
FD11188	223.750 	 24.746 	 11.809
FD11188	223.875 	 24.729 	 11.747
FD11188	224.000 	 24.715 	 11.731
FD11188	224.125 	 24.697 	 11.761
FD11188	224.250 	 24.687 	 11.744
FD11188	224.375 	 24.674 	 11.779
FD11188	224.500 	 24.661 	 11.852
FD11188	224.625 	 24.643 	 11.953
FD11188	224.750 	 24.622 	 11.916
FD11188	224.875 	 24.599 	 11.878
FD11188	225.000 	 24.575 	 11.913
FD11188	225.125 	 24.553 	 11.909
FD11188	225.250 	 24.528 	 11.964
FD11188	225.375 	 24.507 	 12.002
FD11188	225.500 	 24.488 	 12.035
FD11188	225.625 	 24.465 	 12.088
FD11188	225.750 	 24.442 	 12.126
FD11188	225.875 	 24.421 	 12.153
FD11188	226.000 	 24.396 	 12.193
FD11188	226.125 	 24.381 	 12.225
FD11188	226.250 	 24.359 	 12.274
FD11188	226.375 	 24.341 	 12.228
FD11188	226.500 	 24.329 	 12.096
FD11188	226.625 	 24.312 	 12.018
FD11188	226.750 	 24.302 	 12.019
FD11188	226.875 	 24.295 	 12.066
FD11188	227.000 	 24.289 	 12.115
FD11188	227.125 	 24.285 	 12.143
FD11188	227.250 	 24.284 	 12.148
FD11188	227.375 	 24.279 	 12.187
FD11188	227.500 	 24.281 	 12.230
FD11188	227.625 	 24.276 	 12.246
FD11188	227.750 	 24.279 	 12.247
FD11188	227.875 	 24.275 	 12.297
FD11188	228.000 	 24.276 	 12.362
FD11188	228.125 	 24.279 	 12.415
FD11188	228.250 	 24.282 	 12.463
FD11188	228.375 	 24.288 	 12.495
FD11188	228.500 	 24.295 	 12.521
FD11188	228.625 	 24.305 	 12.574
FD11188	228.750 	 24.321 	 12.606
FD11188	228.875 	 24.333 	 12.639
FD11188	229.000 	 24.342 	 12.683
FD11188	229.125 	 24.351 	 12.706
FD11188	229.250 	 24.358 	 12.761
FD11188	229.375 	 24.366 	 12.785
FD11188	229.500 	 24.369 	 12.769
FD11188	229.625 	 24.372 	 12.744
FD11188	229.750 	 24.376 	 12.716
FD11188	229.875 	 24.383 	 12.665
FD11188	230.000 	 24.388 	 12.703
FD11188	230.125 	 24.389 	 12.741
FD11188	230.250 	 24.391 	 12.703
FD11188	230.375 	 24.389 	 12.720
FD11188	230.500 	 24.387 	 12.747
FD11188	230.625 	 24.379 	 12.709
FD11188	230.750 	 24.373 	 12.692
FD11188	230.875 	 24.369 	 12.722
FD11188	231.000 	 24.359 	 12.722
FD11188	231.125 	 24.354 	 12.715
FD11188	231.250 	 24.350 	 12.735
FD11188	231.375 	 24.346 	 12.742
FD11188	231.500 	 24.343 	 12.774
FD11188	231.625 	 24.340 	 12.795
FD11188	231.750 	 24.342 	 12.771
FD11188	231.875 	 24.346 	 12.760
FD11188	232.000 	 24.342 	 12.749
FD11188	232.125 	 24.342 	 12.788
FD11188	232.250 	 24.344 	 12.750
FD11188	232.375 	 24.339 	 12.716
FD11188	232.500 	 24.340 	 12.760
FD11188	232.625 	 24.340 	 12.760
FD11188	232.750 	 24.338 	 12.761
FD11188	232.875 	 24.341 	 12.770
FD11188	233.000 	 24.349 	 12.789
FD11188	233.125 	 24.353 	 12.825
FD11188	233.250 	 24.359 	 12.830
FD11188	233.375 	 24.368 	 12.850
FD11188	233.500 	 24.374 	 12.807
FD11188	233.625 	 24.382 	 12.786
FD11188	233.750 	 24.383 	 12.835
FD11188	233.875 	 24.393 	 12.826
FD11188	234.000 	 24.392 	 12.832
FD11188	234.125 	 24.396 	 12.889
FD11188	234.250 	 24.404 	 12.912
FD11188	234.375 	 24.415 	 12.912
FD11188	234.500 	 24.425 	 12.916
FD11188	234.625 	 24.437 	 12.923
FD11188	234.750 	 24.445 	 12.960
FD11188	234.875 	 24.454 	 12.956
FD11188	235.000 	 24.459 	 12.944
FD11188	235.125 	 24.465 	 13.000
FD11188	235.250 	 24.468 	 13.022
FD11188	235.375 	 24.479 	 13.008
FD11188	235.500 	 24.481 	 12.970
FD11188	235.625 	 24.491 	 12.958
FD11188	235.750 	 24.495 	 13.025
FD11188	235.875 	 24.502 	 12.999
FD11188	236.000 	 24.510 	 12.972
FD11188	236.125 	 24.517 	 13.019
FD11188	236.250 	 24.520 	 13.036
FD11188	236.375 	 24.518 	 13.051
FD11188	236.500 	 24.521 	 13.052
FD11188	236.625 	 24.521 	 13.047
FD11188	236.750 	 24.525 	 12.970
FD11188	236.875 	 24.528 	 12.947
FD11188	237.000 	 24.536 	 12.980
FD11188	237.125 	 24.538 	 12.975
FD11188	237.250 	 24.542 	 12.980
FD11188	237.375 	 24.541 	 13.005
FD11188	237.500 	 24.542 	 13.049
FD11188	237.625 	 24.542 	 13.036
FD11188	237.750 	 24.540 	 13.053
FD11188	237.875 	 24.541 	 13.046
FD11188	238.000 	 24.540 	 13.013
FD11188	238.125 	 24.539 	 12.997
FD11188	238.250 	 24.537 	 12.998
FD11188	238.375 	 24.535 	 13.014
FD11188	238.500 	 24.530 	 13.040
FD11188	238.625 	 24.524 	 13.069
FD11188	238.750 	 24.518 	 13.052
FD11188	238.875 	 24.507 	 13.060
FD11188	239.000 	 24.496 	 13.038
FD11188	239.125 	 24.485 	 13.060
FD11188	239.250 	 24.471 	 13.066
FD11188	239.375 	 24.459 	 13.052
FD11188	239.500 	 24.443 	 13.052
FD11188	239.625 	 24.424 	 13.043
FD11188	239.750 	 24.405 	 13.060
FD11188	239.875 	 24.384 	 13.090
FD11188	240.000 	 24.359 	 13.141
FD11188	240.125 	 24.340 	 13.164
FD11188	240.250 	 24.321 	 13.175
FD11188	240.375 	 24.300 	 13.179
FD11188	240.500 	 24.282 	 13.206
FD11188	240.625 	 24.261 	 13.225
FD11188	240.750 	 24.245 	 13.269
FD11188	240.875 	 24.225 	 13.287
FD11188	241.000 	 24.212 	 13.272
FD11188	241.125 	 24.198 	 13.274
FD11188	241.250 	 24.186 	 13.285
FD11188	241.375 	 24.173 	 13.302
FD11188	241.500 	 24.170 	 13.317
FD11188	241.625 	 24.167 	 13.310
FD11188	241.750 	 24.169 	 13.347
FD11188	241.875 	 24.169 	 13.441
FD11188	242.000 	 24.168 	 13.525
FD11188	242.125 	 24.166 	 13.555
FD11188	242.250 	 24.167 	 13.561
FD11188	242.375 	 24.171 	 13.598
FD11188	242.500 	 24.173 	 13.593
FD11188	242.625 	 24.183 	 13.617
FD11188	242.750 	 24.193 	 13.585
FD11188	242.875 	 24.210 	 13.549
FD11188	243.000 	 24.222 	 13.609
FD11188	243.125 	 24.236 	 13.621
FD11188	243.250 	 24.248 	 13.686
FD11188	243.375 	 24.259 	 13.746
FD11188	243.500 	 24.271 	 13.780
FD11188	243.625 	 24.285 	 13.751
FD11188	243.750 	 24.297 	 13.692
FD11188	243.875 	 24.311 	 13.631
FD11188	244.000 	 24.330 	 13.544
FD11188	244.125 	 24.352 	 13.554
FD11188	244.250 	 24.375 	 13.615
FD11188	244.375 	 24.403 	 13.593
FD11188	244.500 	 24.428 	 13.582
FD11188	244.625 	 24.460 	 13.598
FD11188	244.750 	 24.490 	 13.627
FD11188	244.875 	 24.525 	 13.648
FD11188	245.000 	 24.564 	 13.648
FD11188	245.125 	 24.600 	 13.642
FD11188	245.250 	 24.639 	 13.682
FD11188	245.375 	 24.678 	 13.741
FD11188	245.500 	 24.719 	 13.735
FD11188	245.625 	 24.755 	 13.738
FD11188	245.750 	 24.785 	 13.739
FD11188	245.875 	 24.821 	 13.725
FD11188	246.000 	 24.845 	 13.691
FD11188	246.125 	 24.869 	 13.662
FD11188	246.250 	 24.887 	 13.699
FD11188	246.375 	 24.898 	 13.711
FD11188	246.500 	 24.912 	 13.640
FD11188	246.625 	 24.924 	 13.519
FD11188	246.750 	 24.936 	 13.464
FD11188	246.875 	 24.942 	 13.436
FD11188	247.000 	 24.944 	 13.376
FD11188	247.125 	 24.953 	 13.381
FD11188	247.250 	 24.958 	 13.441
FD11188	247.375 	 24.964 	 13.555
FD11188	247.500 	 24.975 	 13.692
FD11188	247.625 	 24.979 	 13.722
FD11188	247.750 	 24.982 	 13.755
FD11188	247.875 	 24.980 	 13.763
FD11188	248.000 	 24.976 	 13.708
FD11188	248.125 	 24.971 	 13.711
FD11188	248.250 	 24.963 	 13.690
FD11188	248.375 	 24.956 	 13.683
FD11188	248.500 	 24.941 	 13.656
FD11188	248.625 	 24.925 	 13.623
FD11188	248.750 	 24.903 	 13.579
FD11188	248.875 	 24.877 	 13.549
FD11188	249.000 	 24.848 	 13.517
FD11188	249.125 	 24.823 	 13.499
FD11188	249.250 	 24.789 	 13.566
FD11188	249.375 	 24.756 	 13.754
FD11188	249.500 	 24.716 	 13.872
FD11188	249.625 	 24.687 	 13.837
FD11188	249.750 	 24.654 	 13.827
FD11188	249.875 	 24.628 	 13.911
FD11188	250.000 	 24.608 	 13.939
FD11188	250.125 	 24.592 	 13.941
FD11188	250.250 	 24.578 	 13.948
FD11188	250.375 	 24.570 	 13.878
FD11188	250.500 	 24.556 	 13.912
FD11188	250.625 	 24.541 	 13.980
FD11188	250.750 	 24.523 	 14.096
FD11188	250.875 	 24.506 	 14.139
FD11188	251.000 	 24.490 	 14.089
FD11188	251.125 	 24.476 	 14.104
FD11188	251.250 	 24.469 	 14.153
FD11188	251.375 	 24.459 	 14.130
FD11188	251.500 	 24.456 	 14.066
FD11188	251.625 	 24.453 	 14.138
FD11188	251.750 	 24.450 	 14.207
FD11188	251.875 	 24.453 	 14.240
FD11188	252.000 	 24.454 	 14.285
FD11188	252.125 	 24.457 	 14.178
FD11188	252.250 	 24.461 	 14.139
FD11188	252.375 	 24.469 	 14.154
FD11188	252.500 	 24.475 	 14.131
FD11188	252.625 	 24.487 	 14.103
FD11188	252.750 	 24.495 	 14.070
FD11188	252.875 	 24.509 	 14.101
FD11188	253.000 	 24.522 	 14.068
FD11188	253.125 	 24.532 	 14.074
FD11188	253.250 	 24.539 	 14.079
FD11188	253.375 	 24.545 	 14.104
FD11188	253.500 	 24.555 	 14.153
FD11188	253.625 	 24.563 	 14.132
FD11188	253.750 	 24.577 	 14.191
FD11188	253.875 	 24.590 	 14.266
FD11188	254.000 	 24.601 	 14.227
FD11188	254.125 	 24.609 	 14.241
FD11188	254.250 	 24.613 	 14.307
FD11188	254.375 	 24.622 	 14.353
FD11188	254.500 	 24.633 	 14.376
FD11188	254.625 	 24.645 	 14.354
FD11188	254.750 	 24.663 	 14.354
FD11188	254.875 	 24.687 	 14.353
FD11188	255.000 	 24.706 	 14.375
FD11188	255.125 	 24.727 	 14.373
FD11188	255.250 	 24.747 	 14.374
FD11188	255.375 	 24.769 	 14.428
FD11188	255.500 	 24.783 	 14.439
FD11188	255.625 	 24.798 	 14.447
FD11188	255.750 	 24.804 	 14.490
FD11188	255.875 	 24.814 	 14.465
FD11188	256.000 	 24.818 	 14.435
FD11188	256.125 	 24.827 	 14.475
FD11188	256.250 	 24.836 	 14.551
FD11188	256.375 	 24.842 	 14.579
FD11188	256.500 	 24.845 	 14.574
FD11188	256.625 	 24.852 	 14.637
FD11188	256.750 	 24.851 	 14.653
FD11188	256.875 	 24.855 	 14.647
FD11188	257.000 	 24.854 	 14.654
FD11188	257.125 	 24.851 	 14.689
FD11188	257.250 	 24.852 	 14.689
FD11188	257.375 	 24.853 	 14.712
FD11188	257.500 	 24.850 	 14.758
FD11188	257.625 	 24.855 	 14.796
FD11188	257.750 	 24.858 	 14.780
FD11188	257.875 	 24.861 	 14.763
FD11188	258.000 	 24.864 	 14.834
FD11188	258.125 	 24.868 	 14.852
FD11188	258.250 	 24.870 	 14.856
FD11188	258.375 	 24.875 	 14.848
FD11188	258.500 	 24.871 	 14.909
FD11188	258.625 	 24.875 	 14.968
FD11188	258.750 	 24.878 	 14.964
FD11188	258.875 	 24.880 	 14.994
FD11188	259.000 	 24.884 	 15.042
FD11188	259.125 	 24.890 	 15.065
FD11188	259.250 	 24.891 	 15.060
FD11188	259.375 	 24.890 	 15.084
FD11188	259.500 	 24.890 	 15.150
FD11188	259.625 	 24.887 	 15.186
FD11188	259.750 	 24.882 	 15.225
FD11188	259.875 	 24.878 	 15.281
FD11188	260.000 	 24.874 	 15.288
FD11188	260.125 	 24.871 	 15.389
FD11188	260.250 	 24.870 	 15.560
FD11188	260.375 	 24.864 	 15.625
FD11188	260.500 	 24.859 	 15.736
FD11188	260.625 	 24.858 	 15.849
FD11188	260.750 	 24.856 	 15.938
FD11188	260.875 	 24.860 	 16.034
FD11188	261.000 	 24.858 	 16.079
FD11188	261.125 	 24.856 	 16.118
FD11188	261.250 	 24.863 	 16.149
FD11188	261.375 	 24.870 	 16.189
FD11188	261.500 	 24.878 	 16.234
FD11188	261.625 	 24.895 	 16.271
FD11188	261.750 	 24.908 	 16.236
FD11188	261.875 	 24.922 	 16.219
FD11188	262.000 	 24.932 	 16.254
FD11188	262.125 	 24.951 	 16.253
FD11188	262.250 	 24.961 	 16.250
FD11188	262.375 	 24.984 	 16.228
FD11188	262.500 	 24.994 	 16.231
FD11188	262.625 	 25.019 	 16.217
FD11188	262.750 	 25.036 	 16.193
FD11188	262.875 	 25.050 	 16.180
FD11188	263.000 	 25.059 	 16.201
FD11188	263.125 	 25.071 	 16.253
FD11188	263.250 	 25.082 	 16.235
FD11188	263.375 	 25.092 	 16.209
FD11188	263.500 	 25.099 	 16.216
FD11188	263.625 	 25.103 	 16.222
FD11188	263.750 	 25.107 	 16.226
FD11188	263.875 	 25.111 	 16.235
FD11188	264.000 	 25.113 	 16.247
FD11188	264.125 	 25.122 	 16.242
FD11188	264.250 	 25.122 	 16.244
FD11188	264.375 	 25.122 	 16.248
FD11188	264.500 	 25.122 	 16.248
FD11188	264.625 	 25.120 	 16.253
FD11188	264.750 	 25.123 	 16.252
FD11188	264.875 	 25.124 	 16.262
FD11188	265.000 	 25.121 	 16.268
FD11188	265.125 	 25.119 	 16.272
FD11188	265.250 	 25.122 	 16.270
FD11188	265.375 	 25.125 	 16.270
FD11188	265.500 	 25.122 	 16.270
FD11188	265.625 	 25.122 	 16.272
FD11188	265.750 	 25.122 	 16.270
FD11188	265.875 	 25.124 	 16.258
FD11188	266.000 	 25.123 	 16.250
FD11188	266.125 	 25.120 	 16.257
FD11188	266.250 	 25.124 	 16.258
FD11188	266.375 	 25.123 	 16.256
FD11188	266.500 	 25.120 	 16.253
FD11188	266.625 	 25.120 	 16.252
FD11188	266.750 	 25.123 	 16.256
FD11188	266.875 	 25.120 	 16.261
FD11188	267.000 	 25.124 	 16.258
FD11188	267.125 	 25.124 	 16.260
FD11188	267.250 	 25.120 	 16.261
FD11188	267.375 	 25.121 	 16.266
FD11188	267.500 	 25.123 	 16.282
FD11188	267.625 	 25.124 	 16.292
FD11188	267.750 	 25.121 	 16.292
FD11188	267.875 	 25.124 	 16.292
FD11188	268.000 	 25.121 	 16.294
FD11188	268.125 	 25.118 	 16.294
FD11188	268.250 	 25.124 	 16.290
FD11188	268.375 	 25.121 	 16.294
FD11188	268.500 	 25.124 	 16.292
FD11188	268.625 	 25.121 	 16.294
FD11188	268.750 	 25.124 	 16.290
FD11188	268.875 	 25.121 	 16.294
FD11188	269.000 	 25.121 	 16.294
FD11188	269.125 	 25.124 	 16.292
FD11188	269.250 	 25.121 	 16.292
FD11188	269.375 	 25.124 	 16.292
FD11188	269.500 	 25.121 	 16.294
FD11188	269.625 	 25.121 	 16.292
FD11188	269.750 	 25.121 	 16.294
FD11188	269.875 	 25.121 	 16.292
FD11188	270.000 	 25.127 	 16.292
FD11188	270.125 	 25.118 	 16.294
FD11188	270.250 	 25.121 	 16.292
FD11188	270.375 	 25.124 	 16.292
FD11188	270.500 	 25.127 	 16.292
FD11188	270.625 	 25.118 	 16.294
FD11188	270.750 	 25.121 	 16.292
FD11188	270.875 	 25.124 	 16.292
FD11188	271.000 	 25.118 	 16.294
FD11188	271.125 	 25.121 	 16.292
FD11188	271.250 	 25.124 	 16.294
FD11188	271.375 	 25.127 	 16.290
FD11188	271.500 	 25.118 	 16.294
FD11188	271.625 	 25.121 	 16.292
FD11188	271.750 	 25.124 	 16.294
FD11188	271.875 	 25.124 	 16.292
FD11188	272.000 	 25.121 	 16.292
FD11188	272.125 	 25.118 	 16.294
FD11188	272.250 	 25.127 	 16.292
FD11188	272.375 	 25.124 	 16.292
FD11188	272.500 	 25.115 	 16.292
FD11188	272.625 	 25.124 	 16.294
FD11188	272.750 	 25.124 	 16.294
FD11188	272.875 	 25.121 	 16.292
FD11188	273.000 	 25.118 	 16.292
FD11188	273.125 	 25.127 	 16.292
FD11188	273.250 	 25.124 	 16.294
FD11188	273.375 	 25.121 	 16.292
FD11188	273.500 	 25.118 	 16.292
FD11188	273.625 	 25.124 	 16.294
FD11188	273.750 	 25.127 	 16.292
FD11188	273.875 	 25.118 	 16.294
FD11188	274.000 	 25.121 	 16.290
FD11188	274.125 	 25.124 	 16.294
FD11188	274.250 	 25.121 	 16.292
FD11188	274.375 	 25.118 	 16.294
FD11188	274.500 	 25.127 	 16.290
FD11188	274.625 	 25.124 	 16.294
FD11188	274.750 	 25.118 	 16.294
FD11188	274.875 	 25.121 	 16.292
FD11188	275.000 	 25.124 	 16.292
FD11188	275.125 	 25.127 	 16.292
FD11188	275.250 	 25.118 	 16.294
FD11188	275.375 	 25.121 	 16.292
FD11188	275.500 	 25.124 	 16.292
FD11188	275.625 	 25.118 	 16.294
FD11188	275.750 	 25.121 	 16.292
FD11188	275.875 	 25.124 	 16.294
FD11188	276.000 	 25.127 	 16.292
FD11188	276.125 	 25.118 	 16.292
FD11188	276.250 	 25.121 	 16.292
FD11188	276.375 	 25.124 	 16.294
FD11188	276.500 	 25.124 	 16.294
FD11188	276.625 	 25.121 	 16.290
FD11188	276.750 	 25.118 	 16.294
FD11188	276.875 	 25.127 	 16.292
FD11188	277.000 	 25.118 	 16.294
FD11188	277.125 	 25.121 	 16.290
FD11188	277.250 	 25.124 	 16.294
FD11188	277.375 	 25.124 	 16.294
FD11188	277.500 	 25.121 	 16.292
FD11188	277.625 	 25.118 	 16.292
FD11188	277.750 	 25.127 	 16.292
FD11188	277.875 	 25.124 	 16.294
FD11188	278.000 	 25.121 	 16.292
FD11188	278.125 	 25.118 	 16.292
FD11188	278.250 	 25.124 	 16.294
FD11188	278.375 	 25.121 	 16.292
FD11188	278.500 	 25.118 	 16.294
FD11188	278.625 	 25.127 	 16.292
FD11188	278.750 	 25.124 	 16.292
FD11188	278.875 	 25.121 	 16.292
FD11188	279.000 	 25.118 	 16.294
FD11188	279.125 	 0.000 	 90.000
FD11188	279.250 	 0.000 	 90.000
FD11188	279.375 	 0.000 	 90.000
FD11188	279.500 	 0.000 	 90.000
FD11188	279.625 	 0.000 	 90.000
FD11188	279.750 	 0.000 	 90.000
FD11188	279.875 	 0.000 	 90.000
FD11188	280.000 	 0.000 	 90.000
FD11188	280.125 	 0.000 	 90.000
FD11188	280.250 	 0.000 	 90.000
FD11188	280.375 	 0.000 	 90.000
FD11188	280.500 	 0.000 	 90.000
FD11188	280.625 	 0.000 	 90.000
FD11188	280.750 	 0.000 	 90.000
FD11188	280.875 	 0.000 	 90.000
FD11188	281.000 	 0.000 	 90.000
FD11188	281.125 	 0.000 	 90.000
FD11188	281.250 	 0.000 	 90.000
FD11188	281.375 	 0.000 	 90.000
FD11188	281.500 	 0.000 	 90.000
FD11188	281.625 	 0.000 	 90.000
FD11188	281.750 	 0.000 	 90.000
FD11188	281.875 	 0.000 	 90.000
FD11188	282.000 	 0.000 	 90.000
FD11188	282.125 	 0.000 	 90.000
FD11188	282.250 	 0.000 	 90.000
FD11188	282.375 	 0.000 	 90.000
FD11188	282.500 	 0.000 	 90.000
FD11188	282.625 	 0.000 	 90.000
FD11188	282.750 	 0.000 	 90.000
FD11188	282.875 	 0.000 	 90.000
FD11188	283.000 	 0.000 	 90.000
FD11188	283.125 	 0.000 	 90.000
FD11188	283.250 	 0.000 	 90.000
FD11188	283.375 	 0.000 	 90.000
FD11188	283.500 	 0.000 	 90.000
FD11188	283.625 	 0.000 	 90.000
FD11188	283.750 	 0.000 	 90.000
FD11188	283.875 	 0.000 	 90.000
FD11188	284.000 	 0.000 	 90.000
FD11188	284.125 	 0.000 	 90.000
FD11188	284.250 	 0.000 	 90.000
FD11188	284.375 	 0.000 	 90.000
FD11188	284.500 	 0.000 	 90.000
FD11188	284.625 	 0.000 	 90.000
FD11188	284.750 	 0.000 	 90.000
FD11188	284.875 	 0.000 	 90.000
FD11188	285.000 	 0.000 	 90.000
FD11188	285.125 	 0.000 	 90.000
FD11188	285.250 	 0.000 	 90.000
FD11188	285.375 	 0.000 	 90.000
FD11188	285.500 	 0.000 	 90.000
FD11188	285.625 	 0.000 	 90.000
FD11188	285.750 	 0.000 	 90.000
FD11188	285.875 	 0.000 	 90.000
FD11188	286.000 	 0.000 	 90.000
FD11188	286.125 	 0.000 	 90.000
FD11188	286.250 	 0.000 	 90.000
FD11188	286.375 	 0.000 	 90.000
FD11188	286.500 	 0.000 	 90.000
FD11188	286.625 	 0.000 	 90.000
FD11188	286.750 	 0.000 	 90.000
FD11188	286.875 	 0.000 	 90.000
FD11188	287.000 	 0.000 	 90.000
FD11188	287.125 	 0.000 	 90.000
FD11188	287.250 	 0.000 	 90.000
FD11188	287.375 	 0.000 	 90.000
FD11188	287.500 	 0.000 	 90.000
FD11188	287.625 	 0.000 	 90.000
FD11188	287.750 	 0.000 	 90.000
FD11188	287.875 	 0.000 	 90.000
FD11188	288.000 	 0.000 	 90.000
FD11188	288.125 	 0.000 	 90.000
FD11188	288.250 	 0.000 	 90.000
FD11188	288.375 	 0.000 	 90.000
FD11188	288.500 	 0.000 	 90.000
FD11188	288.625 	 0.000 	 90.000
FD11188	288.750 	 0.000 	 90.000
FD11188	288.875 	 0.000 	 90.000
FD11188	289.000 	 0.000 	 90.000
