#WellName	 Depth.M	 INCL	 AZIM 
WellName	 Depth.M	 INCL	 AZIM 
FD11119	0.000 	 0.000 	 0.000
FD11119	0.125 	 0.000 	 90.000
FD11119	0.250 	 0.000 	 90.000
FD11119	0.375 	 0.000 	 90.000
FD11119	0.500 	 0.000 	 90.000
FD11119	0.625 	 0.000 	 90.000
FD11119	0.750 	 0.000 	 90.000
FD11119	0.875 	 0.000 	 90.000
FD11119	1.000 	 0.000 	 90.000
FD11119	1.125 	 0.000 	 90.000
FD11119	1.250 	 0.000 	 90.000
FD11119	1.375 	 0.000 	 90.000
FD11119	1.500 	 0.000 	 90.000
FD11119	1.625 	 0.000 	 90.000
FD11119	1.750 	 0.000 	 90.000
FD11119	1.875 	 0.000 	 90.000
FD11119	2.000 	 0.000 	 90.000
FD11119	2.125 	 0.000 	 90.000
FD11119	2.250 	 0.000 	 90.000
FD11119	2.375 	 0.000 	 90.000
FD11119	2.500 	 0.000 	 90.000
FD11119	2.625 	 0.000 	 90.000
FD11119	2.750 	 0.000 	 90.000
FD11119	2.875 	 0.000 	 90.000
FD11119	3.000 	 0.000 	 90.000
FD11119	3.125 	 0.000 	 90.000
FD11119	3.250 	 0.000 	 90.000
FD11119	3.375 	 0.000 	 90.000
FD11119	3.500 	 0.000 	 90.000
FD11119	3.625 	 0.000 	 90.000
FD11119	3.750 	 0.000 	 90.000
FD11119	3.875 	 0.000 	 90.000
FD11119	4.000 	 0.000 	 90.000
FD11119	4.125 	 0.000 	 90.000
FD11119	4.250 	 0.000 	 90.000
FD11119	4.375 	 0.000 	 90.000
FD11119	4.500 	 0.000 	 90.000
FD11119	4.625 	 0.000 	 90.000
FD11119	4.750 	 0.000 	 90.000
FD11119	4.875 	 0.000 	 90.000
FD11119	5.000 	 0.000 	 90.000
FD11119	5.125 	 0.000 	 90.000
FD11119	5.250 	 0.000 	 90.000
FD11119	5.375 	 0.000 	 90.000
FD11119	5.500 	 0.000 	 90.000
FD11119	5.625 	 0.000 	 90.000
FD11119	5.750 	 0.000 	 90.000
FD11119	5.875 	 0.000 	 90.000
FD11119	6.000 	 0.000 	 90.000
FD11119	6.125 	 0.000 	 90.000
FD11119	6.250 	 0.000 	 90.000
FD11119	6.375 	 0.000 	 90.000
FD11119	6.500 	 0.000 	 90.000
FD11119	6.625 	 0.000 	 90.000
FD11119	6.750 	 0.000 	 90.000
FD11119	6.875 	 0.000 	 90.000
FD11119	7.000 	 0.000 	 90.000
FD11119	7.125 	 0.000 	 90.000
FD11119	7.250 	 0.000 	 90.000
FD11119	7.375 	 0.000 	 90.000
FD11119	7.500 	 0.000 	 90.000
FD11119	7.625 	 0.000 	 90.000
FD11119	7.750 	 0.000 	 90.000
FD11119	7.875 	 0.000 	 90.000
FD11119	8.000 	 0.000 	 90.000
FD11119	8.125 	 0.000 	 90.000
FD11119	8.250 	 0.000 	 90.000
FD11119	8.375 	 0.000 	 90.000
FD11119	8.500 	 0.000 	 90.000
FD11119	8.625 	 0.000 	 90.000
FD11119	8.750 	 0.000 	 90.000
FD11119	8.875 	 0.000 	 90.000
FD11119	9.000 	 0.000 	 90.000
FD11119	9.125 	 0.000 	 90.000
FD11119	9.250 	 0.000 	 90.000
FD11119	9.375 	 0.000 	 90.000
FD11119	9.500 	 0.000 	 90.000
FD11119	9.625 	 0.000 	 90.000
FD11119	9.750 	 0.000 	 90.000
FD11119	9.875 	 0.000 	 90.000
FD11119	10.000 	 0.000 	 90.000
FD11119	10.125 	 0.000 	 90.000
FD11119	10.250 	 0.000 	 90.000
FD11119	10.375 	 0.000 	 90.000
FD11119	10.500 	 0.000 	 90.000
FD11119	10.625 	 0.000 	 90.000
FD11119	10.750 	 0.000 	 90.000
FD11119	10.875 	 0.000 	 90.000
FD11119	11.000 	 0.000 	 90.000
FD11119	11.125 	 0.000 	 90.000
FD11119	11.250 	 0.000 	 90.000
FD11119	11.375 	 0.000 	 90.000
FD11119	11.500 	 0.000 	 90.000
FD11119	11.625 	 0.000 	 90.000
FD11119	11.750 	 0.000 	 90.000
FD11119	11.875 	 0.000 	 90.000
FD11119	12.000 	 0.000 	 90.000
FD11119	12.125 	 0.000 	 90.000
FD11119	12.250 	 0.000 	 90.000
FD11119	12.375 	 0.000 	 90.000
FD11119	12.500 	 0.000 	 90.000
FD11119	12.625 	 0.000 	 90.000
FD11119	12.750 	 0.000 	 90.000
FD11119	12.875 	 0.000 	 90.000
FD11119	13.000 	 0.000 	 90.000
FD11119	13.125 	 0.000 	 90.000
FD11119	13.250 	 0.000 	 90.000
FD11119	13.375 	 0.000 	 90.000
FD11119	13.500 	 0.000 	 90.000
FD11119	13.625 	 0.000 	 90.000
FD11119	13.750 	 0.000 	 90.000
FD11119	13.875 	 0.000 	 90.000
FD11119	14.000 	 0.000 	 90.000
FD11119	14.125 	 0.000 	 90.000
FD11119	14.250 	 0.000 	 90.000
FD11119	14.375 	 0.000 	 90.000
FD11119	14.500 	 0.000 	 90.000
FD11119	14.625 	 0.000 	 90.000
FD11119	14.750 	 0.000 	 90.000
FD11119	14.875 	 0.000 	 90.000
FD11119	15.000 	 0.000 	 90.000
FD11119	15.125 	 0.000 	 90.000
FD11119	15.250 	 0.000 	 90.000
FD11119	15.375 	 0.000 	 90.000
FD11119	15.500 	 0.000 	 90.000
FD11119	15.625 	 0.000 	 90.000
FD11119	15.750 	 0.000 	 90.000
FD11119	15.875 	 0.000 	 90.000
FD11119	16.000 	 0.000 	 90.000
FD11119	16.125 	 0.000 	 90.000
FD11119	16.250 	 0.000 	 90.000
FD11119	16.375 	 0.000 	 90.000
FD11119	16.500 	 0.000 	 90.000
FD11119	16.625 	 0.000 	 90.000
FD11119	16.750 	 0.000 	 90.000
FD11119	16.875 	 0.000 	 90.000
FD11119	17.000 	 0.000 	 90.000
FD11119	17.125 	 0.000 	 90.000
FD11119	17.250 	 0.000 	 90.000
FD11119	17.375 	 0.000 	 90.000
FD11119	17.500 	 0.000 	 90.000
FD11119	17.625 	 0.000 	 90.000
FD11119	17.750 	 0.000 	 90.000
FD11119	17.875 	 0.000 	 90.000
FD11119	18.000 	 0.000 	 90.000
FD11119	18.125 	 0.000 	 90.000
FD11119	18.250 	 0.000 	 90.000
FD11119	18.375 	 0.000 	 90.000
FD11119	18.500 	 0.000 	 90.000
FD11119	18.625 	 0.000 	 90.000
FD11119	18.750 	 0.000 	 90.000
FD11119	18.875 	 0.000 	 90.000
FD11119	19.000 	 0.000 	 90.000
FD11119	19.125 	 0.000 	 90.000
FD11119	19.250 	 0.000 	 90.000
FD11119	19.375 	 0.000 	 90.000
FD11119	19.500 	 0.000 	 90.000
FD11119	19.625 	 0.000 	 90.000
FD11119	19.750 	 0.000 	 90.000
FD11119	19.875 	 0.000 	 90.000
FD11119	20.000 	 0.000 	 90.000
FD11119	20.125 	 0.000 	 90.000
FD11119	20.250 	 0.000 	 90.000
FD11119	20.375 	 0.000 	 90.000
FD11119	20.500 	 0.000 	 90.000
FD11119	20.625 	 0.000 	 90.000
FD11119	20.750 	 0.000 	 90.000
FD11119	20.875 	 0.000 	 90.000
FD11119	21.000 	 0.000 	 90.000
FD11119	21.125 	 0.000 	 90.000
FD11119	21.250 	 0.000 	 90.000
FD11119	21.375 	 0.000 	 90.000
FD11119	21.500 	 0.000 	 90.000
FD11119	21.625 	 0.000 	 90.000
FD11119	21.750 	 0.000 	 90.000
FD11119	21.875 	 0.000 	 90.000
FD11119	22.000 	 0.000 	 90.000
FD11119	22.125 	 0.000 	 90.000
FD11119	22.250 	 0.000 	 90.000
FD11119	22.375 	 0.000 	 90.000
FD11119	22.500 	 0.000 	 90.000
FD11119	22.625 	 0.000 	 90.000
FD11119	22.750 	 0.000 	 90.000
FD11119	22.875 	 0.000 	 90.000
FD11119	23.000 	 0.000 	 90.000
FD11119	23.125 	 0.000 	 90.000
FD11119	23.250 	 0.000 	 90.000
FD11119	23.375 	 0.000 	 90.000
FD11119	23.500 	 0.000 	 90.000
FD11119	23.625 	 0.000 	 90.000
FD11119	23.750 	 0.000 	 90.000
FD11119	23.875 	 0.000 	 90.000
FD11119	24.000 	 0.000 	 90.000
FD11119	24.125 	 0.000 	 90.000
FD11119	24.250 	 0.000 	 90.000
FD11119	24.375 	 0.000 	 90.000
FD11119	24.500 	 0.000 	 90.000
FD11119	24.625 	 0.000 	 90.000
FD11119	24.750 	 0.000 	 90.000
FD11119	24.875 	 0.000 	 90.000
FD11119	25.000 	 0.000 	 90.000
FD11119	25.125 	 0.000 	 90.000
FD11119	25.250 	 0.000 	 90.000
FD11119	25.375 	 0.000 	 90.000
FD11119	25.500 	 0.000 	 90.000
FD11119	25.625 	 0.000 	 90.000
FD11119	25.750 	 0.000 	 90.000
FD11119	25.875 	 0.000 	 90.000
FD11119	26.000 	 0.000 	 90.000
FD11119	26.125 	 0.000 	 90.000
FD11119	26.250 	 0.000 	 90.000
FD11119	26.375 	 0.000 	 90.000
FD11119	26.500 	 0.000 	 90.000
FD11119	26.625 	 0.000 	 90.000
FD11119	26.750 	 0.000 	 90.000
FD11119	26.875 	 0.000 	 90.000
FD11119	27.000 	 0.000 	 90.000
FD11119	27.125 	 0.000 	 90.000
FD11119	27.250 	 0.000 	 90.000
FD11119	27.375 	 0.000 	 90.000
FD11119	27.500 	 0.000 	 90.000
FD11119	27.625 	 0.000 	 90.000
FD11119	27.750 	 0.000 	 90.000
FD11119	27.875 	 0.000 	 90.000
FD11119	28.000 	 0.000 	 90.000
FD11119	28.125 	 0.000 	 90.000
FD11119	28.250 	 0.000 	 90.000
FD11119	28.375 	 0.000 	 90.000
FD11119	28.500 	 0.000 	 90.000
FD11119	28.625 	 0.000 	 90.000
FD11119	28.750 	 0.000 	 90.000
FD11119	28.875 	 0.000 	 90.000
FD11119	29.000 	 0.000 	 90.000
FD11119	29.125 	 0.000 	 90.000
FD11119	29.250 	 0.000 	 90.000
FD11119	29.375 	 0.000 	 90.000
FD11119	29.500 	 0.000 	 90.000
FD11119	29.625 	 0.000 	 90.000
FD11119	29.750 	 0.000 	 90.000
FD11119	29.875 	 0.000 	 90.000
FD11119	30.000 	 0.000 	 90.000
FD11119	30.125 	 0.000 	 90.000
FD11119	30.250 	 0.000 	 90.000
FD11119	30.375 	 0.000 	 90.000
FD11119	30.500 	 0.000 	 90.000
FD11119	30.625 	 0.000 	 90.000
FD11119	30.750 	 0.000 	 90.000
FD11119	30.875 	 0.000 	 90.000
FD11119	31.000 	 0.000 	 90.000
FD11119	31.125 	 0.000 	 90.000
FD11119	31.250 	 0.000 	 90.000
FD11119	31.375 	 0.000 	 90.000
FD11119	31.500 	 0.000 	 90.000
FD11119	31.625 	 0.000 	 90.000
FD11119	31.750 	 0.000 	 90.000
FD11119	31.875 	 0.000 	 90.000
FD11119	32.000 	 0.000 	 90.000
FD11119	32.125 	 0.000 	 90.000
FD11119	32.250 	 0.000 	 90.000
FD11119	32.375 	 0.000 	 90.000
FD11119	32.500 	 0.000 	 90.000
FD11119	32.625 	 0.000 	 90.000
FD11119	32.750 	 0.000 	 90.000
FD11119	32.875 	 0.000 	 90.000
FD11119	33.000 	 0.000 	 90.000
FD11119	33.125 	 0.000 	 90.000
FD11119	33.250 	 0.000 	 90.000
FD11119	33.375 	 0.000 	 90.000
FD11119	33.500 	 0.000 	 90.000
FD11119	33.625 	 0.000 	 90.000
FD11119	33.750 	 0.000 	 90.000
FD11119	33.875 	 0.000 	 90.000
FD11119	34.000 	 0.000 	 90.000
FD11119	34.125 	 0.000 	 90.000
FD11119	34.250 	 0.000 	 90.000
FD11119	34.375 	 0.000 	 90.000
FD11119	34.500 	 0.000 	 90.000
FD11119	34.625 	 0.000 	 90.000
FD11119	34.750 	 0.000 	 90.000
FD11119	34.875 	 0.000 	 90.000
FD11119	35.000 	 0.000 	 90.000
FD11119	35.125 	 0.000 	 90.000
FD11119	35.250 	 0.000 	 90.000
FD11119	35.375 	 0.000 	 90.000
FD11119	35.500 	 0.000 	 90.000
FD11119	35.625 	 0.000 	 90.000
FD11119	35.750 	 0.000 	 90.000
FD11119	35.875 	 0.000 	 90.000
FD11119	36.000 	 0.000 	 90.000
FD11119	36.125 	 0.000 	 90.000
FD11119	36.250 	 0.000 	 90.000
FD11119	36.375 	 0.000 	 90.000
FD11119	36.500 	 0.000 	 90.000
FD11119	36.625 	 0.000 	 90.000
FD11119	36.750 	 0.000 	 90.000
FD11119	36.875 	 0.000 	 90.000
FD11119	37.000 	 0.000 	 90.000
FD11119	37.125 	 0.000 	 90.000
FD11119	37.250 	 0.000 	 90.000
FD11119	37.375 	 0.000 	 90.000
FD11119	37.500 	 0.000 	 90.000
FD11119	37.625 	 0.000 	 90.000
FD11119	37.750 	 0.000 	 90.000
FD11119	37.875 	 0.000 	 90.000
FD11119	38.000 	 0.000 	 90.000
FD11119	38.125 	 0.000 	 90.000
FD11119	38.250 	 0.000 	 90.000
FD11119	38.375 	 0.000 	 90.000
FD11119	38.500 	 0.000 	 90.000
FD11119	38.625 	 0.000 	 90.000
FD11119	38.750 	 0.000 	 90.000
FD11119	38.875 	 0.000 	 90.000
FD11119	39.000 	 0.000 	 90.000
FD11119	39.125 	 0.000 	 90.000
FD11119	39.250 	 0.000 	 90.000
FD11119	39.375 	 0.000 	 90.000
FD11119	39.500 	 0.000 	 90.000
FD11119	39.625 	 0.000 	 90.000
FD11119	39.750 	 0.000 	 90.000
FD11119	39.875 	 0.000 	 90.000
FD11119	40.000 	 0.000 	 90.000
FD11119	40.125 	 0.000 	 90.000
FD11119	40.250 	 0.000 	 90.000
FD11119	40.375 	 0.000 	 90.000
FD11119	40.500 	 0.000 	 90.000
FD11119	40.625 	 0.000 	 90.000
FD11119	40.750 	 0.000 	 90.000
FD11119	40.875 	 0.000 	 90.000
FD11119	41.000 	 0.000 	 90.000
FD11119	41.125 	 0.000 	 90.000
FD11119	41.250 	 0.000 	 90.000
FD11119	41.375 	 0.000 	 90.000
FD11119	41.500 	 0.000 	 90.000
FD11119	41.625 	 0.000 	 90.000
FD11119	41.750 	 0.000 	 90.000
FD11119	41.875 	 0.000 	 90.000
FD11119	42.000 	 0.000 	 90.000
FD11119	42.125 	 0.000 	 90.000
FD11119	42.250 	 0.000 	 90.000
FD11119	42.375 	 0.000 	 90.000
FD11119	42.500 	 0.000 	 90.000
FD11119	42.625 	 0.000 	 90.000
FD11119	42.750 	 0.000 	 90.000
FD11119	42.875 	 0.000 	 90.000
FD11119	43.000 	 0.000 	 90.000
FD11119	43.125 	 0.000 	 90.000
FD11119	43.250 	 0.000 	 90.000
FD11119	43.375 	 0.000 	 90.000
FD11119	43.500 	 0.000 	 90.000
FD11119	43.625 	 0.000 	 90.000
FD11119	43.750 	 0.000 	 90.000
FD11119	43.875 	 0.000 	 90.000
FD11119	44.000 	 0.000 	 90.000
FD11119	44.125 	 0.000 	 90.000
FD11119	44.250 	 0.000 	 90.000
FD11119	44.375 	 0.000 	 90.000
FD11119	44.500 	 0.000 	 90.000
FD11119	44.625 	 0.000 	 90.000
FD11119	44.750 	 0.000 	 90.000
FD11119	44.875 	 0.000 	 90.000
FD11119	45.000 	 0.000 	 90.000
FD11119	45.125 	 0.000 	 90.000
FD11119	45.250 	 0.000 	 90.000
FD11119	45.375 	 0.000 	 90.000
FD11119	45.500 	 0.000 	 90.000
FD11119	45.625 	 0.000 	 90.000
FD11119	45.750 	 0.000 	 90.000
FD11119	45.875 	 0.000 	 90.000
FD11119	46.000 	 0.000 	 90.000
FD11119	46.125 	 0.000 	 90.000
FD11119	46.250 	 0.458 	 270.000
FD11119	46.375 	 0.458 	 180.000
FD11119	46.500 	 0.458 	 270.000
FD11119	46.625 	 0.648 	 225.000
FD11119	46.750 	 0.000 	 90.000
FD11119	46.875 	 0.458 	 270.000
FD11119	47.000 	 0.648 	 225.000
FD11119	47.125 	 0.000 	 90.000
FD11119	47.250 	 0.458 	 270.000
FD11119	47.375 	 0.648 	 225.000
FD11119	47.500 	 0.000 	 90.000
FD11119	47.625 	 0.648 	 225.000
FD11119	47.750 	 0.458 	 270.000
FD11119	47.875 	 0.000 	 90.000
FD11119	48.000 	 0.648 	 225.000
FD11119	48.125 	 0.458 	 270.000
FD11119	48.250 	 0.000 	 90.000
FD11119	48.375 	 0.648 	 225.000
FD11119	48.500 	 0.458 	 270.000
FD11119	48.625 	 0.458 	 180.000
FD11119	48.750 	 0.458 	 270.000
FD11119	48.875 	 0.458 	 270.000
FD11119	49.000 	 0.458 	 180.000
FD11119	49.125 	 0.458 	 270.000
FD11119	49.250 	 0.648 	 225.000
FD11119	49.375 	 0.000 	 90.000
FD11119	49.500 	 0.458 	 270.000
FD11119	49.625 	 0.648 	 225.000
FD11119	49.750 	 0.000 	 90.000
FD11119	49.875 	 0.458 	 270.000
FD11119	50.000 	 0.648 	 225.000
FD11119	50.125 	 1.025 	 243.435
FD11119	50.250 	 0.917 	 270.000
FD11119	50.375 	 0.648 	 225.000
FD11119	50.500 	 1.025 	 243.435
FD11119	50.625 	 1.025 	 243.435
FD11119	50.750 	 0.917 	 270.000
FD11119	50.875 	 1.025 	 243.435
FD11119	51.000 	 1.025 	 243.435
FD11119	51.125 	 1.025 	 243.435
FD11119	51.250 	 0.917 	 270.000
FD11119	51.375 	 0.648 	 225.000
FD11119	51.500 	 1.025 	 243.435
FD11119	51.625 	 1.025 	 243.435
FD11119	51.750 	 1.025 	 243.435
FD11119	51.875 	 0.917 	 270.000
FD11119	52.000 	 1.025 	 243.435
FD11119	52.125 	 1.025 	 243.435
FD11119	52.250 	 1.025 	 243.435
FD11119	52.375 	 0.458 	 270.000
FD11119	52.500 	 1.025 	 243.435
FD11119	52.625 	 1.025 	 243.435
FD11119	52.750 	 1.025 	 243.435
FD11119	52.875 	 0.917 	 270.000
FD11119	53.000 	 1.033 	 243.435
FD11119	53.125 	 1.025 	 243.435
FD11119	53.250 	 1.025 	 243.435
FD11119	53.375 	 0.458 	 270.000
FD11119	53.500 	 1.025 	 243.435
FD11119	53.625 	 1.025 	 243.435
FD11119	53.750 	 1.025 	 243.435
FD11119	53.875 	 1.025 	 243.435
FD11119	54.000 	 0.917 	 270.000
FD11119	54.125 	 1.025 	 243.435
FD11119	54.250 	 1.025 	 243.435
FD11119	54.375 	 1.025 	 243.435
FD11119	54.500 	 0.458 	 270.000
FD11119	54.625 	 1.025 	 243.435
FD11119	54.750 	 1.025 	 243.435
FD11119	54.875 	 1.025 	 243.435
FD11119	55.000 	 0.917 	 270.000
FD11119	55.125 	 1.025 	 243.435
FD11119	55.250 	 1.449 	 251.565
FD11119	55.375 	 2.467 	 248.199
FD11119	55.500 	 2.467 	 248.199
FD11119	55.625 	 2.467 	 248.199
FD11119	55.750 	 2.896 	 251.565
FD11119	55.875 	 2.487 	 248.199
FD11119	56.000 	 2.467 	 248.199
FD11119	56.125 	 2.467 	 248.199
FD11119	56.250 	 2.467 	 248.199
FD11119	56.375 	 2.467 	 248.199
FD11119	56.500 	 2.896 	 251.565
FD11119	56.625 	 2.467 	 248.199
FD11119	56.750 	 2.467 	 248.199
FD11119	56.875 	 2.487 	 248.199
FD11119	57.000 	 2.336 	 258.690
FD11119	57.125 	 2.467 	 248.199
FD11119	57.250 	 2.467 	 248.199
FD11119	57.375 	 2.896 	 251.565
FD11119	57.500 	 2.467 	 248.199
FD11119	57.625 	 2.467 	 248.199
FD11119	57.750 	 2.467 	 248.199
FD11119	57.875 	 2.487 	 248.199
FD11119	58.000 	 2.467 	 248.199
FD11119	58.125 	 2.896 	 251.565
FD11119	58.250 	 2.467 	 248.199
FD11119	58.375 	 2.467 	 248.199
FD11119	58.500 	 2.467 	 248.199
FD11119	58.625 	 2.467 	 248.199
FD11119	58.750 	 2.467 	 248.199
FD11119	58.875 	 2.355 	 258.690
FD11119	59.000 	 2.896 	 251.565
FD11119	59.125 	 2.467 	 248.199
FD11119	59.250 	 2.467 	 248.199
FD11119	59.375 	 2.467 	 248.199
FD11119	59.500 	 2.467 	 248.199
FD11119	59.625 	 2.467 	 248.199
FD11119	59.750 	 2.920 	 251.565
FD11119	59.875 	 2.467 	 248.199
FD11119	60.000 	 2.467 	 248.199
FD11119	60.125 	 2.467 	 248.199
FD11119	60.250 	 2.467 	 248.199
FD11119	60.375 	 2.467 	 248.199
FD11119	60.500 	 2.467 	 248.199
FD11119	60.625 	 2.896 	 251.565
FD11119	60.750 	 2.355 	 258.690
FD11119	60.875 	 2.467 	 248.199
FD11119	61.000 	 2.467 	 248.199
FD11119	61.125 	 2.467 	 248.199
FD11119	61.250 	 2.467 	 248.199
FD11119	61.375 	 2.896 	 251.565
FD11119	61.500 	 2.467 	 248.199
FD11119	61.625 	 2.467 	 248.199
FD11119	61.750 	 2.487 	 248.199
FD11119	61.875 	 2.467 	 248.199
FD11119	62.000 	 2.467 	 248.199
FD11119	62.125 	 2.467 	 248.199
FD11119	62.250 	 2.896 	 251.565
FD11119	62.375 	 2.467 	 248.199
FD11119	62.500 	 2.467 	 248.199
FD11119	62.625 	 2.336 	 258.690
FD11119	62.750 	 2.487 	 248.199
FD11119	62.875 	 2.467 	 248.199
FD11119	63.000 	 2.896 	 251.565
FD11119	63.125 	 2.467 	 248.199
FD11119	63.250 	 2.467 	 248.199
FD11119	63.375 	 2.467 	 248.199
FD11119	63.500 	 2.467 	 248.199
FD11119	63.625 	 2.487 	 248.199
FD11119	63.750 	 2.467 	 248.199
FD11119	63.875 	 2.896 	 251.565
FD11119	64.000 	 2.467 	 248.199
FD11119	64.125 	 2.467 	 248.199
FD11119	64.250 	 2.467 	 248.199
FD11119	64.375 	 2.467 	 248.199
FD11119	64.500 	 3.360 	 254.055
FD11119	64.625 	 4.774 	 253.301
FD11119	64.750 	 4.774 	 253.301
FD11119	64.875 	 4.375 	 251.565
FD11119	65.000 	 4.774 	 253.301
FD11119	65.125 	 4.964 	 248.199
FD11119	65.250 	 4.774 	 253.301
FD11119	65.375 	 4.813 	 253.301
FD11119	65.500 	 4.774 	 253.301
FD11119	65.625 	 4.774 	 253.301
FD11119	65.750 	 4.375 	 251.565
FD11119	65.875 	 4.774 	 253.301
FD11119	66.000 	 4.813 	 253.301
FD11119	66.125 	 4.925 	 248.199
FD11119	66.250 	 4.813 	 253.301
FD11119	66.375 	 4.774 	 253.301
FD11119	66.500 	 4.774 	 253.301
FD11119	66.625 	 4.375 	 251.565
FD11119	66.750 	 4.774 	 253.301
FD11119	66.875 	 4.813 	 253.301
FD11119	67.000 	 4.774 	 253.301
FD11119	67.125 	 4.964 	 248.199
FD11119	67.250 	 4.774 	 253.301
FD11119	67.375 	 4.813 	 253.301
FD11119	67.500 	 4.340 	 251.565
FD11119	67.625 	 4.774 	 253.301
FD11119	67.750 	 4.813 	 253.301
FD11119	67.875 	 4.774 	 253.301
FD11119	68.000 	 4.964 	 248.199
FD11119	68.125 	 4.774 	 253.301
FD11119	68.250 	 4.375 	 251.565
FD11119	68.375 	 4.774 	 253.301
FD11119	68.500 	 4.774 	 253.301
FD11119	68.625 	 4.813 	 253.301
FD11119	68.750 	 4.774 	 253.301
FD11119	68.875 	 4.813 	 253.301
FD11119	69.000 	 4.925 	 248.199
FD11119	69.125 	 4.375 	 251.565
FD11119	69.250 	 4.774 	 253.301
FD11119	69.375 	 4.813 	 253.301
FD11119	69.500 	 4.774 	 253.301
FD11119	69.625 	 4.774 	 253.301
FD11119	69.750 	 4.813 	 253.301
FD11119	69.875 	 4.774 	 253.301
FD11119	70.000 	 4.541 	 246.037
FD11119	70.125 	 4.774 	 253.301
FD11119	70.250 	 4.813 	 253.301
FD11119	70.375 	 4.774 	 253.301
FD11119	70.500 	 4.774 	 253.301
FD11119	70.625 	 4.813 	 253.301
FD11119	70.750 	 4.774 	 253.301
FD11119	70.875 	 4.375 	 251.565
FD11119	71.000 	 4.925 	 248.199
FD11119	71.125 	 4.813 	 253.301
FD11119	71.250 	 4.774 	 253.301
FD11119	71.375 	 4.813 	 253.301
FD11119	71.500 	 4.774 	 253.301
FD11119	71.625 	 4.774 	 253.301
FD11119	71.750 	 4.375 	 251.565
FD11119	71.875 	 4.925 	 248.199
FD11119	72.000 	 4.813 	 253.301
FD11119	72.125 	 4.774 	 253.301
FD11119	72.250 	 4.813 	 253.301
FD11119	72.375 	 4.774 	 253.301
FD11119	72.500 	 4.774 	 253.301
FD11119	72.625 	 4.375 	 251.565
FD11119	72.750 	 4.774 	 253.301
FD11119	72.875 	 4.964 	 248.199
FD11119	73.000 	 4.774 	 253.301
FD11119	73.125 	 4.813 	 253.301
FD11119	73.250 	 4.774 	 253.301
FD11119	73.375 	 4.813 	 253.301
FD11119	73.500 	 5.349 	 250.017
FD11119	73.625 	 7.136 	 255.069
FD11119	73.750 	 7.267 	 251.565
FD11119	73.875 	 7.136 	 255.069
FD11119	74.000 	 7.267 	 251.565
FD11119	74.125 	 7.136 	 255.069
FD11119	74.250 	 7.699 	 252.646
FD11119	74.375 	 7.136 	 255.069
FD11119	74.500 	 7.267 	 251.565
FD11119	74.625 	 7.136 	 255.069
FD11119	74.750 	 7.267 	 251.565
FD11119	74.875 	 7.576 	 255.964
FD11119	75.000 	 7.267 	 251.565
FD11119	75.125 	 7.136 	 255.069
FD11119	75.250 	 7.267 	 251.565
FD11119	75.375 	 7.136 	 255.069
FD11119	75.500 	 7.267 	 251.565
FD11119	75.625 	 7.576 	 255.964
FD11119	75.750 	 7.267 	 251.565
FD11119	75.875 	 7.136 	 255.069
FD11119	76.000 	 7.267 	 251.565
FD11119	76.125 	 7.136 	 255.069
FD11119	76.250 	 7.267 	 251.565
FD11119	76.375 	 7.637 	 255.964
FD11119	76.500 	 7.267 	 251.565
FD11119	76.625 	 7.136 	 255.069
FD11119	76.750 	 7.267 	 251.565
FD11119	76.875 	 7.136 	 255.069
FD11119	77.000 	 7.267 	 251.565
FD11119	77.125 	 7.576 	 255.964
FD11119	77.250 	 7.267 	 251.565
FD11119	77.375 	 7.136 	 255.069
FD11119	77.500 	 7.267 	 251.565
FD11119	77.625 	 7.136 	 255.069
FD11119	77.750 	 7.267 	 251.565
FD11119	77.875 	 7.576 	 255.964
FD11119	78.000 	 7.267 	 251.565
FD11119	78.125 	 7.136 	 255.069
FD11119	78.250 	 7.267 	 251.565
FD11119	78.375 	 7.136 	 255.069
FD11119	78.500 	 7.267 	 251.565
FD11119	78.625 	 7.576 	 255.964
FD11119	78.750 	 7.267 	 251.565
FD11119	78.875 	 7.267 	 251.565
FD11119	79.000 	 7.136 	 255.069
FD11119	79.125 	 7.267 	 251.565
FD11119	79.250 	 7.136 	 255.069
FD11119	79.375 	 7.699 	 252.646
FD11119	79.500 	 7.136 	 255.069
FD11119	79.625 	 7.267 	 251.565
FD11119	79.750 	 7.136 	 255.069
FD11119	79.875 	 7.267 	 251.565
FD11119	80.000 	 7.136 	 255.069
FD11119	80.125 	 7.699 	 252.646
FD11119	80.250 	 7.136 	 255.069
FD11119	80.375 	 7.267 	 251.565
FD11119	80.500 	 7.136 	 255.068
FD11119	80.625 	 7.267 	 251.565
FD11119	80.750 	 7.576 	 255.964
FD11119	80.875 	 7.267 	 251.565
FD11119	81.000 	 7.136 	 255.069
FD11119	81.125 	 7.267 	 251.565
FD11119	81.250 	 7.136 	 255.069
FD11119	81.375 	 7.267 	 251.565
FD11119	81.500 	 7.576 	 255.964
FD11119	81.625 	 7.267 	 251.565
FD11119	81.750 	 7.136 	 255.069
FD11119	81.875 	 7.267 	 251.565
FD11119	82.000 	 7.136 	 255.069
FD11119	82.125 	 7.267 	 251.565
FD11119	82.250 	 7.576 	 255.964
FD11119	82.375 	 7.267 	 251.565
FD11119	82.500 	 7.136 	 255.069
FD11119	82.625 	 7.267 	 251.565
FD11119	82.750 	 7.136 	 255.068
FD11119	82.875 	 7.267 	 251.565
FD11119	83.000 	 9.635 	 253.301
FD11119	83.125 	 10.069 	 254.055
FD11119	83.250 	 10.069 	 254.055
FD11119	83.375 	 10.069 	 254.054
FD11119	83.500 	 10.069 	 254.055
FD11119	83.625 	 10.630 	 252.350
FD11119	83.750 	 10.069 	 254.055
FD11119	83.875 	 10.069 	 254.055
FD11119	84.000 	 10.069 	 254.055
FD11119	84.125 	 10.069 	 254.055
FD11119	84.250 	 10.202 	 251.565
FD11119	84.375 	 10.069 	 254.055
FD11119	84.500 	 10.069 	 254.054
FD11119	84.625 	 10.069 	 254.055
FD11119	84.750 	 10.069 	 254.055
FD11119	84.875 	 10.202 	 251.565
FD11119	85.000 	 9.989 	 254.055
FD11119	85.125 	 10.069 	 254.055
FD11119	85.250 	 10.069 	 254.054
FD11119	85.375 	 10.069 	 254.055
FD11119	85.500 	 10.202 	 251.565
FD11119	85.625 	 10.069 	 254.055
FD11119	85.750 	 10.069 	 254.055
FD11119	85.875 	 10.069 	 254.055
FD11119	86.000 	 10.069 	 254.055
FD11119	86.125 	 10.202 	 251.565
FD11119	86.250 	 10.503 	 254.745
FD11119	86.375 	 10.069 	 254.055
FD11119	86.500 	 10.069 	 254.055
FD11119	86.625 	 10.069 	 254.055
FD11119	86.750 	 10.069 	 254.054
FD11119	86.875 	 10.202 	 251.565
FD11119	87.000 	 10.069 	 254.055
FD11119	87.125 	 10.069 	 254.054
FD11119	87.250 	 10.069 	 254.055
FD11119	87.375 	 10.069 	 254.055
FD11119	87.500 	 10.202 	 251.565
FD11119	87.625 	 10.069 	 254.055
FD11119	87.750 	 9.989 	 254.055
FD11119	87.875 	 10.069 	 254.055
FD11119	88.000 	 10.069 	 254.055
FD11119	88.125 	 10.202 	 251.565
FD11119	88.250 	 10.069 	 254.055
FD11119	88.375 	 10.069 	 254.054
FD11119	88.500 	 10.069 	 254.055
FD11119	88.625 	 10.069 	 254.054
FD11119	88.750 	 10.202 	 251.565
FD11119	88.875 	 10.503 	 254.745
FD11119	89.000 	 10.069 	 254.055
FD11119	89.125 	 10.069 	 254.055
FD11119	89.250 	 10.069 	 254.054
FD11119	89.375 	 10.202 	 251.565
FD11119	89.500 	 10.069 	 254.054
FD11119	89.625 	 10.069 	 254.055
FD11119	89.750 	 10.069 	 254.055
FD11119	89.875 	 10.069 	 254.054
FD11119	90.000 	 10.203 	 251.565
FD11119	90.125 	 10.069 	 254.055
FD11119	90.250 	 10.069 	 254.054
FD11119	90.375 	 10.069 	 254.055
FD11119	90.500 	 9.989 	 254.055
FD11119	90.625 	 10.069 	 254.054
FD11119	90.750 	 10.202 	 251.565
FD11119	90.875 	 10.069 	 254.054
FD11119	91.000 	 10.069 	 254.054
FD11119	91.125 	 10.069 	 254.055
FD11119	91.250 	 10.069 	 254.054
FD11119	91.375 	 10.202 	 251.565
FD11119	91.500 	 10.069 	 254.054
FD11119	91.625 	 10.503 	 254.745
FD11119	91.750 	 10.069 	 254.054
FD11119	91.875 	 10.069 	 254.054
FD11119	92.000 	 10.202 	 251.565
FD11119	92.125 	 10.069 	 254.054
FD11119	92.250 	 12.142 	 252.255
FD11119	92.375 	 13.131 	 251.565
FD11119	92.500 	 12.709 	 250.907
FD11119	92.625 	 12.709 	 250.906
FD11119	92.750 	 13.236 	 251.565
FD11119	92.875 	 12.709 	 250.906
FD11119	93.000 	 13.132 	 251.565
FD11119	93.125 	 12.709 	 250.906
FD11119	93.250 	 13.131 	 251.565
FD11119	93.375 	 12.709 	 250.906
FD11119	93.500 	 13.236 	 251.565
FD11119	93.625 	 12.709 	 250.906
FD11119	93.750 	 13.131 	 251.565
FD11119	93.875 	 12.709 	 250.906
FD11119	94.000 	 13.131 	 251.565
FD11119	94.125 	 12.709 	 250.906
FD11119	94.250 	 12.810 	 250.907
FD11119	94.375 	 13.131 	 251.565
FD11119	94.500 	 12.709 	 250.907
FD11119	94.625 	 13.131 	 251.565
FD11119	94.750 	 12.709 	 250.907
FD11119	94.875 	 13.236 	 251.565
FD11119	95.000 	 12.709 	 250.906
FD11119	95.125 	 13.131 	 251.565
FD11119	95.250 	 12.709 	 250.906
FD11119	95.375 	 13.131 	 251.565
FD11119	95.500 	 12.709 	 250.906
FD11119	95.625 	 13.236 	 251.565
FD11119	95.750 	 12.709 	 250.906
FD11119	95.875 	 12.709 	 250.907
FD11119	96.000 	 13.131 	 251.565
FD11119	96.125 	 12.570 	 252.897
FD11119	96.250 	 13.131 	 251.565
FD11119	96.375 	 12.811 	 250.906
FD11119	96.500 	 13.131 	 251.565
FD11119	96.625 	 12.709 	 250.907
FD11119	96.750 	 13.131 	 251.565
FD11119	96.875 	 12.709 	 250.907
FD11119	97.000 	 13.131 	 251.565
FD11119	97.125 	 12.810 	 250.907
FD11119	97.250 	 13.131 	 251.565
FD11119	97.375 	 12.709 	 250.907
FD11119	97.500 	 12.709 	 250.906
FD11119	97.625 	 13.131 	 251.565
FD11119	97.750 	 12.810 	 250.906
FD11119	97.875 	 13.131 	 251.565
FD11119	98.000 	 12.709 	 250.906
FD11119	98.125 	 13.131 	 251.565
FD11119	98.250 	 12.709 	 250.906
FD11119	98.375 	 13.131 	 251.565
FD11119	98.500 	 12.811 	 250.906
FD11119	98.625 	 13.131 	 251.565
FD11119	98.750 	 12.709 	 250.907
FD11119	98.875 	 13.131 	 251.565
FD11119	99.000 	 12.709 	 250.907
FD11119	99.125 	 12.709 	 250.906
FD11119	99.250 	 13.236 	 251.565
FD11119	99.375 	 12.709 	 250.906
FD11119	99.500 	 13.131 	 251.565
FD11119	99.625 	 12.709 	 250.906
FD11119	99.750 	 13.131 	 251.565
FD11119	99.875 	 12.810 	 250.906
FD11119	100.000 	 13.131 	 251.565
FD11119	100.125 	 12.709 	 250.906
FD11119	100.250 	 13.131 	 251.565
FD11119	100.375 	 12.709 	 250.906
FD11119	100.500 	 13.131 	 251.565
FD11119	100.625 	 12.810 	 250.906
FD11119	100.750 	 12.709 	 250.907
FD11119	100.875 	 13.131 	 251.565
FD11119	101.000 	 12.709 	 250.907
FD11119	101.125 	 13.131 	 251.565
FD11119	101.250 	 12.709 	 250.906
FD11119	101.375 	 14.226 	 250.975
FD11119	101.500 	 14.910 	 249.863
FD11119	101.625 	 15.362 	 248.839
FD11119	101.750 	 14.793 	 249.864
FD11119	101.875 	 15.329 	 250.463
FD11119	102.000 	 15.361 	 248.839
FD11119	102.125 	 14.793 	 249.864
FD11119	102.250 	 15.483 	 248.838
FD11119	102.375 	 14.793 	 249.864
FD11119	102.500 	 15.362 	 248.839
FD11119	102.625 	 14.910 	 249.864
FD11119	102.750 	 15.208 	 250.463
FD11119	102.875 	 14.952 	 248.199
FD11119	103.000 	 15.329 	 250.463
FD11119	103.125 	 14.951 	 248.199
FD11119	103.250 	 15.209 	 250.464
FD11119	103.375 	 14.910 	 249.864
FD11119	103.500 	 15.361 	 248.839
FD11119	103.625 	 14.792 	 249.864
FD11119	103.750 	 15.362 	 248.839
FD11119	103.875 	 14.910 	 249.864
FD11119	104.000 	 15.361 	 248.838
FD11119	104.125 	 15.209 	 250.464
FD11119	104.250 	 14.910 	 249.864
FD11119	104.375 	 15.361 	 248.839
FD11119	104.500 	 14.793 	 249.864
FD11119	104.625 	 15.483 	 248.839
FD11119	104.750 	 14.792 	 249.863
FD11119	104.875 	 15.209 	 250.464
FD11119	105.000 	 15.070 	 248.198
FD11119	105.125 	 15.208 	 250.464
FD11119	105.250 	 14.952 	 248.199
FD11119	105.375 	 15.329 	 250.463
FD11119	105.500 	 14.793 	 249.864
FD11119	105.625 	 15.361 	 248.839
FD11119	105.750 	 14.911 	 249.864
FD11119	105.875 	 15.361 	 248.839
FD11119	106.000 	 14.793 	 249.864
FD11119	106.125 	 15.484 	 248.838
FD11119	106.250 	 15.208 	 250.464
FD11119	106.375 	 14.792 	 249.863
FD11119	106.500 	 15.484 	 248.839
FD11119	106.625 	 14.793 	 249.864
FD11119	106.750 	 15.361 	 248.839
FD11119	106.875 	 14.911 	 249.864
FD11119	107.000 	 15.208 	 250.464
FD11119	107.125 	 14.951 	 248.198
FD11119	107.250 	 15.330 	 250.464
FD11119	107.375 	 14.951 	 248.199
FD11119	107.500 	 15.208 	 250.463
FD11119	107.625 	 15.070 	 248.199
FD11119	107.750 	 15.209 	 250.464
FD11119	107.875 	 14.792 	 249.864
FD11119	108.000 	 15.483 	 248.839
FD11119	108.125 	 14.793 	 249.864
FD11119	108.250 	 15.361 	 248.839
FD11119	108.375 	 15.329 	 250.464
FD11119	108.500 	 14.793 	 249.863
FD11119	108.625 	 15.361 	 248.839
FD11119	108.750 	 14.910 	 249.864
FD11119	108.875 	 15.362 	 248.839
FD11119	109.000 	 14.793 	 249.864
FD11119	109.125 	 15.329 	 250.464
FD11119	109.250 	 14.952 	 248.198
FD11119	109.375 	 15.208 	 250.464
FD11119	109.500 	 15.070 	 248.198
FD11119	109.625 	 15.208 	 250.464
FD11119	109.750 	 14.952 	 248.199
FD11119	109.875 	 15.329 	 250.463
FD11119	110.000 	 14.793 	 249.864
FD11119	110.125 	 15.362 	 248.839
FD11119	110.250 	 14.910 	 249.864
FD11119	110.375 	 15.361 	 248.838
FD11119	110.500 	 16.467 	 248.499
FD11119	110.625 	 16.057 	 247.890
FD11119	110.750 	 16.466 	 248.499
FD11119	110.875 	 16.058 	 247.890
FD11119	111.000 	 16.466 	 248.499
FD11119	111.125 	 16.466 	 248.499
FD11119	111.250 	 16.058 	 247.891
FD11119	111.375 	 16.466 	 248.499
FD11119	111.500 	 16.058 	 247.891
FD11119	111.625 	 16.466 	 248.499
FD11119	111.750 	 16.057 	 247.891
FD11119	111.875 	 16.467 	 248.499
FD11119	112.000 	 16.057 	 247.890
FD11119	112.125 	 16.466 	 248.499
FD11119	112.250 	 16.058 	 247.891
FD11119	112.375 	 16.466 	 248.499
FD11119	112.500 	 16.466 	 248.499
FD11119	112.625 	 16.058 	 247.890
FD11119	112.750 	 16.466 	 248.499
FD11119	112.875 	 16.058 	 247.890
FD11119	113.000 	 16.466 	 248.499
FD11119	113.125 	 16.057 	 247.891
FD11119	113.250 	 16.467 	 248.499
FD11119	113.375 	 16.057 	 247.890
FD11119	113.500 	 16.466 	 248.499
FD11119	113.625 	 15.898 	 249.445
FD11119	113.750 	 16.466 	 248.499
FD11119	113.875 	 16.057 	 247.890
FD11119	114.000 	 16.467 	 248.499
FD11119	114.125 	 16.466 	 248.499
FD11119	114.250 	 16.057 	 247.891
FD11119	114.375 	 16.467 	 248.499
FD11119	114.500 	 16.057 	 247.890
FD11119	114.625 	 16.467 	 248.499
FD11119	114.750 	 16.057 	 247.891
FD11119	114.875 	 16.466 	 248.499
FD11119	115.000 	 16.058 	 247.890
FD11119	115.125 	 16.466 	 248.499
FD11119	115.250 	 16.185 	 247.890
FD11119	115.375 	 16.467 	 248.499
FD11119	115.500 	 16.466 	 248.499
FD11119	115.625 	 16.058 	 247.891
FD11119	115.750 	 16.466 	 248.499
FD11119	115.875 	 16.057 	 247.891
FD11119	116.000 	 16.467 	 248.499
FD11119	116.125 	 16.057 	 247.891
FD11119	116.250 	 16.466 	 248.499
FD11119	116.375 	 16.058 	 247.890
FD11119	116.500 	 16.466 	 248.499
FD11119	116.625 	 16.057 	 247.891
FD11119	116.750 	 16.467 	 248.499
FD11119	116.875 	 16.466 	 248.499
FD11119	117.000 	 16.057 	 247.890
FD11119	117.125 	 16.467 	 248.499
FD11119	117.250 	 16.057 	 247.891
FD11119	117.375 	 16.467 	 248.499
FD11119	117.500 	 16.057 	 247.890
FD11119	117.625 	 16.466 	 248.499
FD11119	117.750 	 16.058 	 247.890
FD11119	117.875 	 16.466 	 248.499
FD11119	118.000 	 16.057 	 247.891
FD11119	118.125 	 16.467 	 248.499
FD11119	118.250 	 16.466 	 248.499
FD11119	118.375 	 16.057 	 247.890
FD11119	118.500 	 16.467 	 248.499
FD11119	118.625 	 16.057 	 247.891
FD11119	118.750 	 16.467 	 248.499
FD11119	118.875 	 16.057 	 247.890
FD11119	119.000 	 16.466 	 248.499
FD11119	119.125 	 16.058 	 247.891
FD11119	119.250 	 16.466 	 248.499
FD11119	119.375 	 16.057 	 247.890
FD11119	119.500 	 16.467 	 248.499
FD11119	119.625 	 16.466 	 248.499
FD11119	119.750 	 16.632 	 247.011
FD11119	119.875 	 16.765 	 247.011
FD11119	120.000 	 17.036 	 247.620
FD11119	120.125 	 16.942 	 245.556
FD11119	120.250 	 17.035 	 247.619
FD11119	120.375 	 16.632 	 247.011
FD11119	120.500 	 17.171 	 247.620
FD11119	120.625 	 16.632 	 247.011
FD11119	120.750 	 16.942 	 245.556
FD11119	120.875 	 17.035 	 247.620
FD11119	121.000 	 16.632 	 247.011
FD11119	121.125 	 17.171 	 247.620
FD11119	121.250 	 16.632 	 247.011
FD11119	121.375 	 17.207 	 246.194
FD11119	121.500 	 16.765 	 247.011
FD11119	121.625 	 16.632 	 247.011
FD11119	121.750 	 17.171 	 247.620
FD11119	121.875 	 16.632 	 247.011
FD11119	122.000 	 17.207 	 246.195
FD11119	122.125 	 16.765 	 247.011
FD11119	122.250 	 16.632 	 247.011
FD11119	122.375 	 17.171 	 247.620
FD11119	122.500 	 16.632 	 247.011
FD11119	122.625 	 17.207 	 246.194
FD11119	122.750 	 16.765 	 247.011
FD11119	122.875 	 17.036 	 247.620
FD11119	123.000 	 16.765 	 247.011
FD11119	123.125 	 16.632 	 247.011
FD11119	123.250 	 17.206 	 246.193
FD11119	123.375 	 16.765 	 247.011
FD11119	123.500 	 17.036 	 247.620
FD11119	123.625 	 16.764 	 247.011
FD11119	123.750 	 17.036 	 247.620
FD11119	123.875 	 16.808 	 245.556
FD11119	124.000 	 16.765 	 247.011
FD11119	124.125 	 17.036 	 247.620
FD11119	124.250 	 16.632 	 247.011
FD11119	124.375 	 17.171 	 247.620
FD11119	124.500 	 16.808 	 245.556
FD11119	124.625 	 17.171 	 247.620
FD11119	124.750 	 16.632 	 247.011
FD11119	124.875 	 16.632 	 247.011
FD11119	125.000 	 17.171 	 247.620
FD11119	125.125 	 16.808 	 245.556
FD11119	125.250 	 17.171 	 247.620
FD11119	125.375 	 16.632 	 247.011
FD11119	125.500 	 17.036 	 247.620
FD11119	125.625 	 16.765 	 247.011
FD11119	125.750 	 16.808 	 245.556
FD11119	125.875 	 17.170 	 247.620
FD11119	126.000 	 16.633 	 247.011
FD11119	126.125 	 17.035 	 247.620
FD11119	126.250 	 16.765 	 247.011
FD11119	126.375 	 17.036 	 247.620
FD11119	126.500 	 16.941 	 245.556
FD11119	126.625 	 16.633 	 247.011
FD11119	126.750 	 17.035 	 247.620
FD11119	126.875 	 16.765 	 247.011
FD11119	127.000 	 17.036 	 247.620
FD11119	127.125 	 16.941 	 245.556
FD11119	127.250 	 17.037 	 247.620
FD11119	127.375 	 16.632 	 247.011
FD11119	127.500 	 16.765 	 247.011
FD11119	127.625 	 17.035 	 247.620
FD11119	127.750 	 16.808 	 245.556
FD11119	127.875 	 17.171 	 247.620
FD11119	128.000 	 16.632 	 247.011
FD11119	128.125 	 17.170 	 247.620
FD11119	128.250 	 16.633 	 247.011
FD11119	128.375 	 16.808 	 245.556
FD11119	128.500 	 17.171 	 247.620
FD11119	128.625 	 16.632 	 247.011
FD11119	128.750 	 17.170 	 247.620
FD11119	128.875 	 16.633 	 247.011
FD11119	129.000 	 17.342 	 246.194
FD11119	129.125 	 17.606 	 246.802
FD11119	129.250 	 17.342 	 246.195
FD11119	129.375 	 17.744 	 246.801
FD11119	129.500 	 17.343 	 246.195
FD11119	129.625 	 17.439 	 248.199
FD11119	129.750 	 17.342 	 246.194
FD11119	129.875 	 17.345 	 246.194
FD11119	130.000 	 17.744 	 246.802
FD11119	130.125 	 17.206 	 246.195
FD11119	130.250 	 17.746 	 246.801
FD11119	130.375 	 17.170 	 247.620
FD11119	130.500 	 17.744 	 246.802
FD11119	130.625 	 17.207 	 246.194
FD11119	130.750 	 17.343 	 246.194
FD11119	130.875 	 17.744 	 246.802
FD11119	131.000 	 17.342 	 246.194
FD11119	131.125 	 17.579 	 248.199
FD11119	131.250 	 17.205 	 246.194
FD11119	131.375 	 17.345 	 246.194
FD11119	131.500 	 17.744 	 246.802
FD11119	131.625 	 17.342 	 246.195
FD11119	131.750 	 17.606 	 246.801
FD11119	131.875 	 17.170 	 247.620
FD11119	132.000 	 17.744 	 246.802
FD11119	132.125 	 17.342 	 246.195
FD11119	132.250 	 17.208 	 246.194
FD11119	132.375 	 17.744 	 246.802
FD11119	132.500 	 17.342 	 246.194
FD11119	132.625 	 17.579 	 248.199
FD11119	132.750 	 17.205 	 246.193
FD11119	132.875 	 17.746 	 246.802
FD11119	133.000 	 17.342 	 246.195
FD11119	133.125 	 17.342 	 246.194
FD11119	133.250 	 17.607 	 246.801
FD11119	133.375 	 17.342 	 246.194
FD11119	133.500 	 17.576 	 248.199
FD11119	133.625 	 17.342 	 246.195
FD11119	133.750 	 17.208 	 246.194
FD11119	133.875 	 17.744 	 246.802
FD11119	134.000 	 17.342 	 246.194
FD11119	134.125 	 17.746 	 246.802
FD11119	134.250 	 17.035 	 247.619
FD11119	134.375 	 17.744 	 246.802
FD11119	134.500 	 17.345 	 246.195
FD11119	134.625 	 17.342 	 246.194
FD11119	134.750 	 17.606 	 246.801
FD11119	134.875 	 17.342 	 246.195
FD11119	135.000 	 17.576 	 248.199
FD11119	135.125 	 17.342 	 246.195
FD11119	135.250 	 17.606 	 246.801
FD11119	135.375 	 17.342 	 246.195
FD11119	135.500 	 17.342 	 246.194
FD11119	135.625 	 17.746 	 246.801
FD11119	135.750 	 17.035 	 247.620
FD11119	135.875 	 17.744 	 246.802
FD11119	136.000 	 17.345 	 246.195
FD11119	136.125 	 17.342 	 246.194
FD11119	136.250 	 17.606 	 246.801
FD11119	136.375 	 17.342 	 246.195
FD11119	136.500 	 17.576 	 248.199
FD11119	136.625 	 17.342 	 246.195
FD11119	136.750 	 17.606 	 246.801
FD11119	136.875 	 17.342 	 246.194
FD11119	137.000 	 17.342 	 246.195
FD11119	137.125 	 17.746 	 246.801
FD11119	137.250 	 17.206 	 246.195
FD11119	137.375 	 17.576 	 248.199
FD11119	137.500 	 17.345 	 246.195
FD11119	137.625 	 17.744 	 246.801
FD11119	137.750 	 17.207 	 246.194
FD11119	137.875 	 17.342 	 246.195
FD11119	138.000 	 17.744 	 246.802
FD11119	138.125 	 17.170 	 247.619
FD11119	138.250 	 17.606 	 246.802
FD11119	138.375 	 18.063 	 245.433
FD11119	138.500 	 17.744 	 246.801
FD11119	138.625 	 18.145 	 247.380
FD11119	138.750 	 17.920 	 245.433
FD11119	138.875 	 18.147 	 247.380
FD11119	139.000 	 17.920 	 245.432
FD11119	139.125 	 17.744 	 246.802
FD11119	139.250 	 18.145 	 247.380
FD11119	139.375 	 17.920 	 245.432
FD11119	139.500 	 18.290 	 247.380
FD11119	139.625 	 17.920 	 245.432
FD11119	139.750 	 17.746 	 246.802
FD11119	139.875 	 18.317 	 246.038
FD11119	140.000 	 17.743 	 246.800
FD11119	140.125 	 18.146 	 247.381
FD11119	140.250 	 17.920 	 245.433
FD11119	140.375 	 17.746 	 246.801
FD11119	140.500 	 18.317 	 246.037
FD11119	140.625 	 17.885 	 246.802
FD11119	140.750 	 18.146 	 247.380
FD11119	140.875 	 17.920 	 245.433
FD11119	141.000 	 17.744 	 246.802
FD11119	141.125 	 18.317 	 246.037
FD11119	141.250 	 17.746 	 246.802
FD11119	141.375 	 18.317 	 246.038
FD11119	141.500 	 17.744 	 246.801
FD11119	141.625 	 17.744 	 246.802
FD11119	141.750 	 18.462 	 246.037
FD11119	141.875 	 17.744 	 246.801
FD11119	142.000 	 18.319 	 246.038
FD11119	142.125 	 17.744 	 246.802
FD11119	142.250 	 17.744 	 246.801
FD11119	142.375 	 18.317 	 246.037
FD11119	142.500 	 17.744 	 246.802
FD11119	142.625 	 18.320 	 246.038
FD11119	142.750 	 17.883 	 246.802
FD11119	142.875 	 18.319 	 246.037
FD11119	143.000 	 17.744 	 246.802
FD11119	143.125 	 17.744 	 246.802
FD11119	143.250 	 18.317 	 246.038
FD11119	143.375 	 17.744 	 246.802
FD11119	143.500 	 18.319 	 246.037
FD11119	143.625 	 17.744 	 246.801
FD11119	143.750 	 17.744 	 246.802
FD11119	143.875 	 18.463 	 246.038
FD11119	144.000 	 17.744 	 246.801
FD11119	144.125 	 18.317 	 246.037
FD11119	144.250 	 17.744 	 246.802
FD11119	144.375 	 17.923 	 245.432
FD11119	144.500 	 18.146 	 247.381
FD11119	144.625 	 17.744 	 246.802
FD11119	144.750 	 18.317 	 246.037
FD11119	144.875 	 17.746 	 246.802
FD11119	145.000 	 18.061 	 245.433
FD11119	145.125 	 18.148 	 247.380
FD11119	145.250 	 17.744 	 246.802
FD11119	145.375 	 18.317 	 246.037
FD11119	145.500 	 17.744 	 246.801
FD11119	145.625 	 17.920 	 245.433
FD11119	145.750 	 18.148 	 247.381
FD11119	145.875 	 17.920 	 245.432
FD11119	146.000 	 18.289 	 247.380
FD11119	146.125 	 17.744 	 246.802
FD11119	146.250 	 17.920 	 245.432
FD11119	146.375 	 18.146 	 247.381
FD11119	146.500 	 17.920 	 245.432
FD11119	146.625 	 18.147 	 247.380
FD11119	146.750 	 17.744 	 246.802
FD11119	146.875 	 17.920 	 245.432
FD11119	147.000 	 18.146 	 247.381
FD11119	147.125 	 18.063 	 245.433
FD11119	147.250 	 18.145 	 247.379
FD11119	147.375 	 17.920 	 245.433
FD11119	147.500 	 18.147 	 247.380
FD11119	147.625 	 18.860 	 246.615
FD11119	147.750 	 18.319 	 246.037
FD11119	147.875 	 18.860 	 246.615
FD11119	148.000 	 18.319 	 246.037
FD11119	148.125 	 18.461 	 246.038
FD11119	148.250 	 18.549 	 247.932
FD11119	148.375 	 18.460 	 246.037
FD11119	148.500 	 18.716 	 246.615
FD11119	148.625 	 18.460 	 246.037
FD11119	148.750 	 18.716 	 246.615
FD11119	148.875 	 18.460 	 246.037
FD11119	149.000 	 18.716 	 246.615
FD11119	149.125 	 18.145 	 247.379
FD11119	149.250 	 18.460 	 246.037
FD11119	149.375 	 18.716 	 246.615
FD11119	149.500 	 18.460 	 246.037
FD11119	149.625 	 18.716 	 246.615
FD11119	149.750 	 18.460 	 246.037
FD11119	149.875 	 18.716 	 246.615
FD11119	150.000 	 18.287 	 247.380
FD11119	150.125 	 18.716 	 246.615
FD11119	150.250 	 18.460 	 246.037
FD11119	150.375 	 18.320 	 246.038
FD11119	150.500 	 18.859 	 246.614
FD11119	150.625 	 18.320 	 246.038
FD11119	150.750 	 18.859 	 246.614
FD11119	150.875 	 18.148 	 247.381
FD11119	151.000 	 18.859 	 246.614
FD11119	151.125 	 18.317 	 246.038
FD11119	151.250 	 18.862 	 246.615
FD11119	151.375 	 18.317 	 246.037
FD11119	151.500 	 18.462 	 246.037
FD11119	151.625 	 18.714 	 246.615
FD11119	151.750 	 18.289 	 247.380
FD11119	151.875 	 18.714 	 246.615
FD11119	152.000 	 18.462 	 246.037
FD11119	152.125 	 18.714 	 246.615
FD11119	152.250 	 18.462 	 246.037
FD11119	152.375 	 18.714 	 246.615
FD11119	152.500 	 18.462 	 246.037
FD11119	152.625 	 18.146 	 247.381
FD11119	152.750 	 18.861 	 246.614
FD11119	152.875 	 18.317 	 246.038
FD11119	153.000 	 18.861 	 246.614
FD11119	153.125 	 18.317 	 246.038
FD11119	153.250 	 18.861 	 246.614
FD11119	153.375 	 18.317 	 246.038
FD11119	153.500 	 18.693 	 247.932
FD11119	153.625 	 18.317 	 246.038
FD11119	153.750 	 18.462 	 246.037
FD11119	153.875 	 18.714 	 246.615
FD11119	154.000 	 18.317 	 246.037
FD11119	154.125 	 18.862 	 246.615
FD11119	154.250 	 18.317 	 246.037
FD11119	154.375 	 18.694 	 247.932
FD11119	154.500 	 18.317 	 246.037
FD11119	154.625 	 18.862 	 246.615
FD11119	154.750 	 18.317 	 246.037
FD11119	154.875 	 18.463 	 246.038
FD11119	155.000 	 18.713 	 246.614
FD11119	155.125 	 18.463 	 246.038
FD11119	155.250 	 18.546 	 247.931
FD11119	155.375 	 18.463 	 246.038
FD11119	155.500 	 18.713 	 246.614
FD11119	155.625 	 18.463 	 246.038
FD11119	155.750 	 18.713 	 246.614
FD11119	155.875 	 18.463 	 246.038
FD11119	156.000 	 18.317 	 246.036
FD11119	156.125 	 18.694 	 247.933
FD11119	156.250 	 18.317 	 246.037
FD11119	156.375 	 18.862 	 246.614
FD11119	156.500 	 18.317 	 246.037
FD11119	156.625 	 18.862 	 246.615
FD11119	156.750 	 19.261 	 247.167
FD11119	156.875 	 19.036 	 245.322
FD11119	157.000 	 19.261 	 247.167
FD11119	157.125 	 19.261 	 247.165
FD11119	157.250 	 18.714 	 246.615
FD11119	157.375 	 19.261 	 247.167
FD11119	157.500 	 19.037 	 245.323
FD11119	157.625 	 19.260 	 247.166
FD11119	157.750 	 19.261 	 247.167
FD11119	157.875 	 18.862 	 246.615
FD11119	158.000 	 19.261 	 247.165
FD11119	158.125 	 19.037 	 245.324
FD11119	158.250 	 19.261 	 247.165
FD11119	158.375 	 18.713 	 246.614
FD11119	158.500 	 19.261 	 247.167
FD11119	158.625 	 19.433 	 245.898
FD11119	158.750 	 18.860 	 246.615
FD11119	158.875 	 19.261 	 247.167
FD11119	159.000 	 18.861 	 246.613
FD11119	159.125 	 19.261 	 247.167
FD11119	159.250 	 19.431 	 245.898
FD11119	159.375 	 18.862 	 246.615
FD11119	159.500 	 19.261 	 247.167
FD11119	159.625 	 18.714 	 246.615
FD11119	159.750 	 19.433 	 245.898
FD11119	159.875 	 19.260 	 247.166
FD11119	160.000 	 18.860 	 246.615
FD11119	160.125 	 19.261 	 247.165
FD11119	160.250 	 18.862 	 246.615
FD11119	160.375 	 19.433 	 245.898
FD11119	160.500 	 19.258 	 247.167
FD11119	160.625 	 18.861 	 246.614
FD11119	160.750 	 19.261 	 247.167
FD11119	160.875 	 18.889 	 245.323
FD11119	161.000 	 19.261 	 247.167
FD11119	161.125 	 19.261 	 247.165
FD11119	161.250 	 18.859 	 246.614
FD11119	161.375 	 19.261 	 247.167
FD11119	161.500 	 19.039 	 245.323
FD11119	161.625 	 19.261 	 247.167
FD11119	161.750 	 18.860 	 246.615
FD11119	161.875 	 19.261 	 247.167
FD11119	162.000 	 19.281 	 245.898
FD11119	162.125 	 18.861 	 246.614
FD11119	162.250 	 19.261 	 247.165
FD11119	162.375 	 18.862 	 246.615
FD11119	162.500 	 19.258 	 247.167
FD11119	162.625 	 19.433 	 245.898
FD11119	162.750 	 18.861 	 246.614
FD11119	162.875 	 19.261 	 247.167
FD11119	163.000 	 18.860 	 246.615
FD11119	163.125 	 19.433 	 245.898
FD11119	163.250 	 19.110 	 247.167
FD11119	163.375 	 18.861 	 246.613
FD11119	163.500 	 19.261 	 247.167
FD11119	163.625 	 18.862 	 246.615
FD11119	163.750 	 19.431 	 245.898
FD11119	163.875 	 19.261 	 247.167
FD11119	164.000 	 18.862 	 246.615
FD11119	164.125 	 19.261 	 247.165
FD11119	164.250 	 19.036 	 245.323
FD11119	164.375 	 19.261 	 247.165
FD11119	164.500 	 19.110 	 247.167
FD11119	164.625 	 18.862 	 246.615
FD11119	164.750 	 19.261 	 247.167
FD11119	164.875 	 19.038 	 245.322
FD11119	165.000 	 19.258 	 247.167
FD11119	165.125 	 18.862 	 246.615
FD11119	165.250 	 19.261 	 247.165
FD11119	165.375 	 19.433 	 245.899
FD11119	165.500 	 18.859 	 246.613
FD11119	165.625 	 19.112 	 247.167
FD11119	165.750 	 18.860 	 246.615
FD11119	165.875 	 19.261 	 247.167
FD11119	166.000 	 19.433 	 245.898
FD11119	166.125 	 18.862 	 246.615
FD11119	166.250 	 19.259 	 247.165
FD11119	166.375 	 19.827 	 246.448
FD11119	166.500 	 19.585 	 245.898
FD11119	166.625 	 19.659 	 247.694
FD11119	166.750 	 19.827 	 246.447
FD11119	166.875 	 19.982 	 246.447
FD11119	167.000 	 19.261 	 247.167
FD11119	167.125 	 19.828 	 246.448
FD11119	167.250 	 19.982 	 246.447
FD11119	167.375 	 19.261 	 247.167
FD11119	167.500 	 19.827 	 246.447
FD11119	167.625 	 19.982 	 246.447
FD11119	167.750 	 19.827 	 246.448
FD11119	167.875 	 19.259 	 247.165
FD11119	168.000 	 19.985 	 246.449
FD11119	168.125 	 19.825 	 246.447
FD11119	168.250 	 19.261 	 247.167
FD11119	168.375 	 19.982 	 246.447
FD11119	168.500 	 19.827 	 246.447
FD11119	168.625 	 19.660 	 247.695
FD11119	168.750 	 19.585 	 245.897
FD11119	168.875 	 19.828 	 246.448
FD11119	169.000 	 19.827 	 246.447
FD11119	169.125 	 19.412 	 247.167
FD11119	169.250 	 19.827 	 246.447
FD11119	169.375 	 19.824 	 246.448
FD11119	169.500 	 19.816 	 247.694
FD11119	169.625 	 19.433 	 245.899
FD11119	169.750 	 19.825 	 246.447
FD11119	169.875 	 19.827 	 246.447
FD11119	170.000 	 19.412 	 247.167
FD11119	170.125 	 19.827 	 246.447
FD11119	170.250 	 19.827 	 246.447
FD11119	170.375 	 19.814 	 247.695
FD11119	170.500 	 19.433 	 245.898
FD11119	170.625 	 19.827 	 246.447
FD11119	170.750 	 19.813 	 247.694
FD11119	170.875 	 19.433 	 245.898
FD11119	171.000 	 19.824 	 246.448
FD11119	171.125 	 19.984 	 246.447
FD11119	171.250 	 19.658 	 247.695
FD11119	171.375 	 19.433 	 245.898
FD11119	171.500 	 19.982 	 246.447
FD11119	171.625 	 19.659 	 247.694
FD11119	171.750 	 19.827 	 246.447
FD11119	171.875 	 19.585 	 245.898
FD11119	172.000 	 19.659 	 247.694
FD11119	172.125 	 19.828 	 246.448
FD11119	172.250 	 19.585 	 245.899
FD11119	172.375 	 19.827 	 246.447
FD11119	172.500 	 19.659 	 247.693
FD11119	172.625 	 19.982 	 246.448
FD11119	172.750 	 19.433 	 245.898
FD11119	172.875 	 19.658 	 247.695
FD11119	173.000 	 19.984 	 246.447
FD11119	173.125 	 19.431 	 245.898
FD11119	173.250 	 19.659 	 247.694
FD11119	173.375 	 19.982 	 246.447
FD11119	173.500 	 19.827 	 246.447
FD11119	173.625 	 19.433 	 245.899
FD11119	173.750 	 19.814 	 247.694
FD11119	173.875 	 19.827 	 246.448
FD11119	174.000 	 19.433 	 245.898
FD11119	174.125 	 19.813 	 247.694
FD11119	174.250 	 19.827 	 246.447
FD11119	174.375 	 19.827 	 246.447
FD11119	174.500 	 19.585 	 245.898
FD11119	174.625 	 19.660 	 247.695
FD11119	174.750 	 19.825 	 246.447
FD11119	174.875 	 19.588 	 245.898
FD11119	175.000 	 19.657 	 247.694
FD11119	175.125 	 19.827 	 246.447
FD11119	175.250 	 19.982 	 246.449
FD11119	175.375 	 19.260 	 247.164
FD11119	175.500 	 19.827 	 246.449
FD11119	175.625 	 19.982 	 246.447
FD11119	175.750 	 19.827 	 246.447
FD11119	175.875 	 19.261 	 247.167
FD11119	176.000 	 20.378 	 246.975
FD11119	176.125 	 20.158 	 245.225
FD11119	176.250 	 20.220 	 246.974
FD11119	176.375 	 20.378 	 246.975
FD11119	176.500 	 20.380 	 246.974
FD11119	176.625 	 20.551 	 245.773
FD11119	176.750 	 19.827 	 246.447
FD11119	176.875 	 20.378 	 246.975
FD11119	177.000 	 20.378 	 246.974
FD11119	177.125 	 20.551 	 245.773
FD11119	177.250 	 20.220 	 246.974
FD11119	177.375 	 19.984 	 246.447
FD11119	177.500 	 20.551 	 245.773
FD11119	177.625 	 20.378 	 246.975
FD11119	177.750 	 20.378 	 246.975
FD11119	177.875 	 19.827 	 246.447
FD11119	178.000 	 20.551 	 245.772
FD11119	178.125 	 20.380 	 246.975
FD11119	178.250 	 20.378 	 246.975
FD11119	178.375 	 20.220 	 246.974
FD11119	178.500 	 20.159 	 245.226
FD11119	178.625 	 20.378 	 246.974
FD11119	178.750 	 20.381 	 246.975
FD11119	178.875 	 20.218 	 246.974
FD11119	179.000 	 20.161 	 245.225
FD11119	179.125 	 20.378 	 246.975
FD11119	179.250 	 20.378 	 246.974
FD11119	179.375 	 20.553 	 245.773
FD11119	179.500 	 20.218 	 246.974
FD11119	179.625 	 19.985 	 246.448
FD11119	179.750 	 20.378 	 246.975
FD11119	179.875 	 20.551 	 245.772
FD11119	180.000 	 20.220 	 246.974
FD11119	180.125 	 20.378 	 246.976
FD11119	180.250 	 19.982 	 246.447
FD11119	180.375 	 20.553 	 245.772
FD11119	180.500 	 20.220 	 246.975
FD11119	180.625 	 20.378 	 246.975
FD11119	180.750 	 19.982 	 246.447
FD11119	180.875 	 20.550 	 245.772
FD11119	181.000 	 20.221 	 246.975
FD11119	181.125 	 20.378 	 246.974
FD11119	181.250 	 20.381 	 246.975
FD11119	181.375 	 20.158 	 245.225
FD11119	181.500 	 20.221 	 246.975
FD11119	181.625 	 20.378 	 246.974
FD11119	181.750 	 20.551 	 245.773
FD11119	181.875 	 19.984 	 246.447
FD11119	182.000 	 20.378 	 246.974
FD11119	182.125 	 20.221 	 246.976
FD11119	182.250 	 20.550 	 245.771
FD11119	182.375 	 20.378 	 246.975
FD11119	182.500 	 19.984 	 246.448
FD11119	182.625 	 20.219 	 246.975
FD11119	182.750 	 20.552 	 245.772
FD11119	182.875 	 20.378 	 246.975
FD11119	183.000 	 20.378 	 246.974
FD11119	183.125 	 19.828 	 246.448
FD11119	183.250 	 20.550 	 245.772
FD11119	183.375 	 20.378 	 246.975
FD11119	183.500 	 20.380 	 246.974
FD11119	183.625 	 20.002 	 245.225
FD11119	183.750 	 20.378 	 246.975
FD11119	183.875 	 20.378 	 246.974
FD11119	184.000 	 20.378 	 246.975
FD11119	184.125 	 20.552 	 245.772
FD11119	184.250 	 19.825 	 246.448
FD11119	184.375 	 20.380 	 246.974
FD11119	184.500 	 20.378 	 246.976
FD11119	184.625 	 20.550 	 245.771
FD11119	184.750 	 19.827 	 246.448
FD11119	184.875 	 20.378 	 246.975
FD11119	185.000 	 20.380 	 246.974
FD11119	185.125 	 20.551 	 245.773
FD11119	185.250 	 20.220 	 246.974
FD11119	185.375 	 19.982 	 246.448
FD11119	185.500 	 20.378 	 246.974
FD11119	185.625 	 20.553 	 245.773
FD11119	185.750 	 20.942 	 246.297
FD11119	185.875 	 20.773 	 247.480
FD11119	186.000 	 20.551 	 245.772
FD11119	186.125 	 21.108 	 246.298
FD11119	186.250 	 20.942 	 246.298
FD11119	186.375 	 20.776 	 247.478
FD11119	186.500 	 20.551 	 245.772
FD11119	186.625 	 20.942 	 246.298
FD11119	186.750 	 20.944 	 246.297
FD11119	186.875 	 21.105 	 246.297
FD11119	187.000 	 20.381 	 246.976
FD11119	187.125 	 20.942 	 246.297
FD11119	187.250 	 20.941 	 246.297
FD11119	187.375 	 20.944 	 246.297
FD11119	187.500 	 20.378 	 246.976
FD11119	187.625 	 21.108 	 246.297
FD11119	187.750 	 20.941 	 246.297
FD11119	187.875 	 20.942 	 246.298
FD11119	188.000 	 20.381 	 246.975
FD11119	188.125 	 20.941 	 246.296
FD11119	188.250 	 20.942 	 246.298
FD11119	188.375 	 21.108 	 246.298
FD11119	188.500 	 20.378 	 246.975
FD11119	188.625 	 20.944 	 246.296
FD11119	188.750 	 20.942 	 246.298
FD11119	188.875 	 20.942 	 246.298
FD11119	189.000 	 21.108 	 246.297
FD11119	189.125 	 20.378 	 246.975
FD11119	189.250 	 20.944 	 246.297
FD11119	189.375 	 20.942 	 246.298
FD11119	189.500 	 20.942 	 246.297
FD11119	189.625 	 20.378 	 246.975
FD11119	189.750 	 21.108 	 246.297
FD11119	189.875 	 20.944 	 246.298
FD11119	190.000 	 20.942 	 246.298
FD11119	190.125 	 20.378 	 246.974
FD11119	190.250 	 20.942 	 246.297
FD11119	190.375 	 20.944 	 246.298
FD11119	190.500 	 21.105 	 246.298
FD11119	190.625 	 20.553 	 245.771
FD11119	190.750 	 20.774 	 247.481
FD11119	190.875 	 20.942 	 246.297
FD11119	191.000 	 20.944 	 246.298
FD11119	191.125 	 20.550 	 245.771
FD11119	191.250 	 20.939 	 247.481
FD11119	191.375 	 20.942 	 246.297
FD11119	191.500 	 20.942 	 246.298
FD11119	191.625 	 20.552 	 245.772
FD11119	191.750 	 20.774 	 247.479
FD11119	191.875 	 21.108 	 246.297
FD11119	192.000 	 20.942 	 246.298
FD11119	192.125 	 20.550 	 245.772
FD11119	192.250 	 20.944 	 246.297
FD11119	192.375 	 20.774 	 247.479
FD11119	192.500 	 20.942 	 246.298
FD11119	192.625 	 20.712 	 245.771
FD11119	192.750 	 20.942 	 246.297
FD11119	192.875 	 20.776 	 247.481
FD11119	193.000 	 20.942 	 246.297
FD11119	193.125 	 20.551 	 245.773
FD11119	193.250 	 20.942 	 246.297
FD11119	193.375 	 20.939 	 247.481
FD11119	193.500 	 20.944 	 246.297
FD11119	193.625 	 20.549 	 245.771
FD11119	193.750 	 21.332 	 246.802
FD11119	193.875 	 21.108 	 246.297
FD11119	194.000 	 20.942 	 246.298
FD11119	194.125 	 21.108 	 246.297
FD11119	194.250 	 21.332 	 246.802
FD11119	194.375 	 20.944 	 246.298
FD11119	194.500 	 21.105 	 246.297
FD11119	194.625 	 21.335 	 246.802
FD11119	194.750 	 21.108 	 246.298
FD11119	194.875 	 20.942 	 246.297
FD11119	195.000 	 21.332 	 246.802
FD11119	195.125 	 21.108 	 246.298
FD11119	195.250 	 20.942 	 246.297
FD11119	195.375 	 21.673 	 245.659
FD11119	195.500 	 21.501 	 246.802
FD11119	195.625 	 21.504 	 245.659
FD11119	195.750 	 21.501 	 246.802
FD11119	195.875 	 21.673 	 245.659
FD11119	196.000 	 21.333 	 246.801
FD11119	196.125 	 21.501 	 246.802
FD11119	196.250 	 21.673 	 245.659
FD11119	196.375 	 21.501 	 246.802
FD11119	196.500 	 21.504 	 245.659
FD11119	196.625 	 21.501 	 246.801
FD11119	196.750 	 21.673 	 245.659
FD11119	196.875 	 21.498 	 246.802
FD11119	197.000 	 21.506 	 245.659
FD11119	197.125 	 21.498 	 246.802
FD11119	197.250 	 21.674 	 245.661
FD11119	197.375 	 21.335 	 246.801
FD11119	197.500 	 21.670 	 245.659
FD11119	197.625 	 21.501 	 246.802
FD11119	197.750 	 21.501 	 246.802
FD11119	197.875 	 21.504 	 245.659
FD11119	198.000 	 21.501 	 246.801
FD11119	198.125 	 21.673 	 245.659
FD11119	198.250 	 21.332 	 246.802
FD11119	198.375 	 21.673 	 245.659
FD11119	198.500 	 21.501 	 246.802
FD11119	198.625 	 21.673 	 245.659
FD11119	198.750 	 21.333 	 246.801
FD11119	198.875 	 21.673 	 245.659
FD11119	199.000 	 21.501 	 246.802
FD11119	199.125 	 21.501 	 246.802
FD11119	199.250 	 21.504 	 245.659
FD11119	199.375 	 21.501 	 246.801
FD11119	199.500 	 21.670 	 245.659
FD11119	199.625 	 21.335 	 246.802
FD11119	199.750 	 21.673 	 245.659
FD11119	199.875 	 21.500 	 246.804
FD11119	200.000 	 21.673 	 245.659
FD11119	200.125 	 21.333 	 246.801
FD11119	200.250 	 21.673 	 245.659
FD11119	200.375 	 21.501 	 246.802
FD11119	200.500 	 21.332 	 246.802
FD11119	200.625 	 21.673 	 245.659
FD11119	200.750 	 21.501 	 246.801
FD11119	200.875 	 21.673 	 245.659
FD11119	201.000 	 21.332 	 246.802
FD11119	201.125 	 21.673 	 245.659
FD11119	201.250 	 21.501 	 246.802
FD11119	201.375 	 21.673 	 245.659
FD11119	201.500 	 21.332 	 246.802
FD11119	201.625 	 21.673 	 245.659
FD11119	201.750 	 21.501 	 246.801
FD11119	201.875 	 21.504 	 245.659
FD11119	202.000 	 21.501 	 246.802
FD11119	202.125 	 21.501 	 246.802
FD11119	202.250 	 21.670 	 245.659
FD11119	202.375 	 21.335 	 246.801
FD11119	202.500 	 21.672 	 245.661
FD11119	202.625 	 21.501 	 246.802
FD11119	202.750 	 21.506 	 245.659
FD11119	202.875 	 21.498 	 246.802
FD11119	203.000 	 21.673 	 245.659
FD11119	203.125 	 21.501 	 246.801
FD11119	203.250 	 21.504 	 245.659
FD11119	203.375 	 21.501 	 246.802
FD11119	203.500 	 21.501 	 246.802
FD11119	203.625 	 21.673 	 245.659
FD11119	203.750 	 21.333 	 246.801
FD11119	203.875 	 21.673 	 245.659
FD11119	204.000 	 21.501 	 246.802
FD11119	204.125 	 21.504 	 245.659
FD11119	204.250 	 21.501 	 246.802
FD11119	204.375 	 21.673 	 245.659
FD11119	204.500 	 21.501 	 246.801
FD11119	204.625 	 21.504 	 245.659
FD11119	204.750 	 21.501 	 246.802
FD11119	204.875 	 21.498 	 246.802
FD11119	205.000 	 22.238 	 245.057
FD11119	205.125 	 22.061 	 246.161
FD11119	205.250 	 22.061 	 246.161
FD11119	205.375 	 22.233 	 246.161
FD11119	205.500 	 22.061 	 246.161
FD11119	205.625 	 22.237 	 245.058
FD11119	205.750 	 22.623 	 246.644
FD11119	205.875 	 22.061 	 246.161
FD11119	206.000 	 22.061 	 246.161
FD11119	206.125 	 22.238 	 245.057
FD11119	206.250 	 22.233 	 246.162
FD11119	206.375 	 22.061 	 246.161
FD11119	206.500 	 22.449 	 246.644
FD11119	206.625 	 22.236 	 245.055
FD11119	206.750 	 22.234 	 246.163
FD11119	206.875 	 22.061 	 246.161
FD11119	207.000 	 22.061 	 246.161
FD11119	207.125 	 22.409 	 245.056
FD11119	207.250 	 22.061 	 246.161
FD11119	207.375 	 22.450 	 246.646
FD11119	207.500 	 22.059 	 246.161
FD11119	207.625 	 22.236 	 246.161
FD11119	207.750 	 22.236 	 245.055
FD11119	207.875 	 22.058 	 246.162
FD11119	208.000 	 22.237 	 246.163
FD11119	208.125 	 22.449 	 246.644
FD11119	208.250 	 22.234 	 245.055
FD11119	208.375 	 22.061 	 246.161
FD11119	208.500 	 22.237 	 246.163
FD11119	208.625 	 22.059 	 246.161
FD11119	208.750 	 22.236 	 245.056
FD11119	208.875 	 22.449 	 246.644
FD11119	209.000 	 22.234 	 246.163
FD11119	209.125 	 22.061 	 246.161
FD11119	209.250 	 22.061 	 246.161
FD11119	209.375 	 22.409 	 245.055
FD11119	209.500 	 22.061 	 246.162
FD11119	209.625 	 22.450 	 246.646
FD11119	209.750 	 22.061 	 246.161
FD11119	209.875 	 22.409 	 245.055
FD11119	210.000 	 22.061 	 246.161
FD11119	210.125 	 22.061 	 246.161
FD11119	210.250 	 22.063 	 246.163
FD11119	210.375 	 22.409 	 245.056
FD11119	210.500 	 22.449 	 246.644
FD11119	210.625 	 22.061 	 246.161
FD11119	210.750 	 22.233 	 246.161
FD11119	210.875 	 22.238 	 245.057
FD11119	211.000 	 22.061 	 246.161
FD11119	211.125 	 22.061 	 246.162
FD11119	211.250 	 22.623 	 246.644
FD11119	211.375 	 22.063 	 246.163
FD11119	211.500 	 22.236 	 245.055
FD11119	211.625 	 22.059 	 246.161
FD11119	211.750 	 22.236 	 246.161
FD11119	211.875 	 22.061 	 246.161
FD11119	212.000 	 22.618 	 245.558
FD11119	212.125 	 22.236 	 246.161
FD11119	212.250 	 22.061 	 246.161
FD11119	212.375 	 22.059 	 246.161
FD11119	212.500 	 22.236 	 245.055
FD11119	212.625 	 22.237 	 246.163
FD11119	212.750 	 22.059 	 246.161
FD11119	212.875 	 22.448 	 246.645
FD11119	213.000 	 22.236 	 246.160
FD11119	213.125 	 22.235 	 245.059
FD11119	213.250 	 22.061 	 246.160
FD11119	213.375 	 22.061 	 246.162
FD11119	213.500 	 22.233 	 246.160
FD11119	213.625 	 22.619 	 245.555
FD11119	213.750 	 22.062 	 246.164
FD11119	213.875 	 22.061 	 246.160
FD11119	214.000 	 22.233 	 246.162
FD11119	214.125 	 22.797 	 245.555
FD11119	214.250 	 23.003 	 246.038
FD11119	214.375 	 22.794 	 245.557
FD11119	214.500 	 23.181 	 246.038
FD11119	214.625 	 22.797 	 245.555
FD11119	214.750 	 23.181 	 246.038
FD11119	214.875 	 22.794 	 245.557
FD11119	215.000 	 23.182 	 246.036
FD11119	215.125 	 22.796 	 245.557
FD11119	215.250 	 22.795 	 245.555
FD11119	215.375 	 23.002 	 246.038
FD11119	215.500 	 22.799 	 245.557
FD11119	215.625 	 23.180 	 246.036
FD11119	215.750 	 22.796 	 245.557
FD11119	215.875 	 23.182 	 246.038
FD11119	216.000 	 22.795 	 245.555
FD11119	216.125 	 23.181 	 246.038
FD11119	216.250 	 22.797 	 245.555
FD11119	216.375 	 23.181 	 246.040
FD11119	216.500 	 22.449 	 246.643
FD11119	216.625 	 22.795 	 245.555
FD11119	216.750 	 23.183 	 246.040
FD11119	216.875 	 22.795 	 245.555
FD11119	217.000 	 23.181 	 246.038
FD11119	217.125 	 22.797 	 245.555
FD11119	217.250 	 23.181 	 246.040
FD11119	217.375 	 22.795 	 245.555
FD11119	217.500 	 23.182 	 246.036
FD11119	217.625 	 22.621 	 245.557
FD11119	217.750 	 22.795 	 245.555
FD11119	217.875 	 23.179 	 246.038
FD11119	218.000 	 22.799 	 245.557
FD11119	218.125 	 23.180 	 246.036
FD11119	218.250 	 22.796 	 245.557
FD11119	218.375 	 23.182 	 246.038
FD11119	218.500 	 22.795 	 245.555
FD11119	218.625 	 23.181 	 246.038
FD11119	218.750 	 22.619 	 245.555
FD11119	218.875 	 22.798 	 245.559
FD11119	219.000 	 23.180 	 246.036
FD11119	219.125 	 22.795 	 245.555
FD11119	219.250 	 23.184 	 246.038
FD11119	219.375 	 22.623 	 246.645
FD11119	219.500 	 23.181 	 246.038
FD11119	219.625 	 22.797 	 245.555
FD11119	219.750 	 23.181 	 246.040
FD11119	219.875 	 22.619 	 245.555
FD11119	220.000 	 22.795 	 245.555
FD11119	220.125 	 23.184 	 246.038
FD11119	220.250 	 22.794 	 245.557
FD11119	220.375 	 23.181 	 246.038
FD11119	220.500 	 22.797 	 245.555
FD11119	220.625 	 23.180 	 246.036
FD11119	220.750 	 22.798 	 245.559
FD11119	220.875 	 22.999 	 246.036
FD11119	221.000 	 22.797 	 245.555
FD11119	221.125 	 22.796 	 245.557
FD11119	221.250 	 23.180 	 246.036
FD11119	221.375 	 22.798 	 245.559
FD11119	221.500 	 23.180 	 246.036
FD11119	221.625 	 22.797 	 245.555
FD11119	221.750 	 23.181 	 246.038
FD11119	221.875 	 22.794 	 245.557
FD11119	222.000 	 23.003 	 246.038
FD11119	222.125 	 22.623 	 246.643
FD11119	222.250 	 22.797 	 245.557
FD11119	222.375 	 23.181 	 246.038
FD11119	222.500 	 22.797 	 245.555
FD11119	222.625 	 23.181 	 246.038
FD11119	222.750 	 22.794 	 245.557
FD11119	222.875 	 23.184 	 246.038
FD11119	223.000 	 22.795 	 245.555
FD11119	223.125 	 23.002 	 246.036
FD11119	223.250 	 22.796 	 245.559
FD11119	223.375 	 22.795 	 245.555
FD11119	223.500 	 23.182 	 246.036
FD11119	223.625 	 22.796 	 245.557
FD11119	223.750 	 23.182 	 246.038
FD11119	223.875 	 22.796 	 245.557
FD11119	224.000 	 23.180 	 246.036
FD11119	224.125 	 22.797 	 245.555
FD11119	224.250 	 23.000 	 246.040
FD11119	224.375 	 22.797 	 245.555
FD11119	224.500 	 22.796 	 245.557
FD11119	224.625 	 23.182 	 246.036
FD11119	224.750 	 22.795 	 245.555
FD11119	224.875 	 23.181 	 246.040
FD11119	225.000 	 22.626 	 246.643
FD11119	225.125 	 23.181 	 246.038
FD11119	225.250 	 22.794 	 245.557
FD11119	225.375 	 23.003 	 246.038
FD11119	225.500 	 22.797 	 245.555
FD11119	225.625 	 23.180 	 246.036
FD11119	225.750 	 22.796 	 245.559
FD11119	225.875 	 22.797 	 245.555
FD11119	226.000 	 23.181 	 246.038
FD11119	226.125 	 23.354 	 244.982
FD11119	226.250 	 23.750 	 246.502
FD11119	226.375 	 23.357 	 244.982
FD11119	226.500 	 23.565 	 246.504
FD11119	226.625 	 23.362 	 246.036
FD11119	226.750 	 23.355 	 244.984
FD11119	226.875 	 23.566 	 246.500
FD11119	227.000 	 23.536 	 244.984
FD11119	227.125 	 23.566 	 246.500
FD11119	227.250 	 23.355 	 244.984
FD11119	227.375 	 23.750 	 246.502
FD11119	227.500 	 23.354 	 244.982
FD11119	227.625 	 23.750 	 246.504
FD11119	227.750 	 23.357 	 244.982
FD11119	227.875 	 23.181 	 246.038
FD11119	228.000 	 23.749 	 246.500
FD11119	228.125 	 23.355 	 244.984
FD11119	228.250 	 23.566 	 246.500
FD11119	228.375 	 23.539 	 244.984
FD11119	228.500 	 23.564 	 246.500
FD11119	228.625 	 23.355 	 244.984
FD11119	228.750 	 23.750 	 246.504
FD11119	228.875 	 23.357 	 244.982
FD11119	229.000 	 23.360 	 246.036
FD11119	229.125 	 23.738 	 245.463
FD11119	229.250 	 23.181 	 246.038
FD11119	229.375 	 23.920 	 245.461
FD11119	229.500 	 23.181 	 246.038
FD11119	229.625 	 23.566 	 246.500
FD11119	229.750 	 23.539 	 244.984
FD11119	229.875 	 23.179 	 246.038
FD11119	230.000 	 23.735 	 245.463
FD11119	230.125 	 23.362 	 246.036
FD11119	230.250 	 23.738 	 245.463
FD11119	230.375 	 23.362 	 246.036
FD11119	230.500 	 23.735 	 245.463
FD11119	230.625 	 23.181 	 246.038
FD11119	230.750 	 23.920 	 245.461
FD11119	230.875 	 23.184 	 246.038
FD11119	231.000 	 23.354 	 244.982
FD11119	231.125 	 23.750 	 246.504
FD11119	231.250 	 23.180 	 246.036
FD11119	231.375 	 23.738 	 245.463
FD11119	231.500 	 23.360 	 246.036
FD11119	231.625 	 23.738 	 245.463
FD11119	231.750 	 23.362 	 246.036
FD11119	231.875 	 23.735 	 245.463
FD11119	232.000 	 23.181 	 246.038
FD11119	232.125 	 23.538 	 244.982
FD11119	232.250 	 23.568 	 246.504
FD11119	232.375 	 23.354 	 244.980
FD11119	232.500 	 23.750 	 246.504
FD11119	232.625 	 23.180 	 246.036
FD11119	232.750 	 23.738 	 245.463
FD11119	232.875 	 23.362 	 246.036
FD11119	233.000 	 23.355 	 244.984
FD11119	233.125 	 23.749 	 246.500
FD11119	233.250 	 23.355 	 244.984
FD11119	233.375 	 23.565 	 246.504
FD11119	233.500 	 23.538 	 244.982
FD11119	233.625 	 23.568 	 246.502
FD11119	233.750 	 23.354 	 244.982
FD11119	233.875 	 23.750 	 246.502
FD11119	234.000 	 23.354 	 244.982
FD11119	234.125 	 23.184 	 246.038
FD11119	234.250 	 23.749 	 246.500
FD11119	234.375 	 23.355 	 244.984
FD11119	234.500 	 23.749 	 246.502
FD11119	234.625 	 23.355 	 244.984
FD11119	234.750 	 23.568 	 246.502
FD11119	234.875 	 23.535 	 244.982
FD11119	235.000 	 23.568 	 246.502
FD11119	235.125 	 23.354 	 244.982
FD11119	235.250 	 23.364 	 246.038
FD11119	235.375 	 23.734 	 245.461
FD11119	235.500 	 23.184 	 246.038
FD11119	235.625 	 23.920 	 245.461
FD11119	235.750 	 23.181 	 246.040
FD11119	235.875 	 23.749 	 246.500
FD11119	236.000 	 23.355 	 244.984
FD11119	236.125 	 23.182 	 246.036
FD11119	236.250 	 23.921 	 245.463
FD11119	236.375 	 23.181 	 246.038
FD11119	236.500 	 23.734 	 245.461
FD11119	236.625 	 23.364 	 246.038
FD11119	236.750 	 23.737 	 245.461
FD11119	236.875 	 23.181 	 246.040
FD11119	237.000 	 23.920 	 245.459
FD11119	237.125 	 23.181 	 246.040
FD11119	237.250 	 23.538 	 244.982
FD11119	237.375 	 23.565 	 246.502
FD11119	237.500 	 23.182 	 246.036
FD11119	237.625 	 23.921 	 245.463
FD11119	237.750 	 23.181 	 246.038
FD11119	237.875 	 23.734 	 245.461
FD11119	238.000 	 23.364 	 246.040
FD11119	238.125 	 23.737 	 245.459
FD11119	238.250 	 23.181 	 246.040
FD11119	238.375 	 23.538 	 244.982
FD11119	238.500 	 23.565 	 246.502
FD11119	238.625 	 23.538 	 244.982
FD11119	238.750 	 23.568 	 246.502
FD11119	238.875 	 23.180 	 246.036
FD11119	239.000 	 23.921 	 245.463
FD11119	239.125 	 23.181 	 246.040
FD11119	239.250 	 23.357 	 244.980
FD11119	239.375 	 23.747 	 246.504
FD11119	239.500 	 23.357 	 244.982
FD11119	239.625 	 23.565 	 246.502
FD11119	239.750 	 23.538 	 244.982
FD11119	239.875 	 23.565 	 246.502
FD11119	240.000 	 23.538 	 244.982
FD11119	240.125 	 23.568 	 246.502
FD11119	240.250 	 23.354 	 244.982
FD11119	240.375 	 23.364 	 246.040
FD11119	240.500 	 23.565 	 246.502
FD11119	240.625 	 23.357 	 244.982
FD11119	240.750 	 23.750 	 246.502
FD11119	240.875 	 23.354 	 244.982
FD11119	241.000 	 23.565 	 246.502
FD11119	241.125 	 23.538 	 244.982
FD11119	241.250 	 23.565 	 246.502
FD11119	241.375 	 23.538 	 244.982
FD11119	241.500 	 23.183 	 246.040
FD11119	241.625 	 23.734 	 245.459
FD11119	241.750 	 23.364 	 246.040
FD11119	241.875 	 23.735 	 245.463
FD11119	242.000 	 23.182 	 246.036
FD11119	242.125 	 23.750 	 246.502
FD11119	242.250 	 23.354 	 244.982
FD11119	242.375 	 23.181 	 246.038
FD11119	242.500 	 23.920 	 245.461
FD11119	242.625 	 23.183 	 246.040
FD11119	242.750 	 23.917 	 245.459
FD11119	242.875 	 23.183 	 246.040
FD11119	243.000 	 23.734 	 245.461
FD11119	243.125 	 23.364 	 246.038
FD11119	243.250 	 23.735 	 245.463
FD11119	243.375 	 23.182 	 246.036
FD11119	243.500 	 23.362 	 246.036
FD11119	243.625 	 23.735 	 245.463
FD11119	243.750 	 23.181 	 246.040
FD11119	243.875 	 23.920 	 245.459
FD11119	244.000 	 23.183 	 246.040
FD11119	244.125 	 23.920 	 245.461
FD11119	244.250 	 23.181 	 246.038
FD11119	244.375 	 23.734 	 245.461
FD11119	244.500 	 23.364 	 246.038
FD11119	244.625 	 23.357 	 244.982
FD11119	244.750 	 23.565 	 246.502
FD11119	244.875 	 23.538 	 244.982
FD11119	245.000 	 23.565 	 246.502
FD11119	245.125 	 23.183 	 246.040
FD11119	245.250 	 23.917 	 245.461
FD11119	245.375 	 23.184 	 246.038
FD11119	245.500 	 23.538 	 244.982
FD11119	245.625 	 23.565 	 246.502
FD11119	245.750 	 23.354 	 244.982
FD11119	245.875 	 23.750 	 246.502
FD11119	246.000 	 23.357 	 244.982
FD11119	246.125 	 23.565 	 246.502
FD11119	246.250 	 23.538 	 244.982
FD11119	246.375 	 23.565 	 246.504
FD11119	246.500 	 23.358 	 244.984
FD11119	246.625 	 23.362 	 246.036
FD11119	246.750 	 23.565 	 246.502
FD11119	246.875 	 23.354 	 244.982
FD11119	247.000 	 23.750 	 246.502
FD11119	247.125 	 23.357 	 244.982
FD11119	247.250 	 23.747 	 246.504
FD11119	247.375 	 23.357 	 244.980
FD11119	247.500 	 23.565 	 246.504
FD11119	247.625 	 23.538 	 244.982
FD11119	247.750 	 23.181 	 246.038
FD11119	247.875 	 23.738 	 245.463
FD11119	248.000 	 23.362 	 246.036
FD11119	248.125 	 23.565 	 246.502
FD11119	248.250 	 23.354 	 244.982
FD11119	248.375 	 23.750 	 246.504
FD11119	248.500 	 23.357 	 244.980
FD11119	248.625 	 23.364 	 246.040
FD11119	248.750 	 23.734 	 245.461
FD11119	248.875 	 23.181 	 246.038
FD11119	249.000 	 23.920 	 245.461
