#WellName	 Depth.M	 INCL	 AZIM 
WellName	 Depth.M	 INCL	 AZIM 
FD11187	0.000 	 0.000 	 0.000
FD11187	0.125 	 0.000 	 90.000
FD11187	0.250 	 0.000 	 90.000
FD11187	0.375 	 0.000 	 90.000
FD11187	0.500 	 0.000 	 90.000
FD11187	0.625 	 0.000 	 90.000
FD11187	0.750 	 0.000 	 90.000
FD11187	0.875 	 0.000 	 90.000
FD11187	1.000 	 0.000 	 90.000
FD11187	1.125 	 0.000 	 90.000
FD11187	1.250 	 0.000 	 90.000
FD11187	1.375 	 0.000 	 90.000
FD11187	1.500 	 0.000 	 90.000
FD11187	1.625 	 0.000 	 90.000
FD11187	1.750 	 0.000 	 90.000
FD11187	1.875 	 0.000 	 90.000
FD11187	2.000 	 0.000 	 90.000
FD11187	2.125 	 0.000 	 90.000
FD11187	2.250 	 0.000 	 90.000
FD11187	2.375 	 0.000 	 90.000
FD11187	2.500 	 0.000 	 90.000
FD11187	2.625 	 0.000 	 90.000
FD11187	2.750 	 0.000 	 90.000
FD11187	2.875 	 0.000 	 90.000
FD11187	3.000 	 0.000 	 90.000
FD11187	3.125 	 0.000 	 90.000
FD11187	3.250 	 0.000 	 90.000
FD11187	3.375 	 0.000 	 90.000
FD11187	3.500 	 0.000 	 90.000
FD11187	3.625 	 0.000 	 90.000
FD11187	3.750 	 0.000 	 90.000
FD11187	3.875 	 0.000 	 90.000
FD11187	4.000 	 0.000 	 90.000
FD11187	4.125 	 0.000 	 90.000
FD11187	4.250 	 0.000 	 90.000
FD11187	4.375 	 0.000 	 90.000
FD11187	4.500 	 0.000 	 90.000
FD11187	4.625 	 0.000 	 90.000
FD11187	4.750 	 0.000 	 90.000
FD11187	4.875 	 0.000 	 90.000
FD11187	5.000 	 0.000 	 90.000
FD11187	5.125 	 0.000 	 90.000
FD11187	5.250 	 0.000 	 90.000
FD11187	5.375 	 0.000 	 90.000
FD11187	5.500 	 0.000 	 90.000
FD11187	5.625 	 0.000 	 90.000
FD11187	5.750 	 0.000 	 90.000
FD11187	5.875 	 0.000 	 90.000
FD11187	6.000 	 0.000 	 90.000
FD11187	6.125 	 0.000 	 90.000
FD11187	6.250 	 0.000 	 90.000
FD11187	6.375 	 0.000 	 90.000
FD11187	6.500 	 0.000 	 90.000
FD11187	6.625 	 0.000 	 90.000
FD11187	6.750 	 0.000 	 90.000
FD11187	6.875 	 0.000 	 90.000
FD11187	7.000 	 0.000 	 90.000
FD11187	7.125 	 0.000 	 90.000
FD11187	7.250 	 0.000 	 90.000
FD11187	7.375 	 0.000 	 90.000
FD11187	7.500 	 0.000 	 90.000
FD11187	7.625 	 0.000 	 90.000
FD11187	7.750 	 0.000 	 90.000
FD11187	7.875 	 0.000 	 90.000
FD11187	8.000 	 0.000 	 90.000
FD11187	8.125 	 0.000 	 90.000
FD11187	8.250 	 0.000 	 90.000
FD11187	8.375 	 0.000 	 90.000
FD11187	8.500 	 0.000 	 90.000
FD11187	8.625 	 0.000 	 90.000
FD11187	8.750 	 0.000 	 90.000
FD11187	8.875 	 0.000 	 90.000
FD11187	9.000 	 0.000 	 90.000
FD11187	9.125 	 0.000 	 90.000
FD11187	9.250 	 0.000 	 90.000
FD11187	9.375 	 0.000 	 90.000
FD11187	9.500 	 0.000 	 90.000
FD11187	9.625 	 0.000 	 90.000
FD11187	9.750 	 0.000 	 90.000
FD11187	9.875 	 0.000 	 90.000
FD11187	10.000 	 0.000 	 90.000
FD11187	10.125 	 0.000 	 90.000
FD11187	10.250 	 0.000 	 90.000
FD11187	10.375 	 0.000 	 90.000
FD11187	10.500 	 0.000 	 90.000
FD11187	10.625 	 0.000 	 90.000
FD11187	10.750 	 0.000 	 90.000
FD11187	10.875 	 0.000 	 90.000
FD11187	11.000 	 0.000 	 90.000
FD11187	11.125 	 0.000 	 90.000
FD11187	11.250 	 0.000 	 90.000
FD11187	11.375 	 0.000 	 90.000
FD11187	11.500 	 0.000 	 90.000
FD11187	11.625 	 0.000 	 90.000
FD11187	11.750 	 0.000 	 90.000
FD11187	11.875 	 0.000 	 90.000
FD11187	12.000 	 0.000 	 90.000
FD11187	12.125 	 0.000 	 90.000
FD11187	12.250 	 0.000 	 90.000
FD11187	12.375 	 0.000 	 90.000
FD11187	12.500 	 0.000 	 90.000
FD11187	12.625 	 0.000 	 90.000
FD11187	12.750 	 0.000 	 90.000
FD11187	12.875 	 0.000 	 90.000
FD11187	13.000 	 0.000 	 90.000
FD11187	13.125 	 0.000 	 90.000
FD11187	13.250 	 0.000 	 90.000
FD11187	13.375 	 0.000 	 90.000
FD11187	13.500 	 0.000 	 90.000
FD11187	13.625 	 0.000 	 90.000
FD11187	13.750 	 0.000 	 90.000
FD11187	13.875 	 0.000 	 90.000
FD11187	14.000 	 0.000 	 90.000
FD11187	14.125 	 0.000 	 90.000
FD11187	14.250 	 0.000 	 90.000
FD11187	14.375 	 0.000 	 90.000
FD11187	14.500 	 0.000 	 90.000
FD11187	14.625 	 0.000 	 90.000
FD11187	14.750 	 0.000 	 90.000
FD11187	14.875 	 0.000 	 90.000
FD11187	15.000 	 0.000 	 90.000
FD11187	15.125 	 0.000 	 90.000
FD11187	15.250 	 0.000 	 90.000
FD11187	15.375 	 0.000 	 90.000
FD11187	15.500 	 0.000 	 90.000
FD11187	15.625 	 0.000 	 90.000
FD11187	15.750 	 0.000 	 90.000
FD11187	15.875 	 0.000 	 90.000
FD11187	16.000 	 0.000 	 90.000
FD11187	16.125 	 0.000 	 90.000
FD11187	16.250 	 0.000 	 90.000
FD11187	16.375 	 0.000 	 90.000
FD11187	16.500 	 0.000 	 90.000
FD11187	16.625 	 0.000 	 90.000
FD11187	16.750 	 0.000 	 90.000
FD11187	16.875 	 0.000 	 90.000
FD11187	17.000 	 0.000 	 90.000
FD11187	17.125 	 0.000 	 90.000
FD11187	17.250 	 0.000 	 90.000
FD11187	17.375 	 0.000 	 90.000
FD11187	17.500 	 0.000 	 90.000
FD11187	17.625 	 0.000 	 90.000
FD11187	17.750 	 0.000 	 90.000
FD11187	17.875 	 0.000 	 90.000
FD11187	18.000 	 0.000 	 90.000
FD11187	18.125 	 0.000 	 90.000
FD11187	18.250 	 0.000 	 90.000
FD11187	18.375 	 0.000 	 90.000
FD11187	18.500 	 0.000 	 90.000
FD11187	18.625 	 0.000 	 90.000
FD11187	18.750 	 0.000 	 90.000
FD11187	18.875 	 0.000 	 90.000
FD11187	19.000 	 0.000 	 90.000
FD11187	19.125 	 0.000 	 90.000
FD11187	19.250 	 0.000 	 90.000
FD11187	19.375 	 0.000 	 90.000
FD11187	19.500 	 0.000 	 90.000
FD11187	19.625 	 0.000 	 90.000
FD11187	19.750 	 0.000 	 90.000
FD11187	19.875 	 0.000 	 90.000
FD11187	20.000 	 0.000 	 90.000
FD11187	20.125 	 0.000 	 90.000
FD11187	20.250 	 0.000 	 90.000
FD11187	20.375 	 0.000 	 90.000
FD11187	20.500 	 0.000 	 90.000
FD11187	20.625 	 0.000 	 90.000
FD11187	20.750 	 0.000 	 90.000
FD11187	20.875 	 0.000 	 90.000
FD11187	21.000 	 0.000 	 90.000
FD11187	21.125 	 0.000 	 90.000
FD11187	21.250 	 0.000 	 90.000
FD11187	21.375 	 0.000 	 90.000
FD11187	21.500 	 0.000 	 90.000
FD11187	21.625 	 0.000 	 90.000
FD11187	21.750 	 0.000 	 90.000
FD11187	21.875 	 0.000 	 90.000
FD11187	22.000 	 0.000 	 90.000
FD11187	22.125 	 0.000 	 90.000
FD11187	22.250 	 0.000 	 90.000
FD11187	22.375 	 0.000 	 90.000
FD11187	22.500 	 0.000 	 90.000
FD11187	22.625 	 0.000 	 90.000
FD11187	22.750 	 0.000 	 90.000
FD11187	22.875 	 0.000 	 90.000
FD11187	23.000 	 0.000 	 90.000
FD11187	23.125 	 0.000 	 90.000
FD11187	23.250 	 0.000 	 90.000
FD11187	23.375 	 0.000 	 90.000
FD11187	23.500 	 0.000 	 90.000
FD11187	23.625 	 0.000 	 90.000
FD11187	23.750 	 0.000 	 90.000
FD11187	23.875 	 0.000 	 90.000
FD11187	24.000 	 0.000 	 90.000
FD11187	24.125 	 0.000 	 90.000
FD11187	24.250 	 0.000 	 90.000
FD11187	24.375 	 0.000 	 90.000
FD11187	24.500 	 0.000 	 90.000
FD11187	24.625 	 0.000 	 90.000
FD11187	24.750 	 0.000 	 90.000
FD11187	24.875 	 0.000 	 90.000
FD11187	25.000 	 0.000 	 90.000
FD11187	25.125 	 0.000 	 90.000
FD11187	25.250 	 0.000 	 90.000
FD11187	25.375 	 0.000 	 90.000
FD11187	25.500 	 0.000 	 90.000
FD11187	25.625 	 0.000 	 90.000
FD11187	25.750 	 0.000 	 90.000
FD11187	25.875 	 0.000 	 90.000
FD11187	26.000 	 0.000 	 90.000
FD11187	26.125 	 0.000 	 90.000
FD11187	26.250 	 0.000 	 90.000
FD11187	26.375 	 0.000 	 90.000
FD11187	26.500 	 0.000 	 90.000
FD11187	26.625 	 0.000 	 90.000
FD11187	26.750 	 0.000 	 90.000
FD11187	26.875 	 0.000 	 90.000
FD11187	27.000 	 0.000 	 90.000
FD11187	27.125 	 0.000 	 90.000
FD11187	27.250 	 0.000 	 90.000
FD11187	27.375 	 0.000 	 90.000
FD11187	27.500 	 0.000 	 90.000
FD11187	27.625 	 0.000 	 90.000
FD11187	27.750 	 0.000 	 90.000
FD11187	27.875 	 0.000 	 90.000
FD11187	28.000 	 0.000 	 90.000
FD11187	28.125 	 0.000 	 90.000
FD11187	28.250 	 0.000 	 90.000
FD11187	28.375 	 0.000 	 90.000
FD11187	28.500 	 0.000 	 90.000
FD11187	28.625 	 0.000 	 90.000
FD11187	28.750 	 0.000 	 90.000
FD11187	28.875 	 0.000 	 90.000
FD11187	29.000 	 0.000 	 90.000
FD11187	29.125 	 0.000 	 90.000
FD11187	29.250 	 0.000 	 90.000
FD11187	29.375 	 0.000 	 90.000
FD11187	29.500 	 0.000 	 90.000
FD11187	29.625 	 0.000 	 90.000
FD11187	29.750 	 0.000 	 90.000
FD11187	29.875 	 0.000 	 90.000
FD11187	30.000 	 0.000 	 90.000
FD11187	30.125 	 0.000 	 90.000
FD11187	30.250 	 0.000 	 90.000
FD11187	30.375 	 0.000 	 90.000
FD11187	30.500 	 0.000 	 90.000
FD11187	30.625 	 0.000 	 90.000
FD11187	30.750 	 0.000 	 90.000
FD11187	30.875 	 0.000 	 90.000
FD11187	31.000 	 0.000 	 90.000
FD11187	31.125 	 0.000 	 90.000
FD11187	31.250 	 0.000 	 90.000
FD11187	31.375 	 0.000 	 90.000
FD11187	31.500 	 0.000 	 90.000
FD11187	31.625 	 0.000 	 90.000
FD11187	31.750 	 0.000 	 90.000
FD11187	31.875 	 0.000 	 90.000
FD11187	32.000 	 0.000 	 90.000
FD11187	32.125 	 0.000 	 90.000
FD11187	32.250 	 0.000 	 90.000
FD11187	32.375 	 0.000 	 90.000
FD11187	32.500 	 0.000 	 90.000
FD11187	32.625 	 0.000 	 90.000
FD11187	32.750 	 0.000 	 90.000
FD11187	32.875 	 0.000 	 90.000
FD11187	33.000 	 0.000 	 90.000
FD11187	33.125 	 0.000 	 90.000
FD11187	33.250 	 0.000 	 90.000
FD11187	33.375 	 0.000 	 90.000
FD11187	33.500 	 0.000 	 90.000
FD11187	33.625 	 0.000 	 90.000
FD11187	33.750 	 0.000 	 90.000
FD11187	33.875 	 0.000 	 90.000
FD11187	34.000 	 0.000 	 90.000
FD11187	34.125 	 0.000 	 90.000
FD11187	34.250 	 0.000 	 90.000
FD11187	34.375 	 0.000 	 90.000
FD11187	34.500 	 0.000 	 90.000
FD11187	34.625 	 0.000 	 90.000
FD11187	34.750 	 0.000 	 90.000
FD11187	34.875 	 0.000 	 90.000
FD11187	35.000 	 0.000 	 90.000
FD11187	35.125 	 0.000 	 90.000
FD11187	35.250 	 0.000 	 90.000
FD11187	35.375 	 0.000 	 90.000
FD11187	35.500 	 0.000 	 90.000
FD11187	35.625 	 0.000 	 90.000
FD11187	35.750 	 0.000 	 90.000
FD11187	35.875 	 0.000 	 90.000
FD11187	36.000 	 0.000 	 90.000
FD11187	36.125 	 0.000 	 90.000
FD11187	36.250 	 0.000 	 90.000
FD11187	36.375 	 0.000 	 90.000
FD11187	36.500 	 0.000 	 90.000
FD11187	36.625 	 0.000 	 90.000
FD11187	36.750 	 0.000 	 90.000
FD11187	36.875 	 0.000 	 90.000
FD11187	37.000 	 0.000 	 90.000
FD11187	37.125 	 0.000 	 90.000
FD11187	37.250 	 0.000 	 90.000
FD11187	37.375 	 0.000 	 90.000
FD11187	37.500 	 0.000 	 90.000
FD11187	37.625 	 0.000 	 90.000
FD11187	37.750 	 0.000 	 90.000
FD11187	37.875 	 0.000 	 90.000
FD11187	38.000 	 0.000 	 90.000
FD11187	38.125 	 0.000 	 90.000
FD11187	38.250 	 0.000 	 90.000
FD11187	38.375 	 0.000 	 90.000
FD11187	38.500 	 0.000 	 90.000
FD11187	38.625 	 0.000 	 90.000
FD11187	38.750 	 0.000 	 90.000
FD11187	38.875 	 0.000 	 90.000
FD11187	39.000 	 0.000 	 90.000
FD11187	39.125 	 0.000 	 90.000
FD11187	39.250 	 0.000 	 90.000
FD11187	39.375 	 0.000 	 90.000
FD11187	39.500 	 0.000 	 90.000
FD11187	39.625 	 0.000 	 90.000
FD11187	39.750 	 0.000 	 90.000
FD11187	39.875 	 0.000 	 90.000
FD11187	40.000 	 0.000 	 90.000
FD11187	40.125 	 0.000 	 90.000
FD11187	40.250 	 0.000 	 90.000
FD11187	40.375 	 0.000 	 90.000
FD11187	40.500 	 0.000 	 90.000
FD11187	40.625 	 0.000 	 90.000
FD11187	40.750 	 0.000 	 90.000
FD11187	40.875 	 0.000 	 90.000
FD11187	41.000 	 0.000 	 90.000
FD11187	41.125 	 0.000 	 90.000
FD11187	41.250 	 0.000 	 90.000
FD11187	41.375 	 0.000 	 90.000
FD11187	41.500 	 0.000 	 90.000
FD11187	41.625 	 0.000 	 90.000
FD11187	41.750 	 0.000 	 90.000
FD11187	41.875 	 0.000 	 90.000
FD11187	42.000 	 0.000 	 90.000
FD11187	42.125 	 0.000 	 90.000
FD11187	42.250 	 0.000 	 90.000
FD11187	42.375 	 0.000 	 90.000
FD11187	42.500 	 0.000 	 90.000
FD11187	42.625 	 0.000 	 90.000
FD11187	42.750 	 0.000 	 90.000
FD11187	42.875 	 0.000 	 90.000
FD11187	43.000 	 0.000 	 90.000
FD11187	43.125 	 0.000 	 90.000
FD11187	43.250 	 0.000 	 90.000
FD11187	43.375 	 0.000 	 90.000
FD11187	43.500 	 0.000 	 90.000
FD11187	43.625 	 0.000 	 90.000
FD11187	43.750 	 0.000 	 90.000
FD11187	43.875 	 0.000 	 90.000
FD11187	44.000 	 0.000 	 90.000
FD11187	44.125 	 0.000 	 90.000
FD11187	44.250 	 0.000 	 90.000
FD11187	44.375 	 0.000 	 90.000
FD11187	44.500 	 0.000 	 90.000
FD11187	44.625 	 0.000 	 90.000
FD11187	44.750 	 0.000 	 90.000
FD11187	44.875 	 0.000 	 90.000
FD11187	45.000 	 0.000 	 90.000
FD11187	45.125 	 0.000 	 90.000
FD11187	45.250 	 0.000 	 90.000
FD11187	45.375 	 0.000 	 90.000
FD11187	45.500 	 0.000 	 90.000
FD11187	45.625 	 0.000 	 90.000
FD11187	45.750 	 0.000 	 90.000
FD11187	45.875 	 0.000 	 90.000
FD11187	46.000 	 0.000 	 90.000
FD11187	46.125 	 0.000 	 90.000
FD11187	46.250 	 0.000 	 90.000
FD11187	46.375 	 0.000 	 90.000
FD11187	46.500 	 0.000 	 90.000
FD11187	46.625 	 0.000 	 90.000
FD11187	46.750 	 0.000 	 90.000
FD11187	46.875 	 0.000 	 90.000
FD11187	47.000 	 0.000 	 90.000
FD11187	47.125 	 0.000 	 90.000
FD11187	47.250 	 0.000 	 90.000
FD11187	47.375 	 0.000 	 90.000
FD11187	47.500 	 0.000 	 90.000
FD11187	47.625 	 0.000 	 90.000
FD11187	47.750 	 0.000 	 90.000
FD11187	47.875 	 0.000 	 90.000
FD11187	48.000 	 0.000 	 90.000
FD11187	48.125 	 0.000 	 90.000
FD11187	48.250 	 0.000 	 90.000
FD11187	48.375 	 0.000 	 90.000
FD11187	48.500 	 0.000 	 90.000
FD11187	48.625 	 0.000 	 90.000
FD11187	48.750 	 0.000 	 90.000
FD11187	48.875 	 0.000 	 90.000
FD11187	49.000 	 0.000 	 90.000
FD11187	49.125 	 0.000 	 90.000
FD11187	49.250 	 0.000 	 90.000
FD11187	49.375 	 0.000 	 90.000
FD11187	49.500 	 0.000 	 90.000
FD11187	49.625 	 0.000 	 90.000
FD11187	49.750 	 0.000 	 90.000
FD11187	49.875 	 0.000 	 90.000
FD11187	50.000 	 0.000 	 90.000
FD11187	50.125 	 0.476 	 180.000
FD11187	50.250 	 0.474 	 180.000
FD11187	50.375 	 0.468 	 180.000
FD11187	50.500 	 0.469 	 180.000
FD11187	50.625 	 0.469 	 180.000
FD11187	50.750 	 0.468 	 180.000
FD11187	50.875 	 0.469 	 180.000
FD11187	51.000 	 0.468 	 180.000
FD11187	51.125 	 0.468 	 180.000
FD11187	51.250 	 0.469 	 180.000
FD11187	51.375 	 0.468 	 180.000
FD11187	51.500 	 0.468 	 180.000
FD11187	51.625 	 0.468 	 180.000
FD11187	51.750 	 0.468 	 180.000
FD11187	51.875 	 0.468 	 180.000
FD11187	52.000 	 0.468 	 180.000
FD11187	52.125 	 0.468 	 180.000
FD11187	52.250 	 0.470 	 180.000
FD11187	52.375 	 0.476 	 180.000
FD11187	52.500 	 0.482 	 180.000
FD11187	52.625 	 0.489 	 186.191
FD11187	52.750 	 0.495 	 188.756
FD11187	52.875 	 0.503 	 191.146
FD11187	53.000 	 0.511 	 193.452
FD11187	53.125 	 0.520 	 195.600
FD11187	53.250 	 0.530 	 197.831
FD11187	53.375 	 0.540 	 200.275
FD11187	53.500 	 0.551 	 202.715
FD11187	53.625 	 0.561 	 205.120
FD11187	53.750 	 0.571 	 207.279
FD11187	53.875 	 0.581 	 208.207
FD11187	54.000 	 0.589 	 208.345
FD11187	54.125 	 0.598 	 207.395
FD11187	54.250 	 0.607 	 205.862
FD11187	54.375 	 0.616 	 205.856
FD11187	54.500 	 0.625 	 206.834
FD11187	54.625 	 0.632 	 207.526
FD11187	54.750 	 0.640 	 208.388
FD11187	54.875 	 0.647 	 209.575
FD11187	55.000 	 0.653 	 210.910
FD11187	55.125 	 0.659 	 212.729
FD11187	55.250 	 0.665 	 214.590
FD11187	55.375 	 0.670 	 215.315
FD11187	55.500 	 0.675 	 215.200
FD11187	55.625 	 0.679 	 214.716
FD11187	55.750 	 0.684 	 214.310
FD11187	55.875 	 0.688 	 213.969
FD11187	56.000 	 0.693 	 213.800
FD11187	56.125 	 0.697 	 213.596
FD11187	56.250 	 0.701 	 213.174
FD11187	56.375 	 0.706 	 212.613
FD11187	56.500 	 0.709 	 212.102
FD11187	56.625 	 0.713 	 211.981
FD11187	56.750 	 0.716 	 211.734
FD11187	56.875 	 0.721 	 211.371
FD11187	57.000 	 0.725 	 210.965
FD11187	57.125 	 0.728 	 210.290
FD11187	57.250 	 0.732 	 209.723
FD11187	57.375 	 0.735 	 209.779
FD11187	57.500 	 0.738 	 209.800
FD11187	57.625 	 0.742 	 209.422
FD11187	57.750 	 0.745 	 208.998
FD11187	57.875 	 0.748 	 208.471
FD11187	58.000 	 0.752 	 208.021
FD11187	58.125 	 0.754 	 207.487
FD11187	58.250 	 0.757 	 206.944
FD11187	58.375 	 0.759 	 206.455
FD11187	58.500 	 0.762 	 206.004
FD11187	58.625 	 0.764 	 205.401
FD11187	58.750 	 0.765 	 204.785
FD11187	58.875 	 0.767 	 204.230
FD11187	59.000 	 0.768 	 203.555
FD11187	59.125 	 0.770 	 202.890
FD11187	59.250 	 0.771 	 202.160
FD11187	59.375 	 0.773 	 201.566
FD11187	59.500 	 0.773 	 201.044
FD11187	59.625 	 0.775 	 200.715
FD11187	59.750 	 0.775 	 200.281
FD11187	59.875 	 0.775 	 199.644
FD11187	60.000 	 0.775 	 199.100
FD11187	60.125 	 0.775 	 198.463
FD11187	60.250 	 0.773 	 197.935
FD11187	60.375 	 0.773 	 197.408
FD11187	60.500 	 0.771 	 196.919
FD11187	60.625 	 0.769 	 196.573
FD11187	60.750 	 0.767 	 196.238
FD11187	60.875 	 0.764 	 195.716
FD11187	61.000 	 0.761 	 195.068
FD11187	61.125 	 0.758 	 194.260
FD11187	61.250 	 0.755 	 193.387
FD11187	61.375 	 0.752 	 192.848
FD11187	61.500 	 0.749 	 192.420
FD11187	61.625 	 0.745 	 192.002
FD11187	61.750 	 0.742 	 191.525
FD11187	61.875 	 0.738 	 190.926
FD11187	62.000 	 0.735 	 190.273
FD11187	62.125 	 0.733 	 189.756
FD11187	62.250 	 0.730 	 189.267
FD11187	62.375 	 0.728 	 188.663
FD11187	62.500 	 0.727 	 187.965
FD11187	62.625 	 0.725 	 187.164
FD11187	62.750 	 0.724 	 186.493
FD11187	62.875 	 0.723 	 185.800
FD11187	63.000 	 0.723 	 185.048
FD11187	63.125 	 0.722 	 184.257
FD11187	63.250 	 0.722 	 180.000
FD11187	63.375 	 0.721 	 180.000
FD11187	63.500 	 0.721 	 180.000
FD11187	63.625 	 0.721 	 180.000
FD11187	63.750 	 0.721 	 180.000
FD11187	63.875 	 0.720 	 180.000
FD11187	64.000 	 0.720 	 180.000
FD11187	64.125 	 0.719 	 180.000
FD11187	64.250 	 0.719 	 180.000
FD11187	64.375 	 0.717 	 175.798
FD11187	64.500 	 0.717 	 175.029
FD11187	64.625 	 0.717 	 174.144
FD11187	64.750 	 0.716 	 173.271
FD11187	64.875 	 0.715 	 172.497
FD11187	65.000 	 0.715 	 171.777
FD11187	65.125 	 0.715 	 171.217
FD11187	65.250 	 0.715 	 170.716
FD11187	65.375 	 0.715 	 170.272
FD11187	65.500 	 0.715 	 169.617
FD11187	65.625 	 0.716 	 168.739
FD11187	65.750 	 0.716 	 167.898
FD11187	65.875 	 0.717 	 167.069
FD11187	66.000 	 0.719 	 166.240
FD11187	66.125 	 0.720 	 165.647
FD11187	66.250 	 0.723 	 165.108
FD11187	66.375 	 0.726 	 164.306
FD11187	66.500 	 0.729 	 163.394
FD11187	66.625 	 0.733 	 162.565
FD11187	66.750 	 0.737 	 161.669
FD11187	66.875 	 0.741 	 160.752
FD11187	67.000 	 0.746 	 159.874
FD11187	67.125 	 0.751 	 158.951
FD11187	67.250 	 0.756 	 158.066
FD11187	67.375 	 0.761 	 157.170
FD11187	67.500 	 0.768 	 156.380
FD11187	67.625 	 0.774 	 155.600
FD11187	67.750 	 0.780 	 154.809
FD11187	67.875 	 0.787 	 154.061
FD11187	68.000 	 0.793 	 153.315
FD11187	68.125 	 0.800 	 152.601
FD11187	68.250 	 0.807 	 151.947
FD11187	68.375 	 0.814 	 151.265
FD11187	68.500 	 0.821 	 150.496
FD11187	68.625 	 0.828 	 149.733
FD11187	68.750 	 0.836 	 149.162
FD11187	68.875 	 0.844 	 148.563
FD11187	69.000 	 0.852 	 147.772
FD11187	69.125 	 0.860 	 146.898
FD11187	69.250 	 0.869 	 145.975
FD11187	69.375 	 0.877 	 145.003
FD11187	69.500 	 0.886 	 144.064
FD11187	69.625 	 0.895 	 143.212
FD11187	69.750 	 0.905 	 142.333
FD11187	69.875 	 0.915 	 141.542
FD11187	70.000 	 0.925 	 140.690
FD11187	70.125 	 0.935 	 139.872
FD11187	70.250 	 0.947 	 139.081
FD11187	70.375 	 0.959 	 138.439
FD11187	70.500 	 0.971 	 137.889
FD11187	70.625 	 0.982 	 137.148
FD11187	70.750 	 0.995 	 136.455
FD11187	70.875 	 1.008 	 135.846
FD11187	71.000 	 1.022 	 135.214
FD11187	71.125 	 1.035 	 134.440
FD11187	71.250 	 1.049 	 133.726
FD11187	71.375 	 1.063 	 133.166
FD11187	71.500 	 1.077 	 132.517
FD11187	71.625 	 1.091 	 131.813
FD11187	71.750 	 1.106 	 131.254
FD11187	71.875 	 1.120 	 130.891
FD11187	72.000 	 1.135 	 130.523
FD11187	72.125 	 1.150 	 130.040
FD11187	72.250 	 1.163 	 129.447
FD11187	72.375 	 1.178 	 129.024
FD11187	72.500 	 1.193 	 128.727
FD11187	72.625 	 1.207 	 128.265
FD11187	72.750 	 1.221 	 127.920
FD11187	72.875 	 1.236 	 127.464
FD11187	73.000 	 1.251 	 126.936
FD11187	73.125 	 1.266 	 126.765
FD11187	73.250 	 1.281 	 126.513
FD11187	73.375 	 1.297 	 126.233
FD11187	73.500 	 1.314 	 125.958
FD11187	73.625 	 1.332 	 125.601
FD11187	73.750 	 1.351 	 125.326
FD11187	73.875 	 1.370 	 124.881
FD11187	74.000 	 1.391 	 124.508
FD11187	74.125 	 1.412 	 124.393
FD11187	74.250 	 1.434 	 124.135
FD11187	74.375 	 1.458 	 123.810
FD11187	74.500 	 1.482 	 123.487
FD11187	74.625 	 1.508 	 123.245
FD11187	74.750 	 1.533 	 123.119
FD11187	74.875 	 1.561 	 122.942
FD11187	75.000 	 1.588 	 122.602
FD11187	75.125 	 1.616 	 122.151
FD11187	75.250 	 1.644 	 121.811
FD11187	75.375 	 1.672 	 121.471
FD11187	75.500 	 1.700 	 121.173
FD11187	75.625 	 1.728 	 120.970
FD11187	75.750 	 1.756 	 120.646
FD11187	75.875 	 1.783 	 120.498
FD11187	76.000 	 1.809 	 120.349
FD11187	76.125 	 1.836 	 120.058
FD11187	76.250 	 1.862 	 119.762
FD11187	76.375 	 1.888 	 119.515
FD11187	76.500 	 1.913 	 119.498
FD11187	76.625 	 1.938 	 119.333
FD11187	76.750 	 1.964 	 119.086
FD11187	76.875 	 1.988 	 119.004
FD11187	77.000 	 2.012 	 118.740
FD11187	77.125 	 2.036 	 118.477
FD11187	77.250 	 2.061 	 118.262
FD11187	77.375 	 2.086 	 117.790
FD11187	77.500 	 2.109 	 117.521
FD11187	77.625 	 2.135 	 117.230
FD11187	77.750 	 2.162 	 116.823
FD11187	77.875 	 2.189 	 116.664
FD11187	78.000 	 2.217 	 116.466
FD11187	78.125 	 2.247 	 116.115
FD11187	78.250 	 2.278 	 115.735
FD11187	78.375 	 2.310 	 115.571
FD11187	78.500 	 2.342 	 115.466
FD11187	78.625 	 2.375 	 115.307
FD11187	78.750 	 2.408 	 115.060
FD11187	78.875 	 2.441 	 114.851
FD11187	79.000 	 2.474 	 114.730
FD11187	79.125 	 2.507 	 114.889
FD11187	79.250 	 2.539 	 115.049
FD11187	79.375 	 2.571 	 114.643
FD11187	79.500 	 2.604 	 114.307
FD11187	79.625 	 2.636 	 114.247
FD11187	79.750 	 2.667 	 114.077
FD11187	79.875 	 2.699 	 113.834
FD11187	80.000 	 2.730 	 113.659
FD11187	80.125 	 2.760 	 113.379
FD11187	80.250 	 2.790 	 113.115
FD11187	80.375 	 2.819 	 112.885
FD11187	80.500 	 2.845 	 112.775
FD11187	80.625 	 2.871 	 112.841
FD11187	80.750 	 2.897 	 112.846
FD11187	80.875 	 2.923 	 112.792
FD11187	81.000 	 2.952 	 112.588
FD11187	81.125 	 2.982 	 112.335
FD11187	81.250 	 3.014 	 112.225
FD11187	81.375 	 3.047 	 111.972
FD11187	81.500 	 3.080 	 111.588
FD11187	81.625 	 3.113 	 111.215
FD11187	81.750 	 3.146 	 110.819
FD11187	81.875 	 3.178 	 110.714
FD11187	82.000 	 3.210 	 110.786
FD11187	82.125 	 3.243 	 110.907
FD11187	82.250 	 3.275 	 110.874
FD11187	82.375 	 3.308 	 110.880
FD11187	82.500 	 3.341 	 110.879
FD11187	82.625 	 3.377 	 110.643
FD11187	82.750 	 3.413 	 110.489
FD11187	82.875 	 3.450 	 110.347
FD11187	83.000 	 3.487 	 110.121
FD11187	83.125 	 3.523 	 109.913
FD11187	83.250 	 3.558 	 109.978
FD11187	83.375 	 3.593 	 110.144
FD11187	83.500 	 3.628 	 109.962
FD11187	83.625 	 3.664 	 109.753
FD11187	83.750 	 3.701 	 109.880
FD11187	83.875 	 3.737 	 110.215
FD11187	84.000 	 3.774 	 110.435
FD11187	84.125 	 3.811 	 110.462
FD11187	84.250 	 3.849 	 110.506
FD11187	84.375 	 3.888 	 110.335
FD11187	84.500 	 3.929 	 110.111
FD11187	84.625 	 3.970 	 110.083
FD11187	84.750 	 4.011 	 110.166
FD11187	84.875 	 4.050 	 110.320
FD11187	85.000 	 4.088 	 110.429
FD11187	85.125 	 4.123 	 110.446
FD11187	85.250 	 4.159 	 110.522
FD11187	85.375 	 4.192 	 110.605
FD11187	85.500 	 4.225 	 110.571
FD11187	85.625 	 4.255 	 110.649
FD11187	85.750 	 4.285 	 110.659
FD11187	85.875 	 4.313 	 110.808
FD11187	86.000 	 4.343 	 110.990
FD11187	86.125 	 4.374 	 110.704
FD11187	86.250 	 4.406 	 110.566
FD11187	86.375 	 4.438 	 110.456
FD11187	86.500 	 4.470 	 110.193
FD11187	86.625 	 4.502 	 110.110
FD11187	86.750 	 4.535 	 110.017
FD11187	86.875 	 4.571 	 109.984
FD11187	87.000 	 4.610 	 109.951
FD11187	87.125 	 4.648 	 109.671
FD11187	87.250 	 4.686 	 109.391
FD11187	87.375 	 4.723 	 109.221
FD11187	87.500 	 4.760 	 109.226
FD11187	87.625 	 4.799 	 109.314
FD11187	87.750 	 4.838 	 109.407
FD11187	87.875 	 4.881 	 109.435
FD11187	88.000 	 4.924 	 109.325
FD11187	88.125 	 4.968 	 108.962
FD11187	88.250 	 5.009 	 108.694
FD11187	88.375 	 5.050 	 108.782
FD11187	88.500 	 5.090 	 108.924
FD11187	88.625 	 5.130 	 109.281
FD11187	88.750 	 5.168 	 109.429
FD11187	88.875 	 5.207 	 109.248
FD11187	89.000 	 5.244 	 109.259
FD11187	89.125 	 5.280 	 109.215
FD11187	89.250 	 5.318 	 109.149
FD11187	89.375 	 5.356 	 109.265
FD11187	89.500 	 5.396 	 109.221
FD11187	89.625 	 5.434 	 109.226
FD11187	89.750 	 5.474 	 109.413
FD11187	89.875 	 5.510 	 109.303
FD11187	90.000 	 5.547 	 109.182
FD11187	90.125 	 5.582 	 109.204
FD11187	90.250 	 5.616 	 109.149
FD11187	90.375 	 5.651 	 109.226
FD11187	90.500 	 5.686 	 109.204
FD11187	90.625 	 5.720 	 109.226
FD11187	90.750 	 5.751 	 109.347
FD11187	90.875 	 5.781 	 109.165
FD11187	91.000 	 5.809 	 109.028
FD11187	91.125 	 5.837 	 109.182
FD11187	91.250 	 5.866 	 109.138
FD11187	91.375 	 5.897 	 109.034
FD11187	91.500 	 5.926 	 109.259
FD11187	91.625 	 5.956 	 109.336
FD11187	91.750 	 5.984 	 109.007
FD11187	91.875 	 6.014 	 108.683
FD11187	92.000 	 6.042 	 108.572
FD11187	92.125 	 6.069 	 108.649
FD11187	92.250 	 6.093 	 108.891
FD11187	92.375 	 6.116 	 108.831
FD11187	92.500 	 6.138 	 108.369
FD11187	92.625 	 6.161 	 107.902
FD11187	92.750 	 6.186 	 107.616
FD11187	92.875 	 6.211 	 107.649
FD11187	93.000 	 6.235 	 107.644
FD11187	93.125 	 6.258 	 107.782
FD11187	93.250 	 6.280 	 108.023
FD11187	93.375 	 6.303 	 108.116
FD11187	93.500 	 6.324 	 108.177
FD11187	93.625 	 6.347 	 108.116
FD11187	93.750 	 6.368 	 107.996
FD11187	93.875 	 6.390 	 107.985
FD11187	94.000 	 6.411 	 108.100
FD11187	94.125 	 6.435 	 108.149
FD11187	94.250 	 6.461 	 108.248
FD11187	94.375 	 6.491 	 108.342
FD11187	94.500 	 6.521 	 108.264
FD11187	94.625 	 6.551 	 108.084
FD11187	94.750 	 6.581 	 107.958
FD11187	94.875 	 6.610 	 107.990
FD11187	95.000 	 6.640 	 108.248
FD11187	95.125 	 6.670 	 108.380
FD11187	95.250 	 6.700 	 108.286
FD11187	95.375 	 6.727 	 108.034
FD11187	95.500 	 6.756 	 107.820
FD11187	95.625 	 6.784 	 107.869
FD11187	95.750 	 6.812 	 107.913
FD11187	95.875 	 6.842 	 107.765
FD11187	96.000 	 6.868 	 107.605
FD11187	96.125 	 6.895 	 107.644
FD11187	96.250 	 6.919 	 107.622
FD11187	96.375 	 6.943 	 107.683
FD11187	96.500 	 6.964 	 107.869
FD11187	96.625 	 6.984 	 108.106
FD11187	96.750 	 7.002 	 108.144
FD11187	96.875 	 7.019 	 107.996
FD11187	97.000 	 7.038 	 107.897
FD11187	97.125 	 7.056 	 107.770
FD11187	97.250 	 7.074 	 107.825
FD11187	97.375 	 7.094 	 107.842
FD11187	97.500 	 7.112 	 107.688
FD11187	97.625 	 7.130 	 107.688
FD11187	97.750 	 7.148 	 107.743
FD11187	97.875 	 7.164 	 107.611
FD11187	98.000 	 7.182 	 107.419
FD11187	98.125 	 7.200 	 107.424
FD11187	98.250 	 7.218 	 107.578
FD11187	98.375 	 7.236 	 107.782
FD11187	98.500 	 7.254 	 107.930
FD11187	98.625 	 7.274 	 108.012
FD11187	98.750 	 7.293 	 108.040
FD11187	98.875 	 7.312 	 107.936
FD11187	99.000 	 7.330 	 107.913
FD11187	99.125 	 7.350 	 108.078
FD11187	99.250 	 7.368 	 108.144
FD11187	99.375 	 7.387 	 108.017
FD11187	99.500 	 7.406 	 107.853
FD11187	99.625 	 7.424 	 107.914
FD11187	99.750 	 7.443 	 107.848
FD11187	99.875 	 7.461 	 107.693
FD11187	100.000 	 7.478 	 107.820
FD11187	100.125 	 7.496 	 107.826
FD11187	100.250 	 7.513 	 107.792
FD11187	100.375 	 7.528 	 107.776
FD11187	100.500 	 7.544 	 107.831
FD11187	100.625 	 7.559 	 107.858
FD11187	100.750 	 7.573 	 107.699
FD11187	100.875 	 7.587 	 107.617
FD11187	101.000 	 7.600 	 107.606
FD11187	101.125 	 7.612 	 107.721
FD11187	101.250 	 7.623 	 107.924
FD11187	101.375 	 7.634 	 108.034
FD11187	101.500 	 7.643 	 108.013
FD11187	101.625 	 7.651 	 107.836
FD11187	101.750 	 7.658 	 107.727
FD11187	101.875 	 7.668 	 107.903
FD11187	102.000 	 7.677 	 108.007
FD11187	102.125 	 7.689 	 107.837
FD11187	102.250 	 7.701 	 107.644
FD11187	102.375 	 7.712 	 107.534
FD11187	102.500 	 7.723 	 107.457
FD11187	102.625 	 7.734 	 107.391
FD11187	102.750 	 7.742 	 107.369
FD11187	102.875 	 7.754 	 107.336
FD11187	103.000 	 7.767 	 107.457
FD11187	103.125 	 7.780 	 107.611
FD11187	103.250 	 7.791 	 107.644
FD11187	103.375 	 7.802 	 107.512
FD11187	103.500 	 7.813 	 107.429
FD11187	103.625 	 7.824 	 107.529
FD11187	103.750 	 7.834 	 107.605
FD11187	103.875 	 7.843 	 107.666
FD11187	104.000 	 7.851 	 107.666
FD11187	104.125 	 7.857 	 107.534
FD11187	104.250 	 7.861 	 107.424
FD11187	104.375 	 7.865 	 107.320
FD11187	104.500 	 7.866 	 107.155
FD11187	104.625 	 7.867 	 107.392
FD11187	104.750 	 7.867 	 107.704
FD11187	104.875 	 7.868 	 107.754
FD11187	105.000 	 7.869 	 107.726
FD11187	105.125 	 7.872 	 107.710
FD11187	105.250 	 7.875 	 107.848
FD11187	105.375 	 7.879 	 107.880
FD11187	105.500 	 7.884 	 107.804
FD11187	105.625 	 7.889 	 107.951
FD11187	105.750 	 7.893 	 108.166
FD11187	105.875 	 7.900 	 108.276
FD11187	106.000 	 7.906 	 108.380
FD11187	106.125 	 7.914 	 108.440
FD11187	106.250 	 7.924 	 108.325
FD11187	106.375 	 7.937 	 108.127
FD11187	106.500 	 7.950 	 107.914
FD11187	106.625 	 7.965 	 107.869
FD11187	106.750 	 7.980 	 107.924
FD11187	106.875 	 7.994 	 107.870
FD11187	107.000 	 8.008 	 107.809
FD11187	107.125 	 8.018 	 107.891
FD11187	107.250 	 8.026 	 108.040
FD11187	107.375 	 8.033 	 108.056
FD11187	107.500 	 8.038 	 107.974
FD11187	107.625 	 8.041 	 107.902
FD11187	107.750 	 8.045 	 107.914
FD11187	107.875 	 8.047 	 107.963
FD11187	108.000 	 8.050 	 107.941
FD11187	108.125 	 8.051 	 107.941
FD11187	108.250 	 8.051 	 108.029
FD11187	108.375 	 8.049 	 108.193
FD11187	108.500 	 8.046 	 108.177
FD11187	108.625 	 8.041 	 107.974
FD11187	108.750 	 8.039 	 107.995
FD11187	108.875 	 8.036 	 108.056
FD11187	109.000 	 8.035 	 108.002
FD11187	109.125 	 8.032 	 108.007
FD11187	109.250 	 8.030 	 107.935
FD11187	109.375 	 8.028 	 107.924
FD11187	109.500 	 8.026 	 107.930
FD11187	109.625 	 8.028 	 107.979
FD11187	109.750 	 8.034 	 108.143
FD11187	109.875 	 8.043 	 108.106
FD11187	110.000 	 8.055 	 108.040
FD11187	110.125 	 8.068 	 108.072
FD11187	110.250 	 8.082 	 108.132
FD11187	110.375 	 8.098 	 108.067
FD11187	110.500 	 8.116 	 108.106
FD11187	110.625 	 8.134 	 108.215
FD11187	110.750 	 8.153 	 108.160
FD11187	110.875 	 8.170 	 108.099
FD11187	111.000 	 8.183 	 108.193
FD11187	111.125 	 8.196 	 108.155
FD11187	111.250 	 8.210 	 108.144
FD11187	111.375 	 8.226 	 108.128
FD11187	111.500 	 8.240 	 108.078
FD11187	111.625 	 8.252 	 108.067
FD11187	111.750 	 8.263 	 107.930
FD11187	111.875 	 8.273 	 108.023
FD11187	112.000 	 8.281 	 108.122
FD11187	112.125 	 8.286 	 107.919
FD11187	112.250 	 8.290 	 107.776
FD11187	112.375 	 8.294 	 107.803
FD11187	112.500 	 8.296 	 107.908
FD11187	112.625 	 8.298 	 107.969
FD11187	112.750 	 8.301 	 107.935
FD11187	112.875 	 8.303 	 107.914
FD11187	113.000 	 8.305 	 107.737
FD11187	113.125 	 8.305 	 107.694
FD11187	113.250 	 8.305 	 107.655
FD11187	113.375 	 8.305 	 107.688
FD11187	113.500 	 8.306 	 107.870
FD11187	113.625 	 8.307 	 107.781
FD11187	113.750 	 8.308 	 107.683
FD11187	113.875 	 8.308 	 107.512
FD11187	114.000 	 8.307 	 107.358
FD11187	114.125 	 8.306 	 107.649
FD11187	114.250 	 8.303 	 107.787
FD11187	114.375 	 8.299 	 107.622
FD11187	114.500 	 8.293 	 107.540
FD11187	114.625 	 8.287 	 107.771
FD11187	114.750 	 8.281 	 108.029
FD11187	114.875 	 8.278 	 107.980
FD11187	115.000 	 8.275 	 107.946
FD11187	115.125 	 8.276 	 108.150
FD11187	115.250 	 8.276 	 108.331
FD11187	115.375 	 8.277 	 108.363
FD11187	115.500 	 8.279 	 108.479
FD11187	115.625 	 8.281 	 108.704
FD11187	115.750 	 8.284 	 108.826
FD11187	115.875 	 8.288 	 108.782
FD11187	116.000 	 8.293 	 108.776
FD11187	116.125 	 8.300 	 108.727
FD11187	116.250 	 8.310 	 108.715
FD11187	116.375 	 8.325 	 108.710
FD11187	116.500 	 8.344 	 108.600
FD11187	116.625 	 8.366 	 108.775
FD11187	116.750 	 8.392 	 108.990
FD11187	116.875 	 8.420 	 108.923
FD11187	117.000 	 8.449 	 108.847
FD11187	117.125 	 8.478 	 108.781
FD11187	117.250 	 8.507 	 108.556
FD11187	117.375 	 8.537 	 108.474
FD11187	117.500 	 8.566 	 108.556
FD11187	117.625 	 8.595 	 108.523
FD11187	117.750 	 8.625 	 108.539
FD11187	117.875 	 8.656 	 108.666
FD11187	118.000 	 8.686 	 108.749
FD11187	118.125 	 8.717 	 108.803
FD11187	118.250 	 8.747 	 108.935
FD11187	118.375 	 8.777 	 109.077
FD11187	118.500 	 8.805 	 109.287
FD11187	118.625 	 8.832 	 109.429
FD11187	118.750 	 8.858 	 109.396
FD11187	118.875 	 8.885 	 109.133
FD11187	119.000 	 8.910 	 108.907
FD11187	119.125 	 8.937 	 108.901
FD11187	119.250 	 8.964 	 108.913
FD11187	119.375 	 8.993 	 108.864
FD11187	119.500 	 9.023 	 108.957
FD11187	119.625 	 9.056 	 109.127
FD11187	119.750 	 9.089 	 109.138
FD11187	119.875 	 9.124 	 109.347
FD11187	120.000 	 9.159 	 109.671
FD11187	120.125 	 9.192 	 110.061
FD11187	120.250 	 9.225 	 110.358
FD11187	120.375 	 9.257 	 110.303
FD11187	120.500 	 9.289 	 110.309
FD11187	120.625 	 9.321 	 110.297
FD11187	120.750 	 9.353 	 110.077
FD11187	120.875 	 9.384 	 110.116
FD11187	121.000 	 9.415 	 110.358
FD11187	121.125 	 9.445 	 110.588
FD11187	121.250 	 9.474 	 110.770
FD11187	121.375 	 9.504 	 111.099
FD11187	121.500 	 9.534 	 111.363
FD11187	121.625 	 9.566 	 111.005
FD11187	121.750 	 9.598 	 110.665
FD11187	121.875 	 9.632 	 110.654
FD11187	122.000 	 9.667 	 110.632
FD11187	122.125 	 9.704 	 110.835
FD11187	122.250 	 9.745 	 111.138
FD11187	122.375 	 9.788 	 111.160
FD11187	122.500 	 9.834 	 111.171
FD11187	122.625 	 9.881 	 111.215
FD11187	122.750 	 9.928 	 111.116
FD11187	122.875 	 9.979 	 110.880
FD11187	123.000 	 10.029 	 110.736
FD11187	123.125 	 10.081 	 110.714
FD11187	123.250 	 10.134 	 110.583
FD11187	123.375 	 10.188 	 110.402
FD11187	123.500 	 10.243 	 110.379
FD11187	123.625 	 10.300 	 110.572
FD11187	123.750 	 10.358 	 110.665
FD11187	123.875 	 10.415 	 110.369
FD11187	124.000 	 10.473 	 110.121
FD11187	124.125 	 10.530 	 110.067
FD11187	124.250 	 10.586 	 110.050
FD11187	124.375 	 10.638 	 110.005
FD11187	124.500 	 10.687 	 110.089
FD11187	124.625 	 10.735 	 110.243
FD11187	124.750 	 10.780 	 110.353
FD11187	124.875 	 10.822 	 110.319
FD11187	125.000 	 10.863 	 110.335
FD11187	125.125 	 10.900 	 110.440
FD11187	125.250 	 10.937 	 110.270
FD11187	125.375 	 10.970 	 110.303
FD11187	125.500 	 11.002 	 110.468
FD11187	125.625 	 11.030 	 110.567
FD11187	125.750 	 11.056 	 110.571
FD11187	125.875 	 11.077 	 110.489
FD11187	126.000 	 11.097 	 110.424
FD11187	126.125 	 11.114 	 110.434
FD11187	126.250 	 11.131 	 110.522
FD11187	126.375 	 11.150 	 110.753
FD11187	126.500 	 11.171 	 110.929
FD11187	126.625 	 11.196 	 110.863
FD11187	126.750 	 11.224 	 110.902
FD11187	126.875 	 11.257 	 110.830
FD11187	127.000 	 11.294 	 110.692
FD11187	127.125 	 11.334 	 110.759
FD11187	127.250 	 11.376 	 110.912
FD11187	127.375 	 11.418 	 111.154
FD11187	127.500 	 11.459 	 111.193
FD11187	127.625 	 11.498 	 111.198
FD11187	127.750 	 11.537 	 111.170
FD11187	127.875 	 11.580 	 110.990
FD11187	128.000 	 11.625 	 110.830
FD11187	128.125 	 11.674 	 110.725
FD11187	128.250 	 11.723 	 110.780
FD11187	128.375 	 11.772 	 110.703
FD11187	128.500 	 11.820 	 110.544
FD11187	128.625 	 11.863 	 110.429
FD11187	128.750 	 11.904 	 110.478
FD11187	128.875 	 11.942 	 110.643
FD11187	129.000 	 11.978 	 110.792
FD11187	129.125 	 12.015 	 110.874
FD11187	129.250 	 12.048 	 110.692
FD11187	129.375 	 12.086 	 110.593
FD11187	129.500 	 12.125 	 110.681
FD11187	129.625 	 12.169 	 110.825
FD11187	129.750 	 12.215 	 110.934
FD11187	129.875 	 12.265 	 110.885
FD11187	130.000 	 12.310 	 110.913
FD11187	130.125 	 12.356 	 110.984
FD11187	130.250 	 12.397 	 111.111
FD11187	130.375 	 12.442 	 111.204
FD11187	130.500 	 12.483 	 111.259
FD11187	130.625 	 12.530 	 111.308
FD11187	130.750 	 12.581 	 111.413
FD11187	130.875 	 12.639 	 111.439
FD11187	131.000 	 12.687 	 111.401
FD11187	131.125 	 12.735 	 111.550
FD11187	131.250 	 12.786 	 111.747
FD11187	131.375 	 12.834 	 111.863
FD11187	131.500 	 12.886 	 111.731
FD11187	131.625 	 12.938 	 111.429
FD11187	131.750 	 12.989 	 111.253
FD11187	131.875 	 13.038 	 111.264
FD11187	132.000 	 13.083 	 111.138
FD11187	132.125 	 13.133 	 110.957
FD11187	132.250 	 13.186 	 110.868
FD11187	132.375 	 13.241 	 110.995
FD11187	132.500 	 13.299 	 111.154
FD11187	132.625 	 13.358 	 111.210
FD11187	132.750 	 13.415 	 111.363
FD11187	132.875 	 13.472 	 111.588
FD11187	133.000 	 13.528 	 111.929
FD11187	133.125 	 13.576 	 111.918
FD11187	133.250 	 13.629 	 111.626
FD11187	133.375 	 13.679 	 111.626
FD11187	133.500 	 13.726 	 111.687
FD11187	133.625 	 13.774 	 111.648
FD11187	133.750 	 13.823 	 111.819
FD11187	133.875 	 13.872 	 111.786
FD11187	134.000 	 13.919 	 111.687
FD11187	134.125 	 13.962 	 111.659
FD11187	134.250 	 14.003 	 111.478
FD11187	134.375 	 14.045 	 111.451
FD11187	134.500 	 14.085 	 111.406
FD11187	134.625 	 14.128 	 111.511
FD11187	134.750 	 14.172 	 111.660
FD11187	134.875 	 14.213 	 111.824
FD11187	135.000 	 14.257 	 112.001
FD11187	135.125 	 14.302 	 111.907
FD11187	135.250 	 14.347 	 111.808
FD11187	135.375 	 14.394 	 111.994
FD11187	135.500 	 14.442 	 112.181
FD11187	135.625 	 14.487 	 112.401
FD11187	135.750 	 14.532 	 112.610
FD11187	135.875 	 14.572 	 112.813
FD11187	136.000 	 14.611 	 112.966
FD11187	136.125 	 14.653 	 112.874
FD11187	136.250 	 14.694 	 112.989
FD11187	136.375 	 14.736 	 112.912
FD11187	136.500 	 14.782 	 112.649
FD11187	136.625 	 14.824 	 112.588
FD11187	136.750 	 14.868 	 112.544
FD11187	136.875 	 14.906 	 112.621
FD11187	137.000 	 14.949 	 112.621
FD11187	137.125 	 14.987 	 112.571
FD11187	137.250 	 15.029 	 112.774
FD11187	137.375 	 15.069 	 112.593
FD11187	137.500 	 15.108 	 112.071
FD11187	137.625 	 15.141 	 111.665
FD11187	137.750 	 15.181 	 111.545
FD11187	137.875 	 15.227 	 111.609
FD11187	138.000 	 15.272 	 111.561
FD11187	138.125 	 15.331 	 111.731
FD11187	138.250 	 15.387 	 111.847
FD11187	138.375 	 15.446 	 111.852
FD11187	138.500 	 15.504 	 111.879
FD11187	138.625 	 15.562 	 111.885
FD11187	138.750 	 15.624 	 111.935
FD11187	138.875 	 15.688 	 111.797
FD11187	139.000 	 15.754 	 111.599
FD11187	139.125 	 15.819 	 111.736
FD11187	139.250 	 15.881 	 111.957
FD11187	139.375 	 15.946 	 112.192
FD11187	139.500 	 16.006 	 112.335
FD11187	139.625 	 16.065 	 112.171
FD11187	139.750 	 16.126 	 111.995
FD11187	139.875 	 16.185 	 111.967
FD11187	140.000 	 16.245 	 111.929
FD11187	140.125 	 16.294 	 111.791
FD11187	140.250 	 16.346 	 111.704
FD11187	140.375 	 16.387 	 112.121
FD11187	140.500 	 16.431 	 112.660
FD11187	140.625 	 16.468 	 112.868
FD11187	140.750 	 16.503 	 112.967
FD11187	140.875 	 16.542 	 113.114
FD11187	141.000 	 16.574 	 113.198
FD11187	141.125 	 16.610 	 113.049
FD11187	141.250 	 16.644 	 113.093
FD11187	141.375 	 16.684 	 113.137
FD11187	141.500 	 16.724 	 113.110
FD11187	141.625 	 16.767 	 113.143
FD11187	141.750 	 16.810 	 113.181
FD11187	141.875 	 16.852 	 113.060
FD11187	142.000 	 16.894 	 112.720
FD11187	142.125 	 16.935 	 112.633
FD11187	142.250 	 16.978 	 112.742
FD11187	142.375 	 17.022 	 112.819
FD11187	142.500 	 17.067 	 112.763
FD11187	142.625 	 17.110 	 112.818
FD11187	142.750 	 17.157 	 112.918
FD11187	142.875 	 17.197 	 112.929
FD11187	143.000 	 17.236 	 112.896
FD11187	143.125 	 17.270 	 112.845
FD11187	143.250 	 17.308 	 112.961
FD11187	143.375 	 17.336 	 112.929
FD11187	143.500 	 17.366 	 112.934
FD11187	143.625 	 17.396 	 112.983
FD11187	143.750 	 17.424 	 112.625
FD11187	143.875 	 17.447 	 112.374
FD11187	144.000 	 17.473 	 112.654
FD11187	144.125 	 17.498 	 113.094
FD11187	144.250 	 17.520 	 113.456
FD11187	144.375 	 17.544 	 113.621
FD11187	144.500 	 17.575 	 113.890
FD11187	144.625 	 17.600 	 113.819
FD11187	144.750 	 17.631 	 113.588
FD11187	144.875 	 17.665 	 113.763
FD11187	145.000 	 17.698 	 113.857
FD11187	145.125 	 17.739 	 113.950
FD11187	145.250 	 17.786 	 113.923
FD11187	145.375 	 17.834 	 113.665
FD11187	145.500 	 17.886 	 113.527
FD11187	145.625 	 17.942 	 113.588
FD11187	145.750 	 18.004 	 113.632
FD11187	145.875 	 18.069 	 113.594
FD11187	146.000 	 18.138 	 113.318
FD11187	146.125 	 18.210 	 112.994
FD11187	146.250 	 18.284 	 112.961
FD11187	146.375 	 18.355 	 112.928
FD11187	146.500 	 18.425 	 112.973
FD11187	146.625 	 18.493 	 112.983
FD11187	146.750 	 18.561 	 112.999
FD11187	146.875 	 18.627 	 112.731
FD11187	147.000 	 18.692 	 112.297
FD11187	147.125 	 18.757 	 111.994
FD11187	147.250 	 18.821 	 111.913
FD11187	147.375 	 18.883 	 111.885
FD11187	147.500 	 18.944 	 111.769
FD11187	147.625 	 19.003 	 111.819
FD11187	147.750 	 19.058 	 111.820
FD11187	147.875 	 19.118 	 111.879
FD11187	148.000 	 19.172 	 111.808
FD11187	148.125 	 19.231 	 111.593
FD11187	148.250 	 19.283 	 111.484
FD11187	148.375 	 19.341 	 111.483
FD11187	148.500 	 19.393 	 111.500
FD11187	148.625 	 19.451 	 111.616
FD11187	148.750 	 19.503 	 111.517
FD11187	148.875 	 19.556 	 111.291
FD11187	149.000 	 19.613 	 111.204
FD11187	149.125 	 19.665 	 110.935
FD11187	149.250 	 19.719 	 110.874
FD11187	149.375 	 19.775 	 110.863
FD11187	149.500 	 19.832 	 110.846
FD11187	149.625 	 19.890 	 111.067
FD11187	149.750 	 19.946 	 111.077
FD11187	149.875 	 20.007 	 111.154
FD11187	150.000 	 20.064 	 111.187
FD11187	150.125 	 20.129 	 111.122
FD11187	150.250 	 20.187 	 111.154
FD11187	150.375 	 20.244 	 111.039
FD11187	150.500 	 20.300 	 110.968
FD11187	150.625 	 20.352 	 111.066
FD11187	150.750 	 20.406 	 111.171
FD11187	150.875 	 20.463 	 111.056
FD11187	151.000 	 20.512 	 110.896
FD11187	151.125 	 20.557 	 110.875
FD11187	151.250 	 20.602 	 110.802
FD11187	151.375 	 20.640 	 110.874
FD11187	151.500 	 20.676 	 110.929
FD11187	151.625 	 20.709 	 110.918
FD11187	151.750 	 20.743 	 111.028
FD11187	151.875 	 20.777 	 110.935
FD11187	152.000 	 20.808 	 110.803
FD11187	152.125 	 20.846 	 110.946
FD11187	152.250 	 20.882 	 111.187
FD11187	152.375 	 20.924 	 111.445
FD11187	152.500 	 20.968 	 111.544
FD11187	152.625 	 21.018 	 111.560
FD11187	152.750 	 21.064 	 111.517
FD11187	152.875 	 21.113 	 111.341
FD11187	153.000 	 21.161 	 111.050
FD11187	153.125 	 21.208 	 110.863
FD11187	153.250 	 21.258 	 110.956
FD11187	153.375 	 21.316 	 110.885
FD11187	153.500 	 21.366 	 110.874
FD11187	153.625 	 21.423 	 110.846
FD11187	153.750 	 21.478 	 110.671
FD11187	153.875 	 21.523 	 110.818
FD11187	154.000 	 21.575 	 111.033
FD11187	154.125 	 21.628 	 111.006
FD11187	154.250 	 21.669 	 110.984
FD11187	154.375 	 21.720 	 110.896
FD11187	154.500 	 21.765 	 110.846
FD11187	154.625 	 21.811 	 110.764
FD11187	154.750 	 21.862 	 110.577
FD11187	154.875 	 21.907 	 110.490
FD11187	155.000 	 21.957 	 110.452
FD11187	155.125 	 22.007 	 110.643
FD11187	155.250 	 22.059 	 110.736
FD11187	155.375 	 22.108 	 110.540
FD11187	155.500 	 22.164 	 110.253
FD11187	155.625 	 22.215 	 110.149
FD11187	155.750 	 22.266 	 110.149
FD11187	155.875 	 22.323 	 110.012
FD11187	156.000 	 22.378 	 110.033
FD11187	156.125 	 22.433 	 109.946
FD11187	156.250 	 22.487 	 109.852
FD11187	156.375 	 22.540 	 109.726
FD11187	156.500 	 22.589 	 109.589
FD11187	156.625 	 22.643 	 109.479
FD11187	156.750 	 22.692 	 109.275
FD11187	156.875 	 22.742 	 109.473
FD11187	157.000 	 22.797 	 109.764
FD11187	157.125 	 22.853 	 109.754
FD11187	157.250 	 22.900 	 109.561
FD11187	157.375 	 22.953 	 109.385
FD11187	157.500 	 22.999 	 109.171
FD11187	157.625 	 23.044 	 109.292
FD11187	157.750 	 23.093 	 109.595
FD11187	157.875 	 23.136 	 109.649
FD11187	158.000 	 23.179 	 109.534
FD11187	158.125 	 23.224 	 109.435
FD11187	158.250 	 23.264 	 109.535
FD11187	158.375 	 23.308 	 109.638
FD11187	158.500 	 23.348 	 109.731
FD11187	158.625 	 23.399 	 109.753
FD11187	158.750 	 23.444 	 109.736
FD11187	158.875 	 23.490 	 109.753
FD11187	159.000 	 23.533 	 109.550
FD11187	159.125 	 23.578 	 109.259
FD11187	159.250 	 23.618 	 109.088
FD11187	159.375 	 23.660 	 109.067
FD11187	159.500 	 23.697 	 109.061
FD11187	159.625 	 23.737 	 109.077
FD11187	159.750 	 23.777 	 109.088
FD11187	159.875 	 23.822 	 109.023
FD11187	160.000 	 23.864 	 108.967
FD11187	160.125 	 23.913 	 108.842
FD11187	160.250 	 23.954 	 108.715
FD11187	160.375 	 24.003 	 108.852
FD11187	160.500 	 24.042 	 109.072
FD11187	160.625 	 24.088 	 109.028
FD11187	160.750 	 24.125 	 108.858
FD11187	160.875 	 24.172 	 108.765
FD11187	161.000 	 24.212 	 108.589
FD11187	161.125 	 24.263 	 108.429
FD11187	161.250 	 24.309 	 108.270
FD11187	161.375 	 24.363 	 108.138
FD11187	161.500 	 24.412 	 108.187
FD11187	161.625 	 24.465 	 108.040
FD11187	161.750 	 24.512 	 107.984
FD11187	161.875 	 24.554 	 108.051
FD11187	162.000 	 24.601 	 108.001
FD11187	162.125 	 24.640 	 107.968
FD11187	162.250 	 24.677 	 108.122
FD11187	162.375 	 24.714 	 108.319
FD11187	162.500 	 24.757 	 108.380
FD11187	162.625 	 24.789 	 108.363
FD11187	162.750 	 24.830 	 108.287
FD11187	162.875 	 24.864 	 108.138
FD11187	163.000 	 24.901 	 108.040
FD11187	163.125 	 24.938 	 108.018
FD11187	163.250 	 24.969 	 107.930
FD11187	163.375 	 25.000 	 107.881
FD11187	163.500 	 25.025 	 107.853
FD11187	163.625 	 25.060 	 107.628
FD11187	163.750 	 25.086 	 107.495
FD11187	163.875 	 25.119 	 107.484
FD11187	164.000 	 25.153 	 107.320
FD11187	164.125 	 25.185 	 107.094
FD11187	164.250 	 25.225 	 106.985
FD11187	164.375 	 25.249 	 107.040
FD11187	164.500 	 25.282 	 107.012
FD11187	164.625 	 25.304 	 106.748
FD11187	164.750 	 25.324 	 106.594
FD11187	164.875 	 25.344 	 106.639
FD11187	165.000 	 25.358 	 106.594
FD11187	165.125 	 25.374 	 106.249
FD11187	165.250 	 25.397 	 105.842
FD11187	165.375 	 25.419 	 105.623
FD11187	165.500 	 25.444 	 105.595
FD11187	165.625 	 25.468 	 105.551
FD11187	165.750 	 25.492 	 105.529
FD11187	165.875 	 25.518 	 105.804
FD11187	166.000 	 25.545 	 105.885
FD11187	166.125 	 25.570 	 105.925
FD11187	166.250 	 25.586 	 106.018
FD11187	166.375 	 25.608 	 106.002
FD11187	166.500 	 25.622 	 106.007
FD11187	166.625 	 25.641 	 106.045
FD11187	166.750 	 25.656 	 106.018
FD11187	166.875 	 25.669 	 105.985
FD11187	167.000 	 25.683 	 106.068
FD11187	167.125 	 25.698 	 106.024
FD11187	167.250 	 25.702 	 105.880
FD11187	167.375 	 25.710 	 105.787
FD11187	167.500 	 25.713 	 105.864
FD11187	167.625 	 25.717 	 105.743
FD11187	167.750 	 25.709 	 105.563
FD11187	167.875 	 25.714 	 105.606
FD11187	168.000 	 25.706 	 105.820
FD11187	168.125 	 25.705 	 105.931
FD11187	168.250 	 25.703 	 105.919
FD11187	168.375 	 25.698 	 106.017
FD11187	168.500 	 25.696 	 105.947
FD11187	168.625 	 25.697 	 105.886
FD11187	168.750 	 25.697 	 105.820
FD11187	168.875 	 25.705 	 105.709
FD11187	169.000 	 25.707 	 105.788
FD11187	169.125 	 25.717 	 105.738
FD11187	169.250 	 25.721 	 105.568
FD11187	169.375 	 25.737 	 105.271
FD11187	169.500 	 25.746 	 105.018
FD11187	169.625 	 25.759 	 104.859
FD11187	169.750 	 25.771 	 104.870
FD11187	169.875 	 25.779 	 105.024
FD11187	170.000 	 25.790 	 104.908
FD11187	170.125 	 25.799 	 104.821
FD11187	170.250 	 25.802 	 104.880
FD11187	170.375 	 25.813 	 105.007
FD11187	170.500 	 25.817 	 105.023
FD11187	170.625 	 25.816 	 105.101
FD11187	170.750 	 25.817 	 105.172
FD11187	170.875 	 25.821 	 105.095
FD11187	171.000 	 25.822 	 105.122
FD11187	171.125 	 25.821 	 105.173
FD11187	171.250 	 25.822 	 105.128
FD11187	171.375 	 25.819 	 105.046
FD11187	171.500 	 25.817 	 104.958
FD11187	171.625 	 25.813 	 104.898
FD11187	171.750 	 25.811 	 104.897
FD11187	171.875 	 25.814 	 105.040
FD11187	172.000 	 25.811 	 105.227
FD11187	172.125 	 25.811 	 105.128
FD11187	172.250 	 25.816 	 105.122
FD11187	172.375 	 25.818 	 105.057
FD11187	172.500 	 25.823 	 104.903
FD11187	172.625 	 25.830 	 104.887
FD11187	172.750 	 25.845 	 104.816
FD11187	172.875 	 25.849 	 104.881
FD11187	173.000 	 25.862 	 104.793
FD11187	173.125 	 25.863 	 104.798
FD11187	173.250 	 25.871 	 104.754
FD11187	173.375 	 25.874 	 104.755
FD11187	173.500 	 25.883 	 104.798
FD11187	173.625 	 25.887 	 104.656
FD11187	173.750 	 25.892 	 104.689
FD11187	173.875 	 25.898 	 104.683
FD11187	174.000 	 25.899 	 104.629
FD11187	174.125 	 25.896 	 104.574
FD11187	174.250 	 25.898 	 104.612
FD11187	174.375 	 25.893 	 104.596
FD11187	174.500 	 25.880 	 104.573
FD11187	174.625 	 25.870 	 104.695
FD11187	174.750 	 25.857 	 104.722
FD11187	174.875 	 25.850 	 104.809
FD11187	175.000 	 25.839 	 105.002
FD11187	175.125 	 25.838 	 105.034
FD11187	175.250 	 25.835 	 104.903
FD11187	175.375 	 25.848 	 105.008
FD11187	175.500 	 25.858 	 105.089
FD11187	175.625 	 25.874 	 105.051
FD11187	175.750 	 25.886 	 105.144
FD11187	175.875 	 25.898 	 105.156
FD11187	176.000 	 25.918 	 105.156
FD11187	176.125 	 25.939 	 105.014
FD11187	176.250 	 25.956 	 104.864
FD11187	176.375 	 25.979 	 104.661
FD11187	176.500 	 25.997 	 104.518
FD11187	176.625 	 26.026 	 104.348
FD11187	176.750 	 26.052 	 104.073
FD11187	176.875 	 26.071 	 103.892
FD11187	177.000 	 26.095 	 103.734
FD11187	177.125 	 26.115 	 103.551
FD11187	177.250 	 26.136 	 103.409
FD11187	177.375 	 26.148 	 103.288
FD11187	177.500 	 26.164 	 103.233
FD11187	177.625 	 26.171 	 103.145
FD11187	177.750 	 26.180 	 103.123
FD11187	177.875 	 26.198 	 103.068
FD11187	178.000 	 26.211 	 103.046
FD11187	178.125 	 26.233 	 103.013
FD11187	178.250 	 26.256 	 102.936
FD11187	178.375 	 26.285 	 102.976
FD11187	178.500 	 26.311 	 102.942
FD11187	178.625 	 26.346 	 102.898
FD11187	178.750 	 26.369 	 102.842
FD11187	178.875 	 26.399 	 102.816
FD11187	179.000 	 26.430 	 102.699
FD11187	179.125 	 26.462 	 102.799
FD11187	179.250 	 26.494 	 102.695
FD11187	179.375 	 26.514 	 102.425
FD11187	179.500 	 26.540 	 102.261
FD11187	179.625 	 26.553 	 102.251
FD11187	179.750 	 26.563 	 102.359
FD11187	179.875 	 26.576 	 102.486
FD11187	180.000 	 26.580 	 102.448
FD11187	180.125 	 26.582 	 102.322
FD11187	180.250 	 26.581 	 102.178
FD11187	180.375 	 26.574 	 102.052
FD11187	180.500 	 26.567 	 102.085
FD11187	180.625 	 26.558 	 102.167
FD11187	180.750 	 26.553 	 102.058
FD11187	180.875 	 26.546 	 102.018
FD11187	181.000 	 26.535 	 101.976
FD11187	181.125 	 26.528 	 102.024
FD11187	181.250 	 26.513 	 102.174
FD11187	181.375 	 26.507 	 102.068
FD11187	181.500 	 26.502 	 102.074
FD11187	181.625 	 26.502 	 102.195
FD11187	181.750 	 26.500 	 102.217
FD11187	181.875 	 26.511 	 102.063
FD11187	182.000 	 26.516 	 101.991
FD11187	182.125 	 26.520 	 101.893
FD11187	182.250 	 26.521 	 101.799
FD11187	182.375 	 26.523 	 101.612
FD11187	182.500 	 26.524 	 101.470
FD11187	182.625 	 26.526 	 101.371
FD11187	182.750 	 26.531 	 101.211
FD11187	182.875 	 26.533 	 101.151
FD11187	183.000 	 26.528 	 101.134
FD11187	183.125 	 26.531 	 101.249
FD11187	183.250 	 26.527 	 101.289
FD11187	183.375 	 26.531 	 101.185
FD11187	183.500 	 26.532 	 101.206
FD11187	183.625 	 26.533 	 101.178
FD11187	183.750 	 26.531 	 101.244
FD11187	183.875 	 26.531 	 101.404
FD11187	184.000 	 26.522 	 101.420
FD11187	184.125 	 26.518 	 101.409
FD11187	184.250 	 26.508 	 101.449
FD11187	184.375 	 26.503 	 101.541
FD11187	184.500 	 26.499 	 101.492
FD11187	184.625 	 26.493 	 101.514
FD11187	184.750 	 26.492 	 101.705
FD11187	184.875 	 26.491 	 101.640
FD11187	185.000 	 26.490 	 101.504
FD11187	185.125 	 26.498 	 101.470
FD11187	185.250 	 26.503 	 101.464
FD11187	185.375 	 26.510 	 101.574
FD11187	185.500 	 26.522 	 101.657
FD11187	185.625 	 26.533 	 101.508
FD11187	185.750 	 26.542 	 101.316
FD11187	185.875 	 26.559 	 101.184
FD11187	186.000 	 26.572 	 101.091
FD11187	186.125 	 26.595 	 101.069
FD11187	186.250 	 26.619 	 101.068
FD11187	186.375 	 26.647 	 101.073
FD11187	186.500 	 26.674 	 100.871
FD11187	186.625 	 26.700 	 100.772
FD11187	186.750 	 26.716 	 100.724
FD11187	186.875 	 26.735 	 100.684
FD11187	187.000 	 26.744 	 100.663
FD11187	187.125 	 26.754 	 100.635
FD11187	187.250 	 26.756 	 100.614
FD11187	187.375 	 26.754 	 100.574
FD11187	187.500 	 26.748 	 100.613
FD11187	187.625 	 26.738 	 100.552
FD11187	187.750 	 26.726 	 100.465
FD11187	187.875 	 26.718 	 100.519
FD11187	188.000 	 26.707 	 100.662
FD11187	188.125 	 26.695 	 100.816
FD11187	188.250 	 26.689 	 100.844
FD11187	188.375 	 26.682 	 100.756
FD11187	188.500 	 26.679 	 100.909
FD11187	188.625 	 26.680 	 101.024
FD11187	188.750 	 26.688 	 101.019
FD11187	188.875 	 26.697 	 101.019
FD11187	189.000 	 26.715 	 101.108
FD11187	189.125 	 26.729 	 101.035
FD11187	189.250 	 26.750 	 100.937
FD11187	189.375 	 26.768 	 100.778
FD11187	189.500 	 26.787 	 100.591
FD11187	189.625 	 26.807 	 100.629
FD11187	189.750 	 26.830 	 100.553
FD11187	189.875 	 26.851 	 100.442
FD11187	190.000 	 26.874 	 100.410
FD11187	190.125 	 26.893 	 100.333
FD11187	190.250 	 26.907 	 100.211
FD11187	190.375 	 26.913 	 100.272
FD11187	190.500 	 26.919 	 100.333
FD11187	190.625 	 26.914 	 100.513
FD11187	190.750 	 26.913 	 100.657
FD11187	190.875 	 26.910 	 100.679
FD11187	191.000 	 26.910 	 100.597
FD11187	191.125 	 26.909 	 100.524
FD11187	191.250 	 26.909 	 100.630
FD11187	191.375 	 26.908 	 100.800
FD11187	191.500 	 26.906 	 100.837
FD11187	191.625 	 26.894 	 100.965
FD11187	191.750 	 26.882 	 101.200
FD11187	191.875 	 26.865 	 101.156
FD11187	192.000 	 26.845 	 100.948
FD11187	192.125 	 26.824 	 100.728
FD11187	192.250 	 26.797 	 100.652
FD11187	192.375 	 26.782 	 100.387
FD11187	192.500 	 26.763 	 100.156
FD11187	192.625 	 26.742 	 100.239
FD11187	192.750 	 26.722 	 100.388
FD11187	192.875 	 26.696 	 100.514
FD11187	193.000 	 26.669 	 100.520
FD11187	193.125 	 26.637 	 100.580
FD11187	193.250 	 26.610 	 100.706
FD11187	193.375 	 26.583 	 100.684
FD11187	193.500 	 26.560 	 100.696
FD11187	193.625 	 26.549 	 100.547
FD11187	193.750 	 26.539 	 100.228
FD11187	193.875 	 26.536 	 100.085
FD11187	194.000 	 26.536 	 100.014
FD11187	194.125 	 26.543 	 100.162
FD11187	194.250 	 26.544 	 100.294
FD11187	194.375 	 26.554 	 100.442
FD11187	194.500 	 26.565 	 100.592
FD11187	194.625 	 26.576 	 100.530
FD11187	194.750 	 26.585 	 100.503
FD11187	194.875 	 26.599 	 100.464
FD11187	195.000 	 26.616 	 100.415
FD11187	195.125 	 26.631 	 100.509
FD11187	195.250 	 26.648 	 100.602
FD11187	195.375 	 26.662 	 100.602
FD11187	195.500 	 26.676 	 100.592
FD11187	195.625 	 26.688 	 100.481
FD11187	195.750 	 26.696 	 100.508
FD11187	195.875 	 26.708 	 100.612
FD11187	196.000 	 26.720 	 100.613
FD11187	196.125 	 26.735 	 100.635
FD11187	196.250 	 26.746 	 100.701
FD11187	196.375 	 26.763 	 100.613
FD11187	196.500 	 26.772 	 100.678
FD11187	196.625 	 26.783 	 100.635
FD11187	196.750 	 26.793 	 100.448
FD11187	196.875 	 26.810 	 100.476
FD11187	197.000 	 26.822 	 100.563
FD11187	197.125 	 26.841 	 100.536
FD11187	197.250 	 26.855 	 100.278
FD11187	197.375 	 26.876 	 100.145
FD11187	197.500 	 26.893 	 100.150
FD11187	197.625 	 26.907 	 100.119
FD11187	197.750 	 26.918 	 100.046
FD11187	197.875 	 26.935 	 99.795
FD11187	198.000 	 26.944 	 99.674
FD11187	198.125 	 26.955 	 99.673
FD11187	198.250 	 26.963 	 99.712
FD11187	198.375 	 26.964 	 99.800
FD11187	198.500 	 26.971 	 99.834
FD11187	198.625 	 26.982 	 99.828
FD11187	198.750 	 26.990 	 99.838
FD11187	198.875 	 27.002 	 100.014
FD11187	199.000 	 27.013 	 100.080
FD11187	199.125 	 27.021 	 99.970
FD11187	199.250 	 27.031 	 99.948
FD11187	199.375 	 27.038 	 99.960
FD11187	199.500 	 27.052 	 99.904
FD11187	199.625 	 27.058 	 99.899
FD11187	199.750 	 27.072 	 99.861
FD11187	199.875 	 27.083 	 99.855
FD11187	200.000 	 27.093 	 99.795
FD11187	200.125 	 27.100 	 99.828
FD11187	200.250 	 27.110 	 99.855
FD11187	200.375 	 27.119 	 99.822
FD11187	200.500 	 27.125 	 99.805
FD11187	200.625 	 27.134 	 99.701
FD11187	200.750 	 27.135 	 99.696
FD11187	200.875 	 27.145 	 99.663
FD11187	201.000 	 27.148 	 99.612
FD11187	201.125 	 27.153 	 99.685
FD11187	201.250 	 27.157 	 99.713
FD11187	201.375 	 27.159 	 99.728
FD11187	201.500 	 27.164 	 99.794
FD11187	201.625 	 27.163 	 99.778
FD11187	201.750 	 27.168 	 99.899
FD11187	201.875 	 27.171 	 99.942
FD11187	202.000 	 27.181 	 99.762
FD11187	202.125 	 27.188 	 99.931
FD11187	202.250 	 27.197 	 100.075
FD11187	202.375 	 27.207 	 99.888
FD11187	202.500 	 27.217 	 99.916
FD11187	202.625 	 27.228 	 100.162
FD11187	202.750 	 27.236 	 100.284
FD11187	202.875 	 27.243 	 100.063
FD11187	203.000 	 27.246 	 99.860
FD11187	203.125 	 27.241 	 99.718
FD11187	203.250 	 27.241 	 99.716
FD11187	203.375 	 27.230 	 99.872
FD11187	203.500 	 27.218 	 100.013
FD11187	203.625 	 27.204 	 99.916
FD11187	203.750 	 27.196 	 99.799
FD11187	203.875 	 27.177 	 99.933
FD11187	204.000 	 27.165 	 100.096
FD11187	204.125 	 27.144 	 100.063
FD11187	204.250 	 27.128 	 99.794
FD11187	204.375 	 27.108 	 99.597
FD11187	204.500 	 27.083 	 99.701
FD11187	204.625 	 27.060 	 99.960
FD11187	204.750 	 27.033 	 99.887
FD11187	204.875 	 27.006 	 99.882
FD11187	205.000 	 26.983 	 100.026
FD11187	205.125 	 26.960 	 99.997
FD11187	205.250 	 26.945 	 100.092
FD11187	205.375 	 26.929 	 100.053
FD11187	205.500 	 26.920 	 99.816
FD11187	205.625 	 26.914 	 99.822
FD11187	205.750 	 26.913 	 99.728
FD11187	205.875 	 26.912 	 99.695
FD11187	206.000 	 26.919 	 99.794
FD11187	206.125 	 26.924 	 99.884
FD11187	206.250 	 26.936 	 99.954
FD11187	206.375 	 26.947 	 99.920
FD11187	206.500 	 26.965 	 100.130
FD11187	206.625 	 26.982 	 100.129
FD11187	206.750 	 27.012 	 99.954
FD11187	206.875 	 27.046 	 99.981
FD11187	207.000 	 27.083 	 99.882
FD11187	207.125 	 27.124 	 99.893
FD11187	207.250 	 27.165 	 99.807
FD11187	207.375 	 27.204 	 99.635
FD11187	207.500 	 27.245 	 99.595
FD11187	207.625 	 27.280 	 99.618
FD11187	207.750 	 27.315 	 99.685
FD11187	207.875 	 27.349 	 99.421
FD11187	208.000 	 27.376 	 99.218
FD11187	208.125 	 27.405 	 99.179
FD11187	208.250 	 27.424 	 99.030
FD11187	208.375 	 27.445 	 99.009
FD11187	208.500 	 27.462 	 99.124
FD11187	208.625 	 27.474 	 99.196
FD11187	208.750 	 27.486 	 99.228
FD11187	208.875 	 27.488 	 99.218
FD11187	209.000 	 27.483 	 99.163
FD11187	209.125 	 27.478 	 99.162
FD11187	209.250 	 27.471 	 99.098
FD11187	209.375 	 27.461 	 99.085
FD11187	209.500 	 27.448 	 99.009
FD11187	209.625 	 27.438 	 98.878
FD11187	209.750 	 27.422 	 98.937
FD11187	209.875 	 27.414 	 99.125
FD11187	210.000 	 27.408 	 99.244
FD11187	210.125 	 27.400 	 99.404
FD11187	210.250 	 27.394 	 99.481
FD11187	210.375 	 27.396 	 99.140
FD11187	210.500 	 27.393 	 98.927
FD11187	210.625 	 27.388 	 98.986
FD11187	210.750 	 27.382 	 98.878
FD11187	210.875 	 27.383 	 98.811
FD11187	211.000 	 27.379 	 98.734
FD11187	211.125 	 27.390 	 98.448
FD11187	211.250 	 27.392 	 98.680
FD11187	211.375 	 27.402 	 99.059
FD11187	211.500 	 27.416 	 98.932
FD11187	211.625 	 27.435 	 98.937
FD11187	211.750 	 27.448 	 99.031
FD11187	211.875 	 27.458 	 98.883
FD11187	212.000 	 27.466 	 98.899
FD11187	212.125 	 27.473 	 98.954
FD11187	212.250 	 27.475 	 98.800
FD11187	212.375 	 27.476 	 98.844
FD11187	212.500 	 27.480 	 99.015
FD11187	212.625 	 27.485 	 98.910
FD11187	212.750 	 27.488 	 98.794
FD11187	212.875 	 27.484 	 98.843
FD11187	213.000 	 27.483 	 99.048
FD11187	213.125 	 27.478 	 99.156
FD11187	213.250 	 27.473 	 99.081
FD11187	213.375 	 27.464 	 98.921
FD11187	213.500 	 27.458 	 98.850
FD11187	213.625 	 27.451 	 99.058
FD11187	213.750 	 27.448 	 99.036
FD11187	213.875 	 27.444 	 99.004
FD11187	214.000 	 27.444 	 99.075
FD11187	214.125 	 27.443 	 99.037
FD11187	214.250 	 27.444 	 99.081
FD11187	214.375 	 27.446 	 99.086
FD11187	214.500 	 27.449 	 98.882
FD11187	214.625 	 27.458 	 98.597
FD11187	214.750 	 27.463 	 98.453
FD11187	214.875 	 27.477 	 98.553
FD11187	215.000 	 27.498 	 98.767
FD11187	215.125 	 27.509 	 98.789
FD11187	215.250 	 27.531 	 98.679
FD11187	215.375 	 27.544 	 98.663
FD11187	215.500 	 27.565 	 98.569
FD11187	215.625 	 27.581 	 98.596
FD11187	215.750 	 27.599 	 98.866
FD11187	215.875 	 27.623 	 98.987
FD11187	216.000 	 27.647 	 98.948
FD11187	216.125 	 27.673 	 99.075
FD11187	216.250 	 27.699 	 99.016
FD11187	216.375 	 27.726 	 98.942
FD11187	216.500 	 27.748 	 99.015
FD11187	216.625 	 27.766 	 99.025
FD11187	216.750 	 27.787 	 99.081
FD11187	216.875 	 27.801 	 98.904
FD11187	217.000 	 27.819 	 98.811
FD11187	217.125 	 27.835 	 98.767
FD11187	217.250 	 27.854 	 98.542
FD11187	217.375 	 27.870 	 98.344
FD11187	217.500 	 27.884 	 98.273
FD11187	217.625 	 27.896 	 98.328
FD11187	217.750 	 27.904 	 98.328
FD11187	217.875 	 27.902 	 98.404
FD11187	218.000 	 27.897 	 98.509
FD11187	218.125 	 27.887 	 98.629
FD11187	218.250 	 27.879 	 98.673
FD11187	218.375 	 27.866 	 98.740
FD11187	218.500 	 27.853 	 98.783
FD11187	218.625 	 27.842 	 98.657
FD11187	218.750 	 27.830 	 98.723
FD11187	218.875 	 27.811 	 98.861
FD11187	219.000 	 27.794 	 99.020
FD11187	219.125 	 27.770 	 99.014
FD11187	219.250 	 27.740 	 98.932
FD11187	219.375 	 27.712 	 98.866
FD11187	219.500 	 27.684 	 98.970
FD11187	219.625 	 27.659 	 99.168
FD11187	219.750 	 27.632 	 99.196
FD11187	219.875 	 27.613 	 99.163
FD11187	220.000 	 27.589 	 99.086
FD11187	220.125 	 27.559 	 99.097
FD11187	220.250 	 27.536 	 99.075
FD11187	220.375 	 27.508 	 99.020
FD11187	220.500 	 27.482 	 99.048
FD11187	220.625 	 27.451 	 98.943
FD11187	220.750 	 27.426 	 98.839
FD11187	220.875 	 27.390 	 98.673
FD11187	221.000 	 27.355 	 98.470
FD11187	221.125 	 27.323 	 98.481
FD11187	221.250 	 27.289 	 98.619
FD11187	221.375 	 27.251 	 98.630
FD11187	221.500 	 27.216 	 98.535
FD11187	221.625 	 27.173 	 98.608
FD11187	221.750 	 27.131 	 98.591
FD11187	221.875 	 27.082 	 98.415
FD11187	222.000 	 27.038 	 98.438
FD11187	222.125 	 26.999 	 98.630
FD11187	222.250 	 26.957 	 98.673
FD11187	222.375 	 26.919 	 98.591
FD11187	222.500 	 26.880 	 98.328
FD11187	222.625 	 26.847 	 98.273
FD11187	222.750 	 26.819 	 98.322
FD11187	222.875 	 26.798 	 98.366
FD11187	223.000 	 26.778 	 98.466
FD11187	223.125 	 26.768 	 98.669
FD11187	223.250 	 26.759 	 98.755
FD11187	223.375 	 26.754 	 98.778
FD11187	223.500 	 26.751 	 98.828
FD11187	223.625 	 26.751 	 98.629
FD11187	223.750 	 26.751 	 98.465
FD11187	223.875 	 26.747 	 98.262
FD11187	224.000 	 26.750 	 98.054
FD11187	224.125 	 26.745 	 98.097
FD11187	224.250 	 26.745 	 98.241
FD11187	224.375 	 26.740 	 98.223
FD11187	224.500 	 26.736 	 98.075
FD11187	224.625 	 26.725 	 98.075
FD11187	224.750 	 26.711 	 98.245
FD11187	224.875 	 26.691 	 98.437
FD11187	225.000 	 26.665 	 98.383
FD11187	225.125 	 26.642 	 98.141
FD11187	225.250 	 26.613 	 98.053
FD11187	225.375 	 26.577 	 98.103
FD11187	225.500 	 26.546 	 98.064
FD11187	225.625 	 26.506 	 97.964
FD11187	225.750 	 26.470 	 98.201
FD11187	225.875 	 26.429 	 98.466
FD11187	226.000 	 26.393 	 98.442
FD11187	226.125 	 26.350 	 98.410
FD11187	226.250 	 26.310 	 98.410
FD11187	226.375 	 26.268 	 98.245
FD11187	226.500 	 26.222 	 98.274
FD11187	226.625 	 26.177 	 98.415
FD11187	226.750 	 26.132 	 98.432
FD11187	226.875 	 26.091 	 98.355
FD11187	227.000 	 26.049 	 98.174
FD11187	227.125 	 26.008 	 98.092
FD11187	227.250 	 25.969 	 98.059
FD11187	227.375 	 25.933 	 97.986
FD11187	227.500 	 25.895 	 98.113
FD11187	227.625 	 25.862 	 98.274
FD11187	227.750 	 25.825 	 98.333
FD11187	227.875 	 25.792 	 98.317
FD11187	228.000 	 25.757 	 98.393
FD11187	228.125 	 25.727 	 98.586
FD11187	228.250 	 25.697 	 98.553
FD11187	228.375 	 25.673 	 98.541
FD11187	228.500 	 25.647 	 98.585
FD11187	228.625 	 25.628 	 98.750
FD11187	228.750 	 25.609 	 98.860
FD11187	228.875 	 25.592 	 98.850
FD11187	229.000 	 25.581 	 98.932
FD11187	229.125 	 25.569 	 98.932
FD11187	229.250 	 25.555 	 98.971
FD11187	229.375 	 25.546 	 99.091
FD11187	229.500 	 25.537 	 99.179
FD11187	229.625 	 25.535 	 99.108
FD11187	229.750 	 25.537 	 99.168
FD11187	229.875 	 25.537 	 99.014
FD11187	230.000 	 25.543 	 98.679
FD11187	230.125 	 25.553 	 98.755
FD11187	230.250 	 25.565 	 98.801
FD11187	230.375 	 25.581 	 98.624
FD11187	230.500 	 25.602 	 98.728
FD11187	230.625 	 25.625 	 98.887
FD11187	230.750 	 25.643 	 98.927
FD11187	230.875 	 25.660 	 99.251
FD11187	231.000 	 25.676 	 99.426
FD11187	231.125 	 25.687 	 99.267
FD11187	231.250 	 25.706 	 99.147
FD11187	231.375 	 25.717 	 98.960
FD11187	231.500 	 25.733 	 98.849
FD11187	231.625 	 25.744 	 98.673
FD11187	231.750 	 25.756 	 98.647
FD11187	231.875 	 25.764 	 98.772
FD11187	232.000 	 25.771 	 98.574
FD11187	232.125 	 25.771 	 98.503
FD11187	232.250 	 25.765 	 98.773
FD11187	232.375 	 25.757 	 98.976
FD11187	232.500 	 25.746 	 99.003
FD11187	232.625 	 25.731 	 99.146
FD11187	232.750 	 25.711 	 99.174
FD11187	232.875 	 25.692 	 99.234
FD11187	233.000 	 25.669 	 99.305
FD11187	233.125 	 25.647 	 99.234
FD11187	233.250 	 25.626 	 99.315
FD11187	233.375 	 25.602 	 99.321
FD11187	233.500 	 25.586 	 99.431
FD11187	233.625 	 25.572 	 99.470
FD11187	233.750 	 25.564 	 99.454
FD11187	233.875 	 25.563 	 99.481
FD11187	234.000 	 25.562 	 99.273
FD11187	234.125 	 25.569 	 99.306
FD11187	234.250 	 25.578 	 99.470
FD11187	234.375 	 25.584 	 99.663
FD11187	234.500 	 25.594 	 99.794
FD11187	234.625 	 25.603 	 99.788
FD11187	234.750 	 25.619 	 99.812
FD11187	234.875 	 25.634 	 99.794
FD11187	235.000 	 25.654 	 99.597
FD11187	235.125 	 25.680 	 99.191
FD11187	235.250 	 25.702 	 98.815
FD11187	235.375 	 25.726 	 98.696
FD11187	235.500 	 25.743 	 98.745
FD11187	235.625 	 25.751 	 98.828
FD11187	235.750 	 25.751 	 98.772
FD11187	235.875 	 25.751 	 98.845
FD11187	236.000 	 25.741 	 98.998
FD11187	236.125 	 25.731 	 98.970
FD11187	236.250 	 25.725 	 99.102
FD11187	236.375 	 25.722 	 99.020
FD11187	236.500 	 25.715 	 98.855
FD11187	236.625 	 25.711 	 98.888
FD11187	236.750 	 25.707 	 98.926
FD11187	236.875 	 25.693 	 99.070
FD11187	237.000 	 25.681 	 99.174
FD11187	237.125 	 25.665 	 98.961
FD11187	237.250 	 25.654 	 98.635
FD11187	237.375 	 25.640 	 98.734
FD11187	237.500 	 25.634 	 98.816
FD11187	237.625 	 25.622 	 98.860
FD11187	237.750 	 25.624 	 99.119
FD11187	237.875 	 25.620 	 99.163
FD11187	238.000 	 25.627 	 99.141
FD11187	238.125 	 25.628 	 99.196
FD11187	238.250 	 25.629 	 99.201
FD11187	238.375 	 25.627 	 99.169
FD11187	238.500 	 25.629 	 99.102
FD11187	238.625 	 25.629 	 99.125
FD11187	238.750 	 25.630 	 99.223
FD11187	238.875 	 25.633 	 99.261
FD11187	239.000 	 25.634 	 99.239
FD11187	239.125 	 25.642 	 99.031
FD11187	239.250 	 25.644 	 98.729
FD11187	239.375 	 25.644 	 98.449
FD11187	239.500 	 25.642 	 98.163
FD11187	239.625 	 25.633 	 97.702
FD11187	239.750 	 25.627 	 97.499
FD11187	239.875 	 25.617 	 97.668
FD11187	240.000 	 25.606 	 97.614
FD11187	240.125 	 25.592 	 97.646
FD11187	240.250 	 25.581 	 97.888
FD11187	240.375 	 25.572 	 97.899
FD11187	240.500 	 25.556 	 97.948
FD11187	240.625 	 25.548 	 98.152
FD11187	240.750 	 25.542 	 98.267
FD11187	240.875 	 25.534 	 98.426
FD11187	241.000 	 25.529 	 98.597
FD11187	241.125 	 25.525 	 98.613
FD11187	241.250 	 25.530 	 98.586
FD11187	241.375 	 25.532 	 98.701
FD11187	241.500 	 25.534 	 98.729
FD11187	241.625 	 25.544 	 98.580
FD11187	241.750 	 25.552 	 98.470
FD11187	241.875 	 25.558 	 98.327
FD11187	242.000 	 25.565 	 98.339
FD11187	242.125 	 25.571 	 98.217
FD11187	242.250 	 25.579 	 97.811
FD11187	242.375 	 25.595 	 97.882
FD11187	242.500 	 25.608 	 98.131
FD11187	242.625 	 25.621 	 98.015
FD11187	242.750 	 25.640 	 97.904
FD11187	242.875 	 25.652 	 98.234
FD11187	243.000 	 25.668 	 98.465
FD11187	243.125 	 25.677 	 98.234
FD11187	243.250 	 25.689 	 98.152
FD11187	243.375 	 25.705 	 98.114
FD11187	243.500 	 25.725 	 97.784
FD11187	243.625 	 25.743 	 97.878
FD11187	243.750 	 25.765 	 98.190
FD11187	243.875 	 25.793 	 98.279
FD11187	244.000 	 25.817 	 98.465
FD11187	244.125 	 25.851 	 98.613
FD11187	244.250 	 25.882 	 98.619
FD11187	244.375 	 25.912 	 98.723
FD11187	244.500 	 25.949 	 98.827
FD11187	244.625 	 25.982 	 98.652
FD11187	244.750 	 26.017 	 98.519
FD11187	244.875 	 26.047 	 98.542
FD11187	245.000 	 26.078 	 98.667
FD11187	245.125 	 26.104 	 98.625
FD11187	245.250 	 26.119 	 98.568
FD11187	245.375 	 26.134 	 98.602
FD11187	245.500 	 26.141 	 98.564
FD11187	245.625 	 26.143 	 98.536
FD11187	245.750 	 26.146 	 98.481
FD11187	245.875 	 26.146 	 98.349
FD11187	246.000 	 26.146 	 98.081
FD11187	246.125 	 26.135 	 98.020
FD11187	246.250 	 26.128 	 97.980
FD11187	246.375 	 26.116 	 97.817
FD11187	246.500 	 26.096 	 97.652
FD11187	246.625 	 26.080 	 97.933
FD11187	246.750 	 26.062 	 98.508
FD11187	246.875 	 26.044 	 98.663
FD11187	247.000 	 26.027 	 98.558
FD11187	247.125 	 26.009 	 98.306
FD11187	247.250 	 26.007 	 98.125
FD11187	247.375 	 26.003 	 98.229
FD11187	247.500 	 26.008 	 98.586
FD11187	247.625 	 26.014 	 98.921
FD11187	247.750 	 26.017 	 99.069
FD11187	247.875 	 26.016 	 98.476
FD11187	248.000 	 26.014 	 98.086
FD11187	248.125 	 26.009 	 98.097
FD11187	248.250 	 25.999 	 97.838
FD11187	248.375 	 25.986 	 97.801
FD11187	248.500 	 25.973 	 97.877
FD11187	248.625 	 25.963 	 97.745
FD11187	248.750 	 25.949 	 97.229
FD11187	248.875 	 25.936 	 97.311
FD11187	249.000 	 25.925 	 97.839
FD11187	249.125 	 25.926 	 97.949
FD11187	249.250 	 25.919 	 97.904
FD11187	249.375 	 25.910 	 98.136
FD11187	249.500 	 25.904 	 98.591
FD11187	249.625 	 25.892 	 99.015
FD11187	249.750 	 25.875 	 99.366
FD11187	249.875 	 25.861 	 99.662
FD11187	250.000 	 25.853 	 99.975
FD11187	250.125 	 25.847 	 99.948
FD11187	250.250 	 25.833 	 99.746
FD11187	250.375 	 25.828 	 99.597
FD11187	250.500 	 25.813 	 99.168
FD11187	250.625 	 25.804 	 99.151
FD11187	250.750 	 25.793 	 99.404
FD11187	250.875 	 25.787 	 99.575
FD11187	251.000 	 25.778 	 99.624
FD11187	251.125 	 25.772 	 99.568
FD11187	251.250 	 25.762 	 99.724
FD11187	251.375 	 25.754 	 99.915
FD11187	251.500 	 25.745 	 100.031
FD11187	251.625 	 25.732 	 100.394
FD11187	251.750 	 25.720 	 100.728
FD11187	251.875 	 25.723 	 100.487
FD11187	252.000 	 25.723 	 100.349
FD11187	252.125 	 25.725 	 100.580
FD11187	252.250 	 25.734 	 100.679
FD11187	252.375 	 25.750 	 100.360
FD11187	252.500 	 25.768 	 100.063
FD11187	252.625 	 25.787 	 100.317
FD11187	252.750 	 25.808 	 100.348
FD11187	252.875 	 25.820 	 100.179
FD11187	253.000 	 25.827 	 100.167
FD11187	253.125 	 25.837 	 100.179
FD11187	253.250 	 25.841 	 100.338
FD11187	253.375 	 25.848 	 100.311
FD11187	253.500 	 25.850 	 100.250
FD11187	253.625 	 25.861 	 100.316
FD11187	253.750 	 25.874 	 100.360
FD11187	253.875 	 25.883 	 100.360
FD11187	254.000 	 25.888 	 100.360
FD11187	254.125 	 25.896 	 100.359
FD11187	254.250 	 25.896 	 100.360
FD11187	254.375 	 25.901 	 100.361
FD11187	254.500 	 25.902 	 100.359
FD11187	254.625 	 25.902 	 100.354
FD11187	254.750 	 25.901 	 100.345
FD11187	254.875 	 25.903 	 100.320
FD11187	255.000 	 25.902 	 100.306
FD11187	255.125 	 25.903 	 100.299
FD11187	255.250 	 25.901 	 100.300
FD11187	255.375 	 25.902 	 100.311
FD11187	255.500 	 25.900 	 100.305
FD11187	255.625 	 25.898 	 100.294
FD11187	255.750 	 25.899 	 100.294
FD11187	255.875 	 25.899 	 100.295
FD11187	256.000 	 25.895 	 100.293
FD11187	256.125 	 25.896 	 100.294
FD11187	256.250 	 25.892 	 100.300
FD11187	256.375 	 25.893 	 100.299
FD11187	256.500 	 25.888 	 100.294
FD11187	256.625 	 25.889 	 100.299
FD11187	256.750 	 25.886 	 100.310
FD11187	256.875 	 25.884 	 100.323
FD11187	257.000 	 25.880 	 100.332
FD11187	257.125 	 25.882 	 100.338
FD11187	257.250 	 25.877 	 100.339
FD11187	257.375 	 25.880 	 100.337
FD11187	257.500 	 25.876 	 100.338
FD11187	257.625 	 25.877 	 100.338
FD11187	257.750 	 25.874 	 100.338
FD11187	257.875 	 25.872 	 100.338
FD11187	258.000 	 25.872 	 100.339
FD11187	258.125 	 25.872 	 100.338
FD11187	258.250 	 25.874 	 100.337
FD11187	258.375 	 25.875 	 100.338
FD11187	258.500 	 25.872 	 100.339
FD11187	258.625 	 25.872 	 100.338
FD11187	258.750 	 25.872 	 100.338
FD11187	258.875 	 25.872 	 100.339
FD11187	259.000 	 25.872 	 100.338
FD11187	259.125 	 25.872 	 100.338
FD11187	259.250 	 25.872 	 100.338
FD11187	259.375 	 25.876 	 100.339
FD11187	259.500 	 25.874 	 100.337
FD11187	259.625 	 25.872 	 100.338
FD11187	259.750 	 25.872 	 100.338
FD11187	259.875 	 25.872 	 100.339
FD11187	260.000 	 25.872 	 100.338
FD11187	260.125 	 25.872 	 100.338
FD11187	260.250 	 25.875 	 100.338
FD11187	260.375 	 25.872 	 100.339
FD11187	260.500 	 25.872 	 100.338
FD11187	260.625 	 25.872 	 100.338
FD11187	260.750 	 25.874 	 100.337
FD11187	260.875 	 25.872 	 100.339
FD11187	261.000 	 25.872 	 100.338
FD11187	261.125 	 25.875 	 100.338
FD11187	261.250 	 25.872 	 100.338
FD11187	261.375 	 25.872 	 100.339
FD11187	261.500 	 25.872 	 100.338
FD11187	261.625 	 25.872 	 100.338
FD11187	261.750 	 25.872 	 100.338
FD11187	261.875 	 25.872 	 100.339
FD11187	262.000 	 25.872 	 100.338
FD11187	262.125 	 25.877 	 100.337
FD11187	262.250 	 25.872 	 100.338
FD11187	262.375 	 25.872 	 100.339
FD11187	262.500 	 25.872 	 100.338
FD11187	262.625 	 25.872 	 100.338
FD11187	262.750 	 25.872 	 100.338
FD11187	262.875 	 25.872 	 100.339
FD11187	263.000 	 25.875 	 100.338
FD11187	263.125 	 25.872 	 100.338
FD11187	263.250 	 25.872 	 100.338
FD11187	263.375 	 25.874 	 100.338
FD11187	263.500 	 25.872 	 100.338
FD11187	263.625 	 25.872 	 100.338
FD11187	263.750 	 25.872 	 100.338
FD11187	263.875 	 25.876 	 100.339
FD11187	264.000 	 25.872 	 100.338
FD11187	264.125 	 25.872 	 100.338
FD11187	264.250 	 25.872 	 100.339
FD11187	264.375 	 25.872 	 100.338
FD11187	264.500 	 25.872 	 100.338
FD11187	264.625 	 25.874 	 100.337
FD11187	264.750 	 25.876 	 100.339
FD11187	264.875 	 25.872 	 100.338
FD11187	265.000 	 25.872 	 100.338
FD11187	265.125 	 25.872 	 100.338
FD11187	265.250 	 25.872 	 100.339
FD11187	265.375 	 25.872 	 100.338
FD11187	265.500 	 25.872 	 100.338
FD11187	265.625 	 25.872 	 100.338
FD11187	265.750 	 25.876 	 100.339
FD11187	265.875 	 25.874 	 100.337
FD11187	266.000 	 25.872 	 100.338
FD11187	266.125 	 25.872 	 100.338
FD11187	266.250 	 25.872 	 100.339
FD11187	266.375 	 25.872 	 100.338
FD11187	266.500 	 25.872 	 100.338
FD11187	266.625 	 25.875 	 100.338
FD11187	266.750 	 25.872 	 100.339
FD11187	266.875 	 25.872 	 100.338
FD11187	267.000 	 25.872 	 100.338
FD11187	267.125 	 25.874 	 100.337
FD11187	267.250 	 25.872 	 100.339
FD11187	267.375 	 25.872 	 100.338
FD11187	267.500 	 25.875 	 100.338
FD11187	267.625 	 25.872 	 100.338
FD11187	267.750 	 25.872 	 100.339
FD11187	267.875 	 25.872 	 100.338
FD11187	268.000 	 25.872 	 100.338
