#WellName	 Depth.M	 INCL	 AZIM 
WellName	 Depth.M	 INCL	 AZIM 
FD11024	0.000 	 0.000 	 0.000
FD11024	0.125 	 0.000 	 90.000
FD11024	0.250 	 0.000 	 90.000
FD11024	0.375 	 0.000 	 90.000
FD11024	0.500 	 0.000 	 90.000
FD11024	0.625 	 0.000 	 90.000
FD11024	0.750 	 0.000 	 90.000
FD11024	0.875 	 0.000 	 90.000
FD11024	1.000 	 0.000 	 90.000
FD11024	1.125 	 0.000 	 90.000
FD11024	1.250 	 0.000 	 90.000
FD11024	1.375 	 0.000 	 90.000
FD11024	1.500 	 0.000 	 90.000
FD11024	1.625 	 0.000 	 90.000
FD11024	1.750 	 0.000 	 90.000
FD11024	1.875 	 0.000 	 90.000
FD11024	2.000 	 0.000 	 90.000
FD11024	2.125 	 0.000 	 90.000
FD11024	2.250 	 0.000 	 90.000
FD11024	2.375 	 0.000 	 90.000
FD11024	2.500 	 0.000 	 90.000
FD11024	2.625 	 0.000 	 90.000
FD11024	2.750 	 0.000 	 90.000
FD11024	2.875 	 0.000 	 90.000
FD11024	3.000 	 0.000 	 90.000
FD11024	3.125 	 0.000 	 90.000
FD11024	3.250 	 0.000 	 90.000
FD11024	3.375 	 0.000 	 90.000
FD11024	3.500 	 0.000 	 90.000
FD11024	3.625 	 0.000 	 90.000
FD11024	3.750 	 0.000 	 90.000
FD11024	3.875 	 0.000 	 90.000
FD11024	4.000 	 0.000 	 90.000
FD11024	4.125 	 0.000 	 90.000
FD11024	4.250 	 0.000 	 90.000
FD11024	4.375 	 0.000 	 90.000
FD11024	4.500 	 0.000 	 90.000
FD11024	4.625 	 0.000 	 90.000
FD11024	4.750 	 0.000 	 90.000
FD11024	4.875 	 0.000 	 90.000
FD11024	5.000 	 0.000 	 90.000
FD11024	5.125 	 0.000 	 90.000
FD11024	5.250 	 0.000 	 90.000
FD11024	5.375 	 0.000 	 90.000
FD11024	5.500 	 0.000 	 90.000
FD11024	5.625 	 0.000 	 90.000
FD11024	5.750 	 0.000 	 90.000
FD11024	5.875 	 0.000 	 90.000
FD11024	6.000 	 0.000 	 90.000
FD11024	6.125 	 0.000 	 90.000
FD11024	6.250 	 0.000 	 90.000
FD11024	6.375 	 0.000 	 90.000
FD11024	6.500 	 0.000 	 90.000
FD11024	6.625 	 0.000 	 90.000
FD11024	6.750 	 0.000 	 90.000
FD11024	6.875 	 0.000 	 90.000
FD11024	7.000 	 0.000 	 90.000
FD11024	7.125 	 0.000 	 90.000
FD11024	7.250 	 0.000 	 90.000
FD11024	7.375 	 0.000 	 90.000
FD11024	7.500 	 0.000 	 90.000
FD11024	7.625 	 0.000 	 90.000
FD11024	7.750 	 0.000 	 90.000
FD11024	7.875 	 0.000 	 90.000
FD11024	8.000 	 0.000 	 90.000
FD11024	8.125 	 0.000 	 90.000
FD11024	8.250 	 0.000 	 90.000
FD11024	8.375 	 0.000 	 90.000
FD11024	8.500 	 0.000 	 90.000
FD11024	8.625 	 0.000 	 90.000
FD11024	8.750 	 0.000 	 90.000
FD11024	8.875 	 0.000 	 90.000
FD11024	9.000 	 0.000 	 90.000
FD11024	9.125 	 0.000 	 90.000
FD11024	9.250 	 0.000 	 90.000
FD11024	9.375 	 0.000 	 90.000
FD11024	9.500 	 0.000 	 90.000
FD11024	9.625 	 0.000 	 90.000
FD11024	9.750 	 0.000 	 90.000
FD11024	9.875 	 0.000 	 90.000
FD11024	10.000 	 0.000 	 90.000
FD11024	10.125 	 0.000 	 90.000
FD11024	10.250 	 0.000 	 90.000
FD11024	10.375 	 0.000 	 90.000
FD11024	10.500 	 0.000 	 90.000
FD11024	10.625 	 0.000 	 90.000
FD11024	10.750 	 0.000 	 90.000
FD11024	10.875 	 0.000 	 90.000
FD11024	11.000 	 0.000 	 90.000
FD11024	11.125 	 0.000 	 90.000
FD11024	11.250 	 0.000 	 90.000
FD11024	11.375 	 0.000 	 90.000
FD11024	11.500 	 0.000 	 90.000
FD11024	11.625 	 0.000 	 90.000
FD11024	11.750 	 0.000 	 90.000
FD11024	11.875 	 0.000 	 90.000
FD11024	12.000 	 0.000 	 90.000
FD11024	12.125 	 0.000 	 90.000
FD11024	12.250 	 0.000 	 90.000
FD11024	12.375 	 0.000 	 90.000
FD11024	12.500 	 0.000 	 90.000
FD11024	12.625 	 0.000 	 90.000
FD11024	12.750 	 0.000 	 90.000
FD11024	12.875 	 0.000 	 90.000
FD11024	13.000 	 0.000 	 90.000
FD11024	13.125 	 0.000 	 90.000
FD11024	13.250 	 0.000 	 90.000
FD11024	13.375 	 0.000 	 90.000
FD11024	13.500 	 0.000 	 90.000
FD11024	13.625 	 0.000 	 90.000
FD11024	13.750 	 0.000 	 90.000
FD11024	13.875 	 0.000 	 90.000
FD11024	14.000 	 0.000 	 90.000
FD11024	14.125 	 0.000 	 90.000
FD11024	14.250 	 0.000 	 90.000
FD11024	14.375 	 0.000 	 90.000
FD11024	14.500 	 0.000 	 90.000
FD11024	14.625 	 0.000 	 90.000
FD11024	14.750 	 0.000 	 90.000
FD11024	14.875 	 0.000 	 90.000
FD11024	15.000 	 0.000 	 90.000
FD11024	15.125 	 0.000 	 90.000
FD11024	15.250 	 0.000 	 90.000
FD11024	15.375 	 0.000 	 90.000
FD11024	15.500 	 0.000 	 90.000
FD11024	15.625 	 0.000 	 90.000
FD11024	15.750 	 0.000 	 90.000
FD11024	15.875 	 0.000 	 90.000
FD11024	16.000 	 0.000 	 90.000
FD11024	16.125 	 0.000 	 90.000
FD11024	16.250 	 0.000 	 90.000
FD11024	16.375 	 0.000 	 90.000
FD11024	16.500 	 0.000 	 90.000
FD11024	16.625 	 0.000 	 90.000
FD11024	16.750 	 0.000 	 90.000
FD11024	16.875 	 0.000 	 90.000
FD11024	17.000 	 0.000 	 90.000
FD11024	17.125 	 0.000 	 90.000
FD11024	17.250 	 0.000 	 90.000
FD11024	17.375 	 0.000 	 90.000
FD11024	17.500 	 0.000 	 90.000
FD11024	17.625 	 0.000 	 90.000
FD11024	17.750 	 0.000 	 90.000
FD11024	17.875 	 0.000 	 90.000
FD11024	18.000 	 0.000 	 90.000
FD11024	18.125 	 0.000 	 90.000
FD11024	18.250 	 0.000 	 90.000
FD11024	18.375 	 0.000 	 90.000
FD11024	18.500 	 0.000 	 90.000
FD11024	18.625 	 0.000 	 90.000
FD11024	18.750 	 0.000 	 90.000
FD11024	18.875 	 0.000 	 90.000
FD11024	19.000 	 0.000 	 90.000
FD11024	19.125 	 0.000 	 90.000
FD11024	19.250 	 0.000 	 90.000
FD11024	19.375 	 0.000 	 90.000
FD11024	19.500 	 0.000 	 90.000
FD11024	19.625 	 0.000 	 90.000
FD11024	19.750 	 0.000 	 90.000
FD11024	19.875 	 0.000 	 90.000
FD11024	20.000 	 0.000 	 90.000
FD11024	20.125 	 0.000 	 90.000
FD11024	20.250 	 0.000 	 90.000
FD11024	20.375 	 0.000 	 90.000
FD11024	20.500 	 0.000 	 90.000
FD11024	20.625 	 0.000 	 90.000
FD11024	20.750 	 0.000 	 90.000
FD11024	20.875 	 0.000 	 90.000
FD11024	21.000 	 0.000 	 90.000
FD11024	21.125 	 0.000 	 90.000
FD11024	21.250 	 0.000 	 90.000
FD11024	21.375 	 0.000 	 90.000
FD11024	21.500 	 0.000 	 90.000
FD11024	21.625 	 0.000 	 90.000
FD11024	21.750 	 0.000 	 90.000
FD11024	21.875 	 0.000 	 90.000
FD11024	22.000 	 0.000 	 90.000
FD11024	22.125 	 0.000 	 90.000
FD11024	22.250 	 0.000 	 90.000
FD11024	22.375 	 0.000 	 90.000
FD11024	22.500 	 0.000 	 90.000
FD11024	22.625 	 0.000 	 90.000
FD11024	22.750 	 0.000 	 90.000
FD11024	22.875 	 0.000 	 90.000
FD11024	23.000 	 0.000 	 90.000
FD11024	23.125 	 0.000 	 90.000
FD11024	23.250 	 0.000 	 90.000
FD11024	23.375 	 0.000 	 90.000
FD11024	23.500 	 0.000 	 90.000
FD11024	23.625 	 0.000 	 90.000
FD11024	23.750 	 0.000 	 90.000
FD11024	23.875 	 0.000 	 90.000
FD11024	24.000 	 0.000 	 90.000
FD11024	24.125 	 0.000 	 90.000
FD11024	24.250 	 0.000 	 90.000
FD11024	24.375 	 0.000 	 90.000
FD11024	24.500 	 0.000 	 90.000
FD11024	24.625 	 0.000 	 90.000
FD11024	24.750 	 0.000 	 90.000
FD11024	24.875 	 0.000 	 90.000
FD11024	25.000 	 0.000 	 90.000
FD11024	25.125 	 0.000 	 90.000
FD11024	25.250 	 0.000 	 90.000
FD11024	25.375 	 0.000 	 90.000
FD11024	25.500 	 0.000 	 90.000
FD11024	25.625 	 0.000 	 90.000
FD11024	25.750 	 0.000 	 90.000
FD11024	25.875 	 0.000 	 90.000
FD11024	26.000 	 0.000 	 90.000
FD11024	26.125 	 0.000 	 90.000
FD11024	26.250 	 0.000 	 90.000
FD11024	26.375 	 0.000 	 90.000
FD11024	26.500 	 0.000 	 90.000
FD11024	26.625 	 0.000 	 90.000
FD11024	26.750 	 0.000 	 90.000
FD11024	26.875 	 0.000 	 90.000
FD11024	27.000 	 0.000 	 90.000
FD11024	27.125 	 0.000 	 90.000
FD11024	27.250 	 0.000 	 90.000
FD11024	27.375 	 0.000 	 90.000
FD11024	27.500 	 0.000 	 90.000
FD11024	27.625 	 0.000 	 90.000
FD11024	27.750 	 0.000 	 90.000
FD11024	27.875 	 0.000 	 90.000
FD11024	28.000 	 0.000 	 90.000
FD11024	28.125 	 0.000 	 90.000
FD11024	28.250 	 0.000 	 90.000
FD11024	28.375 	 0.000 	 90.000
FD11024	28.500 	 0.000 	 90.000
FD11024	28.625 	 0.000 	 90.000
FD11024	28.750 	 0.000 	 90.000
FD11024	28.875 	 0.000 	 90.000
FD11024	29.000 	 0.000 	 90.000
FD11024	29.125 	 0.000 	 90.000
FD11024	29.250 	 0.000 	 90.000
FD11024	29.375 	 0.000 	 90.000
FD11024	29.500 	 0.000 	 90.000
FD11024	29.625 	 0.000 	 90.000
FD11024	29.750 	 0.000 	 90.000
FD11024	29.875 	 0.000 	 90.000
FD11024	30.000 	 0.000 	 90.000
FD11024	30.125 	 0.000 	 90.000
FD11024	30.250 	 0.000 	 90.000
FD11024	30.375 	 0.000 	 90.000
FD11024	30.500 	 0.000 	 90.000
FD11024	30.625 	 0.000 	 90.000
FD11024	30.750 	 0.000 	 90.000
FD11024	30.875 	 0.000 	 90.000
FD11024	31.000 	 0.000 	 90.000
FD11024	31.125 	 0.000 	 90.000
FD11024	31.250 	 0.000 	 90.000
FD11024	31.375 	 0.000 	 90.000
FD11024	31.500 	 0.000 	 90.000
FD11024	31.625 	 0.000 	 90.000
FD11024	31.750 	 0.000 	 90.000
FD11024	31.875 	 0.000 	 90.000
FD11024	32.000 	 0.000 	 90.000
FD11024	32.125 	 0.000 	 90.000
FD11024	32.250 	 0.000 	 90.000
FD11024	32.375 	 0.000 	 90.000
FD11024	32.500 	 0.000 	 90.000
FD11024	32.625 	 0.000 	 90.000
FD11024	32.750 	 0.000 	 90.000
FD11024	32.875 	 0.000 	 90.000
FD11024	33.000 	 0.000 	 90.000
FD11024	33.125 	 0.000 	 90.000
FD11024	33.250 	 0.000 	 90.000
FD11024	33.375 	 0.000 	 90.000
FD11024	33.500 	 0.000 	 90.000
FD11024	33.625 	 0.000 	 90.000
FD11024	33.750 	 0.000 	 90.000
FD11024	33.875 	 0.000 	 90.000
FD11024	34.000 	 0.000 	 90.000
FD11024	34.125 	 0.000 	 90.000
FD11024	34.250 	 0.000 	 90.000
FD11024	34.375 	 0.000 	 90.000
FD11024	34.500 	 0.000 	 90.000
FD11024	34.625 	 0.000 	 90.000
FD11024	34.750 	 0.000 	 90.000
FD11024	34.875 	 0.000 	 90.000
FD11024	35.000 	 0.000 	 90.000
FD11024	35.125 	 1.025 	 63.435
FD11024	35.250 	 0.458 	 90.000
FD11024	35.375 	 0.648 	 45.000
FD11024	35.500 	 0.917 	 90.000
FD11024	35.625 	 0.648 	 45.000
FD11024	35.750 	 1.025 	 63.435
FD11024	35.875 	 0.458 	 90.000
FD11024	36.000 	 0.648 	 45.000
FD11024	36.125 	 0.917 	 90.000
FD11024	36.250 	 0.648 	 45.000
FD11024	36.375 	 1.025 	 63.435
FD11024	36.500 	 0.458 	 90.000
FD11024	36.625 	 1.025 	 63.435
FD11024	36.750 	 0.458 	 90.000
FD11024	36.875 	 0.648 	 45.000
FD11024	37.000 	 0.917 	 90.000
FD11024	37.125 	 0.648 	 45.000
FD11024	37.250 	 1.025 	 63.435
FD11024	37.375 	 0.458 	 90.000
FD11024	37.500 	 0.648 	 45.000
FD11024	37.625 	 0.917 	 90.000
FD11024	37.750 	 0.648 	 45.000
FD11024	37.875 	 1.025 	 63.435
FD11024	38.000 	 0.458 	 90.000
FD11024	38.125 	 0.648 	 45.000
FD11024	38.250 	 0.917 	 90.000
FD11024	38.375 	 0.648 	 45.000
FD11024	38.500 	 1.025 	 63.435
FD11024	38.625 	 0.458 	 90.000
FD11024	38.750 	 0.648 	 45.000
FD11024	38.875 	 0.917 	 90.000
FD11024	39.000 	 0.648 	 45.000
FD11024	39.125 	 0.917 	 90.000
FD11024	39.250 	 0.648 	 45.000
FD11024	39.375 	 1.025 	 63.435
FD11024	39.500 	 0.458 	 90.000
FD11024	39.625 	 0.648 	 45.000
FD11024	39.750 	 0.917 	 90.000
FD11024	39.875 	 0.648 	 45.000
FD11024	40.000 	 1.025 	 63.435
FD11024	40.125 	 0.458 	 90.000
FD11024	40.250 	 0.648 	 45.000
FD11024	40.375 	 0.917 	 90.000
FD11024	40.500 	 0.648 	 45.000
FD11024	40.625 	 1.025 	 63.435
FD11024	40.750 	 0.458 	 90.000
FD11024	40.875 	 0.648 	 45.000
FD11024	41.000 	 0.917 	 90.000
FD11024	41.125 	 0.648 	 45.000
FD11024	41.250 	 0.917 	 90.000
FD11024	41.375 	 0.653 	 45.000
FD11024	41.500 	 0.648 	 45.000
FD11024	41.625 	 0.917 	 90.000
FD11024	41.750 	 0.648 	 45.000
FD11024	41.875 	 0.917 	 90.000
FD11024	42.000 	 0.648 	 45.000
FD11024	42.125 	 0.648 	 45.000
FD11024	42.250 	 0.917 	 90.000
FD11024	42.375 	 0.648 	 45.000
FD11024	42.500 	 0.917 	 90.000
FD11024	42.625 	 0.648 	 45.000
FD11024	42.750 	 1.025 	 63.435
FD11024	42.875 	 0.458 	 90.000
FD11024	43.000 	 0.648 	 45.000
FD11024	43.125 	 0.917 	 90.000
FD11024	43.250 	 0.648 	 45.000
FD11024	43.375 	 0.917 	 90.000
FD11024	43.500 	 0.648 	 45.000
FD11024	43.625 	 0.648 	 45.000
FD11024	43.750 	 0.917 	 90.000
FD11024	43.875 	 0.648 	 45.000
FD11024	44.000 	 0.917 	 90.000
FD11024	44.125 	 0.648 	 45.000
FD11024	44.250 	 1.652 	 56.310
FD11024	44.375 	 1.652 	 56.310
FD11024	44.500 	 1.652 	 56.310
FD11024	44.625 	 1.652 	 56.310
FD11024	44.750 	 1.652 	 56.310
FD11024	44.875 	 2.049 	 63.435
FD11024	45.000 	 1.652 	 56.310
FD11024	45.125 	 1.944 	 45.000
FD11024	45.250 	 1.652 	 56.310
FD11024	45.375 	 1.652 	 56.310
FD11024	45.500 	 1.652 	 56.310
FD11024	45.625 	 1.652 	 56.310
FD11024	45.750 	 2.065 	 63.435
FD11024	45.875 	 1.652 	 56.310
FD11024	46.000 	 1.652 	 56.310
FD11024	46.125 	 1.652 	 56.310
FD11024	46.250 	 1.652 	 56.310
FD11024	46.375 	 1.944 	 45.000
FD11024	46.500 	 1.652 	 56.310
FD11024	46.625 	 2.049 	 63.435
FD11024	46.750 	 1.652 	 56.310
FD11024	46.875 	 1.652 	 56.310
FD11024	47.000 	 1.652 	 56.310
FD11024	47.125 	 1.652 	 56.310
FD11024	47.250 	 1.652 	 56.310
FD11024	47.375 	 1.652 	 56.310
FD11024	47.500 	 1.652 	 56.310
FD11024	47.625 	 2.049 	 63.435
FD11024	47.750 	 1.960 	 45.000
FD11024	47.875 	 1.652 	 56.310
FD11024	48.000 	 1.652 	 56.310
FD11024	48.125 	 1.652 	 56.310
FD11024	48.250 	 1.652 	 56.310
FD11024	48.375 	 1.652 	 56.310
FD11024	48.500 	 2.049 	 63.435
FD11024	48.625 	 1.652 	 56.310
FD11024	48.750 	 1.652 	 56.310
FD11024	48.875 	 1.652 	 56.310
FD11024	49.000 	 1.944 	 45.000
FD11024	49.125 	 1.652 	 56.310
FD11024	49.250 	 1.652 	 56.310
FD11024	49.375 	 1.652 	 56.310
FD11024	49.500 	 2.049 	 63.435
FD11024	49.625 	 1.652 	 56.310
FD11024	49.750 	 1.666 	 56.310
FD11024	49.875 	 1.652 	 56.310
FD11024	50.000 	 1.652 	 56.310
FD11024	50.125 	 1.652 	 56.310
FD11024	50.250 	 1.652 	 56.310
FD11024	50.375 	 2.291 	 53.130
FD11024	50.500 	 1.652 	 56.310
FD11024	50.625 	 1.652 	 56.310
FD11024	50.750 	 1.652 	 56.310
FD11024	50.875 	 1.652 	 56.310
FD11024	51.000 	 1.652 	 56.310
FD11024	51.125 	 1.652 	 56.310
FD11024	51.250 	 2.049 	 63.435
FD11024	51.375 	 1.652 	 56.310
FD11024	51.500 	 1.652 	 56.310
FD11024	51.625 	 1.652 	 56.310
FD11024	51.750 	 1.944 	 45.000
FD11024	51.875 	 1.666 	 56.310
FD11024	52.000 	 1.652 	 56.310
FD11024	52.125 	 1.652 	 56.310
FD11024	52.250 	 2.049 	 63.435
FD11024	52.375 	 1.652 	 56.310
FD11024	52.500 	 1.652 	 56.310
FD11024	52.625 	 1.652 	 56.310
FD11024	52.750 	 1.652 	 56.310
FD11024	52.875 	 1.652 	 56.310
FD11024	53.000 	 1.944 	 45.000
FD11024	53.125 	 2.049 	 63.435
FD11024	53.250 	 1.944 	 45.000
FD11024	53.375 	 3.302 	 33.690
FD11024	53.500 	 3.328 	 33.690
FD11024	53.625 	 3.238 	 45.000
FD11024	53.750 	 3.302 	 33.690
FD11024	53.875 	 3.302 	 33.690
FD11024	54.000 	 3.328 	 33.690
FD11024	54.125 	 3.575 	 39.805
FD11024	54.250 	 3.302 	 33.690
FD11024	54.375 	 3.302 	 33.690
FD11024	54.500 	 3.302 	 33.690
FD11024	54.625 	 3.604 	 39.806
FD11024	54.750 	 3.302 	 33.690
FD11024	54.875 	 3.302 	 33.690
FD11024	55.000 	 3.302 	 33.690
FD11024	55.125 	 3.328 	 33.690
FD11024	55.250 	 3.575 	 39.806
FD11024	55.375 	 3.302 	 33.690
FD11024	55.500 	 3.302 	 33.690
FD11024	55.625 	 2.932 	 38.660
FD11024	55.750 	 3.604 	 39.805
FD11024	55.875 	 3.302 	 33.690
FD11024	56.000 	 3.302 	 33.690
FD11024	56.125 	 3.302 	 33.690
FD11024	56.250 	 3.604 	 39.806
FD11024	56.375 	 3.302 	 33.690
FD11024	56.500 	 3.302 	 33.690
FD11024	56.625 	 3.302 	 33.690
FD11024	56.750 	 3.575 	 39.805
FD11024	56.875 	 3.328 	 33.690
FD11024	57.000 	 3.302 	 33.690
FD11024	57.125 	 3.302 	 33.690
FD11024	57.250 	 3.302 	 33.690
FD11024	57.375 	 3.575 	 39.805
FD11024	57.500 	 3.328 	 33.690
FD11024	57.625 	 2.932 	 38.660
FD11024	57.750 	 3.302 	 33.690
FD11024	57.875 	 3.575 	 39.805
FD11024	58.000 	 3.328 	 33.690
FD11024	58.125 	 3.302 	 33.690
FD11024	58.250 	 3.302 	 33.690
FD11024	58.375 	 3.575 	 39.805
FD11024	58.500 	 3.302 	 33.690
FD11024	58.625 	 3.328 	 33.690
FD11024	58.750 	 3.302 	 33.690
FD11024	58.875 	 3.575 	 39.806
FD11024	59.000 	 3.302 	 33.690
FD11024	59.125 	 3.328 	 33.690
FD11024	59.250 	 3.302 	 33.690
FD11024	59.375 	 3.302 	 33.690
FD11024	59.500 	 3.575 	 39.806
FD11024	59.625 	 2.932 	 38.659
FD11024	59.750 	 3.328 	 33.690
FD11024	59.875 	 3.302 	 33.690
FD11024	60.000 	 3.575 	 39.805
FD11024	60.125 	 3.302 	 33.690
FD11024	60.250 	 3.302 	 33.690
FD11024	60.375 	 3.328 	 33.690
FD11024	60.500 	 3.575 	 39.806
FD11024	60.625 	 3.302 	 33.690
FD11024	60.750 	 3.302 	 33.690
FD11024	60.875 	 3.328 	 33.690
FD11024	61.000 	 3.575 	 39.806
FD11024	61.125 	 3.302 	 33.690
FD11024	61.250 	 3.302 	 33.690
FD11024	61.375 	 3.302 	 33.690
FD11024	61.500 	 3.328 	 33.690
FD11024	61.625 	 3.575 	 39.805
FD11024	61.750 	 2.932 	 38.660
FD11024	61.875 	 3.302 	 33.690
FD11024	62.000 	 3.328 	 33.690
FD11024	62.125 	 3.575 	 39.806
FD11024	62.250 	 3.302 	 33.690
FD11024	62.375 	 4.316 	 32.005
FD11024	62.500 	 5.152 	 26.565
FD11024	62.625 	 4.946 	 33.690
FD11024	62.750 	 5.152 	 26.565
FD11024	62.875 	 5.330 	 30.964
FD11024	63.000 	 4.746 	 29.055
FD11024	63.125 	 5.111 	 26.565
FD11024	63.250 	 5.373 	 30.964
FD11024	63.375 	 5.111 	 26.565
FD11024	63.500 	 4.985 	 33.690
FD11024	63.625 	 5.111 	 26.565
FD11024	63.750 	 5.373 	 30.964
FD11024	63.875 	 4.709 	 29.055
FD11024	64.000 	 5.373 	 30.964
FD11024	64.125 	 5.111 	 26.565
FD11024	64.250 	 4.985 	 33.690
FD11024	64.375 	 5.111 	 26.565
FD11024	64.500 	 5.152 	 26.565
FD11024	64.625 	 4.946 	 33.690
FD11024	64.750 	 5.152 	 26.565
FD11024	64.875 	 5.330 	 30.964
FD11024	65.000 	 4.746 	 29.055
FD11024	65.125 	 5.330 	 30.964
FD11024	65.250 	 5.152 	 26.565
FD11024	65.375 	 4.946 	 33.690
FD11024	65.500 	 5.152 	 26.565
FD11024	65.625 	 5.330 	 30.964
FD11024	65.750 	 4.747 	 29.055
FD11024	65.875 	 5.111 	 26.565
FD11024	66.000 	 5.373 	 30.964
FD11024	66.125 	 4.709 	 29.055
FD11024	66.250 	 5.373 	 30.964
FD11024	66.375 	 5.111 	 26.565
FD11024	66.500 	 5.373 	 30.964
FD11024	66.625 	 4.709 	 29.055
FD11024	66.750 	 5.373 	 30.964
FD11024	66.875 	 5.111 	 26.565
FD11024	67.000 	 4.985 	 33.690
FD11024	67.125 	 5.111 	 26.565
FD11024	67.250 	 5.152 	 26.565
FD11024	67.375 	 4.946 	 33.690
FD11024	67.500 	 5.152 	 26.565
FD11024	67.625 	 5.330 	 30.964
FD11024	67.750 	 4.746 	 29.055
FD11024	67.875 	 5.330 	 30.964
FD11024	68.000 	 5.152 	 26.565
FD11024	68.125 	 4.946 	 33.690
FD11024	68.250 	 5.152 	 26.565
FD11024	68.375 	 5.330 	 30.964
FD11024	68.500 	 4.746 	 29.055
FD11024	68.625 	 5.111 	 26.565
FD11024	68.750 	 5.373 	 30.964
FD11024	68.875 	 4.709 	 29.055
FD11024	69.000 	 5.373 	 30.964
FD11024	69.125 	 5.111 	 26.565
FD11024	69.250 	 4.986 	 33.690
FD11024	69.375 	 5.111 	 26.565
FD11024	69.500 	 5.373 	 30.964
FD11024	69.625 	 5.111 	 26.565
FD11024	69.750 	 4.985 	 33.690
FD11024	69.875 	 5.111 	 26.565
FD11024	70.000 	 5.152 	 26.565
FD11024	70.125 	 4.946 	 33.690
FD11024	70.250 	 5.152 	 26.565
FD11024	70.375 	 5.330 	 30.964
FD11024	70.500 	 4.746 	 29.054
FD11024	70.625 	 5.330 	 30.964
FD11024	70.750 	 5.152 	 26.565
FD11024	70.875 	 4.946 	 33.690
FD11024	71.000 	 5.152 	 26.565
FD11024	71.125 	 5.330 	 30.964
FD11024	71.250 	 4.746 	 29.054
FD11024	71.375 	 5.111 	 26.565
FD11024	71.500 	 6.392 	 30.256
FD11024	71.625 	 7.194 	 26.565
FD11024	71.750 	 6.790 	 28.301
FD11024	71.875 	 6.790 	 28.301
FD11024	72.000 	 7.194 	 26.565
FD11024	72.125 	 6.791 	 28.301
FD11024	72.250 	 6.790 	 28.301
FD11024	72.375 	 7.003 	 23.199
FD11024	72.500 	 6.736 	 28.301
FD11024	72.625 	 6.790 	 28.301
FD11024	72.750 	 7.194 	 26.565
FD11024	72.875 	 6.790 	 28.301
FD11024	73.000 	 6.790 	 28.301
FD11024	73.125 	 7.194 	 26.565
FD11024	73.250 	 6.790 	 28.301
FD11024	73.375 	 6.790 	 28.301
FD11024	73.500 	 7.194 	 26.565
FD11024	73.625 	 6.790 	 28.301
FD11024	73.750 	 6.790 	 28.301
FD11024	73.875 	 7.137 	 26.565
FD11024	74.000 	 6.587 	 24.775
FD11024	74.125 	 6.791 	 28.301
FD11024	74.250 	 6.790 	 28.301
FD11024	74.375 	 7.194 	 26.565
FD11024	74.500 	 6.790 	 28.301
FD11024	74.625 	 6.790 	 28.301
FD11024	74.750 	 7.194 	 26.565
FD11024	74.875 	 6.790 	 28.301
FD11024	75.000 	 6.790 	 28.301
FD11024	75.125 	 7.194 	 26.565
FD11024	75.250 	 6.736 	 28.301
FD11024	75.375 	 6.790 	 28.301
FD11024	75.500 	 7.003 	 23.198
FD11024	75.625 	 6.790 	 28.301
FD11024	75.750 	 6.790 	 28.301
FD11024	75.875 	 7.194 	 26.565
FD11024	76.000 	 6.791 	 28.301
FD11024	76.125 	 6.790 	 28.301
FD11024	76.250 	 7.194 	 26.565
FD11024	76.375 	 6.790 	 28.301
FD11024	76.500 	 6.790 	 28.301
FD11024	76.625 	 7.137 	 26.565
FD11024	76.750 	 6.790 	 28.301
FD11024	76.875 	 6.790 	 28.301
FD11024	77.000 	 7.194 	 26.565
FD11024	77.125 	 6.587 	 24.775
FD11024	77.250 	 6.790 	 28.301
FD11024	77.375 	 7.194 	 26.565
FD11024	77.500 	 6.790 	 28.301
FD11024	77.625 	 6.790 	 28.301
FD11024	77.750 	 7.194 	 26.565
FD11024	77.875 	 6.791 	 28.301
FD11024	78.000 	 6.736 	 28.301
FD11024	78.125 	 7.194 	 26.565
FD11024	78.250 	 6.790 	 28.301
FD11024	78.375 	 6.790 	 28.301
FD11024	78.500 	 7.194 	 26.565
FD11024	78.625 	 6.790 	 28.301
FD11024	78.750 	 6.587 	 24.775
FD11024	78.875 	 7.194 	 26.565
FD11024	79.000 	 6.790 	 28.301
FD11024	79.125 	 6.790 	 28.301
FD11024	79.250 	 6.790 	 28.301
FD11024	79.375 	 7.137 	 26.565
FD11024	79.500 	 6.790 	 28.301
FD11024	79.625 	 6.790 	 28.301
FD11024	79.750 	 7.194 	 26.565
FD11024	79.875 	 6.791 	 28.301
FD11024	80.000 	 6.790 	 28.301
FD11024	80.125 	 7.194 	 26.565
FD11024	80.250 	 6.790 	 28.301
FD11024	80.375 	 6.587 	 24.775
FD11024	80.500 	 7.806 	 28.072
FD11024	80.625 	 9.038 	 30.466
FD11024	80.750 	 8.489 	 29.358
FD11024	80.875 	 8.818 	 27.897
FD11024	81.000 	 8.489 	 29.358
FD11024	81.125 	 8.818 	 27.897
FD11024	81.250 	 8.722 	 32.005
FD11024	81.375 	 8.818 	 27.897
FD11024	81.500 	 8.421 	 29.358
FD11024	81.625 	 8.888 	 27.897
FD11024	81.750 	 8.652 	 32.005
FD11024	81.875 	 8.888 	 27.897
FD11024	82.000 	 8.421 	 29.358
FD11024	82.125 	 8.888 	 27.897
FD11024	82.250 	 8.421 	 29.358
FD11024	82.375 	 9.110 	 30.466
FD11024	82.500 	 8.421 	 29.358
FD11024	82.625 	 8.818 	 27.897
FD11024	82.750 	 8.489 	 29.358
FD11024	82.875 	 8.818 	 27.897
FD11024	83.000 	 8.721 	 32.005
FD11024	83.125 	 8.818 	 27.897
FD11024	83.250 	 8.489 	 29.358
FD11024	83.375 	 8.818 	 27.897
FD11024	83.500 	 8.489 	 29.358
FD11024	83.625 	 9.038 	 30.466
FD11024	83.750 	 8.421 	 29.358
FD11024	83.875 	 8.888 	 27.897
FD11024	84.000 	 8.421 	 29.358
FD11024	84.125 	 8.888 	 27.897
FD11024	84.250 	 8.652 	 32.005
FD11024	84.375 	 8.888 	 27.897
FD11024	84.500 	 8.421 	 29.358
FD11024	84.625 	 8.888 	 27.897
FD11024	84.750 	 8.421 	 29.358
FD11024	84.875 	 9.038 	 30.465
FD11024	85.000 	 8.488 	 29.358
FD11024	85.125 	 8.818 	 27.897
FD11024	85.250 	 8.488 	 29.358
FD11024	85.375 	 8.818 	 27.897
FD11024	85.500 	 8.721 	 32.006
FD11024	85.625 	 8.818 	 27.897
FD11024	85.750 	 8.888 	 27.897
FD11024	85.875 	 8.421 	 29.358
FD11024	86.000 	 9.038 	 30.466
FD11024	86.125 	 8.489 	 29.358
FD11024	86.250 	 8.818 	 27.897
FD11024	86.375 	 8.489 	 29.358
FD11024	86.500 	 8.818 	 27.897
FD11024	86.625 	 8.721 	 32.005
FD11024	86.750 	 8.818 	 27.897
FD11024	86.875 	 8.489 	 29.358
FD11024	87.000 	 8.818 	 27.897
FD11024	87.125 	 8.421 	 29.358
FD11024	87.250 	 9.110 	 30.466
FD11024	87.375 	 8.421 	 29.357
FD11024	87.500 	 8.888 	 27.897
FD11024	87.625 	 8.421 	 29.358
FD11024	87.750 	 8.888 	 27.897
FD11024	87.875 	 8.652 	 32.006
FD11024	88.000 	 8.888 	 27.897
FD11024	88.125 	 8.421 	 29.358
FD11024	88.250 	 8.818 	 27.897
FD11024	88.375 	 8.489 	 29.357
FD11024	88.500 	 9.038 	 30.466
FD11024	88.625 	 8.489 	 29.357
FD11024	88.750 	 8.818 	 27.897
FD11024	88.875 	 8.489 	 29.358
FD11024	89.000 	 8.818 	 27.897
FD11024	89.125 	 8.721 	 32.006
FD11024	89.250 	 8.818 	 27.897
FD11024	89.375 	 8.421 	 29.358
FD11024	89.500 	 8.888 	 27.897
FD11024	89.625 	 8.421 	 29.357
FD11024	89.750 	 9.976 	 33.690
FD11024	89.875 	 10.354 	 32.276
FD11024	90.000 	 10.354 	 32.275
FD11024	90.125 	 10.233 	 35.837
FD11024	90.250 	 10.354 	 32.276
FD11024	90.375 	 10.601 	 34.380
FD11024	90.500 	 10.354 	 32.276
FD11024	90.625 	 10.602 	 34.380
FD11024	90.750 	 10.055 	 33.690
FD11024	90.875 	 10.601 	 34.380
FD11024	91.000 	 10.354 	 32.276
FD11024	91.125 	 10.601 	 34.380
FD11024	91.250 	 10.354 	 32.276
FD11024	91.375 	 10.233 	 35.837
FD11024	91.500 	 10.354 	 32.276
FD11024	91.625 	 10.601 	 34.381
FD11024	91.750 	 10.354 	 32.276
FD11024	91.875 	 10.354 	 32.275
FD11024	92.000 	 10.233 	 35.838
FD11024	92.125 	 10.354 	 32.276
FD11024	92.250 	 10.602 	 34.380
FD11024	92.375 	 10.354 	 32.275
FD11024	92.500 	 10.601 	 34.381
FD11024	92.625 	 9.975 	 33.690
FD11024	92.750 	 10.601 	 34.380
FD11024	92.875 	 10.437 	 32.276
FD11024	93.000 	 10.602 	 34.380
FD11024	93.125 	 10.354 	 32.275
FD11024	93.250 	 10.233 	 35.837
FD11024	93.375 	 10.354 	 32.276
FD11024	93.500 	 10.601 	 34.380
FD11024	93.625 	 10.354 	 32.276
FD11024	93.750 	 10.601 	 34.380
FD11024	93.875 	 9.976 	 33.690
FD11024	94.000 	 10.354 	 32.276
FD11024	94.125 	 10.601 	 34.380
FD11024	94.250 	 10.354 	 32.275
FD11024	94.375 	 10.601 	 34.380
FD11024	94.500 	 9.975 	 33.691
FD11024	94.625 	 10.601 	 34.380
FD11024	94.750 	 10.354 	 32.275
FD11024	94.875 	 10.601 	 34.380
FD11024	95.000 	 10.437 	 32.276
FD11024	95.125 	 10.233 	 35.837
FD11024	95.250 	 10.354 	 32.276
FD11024	95.375 	 10.601 	 34.381
FD11024	95.500 	 10.354 	 32.275
FD11024	95.625 	 10.602 	 34.380
FD11024	95.750 	 10.354 	 32.276
FD11024	95.875 	 9.975 	 33.690
FD11024	96.000 	 10.601 	 34.380
FD11024	96.125 	 10.354 	 32.276
FD11024	96.250 	 10.601 	 34.381
FD11024	96.375 	 10.354 	 32.276
FD11024	96.500 	 10.233 	 35.837
FD11024	96.625 	 10.354 	 32.275
FD11024	96.750 	 10.601 	 34.380
FD11024	96.875 	 10.354 	 32.276
FD11024	97.000 	 10.601 	 34.380
FD11024	97.125 	 9.975 	 33.691
FD11024	97.250 	 10.687 	 34.380
FD11024	97.375 	 10.354 	 32.276
FD11024	97.500 	 10.601 	 34.380
FD11024	97.625 	 10.354 	 32.276
FD11024	97.750 	 10.233 	 35.837
FD11024	97.875 	 10.354 	 32.275
FD11024	98.000 	 10.354 	 32.276
FD11024	98.125 	 10.602 	 34.380
FD11024	98.250 	 10.354 	 32.276
FD11024	98.375 	 10.233 	 35.837
FD11024	98.500 	 10.354 	 32.275
FD11024	98.625 	 10.601 	 34.380
FD11024	98.750 	 10.354 	 32.276
FD11024	98.875 	 11.581 	 36.870
FD11024	99.000 	 11.226 	 34.992
FD11024	99.125 	 11.944 	 35.538
FD11024	99.250 	 11.489 	 36.870
FD11024	99.375 	 11.944 	 35.538
FD11024	99.500 	 11.316 	 34.992
FD11024	99.625 	 11.490 	 36.870
FD11024	99.750 	 11.944 	 35.538
FD11024	99.875 	 11.226 	 34.992
FD11024	100.000 	 11.944 	 35.537
FD11024	100.125 	 11.489 	 36.870
FD11024	100.250 	 11.316 	 34.992
FD11024	100.375 	 11.849 	 35.538
FD11024	100.500 	 11.580 	 36.870
FD11024	100.625 	 11.688 	 33.691
FD11024	100.750 	 11.489 	 36.870
FD11024	100.875 	 11.580 	 36.870
FD11024	101.000 	 11.596 	 33.690
FD11024	101.125 	 11.580 	 36.870
FD11024	101.250 	 11.850 	 35.537
FD11024	101.375 	 11.316 	 34.992
FD11024	101.500 	 11.489 	 36.870
FD11024	101.625 	 11.944 	 35.538
FD11024	101.750 	 11.489 	 36.870
FD11024	101.875 	 11.688 	 33.690
FD11024	102.000 	 11.580 	 36.870
FD11024	102.125 	 11.489 	 36.870
FD11024	102.250 	 11.688 	 33.691
FD11024	102.375 	 11.490 	 36.870
FD11024	102.500 	 11.944 	 35.537
FD11024	102.625 	 11.226 	 34.992
FD11024	102.750 	 11.580 	 36.870
FD11024	102.875 	 11.849 	 35.538
FD11024	103.000 	 11.316 	 34.992
FD11024	103.125 	 11.944 	 35.538
FD11024	103.250 	 11.489 	 36.870
FD11024	103.375 	 11.316 	 34.992
FD11024	103.500 	 11.849 	 35.538
FD11024	103.625 	 11.580 	 36.870
FD11024	103.750 	 11.597 	 33.689
FD11024	103.875 	 11.580 	 36.870
FD11024	104.000 	 11.489 	 36.870
FD11024	104.125 	 11.944 	 35.538
FD11024	104.250 	 11.316 	 34.992
FD11024	104.375 	 11.850 	 35.538
FD11024	104.500 	 11.580 	 36.870
FD11024	104.625 	 11.226 	 34.992
FD11024	104.750 	 11.944 	 35.538
FD11024	104.875 	 11.489 	 36.870
FD11024	105.000 	 11.689 	 33.689
FD11024	105.125 	 11.489 	 36.870
FD11024	105.250 	 11.580 	 36.870
FD11024	105.375 	 11.688 	 33.690
FD11024	105.500 	 11.489 	 36.870
FD11024	105.625 	 11.944 	 35.538
FD11024	105.750 	 11.227 	 34.992
FD11024	105.875 	 11.580 	 36.870
FD11024	106.000 	 11.849 	 35.538
FD11024	106.125 	 11.316 	 34.992
FD11024	106.250 	 11.850 	 35.537
FD11024	106.375 	 11.581 	 36.871
FD11024	106.500 	 11.580 	 36.870
FD11024	106.625 	 11.596 	 33.690
FD11024	106.750 	 11.580 	 36.870
FD11024	106.875 	 11.849 	 35.538
FD11024	107.000 	 11.316 	 34.992
FD11024	107.125 	 11.490 	 36.870
FD11024	107.250 	 11.944 	 35.538
FD11024	107.375 	 11.226 	 34.992
FD11024	107.500 	 11.944 	 35.538
FD11024	107.625 	 11.580 	 36.870
FD11024	107.750 	 11.227 	 34.992
FD11024	107.875 	 11.944 	 35.538
FD11024	108.000 	 11.489 	 36.871
FD11024	108.125 	 11.688 	 33.690
FD11024	108.250 	 11.763 	 38.659
FD11024	108.375 	 12.312 	 34.286
FD11024	108.500 	 12.211 	 37.305
FD11024	108.625 	 11.944 	 35.538
FD11024	108.750 	 12.210 	 37.305
FD11024	108.875 	 11.849 	 35.538
FD11024	109.000 	 12.210 	 37.303
FD11024	109.125 	 12.313 	 34.288
FD11024	109.250 	 12.210 	 37.304
FD11024	109.375 	 11.849 	 35.538
FD11024	109.500 	 12.210 	 37.305
FD11024	109.625 	 11.944 	 35.537
FD11024	109.750 	 11.944 	 35.538
FD11024	109.875 	 12.210 	 37.305
FD11024	110.000 	 12.215 	 34.287
FD11024	110.125 	 12.210 	 37.303
FD11024	110.250 	 11.944 	 35.538
FD11024	110.375 	 12.211 	 37.304
FD11024	110.500 	 11.849 	 35.538
FD11024	110.625 	 12.210 	 37.305
FD11024	110.750 	 11.944 	 35.537
FD11024	110.875 	 12.571 	 36.028
FD11024	111.000 	 11.944 	 35.538
FD11024	111.125 	 12.114 	 37.304
FD11024	111.250 	 11.944 	 35.538
FD11024	111.375 	 12.210 	 37.303
FD11024	111.500 	 11.944 	 35.538
FD11024	111.625 	 12.114 	 37.305
FD11024	111.750 	 12.312 	 34.287
FD11024	111.875 	 12.210 	 37.303
FD11024	112.000 	 11.944 	 35.538
FD11024	112.125 	 11.944 	 35.538
FD11024	112.250 	 12.114 	 37.304
FD11024	112.375 	 11.944 	 35.538
FD11024	112.500 	 12.210 	 37.304
FD11024	112.625 	 12.312 	 34.286
FD11024	112.750 	 12.114 	 37.305
FD11024	112.875 	 11.944 	 35.538
FD11024	113.000 	 12.210 	 37.305
FD11024	113.125 	 11.944 	 35.537
FD11024	113.250 	 12.210 	 37.304
FD11024	113.375 	 11.849 	 35.538
FD11024	113.500 	 12.570 	 36.027
FD11024	113.625 	 11.944 	 35.537
FD11024	113.750 	 12.210 	 37.305
FD11024	113.875 	 11.849 	 35.538
FD11024	114.000 	 12.210 	 37.304
FD11024	114.125 	 11.944 	 35.538
FD11024	114.250 	 12.210 	 37.304
FD11024	114.375 	 12.312 	 34.286
FD11024	114.500 	 12.114 	 37.305
FD11024	114.625 	 11.944 	 35.538
FD11024	114.750 	 11.944 	 35.538
FD11024	114.875 	 12.211 	 37.304
FD11024	115.000 	 11.849 	 35.538
FD11024	115.125 	 12.210 	 37.305
FD11024	115.250 	 12.312 	 34.287
FD11024	115.375 	 12.211 	 37.303
FD11024	115.500 	 11.944 	 35.538
FD11024	115.625 	 12.114 	 37.304
FD11024	115.750 	 11.944 	 35.538
FD11024	115.875 	 12.210 	 37.305
FD11024	116.000 	 11.944 	 35.538
FD11024	116.125 	 12.471 	 36.027
FD11024	116.250 	 11.944 	 35.538
FD11024	116.375 	 12.210 	 37.304
FD11024	116.500 	 11.944 	 35.538
FD11024	116.625 	 12.211 	 37.304
FD11024	116.750 	 11.849 	 35.538
FD11024	116.875 	 12.210 	 37.305
FD11024	117.000 	 12.312 	 34.287
FD11024	117.125 	 11.945 	 35.537
FD11024	117.250 	 12.114 	 37.305
FD11024	117.375 	 12.210 	 37.304
FD11024	117.500 	 12.312 	 34.287
FD11024	117.625 	 12.210 	 37.305
FD11024	117.750 	 12.313 	 34.286
FD11024	117.875 	 12.210 	 37.304
FD11024	118.000 	 12.312 	 34.287
FD11024	118.125 	 12.114 	 37.304
FD11024	118.250 	 12.570 	 36.029
FD11024	118.375 	 11.945 	 35.536
FD11024	118.500 	 12.569 	 36.028
FD11024	118.625 	 11.944 	 35.538
FD11024	118.750 	 12.570 	 36.027
FD11024	118.875 	 11.849 	 35.538
FD11024	119.000 	 12.211 	 37.305
FD11024	119.125 	 12.570 	 36.027
FD11024	119.250 	 11.944 	 35.538
FD11024	119.375 	 12.570 	 36.027
FD11024	119.500 	 11.944 	 35.538
FD11024	119.625 	 12.570 	 36.028
FD11024	119.750 	 11.849 	 35.538
FD11024	119.875 	 12.570 	 36.027
FD11024	120.000 	 12.210 	 37.305
FD11024	120.125 	 12.312 	 34.286
FD11024	120.250 	 12.211 	 37.304
FD11024	120.375 	 12.312 	 34.287
FD11024	120.500 	 12.114 	 37.304
FD11024	120.625 	 12.312 	 34.287
FD11024	120.750 	 12.211 	 37.303
FD11024	120.875 	 12.570 	 36.028
FD11024	121.000 	 11.944 	 35.538
FD11024	121.125 	 12.210 	 37.305
FD11024	121.250 	 12.312 	 34.286
FD11024	121.375 	 12.114 	 37.305
FD11024	121.500 	 12.313 	 34.286
FD11024	121.625 	 12.210 	 37.304
FD11024	121.750 	 12.570 	 36.027
FD11024	121.875 	 11.944 	 35.538
FD11024	122.000 	 12.570 	 36.028
FD11024	122.125 	 11.849 	 35.538
FD11024	122.250 	 12.570 	 36.027
FD11024	122.375 	 11.944 	 35.538
FD11024	122.500 	 12.570 	 36.027
FD11024	122.625 	 12.211 	 37.304
FD11024	122.750 	 12.312 	 34.287
FD11024	122.875 	 12.210 	 37.304
FD11024	123.000 	 12.215 	 34.287
FD11024	123.125 	 12.211 	 37.303
FD11024	123.250 	 11.944 	 35.538
FD11024	123.375 	 12.569 	 36.028
FD11024	123.500 	 12.210 	 37.305
FD11024	123.625 	 12.312 	 34.286
FD11024	123.750 	 12.114 	 37.305
FD11024	123.875 	 12.313 	 34.286
FD11024	124.000 	 12.210 	 37.304
FD11024	124.125 	 12.312 	 34.287
FD11024	124.250 	 12.210 	 37.304
FD11024	124.375 	 12.312 	 34.287
FD11024	124.500 	 12.211 	 37.305
FD11024	124.625 	 12.471 	 36.027
FD11024	124.750 	 11.944 	 35.538
FD11024	124.875 	 12.570 	 36.027
FD11024	125.000 	 11.944 	 35.538
FD11024	125.125 	 12.571 	 36.027
FD11024	125.250 	 11.944 	 35.538
FD11024	125.375 	 12.114 	 37.304
FD11024	125.500 	 12.570 	 36.027
FD11024	125.625 	 11.944 	 35.538
FD11024	125.750 	 12.570 	 36.028
FD11024	125.875 	 11.944 	 35.538
FD11024	126.000 	 12.570 	 36.027
FD11024	126.125 	 11.944 	 35.538
FD11024	126.250 	 12.471 	 36.027
FD11024	126.375 	 12.211 	 37.304
FD11024	126.500 	 12.312 	 34.287
FD11024	126.625 	 12.569 	 36.028
FD11024	126.750 	 12.570 	 36.027
FD11024	126.875 	 12.312 	 34.287
FD11024	127.000 	 12.570 	 36.028
FD11024	127.125 	 12.570 	 36.027
FD11024	127.250 	 12.312 	 34.286
FD11024	127.375 	 12.569 	 36.028
FD11024	127.500 	 12.571 	 36.027
FD11024	127.625 	 12.312 	 34.286
FD11024	127.750 	 12.569 	 36.028
FD11024	127.875 	 12.570 	 36.027
FD11024	128.000 	 12.312 	 34.286
FD11024	128.125 	 12.570 	 36.029
FD11024	128.250 	 12.570 	 36.027
FD11024	128.375 	 12.570 	 36.027
FD11024	128.500 	 12.312 	 34.288
FD11024	128.625 	 12.471 	 36.027
FD11024	128.750 	 12.571 	 36.027
FD11024	128.875 	 12.312 	 34.287
FD11024	129.000 	 12.570 	 36.027
FD11024	129.125 	 12.935 	 34.825
FD11024	129.250 	 12.311 	 34.286
FD11024	129.375 	 12.571 	 36.027
FD11024	129.500 	 12.569 	 36.029
FD11024	129.625 	 12.313 	 34.286
FD11024	129.750 	 12.571 	 36.027
FD11024	129.875 	 12.569 	 36.028
FD11024	130.000 	 12.571 	 36.027
FD11024	130.125 	 12.313 	 34.287
FD11024	130.250 	 12.569 	 36.028
FD11024	130.375 	 12.571 	 36.027
FD11024	130.500 	 12.311 	 34.286
FD11024	130.625 	 12.570 	 36.028
FD11024	130.750 	 12.571 	 36.027
FD11024	130.875 	 12.311 	 34.286
FD11024	131.000 	 12.570 	 36.028
FD11024	131.125 	 12.569 	 36.027
FD11024	131.250 	 12.313 	 34.286
FD11024	131.375 	 12.570 	 36.029
FD11024	131.500 	 12.569 	 36.027
FD11024	131.625 	 12.571 	 36.027
FD11024	131.750 	 12.311 	 34.288
FD11024	131.875 	 12.571 	 36.027
FD11024	132.000 	 12.471 	 36.027
FD11024	132.125 	 12.312 	 34.287
FD11024	132.250 	 12.933 	 34.823
FD11024	132.375 	 12.570 	 36.029
FD11024	132.500 	 12.313 	 34.286
FD11024	132.625 	 12.569 	 36.027
FD11024	132.750 	 12.570 	 36.029
FD11024	132.875 	 12.311 	 34.286
FD11024	133.000 	 12.571 	 36.027
FD11024	133.125 	 12.570 	 36.028
FD11024	133.250 	 12.569 	 36.027
FD11024	133.375 	 12.313 	 34.286
FD11024	133.500 	 12.569 	 36.028
FD11024	133.625 	 12.571 	 36.027
FD11024	133.750 	 12.313 	 34.286
FD11024	133.875 	 12.569 	 36.028
FD11024	134.000 	 12.571 	 36.027
FD11024	134.125 	 12.311 	 34.286
FD11024	134.250 	 12.570 	 36.029
FD11024	134.375 	 12.571 	 36.027
FD11024	134.500 	 12.311 	 34.286
FD11024	134.625 	 12.570 	 36.029
FD11024	134.750 	 12.569 	 36.027
FD11024	134.875 	 12.571 	 36.027
FD11024	135.000 	 12.312 	 34.287
FD11024	135.125 	 12.569 	 36.027
FD11024	135.250 	 12.571 	 36.027
FD11024	135.375 	 12.215 	 34.287
FD11024	135.500 	 12.935 	 34.823
FD11024	135.625 	 12.670 	 36.029
FD11024	135.750 	 13.301 	 33.690
FD11024	135.875 	 13.303 	 33.690
FD11024	136.000 	 13.408 	 33.690
FD11024	136.125 	 13.303 	 33.690
FD11024	136.250 	 13.301 	 33.690
FD11024	136.375 	 13.408 	 33.691
FD11024	136.500 	 12.935 	 34.824
FD11024	136.625 	 13.302 	 33.691
FD11024	136.750 	 13.408 	 33.690
FD11024	136.875 	 13.301 	 33.690
FD11024	137.000 	 13.303 	 33.690
FD11024	137.125 	 13.408 	 33.690
FD11024	137.250 	 13.303 	 33.690
FD11024	137.375 	 13.037 	 34.825
FD11024	137.500 	 13.303 	 33.690
FD11024	137.625 	 13.301 	 33.691
FD11024	137.750 	 13.408 	 33.690
FD11024	137.875 	 13.555 	 35.311
FD11024	138.000 	 13.303 	 33.690
FD11024	138.125 	 13.408 	 33.690
FD11024	138.250 	 13.301 	 33.690
FD11024	138.375 	 12.935 	 34.825
FD11024	138.500 	 13.408 	 33.690
FD11024	138.625 	 13.302 	 33.691
FD11024	138.750 	 13.301 	 33.690
FD11024	138.875 	 13.408 	 33.691
FD11024	139.000 	 13.303 	 33.690
FD11024	139.125 	 13.408 	 33.690
FD11024	139.250 	 12.934 	 34.824
FD11024	139.375 	 13.301 	 33.690
FD11024	139.500 	 13.408 	 33.691
FD11024	139.625 	 13.302 	 33.691
FD11024	139.750 	 13.303 	 33.690
FD11024	139.875 	 13.408 	 33.690
FD11024	140.000 	 13.301 	 33.691
FD11024	140.125 	 13.303 	 33.690
FD11024	140.250 	 13.037 	 34.824
FD11024	140.375 	 13.303 	 33.690
FD11024	140.500 	 13.301 	 33.690
FD11024	140.625 	 13.409 	 33.692
FD11024	140.750 	 13.301 	 33.690
FD11024	140.875 	 13.303 	 33.690
FD11024	141.000 	 13.408 	 33.690
FD11024	141.125 	 12.934 	 34.824
FD11024	141.250 	 13.662 	 35.311
FD11024	141.375 	 13.301 	 33.690
FD11024	141.500 	 13.303 	 33.691
FD11024	141.625 	 13.408 	 33.691
FD11024	141.750 	 13.303 	 33.690
FD11024	141.875 	 13.301 	 33.690
FD11024	142.000 	 13.408 	 33.691
FD11024	142.125 	 12.934 	 34.824
FD11024	142.250 	 13.303 	 33.690
FD11024	142.375 	 13.408 	 33.690
FD11024	142.500 	 13.301 	 33.690
FD11024	142.625 	 13.303 	 33.691
FD11024	142.750 	 13.408 	 33.691
FD11024	142.875 	 13.303 	 33.690
FD11024	143.000 	 13.037 	 34.824
FD11024	143.125 	 13.301 	 33.691
FD11024	143.250 	 13.303 	 33.690
FD11024	143.375 	 13.408 	 33.690
FD11024	143.500 	 13.303 	 33.690
FD11024	143.625 	 13.301 	 33.690
FD11024	143.750 	 13.409 	 33.692
FD11024	143.875 	 13.301 	 33.690
FD11024	144.000 	 12.934 	 34.824
FD11024	144.125 	 13.408 	 33.690
FD11024	144.250 	 13.303 	 33.690
FD11024	144.375 	 13.301 	 33.691
FD11024	144.500 	 13.408 	 33.690
FD11024	144.625 	 13.555 	 35.311
FD11024	144.750 	 13.302 	 33.691
FD11024	144.875 	 13.783 	 32.618
FD11024	145.000 	 13.782 	 32.619
FD11024	145.125 	 14.398 	 33.179
FD11024	145.250 	 14.160 	 31.607
FD11024	145.375 	 14.050 	 31.609
FD11024	145.500 	 14.398 	 33.177
FD11024	145.625 	 14.160 	 31.609
FD11024	145.750 	 14.160 	 31.607
FD11024	145.875 	 14.398 	 33.179
FD11024	146.000 	 14.050 	 31.607
FD11024	146.125 	 14.398 	 33.179
FD11024	146.250 	 14.160 	 31.607
FD11024	146.375 	 14.160 	 31.607
FD11024	146.500 	 14.028 	 34.216
FD11024	146.625 	 14.162 	 31.607
FD11024	146.750 	 14.284 	 33.179
FD11024	146.875 	 14.160 	 31.607
FD11024	147.000 	 14.162 	 31.607
FD11024	147.125 	 14.398 	 33.179
FD11024	147.250 	 14.160 	 31.607
FD11024	147.375 	 14.048 	 31.607
FD11024	147.500 	 14.400 	 33.179
FD11024	147.625 	 14.160 	 31.607
FD11024	147.750 	 14.398 	 33.179
FD11024	147.875 	 14.160 	 31.607
FD11024	148.000 	 13.782 	 32.621
FD11024	148.125 	 14.286 	 33.177
FD11024	148.250 	 14.160 	 31.609
FD11024	148.375 	 14.398 	 33.177
FD11024	148.500 	 14.160 	 31.609
FD11024	148.625 	 14.160 	 31.607
FD11024	148.750 	 14.398 	 33.179
FD11024	148.875 	 14.050 	 31.607
FD11024	149.000 	 14.160 	 31.607
FD11024	149.125 	 14.398 	 33.179
FD11024	149.250 	 14.160 	 31.607
FD11024	149.375 	 14.400 	 33.179
FD11024	149.500 	 13.673 	 32.618
FD11024	149.625 	 14.160 	 31.607
FD11024	149.750 	 14.400 	 33.179
FD11024	149.875 	 14.160 	 31.607
FD11024	150.000 	 14.398 	 33.180
FD11024	150.125 	 14.160 	 31.607
FD11024	150.250 	 14.050 	 31.609
FD11024	150.375 	 14.398 	 33.177
FD11024	150.500 	 14.160 	 31.609
FD11024	150.625 	 14.160 	 31.607
FD11024	150.750 	 14.398 	 33.179
FD11024	150.875 	 14.050 	 31.607
FD11024	151.000 	 14.398 	 33.179
FD11024	151.125 	 13.783 	 32.618
FD11024	151.250 	 14.160 	 31.607
FD11024	151.375 	 14.398 	 33.179
FD11024	151.500 	 14.160 	 31.607
FD11024	151.625 	 14.286 	 33.179
FD11024	151.750 	 14.160 	 31.607
FD11024	151.875 	 14.160 	 31.607
FD11024	152.000 	 14.400 	 33.179
FD11024	152.125 	 14.160 	 31.608
FD11024	152.250 	 14.048 	 31.609
FD11024	152.375 	 14.398 	 33.177
FD11024	152.500 	 14.162 	 31.609
FD11024	152.625 	 14.028 	 34.214
FD11024	152.750 	 14.160 	 31.609
FD11024	152.875 	 14.160 	 31.607
FD11024	153.000 	 14.286 	 33.179
FD11024	153.125 	 14.160 	 31.607
FD11024	153.250 	 14.398 	 33.179
FD11024	153.375 	 14.160 	 31.607
FD11024	153.500 	 14.160 	 31.607
FD11024	153.625 	 14.286 	 33.179
FD11024	153.750 	 14.160 	 31.607
FD11024	153.875 	 14.160 	 31.607
FD11024	154.000 	 14.398 	 33.179
FD11024	154.125 	 14.398 	 33.179
FD11024	154.250 	 15.012 	 33.690
FD11024	154.375 	 15.133 	 33.691
FD11024	154.500 	 15.012 	 33.690
FD11024	154.625 	 15.012 	 33.689
FD11024	154.750 	 15.014 	 33.691
FD11024	154.875 	 15.131 	 33.689
FD11024	155.000 	 14.771 	 32.197
FD11024	155.125 	 15.014 	 33.689
FD11024	155.250 	 15.012 	 33.691
FD11024	155.375 	 15.130 	 33.690
FD11024	155.500 	 15.014 	 33.689
FD11024	155.625 	 15.012 	 33.691
FD11024	155.750 	 15.012 	 33.689
FD11024	155.875 	 15.132 	 33.690
FD11024	156.000 	 14.772 	 32.196
FD11024	156.125 	 15.012 	 33.691
FD11024	156.250 	 14.646 	 34.695
FD11024	156.375 	 15.132 	 33.689
FD11024	156.500 	 15.012 	 33.691
FD11024	156.625 	 15.012 	 33.689
FD11024	156.750 	 15.132 	 33.689
FD11024	156.875 	 15.012 	 33.691
FD11024	157.000 	 14.772 	 32.196
FD11024	157.125 	 15.012 	 33.690
FD11024	157.250 	 15.132 	 33.689
FD11024	157.375 	 15.012 	 33.691
FD11024	157.500 	 15.012 	 33.689
FD11024	157.625 	 15.012 	 33.690
FD11024	157.750 	 15.133 	 33.691
FD11024	157.875 	 15.012 	 33.689
FD11024	158.000 	 14.771 	 32.197
FD11024	158.125 	 15.012 	 33.689
FD11024	158.250 	 15.132 	 33.691
FD11024	158.375 	 15.012 	 33.689
FD11024	158.500 	 15.012 	 33.690
FD11024	158.625 	 15.012 	 33.691
FD11024	158.750 	 15.132 	 33.690
FD11024	158.875 	 15.012 	 33.689
FD11024	159.000 	 14.771 	 32.197
FD11024	159.125 	 15.012 	 33.691
FD11024	159.250 	 14.764 	 34.695
FD11024	159.375 	 15.012 	 33.689
FD11024	159.500 	 15.012 	 33.691
FD11024	159.625 	 15.132 	 33.690
FD11024	159.750 	 15.012 	 33.689
FD11024	159.875 	 15.012 	 33.691
FD11024	160.000 	 14.774 	 32.196
FD11024	160.125 	 15.130 	 33.691
FD11024	160.250 	 15.012 	 33.689
FD11024	160.375 	 15.014 	 33.691
FD11024	160.500 	 15.012 	 33.689
FD11024	160.625 	 15.131 	 33.689
FD11024	160.750 	 15.012 	 33.692
FD11024	160.875 	 15.014 	 33.689
FD11024	161.000 	 15.012 	 33.691
FD11024	161.125 	 14.888 	 32.194
FD11024	161.250 	 15.014 	 33.692
FD11024	161.375 	 15.012 	 33.689
FD11024	161.500 	 15.012 	 33.689
FD11024	161.625 	 15.133 	 33.691
FD11024	161.750 	 15.012 	 33.689
FD11024	161.875 	 15.012 	 33.692
FD11024	162.000 	 15.012 	 33.689
FD11024	162.125 	 14.890 	 32.196
FD11024	162.250 	 14.646 	 34.696
FD11024	162.375 	 15.012 	 33.689
FD11024	162.500 	 15.133 	 33.691
FD11024	162.625 	 15.012 	 33.689
FD11024	162.750 	 15.012 	 33.692
FD11024	162.875 	 15.012 	 33.689
FD11024	163.000 	 15.132 	 33.689
FD11024	163.125 	 15.623 	 34.160
FD11024	163.250 	 15.643 	 36.529
FD11024	163.375 	 15.641 	 36.528
FD11024	163.500 	 15.874 	 35.538
FD11024	163.625 	 15.910 	 37.876
FD11024	163.750 	 16.001 	 35.535
FD11024	163.875 	 15.641 	 36.531
FD11024	164.000 	 15.876 	 35.537
FD11024	164.125 	 15.641 	 36.529
FD11024	164.250 	 16.001 	 35.538
FD11024	164.375 	 15.519 	 36.528
FD11024	164.500 	 16.001 	 35.538
FD11024	164.625 	 15.641 	 36.528
FD11024	164.750 	 16.001 	 35.538
FD11024	164.875 	 15.785 	 37.874
FD11024	165.000 	 16.000 	 35.537
FD11024	165.125 	 15.643 	 36.531
FD11024	165.250 	 15.519 	 36.528
FD11024	165.375 	 15.999 	 35.538
FD11024	165.500 	 15.643 	 36.528
FD11024	165.625 	 16.001 	 35.538
FD11024	165.750 	 15.519 	 36.528
FD11024	165.875 	 16.001 	 35.538
FD11024	166.000 	 15.641 	 36.528
FD11024	166.125 	 16.261 	 36.870
FD11024	166.250 	 15.519 	 36.529
FD11024	166.375 	 16.001 	 35.538
FD11024	166.500 	 15.642 	 36.530
FD11024	166.625 	 15.875 	 35.537
FD11024	166.750 	 15.641 	 36.530
FD11024	166.875 	 15.643 	 36.529
FD11024	167.000 	 16.000 	 35.537
FD11024	167.125 	 15.519 	 36.529
FD11024	167.250 	 16.000 	 35.537
FD11024	167.375 	 15.909 	 37.874
FD11024	167.500 	 15.874 	 35.538
FD11024	167.625 	 15.643 	 36.528
FD11024	167.750 	 16.001 	 35.538
FD11024	167.875 	 15.641 	 36.530
FD11024	168.000 	 15.877 	 35.537
FD11024	168.125 	 15.641 	 36.530
FD11024	168.250 	 16.001 	 35.538
FD11024	168.375 	 15.643 	 36.528
FD11024	168.500 	 15.519 	 36.529
FD11024	168.625 	 16.259 	 36.870
FD11024	168.750 	 15.643 	 36.529
FD11024	168.875 	 15.874 	 35.537
FD11024	169.000 	 15.643 	 36.529
FD11024	169.125 	 16.000 	 35.537
FD11024	169.250 	 15.641 	 36.531
FD11024	169.375 	 15.874 	 35.537
FD11024	169.500 	 15.643 	 36.529
FD11024	169.625 	 16.000 	 35.537
FD11024	169.750 	 15.641 	 36.529
FD11024	169.875 	 16.134 	 36.870
FD11024	170.000 	 15.641 	 36.528
FD11024	170.125 	 16.001 	 35.538
FD11024	170.250 	 15.519 	 36.528
FD11024	170.375 	 15.643 	 36.529
FD11024	170.500 	 15.998 	 35.537
FD11024	170.625 	 15.643 	 36.531
FD11024	170.750 	 15.874 	 35.537
FD11024	170.875 	 15.643 	 36.529
FD11024	171.000 	 16.000 	 35.537
FD11024	171.125 	 15.785 	 37.876
FD11024	171.250 	 15.998 	 35.537
FD11024	171.375 	 15.643 	 36.529
FD11024	171.500 	 16.000 	 35.537
FD11024	171.625 	 15.519 	 36.529
FD11024	171.750 	 16.000 	 35.537
FD11024	171.875 	 15.641 	 36.529
FD11024	172.000 	 15.642 	 36.530
FD11024	172.125 	 15.874 	 35.538
FD11024	172.250 	 15.643 	 36.528
FD11024	172.375 	 16.261 	 36.870
FD11024	172.500 	 16.527 	 38.158
FD11024	172.625 	 16.261 	 36.870
FD11024	172.750 	 16.261 	 36.870
FD11024	172.875 	 16.259 	 36.868
FD11024	173.000 	 16.261 	 36.870
FD11024	173.125 	 16.261 	 36.871
FD11024	173.250 	 16.259 	 36.870
FD11024	173.375 	 16.261 	 36.870
FD11024	173.500 	 16.261 	 36.870
FD11024	173.625 	 15.909 	 37.874
FD11024	173.750 	 16.261 	 36.870
FD11024	173.875 	 16.261 	 36.870
FD11024	174.000 	 16.259 	 36.870
FD11024	174.125 	 16.261 	 36.870
FD11024	174.250 	 16.528 	 38.158
FD11024	174.375 	 16.259 	 36.870
FD11024	174.500 	 16.261 	 36.870
FD11024	174.625 	 16.261 	 36.870
FD11024	174.750 	 16.259 	 36.870
FD11024	174.875 	 16.261 	 36.870
FD11024	175.000 	 16.261 	 36.871
FD11024	175.125 	 15.909 	 37.874
FD11024	175.250 	 16.261 	 36.870
FD11024	175.375 	 16.261 	 36.870
FD11024	175.500 	 16.261 	 36.870
FD11024	175.625 	 16.259 	 36.870
FD11024	175.750 	 16.261 	 36.870
FD11024	175.875 	 16.528 	 38.158
FD11024	176.000 	 16.259 	 36.868
FD11024	176.125 	 16.261 	 36.870
FD11024	176.250 	 16.261 	 36.870
FD11024	176.375 	 16.259 	 36.870
FD11024	176.500 	 16.261 	 36.870
FD11024	176.625 	 15.911 	 37.874
FD11024	176.750 	 16.259 	 36.870
FD11024	176.875 	 16.261 	 36.871
FD11024	177.000 	 16.261 	 36.870
FD11024	177.125 	 16.259 	 36.870
FD11024	177.250 	 16.261 	 36.870
FD11024	177.375 	 16.261 	 36.870
FD11024	177.500 	 16.259 	 36.870
FD11024	177.625 	 16.528 	 38.158
FD11024	177.750 	 16.261 	 36.870
FD11024	177.875 	 16.259 	 36.870
FD11024	178.000 	 16.261 	 36.870
FD11024	178.125 	 15.911 	 37.874
FD11024	178.250 	 16.259 	 36.870
FD11024	178.375 	 16.261 	 36.870
FD11024	178.500 	 16.261 	 36.870
FD11024	178.625 	 16.261 	 36.870
FD11024	178.750 	 16.259 	 36.871
FD11024	178.875 	 16.261 	 36.870
FD11024	179.000 	 16.261 	 36.868
FD11024	179.125 	 16.259 	 36.870
FD11024	179.250 	 16.528 	 38.158
FD11024	179.375 	 16.261 	 36.870
FD11024	179.500 	 16.259 	 36.870
FD11024	179.625 	 15.911 	 37.874
FD11024	179.750 	 16.261 	 36.870
FD11024	179.875 	 16.259 	 36.870
FD11024	180.000 	 16.261 	 36.870
FD11024	180.125 	 16.261 	 36.870
FD11024	180.250 	 16.259 	 36.870
FD11024	180.375 	 16.261 	 36.870
FD11024	180.500 	 16.261 	 36.870
FD11024	180.625 	 16.259 	 36.871
FD11024	180.750 	 16.261 	 36.870
FD11024	180.875 	 16.528 	 38.157
FD11024	181.000 	 16.259 	 36.870
FD11024	181.125 	 15.911 	 37.876
FD11024	181.250 	 16.261 	 36.870
FD11024	181.375 	 16.259 	 36.870
FD11024	181.500 	 16.261 	 36.870
FD11024	181.625 	 16.261 	 36.870
FD11024	181.750 	 16.615 	 35.908
FD11024	181.875 	 16.527 	 38.158
FD11024	182.000 	 16.261 	 36.870
FD11024	182.125 	 16.614 	 35.910
FD11024	182.250 	 16.259 	 36.870
FD11024	182.375 	 16.528 	 38.158
FD11024	182.500 	 16.615 	 35.908
FD11024	182.625 	 16.389 	 36.870
FD11024	182.750 	 16.259 	 36.870
FD11024	182.875 	 16.528 	 38.158
FD11024	183.000 	 16.614 	 35.910
FD11024	183.125 	 16.261 	 36.870
FD11024	183.250 	 16.259 	 36.870
FD11024	183.375 	 16.876 	 37.184
FD11024	183.500 	 16.261 	 36.870
FD11024	183.625 	 16.259 	 36.870
FD11024	183.750 	 16.745 	 35.910
FD11024	183.875 	 16.528 	 38.158
FD11024	184.000 	 16.261 	 36.870
FD11024	184.125 	 16.613 	 35.908
FD11024	184.250 	 16.261 	 36.870
FD11024	184.375 	 16.528 	 38.157
FD11024	184.500 	 16.261 	 36.871
FD11024	184.625 	 16.612 	 35.910
FD11024	184.750 	 16.389 	 36.870
FD11024	184.875 	 16.528 	 38.157
FD11024	185.000 	 16.615 	 35.910
FD11024	185.125 	 16.259 	 36.870
FD11024	185.250 	 16.261 	 36.870
FD11024	185.375 	 16.875 	 37.185
FD11024	185.500 	 16.261 	 36.870
FD11024	185.625 	 16.259 	 36.871
FD11024	185.750 	 16.615 	 35.908
FD11024	185.875 	 16.658 	 38.157
FD11024	186.000 	 16.261 	 36.870
FD11024	186.125 	 16.259 	 36.871
FD11024	186.250 	 16.614 	 35.910
FD11024	186.375 	 16.528 	 38.157
FD11024	186.500 	 16.259 	 36.870
FD11024	186.625 	 16.615 	 35.910
FD11024	186.750 	 16.261 	 36.870
FD11024	186.875 	 16.528 	 38.157
FD11024	187.000 	 16.745 	 35.910
FD11024	187.125 	 16.259 	 36.870
FD11024	187.250 	 16.528 	 38.158
FD11024	187.375 	 16.615 	 35.908
FD11024	187.500 	 16.259 	 36.870
FD11024	187.625 	 16.261 	 36.870
FD11024	187.750 	 16.528 	 38.158
FD11024	187.875 	 16.614 	 35.910
FD11024	188.000 	 16.389 	 36.870
FD11024	188.125 	 16.259 	 36.870
FD11024	188.250 	 16.876 	 37.184
FD11024	188.375 	 16.261 	 36.870
FD11024	188.500 	 16.259 	 36.870
FD11024	188.625 	 16.614 	 35.910
FD11024	188.750 	 16.528 	 38.158
FD11024	188.875 	 16.259 	 36.870
FD11024	189.000 	 16.615 	 35.908
FD11024	189.125 	 16.389 	 36.870
FD11024	189.250 	 16.528 	 38.158
FD11024	189.375 	 16.261 	 36.870
FD11024	189.500 	 16.612 	 35.910
FD11024	189.625 	 16.261 	 36.870
FD11024	189.750 	 16.528 	 38.158
FD11024	189.875 	 16.613 	 35.908
FD11024	190.000 	 16.261 	 36.870
FD11024	190.125 	 16.389 	 36.870
FD11024	190.250 	 16.875 	 37.186
FD11024	190.375 	 16.261 	 36.870
FD11024	190.500 	 16.259 	 36.870
FD11024	190.625 	 16.261 	 36.870
FD11024	190.750 	 16.876 	 37.184
FD11024	190.875 	 16.259 	 36.870
FD11024	191.000 	 16.614 	 35.910
FD11024	191.125 	 16.659 	 38.158
FD11024	191.250 	 16.614 	 35.910
FD11024	191.375 	 16.261 	 36.870
FD11024	191.500 	 16.873 	 37.183
FD11024	191.625 	 16.261 	 36.870
FD11024	191.750 	 16.745 	 35.910
FD11024	191.875 	 16.876 	 37.185
FD11024	192.000 	 16.261 	 36.870
FD11024	192.125 	 16.873 	 37.185
FD11024	192.250 	 16.261 	 36.870
FD11024	192.375 	 16.745 	 35.910
FD11024	192.500 	 16.876 	 37.185
FD11024	192.625 	 16.261 	 36.870
FD11024	192.750 	 16.873 	 37.185
FD11024	192.875 	 16.389 	 36.870
FD11024	193.000 	 16.615 	 35.908
FD11024	193.125 	 16.875 	 37.185
FD11024	193.250 	 16.259 	 36.870
FD11024	193.375 	 16.875 	 37.187
FD11024	193.500 	 16.389 	 36.870
FD11024	193.625 	 16.615 	 35.908
FD11024	193.750 	 16.875 	 37.185
FD11024	193.875 	 16.259 	 36.870
FD11024	194.000 	 16.876 	 37.185
FD11024	194.125 	 16.389 	 36.870
FD11024	194.250 	 16.614 	 35.910
FD11024	194.375 	 16.875 	 37.185
FD11024	194.500 	 16.259 	 36.870
FD11024	194.625 	 16.875 	 37.183
FD11024	194.750 	 16.389 	 36.870
FD11024	194.875 	 16.614 	 35.910
FD11024	195.000 	 16.876 	 37.185
FD11024	195.125 	 16.259 	 36.870
FD11024	195.250 	 16.614 	 35.910
FD11024	195.375 	 16.658 	 38.157
FD11024	195.500 	 16.614 	 35.910
FD11024	195.625 	 16.876 	 37.185
FD11024	195.750 	 16.259 	 36.870
FD11024	195.875 	 16.745 	 35.910
FD11024	196.000 	 16.528 	 38.157
FD11024	196.125 	 16.615 	 35.908
FD11024	196.250 	 16.526 	 38.157
FD11024	196.375 	 16.614 	 35.910
FD11024	196.500 	 16.745 	 35.913
FD11024	196.625 	 16.528 	 38.157
FD11024	196.750 	 16.615 	 35.908
FD11024	196.875 	 16.526 	 38.157
FD11024	197.000 	 16.614 	 35.910
FD11024	197.125 	 16.745 	 35.910
FD11024	197.250 	 16.529 	 38.157
FD11024	197.375 	 16.614 	 35.910
FD11024	197.500 	 16.526 	 38.157
FD11024	197.625 	 16.614 	 35.910
FD11024	197.750 	 16.746 	 35.908
FD11024	197.875 	 16.529 	 38.159
FD11024	198.000 	 16.614 	 35.910
FD11024	198.125 	 16.259 	 36.870
FD11024	198.250 	 17.010 	 37.183
FD11024	198.375 	 16.612 	 35.910
FD11024	198.500 	 16.528 	 38.157
FD11024	198.625 	 16.614 	 35.910
FD11024	198.750 	 16.259 	 36.870
FD11024	198.875 	 17.009 	 37.185
FD11024	199.000 	 16.614 	 35.910
FD11024	199.125 	 16.528 	 38.157
FD11024	199.250 	 16.612 	 35.910
FD11024	199.375 	 16.261 	 36.868
FD11024	199.500 	 17.008 	 37.187
FD11024	199.625 	 16.614 	 35.910
FD11024	199.750 	 16.528 	 38.157
FD11024	199.875 	 16.613 	 35.908
FD11024	200.000 	 16.261 	 36.870
FD11024	200.125 	 17.007 	 37.185
FD11024	200.250 	 16.875 	 37.187
FD11024	200.375 	 16.615 	 35.908
FD11024	200.500 	 17.007 	 37.185
FD11024	200.625 	 16.875 	 37.185
FD11024	200.750 	 17.009 	 37.185
FD11024	200.875 	 16.612 	 35.910
FD11024	201.000 	 16.875 	 37.183
FD11024	201.125 	 17.007 	 37.185
FD11024	201.250 	 16.875 	 37.187
FD11024	201.375 	 16.528 	 38.157
FD11024	201.500 	 16.746 	 35.908
FD11024	201.625 	 16.875 	 37.187
FD11024	201.750 	 16.873 	 37.185
FD11024	201.875 	 17.010 	 37.183
FD11024	202.000 	 16.612 	 35.910
FD11024	202.125 	 17.008 	 37.187
FD11024	202.250 	 16.875 	 37.183
FD11024	202.375 	 16.875 	 37.185
FD11024	202.500 	 17.008 	 37.187
FD11024	202.625 	 16.615 	 35.908
FD11024	202.750 	 16.873 	 37.185
FD11024	202.875 	 17.010 	 37.183
FD11024	203.000 	 16.873 	 37.187
FD11024	203.125 	 16.614 	 35.910
FD11024	203.250 	 17.008 	 37.183
FD11024	203.375 	 16.875 	 37.185
FD11024	203.500 	 17.008 	 37.187
FD11024	203.625 	 16.875 	 37.183
FD11024	203.750 	 16.612 	 35.910
FD11024	203.875 	 17.009 	 37.185
FD11024	204.000 	 16.874 	 37.185
FD11024	204.125 	 16.875 	 37.185
FD11024	204.250 	 16.389 	 36.870
FD11024	204.375 	 16.875 	 37.187
FD11024	204.500 	 17.008 	 37.183
FD11024	204.625 	 16.875 	 37.185
FD11024	204.750 	 16.874 	 37.185
FD11024	204.875 	 16.747 	 35.910
FD11024	205.000 	 16.873 	 37.185
FD11024	205.125 	 16.875 	 37.183
FD11024	205.250 	 17.008 	 37.187
FD11024	205.375 	 16.875 	 37.185
FD11024	205.500 	 16.615 	 35.908
FD11024	205.625 	 17.007 	 37.185
FD11024	205.750 	 16.875 	 37.187
FD11024	205.875 	 17.008 	 37.183
FD11024	206.000 	 16.612 	 35.910
FD11024	206.125 	 16.875 	 37.185
FD11024	206.250 	 17.009 	 37.185
FD11024	206.375 	 16.875 	 37.185
FD11024	206.500 	 16.875 	 37.185
FD11024	206.625 	 16.746 	 35.908
FD11024	206.750 	 16.875 	 37.187
FD11024	206.875 	 16.873 	 37.185
FD11024	207.000 	 17.008 	 37.183
FD11024	207.125 	 16.261 	 36.870
FD11024	207.250 	 17.008 	 37.187
FD11024	207.375 	 16.875 	 37.183
FD11024	207.500 	 16.875 	 37.185
FD11024	207.625 	 17.008 	 37.187
FD11024	207.750 	 16.615 	 35.908
FD11024	207.875 	 16.873 	 37.185
FD11024	208.000 	 17.008 	 37.187
FD11024	208.125 	 16.875 	 37.183
FD11024	208.250 	 16.745 	 35.910
FD11024	208.375 	 16.875 	 37.185
FD11024	208.500 	 16.876 	 37.185
FD11024	208.625 	 17.007 	 37.185
FD11024	208.750 	 16.875 	 37.185
FD11024	208.875 	 16.613 	 35.908
FD11024	209.000 	 17.010 	 37.187
FD11024	209.125 	 16.873 	 37.183
FD11024	209.250 	 16.875 	 37.185
FD11024	209.375 	 16.745 	 35.910
FD11024	209.500 	 16.876 	 37.185
FD11024	209.625 	 17.007 	 37.185
FD11024	209.750 	 16.875 	 37.185
FD11024	209.875 	 17.278 	 38.418
FD11024	210.000 	 17.224 	 36.254
FD11024	210.125 	 17.278 	 38.418
FD11024	210.250 	 17.359 	 36.254
FD11024	210.375 	 17.143 	 38.418
FD11024	210.500 	 17.007 	 37.185
FD11024	210.625 	 17.486 	 37.476
FD11024	210.750 	 17.007 	 37.185
FD11024	210.875 	 17.623 	 37.476
FD11024	211.000 	 16.875 	 37.185
FD11024	211.125 	 17.623 	 37.476
FD11024	211.250 	 17.007 	 37.185
FD11024	211.375 	 17.486 	 37.476
FD11024	211.500 	 17.007 	 37.185
FD11024	211.625 	 17.143 	 38.420
FD11024	211.750 	 17.360 	 36.252
FD11024	211.875 	 17.277 	 38.420
FD11024	212.000 	 17.225 	 36.252
FD11024	212.125 	 17.277 	 38.420
FD11024	212.250 	 17.225 	 36.252
FD11024	212.375 	 17.277 	 38.420
FD11024	212.500 	 17.360 	 36.252
FD11024	212.625 	 17.143 	 38.420
FD11024	212.750 	 17.008 	 37.183
FD11024	212.875 	 17.623 	 37.478
FD11024	213.000 	 16.875 	 37.183
FD11024	213.125 	 17.622 	 37.476
FD11024	213.250 	 17.143 	 38.418
FD11024	213.375 	 17.359 	 36.254
FD11024	213.500 	 17.278 	 38.418
FD11024	213.625 	 17.224 	 36.254
FD11024	213.750 	 17.278 	 38.418
FD11024	213.875 	 17.007 	 37.185
FD11024	214.000 	 17.486 	 37.476
FD11024	214.125 	 17.007 	 37.185
FD11024	214.250 	 17.486 	 37.476
FD11024	214.375 	 17.007 	 37.185
FD11024	214.500 	 17.623 	 37.476
FD11024	214.625 	 16.875 	 37.185
FD11024	214.750 	 17.623 	 37.476
FD11024	214.875 	 17.009 	 37.185
FD11024	215.000 	 17.484 	 37.476
FD11024	215.125 	 17.007 	 37.185
FD11024	215.250 	 17.143 	 38.420
FD11024	215.375 	 17.360 	 36.252
FD11024	215.500 	 17.279 	 38.420
FD11024	215.625 	 17.223 	 36.252
FD11024	215.750 	 17.277 	 38.420
FD11024	215.875 	 17.362 	 36.252
FD11024	216.000 	 17.141 	 38.420
FD11024	216.125 	 17.362 	 36.252
FD11024	216.250 	 17.141 	 38.420
FD11024	216.375 	 17.008 	 37.183
FD11024	216.500 	 17.625 	 37.478
FD11024	216.625 	 16.873 	 37.183
FD11024	216.750 	 17.625 	 37.478
FD11024	216.875 	 17.008 	 37.183
FD11024	217.000 	 17.483 	 37.476
FD11024	217.125 	 17.011 	 37.185
FD11024	217.250 	 17.483 	 37.476
FD11024	217.375 	 17.011 	 37.185
FD11024	217.500 	 17.277 	 38.417
FD11024	217.625 	 17.224 	 36.255
FD11024	217.750 	 17.279 	 38.417
FD11024	217.875 	 17.623 	 37.476
FD11024	218.000 	 16.875 	 37.185
FD11024	218.125 	 17.623 	 37.476
FD11024	218.250 	 16.873 	 37.185
FD11024	218.375 	 17.625 	 37.476
FD11024	218.500 	 17.007 	 37.185
FD11024	218.625 	 17.143 	 38.420
FD11024	218.750 	 17.360 	 36.252
FD11024	218.875 	 17.277 	 38.420
FD11024	219.000 	 17.225 	 36.252
FD11024	219.125 	 17.277 	 38.420
FD11024	219.250 	 17.225 	 36.252
FD11024	219.375 	 17.623 	 37.478
FD11024	219.500 	 17.554 	 39.610
FD11024	219.625 	 17.622 	 37.476
FD11024	219.750 	 17.623 	 37.476
FD11024	219.875 	 17.625 	 37.476
FD11024	220.000 	 17.891 	 38.659
FD11024	220.125 	 17.623 	 37.476
FD11024	220.250 	 17.486 	 37.476
FD11024	220.375 	 17.622 	 37.476
FD11024	220.500 	 17.892 	 38.659
FD11024	220.625 	 17.623 	 37.476
FD11024	220.750 	 17.624 	 37.476
FD11024	220.875 	 17.623 	 37.476
FD11024	221.000 	 17.892 	 38.659
FD11024	221.125 	 17.623 	 37.478
FD11024	221.250 	 17.143 	 38.415
FD11024	221.375 	 17.623 	 37.478
FD11024	221.500 	 17.892 	 38.659
FD11024	221.625 	 17.624 	 37.476
FD11024	221.750 	 17.623 	 37.476
FD11024	221.875 	 17.623 	 37.476
FD11024	222.000 	 17.892 	 38.661
FD11024	222.125 	 17.623 	 37.474
FD11024	222.250 	 17.625 	 37.476
FD11024	222.375 	 17.483 	 37.476
FD11024	222.500 	 17.894 	 38.659
FD11024	222.625 	 17.623 	 37.476
FD11024	222.750 	 17.623 	 37.478
FD11024	222.875 	 17.623 	 37.474
FD11024	223.000 	 17.553 	 39.612
FD11024	223.125 	 17.625 	 37.476
FD11024	223.250 	 17.622 	 37.476
FD11024	223.375 	 17.623 	 37.476
FD11024	223.500 	 17.754 	 38.659
FD11024	223.625 	 17.623 	 37.478
FD11024	223.750 	 17.623 	 37.474
FD11024	223.875 	 17.892 	 38.659
FD11024	224.000 	 17.625 	 37.478
FD11024	224.125 	 17.623 	 37.474
FD11024	224.250 	 17.623 	 37.476
FD11024	224.375 	 17.892 	 38.661
FD11024	224.500 	 17.486 	 37.476
FD11024	224.625 	 17.277 	 38.417
FD11024	224.750 	 17.623 	 37.476
FD11024	224.875 	 17.894 	 38.661
FD11024	225.000 	 17.623 	 37.474
FD11024	225.125 	 17.623 	 37.476
FD11024	225.250 	 17.623 	 37.478
FD11024	225.375 	 17.892 	 38.657
FD11024	225.500 	 17.625 	 37.476
FD11024	225.625 	 17.484 	 37.478
FD11024	225.750 	 17.625 	 37.474
FD11024	225.875 	 17.892 	 38.659
FD11024	226.000 	 17.623 	 37.478
FD11024	226.125 	 17.623 	 37.474
FD11024	226.250 	 17.623 	 37.476
FD11024	226.375 	 17.555 	 39.612
FD11024	226.500 	 17.623 	 37.476
FD11024	226.625 	 17.485 	 37.476
FD11024	226.750 	 17.623 	 37.476
FD11024	226.875 	 17.892 	 38.661
FD11024	227.000 	 17.623 	 37.474
FD11024	227.125 	 17.623 	 37.476
FD11024	227.250 	 17.625 	 37.478
FD11024	227.375 	 17.892 	 38.659
FD11024	227.500 	 17.623 	 37.474
FD11024	227.625 	 17.623 	 37.478
FD11024	227.750 	 17.486 	 37.474
FD11024	227.875 	 17.892 	 38.659
FD11024	228.000 	 17.623 	 37.478
FD11024	228.125 	 17.280 	 38.418
FD11024	228.250 	 17.622 	 37.476
FD11024	228.375 	 17.892 	 38.659
FD11024	228.500 	 17.623 	 37.478
FD11024	228.625 	 17.623 	 37.474
FD11024	228.750 	 17.625 	 37.476
FD11024	228.875 	 17.751 	 38.661
FD11024	229.000 	 18.035 	 38.659
FD11024	229.125 	 17.971 	 36.572
FD11024	229.250 	 17.894 	 38.659
FD11024	229.375 	 17.892 	 38.661
FD11024	229.500 	 18.235 	 37.745
FD11024	229.625 	 17.623 	 37.478
FD11024	229.750 	 17.892 	 38.661
FD11024	229.875 	 18.237 	 37.745
FD11024	230.000 	 17.892 	 38.661
FD11024	230.125 	 17.622 	 37.476
FD11024	230.250 	 18.235 	 37.745
FD11024	230.375 	 17.894 	 38.661
FD11024	230.500 	 17.761 	 37.478
FD11024	230.625 	 18.235 	 37.745
FD11024	230.750 	 17.893 	 38.659
FD11024	230.875 	 17.893 	 38.658
FD11024	231.000 	 17.971 	 36.575
FD11024	231.125 	 17.892 	 38.661
FD11024	231.250 	 17.895 	 38.658
FD11024	231.375 	 18.233 	 37.749
FD11024	231.500 	 17.622 	 37.476
FD11024	231.625 	 17.893 	 38.658
FD11024	231.750 	 18.233 	 37.749
FD11024	231.875 	 17.895 	 38.658
FD11024	232.000 	 17.761 	 37.478
FD11024	232.125 	 18.236 	 37.749
FD11024	232.250 	 17.893 	 38.658
FD11024	232.375 	 17.891 	 38.659
FD11024	232.500 	 17.971 	 36.575
FD11024	232.625 	 17.893 	 38.658
FD11024	232.750 	 17.894 	 38.661
FD11024	232.875 	 18.235 	 37.745
FD11024	233.000 	 17.622 	 37.476
FD11024	233.125 	 17.892 	 38.661
FD11024	233.250 	 18.237 	 37.745
FD11024	233.375 	 17.892 	 38.661
FD11024	233.500 	 18.114 	 36.575
FD11024	233.625 	 17.893 	 38.658
FD11024	233.750 	 17.892 	 38.661
FD11024	233.875 	 18.235 	 37.745
FD11024	234.000 	 17.622 	 37.476
FD11024	234.125 	 17.894 	 38.661
FD11024	234.250 	 18.235 	 37.745
FD11024	234.375 	 17.892 	 38.661
FD11024	234.500 	 17.623 	 37.478
FD11024	234.625 	 18.234 	 37.743
FD11024	234.750 	 17.894 	 38.661
FD11024	234.875 	 18.032 	 38.661
FD11024	235.000 	 17.974 	 36.572
FD11024	235.125 	 17.892 	 38.661
FD11024	235.250 	 17.892 	 38.661
FD11024	235.375 	 17.972 	 36.570
FD11024	235.500 	 17.894 	 38.661
FD11024	235.625 	 17.893 	 38.658
FD11024	235.750 	 18.233 	 37.749
FD11024	235.875 	 17.623 	 37.478
FD11024	236.000 	 17.893 	 38.658
FD11024	236.125 	 18.236 	 37.749
FD11024	236.250 	 17.891 	 38.659
FD11024	236.375 	 17.765 	 37.475
FD11024	236.500 	 18.233 	 37.749
FD11024	236.625 	 17.893 	 38.658
FD11024	236.750 	 17.892 	 38.661
FD11024	236.875 	 17.970 	 36.573
FD11024	237.000 	 17.895 	 38.658
FD11024	237.125 	 17.892 	 38.661
FD11024	237.250 	 18.233 	 37.749
FD11024	237.375 	 17.624 	 37.475
FD11024	237.500 	 17.892 	 38.661
FD11024	237.625 	 18.237 	 37.745
FD11024	237.750 	 17.892 	 38.661
FD11024	237.875 	 17.763 	 37.476
FD11024	238.000 	 18.235 	 37.745
FD11024	238.125 	 17.892 	 38.661
FD11024	238.250 	 17.892 	 38.661
FD11024	238.375 	 17.974 	 36.570
FD11024	238.500 	 17.892 	 38.661
FD11024	238.625 	 18.235 	 37.745
FD11024	238.750 	 18.379 	 37.749
FD11024	238.875 	 18.233 	 37.749
FD11024	239.000 	 18.235 	 37.745
FD11024	239.125 	 18.233 	 37.749
FD11024	239.250 	 18.036 	 38.658
FD11024	239.375 	 17.970 	 36.573
FD11024	239.500 	 18.237 	 37.745
FD11024	239.625 	 18.233 	 37.749
FD11024	239.750 	 18.380 	 37.745
FD11024	239.875 	 18.233 	 37.749
FD11024	240.000 	 18.235 	 37.745
FD11024	240.125 	 18.233 	 37.749
FD11024	240.250 	 18.035 	 38.661
FD11024	240.375 	 18.235 	 37.745
FD11024	240.500 	 18.233 	 37.749
FD11024	240.625 	 18.237 	 37.745
FD11024	240.750 	 18.112 	 36.573
FD11024	240.875 	 18.237 	 37.745
FD11024	241.000 	 18.233 	 37.749
FD11024	241.125 	 18.235 	 37.745
FD11024	241.250 	 18.035 	 38.661
FD11024	241.375 	 18.233 	 37.749
FD11024	241.500 	 18.235 	 37.745
FD11024	241.625 	 18.233 	 37.749
FD11024	241.750 	 18.380 	 37.745
FD11024	241.875 	 18.233 	 37.746
FD11024	242.000 	 17.974 	 36.572
FD11024	242.125 	 17.892 	 38.661
FD11024	242.250 	 18.379 	 37.749
FD11024	242.375 	 18.235 	 37.745
FD11024	242.500 	 18.233 	 37.749
FD11024	242.625 	 18.235 	 37.745
FD11024	242.750 	 18.379 	 37.749
FD11024	242.875 	 18.234 	 37.743
FD11024	243.000 	 18.233 	 37.749
FD11024	243.125 	 17.895 	 38.658
FD11024	243.250 	 18.112 	 36.575
FD11024	243.375 	 18.236 	 37.749
FD11024	243.500 	 18.235 	 37.745
FD11024	243.625 	 18.233 	 37.749
FD11024	243.750 	 18.380 	 37.745
FD11024	243.875 	 18.233 	 37.746
FD11024	244.000 	 18.235 	 37.745
FD11024	244.125 	 17.892 	 38.661
FD11024	244.250 	 18.380 	 37.745
FD11024	244.375 	 18.233 	 37.749
FD11024	244.500 	 17.973 	 36.575
FD11024	244.625 	 18.235 	 37.745
FD11024	244.750 	 18.379 	 37.749
FD11024	244.875 	 18.234 	 37.743
FD11024	245.000 	 17.892 	 38.661
FD11024	245.125 	 18.235 	 37.745
FD11024	245.250 	 18.379 	 37.749
FD11024	245.375 	 18.235 	 37.745
FD11024	245.500 	 18.233 	 37.749
FD11024	245.625 	 18.380 	 37.745
FD11024	245.750 	 17.971 	 36.575
FD11024	245.875 	 18.235 	 37.746
FD11024	246.000 	 17.893 	 38.658
FD11024	246.125 	 18.379 	 37.749
FD11024	246.250 	 18.235 	 37.745
FD11024	246.375 	 18.233 	 37.749
FD11024	246.500 	 18.235 	 37.745
FD11024	246.625 	 18.379 	 37.749
FD11024	246.750 	 18.235 	 37.745
FD11024	246.875 	 18.233 	 37.749
FD11024	247.000 	 17.894 	 38.661
FD11024	247.125 	 18.113 	 36.570
FD11024	247.250 	 18.236 	 37.749
FD11024	247.375 	 18.235 	 37.745
FD11024	247.500 	 18.233 	 37.749
FD11024	247.625 	 18.380 	 37.745
FD11024	247.750 	 18.233 	 37.749
FD11024	247.875 	 17.892 	 38.661
FD11024	248.000 	 18.579 	 36.869
FD11024	248.125 	 18.380 	 37.745
FD11024	248.250 	 18.233 	 37.749
FD11024	248.375 	 18.378 	 37.746
FD11024	248.500 	 18.579 	 36.869
FD11024	248.625 	 18.237 	 37.745
FD11024	248.750 	 18.376 	 37.749
FD11024	248.875 	 18.502 	 38.886
FD11024	249.000 	 18.727 	 36.869
FD11024	249.125 	 18.235 	 37.745
FD11024	249.250 	 18.236 	 37.749
FD11024	249.375 	 18.376 	 37.749
FD11024	249.500 	 18.582 	 36.869
FD11024	249.625 	 18.378 	 37.745
FD11024	249.750 	 18.236 	 37.749
FD11024	249.875 	 18.233 	 37.749
FD11024	250.000 	 18.651 	 38.882
FD11024	250.125 	 18.579 	 36.869
FD11024	250.250 	 18.233 	 37.749
FD11024	250.375 	 18.379 	 37.749
FD11024	250.500 	 18.235 	 37.745
FD11024	250.625 	 18.726 	 36.867
FD11024	250.750 	 18.233 	 37.749
FD11024	250.875 	 18.233 	 37.749
FD11024	251.000 	 18.380 	 37.745
FD11024	251.125 	 18.579 	 36.869
FD11024	251.250 	 18.649 	 38.886
FD11024	251.375 	 18.233 	 37.749
FD11024	251.500 	 18.235 	 37.745
FD11024	251.625 	 18.727 	 36.869
FD11024	251.750 	 18.233 	 37.749
FD11024	251.875 	 18.379 	 37.749
FD11024	252.000 	 18.235 	 37.745
FD11024	252.125 	 18.579 	 36.869
FD11024	252.250 	 18.379 	 37.749
FD11024	252.375 	 18.233 	 37.746
FD11024	252.500 	 18.651 	 38.884
FD11024	252.625 	 18.579 	 36.869
FD11024	252.750 	 18.236 	 37.749
FD11024	252.875 	 18.376 	 37.746
FD11024	253.000 	 18.237 	 37.745
FD11024	253.125 	 18.233 	 37.749
FD11024	253.250 	 18.727 	 36.869
FD11024	253.375 	 18.233 	 37.749
FD11024	253.500 	 18.380 	 37.745
FD11024	253.625 	 18.233 	 37.749
FD11024	253.750 	 18.842 	 37.997
FD11024	253.875 	 18.379 	 37.749
FD11024	254.000 	 18.235 	 37.745
FD11024	254.125 	 18.379 	 37.749
FD11024	254.250 	 18.579 	 36.869
FD11024	254.375 	 18.233 	 37.749
FD11024	254.500 	 18.380 	 37.745
FD11024	254.625 	 18.233 	 37.746
FD11024	254.750 	 18.727 	 36.869
FD11024	254.875 	 18.233 	 37.749
FD11024	255.000 	 18.503 	 38.882
FD11024	255.125 	 18.379 	 37.749
FD11024	255.250 	 18.579 	 36.869
FD11024	255.375 	 18.233 	 37.749
FD11024	255.500 	 18.380 	 37.745
FD11024	255.625 	 18.233 	 37.749
FD11024	255.750 	 18.727 	 36.869
FD11024	255.875 	 18.233 	 37.749
FD11024	256.000 	 18.237 	 37.745
FD11024	256.125 	 18.376 	 37.749
FD11024	256.250 	 18.506 	 38.882
FD11024	256.375 	 18.723 	 36.872
FD11024	256.500 	 18.237 	 37.745
FD11024	256.625 	 18.233 	 37.749
FD11024	256.750 	 18.378 	 37.745
FD11024	256.875 	 18.580 	 36.870
FD11024	257.000 	 18.378 	 37.745
FD11024	257.125 	 18.236 	 37.749
FD11024	257.250 	 18.235 	 37.745
FD11024	257.375 	 18.726 	 36.872
FD11024	257.500 	 18.503 	 38.882
FD11024	257.625 	 18.379 	 37.749
FD11024	257.750 	 18.842 	 37.997
FD11024	257.875 	 18.379 	 37.749
FD11024	258.000 	 18.504 	 38.884
FD11024	258.125 	 18.726 	 36.867
FD11024	258.250 	 18.503 	 38.888
FD11024	258.375 	 18.379 	 37.749
FD11024	258.500 	 18.842 	 37.997
FD11024	258.625 	 18.378 	 37.745
FD11024	258.750 	 18.580 	 36.872
FD11024	258.875 	 18.648 	 38.882
FD11024	259.000 	 18.236 	 37.749
FD11024	259.125 	 18.989 	 37.997
FD11024	259.250 	 18.236 	 37.749
FD11024	259.375 	 18.648 	 38.882
FD11024	259.500 	 18.580 	 36.872
FD11024	259.625 	 18.648 	 38.882
FD11024	259.750 	 18.236 	 37.749
FD11024	259.875 	 18.989 	 37.997
FD11024	260.000 	 18.236 	 37.749
FD11024	260.125 	 18.378 	 37.745
FD11024	260.250 	 18.843 	 38.000
FD11024	260.375 	 18.378 	 37.745
FD11024	260.500 	 18.840 	 38.000
FD11024	260.625 	 18.380 	 37.745
FD11024	260.750 	 18.502 	 38.886
FD11024	260.875 	 18.727 	 36.869
FD11024	261.000 	 18.503 	 38.888
FD11024	261.125 	 18.380 	 37.745
FD11024	261.250 	 18.840 	 38.000
FD11024	261.375 	 18.380 	 37.745
FD11024	261.500 	 18.233 	 37.749
FD11024	261.625 	 18.844 	 37.997
FD11024	261.750 	 18.376 	 37.749
FD11024	261.875 	 18.506 	 38.882
FD11024	262.000 	 18.723 	 36.872
FD11024	262.125 	 18.503 	 38.882
FD11024	262.250 	 18.727 	 36.869
FD11024	262.375 	 18.502 	 38.886
FD11024	262.500 	 18.379 	 37.749
FD11024	262.625 	 18.842 	 37.997
FD11024	262.750 	 18.382 	 37.745
FD11024	262.875 	 18.231 	 37.749
FD11024	263.000 	 18.993 	 37.997
FD11024	263.125 	 18.231 	 37.749
FD11024	263.250 	 18.653 	 38.882
FD11024	263.375 	 18.576 	 36.872
FD11024	263.500 	 18.653 	 38.882
FD11024	263.625 	 18.231 	 37.749
FD11024	263.750 	 18.994 	 37.999
FD11024	263.875 	 18.231 	 37.746
FD11024	264.000 	 18.994 	 37.999
FD11024	264.125 	 18.231 	 37.749
FD11024	264.250 	 18.377 	 37.743
FD11024	264.375 	 18.843 	 38.002
FD11024	264.500 	 18.378 	 37.745
FD11024	264.625 	 18.504 	 38.886
FD11024	264.750 	 18.725 	 36.869
FD11024	264.875 	 18.504 	 38.886
FD11024	265.000 	 18.378 	 37.745
FD11024	265.125 	 18.843 	 38.000
FD11024	265.250 	 18.378 	 37.745
FD11024	265.375 	 18.843 	 38.000
FD11024	265.500 	 18.378 	 37.745
FD11024	265.625 	 18.236 	 37.749
FD11024	265.750 	 18.989 	 37.997
FD11024	265.875 	 18.236 	 37.749
FD11024	266.000 	 18.648 	 38.882
FD11024	266.125 	 18.582 	 36.869
FD11024	266.250 	 18.647 	 38.886
FD11024	266.375 	 18.236 	 37.749
FD11024	266.500 	 18.989 	 37.997
FD11024	266.625 	 18.237 	 37.745
FD11024	266.750 	 18.648 	 38.888
FD11024	266.875 	 18.582 	 36.869
FD11024	267.000 	 18.647 	 38.886
FD11024	267.125 	 18.582 	 36.869
FD11024	267.250 	 18.647 	 38.886
FD11024	267.375 	 18.237 	 37.745
FD11024	267.500 	 18.988 	 38.000
FD11024	267.625 	 18.237 	 37.745
FD11024	267.750 	 18.988 	 38.000
FD11024	267.875 	 18.237 	 37.745
FD11024	268.000 	 18.988 	 38.000
FD11024	268.125 	 18.237 	 37.745
FD11024	268.250 	 18.647 	 38.886
FD11024	268.375 	 18.993 	 37.997
FD11024	268.500 	 18.231 	 37.749
FD11024	268.625 	 18.994 	 37.999
FD11024	268.750 	 18.231 	 37.746
FD11024	268.875 	 18.653 	 38.884
FD11024	269.000 	 18.576 	 36.872
FD11024	269.125 	 18.653 	 38.882
FD11024	269.250 	 18.577 	 36.869
FD11024	269.375 	 18.651 	 38.886
FD11024	269.500 	 18.577 	 36.869
FD11024	269.625 	 18.651 	 38.886
FD11024	269.750 	 18.501 	 38.882
FD11024	269.875 	 18.728 	 36.872
FD11024	270.000 	 18.501 	 38.882
FD11024	270.125 	 18.728 	 36.872
FD11024	270.250 	 18.501 	 38.882
FD11024	270.375 	 18.376 	 37.749
FD11024	270.500 	 18.994 	 37.999
FD11024	270.625 	 18.231 	 37.746
FD11024	270.750 	 18.994 	 37.999
FD11024	270.875 	 18.231 	 37.749
FD11024	271.000 	 18.993 	 37.997
FD11024	271.125 	 18.500 	 38.886
FD11024	271.250 	 18.382 	 37.745
FD11024	271.375 	 18.838 	 38.000
FD11024	271.500 	 18.382 	 37.745
FD11024	271.625 	 18.840 	 37.997
FD11024	271.750 	 18.381 	 37.749
FD11024	271.875 	 18.500 	 38.886
FD11024	272.000 	 18.729 	 36.869
FD11024	272.125 	 18.501 	 38.882
FD11024	272.250 	 18.728 	 36.872
FD11024	272.375 	 18.502 	 38.884
FD11024	272.500 	 18.992 	 38.000
FD11024	272.625 	 18.378 	 37.745
FD11024	272.750 	 18.504 	 38.886
FD11024	272.875 	 18.725 	 36.869
FD11024	273.000 	 18.504 	 38.886
FD11024	273.125 	 18.725 	 36.869
FD11024	273.250 	 18.504 	 38.886
FD11024	273.375 	 18.378 	 37.745
FD11024	273.500 	 18.843 	 38.000
FD11024	273.625 	 18.378 	 37.745
FD11024	273.750 	 18.843 	 38.000
FD11024	273.875 	 18.649 	 38.884
FD11024	274.000 	 18.580 	 36.870
FD11024	274.125 	 18.649 	 38.884
FD11024	274.250 	 18.236 	 37.749
FD11024	274.375 	 18.989 	 37.997
FD11024	274.500 	 18.236 	 37.749
FD11024	274.625 	 18.989 	 37.997
FD11024	274.750 	 18.378 	 37.745
FD11024	274.875 	 18.843 	 38.000
FD11024	275.000 	 18.378 	 37.745
FD11024	275.125 	 0.000 	 90.000
FD11024	275.250 	 0.000 	 90.000
FD11024	275.375 	 0.000 	 90.000
FD11024	275.500 	 0.000 	 90.000
FD11024	275.625 	 0.000 	 90.000
FD11024	275.750 	 0.000 	 90.000
FD11024	275.875 	 0.000 	 90.000
FD11024	276.000 	 0.000 	 90.000
FD11024	276.125 	 0.000 	 90.000
FD11024	276.250 	 0.000 	 90.000
FD11024	276.375 	 0.000 	 90.000
FD11024	276.500 	 0.000 	 90.000
FD11024	276.625 	 0.000 	 90.000
FD11024	276.750 	 0.000 	 90.000
FD11024	276.875 	 0.000 	 90.000
FD11024	277.000 	 0.000 	 90.000
FD11024	277.125 	 0.000 	 90.000
FD11024	277.250 	 0.000 	 90.000
FD11024	277.375 	 0.000 	 90.000
FD11024	277.500 	 0.000 	 90.000
FD11024	277.625 	 0.000 	 90.000
FD11024	277.750 	 0.000 	 90.000
FD11024	277.875 	 0.000 	 90.000
FD11024	278.000 	 0.000 	 90.000
FD11024	278.125 	 0.000 	 90.000
FD11024	278.250 	 0.000 	 90.000
FD11024	278.375 	 0.000 	 90.000
FD11024	278.500 	 0.000 	 90.000
FD11024	278.625 	 0.000 	 90.000
FD11024	278.750 	 0.000 	 90.000
FD11024	278.875 	 0.000 	 90.000
FD11024	279.000 	 0.000 	 90.000
FD11024	279.125 	 0.000 	 90.000
FD11024	279.250 	 0.000 	 90.000
FD11024	279.375 	 0.000 	 90.000
FD11024	279.500 	 0.000 	 90.000
FD11024	279.625 	 0.000 	 90.000
FD11024	279.750 	 0.000 	 90.000
FD11024	279.875 	 0.000 	 90.000
FD11024	280.000 	 0.000 	 90.000
FD11024	280.125 	 0.000 	 90.000
FD11024	280.250 	 0.000 	 90.000
FD11024	280.375 	 0.000 	 90.000
FD11024	280.500 	 0.000 	 90.000
FD11024	280.625 	 0.000 	 90.000
FD11024	280.750 	 0.000 	 90.000
FD11024	280.875 	 0.000 	 90.000
FD11024	281.000 	 0.000 	 90.000
FD11024	281.125 	 0.000 	 90.000
FD11024	281.250 	 0.000 	 90.000
FD11024	281.375 	 0.000 	 90.000
FD11024	281.500 	 0.000 	 90.000
FD11024	281.625 	 0.000 	 90.000
FD11024	281.750 	 0.000 	 90.000
FD11024	281.875 	 0.000 	 90.000
FD11024	282.000 	 0.000 	 90.000
FD11024	282.125 	 0.000 	 90.000
FD11024	282.250 	 0.000 	 90.000
FD11024	282.375 	 0.000 	 90.000
FD11024	282.500 	 0.000 	 90.000
FD11024	282.625 	 0.000 	 90.000
FD11024	282.750 	 0.000 	 90.000
FD11024	282.875 	 0.000 	 90.000
FD11024	283.000 	 0.000 	 90.000
FD11024	283.125 	 0.000 	 90.000
FD11024	283.250 	 0.000 	 90.000
FD11024	283.375 	 0.000 	 90.000
FD11024	283.500 	 0.000 	 90.000
FD11024	283.625 	 0.000 	 90.000
FD11024	283.750 	 0.000 	 90.000
FD11024	283.875 	 0.000 	 90.000
FD11024	284.000 	 0.000 	 90.000
FD11024	284.125 	 0.000 	 90.000
FD11024	284.250 	 0.000 	 90.000
FD11024	284.375 	 0.000 	 90.000
FD11024	284.500 	 0.000 	 90.000
FD11024	284.625 	 0.000 	 90.000
FD11024	284.750 	 0.000 	 90.000
FD11024	284.875 	 0.000 	 90.000
FD11024	285.000 	 0.000 	 90.000
FD11024	285.125 	 0.000 	 90.000
FD11024	285.250 	 0.000 	 90.000
FD11024	285.375 	 0.000 	 90.000
FD11024	285.500 	 0.000 	 90.000
FD11024	285.625 	 0.000 	 90.000
FD11024	285.750 	 0.000 	 90.000
FD11024	285.875 	 0.000 	 90.000
FD11024	286.000 	 0.000 	 90.000
FD11024	286.125 	 0.000 	 90.000
FD11024	286.250 	 0.000 	 90.000
FD11024	286.375 	 0.000 	 90.000
FD11024	286.500 	 0.000 	 90.000
FD11024	286.625 	 0.000 	 90.000
FD11024	286.750 	 0.000 	 90.000
FD11024	286.875 	 0.000 	 90.000
FD11024	287.000 	 0.000 	 90.000
