#WellName	 Depth.M	 INCL	 AZIM 
WellName	 Depth.M	 INCL	 AZIM 
FD11023	0.000 	 0.000 	 0.000
FD11023	0.125 	 0.000 	 90.000
FD11023	0.250 	 0.000 	 90.000
FD11023	0.375 	 0.000 	 90.000
FD11023	0.500 	 0.000 	 90.000
FD11023	0.625 	 0.000 	 90.000
FD11023	0.750 	 0.000 	 90.000
FD11023	0.875 	 0.000 	 90.000
FD11023	1.000 	 0.000 	 90.000
FD11023	1.125 	 0.000 	 90.000
FD11023	1.250 	 0.000 	 90.000
FD11023	1.375 	 0.000 	 90.000
FD11023	1.500 	 0.000 	 90.000
FD11023	1.625 	 0.000 	 90.000
FD11023	1.750 	 0.000 	 90.000
FD11023	1.875 	 0.000 	 90.000
FD11023	2.000 	 0.000 	 90.000
FD11023	2.125 	 0.000 	 90.000
FD11023	2.250 	 0.000 	 90.000
FD11023	2.375 	 0.000 	 90.000
FD11023	2.500 	 0.000 	 90.000
FD11023	2.625 	 0.000 	 90.000
FD11023	2.750 	 0.000 	 90.000
FD11023	2.875 	 0.000 	 90.000
FD11023	3.000 	 0.000 	 90.000
FD11023	3.125 	 0.000 	 90.000
FD11023	3.250 	 0.000 	 90.000
FD11023	3.375 	 0.000 	 90.000
FD11023	3.500 	 0.000 	 90.000
FD11023	3.625 	 0.000 	 90.000
FD11023	3.750 	 0.000 	 90.000
FD11023	3.875 	 0.000 	 90.000
FD11023	4.000 	 0.000 	 90.000
FD11023	4.125 	 0.000 	 90.000
FD11023	4.250 	 0.000 	 90.000
FD11023	4.375 	 0.000 	 90.000
FD11023	4.500 	 0.000 	 90.000
FD11023	4.625 	 0.000 	 90.000
FD11023	4.750 	 0.000 	 90.000
FD11023	4.875 	 0.000 	 90.000
FD11023	5.000 	 0.000 	 90.000
FD11023	5.125 	 0.000 	 90.000
FD11023	5.250 	 0.000 	 90.000
FD11023	5.375 	 0.000 	 90.000
FD11023	5.500 	 0.000 	 90.000
FD11023	5.625 	 0.000 	 90.000
FD11023	5.750 	 0.000 	 90.000
FD11023	5.875 	 0.000 	 90.000
FD11023	6.000 	 0.000 	 90.000
FD11023	6.125 	 0.000 	 90.000
FD11023	6.250 	 0.000 	 90.000
FD11023	6.375 	 0.000 	 90.000
FD11023	6.500 	 0.000 	 90.000
FD11023	6.625 	 0.000 	 90.000
FD11023	6.750 	 0.000 	 90.000
FD11023	6.875 	 0.000 	 90.000
FD11023	7.000 	 0.000 	 90.000
FD11023	7.125 	 0.000 	 90.000
FD11023	7.250 	 0.000 	 90.000
FD11023	7.375 	 0.000 	 90.000
FD11023	7.500 	 0.000 	 90.000
FD11023	7.625 	 0.000 	 90.000
FD11023	7.750 	 0.000 	 90.000
FD11023	7.875 	 0.000 	 90.000
FD11023	8.000 	 0.000 	 90.000
FD11023	8.125 	 0.000 	 90.000
FD11023	8.250 	 0.000 	 90.000
FD11023	8.375 	 0.000 	 90.000
FD11023	8.500 	 0.000 	 90.000
FD11023	8.625 	 0.000 	 90.000
FD11023	8.750 	 0.000 	 90.000
FD11023	8.875 	 0.000 	 90.000
FD11023	9.000 	 0.000 	 90.000
FD11023	9.125 	 0.000 	 90.000
FD11023	9.250 	 0.000 	 90.000
FD11023	9.375 	 0.000 	 90.000
FD11023	9.500 	 0.000 	 90.000
FD11023	9.625 	 0.000 	 90.000
FD11023	9.750 	 0.000 	 90.000
FD11023	9.875 	 0.000 	 90.000
FD11023	10.000 	 0.000 	 90.000
FD11023	10.125 	 0.000 	 90.000
FD11023	10.250 	 0.000 	 90.000
FD11023	10.375 	 0.000 	 90.000
FD11023	10.500 	 0.000 	 90.000
FD11023	10.625 	 0.000 	 90.000
FD11023	10.750 	 0.000 	 90.000
FD11023	10.875 	 0.000 	 90.000
FD11023	11.000 	 0.000 	 90.000
FD11023	11.125 	 0.000 	 90.000
FD11023	11.250 	 0.000 	 90.000
FD11023	11.375 	 0.000 	 90.000
FD11023	11.500 	 0.000 	 90.000
FD11023	11.625 	 0.000 	 90.000
FD11023	11.750 	 0.000 	 90.000
FD11023	11.875 	 0.000 	 90.000
FD11023	12.000 	 0.000 	 90.000
FD11023	12.125 	 0.000 	 90.000
FD11023	12.250 	 0.000 	 90.000
FD11023	12.375 	 0.000 	 90.000
FD11023	12.500 	 0.000 	 90.000
FD11023	12.625 	 0.000 	 90.000
FD11023	12.750 	 0.000 	 90.000
FD11023	12.875 	 0.000 	 90.000
FD11023	13.000 	 0.000 	 90.000
FD11023	13.125 	 0.000 	 90.000
FD11023	13.250 	 0.000 	 90.000
FD11023	13.375 	 0.000 	 90.000
FD11023	13.500 	 0.000 	 90.000
FD11023	13.625 	 0.000 	 90.000
FD11023	13.750 	 0.000 	 90.000
FD11023	13.875 	 0.000 	 90.000
FD11023	14.000 	 0.000 	 90.000
FD11023	14.125 	 0.000 	 90.000
FD11023	14.250 	 0.000 	 90.000
FD11023	14.375 	 0.000 	 90.000
FD11023	14.500 	 0.000 	 90.000
FD11023	14.625 	 0.000 	 90.000
FD11023	14.750 	 0.000 	 90.000
FD11023	14.875 	 0.000 	 90.000
FD11023	15.000 	 0.000 	 90.000
FD11023	15.125 	 0.000 	 90.000
FD11023	15.250 	 0.000 	 90.000
FD11023	15.375 	 0.000 	 90.000
FD11023	15.500 	 0.000 	 90.000
FD11023	15.625 	 0.000 	 90.000
FD11023	15.750 	 0.000 	 90.000
FD11023	15.875 	 0.000 	 90.000
FD11023	16.000 	 0.000 	 90.000
FD11023	16.125 	 0.000 	 90.000
FD11023	16.250 	 0.000 	 90.000
FD11023	16.375 	 0.000 	 90.000
FD11023	16.500 	 0.000 	 90.000
FD11023	16.625 	 0.000 	 90.000
FD11023	16.750 	 0.000 	 90.000
FD11023	16.875 	 0.000 	 90.000
FD11023	17.000 	 0.000 	 90.000
FD11023	17.125 	 0.000 	 90.000
FD11023	17.250 	 0.000 	 90.000
FD11023	17.375 	 0.000 	 90.000
FD11023	17.500 	 0.000 	 90.000
FD11023	17.625 	 0.000 	 90.000
FD11023	17.750 	 0.000 	 90.000
FD11023	17.875 	 0.000 	 90.000
FD11023	18.000 	 0.000 	 90.000
FD11023	18.125 	 0.000 	 90.000
FD11023	18.250 	 0.000 	 90.000
FD11023	18.375 	 0.000 	 90.000
FD11023	18.500 	 0.000 	 90.000
FD11023	18.625 	 0.000 	 90.000
FD11023	18.750 	 0.000 	 90.000
FD11023	18.875 	 0.000 	 90.000
FD11023	19.000 	 0.000 	 90.000
FD11023	19.125 	 0.000 	 90.000
FD11023	19.250 	 0.000 	 90.000
FD11023	19.375 	 0.000 	 90.000
FD11023	19.500 	 0.000 	 90.000
FD11023	19.625 	 0.000 	 90.000
FD11023	19.750 	 0.000 	 90.000
FD11023	19.875 	 0.000 	 90.000
FD11023	20.000 	 0.000 	 90.000
FD11023	20.125 	 0.458 	 270.000
FD11023	20.250 	 0.458 	 180.000
FD11023	20.375 	 0.458 	 270.000
FD11023	20.500 	 0.000 	 90.000
FD11023	20.625 	 0.648 	 225.000
FD11023	20.750 	 0.000 	 90.000
FD11023	20.875 	 0.648 	 225.000
FD11023	21.000 	 0.000 	 90.000
FD11023	21.125 	 0.458 	 270.000
FD11023	21.250 	 0.458 	 180.000
FD11023	21.375 	 0.458 	 270.000
FD11023	21.500 	 0.000 	 90.000
FD11023	21.625 	 0.648 	 225.000
FD11023	21.750 	 0.000 	 90.000
FD11023	21.875 	 0.648 	 225.000
FD11023	22.000 	 0.000 	 90.000
FD11023	22.125 	 0.458 	 270.000
FD11023	22.250 	 0.648 	 225.000
FD11023	22.375 	 0.000 	 90.000
FD11023	22.500 	 0.458 	 270.000
FD11023	22.625 	 0.458 	 180.000
FD11023	22.750 	 0.458 	 270.000
FD11023	22.875 	 0.000 	 90.000
FD11023	23.000 	 0.648 	 225.000
FD11023	23.125 	 0.000 	 90.000
FD11023	23.250 	 0.648 	 225.000
FD11023	23.375 	 0.000 	 90.000
FD11023	23.500 	 0.458 	 270.000
FD11023	23.625 	 0.458 	 180.000
FD11023	23.750 	 0.458 	 270.000
FD11023	23.875 	 0.000 	 90.000
FD11023	24.000 	 0.648 	 225.000
FD11023	24.125 	 0.000 	 90.000
FD11023	24.250 	 0.648 	 225.000
FD11023	24.375 	 0.458 	 270.000
FD11023	24.500 	 0.000 	 90.000
FD11023	24.625 	 0.648 	 225.000
FD11023	24.750 	 0.000 	 90.000
FD11023	24.875 	 0.458 	 270.000
FD11023	25.000 	 0.458 	 180.000
FD11023	25.125 	 0.458 	 270.000
FD11023	25.250 	 0.000 	 90.000
FD11023	25.375 	 0.648 	 225.000
FD11023	25.500 	 0.000 	 90.000
FD11023	25.625 	 0.648 	 225.000
FD11023	25.750 	 0.000 	 90.000
FD11023	25.875 	 0.458 	 270.000
FD11023	26.000 	 0.458 	 180.000
FD11023	26.125 	 0.458 	 270.000
FD11023	26.250 	 0.000 	 90.000
FD11023	26.375 	 0.648 	 225.000
FD11023	26.500 	 0.458 	 270.000
FD11023	26.625 	 0.458 	 180.000
FD11023	26.750 	 0.458 	 270.000
FD11023	26.875 	 0.000 	 90.000
FD11023	27.000 	 0.648 	 225.000
FD11023	27.125 	 0.000 	 90.000
FD11023	27.250 	 0.458 	 270.000
FD11023	27.375 	 0.458 	 180.000
FD11023	27.500 	 0.458 	 270.000
FD11023	27.625 	 0.000 	 90.000
FD11023	27.750 	 0.648 	 225.000
FD11023	27.875 	 0.000 	 90.000
FD11023	28.000 	 0.648 	 225.000
FD11023	28.125 	 0.000 	 90.000
FD11023	28.250 	 0.458 	 270.000
FD11023	28.375 	 0.458 	 180.000
FD11023	28.500 	 0.458 	 270.000
FD11023	28.625 	 0.458 	 270.000
FD11023	28.750 	 0.458 	 180.000
FD11023	28.875 	 0.458 	 270.000
FD11023	29.000 	 0.458 	 180.000
FD11023	29.125 	 0.458 	 270.000
FD11023	29.250 	 0.000 	 90.000
FD11023	29.375 	 0.648 	 225.000
FD11023	29.500 	 0.000 	 90.000
FD11023	29.625 	 0.458 	 270.000
FD11023	29.750 	 0.458 	 180.000
FD11023	29.875 	 0.458 	 270.000
FD11023	30.000 	 0.000 	 90.000
FD11023	30.125 	 0.648 	 225.000
FD11023	30.250 	 0.000 	 90.000
FD11023	30.375 	 0.648 	 225.000
FD11023	30.500 	 0.000 	 90.000
FD11023	30.625 	 0.458 	 270.000
FD11023	30.750 	 0.648 	 225.000
FD11023	30.875 	 0.000 	 90.000
FD11023	31.000 	 0.458 	 270.000
FD11023	31.125 	 0.458 	 180.000
FD11023	31.250 	 0.458 	 270.000
FD11023	31.375 	 0.458 	 180.000
FD11023	31.500 	 0.458 	 270.000
FD11023	31.625 	 0.000 	 90.000
FD11023	31.750 	 0.648 	 225.000
FD11023	31.875 	 0.000 	 90.000
FD11023	32.000 	 0.458 	 270.000
FD11023	32.125 	 0.458 	 180.000
FD11023	32.250 	 0.458 	 270.000
FD11023	32.375 	 0.000 	 90.000
FD11023	32.500 	 0.648 	 225.000
FD11023	32.625 	 0.000 	 90.000
FD11023	32.750 	 0.648 	 225.000
FD11023	32.875 	 0.458 	 270.000
FD11023	33.000 	 0.000 	 90.000
FD11023	33.125 	 0.648 	 225.000
FD11023	33.250 	 0.000 	 90.000
FD11023	33.375 	 0.458 	 270.000
FD11023	33.500 	 0.458 	 180.000
FD11023	33.625 	 0.458 	 270.000
FD11023	33.750 	 0.000 	 90.000
FD11023	33.875 	 0.648 	 225.000
FD11023	34.000 	 0.000 	 90.000
FD11023	34.125 	 0.648 	 225.000
FD11023	34.250 	 0.000 	 90.000
FD11023	34.375 	 0.458 	 270.000
FD11023	34.500 	 0.458 	 180.000
FD11023	34.625 	 0.458 	 270.000
FD11023	34.750 	 0.458 	 270.000
FD11023	34.875 	 0.458 	 180.000
FD11023	35.000 	 0.458 	 270.000
FD11023	35.125 	 0.458 	 180.000
FD11023	35.250 	 0.458 	 270.000
FD11023	35.375 	 0.000 	 90.000
FD11023	35.500 	 0.648 	 225.000
FD11023	35.625 	 0.000 	 90.000
FD11023	35.750 	 0.458 	 270.000
FD11023	35.875 	 0.458 	 180.000
FD11023	36.000 	 0.458 	 270.000
FD11023	36.125 	 0.000 	 90.000
FD11023	36.250 	 0.648 	 225.000
FD11023	36.375 	 0.000 	 90.000
FD11023	36.500 	 0.648 	 225.000
FD11023	36.625 	 0.000 	 90.000
FD11023	36.750 	 0.458 	 270.000
FD11023	36.875 	 0.648 	 225.000
FD11023	37.000 	 0.000 	 90.000
FD11023	37.125 	 0.458 	 270.000
FD11023	37.250 	 0.458 	 180.000
FD11023	37.375 	 0.458 	 270.000
FD11023	37.500 	 0.458 	 180.000
FD11023	37.625 	 0.458 	 270.000
FD11023	37.750 	 0.000 	 90.000
FD11023	37.875 	 0.648 	 225.000
FD11023	38.000 	 0.000 	 90.000
FD11023	38.125 	 0.458 	 270.000
FD11023	38.250 	 0.458 	 180.000
FD11023	38.375 	 0.458 	 270.000
FD11023	38.500 	 0.000 	 90.000
FD11023	38.625 	 0.648 	 225.000
FD11023	38.750 	 0.000 	 90.000
FD11023	38.875 	 0.648 	 225.000
FD11023	39.000 	 0.458 	 270.000
FD11023	39.125 	 0.000 	 90.000
FD11023	39.250 	 0.648 	 225.000
FD11023	39.375 	 0.000 	 90.000
FD11023	39.500 	 0.458 	 270.000
FD11023	39.625 	 0.458 	 180.000
FD11023	39.750 	 0.458 	 270.000
FD11023	39.875 	 0.458 	 180.000
FD11023	40.000 	 0.458 	 270.000
FD11023	40.125 	 0.000 	 90.000
FD11023	40.250 	 0.648 	 225.000
FD11023	40.375 	 0.000 	 90.000
FD11023	40.500 	 0.458 	 270.000
FD11023	40.625 	 0.458 	 180.000
FD11023	40.750 	 0.458 	 270.000
FD11023	40.875 	 0.000 	 90.000
FD11023	41.000 	 0.648 	 225.000
FD11023	41.125 	 0.458 	 270.000
FD11023	41.250 	 0.458 	 180.000
FD11023	41.375 	 0.458 	 270.000
FD11023	41.500 	 0.000 	 90.000
FD11023	41.625 	 0.648 	 225.000
FD11023	41.750 	 0.000 	 90.000
FD11023	41.875 	 0.458 	 270.000
FD11023	42.000 	 0.458 	 180.000
FD11023	42.125 	 0.458 	 270.000
FD11023	42.250 	 0.458 	 270.000
FD11023	42.375 	 0.648 	 225.000
FD11023	42.500 	 0.000 	 90.000
FD11023	42.625 	 0.458 	 270.000
FD11023	42.750 	 0.458 	 270.000
FD11023	42.875 	 0.648 	 225.000
FD11023	43.000 	 0.458 	 270.000
FD11023	43.125 	 0.458 	 270.000
FD11023	43.250 	 0.458 	 180.000
FD11023	43.375 	 0.458 	 270.000
FD11023	43.500 	 0.458 	 270.000
FD11023	43.625 	 0.458 	 270.000
FD11023	43.750 	 0.648 	 225.000
FD11023	43.875 	 0.000 	 90.000
FD11023	44.000 	 0.458 	 270.000
FD11023	44.125 	 0.458 	 270.000
FD11023	44.250 	 0.648 	 225.000
FD11023	44.375 	 0.458 	 270.000
FD11023	44.500 	 0.458 	 270.000
FD11023	44.625 	 0.000 	 90.000
FD11023	44.750 	 0.648 	 225.000
FD11023	44.875 	 0.458 	 270.000
FD11023	45.000 	 0.458 	 270.000
FD11023	45.125 	 0.648 	 225.000
FD11023	45.250 	 0.458 	 270.000
FD11023	45.375 	 0.000 	 90.000
FD11023	45.500 	 0.458 	 270.000
FD11023	45.625 	 0.648 	 225.000
FD11023	45.750 	 0.458 	 270.000
FD11023	45.875 	 0.458 	 270.000
FD11023	46.000 	 0.458 	 270.000
FD11023	46.125 	 0.458 	 180.000
FD11023	46.250 	 0.458 	 270.000
FD11023	46.375 	 0.458 	 270.000
FD11023	46.500 	 0.648 	 225.000
FD11023	46.625 	 0.458 	 270.000
FD11023	46.750 	 0.458 	 270.000
FD11023	46.875 	 0.000 	 90.000
FD11023	47.000 	 0.648 	 225.000
FD11023	47.125 	 0.458 	 270.000
FD11023	47.250 	 0.458 	 270.000
FD11023	47.375 	 0.458 	 270.000
FD11023	47.500 	 0.648 	 225.000
FD11023	47.625 	 0.000 	 90.000
FD11023	47.750 	 0.458 	 270.000
FD11023	47.875 	 0.458 	 270.000
FD11023	48.000 	 0.648 	 225.000
FD11023	48.125 	 0.458 	 270.000
FD11023	48.250 	 0.458 	 270.000
FD11023	48.375 	 0.458 	 180.000
FD11023	48.500 	 0.458 	 270.000
FD11023	48.625 	 0.458 	 270.000
FD11023	48.750 	 0.458 	 270.000
FD11023	48.875 	 0.648 	 225.000
FD11023	49.000 	 0.458 	 270.000
FD11023	49.125 	 0.000 	 90.000
FD11023	49.250 	 0.458 	 270.000
FD11023	49.375 	 0.648 	 225.000
FD11023	49.500 	 0.458 	 270.000
FD11023	49.625 	 0.458 	 270.000
FD11023	49.750 	 0.458 	 270.000
FD11023	49.875 	 0.462 	 180.000
FD11023	50.000 	 0.458 	 270.000
FD11023	50.125 	 0.458 	 270.000
FD11023	50.250 	 0.648 	 225.000
FD11023	50.375 	 0.458 	 270.000
FD11023	50.500 	 0.000 	 90.000
FD11023	50.625 	 0.458 	 270.000
FD11023	50.750 	 0.648 	 225.000
FD11023	50.875 	 0.458 	 270.000
FD11023	51.000 	 0.458 	 270.000
FD11023	51.125 	 0.458 	 270.000
FD11023	51.250 	 0.458 	 180.000
FD11023	51.375 	 0.458 	 270.000
FD11023	51.500 	 0.458 	 270.000
FD11023	51.625 	 0.648 	 225.000
FD11023	51.750 	 0.458 	 270.000
FD11023	51.875 	 0.458 	 270.000
FD11023	52.000 	 0.000 	 90.000
FD11023	52.125 	 0.648 	 225.000
FD11023	52.250 	 0.458 	 270.000
FD11023	52.375 	 0.458 	 270.000
FD11023	52.500 	 0.458 	 270.000
FD11023	52.625 	 0.648 	 225.000
FD11023	52.750 	 0.000 	 90.000
FD11023	52.875 	 0.458 	 270.000
FD11023	53.000 	 0.458 	 270.000
FD11023	53.125 	 0.648 	 225.000
FD11023	53.250 	 0.458 	 270.000
FD11023	53.375 	 0.458 	 270.000
FD11023	53.500 	 0.458 	 180.000
FD11023	53.625 	 0.458 	 270.000
FD11023	53.750 	 0.458 	 270.000
FD11023	53.875 	 0.458 	 270.000
FD11023	54.000 	 0.648 	 225.000
FD11023	54.125 	 0.458 	 270.000
FD11023	54.250 	 0.000 	 90.000
FD11023	54.375 	 0.458 	 270.000
FD11023	54.500 	 0.648 	 225.000
FD11023	54.625 	 0.458 	 270.000
FD11023	54.750 	 0.458 	 270.000
FD11023	54.875 	 0.458 	 270.000
FD11023	55.000 	 0.458 	 180.000
FD11023	55.125 	 0.458 	 270.000
FD11023	55.250 	 0.458 	 270.000
FD11023	55.375 	 0.648 	 225.000
FD11023	55.500 	 0.458 	 270.000
FD11023	55.625 	 0.458 	 270.000
FD11023	55.750 	 0.000 	 90.000
FD11023	55.875 	 0.648 	 225.000
FD11023	56.000 	 0.458 	 270.000
FD11023	56.125 	 0.000 	 90.000
FD11023	56.250 	 0.648 	 225.000
FD11023	56.375 	 0.000 	 90.000
FD11023	56.500 	 0.648 	 225.000
FD11023	56.625 	 0.458 	 270.000
FD11023	56.750 	 0.000 	 90.000
FD11023	56.875 	 0.648 	 225.000
FD11023	57.000 	 0.000 	 90.000
FD11023	57.125 	 0.648 	 225.000
FD11023	57.250 	 0.458 	 270.000
FD11023	57.375 	 0.000 	 90.000
FD11023	57.500 	 0.648 	 225.000
FD11023	57.625 	 0.000 	 90.000
FD11023	57.750 	 0.648 	 225.000
FD11023	57.875 	 0.458 	 270.000
FD11023	58.000 	 0.000 	 90.000
FD11023	58.125 	 0.648 	 225.000
FD11023	58.250 	 0.000 	 90.000
FD11023	58.375 	 0.648 	 225.000
FD11023	58.500 	 0.000 	 90.000
FD11023	58.625 	 0.458 	 270.000
FD11023	58.750 	 0.648 	 225.000
FD11023	58.875 	 0.000 	 90.000
FD11023	59.000 	 0.648 	 225.000
FD11023	59.125 	 0.000 	 90.000
FD11023	59.250 	 0.458 	 270.000
FD11023	59.375 	 0.648 	 225.000
FD11023	59.500 	 0.000 	 90.000
FD11023	59.625 	 0.648 	 225.000
FD11023	59.750 	 0.000 	 90.000
FD11023	59.875 	 0.458 	 270.000
FD11023	60.000 	 0.648 	 225.000
FD11023	60.125 	 0.000 	 90.000
FD11023	60.250 	 0.648 	 225.000
FD11023	60.375 	 0.000 	 90.000
FD11023	60.500 	 0.458 	 270.000
FD11023	60.625 	 0.648 	 225.000
FD11023	60.750 	 0.000 	 90.000
FD11023	60.875 	 0.458 	 270.000
FD11023	61.000 	 0.458 	 180.000
FD11023	61.125 	 0.458 	 270.000
FD11023	61.250 	 0.458 	 180.000
FD11023	61.375 	 0.458 	 270.000
FD11023	61.500 	 0.458 	 270.000
FD11023	61.625 	 0.458 	 180.000
FD11023	61.750 	 0.458 	 270.000
FD11023	61.875 	 0.458 	 180.000
FD11023	62.000 	 0.458 	 270.000
FD11023	62.125 	 0.458 	 270.000
FD11023	62.250 	 0.458 	 180.000
FD11023	62.375 	 0.458 	 270.000
FD11023	62.500 	 0.458 	 180.000
FD11023	62.625 	 0.458 	 270.000
FD11023	62.750 	 0.458 	 270.000
FD11023	62.875 	 0.458 	 180.000
FD11023	63.000 	 0.458 	 270.000
FD11023	63.125 	 0.458 	 180.000
FD11023	63.250 	 0.458 	 270.000
FD11023	63.375 	 0.458 	 270.000
FD11023	63.500 	 0.458 	 180.000
FD11023	63.625 	 0.458 	 270.000
FD11023	63.750 	 0.458 	 180.000
FD11023	63.875 	 0.458 	 270.000
FD11023	64.000 	 0.000 	 90.000
FD11023	64.125 	 0.648 	 225.000
FD11023	64.250 	 0.458 	 270.000
FD11023	64.375 	 0.458 	 180.000
FD11023	64.500 	 0.458 	 270.000
FD11023	64.625 	 0.000 	 90.000
FD11023	64.750 	 0.648 	 225.000
FD11023	64.875 	 0.458 	 270.000
FD11023	65.000 	 0.458 	 180.000
FD11023	65.125 	 0.458 	 270.000
FD11023	65.250 	 0.000 	 90.000
FD11023	65.375 	 0.648 	 225.000
FD11023	65.500 	 0.458 	 270.000
FD11023	65.625 	 0.458 	 180.000
FD11023	65.750 	 0.458 	 270.000
FD11023	65.875 	 0.000 	 90.000
FD11023	66.000 	 0.648 	 225.000
FD11023	66.125 	 0.458 	 270.000
FD11023	66.250 	 0.000 	 90.000
FD11023	66.375 	 0.648 	 225.000
FD11023	66.500 	 0.000 	 90.000
FD11023	66.625 	 0.648 	 225.000
FD11023	66.750 	 0.000 	 90.000
FD11023	66.875 	 0.458 	 270.000
FD11023	67.000 	 0.648 	 225.000
FD11023	67.125 	 0.648 	 225.000
FD11023	67.250 	 0.917 	 270.000
FD11023	67.375 	 1.025 	 243.435
FD11023	67.500 	 0.648 	 225.000
FD11023	67.625 	 0.917 	 270.000
FD11023	67.750 	 1.025 	 243.435
FD11023	67.875 	 0.648 	 225.000
FD11023	68.000 	 0.917 	 270.000
FD11023	68.125 	 1.025 	 243.435
FD11023	68.250 	 0.648 	 225.001
FD11023	68.375 	 1.025 	 243.435
FD11023	68.500 	 0.917 	 270.000
FD11023	68.625 	 0.648 	 225.000
FD11023	68.750 	 1.025 	 243.435
FD11023	68.875 	 0.917 	 270.000
FD11023	69.000 	 0.648 	 225.000
FD11023	69.125 	 1.025 	 243.435
FD11023	69.250 	 0.917 	 270.000
FD11023	69.375 	 0.648 	 225.000
FD11023	69.500 	 1.025 	 243.435
FD11023	69.625 	 0.917 	 270.000
FD11023	69.750 	 0.648 	 225.000
FD11023	69.875 	 1.025 	 243.435
FD11023	70.000 	 1.025 	 243.435
FD11023	70.125 	 0.458 	 270.000
FD11023	70.250 	 1.025 	 243.435
FD11023	70.375 	 1.025 	 243.435
FD11023	70.500 	 0.458 	 270.000
FD11023	70.625 	 1.025 	 243.435
FD11023	70.750 	 1.025 	 243.435
FD11023	70.875 	 0.458 	 270.000
FD11023	71.000 	 1.025 	 243.435
FD11023	71.125 	 1.025 	 243.435
FD11023	71.250 	 0.648 	 225.000
FD11023	71.375 	 0.917 	 270.000
FD11023	71.500 	 1.025 	 243.435
FD11023	71.625 	 0.648 	 225.000
FD11023	71.750 	 0.917 	 270.000
FD11023	71.875 	 1.025 	 243.435
FD11023	72.000 	 0.648 	 225.000
FD11023	72.125 	 0.924 	 270.000
FD11023	72.250 	 1.025 	 243.435
FD11023	72.375 	 0.648 	 225.000
FD11023	72.500 	 0.917 	 270.000
FD11023	72.625 	 1.025 	 243.435
FD11023	72.750 	 0.648 	 225.000
FD11023	72.875 	 1.025 	 243.435
FD11023	73.000 	 0.917 	 270.000
FD11023	73.125 	 0.648 	 225.000
FD11023	73.250 	 1.025 	 243.435
FD11023	73.375 	 0.917 	 270.000
FD11023	73.500 	 0.648 	 225.000
FD11023	73.625 	 1.025 	 243.435
FD11023	73.750 	 0.917 	 270.000
FD11023	73.875 	 0.648 	 225.000
FD11023	74.000 	 1.025 	 243.435
FD11023	74.125 	 1.025 	 243.435
FD11023	74.250 	 0.458 	 270.000
FD11023	74.375 	 1.025 	 243.435
FD11023	74.500 	 1.025 	 243.435
FD11023	74.625 	 0.458 	 270.000
FD11023	74.750 	 1.025 	 243.435
FD11023	74.875 	 1.025 	 243.435
FD11023	75.000 	 0.458 	 270.000
FD11023	75.125 	 1.025 	 243.435
FD11023	75.250 	 1.025 	 243.435
FD11023	75.375 	 0.458 	 270.000
FD11023	75.500 	 1.025 	 243.435
FD11023	75.625 	 1.025 	 243.435
FD11023	75.750 	 0.648 	 225.000
FD11023	75.875 	 0.917 	 270.000
FD11023	76.000 	 1.025 	 243.435
FD11023	76.125 	 0.648 	 225.000
FD11023	76.250 	 0.917 	 270.000
FD11023	76.375 	 1.025 	 243.435
FD11023	76.500 	 0.648 	 225.000
FD11023	76.625 	 0.917 	 270.000
FD11023	76.750 	 1.025 	 243.435
FD11023	76.875 	 0.648 	 225.000
FD11023	77.000 	 1.025 	 243.435
FD11023	77.125 	 0.917 	 270.000
FD11023	77.250 	 0.648 	 225.000
FD11023	77.375 	 1.025 	 243.435
FD11023	77.500 	 0.917 	 270.000
FD11023	77.625 	 0.648 	 225.000
FD11023	77.750 	 1.025 	 243.435
FD11023	77.875 	 0.917 	 270.000
FD11023	78.000 	 0.648 	 225.000
FD11023	78.125 	 1.025 	 243.435
FD11023	78.250 	 1.025 	 243.435
FD11023	78.375 	 0.458 	 270.000
FD11023	78.500 	 1.025 	 243.435
FD11023	78.625 	 1.025 	 243.435
FD11023	78.750 	 0.458 	 270.000
FD11023	78.875 	 1.025 	 243.435
FD11023	79.000 	 1.025 	 243.435
FD11023	79.125 	 0.458 	 270.000
FD11023	79.250 	 1.025 	 243.435
FD11023	79.375 	 1.025 	 243.435
FD11023	79.500 	 0.458 	 270.000
FD11023	79.625 	 1.025 	 243.435
FD11023	79.750 	 1.033 	 243.435
FD11023	79.875 	 0.648 	 225.000
FD11023	80.000 	 0.917 	 270.000
FD11023	80.125 	 1.025 	 243.435
FD11023	80.250 	 1.025 	 243.435
FD11023	80.375 	 0.458 	 270.000
FD11023	80.500 	 1.025 	 243.435
FD11023	80.625 	 1.025 	 243.435
FD11023	80.750 	 0.458 	 270.000
FD11023	80.875 	 1.025 	 243.435
FD11023	81.000 	 1.025 	 243.435
FD11023	81.125 	 0.648 	 225.000
FD11023	81.250 	 0.917 	 270.000
FD11023	81.375 	 1.025 	 243.435
FD11023	81.500 	 0.648 	 225.000
FD11023	81.625 	 0.917 	 270.000
FD11023	81.750 	 1.025 	 243.435
FD11023	81.875 	 0.648 	 225.000
FD11023	82.000 	 0.917 	 270.000
FD11023	82.125 	 1.025 	 243.435
FD11023	82.250 	 1.889 	 284.036
FD11023	82.375 	 2.336 	 281.310
FD11023	82.500 	 2.336 	 281.310
FD11023	82.625 	 2.467 	 291.801
FD11023	82.750 	 2.336 	 281.310
FD11023	82.875 	 2.355 	 281.310
FD11023	83.000 	 2.467 	 291.801
FD11023	83.125 	 2.786 	 279.462
FD11023	83.250 	 2.336 	 281.310
FD11023	83.375 	 2.467 	 291.801
FD11023	83.500 	 2.336 	 281.310
FD11023	83.625 	 2.336 	 281.310
FD11023	83.750 	 2.336 	 281.310
FD11023	83.875 	 2.467 	 291.801
FD11023	84.000 	 2.355 	 281.310
FD11023	84.125 	 2.336 	 281.310
FD11023	84.250 	 2.467 	 291.801
FD11023	84.375 	 2.336 	 281.310
FD11023	84.500 	 2.336 	 281.310
FD11023	84.625 	 2.896 	 288.435
FD11023	84.750 	 2.336 	 281.310
FD11023	84.875 	 2.336 	 281.310
FD11023	85.000 	 2.355 	 281.310
FD11023	85.125 	 2.467 	 291.801
FD11023	85.250 	 2.336 	 281.310
FD11023	85.375 	 2.336 	 281.310
FD11023	85.500 	 2.467 	 291.801
FD11023	85.625 	 2.336 	 281.310
FD11023	85.750 	 2.336 	 281.310
FD11023	85.875 	 2.467 	 291.801
FD11023	86.000 	 2.786 	 279.462
FD11023	86.125 	 2.355 	 281.310
FD11023	86.250 	 2.336 	 281.310
FD11023	86.375 	 2.467 	 291.801
FD11023	86.500 	 2.336 	 281.310
FD11023	86.625 	 2.336 	 281.310
FD11023	86.750 	 2.467 	 291.801
FD11023	86.875 	 2.336 	 281.310
FD11023	87.000 	 2.336 	 281.310
FD11023	87.125 	 2.467 	 291.801
FD11023	87.250 	 2.355 	 281.310
FD11023	87.375 	 2.336 	 281.310
FD11023	87.500 	 2.786 	 279.462
FD11023	87.625 	 2.467 	 291.801
FD11023	87.750 	 2.336 	 281.310
FD11023	87.875 	 2.336 	 281.310
FD11023	88.000 	 2.467 	 291.801
FD11023	88.125 	 2.336 	 281.310
FD11023	88.250 	 2.355 	 281.310
FD11023	88.375 	 2.467 	 291.801
FD11023	88.500 	 2.336 	 281.310
FD11023	88.625 	 2.336 	 281.310
FD11023	88.750 	 2.336 	 281.310
FD11023	88.875 	 2.896 	 288.435
FD11023	89.000 	 2.336 	 281.310
FD11023	89.125 	 2.336 	 281.310
FD11023	89.250 	 2.467 	 291.801
FD11023	89.375 	 2.355 	 281.310
FD11023	89.500 	 2.336 	 281.310
FD11023	89.625 	 2.467 	 291.801
FD11023	89.750 	 2.336 	 281.310
FD11023	89.875 	 2.336 	 281.310
FD11023	90.000 	 2.467 	 291.801
FD11023	90.125 	 2.336 	 281.310
FD11023	90.250 	 2.336 	 281.310
FD11023	90.375 	 2.808 	 279.462
FD11023	90.500 	 2.467 	 291.801
FD11023	90.625 	 2.336 	 281.310
FD11023	90.750 	 2.336 	 281.310
FD11023	90.875 	 2.467 	 291.801
FD11023	91.000 	 2.336 	 281.310
FD11023	91.125 	 2.336 	 281.310
FD11023	91.250 	 2.896 	 288.435
FD11023	91.375 	 4.541 	 293.962
FD11023	91.500 	 4.505 	 293.962
FD11023	91.625 	 4.541 	 293.962
FD11023	91.750 	 4.505 	 293.962
FD11023	91.875 	 4.505 	 293.962
FD11023	92.000 	 4.541 	 293.962
FD11023	92.125 	 4.505 	 293.962
FD11023	92.250 	 4.746 	 299.055
FD11023	92.375 	 4.505 	 293.962
FD11023	92.500 	 4.505 	 293.962
FD11023	92.625 	 4.541 	 293.962
FD11023	92.750 	 4.505 	 293.962
FD11023	92.875 	 4.541 	 293.963
FD11023	93.000 	 4.925 	 291.801
FD11023	93.125 	 4.505 	 293.962
FD11023	93.250 	 4.541 	 293.963
FD11023	93.375 	 4.709 	 299.055
FD11023	93.500 	 4.541 	 293.962
FD11023	93.625 	 4.505 	 293.962
FD11023	93.750 	 4.541 	 293.962
FD11023	93.875 	 4.505 	 293.962
FD11023	94.000 	 4.505 	 293.963
FD11023	94.125 	 4.542 	 293.962
FD11023	94.250 	 4.505 	 293.963
FD11023	94.375 	 4.541 	 293.963
FD11023	94.500 	 4.709 	 299.054
FD11023	94.625 	 4.505 	 293.963
FD11023	94.750 	 4.964 	 291.801
FD11023	94.875 	 4.505 	 293.963
FD11023	95.000 	 4.541 	 293.963
FD11023	95.125 	 4.505 	 293.962
FD11023	95.250 	 4.505 	 293.963
FD11023	95.375 	 4.541 	 293.962
FD11023	95.500 	 4.505 	 293.963
FD11023	95.625 	 4.541 	 293.962
FD11023	95.750 	 4.709 	 299.055
FD11023	95.875 	 4.505 	 293.962
FD11023	96.000 	 4.541 	 293.963
FD11023	96.125 	 4.505 	 293.962
FD11023	96.250 	 4.541 	 293.963
FD11023	96.375 	 4.925 	 291.801
FD11023	96.500 	 4.505 	 293.962
FD11023	96.625 	 4.541 	 293.963
FD11023	96.750 	 4.505 	 293.962
FD11023	96.875 	 4.746 	 299.055
FD11023	97.000 	 4.505 	 293.962
FD11023	97.125 	 4.505 	 293.963
FD11023	97.250 	 4.541 	 293.962
FD11023	97.375 	 4.505 	 293.963
FD11023	97.500 	 4.541 	 293.962
FD11023	97.625 	 4.505 	 293.963
FD11023	97.750 	 4.541 	 293.963
FD11023	97.875 	 4.505 	 293.962
FD11023	98.000 	 4.505 	 293.963
FD11023	98.125 	 5.152 	 296.565
FD11023	98.250 	 4.505 	 293.962
FD11023	98.375 	 4.541 	 293.963
FD11023	98.500 	 4.505 	 293.962
FD11023	98.625 	 4.505 	 293.963
FD11023	98.750 	 4.541 	 293.962
FD11023	98.875 	 4.505 	 293.963
FD11023	99.000 	 4.541 	 293.962
FD11023	99.125 	 4.505 	 293.963
FD11023	99.250 	 4.709 	 299.054
FD11023	99.375 	 4.541 	 293.963
FD11023	99.500 	 4.505 	 293.962
FD11023	99.625 	 4.541 	 293.963
FD11023	99.750 	 4.505 	 293.962
FD11023	99.875 	 4.925 	 291.801
FD11023	100.000 	 4.541 	 293.963
FD11023	100.125 	 4.505 	 293.962
FD11023	100.250 	 4.541 	 293.963
FD11023	100.375 	 5.724 	 298.610
FD11023	100.500 	 5.985 	 292.620
FD11023	100.625 	 5.985 	 292.620
FD11023	100.750 	 6.126 	 296.565
FD11023	100.875 	 5.985 	 292.620
FD11023	101.000 	 5.985 	 292.620
FD11023	101.125 	 5.724 	 298.610
FD11023	101.250 	 5.985 	 292.620
FD11023	101.375 	 5.985 	 292.620
FD11023	101.500 	 6.126 	 296.565
FD11023	101.625 	 5.985 	 292.620
FD11023	101.750 	 5.985 	 292.620
FD11023	101.875 	 6.126 	 296.565
FD11023	102.000 	 5.565 	 294.444
FD11023	102.125 	 6.175 	 296.565
FD11023	102.250 	 5.937 	 292.620
FD11023	102.375 	 5.985 	 292.620
FD11023	102.500 	 6.175 	 296.565
FD11023	102.625 	 5.985 	 292.620
FD11023	102.750 	 5.937 	 292.620
FD11023	102.875 	 6.175 	 296.565
FD11023	103.000 	 5.565 	 294.444
FD11023	103.125 	 5.937 	 292.620
FD11023	103.250 	 6.175 	 296.565
FD11023	103.375 	 5.985 	 292.620
FD11023	103.500 	 6.126 	 296.565
FD11023	103.625 	 5.985 	 292.620
FD11023	103.750 	 5.985 	 292.620
FD11023	103.875 	 6.126 	 296.565
FD11023	104.000 	 5.566 	 294.444
FD11023	104.125 	 5.985 	 292.620
FD11023	104.250 	 6.126 	 296.565
FD11023	104.375 	 5.985 	 292.620
FD11023	104.500 	 5.985 	 292.620
FD11023	104.625 	 6.126 	 296.565
FD11023	104.750 	 5.985 	 292.620
FD11023	104.875 	 5.566 	 294.444
FD11023	105.000 	 6.126 	 296.565
FD11023	105.125 	 5.985 	 292.620
FD11023	105.250 	 6.175 	 296.565
FD11023	105.375 	 5.985 	 292.620
FD11023	105.500 	 5.937 	 292.620
FD11023	105.625 	 6.175 	 296.565
FD11023	105.750 	 5.985 	 292.620
FD11023	105.875 	 5.521 	 294.444
FD11023	106.000 	 6.175 	 296.565
FD11023	106.125 	 5.985 	 292.620
FD11023	106.250 	 5.937 	 292.620
FD11023	106.375 	 6.175 	 296.565
FD11023	106.500 	 5.985 	 292.620
FD11023	106.625 	 5.937 	 292.620
FD11023	106.750 	 5.770 	 298.611
FD11023	106.875 	 5.985 	 292.620
FD11023	107.000 	 6.126 	 296.565
FD11023	107.125 	 5.985 	 292.620
FD11023	107.250 	 5.985 	 292.620
FD11023	107.375 	 6.126 	 296.565
FD11023	107.500 	 5.985 	 292.620
FD11023	107.625 	 5.985 	 292.620
FD11023	107.750 	 5.724 	 298.611
FD11023	107.875 	 5.985 	 292.620
FD11023	108.000 	 5.985 	 292.620
FD11023	108.125 	 6.126 	 296.565
FD11023	108.250 	 5.985 	 292.620
FD11023	108.375 	 6.175 	 296.565
FD11023	108.500 	 5.985 	 292.620
FD11023	108.625 	 5.937 	 292.620
FD11023	108.750 	 5.770 	 298.611
FD11023	108.875 	 5.985 	 292.620
FD11023	109.000 	 5.937 	 292.620
FD11023	109.125 	 6.175 	 296.565
FD11023	109.250 	 5.985 	 292.620
FD11023	109.375 	 5.937 	 292.620
FD11023	109.500 	 6.176 	 296.565
FD11023	109.625 	 5.565 	 294.444
FD11023	109.750 	 6.947 	 293.198
FD11023	109.875 	 6.587 	 294.775
FD11023	110.000 	 7.003 	 293.199
FD11023	110.125 	 6.409 	 291.037
FD11023	110.250 	 7.003 	 293.199
FD11023	110.375 	 6.587 	 294.775
FD11023	110.500 	 7.003 	 293.199
FD11023	110.625 	 7.003 	 293.199
FD11023	110.750 	 6.587 	 294.775
FD11023	110.875 	 6.947 	 293.198
FD11023	111.000 	 6.587 	 294.775
FD11023	111.125 	 6.836 	 289.654
FD11023	111.250 	 6.587 	 294.775
FD11023	111.375 	 7.003 	 293.199
FD11023	111.500 	 6.587 	 294.775
FD11023	111.625 	 7.003 	 293.199
FD11023	111.750 	 7.003 	 293.198
FD11023	111.875 	 6.534 	 294.776
FD11023	112.000 	 6.836 	 289.654
FD11023	112.125 	 6.587 	 294.775
FD11023	112.250 	 7.003 	 293.199
FD11023	112.375 	 6.587 	 294.775
FD11023	112.500 	 7.003 	 293.199
FD11023	112.625 	 7.003 	 293.199
FD11023	112.750 	 6.587 	 294.775
FD11023	112.875 	 6.947 	 293.198
FD11023	113.000 	 6.409 	 291.037
FD11023	113.125 	 7.003 	 293.199
FD11023	113.250 	 6.587 	 294.775
FD11023	113.375 	 7.003 	 293.199
FD11023	113.500 	 6.587 	 294.775
FD11023	113.625 	 7.003 	 293.199
FD11023	113.750 	 7.003 	 293.198
FD11023	113.875 	 6.534 	 294.775
FD11023	114.000 	 6.836 	 289.654
FD11023	114.125 	 6.587 	 294.775
FD11023	114.250 	 7.003 	 293.199
FD11023	114.375 	 6.587 	 294.775
FD11023	114.500 	 7.003 	 293.199
FD11023	114.625 	 7.003 	 293.199
FD11023	114.750 	 6.587 	 294.775
FD11023	114.875 	 6.836 	 289.654
FD11023	115.000 	 6.534 	 294.775
FD11023	115.125 	 7.003 	 293.199
FD11023	115.250 	 6.587 	 294.775
FD11023	115.375 	 7.003 	 293.199
FD11023	115.500 	 6.587 	 294.775
FD11023	115.625 	 7.003 	 293.199
FD11023	115.750 	 7.003 	 293.199
FD11023	115.875 	 6.409 	 291.037
FD11023	116.000 	 6.947 	 293.198
FD11023	116.125 	 6.587 	 294.775
FD11023	116.250 	 7.003 	 293.199
FD11023	116.375 	 6.587 	 294.775
FD11023	116.500 	 7.003 	 293.199
FD11023	116.625 	 7.003 	 293.199
FD11023	116.750 	 6.587 	 294.775
FD11023	116.875 	 6.836 	 289.654
FD11023	117.000 	 6.534 	 294.775
FD11023	117.125 	 7.003 	 293.199
FD11023	117.250 	 6.587 	 294.775
FD11023	117.375 	 7.003 	 293.199
FD11023	117.500 	 6.587 	 294.775
FD11023	117.625 	 7.003 	 293.199
FD11023	117.750 	 6.836 	 289.654
FD11023	117.875 	 6.587 	 294.775
FD11023	118.000 	 6.947 	 293.198
FD11023	118.125 	 6.587 	 294.775
FD11023	118.250 	 7.003 	 293.199
FD11023	118.375 	 6.587 	 294.775
FD11023	118.500 	 7.003 	 293.199
FD11023	118.625 	 7.003 	 293.199
FD11023	118.750 	 6.409 	 291.037
FD11023	118.875 	 7.003 	 293.198
FD11023	119.000 	 8.433 	 292.380
FD11023	119.125 	 8.017 	 293.629
FD11023	119.250 	 7.847 	 290.556
FD11023	119.375 	 8.501 	 292.380
FD11023	119.500 	 7.846 	 290.556
FD11023	119.625 	 8.434 	 292.380
FD11023	119.750 	 7.909 	 290.556
FD11023	119.875 	 8.434 	 292.380
FD11023	120.000 	 7.846 	 290.556
FD11023	120.125 	 8.017 	 293.630
FD11023	120.250 	 8.501 	 292.380
FD11023	120.375 	 7.846 	 290.556
FD11023	120.500 	 8.434 	 292.380
FD11023	120.625 	 7.847 	 290.556
FD11023	120.750 	 8.081 	 293.629
FD11023	120.875 	 8.272 	 289.440
FD11023	121.000 	 8.017 	 293.629
FD11023	121.125 	 8.434 	 292.380
FD11023	121.250 	 7.909 	 290.556
FD11023	121.375 	 8.017 	 293.630
FD11023	121.500 	 8.272 	 289.440
FD11023	121.625 	 8.017 	 293.629
FD11023	121.750 	 8.338 	 289.440
FD11023	121.875 	 8.017 	 293.629
FD11023	122.000 	 8.434 	 292.380
FD11023	122.125 	 7.846 	 290.556
FD11023	122.250 	 8.081 	 293.630
FD11023	122.375 	 8.272 	 289.440
FD11023	122.500 	 8.017 	 293.629
FD11023	122.625 	 8.338 	 289.440
FD11023	122.750 	 8.017 	 293.629
FD11023	122.875 	 7.846 	 290.556
FD11023	123.000 	 8.433 	 292.380
FD11023	123.125 	 8.081 	 293.629
FD11023	123.250 	 8.272 	 289.440
FD11023	123.375 	 8.017 	 293.629
FD11023	123.500 	 7.846 	 290.556
FD11023	123.625 	 8.501 	 292.380
FD11023	123.750 	 7.846 	 290.556
FD11023	123.875 	 8.433 	 292.380
FD11023	124.000 	 8.017 	 293.629
FD11023	124.125 	 8.338 	 289.440
FD11023	124.250 	 8.017 	 293.629
FD11023	124.375 	 7.846 	 290.556
FD11023	124.500 	 8.434 	 292.380
FD11023	124.625 	 7.909 	 290.556
FD11023	124.750 	 8.434 	 292.380
FD11023	124.875 	 8.017 	 293.630
FD11023	125.000 	 7.846 	 290.556
FD11023	125.125 	 8.501 	 292.380
FD11023	125.250 	 7.846 	 290.556
FD11023	125.375 	 8.434 	 292.380
FD11023	125.500 	 7.846 	 290.556
FD11023	125.625 	 8.081 	 293.630
FD11023	125.750 	 8.272 	 289.440
FD11023	125.875 	 8.017 	 293.630
FD11023	126.000 	 8.501 	 292.380
FD11023	126.125 	 7.847 	 290.556
FD11023	126.250 	 8.434 	 292.380
FD11023	126.375 	 7.846 	 290.556
FD11023	126.500 	 8.081 	 293.630
FD11023	126.625 	 8.272 	 289.440
FD11023	126.750 	 8.017 	 293.630
FD11023	126.875 	 8.434 	 292.380
FD11023	127.000 	 7.909 	 290.556
FD11023	127.125 	 8.017 	 293.629
FD11023	127.250 	 8.272 	 289.440
FD11023	127.375 	 8.017 	 293.629
FD11023	127.500 	 8.339 	 289.440
FD11023	127.625 	 8.017 	 293.629
FD11023	127.750 	 7.846 	 290.556
FD11023	127.875 	 8.434 	 292.380
FD11023	128.000 	 8.501 	 292.380
FD11023	128.125 	 9.274 	 290.225
FD11023	128.250 	 9.775 	 289.290
FD11023	128.375 	 9.348 	 290.225
FD11023	128.500 	 9.933 	 291.801
FD11023	128.625 	 9.774 	 289.290
FD11023	128.750 	 9.275 	 290.225
FD11023	128.875 	 9.775 	 289.290
FD11023	129.000 	 9.774 	 289.290
FD11023	129.125 	 9.515 	 292.834
FD11023	129.250 	 9.698 	 289.290
FD11023	129.375 	 9.774 	 289.290
FD11023	129.500 	 9.348 	 290.225
FD11023	129.625 	 9.933 	 291.801
FD11023	129.750 	 9.697 	 289.290
FD11023	129.875 	 9.348 	 290.225
FD11023	130.000 	 9.774 	 289.290
FD11023	130.125 	 9.934 	 291.801
FD11023	130.250 	 9.348 	 290.225
FD11023	130.375 	 9.697 	 289.290
FD11023	130.500 	 9.348 	 290.225
FD11023	130.625 	 9.774 	 289.290
FD11023	130.750 	 9.933 	 291.801
FD11023	130.875 	 9.275 	 290.225
FD11023	131.000 	 9.774 	 289.290
FD11023	131.125 	 9.775 	 289.290
FD11023	131.250 	 9.515 	 292.833
FD11023	131.375 	 9.698 	 289.290
FD11023	131.500 	 9.774 	 289.290
FD11023	131.625 	 9.348 	 290.225
FD11023	131.750 	 9.774 	 289.290
FD11023	131.875 	 9.933 	 291.801
FD11023	132.000 	 9.274 	 290.225
FD11023	132.125 	 9.776 	 289.290
FD11023	132.250 	 9.348 	 290.225
FD11023	132.375 	 9.933 	 291.801
FD11023	132.500 	 9.697 	 289.290
FD11023	132.625 	 9.348 	 290.225
FD11023	132.750 	 9.775 	 289.290
FD11023	132.875 	 9.933 	 291.801
FD11023	133.000 	 9.275 	 290.225
FD11023	133.125 	 9.774 	 289.290
FD11023	133.250 	 9.774 	 289.290
FD11023	133.375 	 9.348 	 290.225
FD11023	133.500 	 9.933 	 291.801
FD11023	133.625 	 9.698 	 289.290
FD11023	133.750 	 9.348 	 290.225
FD11023	133.875 	 9.774 	 289.290
FD11023	134.000 	 9.515 	 292.834
FD11023	134.125 	 9.698 	 289.290
FD11023	134.250 	 9.775 	 289.290
FD11023	134.375 	 9.348 	 290.225
FD11023	134.500 	 9.774 	 289.290
FD11023	134.625 	 9.854 	 291.801
FD11023	134.750 	 9.348 	 290.225
FD11023	134.875 	 9.775 	 289.290
FD11023	135.000 	 9.776 	 289.290
FD11023	135.125 	 9.515 	 292.834
FD11023	135.250 	 9.697 	 289.290
FD11023	135.375 	 9.774 	 289.290
FD11023	135.500 	 9.348 	 290.225
FD11023	135.625 	 9.933 	 291.801
FD11023	135.750 	 9.275 	 290.226
FD11023	135.875 	 9.775 	 289.290
FD11023	136.000 	 9.774 	 289.290
FD11023	136.125 	 9.348 	 290.225
FD11023	136.250 	 9.856 	 291.801
FD11023	136.375 	 9.774 	 289.290
FD11023	136.500 	 9.348 	 290.226
FD11023	136.625 	 9.774 	 289.290
FD11023	136.750 	 9.933 	 291.801
FD11023	136.875 	 9.273 	 290.226
FD11023	137.000 	 9.776 	 289.290
FD11023	137.125 	 9.774 	 289.290
FD11023	137.250 	 9.348 	 290.225
FD11023	137.375 	 11.199 	 289.179
FD11023	137.500 	 11.198 	 289.180
FD11023	137.625 	 10.715 	 287.650
FD11023	137.750 	 11.200 	 289.179
FD11023	137.875 	 11.199 	 289.179
FD11023	138.000 	 11.147 	 286.928
FD11023	138.125 	 11.199 	 289.179
FD11023	138.250 	 11.198 	 289.180
FD11023	138.375 	 11.149 	 286.927
FD11023	138.500 	 11.198 	 289.179
FD11023	138.625 	 11.289 	 289.179
FD11023	138.750 	 11.059 	 286.928
FD11023	138.875 	 11.199 	 289.179
FD11023	139.000 	 11.287 	 289.180
FD11023	139.125 	 11.060 	 286.927
FD11023	139.250 	 11.200 	 289.179
FD11023	139.375 	 11.287 	 289.179
FD11023	139.500 	 11.059 	 286.928
FD11023	139.625 	 10.776 	 289.983
FD11023	139.750 	 11.149 	 286.927
FD11023	139.875 	 11.198 	 289.180
FD11023	140.000 	 11.289 	 289.179
FD11023	140.125 	 11.059 	 286.928
FD11023	140.250 	 11.199 	 289.179
FD11023	140.375 	 11.287 	 289.179
FD11023	140.500 	 11.060 	 286.927
FD11023	140.625 	 11.198 	 289.180
FD11023	140.750 	 11.289 	 289.179
FD11023	140.875 	 11.059 	 286.928
FD11023	141.000 	 11.199 	 289.179
FD11023	141.125 	 11.288 	 289.179
FD11023	141.250 	 11.060 	 286.927
FD11023	141.375 	 11.287 	 289.180
FD11023	141.500 	 11.200 	 289.179
FD11023	141.625 	 10.630 	 287.650
FD11023	141.750 	 11.287 	 289.179
FD11023	141.875 	 11.198 	 289.179
FD11023	142.000 	 11.060 	 286.927
FD11023	142.125 	 11.289 	 289.180
FD11023	142.250 	 11.199 	 289.179
FD11023	142.375 	 11.059 	 286.928
FD11023	142.500 	 11.289 	 289.179
FD11023	142.625 	 11.198 	 289.179
FD11023	142.750 	 11.147 	 286.927
FD11023	142.875 	 11.198 	 289.180
FD11023	143.000 	 11.061 	 286.927
FD11023	143.125 	 11.287 	 289.179
FD11023	143.250 	 11.199 	 289.179
FD11023	143.375 	 11.059 	 286.928
FD11023	143.500 	 11.289 	 289.179
FD11023	143.625 	 11.198 	 289.180
FD11023	143.750 	 10.631 	 287.650
FD11023	143.875 	 11.288 	 289.179
FD11023	144.000 	 11.199 	 289.179
FD11023	144.125 	 11.147 	 286.928
FD11023	144.250 	 11.199 	 289.179
FD11023	144.375 	 11.200 	 289.180
FD11023	144.500 	 11.147 	 286.927
FD11023	144.625 	 11.198 	 289.179
FD11023	144.750 	 11.199 	 289.179
FD11023	144.875 	 11.148 	 286.928
FD11023	145.000 	 11.199 	 289.179
FD11023	145.125 	 11.289 	 289.180
FD11023	145.250 	 11.060 	 286.927
FD11023	145.375 	 11.198 	 289.179
FD11023	145.500 	 11.287 	 289.180
FD11023	145.625 	 11.060 	 286.927
FD11023	145.750 	 10.776 	 289.983
FD11023	145.875 	 11.149 	 286.927
FD11023	146.000 	 11.198 	 289.180
FD11023	146.125 	 11.199 	 289.179
FD11023	146.250 	 11.148 	 286.928
FD11023	146.375 	 11.199 	 289.179
FD11023	146.500 	 11.714 	 288.435
FD11023	146.625 	 12.571 	 287.103
FD11023	146.750 	 12.143 	 287.744
FD11023	146.875 	 12.046 	 287.745
FD11023	147.000 	 12.569 	 287.103
FD11023	147.125 	 12.143 	 287.744
FD11023	147.250 	 12.287 	 289.799
FD11023	147.375 	 12.569 	 287.103
FD11023	147.500 	 12.143 	 287.745
FD11023	147.625 	 12.569 	 287.103
FD11023	147.750 	 12.046 	 287.745
FD11023	147.875 	 12.143 	 287.744
FD11023	148.000 	 12.571 	 287.103
FD11023	148.125 	 12.141 	 287.745
FD11023	148.250 	 12.143 	 287.745
FD11023	148.375 	 12.570 	 287.103
FD11023	148.500 	 12.141 	 287.745
FD11023	148.625 	 12.709 	 289.094
FD11023	148.750 	 12.046 	 287.745
FD11023	148.875 	 12.142 	 287.744
FD11023	149.000 	 12.571 	 287.103
FD11023	149.125 	 12.143 	 287.745
FD11023	149.250 	 12.142 	 287.744
FD11023	149.375 	 12.571 	 287.103
FD11023	149.500 	 12.141 	 287.745
FD11023	149.625 	 12.143 	 287.745
FD11023	149.750 	 12.471 	 287.103
FD11023	149.875 	 12.288 	 289.799
FD11023	150.000 	 12.569 	 287.103
FD11023	150.125 	 12.143 	 287.745
FD11023	150.250 	 12.143 	 287.744
FD11023	150.375 	 12.569 	 287.103
FD11023	150.500 	 12.143 	 287.745
FD11023	150.625 	 12.046 	 287.745
FD11023	150.750 	 12.569 	 287.103
FD11023	150.875 	 12.143 	 287.744
FD11023	151.000 	 12.571 	 287.103
FD11023	151.125 	 12.286 	 289.799
FD11023	151.250 	 12.143 	 287.745
FD11023	151.375 	 12.570 	 287.103
FD11023	151.500 	 12.142 	 287.745
FD11023	151.625 	 12.046 	 287.745
FD11023	151.750 	 12.571 	 287.103
FD11023	151.875 	 12.142 	 287.744
FD11023	152.000 	 12.143 	 287.745
FD11023	152.125 	 12.571 	 287.103
FD11023	152.250 	 12.141 	 287.745
FD11023	152.375 	 12.571 	 287.103
FD11023	152.500 	 12.286 	 289.799
FD11023	152.625 	 12.048 	 287.745
FD11023	152.750 	 12.569 	 287.103
FD11023	152.875 	 12.143 	 287.745
FD11023	153.000 	 12.141 	 287.745
FD11023	153.125 	 12.571 	 287.103
FD11023	153.250 	 12.143 	 287.745
FD11023	153.375 	 12.142 	 287.745
FD11023	153.500 	 12.471 	 287.103
FD11023	153.625 	 12.143 	 287.745
FD11023	153.750 	 12.708 	 289.094
FD11023	153.875 	 12.143 	 287.745
FD11023	154.000 	 12.143 	 287.745
FD11023	154.125 	 12.569 	 287.103
FD11023	154.250 	 12.143 	 287.745
FD11023	154.375 	 12.142 	 287.744
FD11023	154.500 	 12.472 	 287.103
FD11023	154.625 	 12.141 	 287.745
FD11023	154.750 	 12.571 	 287.103
FD11023	154.875 	 12.141 	 287.745
FD11023	155.000 	 12.143 	 287.744
FD11023	155.125 	 12.709 	 289.094
FD11023	155.250 	 12.141 	 287.745
FD11023	155.375 	 12.143 	 287.744
FD11023	155.500 	 12.471 	 287.103
FD11023	155.625 	 12.143 	 287.745
FD11023	155.750 	 12.569 	 287.103
FD11023	155.875 	 13.531 	 285.946
FD11023	156.000 	 13.132 	 288.435
FD11023	156.125 	 13.424 	 285.945
FD11023	156.250 	 13.102 	 286.504
FD11023	156.375 	 13.553 	 287.819
FD11023	156.500 	 12.998 	 286.504
FD11023	156.625 	 13.101 	 286.504
FD11023	156.750 	 13.425 	 285.945
FD11023	156.875 	 13.130 	 288.435
FD11023	157.000 	 13.531 	 285.946
FD11023	157.125 	 12.998 	 286.504
FD11023	157.250 	 12.998 	 286.504
FD11023	157.375 	 13.662 	 287.819
FD11023	157.500 	 12.996 	 286.505
FD11023	157.625 	 13.425 	 285.945
FD11023	157.750 	 13.236 	 288.435
FD11023	157.875 	 13.425 	 285.945
FD11023	158.000 	 12.997 	 286.504
FD11023	158.125 	 13.101 	 286.504
FD11023	158.250 	 13.554 	 287.819
FD11023	158.375 	 12.998 	 286.504
FD11023	158.500 	 13.531 	 285.946
FD11023	158.625 	 13.130 	 288.435
FD11023	158.750 	 12.998 	 286.504
FD11023	158.875 	 13.531 	 285.945
FD11023	159.000 	 12.998 	 286.504
FD11023	159.125 	 13.553 	 287.819
FD11023	159.250 	 13.101 	 286.505
FD11023	159.375 	 13.425 	 285.945
FD11023	159.500 	 12.998 	 286.504
FD11023	159.625 	 13.236 	 288.434
FD11023	159.750 	 13.424 	 285.946
FD11023	159.875 	 12.998 	 286.504
FD11023	160.000 	 13.661 	 287.819
FD11023	160.125 	 12.998 	 286.504
FD11023	160.250 	 12.996 	 286.504
FD11023	160.375 	 13.426 	 285.945
FD11023	160.500 	 13.236 	 288.435
FD11023	160.625 	 13.425 	 285.946
FD11023	160.750 	 12.997 	 286.504
FD11023	160.875 	 13.237 	 288.435
FD11023	161.000 	 13.424 	 285.945
FD11023	161.125 	 12.998 	 286.505
FD11023	161.250 	 13.531 	 285.945
FD11023	161.375 	 13.132 	 288.435
FD11023	161.500 	 13.424 	 285.945
FD11023	161.625 	 13.101 	 286.505
FD11023	161.750 	 12.998 	 286.504
FD11023	161.875 	 13.553 	 287.819
FD11023	162.000 	 13.103 	 286.504
FD11023	162.125 	 13.424 	 285.946
FD11023	162.250 	 13.132 	 288.435
FD11023	162.375 	 13.101 	 286.504
FD11023	162.500 	 13.425 	 285.945
FD11023	162.625 	 12.997 	 286.504
FD11023	162.750 	 13.661 	 287.819
FD11023	162.875 	 12.998 	 286.505
FD11023	163.000 	 13.425 	 285.945
FD11023	163.125 	 13.101 	 286.504
FD11023	163.250 	 13.130 	 288.435
FD11023	163.375 	 13.426 	 285.945
FD11023	163.500 	 13.101 	 286.504
FD11023	163.625 	 13.554 	 287.819
FD11023	163.750 	 12.997 	 286.504
FD11023	163.875 	 13.101 	 286.505
FD11023	164.000 	 13.426 	 285.945
FD11023	164.125 	 13.132 	 288.435
FD11023	164.250 	 13.531 	 285.946
FD11023	164.375 	 12.997 	 286.504
FD11023	164.500 	 13.554 	 287.819
FD11023	164.625 	 13.101 	 286.504
FD11023	164.750 	 12.998 	 286.504
FD11023	164.875 	 14.512 	 286.699
FD11023	165.000 	 15.067 	 287.879
FD11023	165.125 	 14.937 	 286.189
FD11023	165.250 	 15.057 	 286.189
FD11023	165.375 	 14.646 	 288.435
FD11023	165.500 	 14.937 	 286.189
FD11023	165.625 	 15.067 	 287.879
FD11023	165.750 	 14.512 	 286.699
FD11023	165.875 	 15.057 	 286.189
FD11023	166.000 	 15.067 	 287.879
FD11023	166.125 	 14.937 	 286.189
FD11023	166.250 	 14.648 	 288.435
FD11023	166.375 	 14.937 	 286.189
FD11023	166.500 	 15.055 	 286.189
FD11023	166.625 	 15.068 	 287.879
FD11023	166.750 	 14.512 	 286.699
FD11023	166.875 	 15.067 	 287.879
FD11023	167.000 	 15.055 	 286.189
FD11023	167.125 	 14.939 	 286.190
FD11023	167.250 	 14.646 	 288.435
FD11023	167.375 	 14.937 	 286.189
FD11023	167.500 	 15.066 	 287.879
FD11023	167.625 	 14.629 	 286.699
FD11023	167.750 	 14.937 	 286.189
FD11023	167.875 	 15.067 	 287.878
FD11023	168.000 	 14.937 	 286.190
FD11023	168.125 	 14.646 	 288.435
FD11023	168.250 	 15.057 	 286.190
FD11023	168.375 	 14.937 	 286.189
FD11023	168.500 	 15.067 	 287.879
FD11023	168.625 	 14.512 	 286.699
FD11023	168.750 	 14.939 	 286.189
FD11023	168.875 	 15.185 	 287.879
FD11023	169.000 	 14.512 	 286.699
FD11023	169.125 	 15.068 	 287.879
FD11023	169.250 	 14.937 	 286.189
FD11023	169.375 	 15.055 	 286.190
FD11023	169.500 	 14.648 	 288.435
FD11023	169.625 	 14.937 	 286.189
FD11023	169.750 	 15.067 	 287.879
FD11023	169.875 	 14.937 	 286.189
FD11023	170.000 	 14.629 	 286.700
FD11023	170.125 	 15.067 	 287.878
FD11023	170.250 	 14.937 	 286.190
FD11023	170.375 	 15.067 	 287.878
FD11023	170.500 	 14.512 	 286.699
FD11023	170.625 	 15.057 	 286.190
FD11023	170.750 	 15.067 	 287.878
FD11023	170.875 	 14.512 	 286.700
FD11023	171.000 	 15.067 	 287.878
FD11023	171.125 	 14.937 	 286.190
FD11023	171.250 	 15.056 	 286.189
FD11023	171.375 	 14.646 	 288.434
FD11023	171.500 	 14.937 	 286.190
FD11023	171.625 	 15.068 	 287.879
FD11023	171.750 	 15.055 	 286.190
FD11023	171.875 	 14.513 	 286.699
FD11023	172.000 	 15.068 	 287.880
FD11023	172.125 	 14.937 	 286.189
FD11023	172.250 	 15.067 	 287.879
FD11023	172.375 	 14.629 	 286.699
FD11023	172.500 	 14.937 	 286.189
FD11023	172.625 	 15.067 	 287.879
FD11023	172.750 	 14.512 	 286.699
FD11023	172.875 	 15.067 	 287.879
FD11023	173.000 	 15.057 	 286.189
FD11023	173.125 	 14.937 	 286.189
FD11023	173.250 	 14.646 	 288.435
FD11023	173.375 	 14.937 	 286.189
FD11023	173.500 	 15.067 	 287.879
FD11023	173.625 	 15.057 	 286.189
FD11023	173.750 	 14.512 	 286.700
FD11023	173.875 	 15.067 	 287.878
FD11023	174.000 	 15.610 	 287.355
FD11023	174.125 	 16.584 	 287.927
FD11023	174.250 	 16.722 	 289.440
FD11023	174.375 	 16.584 	 287.928
FD11023	174.500 	 16.856 	 289.440
FD11023	174.625 	 16.584 	 287.928
FD11023	174.750 	 16.724 	 289.440
FD11023	174.875 	 16.714 	 287.928
FD11023	175.000 	 16.722 	 289.440
FD11023	175.125 	 16.584 	 287.927
FD11023	175.250 	 16.724 	 289.440
FD11023	175.375 	 16.715 	 287.928
FD11023	175.500 	 16.724 	 289.440
FD11023	175.625 	 16.722 	 289.439
FD11023	175.750 	 16.584 	 287.928
FD11023	175.875 	 16.855 	 289.440
FD11023	176.000 	 16.584 	 287.928
FD11023	176.125 	 16.724 	 289.440
FD11023	176.250 	 16.715 	 287.928
FD11023	176.375 	 16.724 	 289.440
FD11023	176.500 	 16.582 	 287.928
FD11023	176.625 	 16.724 	 289.439
FD11023	176.750 	 16.714 	 287.928
FD11023	176.875 	 16.724 	 289.440
FD11023	177.000 	 16.584 	 287.928
FD11023	177.125 	 16.856 	 289.439
FD11023	177.250 	 16.582 	 287.928
FD11023	177.375 	 16.724 	 289.440
FD11023	177.500 	 17.001 	 287.448
FD11023	177.625 	 16.856 	 289.439
FD11023	177.750 	 16.584 	 287.928
FD11023	177.875 	 16.722 	 289.440
FD11023	178.000 	 16.584 	 287.928
FD11023	178.125 	 16.855 	 289.440
FD11023	178.250 	 16.584 	 287.928
FD11023	178.375 	 16.724 	 289.440
FD11023	178.500 	 16.714 	 287.927
FD11023	178.625 	 16.724 	 289.440
FD11023	178.750 	 16.582 	 287.928
FD11023	178.875 	 16.724 	 289.440
FD11023	179.000 	 16.714 	 287.928
FD11023	179.125 	 16.724 	 289.440
FD11023	179.250 	 16.582 	 287.928
FD11023	179.375 	 16.724 	 289.440
FD11023	179.500 	 16.856 	 289.440
FD11023	179.625 	 16.584 	 287.928
FD11023	179.750 	 16.724 	 289.440
FD11023	179.875 	 16.714 	 287.928
FD11023	180.000 	 16.724 	 289.440
FD11023	180.125 	 16.582 	 287.927
FD11023	180.250 	 16.724 	 289.440
FD11023	180.375 	 16.715 	 287.928
FD11023	180.500 	 16.724 	 289.440
FD11023	180.625 	 16.584 	 287.927
FD11023	180.750 	 16.722 	 289.440
FD11023	180.875 	 16.715 	 287.928
FD11023	181.000 	 16.724 	 289.440
FD11023	181.125 	 16.584 	 287.928
FD11023	181.250 	 16.856 	 289.440
FD11023	181.375 	 16.584 	 287.928
FD11023	181.500 	 16.722 	 289.440
FD11023	181.625 	 16.584 	 287.927
FD11023	181.750 	 16.855 	 289.440
FD11023	181.875 	 16.584 	 287.928
FD11023	182.000 	 16.724 	 289.440
FD11023	182.125 	 16.714 	 287.927
FD11023	182.250 	 16.724 	 289.440
FD11023	182.375 	 16.582 	 287.928
FD11023	182.500 	 16.724 	 289.441
FD11023	182.625 	 16.714 	 287.927
FD11023	182.750 	 16.724 	 289.440
FD11023	182.875 	 16.582 	 287.928
FD11023	183.000 	 16.724 	 289.440
FD11023	183.125 	 17.134 	 287.447
FD11023	183.250 	 16.724 	 289.441
FD11023	183.375 	 16.724 	 289.440
FD11023	183.500 	 17.271 	 288.925
FD11023	183.625 	 17.830 	 289.855
FD11023	183.750 	 17.419 	 290.377
FD11023	183.875 	 17.688 	 288.435
FD11023	184.000 	 17.281 	 290.377
FD11023	184.125 	 17.830 	 289.855
FD11023	184.250 	 17.421 	 290.377
FD11023	184.375 	 17.686 	 288.435
FD11023	184.500 	 17.829 	 289.856
FD11023	184.625 	 17.419 	 290.377
FD11023	184.750 	 17.832 	 289.855
FD11023	184.875 	 17.135 	 288.925
FD11023	185.000 	 17.829 	 289.856
FD11023	185.125 	 17.832 	 289.855
FD11023	185.250 	 17.271 	 288.925
FD11023	185.375 	 17.829 	 289.856
FD11023	185.500 	 17.419 	 290.377
FD11023	185.625 	 17.831 	 289.856
FD11023	185.750 	 17.136 	 288.924
FD11023	185.875 	 17.829 	 289.856
FD11023	186.000 	 17.831 	 289.855
FD11023	186.125 	 17.419 	 290.377
FD11023	186.250 	 17.687 	 288.435
FD11023	186.375 	 17.419 	 290.377
FD11023	186.500 	 17.691 	 289.856
FD11023	186.625 	 17.830 	 289.855
FD11023	186.750 	 17.271 	 288.925
FD11023	186.875 	 17.831 	 289.856
FD11023	187.000 	 17.419 	 290.377
FD11023	187.125 	 17.829 	 289.856
FD11023	187.250 	 17.272 	 288.924
FD11023	187.375 	 17.691 	 289.856
FD11023	187.500 	 17.829 	 289.856
FD11023	187.625 	 17.419 	 290.377
FD11023	187.750 	 17.689 	 288.435
FD11023	187.875 	 17.419 	 290.377
FD11023	188.000 	 17.829 	 289.855
FD11023	188.125 	 17.830 	 289.855
FD11023	188.250 	 17.137 	 288.925
FD11023	188.375 	 17.829 	 289.856
FD11023	188.500 	 17.419 	 290.377
FD11023	188.625 	 17.688 	 288.435
FD11023	188.750 	 17.420 	 290.376
FD11023	188.875 	 17.829 	 289.856
FD11023	189.000 	 17.829 	 289.856
FD11023	189.125 	 17.137 	 288.925
FD11023	189.250 	 17.830 	 289.855
FD11023	189.375 	 17.419 	 290.377
FD11023	189.500 	 17.831 	 289.856
FD11023	189.625 	 17.687 	 288.435
FD11023	189.750 	 17.419 	 290.377
FD11023	189.875 	 17.691 	 289.856
FD11023	190.000 	 17.419 	 290.376
FD11023	190.125 	 17.686 	 288.435
FD11023	190.250 	 17.419 	 290.377
FD11023	190.375 	 17.832 	 289.855
FD11023	190.500 	 17.829 	 289.856
FD11023	190.625 	 17.271 	 288.925
FD11023	190.750 	 17.692 	 289.855
FD11023	190.875 	 17.419 	 290.377
FD11023	191.000 	 17.829 	 289.856
FD11023	191.125 	 17.686 	 288.435
FD11023	191.250 	 17.420 	 290.376
FD11023	191.375 	 17.831 	 289.856
FD11023	191.500 	 17.419 	 290.377
FD11023	191.625 	 17.549 	 288.435
FD11023	191.750 	 17.419 	 290.377
FD11023	191.875 	 17.830 	 289.855
FD11023	192.000 	 17.686 	 288.435
FD11023	192.125 	 17.419 	 290.377
FD11023	192.250 	 17.832 	 289.855
FD11023	192.375 	 17.281 	 290.377
FD11023	192.500 	 17.688 	 288.435
FD11023	192.625 	 17.982 	 291.251
FD11023	192.750 	 17.972 	 289.855
FD11023	192.875 	 18.239 	 289.360
FD11023	193.000 	 17.830 	 289.855
FD11023	193.125 	 17.829 	 289.856
FD11023	193.250 	 17.830 	 289.855
FD11023	193.375 	 17.831 	 289.856
FD11023	193.500 	 18.240 	 289.359
FD11023	193.625 	 17.829 	 289.856
FD11023	193.750 	 17.829 	 289.856
FD11023	193.875 	 17.830 	 289.855
FD11023	194.000 	 17.831 	 289.856
FD11023	194.125 	 18.240 	 289.359
FD11023	194.250 	 17.829 	 289.856
FD11023	194.375 	 17.829 	 289.856
FD11023	194.500 	 17.985 	 291.250
FD11023	194.625 	 17.969 	 289.856
FD11023	194.750 	 18.242 	 289.359
FD11023	194.875 	 17.829 	 289.856
FD11023	195.000 	 17.830 	 289.855
FD11023	195.125 	 17.829 	 289.856
FD11023	195.250 	 17.829 	 289.856
FD11023	195.375 	 18.242 	 289.359
FD11023	195.500 	 17.829 	 289.856
FD11023	195.625 	 17.830 	 289.855
FD11023	195.750 	 17.829 	 289.856
FD11023	195.875 	 17.829 	 289.856
FD11023	196.000 	 17.832 	 289.855
FD11023	196.125 	 18.240 	 289.359
FD11023	196.250 	 17.829 	 289.856
FD11023	196.375 	 18.126 	 291.251
FD11023	196.500 	 17.830 	 289.855
FD11023	196.625 	 17.829 	 289.856
FD11023	196.750 	 18.242 	 289.359
FD11023	196.875 	 17.829 	 289.856
FD11023	197.000 	 17.829 	 289.856
FD11023	197.125 	 17.830 	 289.855
FD11023	197.250 	 17.829 	 289.856
FD11023	197.375 	 18.242 	 289.359
FD11023	197.500 	 17.829 	 289.856
FD11023	197.625 	 17.829 	 289.856
FD11023	197.750 	 17.830 	 289.855
FD11023	197.875 	 17.829 	 289.856
FD11023	198.000 	 18.242 	 289.359
FD11023	198.125 	 17.969 	 289.855
FD11023	198.250 	 17.985 	 291.250
FD11023	198.375 	 17.829 	 289.856
FD11023	198.500 	 17.829 	 289.856
FD11023	198.625 	 18.240 	 289.359
FD11023	198.750 	 17.831 	 289.856
FD11023	198.875 	 17.830 	 289.854
FD11023	199.000 	 17.829 	 289.856
FD11023	199.125 	 17.829 	 289.856
FD11023	199.250 	 18.240 	 289.359
FD11023	199.375 	 17.832 	 289.855
FD11023	199.500 	 17.829 	 289.856
FD11023	199.625 	 17.829 	 289.856
FD11023	199.750 	 17.830 	 289.855
FD11023	199.875 	 18.384 	 289.360
FD11023	200.000 	 17.830 	 289.855
FD11023	200.125 	 17.982 	 291.251
FD11023	200.250 	 17.831 	 289.856
FD11023	200.375 	 17.830 	 289.855
FD11023	200.500 	 18.239 	 289.360
FD11023	200.625 	 17.830 	 289.855
FD11023	200.750 	 17.831 	 289.856
FD11023	200.875 	 17.830 	 289.855
FD11023	201.000 	 17.829 	 289.856
FD11023	201.125 	 17.829 	 289.856
FD11023	201.250 	 18.240 	 289.359
FD11023	201.375 	 17.831 	 289.856
FD11023	201.500 	 17.830 	 289.855
FD11023	201.625 	 18.384 	 289.360
FD11023	201.750 	 17.830 	 289.855
FD11023	201.875 	 18.239 	 289.360
FD11023	202.000 	 18.240 	 289.359
FD11023	202.125 	 18.385 	 289.359
FD11023	202.250 	 18.239 	 289.360
FD11023	202.375 	 18.240 	 289.359
FD11023	202.500 	 17.831 	 289.856
FD11023	202.625 	 18.383 	 289.359
FD11023	202.750 	 18.242 	 289.359
FD11023	202.875 	 18.239 	 289.360
FD11023	203.000 	 18.385 	 289.359
FD11023	203.125 	 18.240 	 289.359
FD11023	203.250 	 18.239 	 289.360
FD11023	203.375 	 17.830 	 289.855
FD11023	203.500 	 18.384 	 289.360
FD11023	203.625 	 18.240 	 289.359
FD11023	203.750 	 18.240 	 289.359
FD11023	203.875 	 18.390 	 290.726
FD11023	204.000 	 18.383 	 289.359
FD11023	204.125 	 17.831 	 289.856
FD11023	204.250 	 18.240 	 289.359
FD11023	204.375 	 18.240 	 289.359
FD11023	204.500 	 18.384 	 289.360
FD11023	204.625 	 18.240 	 289.359
FD11023	204.750 	 18.240 	 289.359
FD11023	204.875 	 17.829 	 289.856
FD11023	205.000 	 18.385 	 289.359
FD11023	205.125 	 18.239 	 289.360
FD11023	205.250 	 18.242 	 289.359
FD11023	205.375 	 18.383 	 289.359
FD11023	205.500 	 18.241 	 289.360
FD11023	205.625 	 18.240 	 289.358
FD11023	205.750 	 17.829 	 289.856
FD11023	205.875 	 18.385 	 289.359
FD11023	206.000 	 18.240 	 289.359
FD11023	206.125 	 18.239 	 289.360
FD11023	206.250 	 18.240 	 289.359
FD11023	206.375 	 18.384 	 289.360
FD11023	206.500 	 17.830 	 289.855
FD11023	206.625 	 18.242 	 289.359
FD11023	206.750 	 18.239 	 289.360
FD11023	206.875 	 18.385 	 289.359
FD11023	207.000 	 18.239 	 289.360
FD11023	207.125 	 18.240 	 289.359
FD11023	207.250 	 17.830 	 289.855
FD11023	207.375 	 18.384 	 289.360
FD11023	207.500 	 18.240 	 289.359
FD11023	207.625 	 18.239 	 289.360
FD11023	207.750 	 18.385 	 289.359
FD11023	207.875 	 18.240 	 289.359
FD11023	208.000 	 18.241 	 289.360
FD11023	208.125 	 17.830 	 289.855
FD11023	208.250 	 18.384 	 289.360
FD11023	208.375 	 18.240 	 289.359
FD11023	208.500 	 18.240 	 289.359
FD11023	208.625 	 18.239 	 289.360
FD11023	208.750 	 18.385 	 289.359
FD11023	208.875 	 17.829 	 289.856
FD11023	209.000 	 18.240 	 289.359
FD11023	209.125 	 18.242 	 289.359
FD11023	209.250 	 18.382 	 289.359
FD11023	209.375 	 18.242 	 289.359
FD11023	209.500 	 18.240 	 289.358
FD11023	209.625 	 18.382 	 289.360
FD11023	209.750 	 17.832 	 289.854
FD11023	209.875 	 18.239 	 289.360
FD11023	210.000 	 18.240 	 289.358
FD11023	210.125 	 18.385 	 289.359
FD11023	210.250 	 18.239 	 289.359
FD11023	210.375 	 18.240 	 289.359
FD11023	210.500 	 17.831 	 289.855
FD11023	210.625 	 18.383 	 289.359
FD11023	210.750 	 18.242 	 289.358
FD11023	210.875 	 18.239 	 289.360
FD11023	211.000 	 18.240 	 289.358
FD11023	211.125 	 18.385 	 289.359
FD11023	211.250 	 18.239 	 289.359
FD11023	211.375 	 18.797 	 288.887
FD11023	211.500 	 18.389 	 290.725
FD11023	211.625 	 18.797 	 288.885
FD11023	211.750 	 18.240 	 289.359
FD11023	211.875 	 18.796 	 288.886
FD11023	212.000 	 18.240 	 289.359
FD11023	212.125 	 18.797 	 288.885
FD11023	212.250 	 18.389 	 290.725
FD11023	212.375 	 18.797 	 288.887
FD11023	212.500 	 18.239 	 289.359
FD11023	212.625 	 18.797 	 288.887
FD11023	212.750 	 18.240 	 289.358
FD11023	212.875 	 18.940 	 290.225
FD11023	213.000 	 18.242 	 289.359
FD11023	213.125 	 18.648 	 288.886
FD11023	213.250 	 18.385 	 289.359
FD11023	213.375 	 18.649 	 288.885
FD11023	213.500 	 18.385 	 289.359
FD11023	213.625 	 18.794 	 290.225
FD11023	213.750 	 18.384 	 289.359
FD11023	213.875 	 18.649 	 288.887
FD11023	214.000 	 18.385 	 289.358
FD11023	214.125 	 18.649 	 288.887
FD11023	214.250 	 18.385 	 289.358
FD11023	214.375 	 18.793 	 290.226
FD11023	214.500 	 18.383 	 289.359
FD11023	214.625 	 18.651 	 288.885
FD11023	214.750 	 18.383 	 289.359
FD11023	214.875 	 18.651 	 288.885
FD11023	215.000 	 18.382 	 289.360
FD11023	215.125 	 18.796 	 290.225
FD11023	215.250 	 18.383 	 289.358
FD11023	215.375 	 18.651 	 288.887
FD11023	215.500 	 18.383 	 289.358
FD11023	215.625 	 18.650 	 288.888
FD11023	215.750 	 18.383 	 289.358
FD11023	215.875 	 18.796 	 290.225
FD11023	216.000 	 18.383 	 289.359
FD11023	216.125 	 18.651 	 288.885
FD11023	216.250 	 18.382 	 289.360
FD11023	216.375 	 18.649 	 288.885
FD11023	216.500 	 18.535 	 290.725
FD11023	216.625 	 18.649 	 288.887
FD11023	216.750 	 18.385 	 289.358
FD11023	216.875 	 18.648 	 288.888
FD11023	217.000 	 18.385 	 289.358
FD11023	217.125 	 18.649 	 288.887
FD11023	217.250 	 18.943 	 290.225
FD11023	217.375 	 18.240 	 289.358
FD11023	217.500 	 18.797 	 288.887
FD11023	217.625 	 18.239 	 289.359
FD11023	217.750 	 18.797 	 288.887
FD11023	217.875 	 18.240 	 289.358
FD11023	218.000 	 18.943 	 290.225
FD11023	218.125 	 18.239 	 289.360
FD11023	218.250 	 18.797 	 288.885
FD11023	218.375 	 18.240 	 289.359
FD11023	218.500 	 18.797 	 288.885
FD11023	218.625 	 18.240 	 289.359
FD11023	218.750 	 18.943 	 290.225
FD11023	218.875 	 18.239 	 289.359
FD11023	219.000 	 18.797 	 288.887
FD11023	219.125 	 18.240 	 289.358
FD11023	219.250 	 18.797 	 288.887
FD11023	219.375 	 18.239 	 289.359
FD11023	219.500 	 18.943 	 290.225
FD11023	219.625 	 18.240 	 289.359
FD11023	219.750 	 18.797 	 288.885
FD11023	219.875 	 18.240 	 289.359
FD11023	220.000 	 18.649 	 288.885
FD11023	220.125 	 18.534 	 290.726
FD11023	220.250 	 18.649 	 288.887
FD11023	220.375 	 18.385 	 289.358
FD11023	220.500 	 18.649 	 288.887
FD11023	220.625 	 18.384 	 289.359
FD11023	220.750 	 18.649 	 288.887
FD11023	220.875 	 18.943 	 290.225
FD11023	221.000 	 18.797 	 288.885
FD11023	221.125 	 18.649 	 288.887
FD11023	221.250 	 18.943 	 290.225
FD11023	221.375 	 18.383 	 289.358
FD11023	221.500 	 18.651 	 288.887
FD11023	221.625 	 18.795 	 288.885
FD11023	221.750 	 18.796 	 290.225
FD11023	221.875 	 18.795 	 288.887
FD11023	222.000 	 18.797 	 288.885
FD11023	222.125 	 18.649 	 288.887
FD11023	222.250 	 18.942 	 290.226
FD11023	222.375 	 18.797 	 288.885
FD11023	222.500 	 18.649 	 288.887
FD11023	222.625 	 18.535 	 290.725
FD11023	222.750 	 18.649 	 288.885
FD11023	222.875 	 18.797 	 288.887
FD11023	223.000 	 18.795 	 288.885
FD11023	223.125 	 18.796 	 290.226
FD11023	223.250 	 18.795 	 288.885
FD11023	223.375 	 18.797 	 288.885
FD11023	223.500 	 18.649 	 288.887
FD11023	223.625 	 18.943 	 290.225
FD11023	223.750 	 18.649 	 288.887
FD11023	223.875 	 18.384 	 289.359
FD11023	224.000 	 18.943 	 290.225
FD11023	224.125 	 18.649 	 288.887
FD11023	224.250 	 18.797 	 288.885
FD11023	224.375 	 18.797 	 288.887
FD11023	224.500 	 18.794 	 290.225
FD11023	224.625 	 18.797 	 288.885
FD11023	224.750 	 18.649 	 288.887
FD11023	224.875 	 18.797 	 288.885
FD11023	225.000 	 18.940 	 290.225
FD11023	225.125 	 18.241 	 289.360
FD11023	225.250 	 18.795 	 288.885
FD11023	225.375 	 18.943 	 290.225
FD11023	225.500 	 18.649 	 288.887
FD11023	225.625 	 18.797 	 288.885
FD11023	225.750 	 18.649 	 288.887
FD11023	225.875 	 18.943 	 290.225
FD11023	226.000 	 18.797 	 288.885
FD11023	226.125 	 18.649 	 288.887
FD11023	226.250 	 18.797 	 288.885
FD11023	226.375 	 18.532 	 290.726
FD11023	226.500 	 18.651 	 288.887
FD11023	226.625 	 18.795 	 288.885
FD11023	226.750 	 18.796 	 290.225
FD11023	226.875 	 18.795 	 288.887
FD11023	227.000 	 18.797 	 288.885
FD11023	227.125 	 18.649 	 288.887
FD11023	227.250 	 18.943 	 290.225
FD11023	227.375 	 18.797 	 288.885
FD11023	227.500 	 18.649 	 288.887
FD11023	227.625 	 18.797 	 288.885
FD11023	227.750 	 18.389 	 290.725
FD11023	227.875 	 18.797 	 288.887
FD11023	228.000 	 18.796 	 288.886
FD11023	228.125 	 18.794 	 290.225
FD11023	228.250 	 18.795 	 288.887
FD11023	228.375 	 18.797 	 288.885
FD11023	228.500 	 18.649 	 288.887
FD11023	228.625 	 18.943 	 290.225
FD11023	228.750 	 18.649 	 288.885
FD11023	228.875 	 18.797 	 288.887
FD11023	229.000 	 18.385 	 289.358
FD11023	229.125 	 18.794 	 290.225
FD11023	229.250 	 18.797 	 288.887
FD11023	229.375 	 18.797 	 288.885
FD11023	229.500 	 18.793 	 290.226
FD11023	229.625 	 18.797 	 288.887
FD11023	229.750 	 18.649 	 288.885
FD11023	229.875 	 18.797 	 288.887
FD11023	230.000 	 18.940 	 290.225
FD11023	230.125 	 18.651 	 288.885
FD11023	230.250 	 18.795 	 288.887
FD11023	230.375 	 18.943 	 290.225
FD11023	230.500 	 18.797 	 288.887
FD11023	230.625 	 19.198 	 289.747
FD11023	230.750 	 18.797 	 288.885
FD11023	230.875 	 18.943 	 290.225
FD11023	231.000 	 19.206 	 288.436
FD11023	231.125 	 18.649 	 288.885
FD11023	231.250 	 18.943 	 290.225
FD11023	231.375 	 18.797 	 288.887
FD11023	231.500 	 19.350 	 289.747
FD11023	231.625 	 18.797 	 288.885
FD11023	231.750 	 18.794 	 290.225
FD11023	231.875 	 19.207 	 288.435
FD11023	232.000 	 18.943 	 290.225
FD11023	232.125 	 18.796 	 288.886
FD11023	232.250 	 19.199 	 289.746
FD11023	232.375 	 18.797 	 288.887
FD11023	232.500 	 18.797 	 288.885
FD11023	232.625 	 19.347 	 289.747
FD11023	232.750 	 18.797 	 288.887
FD11023	232.875 	 18.794 	 290.225
FD11023	233.000 	 19.208 	 288.435
FD11023	233.125 	 18.943 	 290.226
FD11023	233.250 	 18.797 	 288.885
FD11023	233.375 	 19.347 	 289.747
FD11023	233.500 	 18.651 	 288.887
FD11023	233.625 	 18.940 	 290.225
FD11023	233.750 	 19.208 	 288.435
FD11023	233.875 	 18.797 	 288.887
FD11023	234.000 	 18.794 	 290.225
FD11023	234.125 	 19.208 	 288.435
FD11023	234.250 	 18.943 	 290.225
FD11023	234.375 	 18.795 	 288.887
FD11023	234.500 	 18.943 	 290.225
FD11023	234.625 	 19.057 	 288.435
FD11023	234.750 	 18.943 	 290.225
FD11023	234.875 	 18.797 	 288.887
FD11023	235.000 	 19.350 	 289.747
FD11023	235.125 	 18.649 	 288.885
FD11023	235.250 	 18.943 	 290.225
FD11023	235.375 	 19.207 	 288.435
FD11023	235.500 	 18.797 	 288.885
FD11023	235.625 	 18.942 	 290.226
FD11023	235.750 	 19.058 	 288.435
FD11023	235.875 	 18.943 	 290.225
FD11023	236.000 	 18.797 	 288.887
FD11023	236.125 	 19.347 	 289.747
FD11023	236.250 	 18.651 	 288.885
FD11023	236.375 	 18.939 	 290.226
FD11023	236.500 	 19.209 	 288.435
FD11023	236.625 	 18.942 	 290.226
FD11023	236.750 	 18.798 	 288.885
FD11023	236.875 	 19.058 	 288.435
FD11023	237.000 	 18.939 	 290.226
FD11023	237.125 	 18.796 	 288.886
FD11023	237.250 	 18.943 	 290.224
FD11023	237.375 	 19.209 	 288.435
FD11023	237.500 	 18.793 	 290.226
FD11023	237.625 	 18.798 	 288.885
FD11023	237.750 	 19.346 	 289.748
FD11023	237.875 	 18.798 	 288.886
FD11023	238.000 	 18.793 	 290.226
FD11023	238.125 	 19.209 	 288.434
FD11023	238.250 	 18.796 	 288.888
FD11023	238.375 	 18.943 	 290.224
FD11023	238.500 	 19.205 	 288.435
FD11023	238.625 	 18.797 	 290.225
FD11023	238.750 	 18.794 	 288.886
FD11023	238.875 	 19.350 	 289.746
FD11023	239.000 	 18.796 	 288.888
FD11023	239.125 	 18.794 	 290.224
FD11023	239.250 	 19.207 	 288.435
FD11023	239.375 	 18.943 	 290.224
FD11023	239.500 	 18.794 	 288.888
FD11023	239.625 	 19.209 	 288.434
FD11023	239.750 	 18.793 	 290.226
FD11023	239.875 	 18.943 	 290.224
FD11023	240.000 	 19.207 	 288.437
FD11023	240.125 	 19.350 	 289.746
FD11023	240.250 	 19.348 	 289.746
FD11023	240.375 	 19.207 	 288.435
FD11023	240.500 	 18.943 	 290.224
FD11023	240.625 	 19.349 	 289.749
FD11023	240.750 	 19.206 	 288.434
FD11023	240.875 	 19.350 	 289.746
FD11023	241.000 	 18.942 	 290.226
FD11023	241.125 	 19.209 	 288.435
FD11023	241.250 	 19.346 	 289.748
FD11023	241.375 	 19.350 	 289.746
FD11023	241.500 	 19.350 	 289.746
FD11023	241.625 	 18.796 	 288.886
FD11023	241.750 	 19.348 	 289.746
FD11023	241.875 	 19.349 	 289.748
FD11023	242.000 	 19.209 	 288.435
FD11023	242.125 	 18.942 	 290.226
FD11023	242.250 	 19.199 	 289.746
FD11023	242.375 	 19.209 	 288.435
FD11023	242.500 	 19.346 	 289.748
FD11023	242.625 	 18.943 	 290.224
FD11023	242.750 	 19.207 	 288.435
FD11023	242.875 	 19.350 	 289.746
FD11023	243.000 	 19.348 	 289.746
FD11023	243.125 	 19.349 	 289.748
FD11023	243.250 	 18.798 	 288.886
FD11023	243.375 	 19.349 	 289.748
FD11023	243.500 	 19.348 	 289.746
FD11023	243.625 	 19.207 	 288.435
FD11023	243.750 	 18.943 	 290.225
FD11023	243.875 	 19.350 	 289.746
FD11023	244.000 	 19.205 	 288.435
FD11023	244.125 	 19.350 	 289.746
FD11023	244.250 	 19.349 	 289.748
FD11023	244.375 	 18.798 	 288.886
FD11023	244.500 	 19.348 	 289.746
FD11023	244.625 	 19.349 	 289.748
FD11023	244.750 	 19.350 	 289.746
FD11023	244.875 	 18.796 	 288.886
FD11023	245.000 	 19.348 	 289.746
FD11023	245.125 	 19.199 	 289.748
FD11023	245.250 	 19.207 	 288.435
FD11023	245.375 	 18.943 	 290.224
FD11023	245.500 	 19.349 	 289.748
FD11023	245.625 	 19.209 	 288.435
FD11023	245.750 	 19.346 	 289.748
FD11023	245.875 	 19.350 	 289.746
FD11023	246.000 	 18.796 	 288.886
FD11023	246.125 	 19.350 	 289.746
FD11023	246.250 	 19.348 	 289.746
FD11023	246.375 	 19.349 	 289.748
FD11023	246.500 	 18.798 	 288.886
FD11023	246.625 	 19.349 	 289.748
FD11023	246.750 	 19.348 	 289.746
FD11023	246.875 	 19.209 	 288.434
FD11023	247.000 	 19.349 	 289.749
FD11023	247.125 	 18.943 	 290.224
FD11023	247.250 	 19.205 	 288.435
FD11023	247.375 	 19.350 	 289.746
FD11023	247.500 	 19.350 	 289.746
FD11023	247.625 	 18.796 	 288.888
FD11023	247.750 	 19.348 	 289.746
FD11023	247.875 	 19.349 	 289.748
FD11023	248.000 	 19.350 	 289.746
FD11023	248.125 	 18.648 	 288.886
FD11023	248.250 	 19.350 	 289.746
FD11023	248.375 	 19.350 	 289.747
FD11023	248.500 	 19.205 	 288.435
FD11023	248.625 	 19.350 	 289.746
FD11023	248.750 	 18.942 	 290.226
FD11023	248.875 	 19.209 	 288.435
FD11023	249.000 	 19.348 	 289.746
FD11023	249.125 	 19.349 	 289.748
FD11023	249.250 	 18.798 	 288.885
FD11023	249.375 	 19.349 	 289.748
FD11023	249.500 	 19.754 	 289.290
FD11023	249.625 	 19.350 	 289.746
FD11023	249.750 	 19.501 	 289.749
FD11023	249.875 	 19.350 	 289.746
FD11023	250.000 	 19.619 	 288.003
FD11023	250.125 	 19.349 	 289.748
FD11023	250.250 	 19.348 	 289.746
FD11023	250.375 	 19.757 	 289.290
FD11023	250.500 	 19.349 	 289.748
FD11023	250.625 	 19.502 	 289.746
FD11023	250.750 	 19.757 	 289.290
FD11023	250.875 	 19.207 	 288.437
FD11023	251.000 	 19.348 	 289.746
FD11023	251.125 	 19.349 	 289.748
FD11023	251.250 	 19.757 	 289.290
FD11023	251.375 	 19.350 	 289.746
FD11023	251.500 	 19.500 	 289.748
FD11023	251.625 	 19.757 	 289.290
FD11023	251.750 	 19.209 	 288.435
FD11023	251.875 	 19.346 	 289.748
FD11023	252.000 	 19.757 	 289.290
FD11023	252.125 	 19.350 	 289.746
FD11023	252.250 	 19.500 	 289.748
FD11023	252.375 	 19.757 	 289.290
FD11023	252.500 	 19.209 	 288.435
FD11023	252.625 	 19.346 	 289.748
FD11023	252.750 	 19.350 	 289.746
FD11023	252.875 	 19.757 	 289.290
FD11023	253.000 	 19.349 	 289.748
FD11023	253.125 	 19.502 	 289.746
FD11023	253.250 	 19.757 	 289.290
FD11023	253.375 	 19.205 	 288.435
FD11023	253.500 	 19.350 	 289.747
FD11023	253.625 	 19.757 	 289.290
FD11023	253.750 	 19.349 	 289.748
FD11023	253.875 	 19.502 	 289.746
FD11023	254.000 	 19.350 	 289.746
FD11023	254.125 	 19.753 	 289.291
FD11023	254.250 	 19.209 	 288.434
FD11023	254.375 	 19.350 	 289.746
FD11023	254.500 	 19.755 	 289.291
FD11023	254.625 	 19.348 	 289.747
FD11023	254.750 	 19.504 	 289.746
FD11023	254.875 	 19.753 	 289.291
FD11023	255.000 	 19.350 	 289.746
FD11023	255.125 	 19.209 	 288.434
FD11023	255.250 	 19.755 	 289.291
FD11023	255.375 	 19.348 	 289.746
FD11023	255.500 	 19.350 	 289.746
FD11023	255.625 	 19.503 	 289.748
FD11023	255.750 	 19.754 	 289.291
FD11023	255.875 	 19.350 	 289.746
FD11023	256.000 	 19.207 	 288.435
FD11023	256.125 	 19.757 	 289.290
FD11023	256.250 	 19.348 	 289.746
FD11023	256.375 	 19.503 	 289.748
FD11023	256.500 	 19.754 	 289.290
FD11023	256.625 	 19.350 	 289.746
FD11023	256.750 	 19.207 	 288.437
FD11023	256.875 	 19.350 	 289.746
FD11023	257.000 	 19.754 	 289.290
FD11023	257.125 	 19.349 	 289.748
FD11023	257.250 	 19.502 	 289.746
FD11023	257.375 	 19.757 	 289.290
FD11023	257.500 	 19.349 	 289.748
FD11023	257.625 	 19.209 	 288.435
FD11023	257.750 	 19.754 	 289.290
FD11023	257.875 	 19.349 	 289.748
FD11023	258.000 	 19.502 	 289.746
FD11023	258.125 	 19.757 	 289.290
FD11023	258.250 	 19.349 	 289.748
FD11023	258.375 	 19.350 	 289.746
FD11023	258.500 	 19.205 	 288.437
FD11023	258.625 	 19.757 	 289.290
FD11023	258.750 	 19.350 	 289.746
FD11023	258.875 	 19.500 	 289.748
FD11023	259.000 	 19.757 	 289.290
FD11023	259.125 	 19.350 	 289.746
FD11023	259.250 	 19.346 	 289.748
FD11023	259.375 	 19.619 	 288.004
FD11023	259.500 	 19.350 	 289.746
FD11023	259.625 	 19.500 	 289.748
FD11023	259.750 	 19.350 	 289.746
FD11023	259.875 	 19.757 	 289.290
FD11023	260.000 	 19.349 	 289.748
FD11023	260.125 	 19.206 	 288.434
FD11023	260.250 	 19.757 	 289.290
FD11023	260.375 	 19.349 	 289.748
FD11023	260.500 	 19.502 	 289.747
FD11023	260.625 	 19.757 	 289.290
FD11023	260.750 	 19.349 	 289.748
FD11023	260.875 	 19.348 	 289.746
FD11023	261.000 	 19.619 	 288.003
FD11023	261.125 	 19.349 	 289.748
FD11023	261.250 	 19.350 	 289.746
FD11023	261.375 	 19.502 	 289.746
FD11023	261.500 	 19.755 	 289.291
FD11023	261.625 	 19.348 	 289.747
FD11023	261.750 	 19.350 	 289.746
FD11023	261.875 	 19.615 	 288.005
FD11023	262.000 	 19.353 	 289.746
FD11023	262.125 	 19.502 	 289.746
FD11023	262.250 	 19.753 	 289.291
FD11023	262.375 	 19.353 	 289.746
FD11023	262.500 	 19.348 	 289.746
FD11023	262.625 	 19.346 	 289.748
FD11023	262.750 	 19.621 	 288.004
FD11023	262.875 	 19.348 	 289.746
FD11023	263.000 	 19.500 	 289.748
FD11023	263.125 	 19.759 	 289.290
FD11023	263.250 	 19.348 	 289.746
FD11023	263.375 	 19.346 	 289.748
FD11023	263.500 	 19.759 	 289.290
FD11023	263.625 	 19.207 	 288.435
FD11023	263.750 	 19.500 	 289.748
FD11023	263.875 	 19.759 	 289.290
FD11023	264.000 	 19.348 	 289.746
FD11023	264.125 	 19.351 	 289.748
FD11023	264.250 	 19.348 	 289.746
FD11023	264.375 	 19.615 	 288.006
FD11023	264.500 	 19.353 	 289.746
FD11023	264.625 	 19.502 	 289.746
FD11023	264.750 	 19.753 	 289.291
FD11023	264.875 	 19.353 	 289.746
FD11023	265.000 	 19.348 	 289.746
FD11023	265.125 	 19.753 	 289.291
FD11023	265.250 	 19.211 	 288.435
FD11023	265.375 	 19.502 	 289.746
FD11023	265.500 	 19.346 	 289.748
FD11023	265.625 	 19.759 	 289.290
FD11023	265.750 	 19.348 	 289.746
FD11023	265.875 	 19.346 	 289.748
FD11023	266.000 	 19.759 	 289.290
FD11023	266.125 	 19.206 	 288.434
FD11023	266.250 	 19.500 	 289.748
FD11023	266.375 	 19.759 	 289.291
FD11023	266.500 	 19.348 	 289.746
FD11023	266.625 	 19.346 	 289.748
FD11023	266.750 	 19.759 	 289.290
FD11023	266.875 	 19.348 	 289.746
FD11023	267.000 	 19.205 	 288.435
FD11023	267.125 	 19.507 	 289.746
FD11023	267.250 	 19.754 	 289.290
FD11023	267.375 	 19.346 	 289.748
FD11023	267.500 	 19.353 	 289.747
FD11023	267.625 	 19.754 	 289.290
FD11023	267.750 	 19.346 	 289.748
FD11023	267.875 	 19.364 	 288.434
FD11023	268.000 	 19.754 	 289.290
FD11023	268.125 	 0.000 	 90.000
FD11023	268.250 	 0.000 	 90.000
FD11023	268.375 	 0.000 	 90.000
FD11023	268.500 	 0.000 	 90.000
FD11023	268.625 	 0.000 	 90.000
FD11023	268.750 	 0.000 	 90.000
FD11023	268.875 	 0.000 	 90.000
FD11023	269.000 	 0.000 	 90.000
FD11023	269.125 	 0.000 	 90.000
FD11023	269.250 	 0.000 	 90.000
FD11023	269.375 	 0.000 	 90.000
FD11023	269.500 	 0.000 	 90.000
FD11023	269.625 	 0.000 	 90.000
FD11023	269.750 	 0.000 	 90.000
FD11023	269.875 	 0.000 	 90.000
FD11023	270.000 	 0.000 	 90.000
FD11023	270.125 	 0.000 	 90.000
FD11023	270.250 	 0.000 	 90.000
FD11023	270.375 	 0.000 	 90.000
FD11023	270.500 	 0.000 	 90.000
FD11023	270.625 	 0.000 	 90.000
FD11023	270.750 	 0.000 	 90.000
FD11023	270.875 	 0.000 	 90.000
FD11023	271.000 	 0.000 	 90.000
FD11023	271.125 	 0.000 	 90.000
FD11023	271.250 	 0.000 	 90.000
FD11023	271.375 	 0.000 	 90.000
FD11023	271.500 	 0.000 	 90.000
FD11023	271.625 	 0.000 	 90.000
FD11023	271.750 	 0.000 	 90.000
FD11023	271.875 	 0.000 	 90.000
FD11023	272.000 	 0.000 	 90.000
FD11023	272.125 	 0.000 	 90.000
FD11023	272.250 	 0.000 	 90.000
FD11023	272.375 	 0.000 	 90.000
FD11023	272.500 	 0.000 	 90.000
FD11023	272.625 	 0.000 	 90.000
FD11023	272.750 	 0.000 	 90.000
FD11023	272.875 	 0.000 	 90.000
FD11023	273.000 	 0.000 	 90.000
FD11023	273.125 	 0.000 	 90.000
FD11023	273.250 	 0.000 	 90.000
FD11023	273.375 	 0.000 	 90.000
FD11023	273.500 	 0.000 	 90.000
FD11023	273.625 	 0.000 	 90.000
FD11023	273.750 	 0.000 	 90.000
FD11023	273.875 	 0.000 	 90.000
FD11023	274.000 	 0.000 	 90.000
FD11023	274.125 	 0.000 	 90.000
FD11023	274.250 	 0.000 	 90.000
FD11023	274.375 	 0.000 	 90.000
FD11023	274.500 	 0.000 	 90.000
FD11023	274.625 	 0.000 	 90.000
FD11023	274.750 	 0.000 	 90.000
FD11023	274.875 	 0.000 	 90.000
FD11023	275.000 	 0.000 	 90.000
FD11023	275.125 	 0.000 	 90.000
FD11023	275.250 	 0.000 	 90.000
FD11023	275.375 	 0.000 	 90.000
FD11023	275.500 	 0.000 	 90.000
FD11023	275.625 	 0.000 	 90.000
FD11023	275.750 	 0.000 	 90.000
FD11023	275.875 	 0.000 	 90.000
FD11023	276.000 	 0.000 	 90.000
FD11023	276.125 	 0.000 	 90.000
FD11023	276.250 	 0.000 	 90.000
FD11023	276.375 	 0.000 	 90.000
FD11023	276.500 	 0.000 	 90.000
FD11023	276.625 	 0.000 	 90.000
FD11023	276.750 	 0.000 	 90.000
FD11023	276.875 	 0.000 	 90.000
FD11023	277.000 	 0.000 	 90.000
FD11023	277.125 	 0.000 	 90.000
FD11023	277.250 	 0.000 	 90.000
FD11023	277.375 	 0.000 	 90.000
FD11023	277.500 	 0.000 	 90.000
FD11023	277.625 	 0.000 	 90.000
FD11023	277.750 	 0.000 	 90.000
FD11023	277.875 	 0.000 	 90.000
FD11023	278.000 	 0.000 	 90.000
FD11023	278.125 	 0.000 	 90.000
FD11023	278.250 	 0.000 	 90.000
FD11023	278.375 	 0.000 	 90.000
FD11023	278.500 	 0.000 	 90.000
FD11023	278.625 	 0.000 	 90.000
FD11023	278.750 	 0.000 	 90.000
FD11023	278.875 	 0.000 	 90.000
FD11023	279.000 	 0.000 	 90.000
FD11023	279.125 	 0.000 	 90.000
FD11023	279.250 	 0.000 	 90.000
FD11023	279.375 	 0.000 	 90.000
FD11023	279.500 	 0.000 	 90.000
FD11023	279.625 	 0.000 	 90.000
FD11023	279.750 	 0.000 	 90.000
FD11023	279.875 	 0.000 	 90.000
FD11023	280.000 	 0.000 	 90.000
FD11023	280.125 	 0.000 	 90.000
FD11023	280.250 	 0.000 	 90.000
FD11023	280.375 	 0.000 	 90.000
FD11023	280.500 	 0.000 	 90.000
FD11023	280.625 	 0.000 	 90.000
FD11023	280.750 	 0.000 	 90.000
FD11023	280.875 	 0.000 	 90.000
FD11023	281.000 	 0.000 	 90.000
FD11023	281.125 	 0.000 	 90.000
FD11023	281.250 	 0.000 	 90.000
FD11023	281.375 	 0.000 	 90.000
FD11023	281.500 	 0.000 	 90.000
FD11023	281.625 	 0.000 	 90.000
FD11023	281.750 	 0.000 	 90.000
FD11023	281.875 	 0.000 	 90.000
FD11023	282.000 	 0.000 	 90.000
FD11023	282.125 	 0.000 	 90.000
FD11023	282.250 	 0.000 	 90.000
FD11023	282.375 	 0.000 	 90.000
FD11023	282.500 	 0.000 	 90.000
FD11023	282.625 	 0.000 	 90.000
FD11023	282.750 	 0.000 	 90.000
FD11023	282.875 	 0.000 	 90.000
FD11023	283.000 	 0.000 	 90.000
