#WellName	 Depth.M	 INCL	 AZIM 
WellName	 Depth.M	 INCL	 AZIM 
FD11177	0.000 	 0.000 	 0.000
FD11177	0.125 	 0.000 	 90.000
FD11177	0.250 	 0.000 	 90.000
FD11177	0.375 	 0.000 	 90.000
FD11177	0.500 	 0.000 	 90.000
FD11177	0.625 	 0.000 	 90.000
FD11177	0.750 	 0.000 	 90.000
FD11177	0.875 	 0.000 	 90.000
FD11177	1.000 	 0.000 	 90.000
FD11177	1.125 	 0.000 	 90.000
FD11177	1.250 	 0.000 	 90.000
FD11177	1.375 	 0.000 	 90.000
FD11177	1.500 	 0.000 	 90.000
FD11177	1.625 	 0.000 	 90.000
FD11177	1.750 	 0.000 	 90.000
FD11177	1.875 	 0.000 	 90.000
FD11177	2.000 	 0.000 	 90.000
FD11177	2.125 	 0.000 	 90.000
FD11177	2.250 	 0.000 	 90.000
FD11177	2.375 	 0.000 	 90.000
FD11177	2.500 	 0.000 	 90.000
FD11177	2.625 	 0.000 	 90.000
FD11177	2.750 	 0.000 	 90.000
FD11177	2.875 	 0.000 	 90.000
FD11177	3.000 	 0.000 	 90.000
FD11177	3.125 	 0.000 	 90.000
FD11177	3.250 	 0.000 	 90.000
FD11177	3.375 	 0.000 	 90.000
FD11177	3.500 	 0.000 	 90.000
FD11177	3.625 	 0.000 	 90.000
FD11177	3.750 	 0.000 	 90.000
FD11177	3.875 	 0.000 	 90.000
FD11177	4.000 	 0.000 	 90.000
FD11177	4.125 	 0.000 	 90.000
FD11177	4.250 	 0.000 	 90.000
FD11177	4.375 	 0.000 	 90.000
FD11177	4.500 	 0.000 	 90.000
FD11177	4.625 	 0.000 	 90.000
FD11177	4.750 	 0.000 	 90.000
FD11177	4.875 	 0.000 	 90.000
FD11177	5.000 	 0.000 	 90.000
FD11177	5.125 	 0.000 	 90.000
FD11177	5.250 	 0.000 	 90.000
FD11177	5.375 	 0.000 	 90.000
FD11177	5.500 	 0.000 	 90.000
FD11177	5.625 	 0.000 	 90.000
FD11177	5.750 	 0.000 	 90.000
FD11177	5.875 	 0.000 	 90.000
FD11177	6.000 	 0.000 	 90.000
FD11177	6.125 	 0.000 	 90.000
FD11177	6.250 	 0.000 	 90.000
FD11177	6.375 	 0.000 	 90.000
FD11177	6.500 	 0.000 	 90.000
FD11177	6.625 	 0.000 	 90.000
FD11177	6.750 	 0.000 	 90.000
FD11177	6.875 	 0.000 	 90.000
FD11177	7.000 	 0.000 	 90.000
FD11177	7.125 	 0.000 	 90.000
FD11177	7.250 	 0.000 	 90.000
FD11177	7.375 	 0.000 	 90.000
FD11177	7.500 	 0.000 	 90.000
FD11177	7.625 	 0.000 	 90.000
FD11177	7.750 	 0.000 	 90.000
FD11177	7.875 	 0.000 	 90.000
FD11177	8.000 	 0.000 	 90.000
FD11177	8.125 	 0.000 	 90.000
FD11177	8.250 	 0.000 	 90.000
FD11177	8.375 	 0.000 	 90.000
FD11177	8.500 	 0.000 	 90.000
FD11177	8.625 	 0.000 	 90.000
FD11177	8.750 	 0.000 	 90.000
FD11177	8.875 	 0.000 	 90.000
FD11177	9.000 	 0.000 	 90.000
FD11177	9.125 	 0.000 	 90.000
FD11177	9.250 	 0.000 	 90.000
FD11177	9.375 	 0.000 	 90.000
FD11177	9.500 	 0.000 	 90.000
FD11177	9.625 	 0.000 	 90.000
FD11177	9.750 	 0.000 	 90.000
FD11177	9.875 	 0.000 	 90.000
FD11177	10.000 	 0.000 	 90.000
FD11177	10.125 	 0.000 	 90.000
FD11177	10.250 	 0.000 	 90.000
FD11177	10.375 	 0.000 	 90.000
FD11177	10.500 	 0.000 	 90.000
FD11177	10.625 	 0.000 	 90.000
FD11177	10.750 	 0.000 	 90.000
FD11177	10.875 	 0.000 	 90.000
FD11177	11.000 	 0.000 	 90.000
FD11177	11.125 	 0.000 	 90.000
FD11177	11.250 	 0.000 	 90.000
FD11177	11.375 	 0.000 	 90.000
FD11177	11.500 	 0.000 	 90.000
FD11177	11.625 	 0.000 	 90.000
FD11177	11.750 	 0.000 	 90.000
FD11177	11.875 	 0.000 	 90.000
FD11177	12.000 	 0.000 	 90.000
FD11177	12.125 	 0.000 	 90.000
FD11177	12.250 	 0.000 	 90.000
FD11177	12.375 	 0.000 	 90.000
FD11177	12.500 	 0.000 	 90.000
FD11177	12.625 	 0.000 	 90.000
FD11177	12.750 	 0.000 	 90.000
FD11177	12.875 	 0.000 	 90.000
FD11177	13.000 	 0.000 	 90.000
FD11177	13.125 	 0.000 	 90.000
FD11177	13.250 	 0.000 	 90.000
FD11177	13.375 	 0.000 	 90.000
FD11177	13.500 	 0.000 	 90.000
FD11177	13.625 	 0.000 	 90.000
FD11177	13.750 	 0.000 	 90.000
FD11177	13.875 	 0.000 	 90.000
FD11177	14.000 	 0.000 	 90.000
FD11177	14.125 	 0.000 	 90.000
FD11177	14.250 	 0.000 	 90.000
FD11177	14.375 	 0.000 	 90.000
FD11177	14.500 	 0.000 	 90.000
FD11177	14.625 	 0.000 	 90.000
FD11177	14.750 	 0.000 	 90.000
FD11177	14.875 	 0.000 	 90.000
FD11177	15.000 	 0.000 	 90.000
FD11177	15.125 	 0.000 	 90.000
FD11177	15.250 	 0.000 	 90.000
FD11177	15.375 	 0.000 	 90.000
FD11177	15.500 	 0.000 	 90.000
FD11177	15.625 	 0.000 	 90.000
FD11177	15.750 	 0.000 	 90.000
FD11177	15.875 	 0.000 	 90.000
FD11177	16.000 	 0.000 	 90.000
FD11177	16.125 	 0.000 	 90.000
FD11177	16.250 	 0.000 	 90.000
FD11177	16.375 	 0.000 	 90.000
FD11177	16.500 	 0.000 	 90.000
FD11177	16.625 	 0.000 	 90.000
FD11177	16.750 	 0.000 	 90.000
FD11177	16.875 	 0.000 	 90.000
FD11177	17.000 	 0.000 	 90.000
FD11177	17.125 	 0.000 	 90.000
FD11177	17.250 	 0.000 	 90.000
FD11177	17.375 	 0.000 	 90.000
FD11177	17.500 	 0.000 	 90.000
FD11177	17.625 	 0.000 	 90.000
FD11177	17.750 	 0.000 	 90.000
FD11177	17.875 	 0.000 	 90.000
FD11177	18.000 	 0.000 	 90.000
FD11177	18.125 	 0.000 	 90.000
FD11177	18.250 	 0.000 	 90.000
FD11177	18.375 	 0.000 	 90.000
FD11177	18.500 	 0.000 	 90.000
FD11177	18.625 	 0.000 	 90.000
FD11177	18.750 	 0.000 	 90.000
FD11177	18.875 	 0.000 	 90.000
FD11177	19.000 	 0.000 	 90.000
FD11177	19.125 	 0.000 	 90.000
FD11177	19.250 	 0.000 	 90.000
FD11177	19.375 	 0.000 	 90.000
FD11177	19.500 	 0.000 	 90.000
FD11177	19.625 	 0.000 	 90.000
FD11177	19.750 	 0.000 	 90.000
FD11177	19.875 	 0.000 	 90.000
FD11177	20.000 	 0.000 	 90.000
FD11177	20.125 	 0.000 	 90.000
FD11177	20.250 	 0.000 	 90.000
FD11177	20.375 	 0.000 	 90.000
FD11177	20.500 	 0.000 	 90.000
FD11177	20.625 	 0.000 	 90.000
FD11177	20.750 	 0.000 	 90.000
FD11177	20.875 	 0.000 	 90.000
FD11177	21.000 	 0.000 	 90.000
FD11177	21.125 	 0.000 	 90.000
FD11177	21.250 	 0.000 	 90.000
FD11177	21.375 	 0.000 	 90.000
FD11177	21.500 	 0.000 	 90.000
FD11177	21.625 	 0.000 	 90.000
FD11177	21.750 	 0.000 	 90.000
FD11177	21.875 	 0.000 	 90.000
FD11177	22.000 	 0.000 	 90.000
FD11177	22.125 	 0.000 	 90.000
FD11177	22.250 	 0.000 	 90.000
FD11177	22.375 	 0.000 	 90.000
FD11177	22.500 	 0.000 	 90.000
FD11177	22.625 	 0.000 	 90.000
FD11177	22.750 	 0.000 	 90.000
FD11177	22.875 	 0.000 	 90.000
FD11177	23.000 	 0.000 	 90.000
FD11177	23.125 	 0.000 	 90.000
FD11177	23.250 	 0.000 	 90.000
FD11177	23.375 	 0.000 	 90.000
FD11177	23.500 	 0.000 	 90.000
FD11177	23.625 	 0.000 	 90.000
FD11177	23.750 	 0.000 	 90.000
FD11177	23.875 	 0.000 	 90.000
FD11177	24.000 	 0.000 	 90.000
FD11177	24.125 	 0.000 	 90.000
FD11177	24.250 	 0.000 	 90.000
FD11177	24.375 	 0.000 	 90.000
FD11177	24.500 	 0.000 	 90.000
FD11177	24.625 	 0.000 	 90.000
FD11177	24.750 	 0.000 	 90.000
FD11177	24.875 	 0.000 	 90.000
FD11177	25.000 	 0.000 	 90.000
FD11177	25.125 	 0.000 	 90.000
FD11177	25.250 	 0.000 	 90.000
FD11177	25.375 	 0.000 	 90.000
FD11177	25.500 	 0.000 	 90.000
FD11177	25.625 	 0.000 	 90.000
FD11177	25.750 	 0.000 	 90.000
FD11177	25.875 	 0.000 	 90.000
FD11177	26.000 	 0.000 	 90.000
FD11177	26.125 	 0.000 	 90.000
FD11177	26.250 	 0.000 	 90.000
FD11177	26.375 	 0.000 	 90.000
FD11177	26.500 	 0.000 	 90.000
FD11177	26.625 	 0.000 	 90.000
FD11177	26.750 	 0.000 	 90.000
FD11177	26.875 	 0.000 	 90.000
FD11177	27.000 	 0.000 	 90.000
FD11177	27.125 	 0.000 	 90.000
FD11177	27.250 	 0.000 	 90.000
FD11177	27.375 	 0.000 	 90.000
FD11177	27.500 	 0.000 	 90.000
FD11177	27.625 	 0.000 	 90.000
FD11177	27.750 	 0.000 	 90.000
FD11177	27.875 	 0.000 	 90.000
FD11177	28.000 	 0.000 	 90.000
FD11177	28.125 	 0.000 	 90.000
FD11177	28.250 	 0.000 	 90.000
FD11177	28.375 	 0.000 	 90.000
FD11177	28.500 	 0.000 	 90.000
FD11177	28.625 	 0.000 	 90.000
FD11177	28.750 	 0.000 	 90.000
FD11177	28.875 	 0.000 	 90.000
FD11177	29.000 	 0.000 	 90.000
FD11177	29.125 	 0.000 	 90.000
FD11177	29.250 	 0.000 	 90.000
FD11177	29.375 	 0.000 	 90.000
FD11177	29.500 	 0.000 	 90.000
FD11177	29.625 	 0.000 	 90.000
FD11177	29.750 	 0.000 	 90.000
FD11177	29.875 	 0.000 	 90.000
FD11177	30.000 	 0.000 	 90.000
FD11177	30.125 	 0.000 	 90.000
FD11177	30.250 	 0.000 	 90.000
FD11177	30.375 	 0.000 	 90.000
FD11177	30.500 	 0.000 	 90.000
FD11177	30.625 	 0.000 	 90.000
FD11177	30.750 	 0.000 	 90.000
FD11177	30.875 	 0.000 	 90.000
FD11177	31.000 	 0.000 	 90.000
FD11177	31.125 	 0.000 	 90.000
FD11177	31.250 	 0.000 	 90.000
FD11177	31.375 	 0.000 	 90.000
FD11177	31.500 	 0.000 	 90.000
FD11177	31.625 	 0.000 	 90.000
FD11177	31.750 	 0.000 	 90.000
FD11177	31.875 	 0.000 	 90.000
FD11177	32.000 	 0.000 	 90.000
FD11177	32.125 	 0.000 	 90.000
FD11177	32.250 	 0.000 	 90.000
FD11177	32.375 	 0.000 	 90.000
FD11177	32.500 	 0.000 	 90.000
FD11177	32.625 	 0.000 	 90.000
FD11177	32.750 	 0.000 	 90.000
FD11177	32.875 	 0.000 	 90.000
FD11177	33.000 	 0.000 	 90.000
FD11177	33.125 	 0.000 	 90.000
FD11177	33.250 	 0.000 	 90.000
FD11177	33.375 	 0.000 	 90.000
FD11177	33.500 	 0.000 	 90.000
FD11177	33.625 	 0.000 	 90.000
FD11177	33.750 	 0.000 	 90.000
FD11177	33.875 	 0.000 	 90.000
FD11177	34.000 	 0.000 	 90.000
FD11177	34.125 	 0.000 	 90.000
FD11177	34.250 	 0.000 	 90.000
FD11177	34.375 	 0.000 	 90.000
FD11177	34.500 	 0.000 	 90.000
FD11177	34.625 	 0.000 	 90.000
FD11177	34.750 	 0.000 	 90.000
FD11177	34.875 	 0.000 	 90.000
FD11177	35.000 	 0.000 	 90.000
FD11177	35.125 	 0.000 	 90.000
FD11177	35.250 	 0.000 	 90.000
FD11177	35.375 	 0.000 	 90.000
FD11177	35.500 	 0.000 	 90.000
FD11177	35.625 	 0.000 	 90.000
FD11177	35.750 	 0.000 	 90.000
FD11177	35.875 	 0.000 	 90.000
FD11177	36.000 	 0.000 	 90.000
FD11177	36.125 	 0.000 	 90.000
FD11177	36.250 	 0.000 	 90.000
FD11177	36.375 	 0.000 	 90.000
FD11177	36.500 	 0.000 	 90.000
FD11177	36.625 	 0.000 	 90.000
FD11177	36.750 	 0.000 	 90.000
FD11177	36.875 	 0.000 	 90.000
FD11177	37.000 	 0.000 	 90.000
FD11177	37.125 	 0.000 	 90.000
FD11177	37.250 	 0.000 	 90.000
FD11177	37.375 	 0.000 	 90.000
FD11177	37.500 	 0.000 	 90.000
FD11177	37.625 	 0.000 	 90.000
FD11177	37.750 	 0.000 	 90.000
FD11177	37.875 	 0.000 	 90.000
FD11177	38.000 	 0.000 	 90.000
FD11177	38.125 	 0.000 	 90.000
FD11177	38.250 	 0.000 	 90.000
FD11177	38.375 	 0.000 	 90.000
FD11177	38.500 	 0.000 	 90.000
FD11177	38.625 	 0.000 	 90.000
FD11177	38.750 	 0.000 	 90.000
FD11177	38.875 	 0.000 	 90.000
FD11177	39.000 	 0.000 	 90.000
FD11177	39.125 	 0.000 	 90.000
FD11177	39.250 	 0.000 	 90.000
FD11177	39.375 	 0.000 	 90.000
FD11177	39.500 	 0.000 	 90.000
FD11177	39.625 	 0.000 	 90.000
FD11177	39.750 	 0.000 	 90.000
FD11177	39.875 	 0.000 	 90.000
FD11177	40.000 	 0.000 	 90.000
FD11177	40.125 	 0.815 	 260.437
FD11177	40.250 	 0.827 	 260.299
FD11177	40.375 	 0.839 	 260.340
FD11177	40.500 	 0.852 	 260.357
FD11177	40.625 	 0.864 	 260.283
FD11177	40.750 	 0.876 	 259.948
FD11177	40.875 	 0.888 	 259.472
FD11177	41.000 	 0.901 	 259.060
FD11177	41.125 	 0.915 	 258.987
FD11177	41.250 	 0.927 	 259.288
FD11177	41.375 	 0.940 	 259.225
FD11177	41.500 	 0.954 	 258.660
FD11177	41.625 	 0.966 	 258.086
FD11177	41.750 	 0.980 	 257.591
FD11177	41.875 	 0.994 	 257.078
FD11177	42.000 	 1.008 	 256.545
FD11177	42.125 	 1.022 	 256.484
FD11177	42.250 	 1.036 	 257.286
FD11177	42.375 	 1.051 	 257.676
FD11177	42.500 	 1.067 	 257.171
FD11177	42.625 	 1.081 	 256.531
FD11177	42.750 	 1.097 	 256.113
FD11177	42.875 	 1.112 	 255.855
FD11177	43.000 	 1.128 	 255.581
FD11177	43.125 	 1.144 	 255.281
FD11177	43.250 	 1.161 	 254.869
FD11177	43.375 	 1.177 	 255.248
FD11177	43.500 	 1.193 	 255.864
FD11177	43.625 	 1.210 	 255.957
FD11177	43.750 	 1.226 	 255.941
FD11177	43.875 	 1.244 	 255.550
FD11177	44.000 	 1.260 	 254.979
FD11177	44.125 	 1.277 	 254.553
FD11177	44.250 	 1.295 	 254.245
FD11177	44.375 	 1.311 	 253.894
FD11177	44.500 	 1.329 	 253.773
FD11177	44.625 	 1.345 	 254.297
FD11177	44.750 	 1.362 	 255.111
FD11177	44.875 	 1.380 	 255.828
FD11177	45.000 	 1.397 	 256.339
FD11177	45.125 	 1.414 	 256.493
FD11177	45.250 	 1.432 	 256.646
FD11177	45.375 	 1.451 	 256.819
FD11177	45.500 	 1.471 	 257.138
FD11177	45.625 	 1.489 	 257.781
FD11177	45.750 	 1.509 	 258.412
FD11177	45.875 	 1.529 	 258.893
FD11177	46.000 	 1.549 	 259.300
FD11177	46.125 	 1.570 	 259.986
FD11177	46.250 	 1.591 	 260.788
FD11177	46.375 	 1.613 	 261.104
FD11177	46.500 	 1.634 	 261.494
FD11177	46.625 	 1.656 	 262.183
FD11177	46.750 	 1.678 	 262.523
FD11177	46.875 	 1.701 	 262.686
FD11177	47.000 	 1.723 	 262.862
FD11177	47.125 	 1.746 	 263.013
FD11177	47.250 	 1.768 	 263.123
FD11177	47.375 	 1.789 	 263.230
FD11177	47.500 	 1.811 	 263.389
FD11177	47.625 	 1.832 	 263.568
FD11177	47.750 	 1.854 	 263.716
FD11177	47.875 	 1.876 	 263.837
FD11177	48.000 	 1.896 	 263.957
FD11177	48.125 	 1.916 	 264.081
FD11177	48.250 	 1.937 	 264.229
FD11177	48.375 	 1.957 	 264.370
FD11177	48.500 	 1.977 	 264.468
FD11177	48.625 	 1.996 	 264.592
FD11177	48.750 	 2.014 	 264.724
FD11177	48.875 	 2.033 	 264.781
FD11177	49.000 	 2.052 	 264.743
FD11177	49.125 	 2.070 	 264.738
FD11177	49.250 	 2.088 	 264.903
FD11177	49.375 	 2.106 	 265.108
FD11177	49.500 	 2.122 	 265.245
FD11177	49.625 	 2.140 	 265.328
FD11177	49.750 	 2.157 	 265.377
FD11177	49.875 	 2.177 	 265.444
FD11177	50.000 	 2.195 	 265.499
FD11177	50.125 	 2.216 	 265.562
FD11177	50.250 	 2.237 	 265.660
FD11177	50.375 	 2.260 	 265.737
FD11177	50.500 	 2.282 	 265.841
FD11177	50.625 	 2.306 	 265.998
FD11177	50.750 	 2.331 	 266.152
FD11177	50.875 	 2.356 	 266.295
FD11177	51.000 	 2.383 	 266.448
FD11177	51.125 	 2.410 	 266.600
FD11177	51.250 	 2.439 	 266.754
FD11177	51.375 	 2.467 	 266.919
FD11177	51.500 	 2.497 	 266.990
FD11177	51.625 	 2.528 	 266.992
FD11177	51.750 	 2.558 	 267.031
FD11177	51.875 	 2.588 	 267.097
FD11177	52.000 	 2.617 	 267.114
FD11177	52.125 	 2.646 	 267.078
FD11177	52.250 	 2.675 	 266.996
FD11177	52.375 	 2.703 	 266.990
FD11177	52.500 	 2.729 	 267.051
FD11177	52.625 	 2.755 	 267.029
FD11177	52.750 	 2.780 	 266.996
FD11177	52.875 	 2.806 	 266.992
FD11177	53.000 	 2.830 	 266.987
FD11177	53.125 	 2.853 	 266.957
FD11177	53.250 	 2.876 	 266.940
FD11177	53.375 	 2.897 	 266.998
FD11177	53.500 	 2.916 	 267.091
FD11177	53.625 	 2.936 	 267.147
FD11177	53.750 	 2.955 	 267.174
FD11177	53.875 	 2.974 	 267.161
FD11177	54.000 	 2.991 	 267.215
FD11177	54.125 	 3.009 	 267.305
FD11177	54.250 	 3.027 	 267.333
FD11177	54.375 	 3.043 	 267.457
FD11177	54.500 	 3.062 	 267.633
FD11177	54.625 	 3.080 	 267.737
FD11177	54.750 	 3.100 	 267.912
FD11177	54.875 	 3.121 	 268.064
FD11177	55.000 	 3.141 	 268.086
FD11177	55.125 	 3.164 	 268.049
FD11177	55.250 	 3.187 	 267.990
FD11177	55.375 	 3.210 	 268.182
FD11177	55.500 	 3.236 	 268.462
FD11177	55.625 	 3.262 	 268.569
FD11177	55.750 	 3.289 	 268.651
FD11177	55.875 	 3.316 	 268.751
FD11177	56.000 	 3.344 	 268.904
FD11177	56.125 	 3.373 	 269.064
FD11177	56.250 	 3.403 	 269.157
FD11177	56.375 	 3.434 	 269.212
FD11177	56.500 	 3.465 	 269.299
FD11177	56.625 	 3.495 	 269.492
FD11177	56.750 	 3.526 	 269.701
FD11177	56.875 	 3.556 	 269.829
FD11177	57.000 	 3.586 	 269.967
FD11177	57.125 	 3.616 	 270.127
FD11177	57.250 	 3.646 	 270.264
FD11177	57.375 	 3.675 	 270.382
FD11177	57.500 	 3.705 	 270.448
FD11177	57.625 	 3.736 	 270.555
FD11177	57.750 	 3.767 	 270.786
FD11177	57.875 	 3.797 	 270.936
FD11177	58.000 	 3.828 	 271.063
FD11177	58.125 	 3.860 	 271.289
FD11177	58.250 	 3.891 	 271.459
FD11177	58.375 	 3.923 	 271.623
FD11177	58.500 	 3.955 	 271.716
FD11177	58.625 	 3.986 	 271.711
FD11177	58.750 	 4.018 	 271.771
FD11177	58.875 	 4.050 	 271.832
FD11177	59.000 	 4.081 	 271.969
FD11177	59.125 	 4.113 	 272.244
FD11177	59.250 	 4.145 	 272.480
FD11177	59.375 	 4.177 	 272.675
FD11177	59.500 	 4.210 	 272.901
FD11177	59.625 	 4.242 	 273.021
FD11177	59.750 	 4.273 	 273.043
FD11177	59.875 	 4.305 	 273.178
FD11177	60.000 	 4.336 	 273.409
FD11177	60.125 	 4.368 	 273.596
FD11177	60.250 	 4.398 	 273.754
FD11177	60.375 	 4.429 	 273.941
FD11177	60.500 	 4.461 	 274.034
FD11177	60.625 	 4.491 	 274.112
FD11177	60.750 	 4.523 	 274.249
FD11177	60.875 	 4.555 	 274.392
FD11177	61.000 	 4.587 	 274.551
FD11177	61.125 	 4.620 	 274.683
FD11177	61.250 	 4.653 	 274.826
FD11177	61.375 	 4.685 	 275.057
FD11177	61.500 	 4.718 	 275.254
FD11177	61.625 	 4.750 	 275.311
FD11177	61.750 	 4.783 	 275.356
FD11177	61.875 	 4.815 	 275.501
FD11177	62.000 	 4.847 	 275.699
FD11177	62.125 	 4.880 	 275.895
FD11177	62.250 	 4.913 	 276.103
FD11177	62.375 	 4.946 	 276.300
FD11177	62.500 	 4.980 	 276.493
FD11177	62.625 	 5.013 	 276.609
FD11177	62.750 	 5.045 	 276.642
FD11177	62.875 	 5.077 	 276.674
FD11177	63.000 	 5.107 	 276.751
FD11177	63.125 	 5.137 	 276.963
FD11177	63.250 	 5.168 	 277.172
FD11177	63.375 	 5.198 	 277.413
FD11177	63.500 	 5.231 	 277.759
FD11177	63.625 	 5.264 	 278.064
FD11177	63.750 	 5.298 	 278.306
FD11177	63.875 	 5.334 	 278.542
FD11177	64.000 	 5.368 	 278.712
FD11177	64.125 	 5.404 	 278.830
FD11177	64.250 	 5.439 	 279.017
FD11177	64.375 	 5.474 	 279.226
FD11177	64.500 	 5.509 	 279.429
FD11177	64.625 	 5.545 	 279.695
FD11177	64.750 	 5.582 	 279.794
FD11177	64.875 	 5.618 	 279.742
FD11177	65.000 	 5.655 	 279.764
FD11177	65.125 	 5.692 	 279.764
FD11177	65.250 	 5.728 	 279.835
FD11177	65.375 	 5.762 	 280.045
FD11177	65.500 	 5.794 	 280.264
FD11177	65.625 	 5.825 	 280.505
FD11177	65.750 	 5.854 	 280.764
FD11177	65.875 	 5.884 	 280.931
FD11177	66.000 	 5.912 	 281.030
FD11177	66.125 	 5.940 	 281.107
FD11177	66.250 	 5.968 	 281.162
FD11177	66.375 	 5.995 	 281.143
FD11177	66.500 	 6.022 	 281.138
FD11177	66.625 	 6.048 	 281.138
FD11177	66.750 	 6.074 	 281.138
FD11177	66.875 	 6.099 	 281.244
FD11177	67.000 	 6.125 	 281.327
FD11177	67.125 	 6.151 	 281.390
FD11177	67.250 	 6.178 	 281.472
FD11177	67.375 	 6.207 	 281.550
FD11177	67.500 	 6.237 	 281.615
FD11177	67.625 	 6.268 	 281.635
FD11177	67.750 	 6.298 	 281.662
FD11177	67.875 	 6.328 	 281.741
FD11177	68.000 	 6.358 	 281.819
FD11177	68.125 	 6.388 	 281.887
FD11177	68.250 	 6.418 	 282.014
FD11177	68.375 	 6.448 	 282.192
FD11177	68.500 	 6.478 	 282.401
FD11177	68.625 	 6.509 	 282.642
FD11177	68.750 	 6.542 	 282.840
FD11177	68.875 	 6.576 	 282.917
FD11177	69.000 	 6.609 	 282.934
FD11177	69.125 	 6.645 	 282.966
FD11177	69.250 	 6.679 	 283.038
FD11177	69.375 	 6.712 	 283.112
FD11177	69.500 	 6.745 	 283.173
FD11177	69.625 	 6.777 	 283.285
FD11177	69.750 	 6.809 	 283.423
FD11177	69.875 	 6.842 	 283.529
FD11177	70.000 	 6.875 	 283.651
FD11177	70.125 	 6.909 	 283.785
FD11177	70.250 	 6.944 	 283.955
FD11177	70.375 	 6.979 	 284.134
FD11177	70.500 	 7.015 	 284.255
FD11177	70.625 	 7.049 	 284.373
FD11177	70.750 	 7.081 	 284.450
FD11177	70.875 	 7.114 	 284.480
FD11177	71.000 	 7.147 	 284.557
FD11177	71.125 	 7.179 	 284.689
FD11177	71.250 	 7.209 	 284.831
FD11177	71.375 	 7.241 	 284.911
FD11177	71.500 	 7.273 	 284.927
FD11177	71.625 	 7.305 	 284.971
FD11177	71.750 	 7.337 	 285.098
FD11177	71.875 	 7.368 	 285.230
FD11177	72.000 	 7.399 	 285.378
FD11177	72.125 	 7.429 	 285.552
FD11177	72.250 	 7.457 	 285.661
FD11177	72.375 	 7.486 	 285.713
FD11177	72.500 	 7.515 	 285.795
FD11177	72.625 	 7.544 	 285.928
FD11177	72.750 	 7.573 	 286.093
FD11177	72.875 	 7.603 	 286.287
FD11177	73.000 	 7.632 	 286.441
FD11177	73.125 	 7.661 	 286.556
FD11177	73.250 	 7.690 	 286.644
FD11177	73.375 	 7.719 	 286.748
FD11177	73.500 	 7.747 	 286.881
FD11177	73.625 	 7.777 	 286.979
FD11177	73.750 	 7.807 	 287.045
FD11177	73.875 	 7.838 	 287.076
FD11177	74.000 	 7.870 	 287.070
FD11177	74.125 	 7.903 	 287.144
FD11177	74.250 	 7.937 	 287.287
FD11177	74.375 	 7.972 	 287.361
FD11177	74.500 	 8.006 	 287.427
FD11177	74.625 	 8.042 	 287.490
FD11177	74.750 	 8.076 	 287.545
FD11177	74.875 	 8.110 	 287.652
FD11177	75.000 	 8.143 	 287.762
FD11177	75.125 	 8.176 	 287.883
FD11177	75.250 	 8.210 	 288.042
FD11177	75.375 	 8.244 	 288.127
FD11177	75.500 	 8.278 	 288.127
FD11177	75.625 	 8.313 	 288.185
FD11177	75.750 	 8.347 	 288.306
FD11177	75.875 	 8.381 	 288.432
FD11177	76.000 	 8.415 	 288.553
FD11177	76.125 	 8.449 	 288.603
FD11177	76.250 	 8.482 	 288.597
FD11177	76.375 	 8.516 	 288.635
FD11177	76.500 	 8.550 	 288.768
FD11177	76.625 	 8.584 	 288.847
FD11177	76.750 	 8.619 	 288.869
FD11177	76.875 	 8.654 	 288.954
FD11177	77.000 	 8.690 	 289.020
FD11177	77.125 	 8.728 	 289.022
FD11177	77.250 	 8.764 	 289.067
FD11177	77.375 	 8.802 	 289.171
FD11177	77.500 	 8.839 	 289.276
FD11177	77.625 	 8.877 	 289.396
FD11177	77.750 	 8.913 	 289.457
FD11177	77.875 	 8.949 	 289.449
FD11177	78.000 	 8.987 	 289.509
FD11177	78.125 	 9.023 	 289.644
FD11177	78.250 	 9.060 	 289.786
FD11177	78.375 	 9.096 	 289.899
FD11177	78.500 	 9.133 	 289.943
FD11177	78.625 	 9.169 	 289.973
FD11177	78.750 	 9.204 	 290.061
FD11177	78.875 	 9.242 	 290.176
FD11177	79.000 	 9.279 	 290.303
FD11177	79.125 	 9.317 	 290.448
FD11177	79.250 	 9.355 	 290.569
FD11177	79.375 	 9.392 	 290.676
FD11177	79.500 	 9.428 	 290.715
FD11177	79.625 	 9.466 	 290.786
FD11177	79.750 	 9.502 	 290.951
FD11177	79.875 	 9.538 	 291.119
FD11177	80.000 	 9.574 	 291.206
FD11177	80.125 	 9.610 	 291.212
FD11177	80.250 	 9.646 	 291.310
FD11177	80.375 	 9.682 	 291.470
FD11177	80.500 	 9.719 	 291.564
FD11177	80.625 	 9.755 	 291.703
FD11177	80.750 	 9.793 	 291.852
FD11177	80.875 	 9.831 	 291.915
FD11177	81.000 	 9.867 	 292.025
FD11177	81.125 	 9.904 	 292.090
FD11177	81.250 	 9.940 	 292.123
FD11177	81.375 	 9.975 	 292.121
FD11177	81.500 	 10.010 	 292.132
FD11177	81.625 	 10.046 	 292.209
FD11177	81.750 	 10.083 	 292.236
FD11177	81.875 	 10.120 	 292.319
FD11177	82.000 	 10.158 	 292.440
FD11177	82.125 	 10.195 	 292.547
FD11177	82.250 	 10.231 	 292.645
FD11177	82.375 	 10.268 	 292.728
FD11177	82.500 	 10.304 	 292.761
FD11177	82.625 	 10.341 	 292.862
FD11177	82.750 	 10.377 	 292.972
FD11177	82.875 	 10.412 	 293.041
FD11177	83.000 	 10.448 	 293.090
FD11177	83.125 	 10.483 	 293.146
FD11177	83.250 	 10.517 	 293.316
FD11177	83.375 	 10.552 	 293.442
FD11177	83.500 	 10.588 	 293.514
FD11177	83.625 	 10.623 	 293.456
FD11177	83.750 	 10.657 	 293.445
FD11177	83.875 	 10.690 	 293.590
FD11177	84.000 	 10.725 	 293.591
FD11177	84.125 	 10.758 	 293.631
FD11177	84.250 	 10.791 	 293.763
FD11177	84.375 	 10.827 	 293.835
FD11177	84.500 	 10.864 	 293.823
FD11177	84.625 	 10.902 	 293.813
FD11177	84.750 	 10.938 	 293.890
FD11177	84.875 	 10.976 	 293.911
FD11177	85.000 	 11.013 	 293.840
FD11177	85.125 	 11.050 	 293.777
FD11177	85.250 	 11.086 	 293.815
FD11177	85.375 	 11.121 	 293.923
FD11177	85.500 	 11.156 	 294.121
FD11177	85.625 	 11.190 	 294.363
FD11177	85.750 	 11.226 	 294.516
FD11177	85.875 	 11.264 	 294.579
FD11177	86.000 	 11.302 	 294.650
FD11177	86.125 	 11.338 	 294.758
FD11177	86.250 	 11.375 	 294.845
FD11177	86.375 	 11.411 	 294.868
FD11177	86.500 	 11.445 	 294.901
FD11177	86.625 	 11.479 	 295.065
FD11177	86.750 	 11.513 	 295.170
FD11177	86.875 	 11.546 	 295.217
FD11177	87.000 	 11.579 	 295.244
FD11177	87.125 	 11.613 	 295.236
FD11177	87.250 	 11.650 	 295.214
FD11177	87.375 	 11.687 	 295.184
FD11177	87.500 	 11.724 	 295.195
FD11177	87.625 	 11.761 	 295.357
FD11177	87.750 	 11.796 	 295.543
FD11177	87.875 	 11.830 	 295.683
FD11177	88.000 	 11.861 	 295.788
FD11177	88.125 	 11.892 	 295.780
FD11177	88.250 	 11.925 	 295.785
FD11177	88.375 	 11.959 	 295.746
FD11177	88.500 	 11.992 	 295.813
FD11177	88.625 	 12.024 	 295.941
FD11177	88.750 	 12.058 	 296.095
FD11177	88.875 	 12.092 	 296.172
FD11177	89.000 	 12.124 	 296.167
FD11177	89.125 	 12.156 	 296.112
FD11177	89.250 	 12.188 	 296.035
FD11177	89.375 	 12.219 	 295.994
FD11177	89.500 	 12.249 	 295.939
FD11177	89.625 	 12.282 	 296.024
FD11177	89.750 	 12.313 	 296.155
FD11177	89.875 	 12.349 	 296.282
FD11177	90.000 	 12.383 	 296.441
FD11177	90.125 	 12.419 	 296.625
FD11177	90.250 	 12.455 	 296.725
FD11177	90.375 	 12.489 	 296.785
FD11177	90.500 	 12.525 	 296.894
FD11177	90.625 	 12.558 	 296.933
FD11177	90.750 	 12.592 	 296.943
FD11177	90.875 	 12.627 	 297.032
FD11177	91.000 	 12.659 	 297.202
FD11177	91.125 	 12.692 	 297.348
FD11177	91.250 	 12.726 	 297.496
FD11177	91.375 	 12.760 	 297.576
FD11177	91.500 	 12.794 	 297.526
FD11177	91.625 	 12.829 	 297.560
FD11177	91.750 	 12.865 	 297.499
FD11177	91.875 	 12.901 	 297.578
FD11177	92.000 	 12.936 	 297.765
FD11177	92.125 	 12.972 	 297.765
FD11177	92.250 	 13.008 	 297.765
FD11177	92.375 	 13.044 	 297.875
FD11177	92.500 	 13.079 	 297.952
FD11177	92.625 	 13.115 	 298.034
FD11177	92.750 	 13.151 	 298.237
FD11177	92.875 	 13.185 	 298.235
FD11177	93.000 	 13.221 	 298.208
FD11177	93.125 	 13.257 	 298.309
FD11177	93.250 	 13.291 	 298.381
FD11177	93.375 	 13.327 	 298.372
FD11177	93.500 	 13.359 	 298.373
FD11177	93.625 	 13.392 	 298.524
FD11177	93.750 	 13.425 	 298.589
FD11177	93.875 	 13.457 	 298.523
FD11177	94.000 	 13.489 	 298.513
FD11177	94.125 	 13.520 	 298.496
FD11177	94.250 	 13.551 	 298.490
FD11177	94.375 	 13.581 	 298.461
FD11177	94.500 	 13.611 	 298.411
FD11177	94.625 	 13.638 	 298.452
FD11177	94.750 	 13.665 	 298.545
FD11177	94.875 	 13.690 	 298.619
FD11177	95.000 	 13.712 	 298.669
FD11177	95.125 	 13.737 	 298.721
FD11177	95.250 	 13.761 	 298.716
FD11177	95.375 	 13.783 	 298.822
FD11177	95.500 	 13.808 	 298.938
FD11177	95.625 	 13.832 	 298.927
FD11177	95.750 	 13.853 	 298.889
FD11177	95.875 	 13.875 	 298.787
FD11177	96.000 	 13.897 	 298.776
FD11177	96.125 	 13.918 	 298.831
FD11177	96.250 	 13.940 	 298.776
FD11177	96.375 	 13.962 	 298.834
FD11177	96.500 	 13.987 	 299.070
FD11177	96.625 	 14.011 	 299.210
FD11177	96.750 	 14.039 	 299.254
FD11177	96.875 	 14.069 	 299.176
FD11177	97.000 	 14.098 	 299.073
FD11177	97.125 	 14.127 	 299.122
FD11177	97.250 	 14.158 	 299.226
FD11177	97.375 	 14.187 	 299.232
FD11177	97.500 	 14.216 	 299.303
FD11177	97.625 	 14.246 	 299.267
FD11177	97.750 	 14.277 	 299.175
FD11177	97.875 	 14.311 	 299.348
FD11177	98.000 	 14.345 	 299.348
FD11177	98.125 	 14.376 	 299.334
FD11177	98.250 	 14.407 	 299.465
FD11177	98.375 	 14.435 	 299.399
FD11177	98.500 	 14.463 	 299.416
FD11177	98.625 	 14.486 	 299.479
FD11177	98.750 	 14.511 	 299.451
FD11177	98.875 	 14.531 	 299.551
FD11177	99.000 	 14.550 	 299.710
FD11177	99.125 	 14.570 	 299.850
FD11177	99.250 	 14.586 	 299.927
FD11177	99.375 	 14.603 	 299.976
FD11177	99.500 	 14.618 	 299.927
FD11177	99.625 	 14.632 	 299.875
FD11177	99.750 	 14.645 	 299.907
FD11177	99.875 	 14.655 	 299.929
FD11177	100.000 	 14.666 	 299.968
FD11177	100.125 	 14.678 	 300.012
FD11177	100.250 	 14.692 	 300.023
FD11177	100.375 	 14.706 	 299.984
FD11177	100.500 	 14.719 	 299.996
FD11177	100.625 	 14.735 	 299.990
FD11177	100.750 	 14.746 	 299.896
FD11177	100.875 	 14.761 	 299.822
FD11177	101.000 	 14.773 	 299.872
FD11177	101.125 	 14.785 	 299.924
FD11177	101.250 	 14.798 	 299.996
FD11177	101.375 	 14.811 	 300.062
FD11177	101.500 	 14.821 	 300.067
FD11177	101.625 	 14.833 	 300.106
FD11177	101.750 	 14.846 	 300.127
FD11177	101.875 	 14.857 	 300.097
FD11177	102.000 	 14.868 	 300.119
FD11177	102.125 	 14.882 	 300.179
FD11177	102.250 	 14.894 	 300.141
FD11177	102.375 	 14.909 	 300.004
FD11177	102.500 	 14.923 	 299.960
FD11177	102.625 	 14.939 	 299.974
FD11177	102.750 	 14.953 	 299.952
FD11177	102.875 	 14.970 	 299.916
FD11177	103.000 	 14.986 	 299.861
FD11177	103.125 	 15.000 	 299.941
FD11177	103.250 	 15.016 	 300.023
FD11177	103.375 	 15.029 	 300.062
FD11177	103.500 	 15.043 	 300.116
FD11177	103.625 	 15.055 	 300.248
FD11177	103.750 	 15.068 	 300.413
FD11177	103.875 	 15.081 	 300.408
FD11177	104.000 	 15.090 	 300.363
FD11177	104.125 	 15.100 	 300.372
FD11177	104.250 	 15.105 	 300.322
FD11177	104.375 	 15.110 	 300.226
FD11177	104.500 	 15.114 	 300.188
FD11177	104.625 	 15.115 	 300.190
FD11177	104.750 	 15.118 	 300.184
FD11177	104.875 	 15.120 	 300.242
FD11177	105.000 	 15.124 	 300.336
FD11177	105.125 	 15.128 	 300.435
FD11177	105.250 	 15.133 	 300.479
FD11177	105.375 	 15.137 	 300.474
FD11177	105.500 	 15.144 	 300.445
FD11177	105.625 	 15.151 	 300.408
FD11177	105.750 	 15.157 	 300.463
FD11177	105.875 	 15.163 	 300.558
FD11177	106.000 	 15.170 	 300.570
FD11177	106.125 	 15.179 	 300.536
FD11177	106.250 	 15.187 	 300.526
FD11177	106.375 	 15.196 	 300.496
FD11177	106.500 	 15.205 	 300.424
FD11177	106.625 	 15.216 	 300.377
FD11177	106.750 	 15.225 	 300.432
FD11177	106.875 	 15.232 	 300.429
FD11177	107.000 	 15.241 	 300.359
FD11177	107.125 	 15.249 	 300.313
FD11177	107.250 	 15.258 	 300.232
FD11177	107.375 	 15.266 	 300.195
FD11177	107.500 	 15.275 	 300.228
FD11177	107.625 	 15.283 	 300.306
FD11177	107.750 	 15.292 	 300.481
FD11177	107.875 	 15.300 	 300.637
FD11177	108.000 	 15.306 	 300.682
FD11177	108.125 	 15.312 	 300.650
FD11177	108.250 	 15.316 	 300.605
FD11177	108.375 	 15.320 	 300.594
FD11177	108.500 	 15.325 	 300.660
FD11177	108.625 	 15.329 	 300.822
FD11177	108.750 	 15.334 	 300.959
FD11177	108.875 	 15.337 	 300.866
FD11177	109.000 	 15.341 	 300.784
FD11177	109.125 	 15.344 	 300.781
FD11177	109.250 	 15.347 	 300.699
FD11177	109.375 	 15.351 	 300.632
FD11177	109.500 	 15.351 	 300.599
FD11177	109.625 	 15.352 	 300.633
FD11177	109.750 	 15.352 	 300.572
FD11177	109.875 	 15.352 	 300.598
FD11177	110.000 	 15.353 	 300.629
FD11177	110.125 	 15.353 	 300.490
FD11177	110.250 	 15.356 	 300.429
FD11177	110.375 	 15.358 	 300.419
FD11177	110.500 	 15.362 	 300.435
FD11177	110.625 	 15.366 	 300.583
FD11177	110.750 	 15.373 	 300.765
FD11177	110.875 	 15.377 	 300.792
FD11177	111.000 	 15.383 	 300.731
FD11177	111.125 	 15.389 	 300.718
FD11177	111.250 	 15.393 	 300.702
FD11177	111.375 	 15.399 	 300.709
FD11177	111.500 	 15.406 	 300.798
FD11177	111.625 	 15.415 	 300.926
FD11177	111.750 	 15.425 	 301.140
FD11177	111.875 	 15.438 	 301.240
FD11177	112.000 	 15.452 	 301.206
FD11177	112.125 	 15.468 	 301.322
FD11177	112.250 	 15.481 	 301.354
FD11177	112.375 	 15.493 	 301.201
FD11177	112.500 	 15.503 	 301.074
FD11177	112.625 	 15.511 	 301.050
FD11177	112.750 	 15.516 	 300.897
FD11177	112.875 	 15.522 	 300.899
FD11177	113.000 	 15.526 	 301.102
FD11177	113.125 	 15.530 	 301.047
FD11177	113.250 	 15.535 	 300.960
FD11177	113.375 	 15.540 	 301.072
FD11177	113.500 	 15.545 	 301.138
FD11177	113.625 	 15.547 	 301.086
FD11177	113.750 	 15.548 	 301.107
FD11177	113.875 	 15.546 	 301.058
FD11177	114.000 	 15.543 	 301.063
FD11177	114.125 	 15.538 	 301.094
FD11177	114.250 	 15.535 	 301.006
FD11177	114.375 	 15.532 	 300.939
FD11177	114.500 	 15.531 	 300.951
FD11177	114.625 	 15.533 	 301.000
FD11177	114.750 	 15.535 	 300.984
FD11177	114.875 	 15.540 	 300.953
FD11177	115.000 	 15.544 	 300.943
FD11177	115.125 	 15.550 	 300.962
FD11177	115.250 	 15.555 	 301.023
FD11177	115.375 	 15.562 	 301.083
FD11177	115.500 	 15.568 	 301.100
FD11177	115.625 	 15.576 	 301.082
FD11177	115.750 	 15.583 	 301.177
FD11177	115.875 	 15.593 	 301.317
FD11177	116.000 	 15.604 	 301.343
FD11177	116.125 	 15.614 	 301.300
FD11177	116.250 	 15.627 	 301.405
FD11177	116.375 	 15.639 	 301.475
FD11177	116.500 	 15.651 	 301.417
FD11177	116.625 	 15.661 	 301.428
FD11177	116.750 	 15.671 	 301.440
FD11177	116.875 	 15.681 	 301.399
FD11177	117.000 	 15.689 	 301.460
FD11177	117.125 	 15.701 	 301.580
FD11177	117.250 	 15.711 	 301.646
FD11177	117.375 	 15.722 	 301.735
FD11177	117.500 	 15.734 	 301.782
FD11177	117.625 	 15.745 	 301.745
FD11177	117.750 	 15.757 	 301.822
FD11177	117.875 	 15.769 	 301.973
FD11177	118.000 	 15.780 	 301.995
FD11177	118.125 	 15.791 	 301.926
FD11177	118.250 	 15.802 	 301.937
FD11177	118.375 	 15.810 	 302.091
FD11177	118.500 	 15.821 	 302.246
FD11177	118.625 	 15.832 	 302.399
FD11177	118.750 	 15.844 	 302.360
FD11177	118.875 	 15.860 	 302.278
FD11177	119.000 	 15.878 	 302.400
FD11177	119.125 	 15.897 	 302.429
FD11177	119.250 	 15.919 	 302.341
FD11177	119.375 	 15.942 	 302.394
FD11177	119.500 	 15.965 	 302.530
FD11177	119.625 	 15.991 	 302.511
FD11177	119.750 	 16.018 	 302.396
FD11177	119.875 	 16.046 	 302.379
FD11177	120.000 	 16.076 	 302.456
FD11177	120.125 	 16.107 	 302.583
FD11177	120.250 	 16.142 	 302.687
FD11177	120.375 	 16.178 	 302.783
FD11177	120.500 	 16.216 	 302.821
FD11177	120.625 	 16.257 	 302.693
FD11177	120.750 	 16.298 	 302.670
FD11177	120.875 	 16.340 	 302.695
FD11177	121.000 	 16.381 	 302.700
FD11177	121.125 	 16.421 	 302.715
FD11177	121.250 	 16.463 	 302.719
FD11177	121.375 	 16.504 	 302.781
FD11177	121.500 	 16.549 	 302.863
FD11177	121.625 	 16.593 	 302.976
FD11177	121.750 	 16.639 	 303.107
FD11177	121.875 	 16.686 	 303.163
FD11177	122.000 	 16.734 	 303.228
FD11177	122.125 	 16.782 	 303.340
FD11177	122.250 	 16.833 	 303.319
FD11177	122.375 	 16.883 	 303.341
FD11177	122.500 	 16.931 	 303.467
FD11177	122.625 	 16.978 	 303.510
FD11177	122.750 	 17.024 	 303.544
FD11177	122.875 	 17.070 	 303.690
FD11177	123.000 	 17.114 	 303.782
FD11177	123.125 	 17.156 	 303.794
FD11177	123.250 	 17.194 	 303.848
FD11177	123.375 	 17.229 	 303.899
FD11177	123.500 	 17.257 	 303.970
FD11177	123.625 	 17.279 	 303.970
FD11177	123.750 	 17.299 	 303.855
FD11177	123.875 	 17.315 	 303.816
FD11177	124.000 	 17.330 	 303.887
FD11177	124.125 	 17.343 	 303.911
FD11177	124.250 	 17.354 	 304.006
FD11177	124.375 	 17.366 	 304.228
FD11177	124.500 	 17.376 	 304.140
FD11177	124.625 	 17.386 	 303.904
FD11177	124.750 	 17.398 	 303.822
FD11177	124.875 	 17.408 	 303.731
FD11177	125.000 	 17.420 	 303.764
FD11177	125.125 	 17.431 	 303.818
FD11177	125.250 	 17.445 	 303.830
FD11177	125.375 	 17.461 	 303.945
FD11177	125.500 	 17.483 	 303.978
FD11177	125.625 	 17.508 	 303.956
FD11177	125.750 	 17.538 	 304.032
FD11177	125.875 	 17.571 	 304.067
FD11177	126.000 	 17.604 	 304.083
FD11177	126.125 	 17.640 	 304.203
FD11177	126.250 	 17.676 	 304.318
FD11177	126.375 	 17.710 	 304.324
FD11177	126.500 	 17.745 	 304.324
FD11177	126.625 	 17.779 	 304.403
FD11177	126.750 	 17.814 	 304.475
FD11177	126.875 	 17.848 	 304.365
FD11177	127.000 	 17.884 	 304.321
FD11177	127.125 	 17.920 	 304.481
FD11177	127.250 	 17.956 	 304.485
FD11177	127.375 	 17.991 	 304.563
FD11177	127.500 	 18.024 	 304.701
FD11177	127.625 	 18.057 	 304.607
FD11177	127.750 	 18.089 	 304.486
FD11177	127.875 	 18.120 	 304.495
FD11177	128.000 	 18.150 	 304.616
FD11177	128.125 	 18.180 	 304.741
FD11177	128.250 	 18.210 	 304.813
FD11177	128.375 	 18.239 	 304.873
FD11177	128.500 	 18.270 	 305.004
FD11177	128.625 	 18.303 	 305.072
FD11177	128.750 	 18.337 	 304.994
FD11177	128.875 	 18.372 	 305.010
FD11177	129.000 	 18.407 	 304.962
FD11177	129.125 	 18.443 	 304.920
FD11177	129.250 	 18.481 	 305.024
FD11177	129.375 	 18.521 	 305.013
FD11177	129.500 	 18.561 	 305.002
FD11177	129.625 	 18.603 	 305.118
FD11177	129.750 	 18.646 	 305.096
FD11177	129.875 	 18.688 	 305.065
FD11177	130.000 	 18.727 	 305.204
FD11177	130.125 	 18.769 	 305.269
FD11177	130.250 	 18.808 	 305.308
FD11177	130.375 	 18.844 	 305.318
FD11177	130.500 	 18.881 	 305.264
FD11177	130.625 	 18.916 	 305.414
FD11177	130.750 	 18.952 	 305.618
FD11177	130.875 	 18.988 	 305.629
FD11177	131.000 	 19.020 	 305.656
FD11177	131.125 	 19.055 	 305.673
FD11177	131.250 	 19.089 	 305.618
FD11177	131.375 	 19.125 	 305.596
FD11177	131.500 	 19.161 	 305.694
FD11177	131.625 	 19.197 	 305.786
FD11177	131.750 	 19.230 	 305.768
FD11177	131.875 	 19.265 	 305.791
FD11177	132.000 	 19.299 	 305.829
FD11177	132.125 	 19.337 	 305.831
FD11177	132.250 	 19.376 	 305.870
FD11177	132.375 	 19.415 	 305.989
FD11177	132.500 	 19.456 	 306.088
FD11177	132.625 	 19.497 	 306.196
FD11177	132.750 	 19.536 	 306.230
FD11177	132.875 	 19.580 	 306.134
FD11177	133.000 	 19.619 	 306.195
FD11177	133.125 	 19.662 	 306.252
FD11177	133.250 	 19.700 	 306.120
FD11177	133.375 	 19.733 	 306.156
FD11177	133.500 	 19.775 	 306.249
FD11177	133.625 	 19.808 	 306.256
FD11177	133.750 	 19.849 	 306.420
FD11177	133.875 	 19.888 	 306.448
FD11177	134.000 	 19.926 	 306.282
FD11177	134.125 	 19.966 	 306.326
FD11177	134.250 	 20.009 	 306.464
FD11177	134.375 	 20.050 	 306.456
FD11177	134.500 	 20.088 	 306.329
FD11177	134.625 	 20.128 	 306.211
FD11177	134.750 	 20.171 	 306.337
FD11177	134.875 	 20.216 	 306.464
FD11177	135.000 	 20.261 	 306.524
FD11177	135.125 	 20.306 	 306.541
FD11177	135.250 	 20.353 	 306.535
FD11177	135.375 	 20.404 	 306.686
FD11177	135.500 	 20.454 	 306.796
FD11177	135.625 	 20.502 	 306.787
FD11177	135.750 	 20.549 	 306.755
FD11177	135.875 	 20.598 	 306.849
FD11177	136.000 	 20.642 	 306.930
FD11177	136.125 	 20.687 	 306.939
FD11177	136.250 	 20.735 	 306.933
FD11177	136.375 	 20.778 	 306.947
FD11177	136.500 	 20.828 	 306.969
FD11177	136.625 	 20.872 	 306.947
FD11177	136.750 	 20.912 	 307.008
FD11177	136.875 	 20.956 	 307.015
FD11177	137.000 	 20.993 	 306.878
FD11177	137.125 	 21.033 	 306.837
FD11177	137.250 	 21.069 	 306.756
FD11177	137.375 	 21.104 	 306.682
FD11177	137.500 	 21.132 	 306.776
FD11177	137.625 	 21.169 	 306.724
FD11177	137.750 	 21.203 	 306.691
FD11177	137.875 	 21.234 	 306.713
FD11177	138.000 	 21.268 	 306.780
FD11177	138.125 	 21.302 	 306.928
FD11177	138.250 	 21.332 	 306.890
FD11177	138.375 	 21.365 	 306.801
FD11177	138.500 	 21.394 	 306.883
FD11177	138.625 	 21.426 	 306.885
FD11177	138.750 	 21.458 	 306.801
FD11177	138.875 	 21.488 	 306.794
FD11177	139.000 	 21.515 	 306.808
FD11177	139.125 	 21.548 	 306.812
FD11177	139.250 	 21.576 	 306.786
FD11177	139.375 	 21.607 	 306.724
FD11177	139.500 	 21.642 	 306.654
FD11177	139.625 	 21.676 	 306.644
FD11177	139.750 	 21.705 	 306.644
FD11177	139.875 	 21.741 	 306.664
FD11177	140.000 	 21.777 	 306.559
FD11177	140.125 	 21.811 	 306.536
FD11177	140.250 	 21.850 	 306.573
FD11177	140.375 	 21.895 	 306.598
FD11177	140.500 	 21.929 	 306.714
FD11177	140.625 	 21.977 	 306.584
FD11177	140.750 	 22.017 	 306.492
FD11177	140.875 	 22.060 	 306.628
FD11177	141.000 	 22.108 	 306.639
FD11177	141.125 	 22.153 	 306.606
FD11177	141.250 	 22.195 	 306.568
FD11177	141.375 	 22.243 	 306.585
FD11177	141.500 	 22.287 	 306.683
FD11177	141.625 	 22.328 	 306.677
FD11177	141.750 	 22.372 	 306.717
FD11177	141.875 	 22.414 	 306.619
FD11177	142.000 	 22.456 	 306.411
FD11177	142.125 	 22.499 	 306.432
FD11177	142.250 	 22.550 	 306.453
FD11177	142.375 	 22.595 	 306.456
FD11177	142.500 	 22.641 	 306.632
FD11177	142.625 	 22.690 	 306.666
FD11177	142.750 	 22.739 	 306.590
FD11177	142.875 	 22.785 	 306.570
FD11177	143.000 	 22.833 	 306.385
FD11177	143.125 	 22.883 	 306.242
FD11177	143.250 	 22.926 	 306.316
FD11177	143.375 	 22.977 	 306.383
FD11177	143.500 	 23.030 	 306.507
FD11177	143.625 	 23.076 	 306.673
FD11177	143.750 	 23.130 	 306.709
FD11177	143.875 	 23.176 	 306.793
FD11177	144.000 	 23.229 	 306.947
FD11177	144.125 	 23.281 	 306.872
FD11177	144.250 	 23.322 	 306.803
FD11177	144.375 	 23.367 	 306.900
FD11177	144.500 	 23.408 	 306.817
FD11177	144.625 	 23.451 	 306.843
FD11177	144.750 	 23.488 	 306.892
FD11177	144.875 	 23.533 	 306.799
FD11177	145.000 	 23.570 	 306.820
FD11177	145.125 	 23.612 	 306.776
FD11177	145.250 	 23.652 	 306.727
FD11177	145.375 	 23.696 	 306.713
FD11177	145.500 	 23.733 	 306.708
FD11177	145.625 	 23.781 	 306.710
FD11177	145.750 	 23.823 	 306.782
FD11177	145.875 	 23.866 	 306.879
FD11177	146.000 	 23.913 	 306.861
FD11177	146.125 	 23.951 	 306.857
FD11177	146.250 	 23.993 	 306.829
FD11177	146.375 	 24.033 	 306.771
FD11177	146.500 	 24.075 	 306.678
FD11177	146.625 	 24.111 	 306.702
FD11177	146.750 	 24.155 	 306.796
FD11177	146.875 	 24.190 	 306.799
FD11177	147.000 	 24.227 	 306.881
FD11177	147.125 	 24.267 	 306.903
FD11177	147.250 	 24.303 	 306.787
FD11177	147.375 	 24.338 	 306.713
FD11177	147.500 	 24.372 	 306.730
FD11177	147.625 	 24.403 	 306.738
FD11177	147.750 	 24.431 	 306.700
FD11177	147.875 	 24.453 	 306.738
FD11177	148.000 	 24.480 	 306.738
FD11177	148.125 	 24.497 	 306.659
FD11177	148.250 	 24.520 	 306.647
FD11177	148.375 	 24.537 	 306.613
FD11177	148.500 	 24.554 	 306.596
FD11177	148.625 	 24.566 	 306.619
FD11177	148.750 	 24.583 	 306.625
FD11177	148.875 	 24.590 	 306.615
FD11177	149.000 	 24.604 	 306.653
FD11177	149.125 	 24.616 	 306.721
FD11177	149.250 	 24.622 	 306.723
FD11177	149.375 	 24.629 	 306.638
FD11177	149.500 	 24.633 	 306.633
FD11177	149.625 	 24.639 	 306.682
FD11177	149.750 	 24.642 	 306.563
FD11177	149.875 	 24.647 	 306.511
FD11177	150.000 	 24.647 	 306.648
FD11177	150.125 	 24.653 	 306.664
FD11177	150.250 	 24.658 	 306.571
FD11177	150.375 	 24.664 	 306.575
FD11177	150.500 	 24.672 	 306.556
FD11177	150.625 	 24.679 	 306.513
FD11177	150.750 	 24.687 	 306.509
FD11177	150.875 	 24.694 	 306.453
FD11177	151.000 	 24.705 	 306.398
FD11177	151.125 	 24.715 	 306.376
FD11177	151.250 	 24.732 	 306.293
FD11177	151.375 	 24.744 	 306.266
FD11177	151.500 	 24.757 	 306.371
FD11177	151.625 	 24.769 	 306.408
FD11177	151.750 	 24.785 	 306.443
FD11177	151.875 	 24.796 	 306.382
FD11177	152.000 	 24.809 	 306.166
FD11177	152.125 	 24.821 	 306.163
FD11177	152.250 	 24.829 	 306.296
FD11177	152.375 	 24.839 	 306.318
FD11177	152.500 	 24.846 	 306.279
FD11177	152.625 	 24.856 	 306.214
FD11177	152.750 	 24.862 	 306.152
FD11177	152.875 	 24.871 	 306.122
FD11177	153.000 	 24.878 	 306.159
FD11177	153.125 	 24.886 	 306.225
FD11177	153.250 	 24.890 	 306.175
FD11177	153.375 	 24.894 	 306.128
FD11177	153.500 	 24.897 	 306.144
FD11177	153.625 	 24.904 	 306.294
FD11177	153.750 	 24.907 	 306.349
FD11177	153.875 	 24.915 	 306.271
FD11177	154.000 	 24.929 	 306.238
FD11177	154.125 	 24.940 	 306.161
FD11177	154.250 	 24.953 	 306.107
FD11177	154.375 	 24.972 	 306.077
FD11177	154.500 	 24.989 	 306.038
FD11177	154.625 	 25.008 	 305.966
FD11177	154.750 	 25.025 	 305.878
FD11177	154.875 	 25.042 	 305.824
FD11177	155.000 	 25.064 	 305.939
FD11177	155.125 	 25.078 	 306.117
FD11177	155.250 	 25.096 	 306.111
FD11177	155.375 	 25.116 	 306.121
FD11177	155.500 	 25.130 	 306.273
FD11177	155.625 	 25.148 	 306.438
FD11177	155.750 	 25.157 	 306.529
FD11177	155.875 	 25.177 	 306.590
FD11177	156.000 	 25.186 	 306.711
FD11177	156.125 	 25.195 	 306.693
FD11177	156.250 	 25.207 	 306.580
FD11177	156.375 	 25.221 	 306.509
FD11177	156.500 	 25.232 	 306.484
FD11177	156.625 	 25.243 	 306.497
FD11177	156.750 	 25.255 	 306.415
FD11177	156.875 	 25.265 	 306.296
FD11177	157.000 	 25.282 	 306.296
FD11177	157.125 	 25.294 	 306.290
FD11177	157.250 	 25.312 	 306.164
FD11177	157.375 	 25.325 	 306.192
FD11177	157.500 	 25.346 	 306.252
FD11177	157.625 	 25.363 	 306.185
FD11177	157.750 	 25.388 	 306.274
FD11177	157.875 	 25.407 	 306.305
FD11177	158.000 	 25.433 	 306.216
FD11177	158.125 	 25.459 	 306.307
FD11177	158.250 	 25.480 	 306.285
FD11177	158.375 	 25.505 	 306.145
FD11177	158.500 	 25.531 	 306.299
FD11177	158.625 	 25.554 	 306.409
FD11177	158.750 	 25.570 	 306.355
FD11177	158.875 	 25.592 	 306.334
FD11177	159.000 	 25.605 	 306.329
FD11177	159.125 	 25.622 	 306.387
FD11177	159.250 	 25.631 	 306.480
FD11177	159.375 	 25.636 	 306.548
FD11177	159.500 	 25.646 	 306.561
FD11177	159.625 	 25.642 	 306.644
FD11177	159.750 	 25.649 	 306.716
FD11177	159.875 	 25.641 	 306.587
FD11177	160.000 	 25.635 	 306.638
FD11177	160.125 	 25.630 	 306.789
FD11177	160.250 	 25.623 	 306.764
FD11177	160.375 	 25.613 	 306.719
FD11177	160.500 	 25.607 	 306.621
FD11177	160.625 	 25.599 	 306.544
FD11177	160.750 	 25.597 	 306.581
FD11177	160.875 	 25.596 	 306.604
FD11177	161.000 	 25.597 	 306.527
FD11177	161.125 	 25.600 	 306.389
FD11177	161.250 	 25.603 	 306.335
FD11177	161.375 	 25.616 	 306.284
FD11177	161.500 	 25.620 	 306.170
FD11177	161.625 	 25.635 	 306.173
FD11177	161.750 	 25.643 	 306.211
FD11177	161.875 	 25.663 	 306.218
FD11177	162.000 	 25.683 	 306.401
FD11177	162.125 	 25.700 	 306.544
FD11177	162.250 	 25.723 	 306.614
FD11177	162.375 	 25.743 	 306.692
FD11177	162.500 	 25.766 	 306.742
FD11177	162.625 	 25.781 	 306.777
FD11177	162.750 	 25.801 	 306.754
FD11177	162.875 	 25.809 	 306.743
FD11177	163.000 	 25.827 	 306.733
FD11177	163.125 	 25.834 	 306.771
FD11177	163.250 	 25.834 	 306.821
FD11177	163.375 	 25.843 	 306.798
FD11177	163.500 	 25.837 	 306.771
FD11177	163.625 	 25.841 	 306.851
FD11177	163.750 	 25.831 	 306.867
FD11177	163.875 	 25.826 	 306.885
FD11177	164.000 	 25.819 	 307.020
FD11177	164.125 	 25.806 	 306.974
FD11177	164.250 	 25.791 	 306.793
FD11177	164.375 	 25.773 	 306.687
FD11177	164.500 	 25.753 	 306.604
FD11177	164.625 	 25.729 	 306.564
FD11177	164.750 	 25.702 	 306.456
FD11177	164.875 	 25.681 	 306.337
FD11177	165.000 	 25.652 	 306.513
FD11177	165.125 	 25.631 	 306.595
FD11177	165.250 	 25.611 	 306.415
FD11177	165.375 	 25.595 	 306.359
FD11177	165.500 	 25.575 	 306.277
FD11177	165.625 	 25.564 	 306.159
FD11177	165.750 	 25.553 	 306.159
FD11177	165.875 	 25.535 	 306.012
FD11177	166.000 	 25.521 	 305.953
FD11177	166.125 	 25.513 	 306.033
FD11177	166.250 	 25.505 	 305.967
FD11177	166.375 	 25.502 	 305.844
FD11177	166.500 	 25.502 	 305.901
FD11177	166.625 	 25.506 	 306.050
FD11177	166.750 	 25.511 	 306.081
FD11177	166.875 	 25.513 	 306.030
FD11177	167.000 	 25.524 	 305.892
FD11177	167.125 	 25.531 	 305.749
FD11177	167.250 	 25.537 	 305.821
FD11177	167.375 	 25.546 	 305.945
FD11177	167.500 	 25.553 	 305.927
FD11177	167.625 	 25.564 	 305.815
FD11177	167.750 	 25.576 	 305.745
FD11177	167.875 	 25.586 	 305.813
FD11177	168.000 	 25.605 	 305.823
FD11177	168.125 	 25.616 	 305.835
FD11177	168.250 	 25.631 	 305.998
FD11177	168.375 	 25.646 	 306.008
FD11177	168.500 	 25.661 	 305.875
FD11177	168.625 	 25.676 	 305.844
FD11177	168.750 	 25.691 	 305.951
FD11177	168.875 	 25.703 	 306.122
FD11177	169.000 	 25.722 	 306.130
FD11177	169.125 	 25.738 	 306.146
FD11177	169.250 	 25.751 	 306.182
FD11177	169.375 	 25.770 	 306.101
FD11177	169.500 	 25.781 	 306.039
FD11177	169.625 	 25.797 	 306.121
FD11177	169.750 	 25.805 	 306.197
FD11177	169.875 	 25.811 	 306.181
FD11177	170.000 	 25.821 	 306.191
FD11177	170.125 	 25.830 	 306.127
FD11177	170.250 	 25.833 	 306.030
FD11177	170.375 	 25.845 	 306.068
FD11177	170.500 	 25.847 	 306.128
FD11177	170.625 	 25.857 	 306.049
FD11177	170.750 	 25.868 	 306.032
FD11177	170.875 	 25.874 	 306.002
FD11177	171.000 	 25.885 	 305.865
FD11177	171.125 	 25.895 	 305.816
FD11177	171.250 	 25.898 	 305.722
FD11177	171.375 	 25.911 	 305.804
FD11177	171.500 	 25.917 	 305.930
FD11177	171.625 	 25.924 	 305.908
FD11177	171.750 	 25.934 	 305.981
FD11177	171.875 	 25.941 	 306.023
FD11177	172.000 	 25.949 	 305.977
FD11177	172.125 	 25.952 	 306.084
FD11177	172.250 	 25.955 	 306.190
FD11177	172.375 	 25.959 	 306.251
FD11177	172.500 	 25.956 	 306.395
FD11177	172.625 	 25.947 	 306.472
FD11177	172.750 	 25.940 	 306.407
FD11177	172.875 	 25.930 	 306.380
FD11177	173.000 	 25.915 	 306.377
FD11177	173.125 	 25.897 	 306.228
FD11177	173.250 	 25.875 	 306.194
FD11177	173.375 	 25.856 	 306.251
FD11177	173.500 	 25.836 	 306.193
FD11177	173.625 	 25.814 	 306.113
FD11177	173.750 	 25.801 	 306.066
FD11177	173.875 	 25.780 	 306.059
FD11177	174.000 	 25.769 	 306.043
FD11177	174.125 	 25.755 	 305.975
FD11177	174.250 	 25.744 	 305.854
FD11177	174.375 	 25.733 	 305.764
FD11177	174.500 	 25.729 	 305.735
FD11177	174.625 	 25.726 	 305.719
FD11177	174.750 	 25.726 	 305.688
FD11177	174.875 	 25.727 	 305.669
FD11177	175.000 	 25.731 	 305.730
FD11177	175.125 	 25.731 	 305.783
FD11177	175.250 	 25.737 	 305.864
FD11177	175.375 	 25.735 	 305.844
FD11177	175.500 	 25.740 	 305.682
FD11177	175.625 	 25.740 	 305.786
FD11177	175.750 	 25.738 	 305.988
FD11177	175.875 	 25.732 	 305.971
FD11177	176.000 	 25.730 	 305.972
FD11177	176.125 	 25.727 	 305.999
FD11177	176.250 	 25.726 	 305.879
FD11177	176.375 	 25.723 	 305.757
FD11177	176.500 	 25.720 	 305.730
FD11177	176.625 	 25.715 	 305.673
FD11177	176.750 	 25.711 	 305.717
FD11177	176.875 	 25.709 	 305.661
FD11177	177.000 	 25.706 	 305.459
FD11177	177.125 	 25.699 	 305.271
FD11177	177.250 	 25.698 	 305.321
FD11177	177.375 	 25.700 	 305.444
FD11177	177.500 	 25.699 	 305.433
FD11177	177.625 	 25.706 	 305.527
FD11177	177.750 	 25.714 	 305.692
FD11177	177.875 	 25.727 	 305.860
FD11177	178.000 	 25.741 	 305.831
FD11177	178.125 	 25.755 	 305.801
FD11177	178.250 	 25.767 	 305.884
FD11177	178.375 	 25.783 	 305.859
FD11177	178.500 	 25.792 	 305.822
FD11177	178.625 	 25.802 	 305.759
FD11177	178.750 	 25.810 	 305.663
FD11177	178.875 	 25.818 	 305.727
FD11177	179.000 	 25.824 	 305.804
FD11177	179.125 	 25.830 	 305.830
FD11177	179.250 	 25.839 	 305.873
FD11177	179.375 	 25.851 	 305.872
FD11177	179.500 	 25.860 	 305.930
FD11177	179.625 	 25.874 	 305.880
FD11177	179.750 	 25.890 	 305.728
FD11177	179.875 	 25.898 	 305.659
FD11177	180.000 	 25.914 	 305.549
FD11177	180.125 	 25.923 	 305.498
FD11177	180.250 	 25.936 	 305.556
FD11177	180.375 	 25.949 	 305.511
FD11177	180.500 	 25.962 	 305.390
FD11177	180.625 	 25.977 	 305.222
FD11177	180.750 	 25.988 	 305.287
FD11177	180.875 	 26.003 	 305.505
FD11177	181.000 	 26.021 	 305.532
FD11177	181.125 	 26.033 	 305.454
FD11177	181.250 	 26.048 	 305.298
FD11177	181.375 	 26.062 	 305.254
FD11177	181.500 	 26.076 	 305.297
FD11177	181.625 	 26.086 	 305.257
FD11177	181.750 	 26.097 	 305.197
FD11177	181.875 	 26.108 	 305.113
FD11177	182.000 	 26.119 	 304.870
FD11177	182.125 	 26.131 	 304.710
FD11177	182.250 	 26.145 	 304.746
FD11177	182.375 	 26.166 	 304.682
FD11177	182.500 	 26.181 	 304.624
FD11177	182.625 	 26.205 	 304.603
FD11177	182.750 	 26.230 	 304.464
FD11177	182.875 	 26.254 	 304.347
FD11177	183.000 	 26.277 	 304.433
FD11177	183.125 	 26.306 	 304.445
FD11177	183.250 	 26.325 	 304.379
FD11177	183.375 	 26.348 	 304.448
FD11177	183.500 	 26.364 	 304.492
FD11177	183.625 	 26.378 	 304.548
FD11177	183.750 	 26.388 	 304.681
FD11177	183.875 	 26.394 	 304.755
FD11177	184.000 	 26.396 	 304.672
FD11177	184.125 	 26.395 	 304.583
FD11177	184.250 	 26.392 	 304.543
FD11177	184.375 	 26.382 	 304.680
FD11177	184.500 	 26.370 	 304.716
FD11177	184.625 	 26.361 	 304.485
FD11177	184.750 	 26.350 	 304.474
FD11177	184.875 	 26.342 	 304.482
FD11177	185.000 	 26.335 	 304.354
FD11177	185.125 	 26.333 	 304.279
FD11177	185.250 	 26.330 	 304.133
FD11177	185.375 	 26.334 	 304.062
FD11177	185.500 	 26.339 	 304.021
FD11177	185.625 	 26.341 	 303.871
FD11177	185.750 	 26.353 	 303.795
FD11177	185.875 	 26.358 	 303.725
FD11177	186.000 	 26.371 	 303.702
FD11177	186.125 	 26.378 	 303.586
FD11177	186.250 	 26.384 	 303.474
FD11177	186.375 	 26.394 	 303.555
FD11177	186.500 	 26.399 	 303.681
FD11177	186.625 	 26.405 	 303.769
FD11177	186.750 	 26.399 	 303.814
FD11177	186.875 	 26.393 	 303.793
FD11177	187.000 	 26.381 	 303.645
FD11177	187.125 	 26.364 	 303.522
FD11177	187.250 	 26.347 	 303.499
FD11177	187.375 	 26.327 	 303.393
FD11177	187.500 	 26.306 	 303.301
FD11177	187.625 	 26.288 	 303.250
FD11177	187.750 	 26.277 	 303.252
FD11177	187.875 	 26.265 	 303.294
FD11177	188.000 	 26.255 	 303.184
FD11177	188.125 	 26.250 	 303.005
FD11177	188.250 	 26.245 	 302.837
FD11177	188.375 	 26.251 	 302.753
FD11177	188.500 	 26.255 	 302.753
FD11177	188.625 	 26.267 	 302.738
FD11177	188.750 	 26.284 	 302.688
FD11177	188.875 	 26.303 	 302.665
FD11177	189.000 	 26.328 	 302.672
FD11177	189.125 	 26.354 	 302.680
FD11177	189.250 	 26.385 	 302.678
FD11177	189.375 	 26.410 	 302.698
FD11177	189.500 	 26.434 	 302.774
FD11177	189.625 	 26.460 	 302.691
FD11177	189.750 	 26.484 	 302.645
FD11177	189.875 	 26.502 	 302.680
FD11177	190.000 	 26.517 	 302.638
FD11177	190.125 	 26.528 	 302.616
FD11177	190.250 	 26.535 	 302.517
FD11177	190.375 	 26.539 	 302.533
FD11177	190.500 	 26.544 	 302.504
FD11177	190.625 	 26.538 	 302.498
FD11177	190.750 	 26.527 	 302.571
FD11177	190.875 	 26.519 	 302.464
FD11177	191.000 	 26.501 	 302.173
FD11177	191.125 	 26.486 	 302.116
FD11177	191.250 	 26.465 	 302.213
FD11177	191.375 	 26.451 	 301.966
FD11177	191.500 	 26.433 	 301.953
FD11177	191.625 	 26.424 	 302.172
FD11177	191.750 	 26.420 	 302.191
FD11177	191.875 	 26.416 	 302.018
FD11177	192.000 	 26.422 	 301.827
FD11177	192.125 	 26.424 	 301.809
FD11177	192.250 	 26.430 	 301.703
FD11177	192.375 	 26.434 	 301.512
FD11177	192.500 	 26.442 	 301.381
FD11177	192.625 	 26.453 	 301.301
FD11177	192.750 	 26.463 	 301.363
FD11177	192.875 	 26.483 	 301.555
FD11177	193.000 	 26.500 	 301.733
FD11177	193.125 	 26.521 	 301.921
FD11177	193.250 	 26.540 	 302.185
FD11177	193.375 	 26.563 	 302.288
FD11177	193.500 	 26.574 	 302.179
FD11177	193.625 	 26.590 	 302.086
FD11177	193.750 	 26.592 	 302.009
FD11177	193.875 	 26.597 	 302.039
FD11177	194.000 	 26.597 	 302.111
FD11177	194.125 	 26.595 	 302.148
FD11177	194.250 	 26.591 	 302.181
FD11177	194.375 	 26.595 	 302.214
FD11177	194.500 	 26.596 	 302.351
FD11177	194.625 	 26.599 	 302.280
FD11177	194.750 	 26.600 	 302.094
FD11177	194.875 	 26.603 	 301.974
FD11177	195.000 	 26.608 	 301.835
FD11177	195.125 	 26.614 	 301.634
FD11177	195.250 	 26.618 	 301.614
FD11177	195.375 	 26.629 	 301.684
FD11177	195.500 	 26.644 	 301.471
FD11177	195.625 	 26.658 	 301.381
FD11177	195.750 	 26.676 	 301.495
FD11177	195.875 	 26.696 	 301.458
FD11177	196.000 	 26.713 	 301.328
FD11177	196.125 	 26.736 	 301.330
FD11177	196.250 	 26.753 	 301.468
FD11177	196.375 	 26.772 	 301.465
FD11177	196.500 	 26.793 	 301.442
FD11177	196.625 	 26.807 	 301.513
FD11177	196.750 	 26.829 	 301.490
FD11177	196.875 	 26.848 	 301.518
FD11177	197.000 	 26.864 	 301.592
FD11177	197.125 	 26.877 	 301.570
FD11177	197.250 	 26.884 	 301.449
FD11177	197.375 	 26.890 	 301.395
FD11177	197.500 	 26.891 	 301.424
FD11177	197.625 	 26.886 	 301.327
FD11177	197.750 	 26.887 	 301.324
FD11177	197.875 	 26.881 	 301.455
FD11177	198.000 	 26.877 	 301.600
FD11177	198.125 	 26.875 	 301.696
FD11177	198.250 	 26.869 	 301.719
FD11177	198.375 	 26.871 	 301.700
FD11177	198.500 	 26.866 	 301.596
FD11177	198.625 	 26.861 	 301.563
FD11177	198.750 	 26.855 	 301.572
FD11177	198.875 	 26.849 	 301.490
FD11177	199.000 	 26.840 	 301.506
FD11177	199.125 	 26.831 	 301.465
FD11177	199.250 	 26.822 	 301.331
FD11177	199.375 	 26.814 	 301.404
FD11177	199.500 	 26.806 	 301.400
FD11177	199.625 	 26.801 	 301.190
FD11177	199.750 	 26.794 	 301.245
FD11177	199.875 	 26.780 	 301.520
FD11177	200.000 	 26.776 	 301.459
FD11177	200.125 	 26.758 	 301.310
FD11177	200.250 	 26.743 	 301.374
FD11177	200.375 	 26.728 	 301.335
FD11177	200.500 	 26.704 	 301.319
FD11177	200.625 	 26.685 	 301.293
FD11177	200.750 	 26.660 	 301.194
FD11177	200.875 	 26.637 	 301.178
FD11177	201.000 	 26.619 	 301.195
FD11177	201.125 	 26.594 	 301.114
FD11177	201.250 	 26.581 	 300.924
FD11177	201.375 	 26.566 	 300.904
FD11177	201.500 	 26.555 	 300.961
FD11177	201.625 	 26.549 	 300.855
FD11177	201.750 	 26.548 	 300.598
FD11177	201.875 	 26.550 	 300.566
FD11177	202.000 	 26.553 	 300.671
FD11177	202.125 	 26.564 	 300.543
FD11177	202.250 	 26.573 	 300.366
FD11177	202.375 	 26.587 	 300.212
FD11177	202.500 	 26.605 	 300.261
FD11177	202.625 	 26.617 	 300.429
FD11177	202.750 	 26.633 	 300.430
FD11177	202.875 	 26.646 	 300.449
FD11177	203.000 	 26.660 	 300.557
FD11177	203.125 	 26.674 	 300.465
FD11177	203.250 	 26.683 	 300.416
FD11177	203.375 	 26.692 	 300.586
FD11177	203.500 	 26.701 	 300.756
FD11177	203.625 	 26.699 	 300.801
FD11177	203.750 	 26.702 	 300.700
FD11177	203.875 	 26.700 	 300.613
FD11177	204.000 	 26.700 	 300.549
FD11177	204.125 	 26.695 	 300.479
FD11177	204.250 	 26.694 	 300.451
FD11177	204.375 	 26.693 	 300.345
FD11177	204.500 	 26.692 	 300.188
FD11177	204.625 	 26.698 	 300.092
FD11177	204.750 	 26.700 	 299.981
FD11177	204.875 	 26.709 	 299.874
FD11177	205.000 	 26.719 	 299.770
FD11177	205.125 	 26.729 	 299.743
FD11177	205.250 	 26.745 	 299.698
FD11177	205.375 	 26.756 	 299.622
FD11177	205.500 	 26.769 	 299.589
FD11177	205.625 	 26.784 	 299.608
FD11177	205.750 	 26.797 	 299.718
FD11177	205.875 	 26.814 	 299.703
FD11177	206.000 	 26.827 	 299.580
FD11177	206.125 	 26.834 	 299.697
FD11177	206.250 	 26.838 	 299.826
FD11177	206.375 	 26.845 	 299.980
FD11177	206.500 	 26.848 	 300.148
FD11177	206.625 	 26.847 	 300.098
FD11177	206.750 	 26.844 	 300.062
FD11177	206.875 	 26.837 	 300.062
FD11177	207.000 	 26.833 	 299.980
FD11177	207.125 	 26.829 	 299.904
FD11177	207.250 	 26.825 	 299.785
FD11177	207.375 	 26.820 	 299.636
FD11177	207.500 	 26.818 	 299.728
FD11177	207.625 	 26.818 	 299.798
FD11177	207.750 	 26.821 	 299.622
FD11177	207.875 	 26.826 	 299.583
FD11177	208.000 	 26.832 	 299.555
FD11177	208.125 	 26.838 	 299.400
FD11177	208.250 	 26.853 	 299.416
FD11177	208.375 	 26.857 	 299.526
FD11177	208.500 	 26.871 	 299.684
FD11177	208.625 	 26.878 	 299.793
FD11177	208.750 	 26.883 	 299.847
FD11177	208.875 	 26.891 	 299.912
FD11177	209.000 	 26.893 	 299.968
FD11177	209.125 	 26.896 	 300.095
FD11177	209.250 	 26.898 	 300.251
FD11177	209.375 	 26.898 	 300.389
FD11177	209.500 	 26.900 	 300.471
FD11177	209.625 	 26.899 	 300.441
FD11177	209.750 	 26.903 	 300.330
FD11177	209.875 	 26.902 	 300.231
FD11177	210.000 	 26.906 	 300.182
FD11177	210.125 	 26.911 	 300.139
FD11177	210.250 	 26.918 	 299.989
FD11177	210.375 	 26.924 	 299.798
FD11177	210.500 	 26.932 	 299.731
FD11177	210.625 	 26.950 	 299.781
FD11177	210.750 	 26.961 	 299.852
FD11177	210.875 	 26.984 	 299.947
FD11177	211.000 	 27.006 	 300.089
FD11177	211.125 	 27.032 	 300.212
FD11177	211.250 	 27.064 	 300.409
FD11177	211.375 	 27.094 	 300.478
FD11177	211.500 	 27.128 	 300.437
FD11177	211.625 	 27.158 	 300.503
FD11177	211.750 	 27.188 	 300.497
FD11177	211.875 	 27.218 	 300.528
FD11177	212.000 	 27.247 	 300.546
FD11177	212.125 	 27.275 	 300.478
FD11177	212.250 	 27.297 	 300.514
FD11177	212.375 	 27.322 	 300.565
FD11177	212.500 	 27.342 	 300.627
FD11177	212.625 	 27.364 	 300.747
FD11177	212.750 	 27.376 	 300.793
FD11177	212.875 	 27.395 	 300.847
FD11177	213.000 	 27.402 	 300.869
FD11177	213.125 	 27.413 	 300.951
FD11177	213.250 	 27.420 	 301.177
FD11177	213.375 	 27.425 	 301.202
FD11177	213.500 	 27.430 	 301.030
FD11177	213.625 	 27.433 	 300.909
FD11177	213.750 	 27.434 	 300.863
FD11177	213.875 	 27.441 	 300.884
FD11177	214.000 	 27.440 	 300.805
FD11177	214.125 	 27.439 	 300.614
FD11177	214.250 	 27.442 	 300.530
FD11177	214.375 	 27.444 	 300.457
FD11177	214.500 	 27.447 	 300.395
FD11177	214.625 	 27.449 	 300.383
FD11177	214.750 	 27.458 	 300.338
FD11177	214.875 	 27.462 	 300.354
FD11177	215.000 	 27.469 	 300.483
FD11177	215.125 	 27.467 	 300.455
FD11177	215.250 	 27.472 	 300.486
FD11177	215.375 	 27.467 	 300.523
FD11177	215.500 	 27.466 	 300.439
FD11177	215.625 	 27.453 	 300.495
FD11177	215.750 	 27.446 	 300.497
FD11177	215.875 	 27.438 	 300.545
FD11177	216.000 	 27.429 	 300.588
FD11177	216.125 	 27.418 	 300.513
FD11177	216.250 	 27.414 	 300.473
FD11177	216.375 	 27.405 	 300.359
FD11177	216.500 	 27.405 	 300.290
FD11177	216.625 	 27.395 	 300.344
FD11177	216.750 	 27.396 	 300.179
FD11177	216.875 	 27.397 	 300.005
FD11177	217.000 	 27.398 	 300.032
FD11177	217.125 	 27.403 	 299.996
FD11177	217.250 	 27.413 	 299.984
FD11177	217.375 	 27.423 	 300.012
FD11177	217.500 	 27.438 	 299.951
FD11177	217.625 	 27.448 	 300.001
FD11177	217.750 	 27.463 	 300.116
FD11177	217.875 	 27.480 	 300.087
FD11177	218.000 	 27.487 	 299.926
FD11177	218.125 	 27.500 	 299.939
FD11177	218.250 	 27.508 	 300.124
FD11177	218.375 	 27.515 	 300.200
FD11177	218.500 	 27.515 	 300.228
FD11177	218.625 	 27.518 	 300.240
FD11177	218.750 	 27.518 	 300.189
FD11177	218.875 	 27.517 	 300.146
FD11177	219.000 	 27.509 	 300.151
FD11177	219.125 	 27.505 	 300.162
FD11177	219.250 	 27.497 	 300.246
FD11177	219.375 	 27.492 	 300.323
FD11177	219.500 	 27.488 	 300.276
FD11177	219.625 	 27.481 	 300.223
FD11177	219.750 	 27.480 	 300.208
FD11177	219.875 	 27.476 	 300.167
FD11177	220.000 	 27.477 	 300.206
FD11177	220.125 	 27.478 	 300.233
FD11177	220.250 	 27.481 	 300.170
FD11177	220.375 	 27.488 	 300.190
FD11177	220.500 	 27.499 	 300.244
FD11177	220.625 	 27.503 	 300.174
FD11177	220.750 	 27.517 	 300.020
FD11177	220.875 	 27.529 	 300.046
FD11177	221.000 	 27.541 	 300.044
FD11177	221.125 	 27.555 	 299.992
FD11177	221.250 	 27.573 	 300.154
FD11177	221.375 	 27.586 	 300.240
FD11177	221.500 	 27.609 	 300.156
FD11177	221.625 	 27.627 	 300.168
FD11177	221.750 	 27.647 	 300.334
FD11177	221.875 	 27.670 	 300.330
FD11177	222.000 	 27.690 	 300.204
FD11177	222.125 	 27.714 	 300.225
FD11177	222.250 	 27.733 	 300.237
FD11177	222.375 	 27.752 	 300.265
FD11177	222.500 	 27.772 	 300.285
FD11177	222.625 	 27.789 	 300.333
FD11177	222.750 	 27.799 	 300.362
FD11177	222.875 	 27.816 	 300.280
FD11177	223.000 	 27.823 	 300.381
FD11177	223.125 	 27.836 	 300.504
FD11177	223.250 	 27.844 	 300.507
FD11177	223.375 	 27.854 	 300.526
FD11177	223.500 	 27.863 	 300.515
FD11177	223.625 	 27.868 	 300.578
FD11177	223.750 	 27.871 	 300.643
FD11177	223.875 	 27.876 	 300.472
FD11177	224.000 	 27.871 	 300.216
FD11177	224.125 	 27.868 	 300.097
FD11177	224.250 	 27.866 	 300.087
FD11177	224.375 	 27.865 	 300.049
FD11177	224.500 	 27.864 	 300.014
FD11177	224.625 	 27.865 	 300.175
FD11177	224.750 	 27.868 	 300.276
FD11177	224.875 	 27.871 	 300.125
FD11177	225.000 	 27.880 	 300.097
FD11177	225.125 	 27.885 	 300.048
FD11177	225.250 	 27.894 	 299.773
FD11177	225.375 	 27.897 	 299.817
FD11177	225.500 	 27.902 	 300.003
FD11177	225.625 	 27.909 	 299.990
FD11177	225.750 	 27.912 	 300.002
FD11177	225.875 	 27.917 	 300.081
FD11177	226.000 	 27.924 	 300.179
FD11177	226.125 	 27.929 	 300.127
FD11177	226.250 	 27.937 	 300.072
FD11177	226.375 	 27.941 	 300.149
FD11177	226.500 	 27.945 	 300.150
FD11177	226.625 	 27.951 	 300.228
FD11177	226.750 	 27.949 	 300.283
FD11177	226.875 	 27.952 	 300.128
FD11177	227.000 	 27.948 	 300.021
FD11177	227.125 	 27.950 	 300.178
FD11177	227.250 	 27.946 	 300.205
FD11177	227.375 	 27.941 	 299.930
FD11177	227.500 	 27.939 	 299.967
FD11177	227.625 	 27.930 	 300.180
FD11177	227.750 	 27.925 	 300.184
FD11177	227.875 	 27.921 	 300.069
FD11177	228.000 	 27.914 	 299.899
FD11177	228.125 	 27.911 	 299.853
FD11177	228.250 	 27.903 	 299.956
FD11177	228.375 	 27.900 	 300.023
FD11177	228.500 	 27.899 	 299.921
FD11177	228.625 	 27.897 	 299.846
FD11177	228.750 	 27.897 	 299.869
FD11177	228.875 	 27.903 	 299.782
FD11177	229.000 	 27.902 	 299.748
FD11177	229.125 	 27.908 	 299.798
FD11177	229.250 	 27.913 	 299.720
FD11177	229.375 	 27.917 	 299.663
FD11177	229.500 	 27.924 	 299.800
FD11177	229.625 	 27.930 	 299.859
FD11177	229.750 	 27.937 	 299.681
FD11177	229.875 	 27.944 	 299.659
FD11177	230.000 	 27.953 	 299.862
FD11177	230.125 	 27.960 	 299.839
FD11177	230.250 	 27.971 	 299.701
FD11177	230.375 	 27.983 	 299.767
FD11177	230.500 	 27.989 	 299.769
FD11177	230.625 	 28.000 	 299.703
FD11177	230.750 	 28.006 	 299.744
FD11177	230.875 	 28.016 	 299.688
FD11177	231.000 	 28.021 	 299.606
FD11177	231.125 	 28.029 	 299.687
FD11177	231.250 	 28.034 	 299.578
FD11177	231.375 	 28.043 	 299.535
FD11177	231.500 	 28.048 	 299.746
FD11177	231.625 	 28.060 	 299.645
FD11177	231.750 	 28.071 	 299.445
FD11177	231.875 	 28.080 	 299.575
FD11177	232.000 	 28.092 	 299.723
FD11177	232.125 	 28.104 	 299.596
FD11177	232.250 	 28.111 	 299.608
FD11177	232.375 	 28.121 	 299.686
FD11177	232.500 	 28.131 	 299.547
FD11177	232.625 	 28.140 	 299.516
FD11177	232.750 	 28.155 	 299.575
FD11177	232.875 	 28.159 	 299.615
FD11177	233.000 	 28.173 	 299.722
FD11177	233.125 	 28.180 	 299.779
FD11177	233.250 	 28.191 	 299.657
FD11177	233.375 	 28.199 	 299.578
FD11177	233.500 	 28.210 	 299.496
FD11177	233.625 	 28.220 	 299.404
FD11177	233.750 	 28.228 	 299.625
FD11177	233.875 	 28.238 	 299.879
FD11177	234.000 	 28.246 	 299.919
FD11177	234.125 	 28.261 	 299.782
FD11177	234.250 	 28.268 	 299.692
FD11177	234.375 	 28.275 	 299.776
FD11177	234.500 	 28.288 	 299.699
FD11177	234.625 	 28.291 	 299.566
FD11177	234.750 	 28.295 	 299.645
FD11177	234.875 	 28.298 	 299.628
FD11177	235.000 	 28.300 	 299.600
FD11177	235.125 	 28.301 	 299.781
FD11177	235.250 	 28.308 	 299.951
FD11177	235.375 	 28.311 	 299.927
FD11177	235.500 	 28.316 	 299.821
FD11177	235.625 	 28.322 	 299.812
FD11177	235.750 	 28.329 	 299.750
FD11177	235.875 	 28.330 	 299.795
FD11177	236.000 	 28.333 	 299.923
FD11177	236.125 	 28.337 	 299.735
FD11177	236.250 	 28.340 	 299.532
FD11177	236.375 	 28.342 	 299.533
FD11177	236.500 	 28.344 	 299.496
FD11177	236.625 	 28.348 	 299.491
FD11177	236.750 	 28.355 	 299.617
FD11177	236.875 	 28.361 	 299.694
FD11177	237.000 	 28.372 	 299.777
FD11177	237.125 	 28.382 	 299.785
FD11177	237.250 	 28.390 	 299.668
FD11177	237.375 	 28.399 	 299.745
FD11177	237.500 	 28.409 	 299.862
FD11177	237.625 	 28.408 	 299.829
FD11177	237.750 	 28.415 	 299.850
FD11177	237.875 	 28.415 	 299.858
FD11177	238.000 	 28.417 	 299.814
FD11177	238.125 	 28.418 	 299.863
FD11177	238.250 	 28.423 	 300.031
FD11177	238.375 	 28.422 	 300.019
FD11177	238.500 	 28.428 	 299.951
FD11177	238.625 	 28.431 	 300.100
FD11177	238.750 	 28.434 	 300.100
FD11177	238.875 	 28.439 	 299.894
FD11177	239.000 	 28.439 	 299.810
FD11177	239.125 	 28.444 	 299.943
FD11177	239.250 	 28.451 	 299.856
FD11177	239.375 	 28.452 	 299.636
FD11177	239.500 	 28.459 	 299.727
FD11177	239.625 	 28.468 	 299.881
FD11177	239.750 	 28.475 	 299.808
FD11177	239.875 	 28.481 	 299.774
FD11177	240.000 	 28.494 	 299.815
FD11177	240.125 	 28.502 	 299.692
FD11177	240.250 	 28.513 	 299.605
FD11177	240.375 	 28.518 	 299.620
FD11177	240.500 	 28.525 	 299.504
FD11177	240.625 	 28.534 	 299.459
FD11177	240.750 	 28.542 	 299.591
FD11177	240.875 	 28.551 	 299.685
FD11177	241.000 	 28.563 	 299.795
FD11177	241.125 	 28.572 	 299.901
FD11177	241.250 	 28.581 	 299.944
FD11177	241.375 	 28.590 	 299.945
FD11177	241.500 	 28.598 	 299.886
FD11177	241.625 	 28.607 	 299.913
FD11177	241.750 	 28.616 	 299.989
FD11177	241.875 	 28.624 	 300.000
FD11177	242.000 	 28.634 	 300.036
FD11177	242.125 	 28.646 	 299.983
FD11177	242.250 	 28.656 	 299.965
FD11177	242.375 	 28.672 	 300.057
FD11177	242.500 	 28.683 	 300.021
FD11177	242.625 	 28.697 	 299.846
FD11177	242.750 	 28.709 	 299.756
FD11177	242.875 	 28.719 	 299.827
FD11177	243.000 	 28.725 	 299.847
FD11177	243.125 	 28.732 	 299.855
FD11177	243.250 	 28.730 	 299.895
FD11177	243.375 	 28.734 	 299.781
FD11177	243.500 	 28.729 	 299.825
FD11177	243.625 	 28.730 	 299.992
FD11177	243.750 	 28.725 	 299.994
FD11177	243.875 	 28.723 	 299.963
FD11177	244.000 	 28.719 	 300.011
FD11177	244.125 	 28.714 	 300.034
FD11177	244.250 	 28.710 	 299.930
FD11177	244.375 	 28.709 	 299.806
FD11177	244.500 	 28.702 	 299.752
FD11177	244.625 	 28.697 	 299.649
FD11177	244.750 	 28.692 	 299.589
FD11177	244.875 	 28.685 	 299.456
FD11177	245.000 	 28.681 	 299.378
FD11177	245.125 	 28.676 	 299.443
FD11177	245.250 	 28.674 	 299.379
FD11177	245.375 	 28.672 	 299.364
FD11177	245.500 	 28.677 	 299.413
FD11177	245.625 	 28.680 	 299.463
FD11177	245.750 	 28.688 	 299.482
FD11177	245.875 	 28.695 	 299.485
FD11177	246.000 	 28.699 	 299.484
FD11177	246.125 	 28.706 	 299.396
FD11177	246.250 	 28.708 	 299.304
FD11177	246.375 	 28.713 	 299.243
FD11177	246.500 	 28.717 	 299.172
FD11177	246.625 	 28.715 	 299.191
FD11177	246.750 	 28.720 	 299.310
FD11177	246.875 	 28.720 	 299.344
FD11177	247.000 	 28.715 	 299.303
FD11177	247.125 	 28.717 	 299.265
FD11177	247.250 	 28.713 	 299.182
FD11177	247.375 	 28.710 	 299.260
FD11177	247.500 	 28.706 	 299.404
FD11177	247.625 	 28.704 	 299.435
FD11177	247.750 	 28.697 	 299.465
FD11177	247.875 	 28.695 	 299.522
FD11177	248.000 	 28.695 	 299.535
FD11177	248.125 	 28.698 	 299.439
FD11177	248.250 	 28.696 	 299.312
FD11177	248.375 	 28.699 	 299.359
FD11177	248.500 	 28.705 	 299.459
FD11177	248.625 	 28.709 	 299.337
FD11177	248.750 	 28.719 	 299.245
FD11177	248.875 	 28.728 	 299.275
FD11177	249.000 	 28.740 	 299.313
FD11177	249.125 	 28.755 	 299.390
FD11177	249.250 	 28.774 	 299.398
FD11177	249.375 	 28.786 	 299.257
FD11177	249.500 	 28.808 	 299.245
FD11177	249.625 	 28.826 	 299.314
FD11177	249.750 	 28.840 	 299.257
FD11177	249.875 	 28.857 	 299.335
FD11177	250.000 	 28.875 	 299.540
FD11177	250.125 	 28.888 	 299.476
FD11177	250.250 	 28.906 	 299.284
FD11177	250.375 	 28.919 	 299.365
FD11177	250.500 	 28.936 	 299.493
FD11177	250.625 	 28.952 	 299.497
FD11177	250.750 	 28.961 	 299.518
FD11177	250.875 	 28.977 	 299.477
FD11177	251.000 	 28.986 	 299.382
FD11177	251.125 	 29.000 	 299.500
FD11177	251.250 	 29.014 	 299.589
FD11177	251.375 	 29.029 	 299.409
FD11177	251.500 	 29.041 	 299.351
FD11177	251.625 	 29.056 	 299.568
FD11177	251.750 	 29.070 	 299.798
FD11177	251.875 	 29.083 	 299.699
FD11177	252.000 	 29.096 	 299.550
FD11177	252.125 	 29.102 	 299.760
FD11177	252.250 	 29.113 	 299.759
FD11177	252.375 	 29.117 	 299.604
FD11177	252.500 	 29.126 	 299.683
FD11177	252.625 	 29.131 	 299.747
FD11177	252.750 	 29.136 	 299.646
FD11177	252.875 	 29.133 	 299.591
FD11177	253.000 	 29.139 	 299.629
FD11177	253.125 	 29.137 	 299.562
FD11177	253.250 	 29.131 	 299.413
FD11177	253.375 	 29.129 	 299.221
FD11177	253.500 	 29.126 	 299.135
FD11177	253.625 	 29.120 	 299.225
FD11177	253.750 	 29.120 	 299.221
FD11177	253.875 	 29.115 	 299.111
FD11177	254.000 	 29.117 	 299.155
FD11177	254.125 	 29.115 	 299.206
FD11177	254.250 	 29.116 	 299.020
FD11177	254.375 	 29.120 	 298.893
FD11177	254.500 	 29.119 	 299.029
FD11177	254.625 	 29.119 	 299.029
FD11177	254.750 	 29.122 	 298.963
FD11177	254.875 	 29.126 	 299.053
FD11177	255.000 	 29.129 	 299.089
FD11177	255.125 	 29.131 	 299.178
FD11177	255.250 	 29.137 	 299.298
FD11177	255.375 	 29.134 	 299.177
FD11177	255.500 	 29.139 	 299.089
FD11177	255.625 	 29.139 	 299.221
FD11177	255.750 	 29.140 	 299.232
FD11177	255.875 	 29.142 	 299.069
FD11177	256.000 	 29.137 	 299.071
FD11177	256.125 	 29.138 	 299.272
FD11177	256.250 	 29.131 	 299.273
FD11177	256.375 	 29.127 	 299.088
FD11177	256.500 	 29.123 	 298.921
FD11177	256.625 	 29.108 	 298.895
FD11177	256.750 	 29.104 	 299.069
FD11177	256.875 	 29.089 	 299.080
FD11177	257.000 	 29.081 	 298.905
FD11177	257.125 	 29.070 	 299.067
FD11177	257.250 	 29.059 	 299.271
FD11177	257.375 	 29.048 	 299.120
FD11177	257.500 	 29.042 	 299.000
FD11177	257.625 	 29.032 	 298.956
FD11177	257.750 	 29.015 	 298.800
FD11177	257.875 	 29.000 	 298.864
FD11177	258.000 	 28.984 	 298.901
FD11177	258.125 	 28.970 	 298.680
FD11177	258.250 	 28.957 	 298.738
FD11177	258.375 	 28.944 	 298.949
FD11177	258.500 	 28.936 	 298.864
FD11177	258.625 	 28.926 	 298.798
FD11177	258.750 	 28.922 	 298.923
FD11177	258.875 	 28.914 	 298.838
FD11177	259.000 	 28.913 	 298.704
FD11177	259.125 	 28.912 	 298.775
FD11177	259.250 	 28.909 	 298.935
FD11177	259.375 	 28.909 	 298.978
FD11177	259.500 	 28.904 	 299.038
FD11177	259.625 	 28.908 	 299.033
FD11177	259.750 	 28.910 	 298.968
FD11177	259.875 	 28.911 	 299.086
FD11177	260.000 	 28.916 	 299.063
FD11177	260.125 	 28.921 	 299.037
FD11177	260.250 	 28.920 	 299.132
FD11177	260.375 	 28.923 	 299.075
FD11177	260.500 	 28.923 	 299.075
FD11177	260.625 	 28.918 	 299.069
FD11177	260.750 	 28.921 	 298.846
FD11177	260.875 	 28.915 	 298.833
FD11177	261.000 	 28.913 	 299.071
FD11177	261.125 	 28.911 	 299.083
FD11177	261.250 	 28.906 	 298.931
FD11177	261.375 	 28.900 	 298.844
FD11177	261.500 	 28.893 	 298.849
FD11177	261.625 	 28.886 	 298.804
FD11177	261.750 	 28.880 	 298.725
FD11177	261.875 	 28.874 	 298.777
FD11177	262.000 	 28.877 	 298.862
FD11177	262.125 	 28.873 	 298.710
FD11177	262.250 	 28.874 	 298.518
FD11177	262.375 	 28.879 	 298.421
FD11177	262.500 	 28.885 	 298.286
FD11177	262.625 	 28.897 	 298.279
FD11177	262.750 	 28.916 	 298.301
FD11177	262.875 	 28.933 	 298.465
FD11177	263.000 	 28.955 	 298.617
FD11177	263.125 	 28.979 	 298.682
FD11177	263.250 	 28.997 	 298.588
FD11177	263.375 	 29.019 	 298.572
FD11177	263.500 	 29.049 	 298.740
FD11177	263.625 	 29.072 	 298.748
FD11177	263.750 	 29.093 	 298.897
FD11177	263.875 	 29.120 	 299.065
FD11177	264.000 	 29.136 	 299.076
FD11177	264.125 	 29.156 	 299.079
FD11177	264.250 	 29.171 	 299.081
FD11177	264.375 	 29.191 	 299.080
FD11177	264.500 	 29.202 	 299.082
FD11177	264.625 	 29.216 	 299.081
FD11177	264.750 	 29.223 	 299.081
FD11177	264.875 	 29.223 	 299.080
FD11177	265.000 	 29.223 	 299.081
FD11177	265.125 	 29.226 	 299.080
FD11177	265.250 	 29.220 	 299.084
FD11177	265.375 	 29.226 	 299.080
FD11177	265.500 	 29.226 	 299.080
FD11177	265.625 	 29.220 	 299.084
FD11177	265.750 	 29.226 	 299.080
FD11177	265.875 	 29.225 	 299.077
FD11177	266.000 	 29.220 	 299.084
FD11177	266.125 	 29.226 	 299.080
FD11177	266.250 	 29.226 	 299.080
FD11177	266.375 	 29.223 	 299.084
FD11177	266.500 	 29.223 	 299.080
FD11177	266.625 	 29.225 	 299.077
FD11177	266.750 	 29.223 	 299.084
FD11177	266.875 	 29.223 	 299.080
FD11177	267.000 	 29.226 	 299.080
FD11177	267.125 	 29.223 	 299.084
FD11177	267.250 	 29.223 	 299.080
FD11177	267.375 	 29.225 	 299.077
FD11177	267.500 	 29.223 	 299.084
FD11177	267.625 	 29.226 	 299.080
FD11177	267.750 	 29.223 	 299.080
FD11177	267.875 	 29.223 	 299.084
FD11177	268.000 	 29.226 	 299.080
FD11177	268.125 	 29.222 	 299.077
FD11177	268.250 	 29.223 	 299.084
FD11177	268.375 	 29.226 	 299.080
FD11177	268.500 	 29.223 	 299.080
FD11177	268.625 	 29.223 	 299.084
FD11177	268.750 	 29.226 	 299.080
FD11177	268.875 	 29.222 	 299.077
FD11177	269.000 	 29.223 	 299.084
FD11177	269.125 	 29.226 	 299.080
FD11177	269.250 	 29.226 	 299.080
FD11177	269.375 	 29.220 	 299.084
FD11177	269.500 	 29.226 	 299.080
FD11177	269.625 	 29.226 	 299.080
FD11177	269.750 	 29.219 	 299.081
FD11177	269.875 	 29.226 	 299.080
FD11177	270.000 	 29.226 	 299.080
FD11177	270.125 	 29.220 	 299.084
FD11177	270.250 	 29.226 	 299.080
FD11177	270.375 	 29.226 	 299.080
FD11177	270.500 	 29.223 	 299.081
FD11177	270.625 	 29.223 	 299.080
FD11177	270.750 	 29.226 	 299.080
FD11177	270.875 	 29.223 	 299.084
FD11177	271.000 	 29.223 	 299.080
FD11177	271.125 	 29.226 	 299.080
FD11177	271.250 	 29.223 	 299.081
FD11177	271.375 	 29.223 	 299.080
FD11177	271.500 	 29.226 	 299.080
FD11177	271.625 	 29.223 	 299.084
FD11177	271.750 	 29.226 	 299.080
FD11177	271.875 	 29.223 	 299.080
FD11177	272.000 	 29.223 	 299.081
FD11177	272.125 	 29.226 	 299.080
FD11177	272.250 	 29.223 	 299.080
FD11177	272.375 	 29.223 	 299.084
FD11177	272.500 	 29.226 	 299.080
FD11177	272.625 	 29.223 	 299.080
FD11177	272.750 	 29.223 	 299.081
FD11177	272.875 	 29.226 	 299.080
FD11177	273.000 	 29.223 	 299.080
FD11177	273.125 	 29.220 	 299.084
FD11177	273.250 	 29.229 	 299.080
FD11177	273.375 	 29.229 	 299.080
FD11177	273.500 	 29.213 	 299.084
FD11177	273.625 	 29.229 	 299.077
FD11177	273.750 	 29.229 	 299.080
FD11177	273.875 	 29.213 	 299.084
FD11177	274.000 	 29.229 	 299.080
FD11177	274.125 	 29.229 	 299.080
FD11177	274.250 	 29.213 	 299.084
FD11177	274.375 	 29.229 	 299.077
FD11177	274.500 	 29.229 	 299.080
FD11177	274.625 	 29.220 	 299.084
FD11177	274.750 	 29.223 	 299.080
FD11177	274.875 	 29.229 	 299.080
FD11177	275.000 	 29.220 	 299.084
FD11177	275.125 	 0.000 	 90.000
FD11177	275.250 	 0.000 	 90.000
FD11177	275.375 	 0.000 	 90.000
FD11177	275.500 	 0.000 	 90.000
FD11177	275.625 	 0.000 	 90.000
FD11177	275.750 	 0.000 	 90.000
FD11177	275.875 	 0.000 	 90.000
FD11177	276.000 	 0.000 	 90.000
FD11177	276.125 	 0.000 	 90.000
FD11177	276.250 	 0.000 	 90.000
FD11177	276.375 	 0.000 	 90.000
FD11177	276.500 	 0.000 	 90.000
FD11177	276.625 	 0.000 	 90.000
FD11177	276.750 	 0.000 	 90.000
FD11177	276.875 	 0.000 	 90.000
FD11177	277.000 	 0.000 	 90.000
FD11177	277.125 	 0.000 	 90.000
FD11177	277.250 	 0.000 	 90.000
FD11177	277.375 	 0.000 	 90.000
FD11177	277.500 	 0.000 	 90.000
FD11177	277.625 	 0.000 	 90.000
FD11177	277.750 	 0.000 	 90.000
FD11177	277.875 	 0.000 	 90.000
FD11177	278.000 	 0.000 	 90.000
FD11177	278.125 	 0.000 	 90.000
FD11177	278.250 	 0.000 	 90.000
FD11177	278.375 	 0.000 	 90.000
FD11177	278.500 	 0.000 	 90.000
FD11177	278.625 	 0.000 	 90.000
FD11177	278.750 	 0.000 	 90.000
FD11177	278.875 	 0.000 	 90.000
FD11177	279.000 	 0.000 	 90.000
FD11177	279.125 	 0.000 	 90.000
FD11177	279.250 	 0.000 	 90.000
FD11177	279.375 	 0.000 	 90.000
FD11177	279.500 	 0.000 	 90.000
FD11177	279.625 	 0.000 	 90.000
FD11177	279.750 	 0.000 	 90.000
FD11177	279.875 	 0.000 	 90.000
FD11177	280.000 	 0.000 	 90.000
FD11177	280.125 	 0.000 	 90.000
FD11177	280.250 	 0.000 	 90.000
FD11177	280.375 	 0.000 	 90.000
FD11177	280.500 	 0.000 	 90.000
FD11177	280.625 	 0.000 	 90.000
FD11177	280.750 	 0.000 	 90.000
FD11177	280.875 	 0.000 	 90.000
FD11177	281.000 	 0.000 	 90.000
FD11177	281.125 	 0.000 	 90.000
FD11177	281.250 	 0.000 	 90.000
FD11177	281.375 	 0.000 	 90.000
FD11177	281.500 	 0.000 	 90.000
FD11177	281.625 	 0.000 	 90.000
FD11177	281.750 	 0.000 	 90.000
FD11177	281.875 	 0.000 	 90.000
FD11177	282.000 	 0.000 	 90.000
FD11177	282.125 	 0.000 	 90.000
FD11177	282.250 	 0.000 	 90.000
FD11177	282.375 	 0.000 	 90.000
FD11177	282.500 	 0.000 	 90.000
FD11177	282.625 	 0.000 	 90.000
FD11177	282.750 	 0.000 	 90.000
FD11177	282.875 	 0.000 	 90.000
FD11177	283.000 	 0.000 	 90.000
FD11177	283.125 	 0.000 	 90.000
FD11177	283.250 	 0.000 	 90.000
FD11177	283.375 	 0.000 	 90.000
FD11177	283.500 	 0.000 	 90.000
FD11177	283.625 	 0.000 	 90.000
FD11177	283.750 	 0.000 	 90.000
FD11177	283.875 	 0.000 	 90.000
FD11177	284.000 	 0.000 	 90.000
FD11177	284.125 	 0.000 	 90.000
FD11177	284.250 	 0.000 	 90.000
FD11177	284.375 	 0.000 	 90.000
FD11177	284.500 	 0.000 	 90.000
FD11177	284.625 	 0.000 	 90.000
FD11177	284.750 	 0.000 	 90.000
FD11177	284.875 	 0.000 	 90.000
FD11177	285.000 	 0.000 	 90.000
