#WellName	 Depth.M	 INCL	 AZIM 
WellName	 Depth.M	 INCL	 AZIM 
FD11172	0.000 	 0.000 	 0.000
FD11172	0.125 	 0.000 	 90.000
FD11172	0.250 	 0.000 	 90.000
FD11172	0.375 	 0.000 	 90.000
FD11172	0.500 	 0.000 	 90.000
FD11172	0.625 	 0.000 	 90.000
FD11172	0.750 	 0.000 	 90.000
FD11172	0.875 	 0.000 	 90.000
FD11172	1.000 	 0.000 	 90.000
FD11172	1.125 	 0.000 	 90.000
FD11172	1.250 	 0.000 	 90.000
FD11172	1.375 	 0.000 	 90.000
FD11172	1.500 	 0.000 	 90.000
FD11172	1.625 	 0.000 	 90.000
FD11172	1.750 	 0.000 	 90.000
FD11172	1.875 	 0.000 	 90.000
FD11172	2.000 	 0.000 	 90.000
FD11172	2.125 	 0.000 	 90.000
FD11172	2.250 	 0.000 	 90.000
FD11172	2.375 	 0.000 	 90.000
FD11172	2.500 	 0.000 	 90.000
FD11172	2.625 	 0.000 	 90.000
FD11172	2.750 	 0.000 	 90.000
FD11172	2.875 	 0.000 	 90.000
FD11172	3.000 	 0.000 	 90.000
FD11172	3.125 	 0.000 	 90.000
FD11172	3.250 	 0.000 	 90.000
FD11172	3.375 	 0.000 	 90.000
FD11172	3.500 	 0.000 	 90.000
FD11172	3.625 	 0.000 	 90.000
FD11172	3.750 	 0.000 	 90.000
FD11172	3.875 	 0.000 	 90.000
FD11172	4.000 	 0.000 	 90.000
FD11172	4.125 	 0.000 	 90.000
FD11172	4.250 	 0.000 	 90.000
FD11172	4.375 	 0.000 	 90.000
FD11172	4.500 	 0.000 	 90.000
FD11172	4.625 	 0.000 	 90.000
FD11172	4.750 	 0.000 	 90.000
FD11172	4.875 	 0.000 	 90.000
FD11172	5.000 	 0.000 	 90.000
FD11172	5.125 	 0.000 	 90.000
FD11172	5.250 	 0.000 	 90.000
FD11172	5.375 	 0.000 	 90.000
FD11172	5.500 	 0.000 	 90.000
FD11172	5.625 	 0.000 	 90.000
FD11172	5.750 	 0.000 	 90.000
FD11172	5.875 	 0.000 	 90.000
FD11172	6.000 	 0.000 	 90.000
FD11172	6.125 	 0.000 	 90.000
FD11172	6.250 	 0.000 	 90.000
FD11172	6.375 	 0.000 	 90.000
FD11172	6.500 	 0.000 	 90.000
FD11172	6.625 	 0.000 	 90.000
FD11172	6.750 	 0.000 	 90.000
FD11172	6.875 	 0.000 	 90.000
FD11172	7.000 	 0.000 	 90.000
FD11172	7.125 	 0.000 	 90.000
FD11172	7.250 	 0.000 	 90.000
FD11172	7.375 	 0.000 	 90.000
FD11172	7.500 	 0.000 	 90.000
FD11172	7.625 	 0.000 	 90.000
FD11172	7.750 	 0.000 	 90.000
FD11172	7.875 	 0.000 	 90.000
FD11172	8.000 	 0.000 	 90.000
FD11172	8.125 	 0.000 	 90.000
FD11172	8.250 	 0.000 	 90.000
FD11172	8.375 	 0.000 	 90.000
FD11172	8.500 	 0.000 	 90.000
FD11172	8.625 	 0.000 	 90.000
FD11172	8.750 	 0.000 	 90.000
FD11172	8.875 	 0.000 	 90.000
FD11172	9.000 	 0.000 	 90.000
FD11172	9.125 	 0.000 	 90.000
FD11172	9.250 	 0.000 	 90.000
FD11172	9.375 	 0.000 	 90.000
FD11172	9.500 	 0.000 	 90.000
FD11172	9.625 	 0.000 	 90.000
FD11172	9.750 	 0.000 	 90.000
FD11172	9.875 	 0.000 	 90.000
FD11172	10.000 	 0.000 	 90.000
FD11172	10.125 	 0.000 	 90.000
FD11172	10.250 	 0.000 	 90.000
FD11172	10.375 	 0.000 	 90.000
FD11172	10.500 	 0.000 	 90.000
FD11172	10.625 	 0.000 	 90.000
FD11172	10.750 	 0.000 	 90.000
FD11172	10.875 	 0.000 	 90.000
FD11172	11.000 	 0.000 	 90.000
FD11172	11.125 	 0.000 	 90.000
FD11172	11.250 	 0.000 	 90.000
FD11172	11.375 	 0.000 	 90.000
FD11172	11.500 	 0.000 	 90.000
FD11172	11.625 	 0.000 	 90.000
FD11172	11.750 	 0.000 	 90.000
FD11172	11.875 	 0.000 	 90.000
FD11172	12.000 	 0.000 	 90.000
FD11172	12.125 	 0.000 	 90.000
FD11172	12.250 	 0.000 	 90.000
FD11172	12.375 	 0.000 	 90.000
FD11172	12.500 	 0.000 	 90.000
FD11172	12.625 	 0.000 	 90.000
FD11172	12.750 	 0.000 	 90.000
FD11172	12.875 	 0.000 	 90.000
FD11172	13.000 	 0.000 	 90.000
FD11172	13.125 	 0.000 	 90.000
FD11172	13.250 	 0.000 	 90.000
FD11172	13.375 	 0.000 	 90.000
FD11172	13.500 	 0.000 	 90.000
FD11172	13.625 	 0.000 	 90.000
FD11172	13.750 	 0.000 	 90.000
FD11172	13.875 	 0.000 	 90.000
FD11172	14.000 	 0.000 	 90.000
FD11172	14.125 	 0.000 	 90.000
FD11172	14.250 	 0.000 	 90.000
FD11172	14.375 	 0.000 	 90.000
FD11172	14.500 	 0.000 	 90.000
FD11172	14.625 	 0.000 	 90.000
FD11172	14.750 	 0.000 	 90.000
FD11172	14.875 	 0.000 	 90.000
FD11172	15.000 	 0.000 	 90.000
FD11172	15.125 	 0.000 	 90.000
FD11172	15.250 	 0.000 	 90.000
FD11172	15.375 	 0.000 	 90.000
FD11172	15.500 	 0.000 	 90.000
FD11172	15.625 	 0.000 	 90.000
FD11172	15.750 	 0.000 	 90.000
FD11172	15.875 	 0.000 	 90.000
FD11172	16.000 	 0.000 	 90.000
FD11172	16.125 	 0.000 	 90.000
FD11172	16.250 	 0.000 	 90.000
FD11172	16.375 	 0.000 	 90.000
FD11172	16.500 	 0.000 	 90.000
FD11172	16.625 	 0.000 	 90.000
FD11172	16.750 	 0.000 	 90.000
FD11172	16.875 	 0.000 	 90.000
FD11172	17.000 	 0.000 	 90.000
FD11172	17.125 	 0.000 	 90.000
FD11172	17.250 	 0.000 	 90.000
FD11172	17.375 	 0.000 	 90.000
FD11172	17.500 	 0.000 	 90.000
FD11172	17.625 	 0.000 	 90.000
FD11172	17.750 	 0.000 	 90.000
FD11172	17.875 	 0.000 	 90.000
FD11172	18.000 	 0.000 	 90.000
FD11172	18.125 	 0.000 	 90.000
FD11172	18.250 	 0.000 	 90.000
FD11172	18.375 	 0.000 	 90.000
FD11172	18.500 	 0.000 	 90.000
FD11172	18.625 	 0.000 	 90.000
FD11172	18.750 	 0.000 	 90.000
FD11172	18.875 	 0.000 	 90.000
FD11172	19.000 	 0.000 	 90.000
FD11172	19.125 	 0.000 	 90.000
FD11172	19.250 	 0.000 	 90.000
FD11172	19.375 	 0.000 	 90.000
FD11172	19.500 	 0.000 	 90.000
FD11172	19.625 	 0.000 	 90.000
FD11172	19.750 	 0.000 	 90.000
FD11172	19.875 	 0.000 	 90.000
FD11172	20.000 	 0.000 	 90.000
FD11172	20.125 	 0.000 	 90.000
FD11172	20.250 	 0.000 	 90.000
FD11172	20.375 	 0.000 	 90.000
FD11172	20.500 	 0.000 	 90.000
FD11172	20.625 	 0.000 	 90.000
FD11172	20.750 	 0.000 	 90.000
FD11172	20.875 	 0.000 	 90.000
FD11172	21.000 	 0.000 	 90.000
FD11172	21.125 	 0.000 	 90.000
FD11172	21.250 	 0.000 	 90.000
FD11172	21.375 	 0.000 	 90.000
FD11172	21.500 	 0.000 	 90.000
FD11172	21.625 	 0.000 	 90.000
FD11172	21.750 	 0.000 	 90.000
FD11172	21.875 	 0.000 	 90.000
FD11172	22.000 	 0.000 	 90.000
FD11172	22.125 	 0.000 	 90.000
FD11172	22.250 	 0.000 	 90.000
FD11172	22.375 	 0.000 	 90.000
FD11172	22.500 	 0.000 	 90.000
FD11172	22.625 	 0.000 	 90.000
FD11172	22.750 	 0.000 	 90.000
FD11172	22.875 	 0.000 	 90.000
FD11172	23.000 	 0.000 	 90.000
FD11172	23.125 	 0.000 	 90.000
FD11172	23.250 	 0.000 	 90.000
FD11172	23.375 	 0.000 	 90.000
FD11172	23.500 	 0.000 	 90.000
FD11172	23.625 	 0.000 	 90.000
FD11172	23.750 	 0.000 	 90.000
FD11172	23.875 	 0.000 	 90.000
FD11172	24.000 	 0.000 	 90.000
FD11172	24.125 	 0.000 	 90.000
FD11172	24.250 	 0.000 	 90.000
FD11172	24.375 	 0.000 	 90.000
FD11172	24.500 	 0.000 	 90.000
FD11172	24.625 	 0.000 	 90.000
FD11172	24.750 	 0.000 	 90.000
FD11172	24.875 	 0.000 	 90.000
FD11172	25.000 	 0.000 	 90.000
FD11172	25.125 	 0.000 	 90.000
FD11172	25.250 	 0.000 	 90.000
FD11172	25.375 	 0.000 	 90.000
FD11172	25.500 	 0.000 	 90.000
FD11172	25.625 	 0.000 	 90.000
FD11172	25.750 	 0.000 	 90.000
FD11172	25.875 	 0.000 	 90.000
FD11172	26.000 	 0.000 	 90.000
FD11172	26.125 	 0.000 	 90.000
FD11172	26.250 	 0.000 	 90.000
FD11172	26.375 	 0.000 	 90.000
FD11172	26.500 	 0.000 	 90.000
FD11172	26.625 	 0.000 	 90.000
FD11172	26.750 	 0.000 	 90.000
FD11172	26.875 	 0.000 	 90.000
FD11172	27.000 	 0.000 	 90.000
FD11172	27.125 	 0.000 	 90.000
FD11172	27.250 	 0.000 	 90.000
FD11172	27.375 	 0.000 	 90.000
FD11172	27.500 	 0.000 	 90.000
FD11172	27.625 	 0.000 	 90.000
FD11172	27.750 	 0.000 	 90.000
FD11172	27.875 	 0.000 	 90.000
FD11172	28.000 	 0.000 	 90.000
FD11172	28.125 	 0.000 	 90.000
FD11172	28.250 	 0.000 	 90.000
FD11172	28.375 	 0.000 	 90.000
FD11172	28.500 	 0.000 	 90.000
FD11172	28.625 	 0.000 	 90.000
FD11172	28.750 	 0.000 	 90.000
FD11172	28.875 	 0.000 	 90.000
FD11172	29.000 	 0.000 	 90.000
FD11172	29.125 	 0.000 	 90.000
FD11172	29.250 	 0.000 	 90.000
FD11172	29.375 	 0.000 	 90.000
FD11172	29.500 	 0.000 	 90.000
FD11172	29.625 	 0.000 	 90.000
FD11172	29.750 	 0.000 	 90.000
FD11172	29.875 	 0.000 	 90.000
FD11172	30.000 	 0.000 	 90.000
FD11172	30.125 	 0.633 	 96.877
FD11172	30.250 	 0.674 	 96.766
FD11172	30.375 	 0.715 	 96.516
FD11172	30.500 	 0.758 	 96.185
FD11172	30.625 	 0.803 	 95.822
FD11172	30.750 	 0.836 	 95.459
FD11172	30.875 	 0.856 	 95.109
FD11172	31.000 	 0.873 	 94.777
FD11172	31.125 	 0.890 	 94.467
FD11172	31.250 	 0.907 	 94.184
FD11172	31.375 	 0.925 	 93.932
FD11172	31.500 	 0.943 	 93.716
FD11172	31.625 	 0.960 	 93.534
FD11172	31.750 	 0.979 	 93.379
FD11172	31.875 	 0.997 	 93.244
FD11172	32.000 	 1.015 	 93.128
FD11172	32.125 	 1.034 	 93.031
FD11172	32.250 	 1.054 	 92.963
FD11172	32.375 	 1.073 	 92.934
FD11172	32.500 	 1.092 	 92.954
FD11172	32.625 	 1.110 	 93.031
FD11172	32.750 	 1.129 	 93.167
FD11172	32.875 	 1.149 	 93.355
FD11172	33.000 	 1.169 	 93.586
FD11172	33.125 	 1.187 	 93.841
FD11172	33.250 	 1.206 	 94.105
FD11172	33.375 	 1.225 	 94.363
FD11172	33.500 	 1.245 	 94.603
FD11172	33.625 	 1.265 	 94.818
FD11172	33.750 	 1.283 	 95.000
FD11172	33.875 	 1.303 	 95.135
FD11172	34.000 	 1.323 	 95.211
FD11172	34.125 	 1.341 	 95.211
FD11172	34.250 	 1.361 	 95.123
FD11172	34.375 	 1.380 	 94.948
FD11172	34.500 	 1.400 	 94.701
FD11172	34.625 	 1.418 	 94.403
FD11172	34.750 	 1.437 	 94.084
FD11172	34.875 	 1.457 	 93.766
FD11172	35.000 	 1.478 	 93.465
FD11172	35.125 	 1.498 	 93.194
FD11172	35.250 	 1.520 	 92.957
FD11172	35.375 	 1.541 	 92.764
FD11172	35.500 	 1.563 	 92.617
FD11172	35.625 	 1.585 	 92.374
FD11172	35.750 	 1.609 	 92.063
FD11172	35.875 	 1.631 	 91.829
FD11172	36.000 	 1.655 	 91.637
FD11172	36.125 	 1.678 	 91.502
FD11172	36.250 	 1.702 	 91.387
FD11172	36.375 	 1.726 	 91.279
FD11172	36.500 	 1.750 	 91.159
FD11172	36.625 	 1.774 	 91.049
FD11172	36.750 	 1.799 	 90.923
FD11172	36.875 	 1.822 	 90.785
FD11172	37.000 	 1.846 	 90.747
FD11172	37.125 	 1.870 	 90.684
FD11172	37.250 	 1.892 	 90.574
FD11172	37.375 	 1.914 	 90.489
FD11172	37.500 	 1.936 	 90.406
FD11172	37.625 	 1.958 	 90.363
FD11172	37.750 	 1.978 	 90.335
FD11172	37.875 	 1.999 	 90.206
FD11172	38.000 	 2.018 	 89.964
FD11172	38.125 	 2.038 	 89.807
FD11172	38.250 	 2.056 	 89.720
FD11172	38.375 	 2.075 	 89.574
FD11172	38.500 	 2.093 	 89.432
FD11172	38.625 	 2.111 	 89.368
FD11172	38.750 	 2.127 	 89.292
FD11172	38.875 	 2.145 	 89.160
FD11172	39.000 	 2.162 	 89.066
FD11172	39.125 	 2.178 	 88.928
FD11172	39.250 	 2.197 	 88.808
FD11172	39.375 	 2.216 	 88.754
FD11172	39.500 	 2.236 	 88.572
FD11172	39.625 	 2.257 	 88.355
FD11172	39.750 	 2.279 	 88.223
FD11172	39.875 	 2.301 	 88.077
FD11172	40.000 	 2.325 	 87.979
FD11172	40.125 	 2.349 	 87.841
FD11172	40.250 	 2.374 	 87.577
FD11172	40.375 	 2.400 	 87.401
FD11172	40.500 	 2.427 	 87.232
FD11172	40.625 	 2.455 	 86.995
FD11172	40.750 	 2.485 	 86.764
FD11172	40.875 	 2.516 	 86.625
FD11172	41.000 	 2.548 	 86.625
FD11172	41.125 	 2.580 	 86.564
FD11172	41.250 	 2.612 	 86.586
FD11172	41.375 	 2.643 	 86.542
FD11172	41.500 	 2.674 	 86.224
FD11172	41.625 	 2.704 	 85.996
FD11172	41.750 	 2.734 	 85.831
FD11172	41.875 	 2.763 	 85.737
FD11172	42.000 	 2.793 	 85.737
FD11172	42.125 	 2.821 	 85.649
FD11172	42.250 	 2.849 	 85.452
FD11172	42.375 	 2.875 	 85.243
FD11172	42.500 	 2.901 	 85.172
FD11172	42.625 	 2.927 	 85.043
FD11172	42.750 	 2.952 	 84.790
FD11172	42.875 	 2.977 	 84.576
FD11172	43.000 	 3.002 	 84.383
FD11172	43.125 	 3.026 	 84.221
FD11172	43.250 	 3.050 	 84.083
FD11172	43.375 	 3.075 	 83.941
FD11172	43.500 	 3.101 	 83.826
FD11172	43.625 	 3.127 	 83.705
FD11172	43.750 	 3.153 	 83.672
FD11172	43.875 	 3.179 	 83.677
FD11172	44.000 	 3.206 	 83.579
FD11172	44.125 	 3.234 	 83.427
FD11172	44.250 	 3.262 	 83.224
FD11172	44.375 	 3.292 	 82.941
FD11172	44.500 	 3.325 	 82.683
FD11172	44.625 	 3.357 	 82.501
FD11172	44.750 	 3.389 	 82.381
FD11172	44.875 	 3.423 	 82.263
FD11172	45.000 	 3.455 	 82.037
FD11172	45.125 	 3.489 	 81.780
FD11172	45.250 	 3.522 	 81.598
FD11172	45.375 	 3.554 	 81.560
FD11172	45.500 	 3.587 	 81.544
FD11172	45.625 	 3.620 	 81.455
FD11172	45.750 	 3.653 	 81.351
FD11172	45.875 	 3.684 	 81.176
FD11172	46.000 	 3.714 	 81.170
FD11172	46.125 	 3.744 	 81.087
FD11172	46.250 	 3.775 	 80.742
FD11172	46.375 	 3.805 	 80.557
FD11172	46.500 	 3.835 	 80.552
FD11172	46.625 	 3.865 	 80.544
FD11172	46.750 	 3.894 	 80.433
FD11172	46.875 	 3.924 	 80.189
FD11172	47.000 	 3.953 	 79.920
FD11172	47.125 	 3.984 	 79.668
FD11172	47.250 	 4.017 	 79.503
FD11172	47.375 	 4.049 	 79.426
FD11172	47.500 	 4.083 	 79.250
FD11172	47.625 	 4.116 	 79.044
FD11172	47.750 	 4.152 	 78.807
FD11172	47.875 	 4.189 	 78.695
FD11172	48.000 	 4.227 	 78.629
FD11172	48.125 	 4.265 	 78.456
FD11172	48.250 	 4.303 	 78.253
FD11172	48.375 	 4.342 	 78.088
FD11172	48.500 	 4.380 	 77.934
FD11172	48.625 	 4.418 	 77.747
FD11172	48.750 	 4.454 	 77.600
FD11172	48.875 	 4.492 	 77.511
FD11172	49.000 	 4.528 	 77.528
FD11172	49.125 	 4.564 	 77.651
FD11172	49.250 	 4.600 	 77.711
FD11172	49.375 	 4.636 	 77.608
FD11172	49.500 	 4.670 	 77.509
FD11172	49.625 	 4.706 	 77.341
FD11172	49.750 	 4.741 	 77.258
FD11172	49.875 	 4.777 	 77.149
FD11172	50.000 	 4.811 	 76.935
FD11172	50.125 	 4.846 	 76.924
FD11172	50.250 	 4.880 	 76.896
FD11172	50.375 	 4.915 	 76.967
FD11172	50.500 	 4.949 	 76.978
FD11172	50.625 	 4.985 	 76.899
FD11172	50.750 	 5.022 	 76.838
FD11172	50.875 	 5.059 	 76.625
FD11172	51.000 	 5.097 	 76.564
FD11172	51.125 	 5.135 	 76.520
FD11172	51.250 	 5.172 	 76.284
FD11172	51.375 	 5.208 	 76.273
FD11172	51.500 	 5.245 	 76.559
FD11172	51.625 	 5.280 	 76.616
FD11172	51.750 	 5.316 	 76.528
FD11172	51.875 	 5.350 	 76.440
FD11172	52.000 	 5.384 	 76.231
FD11172	52.125 	 5.420 	 76.144
FD11172	52.250 	 5.455 	 76.319
FD11172	52.375 	 5.489 	 76.476
FD11172	52.500 	 5.524 	 76.454
FD11172	52.625 	 5.559 	 76.489
FD11172	52.750 	 5.592 	 76.577
FD11172	52.875 	 5.625 	 76.545
FD11172	53.000 	 5.658 	 76.484
FD11172	53.125 	 5.690 	 76.467
FD11172	53.250 	 5.722 	 76.495
FD11172	53.375 	 5.756 	 76.564
FD11172	53.500 	 5.788 	 76.652
FD11172	53.625 	 5.822 	 76.712
FD11172	53.750 	 5.854 	 76.674
FD11172	53.875 	 5.887 	 76.671
FD11172	54.000 	 5.919 	 76.638
FD11172	54.125 	 5.951 	 76.614
FD11172	54.250 	 5.984 	 76.723
FD11172	54.375 	 6.016 	 76.852
FD11172	54.500 	 6.049 	 76.990
FD11172	54.625 	 6.083 	 77.061
FD11172	54.750 	 6.118 	 77.061
FD11172	54.875 	 6.154 	 77.091
FD11172	55.000 	 6.191 	 77.278
FD11172	55.125 	 6.228 	 77.379
FD11172	55.250 	 6.267 	 77.396
FD11172	55.375 	 6.305 	 77.574
FD11172	55.500 	 6.344 	 77.800
FD11172	55.625 	 6.382 	 77.909
FD11172	55.750 	 6.420 	 77.871
FD11172	55.875 	 6.459 	 77.866
FD11172	56.000 	 6.497 	 77.904
FD11172	56.125 	 6.537 	 77.948
FD11172	56.250 	 6.575 	 77.898
FD11172	56.375 	 6.615 	 77.910
FD11172	56.500 	 6.653 	 77.921
FD11172	56.625 	 6.689 	 77.814
FD11172	56.750 	 6.724 	 77.736
FD11172	56.875 	 6.757 	 77.635
FD11172	57.000 	 6.787 	 77.536
FD11172	57.125 	 6.817 	 77.454
FD11172	57.250 	 6.846 	 77.432
FD11172	57.375 	 6.877 	 77.394
FD11172	57.500 	 6.907 	 77.383
FD11172	57.625 	 6.938 	 77.292
FD11172	57.750 	 6.970 	 77.104
FD11172	57.875 	 7.003 	 77.094
FD11172	58.000 	 7.038 	 77.165
FD11172	58.125 	 7.074 	 77.174
FD11172	58.250 	 7.111 	 77.163
FD11172	58.375 	 7.147 	 77.118
FD11172	58.500 	 7.184 	 77.058
FD11172	58.625 	 7.223 	 77.058
FD11172	58.750 	 7.265 	 77.146
FD11172	58.875 	 7.308 	 77.234
FD11172	59.000 	 7.353 	 77.289
FD11172	59.125 	 7.398 	 77.283
FD11172	59.250 	 7.444 	 77.240
FD11172	59.375 	 7.489 	 77.182
FD11172	59.500 	 7.533 	 77.166
FD11172	59.625 	 7.579 	 77.094
FD11172	59.750 	 7.623 	 76.962
FD11172	59.875 	 7.667 	 76.929
FD11172	60.000 	 7.708 	 76.929
FD11172	60.125 	 7.749 	 77.001
FD11172	60.250 	 7.789 	 77.022
FD11172	60.375 	 7.829 	 76.997
FD11172	60.500 	 7.871 	 77.031
FD11172	60.625 	 7.911 	 77.017
FD11172	60.750 	 7.951 	 76.918
FD11172	60.875 	 7.990 	 76.865
FD11172	61.000 	 8.030 	 76.871
FD11172	61.125 	 8.070 	 76.918
FD11172	61.250 	 8.110 	 77.001
FD11172	61.375 	 8.150 	 77.080
FD11172	61.500 	 8.192 	 77.190
FD11172	61.625 	 8.232 	 77.193
FD11172	61.750 	 8.274 	 77.001
FD11172	61.875 	 8.314 	 76.836
FD11172	62.000 	 8.355 	 76.802
FD11172	62.125 	 8.397 	 76.764
FD11172	62.250 	 8.437 	 76.671
FD11172	62.375 	 8.477 	 76.559
FD11172	62.500 	 8.515 	 76.449
FD11172	62.625 	 8.553 	 76.394
FD11172	62.750 	 8.591 	 76.295
FD11172	62.875 	 8.628 	 76.204
FD11172	63.000 	 8.665 	 76.259
FD11172	63.125 	 8.702 	 76.287
FD11172	63.250 	 8.739 	 76.215
FD11172	63.375 	 8.776 	 76.199
FD11172	63.500 	 8.812 	 76.276
FD11172	63.625 	 8.848 	 76.283
FD11172	63.750 	 8.885 	 76.239
FD11172	63.875 	 8.921 	 76.259
FD11172	64.000 	 8.959 	 76.265
FD11172	64.125 	 8.996 	 76.210
FD11172	64.250 	 9.035 	 76.100
FD11172	64.375 	 9.074 	 76.030
FD11172	64.500 	 9.111 	 76.030
FD11172	64.625 	 9.149 	 76.039
FD11172	64.750 	 9.189 	 76.061
FD11172	64.875 	 9.229 	 76.141
FD11172	65.000 	 9.269 	 76.217
FD11172	65.125 	 9.309 	 76.251
FD11172	65.250 	 9.350 	 76.190
FD11172	65.375 	 9.390 	 76.162
FD11172	65.500 	 9.429 	 76.234
FD11172	65.625 	 9.469 	 76.223
FD11172	65.750 	 9.509 	 76.223
FD11172	65.875 	 9.547 	 76.272
FD11172	66.000 	 9.587 	 76.273
FD11172	66.125 	 9.625 	 76.207
FD11172	66.250 	 9.664 	 76.223
FD11172	66.375 	 9.704 	 76.185
FD11172	66.500 	 9.745 	 76.085
FD11172	66.625 	 9.785 	 76.020
FD11172	66.750 	 9.827 	 75.932
FD11172	66.875 	 9.869 	 75.861
FD11172	67.000 	 9.912 	 75.822
FD11172	67.125 	 9.955 	 75.834
FD11172	67.250 	 9.998 	 75.878
FD11172	67.375 	 10.043 	 75.842
FD11172	67.500 	 10.086 	 75.737
FD11172	67.625 	 10.131 	 75.674
FD11172	67.750 	 10.177 	 75.603
FD11172	67.875 	 10.221 	 75.572
FD11172	68.000 	 10.265 	 75.517
FD11172	68.125 	 10.309 	 75.460
FD11172	68.250 	 10.353 	 75.514
FD11172	68.375 	 10.396 	 75.555
FD11172	68.500 	 10.442 	 75.572
FD11172	68.625 	 10.485 	 75.608
FD11172	68.750 	 10.528 	 75.580
FD11172	68.875 	 10.572 	 75.597
FD11172	69.000 	 10.612 	 75.712
FD11172	69.125 	 10.652 	 75.688
FD11172	69.250 	 10.691 	 75.676
FD11172	69.375 	 10.730 	 75.669
FD11172	69.500 	 10.770 	 75.608
FD11172	69.625 	 10.807 	 75.553
FD11172	69.750 	 10.852 	 75.426
FD11172	69.875 	 10.898 	 75.424
FD11172	70.000 	 10.938 	 75.473
FD11172	70.125 	 10.977 	 75.421
FD11172	70.250 	 11.017 	 75.366
FD11172	70.375 	 11.057 	 75.350
FD11172	70.500 	 11.097 	 75.289
FD11172	70.625 	 11.136 	 75.204
FD11172	70.750 	 11.175 	 75.111
FD11172	70.875 	 11.211 	 75.075
FD11172	71.000 	 11.251 	 74.977
FD11172	71.125 	 11.289 	 74.921
FD11172	71.250 	 11.329 	 74.938
FD11172	71.375 	 11.368 	 74.858
FD11172	71.500 	 11.409 	 74.748
FD11172	71.625 	 11.449 	 74.600
FD11172	71.750 	 11.489 	 74.462
FD11172	71.875 	 11.529 	 74.397
FD11172	72.000 	 11.567 	 74.386
FD11172	72.125 	 11.603 	 74.383
FD11172	72.250 	 11.640 	 74.382
FD11172	72.375 	 11.672 	 74.341
FD11172	72.500 	 11.707 	 74.315
FD11172	72.625 	 11.739 	 74.284
FD11172	72.750 	 11.773 	 74.186
FD11172	72.875 	 11.809 	 74.155
FD11172	73.000 	 11.844 	 74.237
FD11172	73.125 	 11.881 	 74.281
FD11172	73.250 	 11.918 	 74.210
FD11172	73.375 	 11.956 	 74.153
FD11172	73.500 	 11.990 	 74.119
FD11172	73.625 	 12.027 	 74.048
FD11172	73.750 	 12.061 	 73.987
FD11172	73.875 	 12.097 	 74.037
FD11172	74.000 	 12.133 	 74.120
FD11172	74.125 	 12.170 	 74.133
FD11172	74.250 	 12.209 	 74.105
FD11172	74.375 	 12.248 	 74.215
FD11172	74.500 	 12.289 	 74.353
FD11172	74.625 	 12.327 	 74.462
FD11172	74.750 	 12.368 	 74.534
FD11172	74.875 	 12.404 	 74.410
FD11172	75.000 	 12.440 	 74.361
FD11172	75.125 	 12.476 	 74.330
FD11172	75.250 	 12.507 	 74.210
FD11172	75.375 	 12.540 	 74.111
FD11172	75.500 	 12.571 	 74.029
FD11172	75.625 	 12.600 	 73.921
FD11172	75.750 	 12.629 	 73.910
FD11172	75.875 	 12.657 	 73.952
FD11172	76.000 	 12.683 	 73.973
FD11172	76.125 	 12.710 	 74.031
FD11172	76.250 	 12.734 	 74.081
FD11172	76.375 	 12.758 	 74.048
FD11172	76.500 	 12.781 	 73.977
FD11172	76.625 	 12.804 	 73.930
FD11172	76.750 	 12.828 	 73.859
FD11172	76.875 	 12.852 	 73.762
FD11172	77.000 	 12.876 	 73.614
FD11172	77.125 	 12.902 	 73.496
FD11172	77.250 	 12.928 	 73.496
FD11172	77.375 	 12.954 	 73.505
FD11172	77.500 	 12.981 	 73.433
FD11172	77.625 	 13.008 	 73.433
FD11172	77.750 	 13.036 	 73.509
FD11172	77.875 	 13.064 	 73.545
FD11172	78.000 	 13.093 	 73.480
FD11172	78.125 	 13.121 	 73.339
FD11172	78.250 	 13.149 	 73.235
FD11172	78.375 	 13.177 	 73.202
FD11172	78.500 	 13.205 	 73.196
FD11172	78.625 	 13.230 	 73.142
FD11172	78.750 	 13.255 	 73.158
FD11172	78.875 	 13.275 	 73.215
FD11172	79.000 	 13.297 	 73.188
FD11172	79.125 	 13.314 	 73.169
FD11172	79.250 	 13.332 	 73.229
FD11172	79.375 	 13.348 	 73.224
FD11172	79.500 	 13.365 	 73.169
FD11172	79.625 	 13.379 	 73.122
FD11172	79.750 	 13.395 	 73.117
FD11172	79.875 	 13.410 	 73.191
FD11172	80.000 	 13.423 	 73.224
FD11172	80.125 	 13.438 	 73.202
FD11172	80.250 	 13.450 	 73.180
FD11172	80.375 	 13.464 	 73.152
FD11172	80.500 	 13.476 	 73.191
FD11172	80.625 	 13.489 	 73.221
FD11172	80.750 	 13.502 	 73.226
FD11172	80.875 	 13.521 	 73.251
FD11172	81.000 	 13.538 	 73.169
FD11172	81.125 	 13.557 	 73.155
FD11172	81.250 	 13.578 	 73.089
FD11172	81.375 	 13.600 	 73.056
FD11172	81.500 	 13.619 	 73.078
FD11172	81.625 	 13.640 	 73.002
FD11172	81.750 	 13.659 	 73.106
FD11172	81.875 	 13.677 	 73.164
FD11172	82.000 	 13.695 	 73.119
FD11172	82.125 	 13.715 	 73.144
FD11172	82.250 	 13.733 	 73.210
FD11172	82.375 	 13.753 	 73.215
FD11172	82.500 	 13.772 	 73.111
FD11172	82.625 	 13.793 	 73.116
FD11172	82.750 	 13.812 	 73.139
FD11172	82.875 	 13.830 	 73.070
FD11172	83.000 	 13.847 	 72.999
FD11172	83.125 	 13.865 	 72.954
FD11172	83.250 	 13.880 	 72.943
FD11172	83.375 	 13.895 	 72.936
FD11172	83.500 	 13.911 	 73.007
FD11172	83.625 	 13.927 	 73.029
FD11172	83.750 	 13.942 	 72.985
FD11172	83.875 	 13.959 	 72.988
FD11172	84.000 	 13.974 	 72.938
FD11172	84.125 	 13.987 	 72.886
FD11172	84.250 	 14.002 	 72.842
FD11172	84.375 	 14.013 	 72.776
FD11172	84.500 	 14.027 	 72.754
FD11172	84.625 	 14.040 	 72.677
FD11172	84.750 	 14.054 	 72.579
FD11172	84.875 	 14.066 	 72.540
FD11172	85.000 	 14.081 	 72.568
FD11172	85.125 	 14.093 	 72.642
FD11172	85.250 	 14.105 	 72.735
FD11172	85.375 	 14.114 	 72.795
FD11172	85.500 	 14.125 	 72.822
FD11172	85.625 	 14.134 	 72.880
FD11172	85.750 	 14.143 	 72.908
FD11172	85.875 	 14.153 	 72.938
FD11172	86.000 	 14.162 	 72.910
FD11172	86.125 	 14.171 	 72.875
FD11172	86.250 	 14.182 	 72.814
FD11172	86.375 	 14.191 	 72.776
FD11172	86.500 	 14.201 	 72.842
FD11172	86.625 	 14.211 	 72.886
FD11172	86.750 	 14.220 	 73.007
FD11172	86.875 	 14.228 	 73.009
FD11172	87.000 	 14.239 	 72.905
FD11172	87.125 	 14.248 	 72.883
FD11172	87.250 	 14.257 	 72.883
FD11172	87.375 	 14.269 	 72.947
FD11172	87.500 	 14.280 	 73.002
FD11172	87.625 	 14.292 	 73.048
FD11172	87.750 	 14.306 	 73.059
FD11172	87.875 	 14.319 	 73.013
FD11172	88.000 	 14.332 	 72.935
FD11172	88.125 	 14.345 	 72.847
FD11172	88.250 	 14.356 	 72.755
FD11172	88.375 	 14.367 	 72.702
FD11172	88.500 	 14.376 	 72.675
FD11172	88.625 	 14.385 	 72.661
FD11172	88.750 	 14.392 	 72.689
FD11172	88.875 	 14.397 	 72.735
FD11172	89.000 	 14.403 	 72.641
FD11172	89.125 	 14.405 	 72.527
FD11172	89.250 	 14.409 	 72.598
FD11172	89.375 	 14.410 	 72.694
FD11172	89.500 	 14.411 	 72.732
FD11172	89.625 	 14.414 	 72.718
FD11172	89.750 	 14.415 	 72.762
FD11172	89.875 	 14.415 	 72.859
FD11172	90.000 	 14.415 	 72.875
FD11172	90.125 	 14.416 	 72.908
FD11172	90.250 	 14.417 	 72.974
FD11172	90.375 	 14.417 	 72.947
FD11172	90.500 	 14.417 	 72.869
FD11172	90.625 	 14.417 	 72.800
FD11172	90.750 	 14.417 	 72.834
FD11172	90.875 	 14.419 	 72.838
FD11172	91.000 	 14.423 	 72.828
FD11172	91.125 	 14.427 	 72.875
FD11172	91.250 	 14.435 	 72.886
FD11172	91.375 	 14.441 	 72.814
FD11172	91.500 	 14.448 	 72.820
FD11172	91.625 	 14.455 	 72.825
FD11172	91.750 	 14.466 	 72.782
FD11172	91.875 	 14.474 	 72.823
FD11172	92.000 	 14.484 	 72.778
FD11172	92.125 	 14.496 	 72.740
FD11172	92.250 	 14.506 	 72.756
FD11172	92.375 	 14.517 	 72.751
FD11172	92.500 	 14.526 	 72.790
FD11172	92.625 	 14.538 	 72.828
FD11172	92.750 	 14.549 	 72.719
FD11172	92.875 	 14.561 	 72.732
FD11172	93.000 	 14.573 	 72.820
FD11172	93.125 	 14.584 	 72.697
FD11172	93.250 	 14.595 	 72.691
FD11172	93.375 	 14.604 	 72.762
FD11172	93.500 	 14.613 	 72.751
FD11172	93.625 	 14.622 	 72.767
FD11172	93.750 	 14.629 	 72.702
FD11172	93.875 	 14.636 	 72.694
FD11172	94.000 	 14.642 	 72.699
FD11172	94.125 	 14.648 	 72.589
FD11172	94.250 	 14.655 	 72.666
FD11172	94.375 	 14.660 	 72.804
FD11172	94.500 	 14.667 	 72.859
FD11172	94.625 	 14.678 	 72.883
FD11172	94.750 	 14.684 	 72.779
FD11172	94.875 	 14.695 	 72.754
FD11172	95.000 	 14.703 	 72.749
FD11172	95.125 	 14.711 	 72.746
FD11172	95.250 	 14.721 	 72.823
FD11172	95.375 	 14.728 	 72.776
FD11172	95.500 	 14.736 	 72.765
FD11172	95.625 	 14.742 	 72.787
FD11172	95.750 	 14.749 	 72.847
FD11172	95.875 	 14.757 	 72.906
FD11172	96.000 	 14.764 	 72.779
FD11172	96.125 	 14.770 	 72.713
FD11172	96.250 	 14.778 	 72.756
FD11172	96.375 	 14.786 	 72.655
FD11172	96.500 	 14.795 	 72.617
FD11172	96.625 	 14.802 	 72.650
FD11172	96.750 	 14.812 	 72.584
FD11172	96.875 	 14.818 	 72.565
FD11172	97.000 	 14.825 	 72.549
FD11172	97.125 	 14.833 	 72.576
FD11172	97.250 	 14.840 	 72.631
FD11172	97.375 	 14.846 	 72.634
FD11172	97.500 	 14.854 	 72.655
FD11172	97.625 	 14.861 	 72.655
FD11172	97.750 	 14.869 	 72.667
FD11172	97.875 	 14.877 	 72.606
FD11172	98.000 	 14.886 	 72.562
FD11172	98.125 	 14.893 	 72.554
FD11172	98.250 	 14.901 	 72.494
FD11172	98.375 	 14.908 	 72.457
FD11172	98.500 	 14.915 	 72.463
FD11172	98.625 	 14.923 	 72.485
FD11172	98.750 	 14.932 	 72.457
FD11172	98.875 	 14.942 	 72.430
FD11172	99.000 	 14.954 	 72.447
FD11172	99.125 	 14.966 	 72.548
FD11172	99.250 	 14.979 	 72.581
FD11172	99.375 	 14.991 	 72.510
FD11172	99.500 	 15.005 	 72.471
FD11172	99.625 	 15.020 	 72.494
FD11172	99.750 	 15.035 	 72.526
FD11172	99.875 	 15.050 	 72.551
FD11172	100.000 	 15.065 	 72.600
FD11172	100.125 	 15.081 	 72.716
FD11172	100.250 	 15.097 	 72.837
FD11172	100.375 	 15.116 	 72.944
FD11172	100.500 	 15.133 	 73.021
FD11172	100.625 	 15.152 	 73.013
FD11172	100.750 	 15.169 	 72.913
FD11172	100.875 	 15.186 	 72.815
FD11172	101.000 	 15.202 	 72.787
FD11172	101.125 	 15.219 	 72.801
FD11172	101.250 	 15.236 	 72.855
FD11172	101.375 	 15.255 	 72.825
FD11172	101.500 	 15.276 	 72.820
FD11172	101.625 	 15.297 	 72.866
FD11172	101.750 	 15.320 	 72.828
FD11172	101.875 	 15.345 	 72.877
FD11172	102.000 	 15.370 	 72.938
FD11172	102.125 	 15.397 	 72.993
FD11172	102.250 	 15.426 	 73.059
FD11172	102.375 	 15.456 	 73.103
FD11172	102.500 	 15.489 	 73.103
FD11172	102.625 	 15.524 	 73.106
FD11172	102.750 	 15.558 	 73.139
FD11172	102.875 	 15.595 	 73.081
FD11172	103.000 	 15.634 	 73.059
FD11172	103.125 	 15.675 	 73.216
FD11172	103.250 	 15.717 	 73.254
FD11172	103.375 	 15.759 	 73.282
FD11172	103.500 	 15.803 	 73.419
FD11172	103.625 	 15.845 	 73.381
FD11172	103.750 	 15.889 	 73.325
FD11172	103.875 	 15.935 	 73.254
FD11172	104.000 	 15.980 	 73.215
FD11172	104.125 	 16.026 	 73.276
FD11172	104.250 	 16.070 	 73.337
FD11172	104.375 	 16.115 	 73.334
FD11172	104.500 	 16.158 	 73.323
FD11172	104.625 	 16.200 	 73.438
FD11172	104.750 	 16.243 	 73.608
FD11172	104.875 	 16.285 	 73.713
FD11172	105.000 	 16.321 	 73.685
FD11172	105.125 	 16.359 	 73.704
FD11172	105.250 	 16.394 	 73.732
FD11172	105.375 	 16.429 	 73.759
FD11172	105.500 	 16.463 	 73.815
FD11172	105.625 	 16.495 	 73.685
FD11172	105.750 	 16.528 	 73.581
FD11172	105.875 	 16.559 	 73.652
FD11172	106.000 	 16.587 	 73.635
FD11172	106.125 	 16.614 	 73.647
FD11172	106.250 	 16.640 	 73.768
FD11172	106.375 	 16.666 	 73.831
FD11172	106.500 	 16.691 	 73.908
FD11172	106.625 	 16.717 	 73.965
FD11172	106.750 	 16.741 	 73.993
FD11172	106.875 	 16.768 	 73.927
FD11172	107.000 	 16.796 	 73.911
FD11172	107.125 	 16.825 	 74.006
FD11172	107.250 	 16.857 	 74.067
FD11172	107.375 	 16.890 	 74.125
FD11172	107.500 	 16.922 	 74.087
FD11172	107.625 	 16.955 	 74.105
FD11172	107.750 	 16.988 	 74.281
FD11172	107.875 	 17.022 	 74.397
FD11172	108.000 	 17.057 	 74.517
FD11172	108.125 	 17.091 	 74.503
FD11172	108.250 	 17.128 	 74.361
FD11172	108.375 	 17.162 	 74.326
FD11172	108.500 	 17.198 	 74.320
FD11172	108.625 	 17.232 	 74.397
FD11172	108.750 	 17.267 	 74.529
FD11172	108.875 	 17.300 	 74.520
FD11172	109.000 	 17.334 	 74.378
FD11172	109.125 	 17.367 	 74.323
FD11172	109.250 	 17.399 	 74.322
FD11172	109.375 	 17.430 	 74.252
FD11172	109.500 	 17.460 	 74.323
FD11172	109.625 	 17.490 	 74.404
FD11172	109.750 	 17.519 	 74.454
FD11172	109.875 	 17.549 	 74.389
FD11172	110.000 	 17.574 	 74.361
FD11172	110.125 	 17.604 	 74.479
FD11172	110.250 	 17.630 	 74.380
FD11172	110.375 	 17.658 	 74.375
FD11172	110.500 	 17.687 	 74.407
FD11172	110.625 	 17.713 	 74.382
FD11172	110.750 	 17.743 	 74.377
FD11172	110.875 	 17.769 	 74.366
FD11172	111.000 	 17.798 	 74.454
FD11172	111.125 	 17.827 	 74.515
FD11172	111.250 	 17.855 	 74.636
FD11172	111.375 	 17.886 	 74.696
FD11172	111.500 	 17.917 	 74.762
FD11172	111.625 	 17.948 	 74.891
FD11172	111.750 	 17.980 	 74.924
FD11172	111.875 	 18.012 	 75.001
FD11172	112.000 	 18.043 	 75.045
FD11172	112.125 	 18.073 	 75.075
FD11172	112.250 	 18.104 	 75.273
FD11172	112.375 	 18.135 	 75.327
FD11172	112.500 	 18.164 	 75.218
FD11172	112.625 	 18.195 	 75.226
FD11172	112.750 	 18.223 	 75.237
FD11172	112.875 	 18.253 	 75.196
FD11172	113.000 	 18.281 	 75.228
FD11172	113.125 	 18.309 	 75.240
FD11172	113.250 	 18.338 	 75.289
FD11172	113.375 	 18.366 	 75.344
FD11172	113.500 	 18.393 	 75.289
FD11172	113.625 	 18.421 	 75.427
FD11172	113.750 	 18.450 	 75.503
FD11172	113.875 	 18.481 	 75.435
FD11172	114.000 	 18.512 	 75.550
FD11172	114.125 	 18.544 	 75.614
FD11172	114.250 	 18.575 	 75.586
FD11172	114.375 	 18.609 	 75.594
FD11172	114.500 	 18.641 	 75.572
FD11172	114.625 	 18.677 	 75.561
FD11172	114.750 	 18.713 	 75.638
FD11172	114.875 	 18.751 	 75.679
FD11172	115.000 	 18.790 	 75.658
FD11172	115.125 	 18.830 	 75.674
FD11172	115.250 	 18.871 	 75.613
FD11172	115.375 	 18.915 	 75.707
FD11172	115.500 	 18.958 	 75.812
FD11172	115.625 	 19.002 	 75.680
FD11172	115.750 	 19.045 	 75.613
FD11172	115.875 	 19.086 	 75.699
FD11172	116.000 	 19.129 	 75.765
FD11172	116.125 	 19.170 	 75.756
FD11172	116.250 	 19.213 	 75.658
FD11172	116.375 	 19.254 	 75.506
FD11172	116.500 	 19.298 	 75.528
FD11172	116.625 	 19.339 	 75.537
FD11172	116.750 	 19.383 	 75.432
FD11172	116.875 	 19.423 	 75.487
FD11172	117.000 	 19.466 	 75.520
FD11172	117.125 	 19.506 	 75.375
FD11172	117.250 	 19.548 	 75.391
FD11172	117.375 	 19.587 	 75.487
FD11172	117.500 	 19.626 	 75.394
FD11172	117.625 	 19.665 	 75.454
FD11172	117.750 	 19.706 	 75.592
FD11172	117.875 	 19.745 	 75.486
FD11172	118.000 	 19.789 	 75.454
FD11172	118.125 	 19.831 	 75.506
FD11172	118.250 	 19.876 	 75.463
FD11172	118.375 	 19.922 	 75.427
FD11172	118.500 	 19.968 	 75.372
FD11172	118.625 	 20.013 	 75.327
FD11172	118.750 	 20.060 	 75.317
FD11172	118.875 	 20.103 	 75.218
FD11172	119.000 	 20.147 	 75.141
FD11172	119.125 	 20.188 	 75.253
FD11172	119.250 	 20.231 	 75.194
FD11172	119.375 	 20.269 	 75.070
FD11172	119.500 	 20.309 	 75.163
FD11172	119.625 	 20.346 	 75.267
FD11172	119.750 	 20.385 	 75.141
FD11172	119.875 	 20.422 	 75.015
FD11172	120.000 	 20.457 	 75.125
FD11172	120.125 	 20.494 	 75.025
FD11172	120.250 	 20.528 	 74.889
FD11172	120.375 	 20.560 	 75.031
FD11172	120.500 	 20.593 	 75.185
FD11172	120.625 	 20.625 	 75.140
FD11172	120.750 	 20.660 	 75.027
FD11172	120.875 	 20.693 	 75.130
FD11172	121.000 	 20.727 	 75.201
FD11172	121.125 	 20.767 	 75.045
FD11172	121.250 	 20.805 	 75.072
FD11172	121.375 	 20.846 	 75.187
FD11172	121.500 	 20.889 	 75.116
FD11172	121.625 	 20.935 	 75.227
FD11172	121.750 	 20.980 	 75.259
FD11172	121.875 	 21.030 	 75.106
FD11172	122.000 	 21.080 	 75.088
FD11172	122.125 	 21.132 	 75.117
FD11172	122.250 	 21.185 	 75.188
FD11172	122.375 	 21.239 	 75.157
FD11172	122.500 	 21.297 	 75.054
FD11172	122.625 	 21.353 	 75.152
FD11172	122.750 	 21.410 	 75.113
FD11172	122.875 	 21.468 	 74.916
FD11172	123.000 	 21.524 	 74.949
FD11172	123.125 	 21.581 	 75.065
FD11172	123.250 	 21.635 	 75.141
FD11172	123.375 	 21.689 	 75.050
FD11172	123.500 	 21.742 	 74.918
FD11172	123.625 	 21.796 	 75.009
FD11172	123.750 	 21.845 	 75.047
FD11172	123.875 	 21.896 	 74.930
FD11172	124.000 	 21.944 	 74.863
FD11172	124.125 	 21.990 	 74.841
FD11172	124.250 	 22.036 	 74.864
FD11172	124.375 	 22.077 	 74.833
FD11172	124.500 	 22.119 	 74.823
FD11172	124.625 	 22.156 	 74.880
FD11172	124.750 	 22.190 	 74.945
FD11172	124.875 	 22.225 	 74.979
FD11172	125.000 	 22.258 	 74.957
FD11172	125.125 	 22.290 	 74.798
FD11172	125.250 	 22.323 	 74.683
FD11172	125.375 	 22.356 	 74.742
FD11172	125.500 	 22.390 	 74.594
FD11172	125.625 	 22.423 	 74.475
FD11172	125.750 	 22.455 	 74.575
FD11172	125.875 	 22.488 	 74.606
FD11172	126.000 	 22.518 	 74.638
FD11172	126.125 	 22.549 	 74.595
FD11172	126.250 	 22.583 	 74.660
FD11172	126.375 	 22.613 	 74.866
FD11172	126.500 	 22.649 	 74.812
FD11172	126.625 	 22.683 	 74.665
FD11172	126.750 	 22.723 	 74.606
FD11172	126.875 	 22.764 	 74.707
FD11172	127.000 	 22.809 	 74.724
FD11172	127.125 	 22.855 	 74.646
FD11172	127.250 	 22.905 	 74.696
FD11172	127.375 	 22.953 	 74.694
FD11172	127.500 	 23.003 	 74.666
FD11172	127.625 	 23.052 	 74.781
FD11172	127.750 	 23.103 	 74.858
FD11172	127.875 	 23.155 	 74.768
FD11172	128.000 	 23.207 	 74.883
FD11172	128.125 	 23.258 	 74.965
FD11172	128.250 	 23.309 	 74.729
FD11172	128.375 	 23.360 	 74.553
FD11172	128.500 	 23.411 	 74.564
FD11172	128.625 	 23.459 	 74.627
FD11172	128.750 	 23.507 	 74.710
FD11172	128.875 	 23.554 	 74.710
FD11172	129.000 	 23.599 	 74.600
FD11172	129.125 	 23.642 	 74.581
FD11172	129.250 	 23.684 	 74.669
FD11172	129.375 	 23.725 	 74.529
FD11172	129.500 	 23.765 	 74.358
FD11172	129.625 	 23.805 	 74.391
FD11172	129.750 	 23.843 	 74.353
FD11172	129.875 	 23.882 	 74.408
FD11172	130.000 	 23.920 	 74.551
FD11172	130.125 	 23.957 	 74.512
FD11172	130.250 	 23.991 	 74.418
FD11172	130.375 	 24.029 	 74.534
FD11172	130.500 	 24.065 	 74.594
FD11172	130.625 	 24.100 	 74.400
FD11172	130.750 	 24.139 	 74.378
FD11172	130.875 	 24.174 	 74.473
FD11172	131.000 	 24.216 	 74.298
FD11172	131.125 	 24.255 	 74.144
FD11172	131.250 	 24.298 	 74.264
FD11172	131.375 	 24.337 	 74.248
FD11172	131.500 	 24.376 	 74.182
FD11172	131.625 	 24.418 	 74.293
FD11172	131.750 	 24.456 	 74.352
FD11172	131.875 	 24.494 	 74.380
FD11172	132.000 	 24.532 	 74.364
FD11172	132.125 	 24.574 	 74.268
FD11172	132.250 	 24.616 	 74.119
FD11172	132.375 	 24.656 	 74.059
FD11172	132.500 	 24.701 	 74.208
FD11172	132.625 	 24.743 	 74.224
FD11172	132.750 	 24.784 	 74.075
FD11172	132.875 	 24.832 	 74.139
FD11172	133.000 	 24.868 	 74.308
FD11172	133.125 	 24.911 	 74.334
FD11172	133.250 	 24.953 	 74.339
FD11172	133.375 	 24.993 	 74.328
FD11172	133.500 	 25.033 	 74.257
FD11172	133.625 	 25.078 	 74.284
FD11172	133.750 	 25.119 	 74.323
FD11172	133.875 	 25.155 	 74.249
FD11172	134.000 	 25.200 	 74.248
FD11172	134.125 	 25.238 	 74.358
FD11172	134.250 	 25.275 	 74.276
FD11172	134.375 	 25.314 	 74.078
FD11172	134.500 	 25.349 	 74.122
FD11172	134.625 	 25.379 	 74.081
FD11172	134.750 	 25.416 	 73.994
FD11172	134.875 	 25.446 	 74.179
FD11172	135.000 	 25.473 	 74.180
FD11172	135.125 	 25.502 	 74.010
FD11172	135.250 	 25.530 	 74.043
FD11172	135.375 	 25.556 	 74.127
FD11172	135.500 	 25.578 	 74.204
FD11172	135.625 	 25.608 	 74.246
FD11172	135.750 	 25.634 	 74.125
FD11172	135.875 	 25.653 	 74.147
FD11172	136.000 	 25.676 	 74.213
FD11172	136.125 	 25.696 	 74.224
FD11172	136.250 	 25.714 	 74.114
FD11172	136.375 	 25.735 	 74.004
FD11172	136.500 	 25.750 	 74.164
FD11172	136.625 	 25.769 	 74.081
FD11172	136.750 	 25.785 	 73.822
FD11172	136.875 	 25.798 	 73.798
FD11172	137.000 	 25.817 	 73.881
FD11172	137.125 	 25.830 	 73.917
FD11172	137.250 	 25.847 	 73.894
FD11172	137.375 	 25.857 	 73.836
FD11172	137.500 	 25.866 	 73.804
FD11172	137.625 	 25.881 	 73.757
FD11172	137.750 	 25.887 	 73.696
FD11172	137.875 	 25.895 	 73.636
FD11172	138.000 	 25.909 	 73.558
FD11172	138.125 	 25.917 	 73.569
FD11172	138.250 	 25.925 	 73.625
FD11172	138.375 	 25.940 	 73.556
FD11172	138.500 	 25.945 	 73.485
FD11172	138.625 	 25.960 	 73.479
FD11172	138.750 	 25.971 	 73.463
FD11172	138.875 	 25.985 	 73.502
FD11172	139.000 	 26.000 	 73.572
FD11172	139.125 	 26.018 	 73.633
FD11172	139.250 	 26.040 	 73.568
FD11172	139.375 	 26.059 	 73.556
FD11172	139.500 	 26.078 	 73.759
FD11172	139.625 	 26.098 	 73.828
FD11172	139.750 	 26.118 	 73.636
FD11172	139.875 	 26.139 	 73.471
FD11172	140.000 	 26.160 	 73.554
FD11172	140.125 	 26.173 	 73.554
FD11172	140.250 	 26.184 	 73.416
FD11172	140.375 	 26.203 	 73.320
FD11172	140.500 	 26.215 	 73.271
FD11172	140.625 	 26.231 	 73.215
FD11172	140.750 	 26.241 	 73.194
FD11172	140.875 	 26.256 	 73.202
FD11172	141.000 	 26.264 	 73.065
FD11172	141.125 	 26.270 	 73.075
FD11172	141.250 	 26.275 	 73.208
FD11172	141.375 	 26.279 	 73.125
FD11172	141.500 	 26.288 	 73.020
FD11172	141.625 	 26.287 	 73.144
FD11172	141.750 	 26.291 	 73.177
FD11172	141.875 	 26.297 	 72.996
FD11172	142.000 	 26.303 	 73.012
FD11172	142.125 	 26.312 	 73.172
FD11172	142.250 	 26.318 	 73.072
FD11172	142.375 	 26.329 	 72.985
FD11172	142.500 	 26.337 	 73.122
FD11172	142.625 	 26.354 	 73.200
FD11172	142.750 	 26.362 	 73.254
FD11172	142.875 	 26.370 	 73.226
FD11172	143.000 	 26.386 	 73.128
FD11172	143.125 	 26.394 	 73.114
FD11172	143.250 	 26.404 	 73.202
FD11172	143.375 	 26.418 	 73.298
FD11172	143.500 	 26.427 	 73.194
FD11172	143.625 	 26.434 	 73.037
FD11172	143.750 	 26.448 	 73.009
FD11172	143.875 	 26.449 	 73.070
FD11172	144.000 	 26.459 	 73.026
FD11172	144.125 	 26.468 	 72.853
FD11172	144.250 	 26.471 	 73.002
FD11172	144.375 	 26.483 	 73.224
FD11172	144.500 	 26.486 	 73.059
FD11172	144.625 	 26.489 	 73.032
FD11172	144.750 	 26.490 	 73.153
FD11172	144.875 	 26.489 	 73.174
FD11172	145.000 	 26.488 	 73.185
FD11172	145.125 	 26.487 	 73.095
FD11172	145.250 	 26.485 	 72.991
FD11172	145.375 	 26.480 	 73.122
FD11172	145.500 	 26.478 	 73.205
FD11172	145.625 	 26.474 	 72.963
FD11172	145.750 	 26.471 	 72.875
FD11172	145.875 	 26.464 	 72.993
FD11172	146.000 	 26.459 	 73.131
FD11172	146.125 	 26.452 	 73.235
FD11172	146.250 	 26.446 	 73.141
FD11172	146.375 	 26.436 	 73.002
FD11172	146.500 	 26.433 	 73.029
FD11172	146.625 	 26.434 	 73.059
FD11172	146.750 	 26.437 	 73.031
FD11172	146.875 	 26.438 	 73.070
FD11172	147.000 	 26.450 	 73.158
FD11172	147.125 	 26.458 	 73.219
FD11172	147.250 	 26.466 	 73.257
FD11172	147.375 	 26.481 	 73.224
FD11172	147.500 	 26.493 	 73.164
FD11172	147.625 	 26.512 	 73.276
FD11172	147.750 	 26.526 	 73.204
FD11172	147.875 	 26.548 	 72.980
FD11172	148.000 	 26.567 	 73.040
FD11172	148.125 	 26.592 	 73.081
FD11172	148.250 	 26.614 	 72.938
FD11172	148.375 	 26.636 	 73.031
FD11172	148.500 	 26.660 	 73.098
FD11172	148.625 	 26.680 	 72.796
FD11172	148.750 	 26.700 	 72.630
FD11172	148.875 	 26.715 	 72.700
FD11172	149.000 	 26.734 	 72.727
FD11172	149.125 	 26.748 	 72.735
FD11172	149.250 	 26.768 	 72.702
FD11172	149.375 	 26.784 	 72.571
FD11172	149.500 	 26.797 	 72.515
FD11172	149.625 	 26.811 	 72.675
FD11172	149.750 	 26.815 	 72.696
FD11172	149.875 	 26.828 	 72.571
FD11172	150.000 	 26.832 	 72.581
FD11172	150.125 	 26.835 	 72.669
FD11172	150.250 	 26.836 	 72.642
FD11172	150.375 	 26.838 	 72.460
FD11172	150.500 	 26.831 	 72.455
FD11172	150.625 	 26.824 	 72.554
FD11172	150.750 	 26.823 	 72.400
FD11172	150.875 	 26.812 	 72.292
FD11172	151.000 	 26.811 	 72.513
FD11172	151.125 	 26.801 	 72.639
FD11172	151.250 	 26.792 	 72.447
FD11172	151.375 	 26.788 	 72.328
FD11172	151.500 	 26.777 	 72.471
FD11172	151.625 	 26.771 	 72.642
FD11172	151.750 	 26.766 	 72.593
FD11172	151.875 	 26.759 	 72.373
FD11172	152.000 	 26.757 	 72.290
FD11172	152.125 	 26.758 	 72.493
FD11172	152.250 	 26.753 	 72.653
FD11172	152.375 	 26.762 	 72.507
FD11172	152.500 	 26.767 	 72.369
FD11172	152.625 	 26.773 	 72.378
FD11172	152.750 	 26.783 	 72.445
FD11172	152.875 	 26.788 	 72.364
FD11172	153.000 	 26.799 	 72.211
FD11172	153.125 	 26.808 	 72.348
FD11172	153.250 	 26.824 	 72.452
FD11172	153.375 	 26.834 	 72.265
FD11172	153.500 	 26.846 	 72.117
FD11172	153.625 	 26.857 	 72.147
FD11172	153.750 	 26.873 	 72.208
FD11172	153.875 	 26.883 	 72.197
FD11172	154.000 	 26.894 	 72.113
FD11172	154.125 	 26.909 	 72.139
FD11172	154.250 	 26.909 	 72.200
FD11172	154.375 	 26.920 	 72.072
FD11172	154.500 	 26.925 	 72.030
FD11172	154.625 	 26.931 	 72.042
FD11172	154.750 	 26.941 	 72.048
FD11172	154.875 	 26.938 	 72.026
FD11172	155.000 	 26.947 	 71.890
FD11172	155.125 	 26.945 	 71.818
FD11172	155.250 	 26.945 	 71.894
FD11172	155.375 	 26.950 	 72.021
FD11172	155.500 	 26.952 	 72.119
FD11172	155.625 	 26.955 	 72.087
FD11172	155.750 	 26.960 	 72.004
FD11172	155.875 	 26.971 	 71.981
FD11172	156.000 	 26.980 	 72.032
FD11172	156.125 	 26.999 	 72.166
FD11172	156.250 	 27.009 	 72.058
FD11172	156.375 	 27.029 	 71.856
FD11172	156.500 	 27.048 	 71.944
FD11172	156.625 	 27.067 	 71.996
FD11172	156.750 	 27.091 	 71.991
FD11172	156.875 	 27.113 	 72.004
FD11172	157.000 	 27.139 	 71.762
FD11172	157.125 	 27.160 	 71.610
FD11172	157.250 	 27.185 	 71.686
FD11172	157.375 	 27.206 	 71.565
FD11172	157.500 	 27.231 	 71.340
FD11172	157.625 	 27.253 	 71.422
FD11172	157.750 	 27.267 	 71.499
FD11172	157.875 	 27.286 	 71.279
FD11172	158.000 	 27.299 	 71.147
FD11172	158.125 	 27.313 	 71.200
FD11172	158.250 	 27.330 	 71.326
FD11172	158.375 	 27.338 	 71.344
FD11172	158.500 	 27.354 	 71.098
FD11172	158.625 	 27.365 	 70.986
FD11172	158.750 	 27.369 	 71.128
FD11172	158.875 	 27.376 	 71.254
FD11172	159.000 	 27.374 	 71.282
FD11172	159.125 	 27.376 	 71.261
FD11172	159.250 	 27.376 	 71.216
FD11172	159.375 	 27.373 	 71.241
FD11172	159.500 	 27.369 	 71.185
FD11172	159.625 	 27.368 	 70.959
FD11172	159.750 	 27.365 	 71.012
FD11172	159.875 	 27.362 	 71.238
FD11172	160.000 	 27.366 	 71.173
FD11172	160.125 	 27.366 	 71.016
FD11172	160.250 	 27.363 	 71.087
FD11172	160.375 	 27.367 	 71.243
FD11172	160.500 	 27.366 	 71.298
FD11172	160.625 	 27.364 	 71.170
FD11172	160.750 	 27.371 	 71.066
FD11172	160.875 	 27.365 	 71.263
FD11172	161.000 	 27.373 	 71.322
FD11172	161.125 	 27.369 	 71.101
FD11172	161.250 	 27.380 	 71.035
FD11172	161.375 	 27.386 	 71.134
FD11172	161.500 	 27.395 	 71.068
FD11172	161.625 	 27.402 	 70.856
FD11172	161.750 	 27.414 	 70.725
FD11172	161.875 	 27.421 	 70.758
FD11172	162.000 	 27.432 	 70.922
FD11172	162.125 	 27.435 	 70.887
FD11172	162.250 	 27.438 	 70.760
FD11172	162.375 	 27.447 	 70.689
FD11172	162.500 	 27.454 	 70.739
FD11172	162.625 	 27.460 	 70.772
FD11172	162.750 	 27.470 	 70.551
FD11172	162.875 	 27.479 	 70.465
FD11172	163.000 	 27.495 	 70.720
FD11172	163.125 	 27.513 	 70.785
FD11172	163.250 	 27.526 	 70.489
FD11172	163.375 	 27.545 	 70.474
FD11172	163.500 	 27.558 	 70.568
FD11172	163.625 	 27.574 	 70.497
FD11172	163.750 	 27.579 	 70.452
FD11172	163.875 	 27.593 	 70.310
FD11172	164.000 	 27.600 	 70.211
FD11172	164.125 	 27.607 	 70.343
FD11172	164.250 	 27.609 	 70.370
FD11172	164.375 	 27.612 	 70.129
FD11172	164.500 	 27.614 	 70.047
FD11172	164.625 	 27.612 	 70.282
FD11172	164.750 	 27.612 	 70.464
FD11172	164.875 	 27.610 	 70.288
FD11172	165.000 	 27.602 	 70.139
FD11172	165.125 	 27.602 	 70.349
FD11172	165.250 	 27.592 	 70.485
FD11172	165.375 	 27.591 	 70.289
FD11172	165.500 	 27.592 	 70.209
FD11172	165.625 	 27.586 	 70.349
FD11172	165.750 	 27.583 	 70.349
FD11172	165.875 	 27.580 	 70.247
FD11172	166.000 	 27.574 	 70.329
FD11172	166.125 	 27.573 	 70.449
FD11172	166.250 	 27.570 	 70.642
FD11172	166.375 	 27.575 	 70.743
FD11172	166.500 	 27.583 	 70.536
FD11172	166.625 	 27.596 	 70.324
FD11172	166.750 	 27.614 	 70.137
FD11172	166.875 	 27.632 	 70.060
FD11172	167.000 	 27.652 	 70.148
FD11172	167.125 	 27.664 	 70.310
FD11172	167.250 	 27.679 	 70.623
FD11172	167.375 	 27.685 	 70.949
FD11172	167.500 	 27.690 	 70.995
FD11172	167.625 	 27.689 	 70.734
FD11172	167.750 	 27.688 	 70.381
FD11172	167.875 	 27.687 	 70.172
FD11172	168.000 	 27.687 	 70.111
FD11172	168.125 	 27.689 	 70.143
FD11172	168.250 	 27.690 	 70.230
FD11172	168.375 	 27.694 	 70.236
FD11172	168.500 	 27.688 	 70.213
FD11172	168.625 	 27.685 	 70.143
FD11172	168.750 	 27.676 	 70.230
FD11172	168.875 	 27.664 	 70.352
FD11172	169.000 	 27.654 	 70.333
FD11172	169.125 	 27.645 	 70.475
FD11172	169.250 	 27.637 	 70.473
FD11172	169.375 	 27.628 	 70.294
FD11172	169.500 	 27.624 	 70.414
FD11172	169.625 	 27.618 	 70.662
FD11172	169.750 	 27.621 	 70.524
FD11172	169.875 	 27.622 	 70.335
FD11172	170.000 	 27.622 	 70.318
FD11172	170.125 	 27.624 	 70.493
FD11172	170.250 	 27.626 	 70.571
FD11172	170.375 	 27.623 	 70.386
FD11172	170.500 	 27.619 	 70.518
FD11172	170.625 	 27.620 	 70.712
FD11172	170.750 	 27.613 	 70.534
FD11172	170.875 	 27.612 	 70.565
FD11172	171.000 	 27.613 	 70.726
FD11172	171.125 	 27.613 	 70.636
FD11172	171.250 	 27.619 	 70.620
FD11172	171.375 	 27.617 	 70.642
FD11172	171.500 	 27.623 	 70.466
FD11172	171.625 	 27.620 	 70.499
FD11172	171.750 	 27.626 	 70.692
FD11172	171.875 	 27.626 	 70.499
FD11172	172.000 	 27.634 	 70.389
FD11172	172.125 	 27.632 	 70.504
FD11172	172.250 	 27.640 	 70.407
FD11172	172.375 	 27.639 	 70.299
FD11172	172.500 	 27.635 	 70.239
FD11172	172.625 	 27.637 	 70.172
FD11172	172.750 	 27.631 	 70.321
FD11172	172.875 	 27.628 	 70.334
FD11172	173.000 	 27.624 	 70.099
FD11172	173.125 	 27.621 	 70.054
FD11172	173.250 	 27.617 	 70.072
FD11172	173.375 	 27.613 	 69.968
FD11172	173.500 	 27.609 	 70.024
FD11172	173.625 	 27.608 	 70.056
FD11172	173.750 	 27.604 	 70.047
FD11172	173.875 	 27.607 	 70.162
FD11172	174.000 	 27.608 	 70.233
FD11172	174.125 	 27.611 	 70.198
FD11172	174.250 	 27.616 	 70.203
FD11172	174.375 	 27.622 	 70.194
FD11172	174.500 	 27.629 	 70.178
FD11172	174.625 	 27.631 	 70.120
FD11172	174.750 	 27.641 	 70.111
FD11172	174.875 	 27.641 	 70.364
FD11172	175.000 	 27.644 	 70.354
FD11172	175.125 	 27.647 	 70.201
FD11172	175.250 	 27.650 	 70.259
FD11172	175.375 	 27.654 	 70.185
FD11172	175.500 	 27.658 	 70.107
FD11172	175.625 	 27.665 	 70.272
FD11172	175.750 	 27.678 	 70.204
FD11172	175.875 	 27.681 	 70.186
FD11172	176.000 	 27.689 	 70.450
FD11172	176.125 	 27.696 	 70.414
FD11172	176.250 	 27.698 	 70.391
FD11172	176.375 	 27.703 	 70.561
FD11172	176.500 	 27.706 	 70.515
FD11172	176.625 	 27.714 	 70.405
FD11172	176.750 	 27.723 	 70.357
FD11172	176.875 	 27.733 	 70.128
FD11172	177.000 	 27.746 	 70.002
FD11172	177.125 	 27.759 	 70.233
FD11172	177.250 	 27.768 	 70.227
FD11172	177.375 	 27.780 	 70.105
FD11172	177.500 	 27.790 	 70.224
FD11172	177.625 	 27.800 	 70.264
FD11172	177.750 	 27.800 	 70.219
FD11172	177.875 	 27.809 	 70.108
FD11172	178.000 	 27.814 	 69.964
FD11172	178.125 	 27.811 	 69.938
FD11172	178.250 	 27.809 	 69.906
FD11172	178.375 	 27.806 	 69.821
FD11172	178.500 	 27.795 	 69.947
FD11172	178.625 	 27.788 	 70.091
FD11172	178.750 	 27.772 	 70.034
FD11172	178.875 	 27.753 	 69.989
FD11172	179.000 	 27.734 	 69.807
FD11172	179.125 	 27.715 	 69.695
FD11172	179.250 	 27.692 	 69.908
FD11172	179.375 	 27.673 	 70.001
FD11172	179.500 	 27.656 	 70.074
FD11172	179.625 	 27.638 	 70.209
FD11172	179.750 	 27.615 	 70.142
FD11172	179.875 	 27.596 	 70.267
FD11172	180.000 	 27.582 	 70.560
FD11172	180.125 	 27.574 	 70.576
FD11172	180.250 	 27.569 	 70.544
FD11172	180.375 	 27.571 	 70.602
FD11172	180.500 	 27.582 	 70.465
FD11172	180.625 	 27.598 	 70.335
FD11172	180.750 	 27.618 	 70.252
FD11172	180.875 	 27.636 	 70.175
FD11172	181.000 	 27.668 	 70.363
FD11172	181.125 	 27.690 	 70.479
FD11172	181.250 	 27.718 	 70.289
FD11172	181.375 	 27.742 	 70.293
FD11172	181.500 	 27.765 	 70.316
FD11172	181.625 	 27.781 	 70.081
FD11172	181.750 	 27.803 	 69.956
FD11172	181.875 	 27.819 	 69.906
FD11172	182.000 	 27.834 	 69.918
FD11172	182.125 	 27.840 	 69.972
FD11172	182.250 	 27.845 	 69.911
FD11172	182.375 	 27.853 	 69.761
FD11172	182.500 	 27.857 	 69.843
FD11172	182.625 	 27.853 	 69.890
FD11172	182.750 	 27.852 	 69.669
FD11172	182.875 	 27.847 	 69.563
FD11172	183.000 	 27.844 	 69.743
FD11172	183.125 	 27.837 	 69.813
FD11172	183.250 	 27.828 	 69.665
FD11172	183.375 	 27.822 	 69.755
FD11172	183.500 	 27.816 	 69.914
FD11172	183.625 	 27.811 	 69.733
FD11172	183.750 	 27.806 	 69.617
FD11172	183.875 	 27.800 	 69.558
FD11172	184.000 	 27.799 	 69.431
FD11172	184.125 	 27.792 	 69.662
FD11172	184.250 	 27.785 	 69.695
FD11172	184.375 	 27.784 	 69.384
FD11172	184.500 	 27.776 	 69.615
FD11172	184.625 	 27.767 	 69.906
FD11172	184.750 	 27.763 	 69.648
FD11172	184.875 	 27.759 	 69.457
FD11172	185.000 	 27.754 	 69.505
FD11172	185.125 	 27.755 	 69.680
FD11172	185.250 	 27.752 	 69.807
FD11172	185.375 	 27.751 	 69.760
FD11172	185.500 	 27.754 	 69.574
FD11172	185.625 	 27.751 	 69.629
FD11172	185.750 	 27.754 	 69.905
FD11172	185.875 	 27.758 	 69.875
FD11172	186.000 	 27.763 	 69.865
FD11172	186.125 	 27.773 	 69.898
FD11172	186.250 	 27.779 	 69.793
FD11172	186.375 	 27.789 	 69.911
FD11172	186.500 	 27.796 	 69.852
FD11172	186.625 	 27.806 	 69.625
FD11172	186.750 	 27.814 	 69.818
FD11172	186.875 	 27.830 	 69.973
FD11172	187.000 	 27.838 	 69.736
FD11172	187.125 	 27.849 	 69.589
FD11172	187.250 	 27.855 	 69.606
FD11172	187.375 	 27.865 	 69.646
FD11172	187.500 	 27.869 	 69.749
FD11172	187.625 	 27.877 	 69.633
FD11172	187.750 	 27.883 	 69.613
FD11172	187.875 	 27.887 	 69.717
FD11172	188.000 	 27.894 	 69.512
FD11172	188.125 	 27.900 	 69.316
FD11172	188.250 	 27.907 	 69.299
FD11172	188.375 	 27.913 	 69.336
FD11172	188.500 	 27.918 	 69.411
FD11172	188.625 	 27.930 	 69.591
FD11172	188.750 	 27.941 	 69.552
FD11172	188.875 	 27.950 	 69.488
FD11172	189.000 	 27.957 	 69.691
FD11172	189.125 	 27.964 	 69.611
FD11172	189.250 	 27.981 	 69.426
FD11172	189.375 	 27.996 	 69.607
FD11172	189.500 	 28.011 	 69.856
FD11172	189.625 	 28.030 	 69.718
FD11172	189.750 	 28.055 	 69.588
FD11172	189.875 	 28.076 	 69.750
FD11172	190.000 	 28.096 	 69.749
FD11172	190.125 	 28.128 	 69.511
FD11172	190.250 	 28.153 	 69.511
FD11172	190.375 	 28.180 	 69.534
FD11172	190.500 	 28.210 	 69.398
FD11172	190.625 	 28.237 	 69.435
FD11172	190.750 	 28.259 	 69.318
FD11172	190.875 	 28.282 	 69.224
FD11172	191.000 	 28.303 	 69.549
FD11172	191.125 	 28.325 	 69.632
FD11172	191.250 	 28.341 	 69.362
FD11172	191.375 	 28.359 	 69.247
FD11172	191.500 	 28.372 	 69.208
FD11172	191.625 	 28.384 	 69.317
FD11172	191.750 	 28.390 	 69.271
FD11172	191.875 	 28.398 	 68.911
FD11172	192.000 	 28.401 	 68.933
FD11172	192.125 	 28.404 	 69.162
FD11172	192.250 	 28.408 	 68.970
FD11172	192.375 	 28.404 	 68.922
FD11172	192.500 	 28.404 	 68.967
FD11172	192.625 	 28.402 	 68.947
FD11172	192.750 	 28.399 	 69.212
FD11172	192.875 	 28.398 	 69.253
FD11172	193.000 	 28.390 	 69.153
FD11172	193.125 	 28.386 	 69.379
FD11172	193.250 	 28.382 	 69.509
FD11172	193.375 	 28.375 	 69.294
FD11172	193.500 	 28.370 	 69.157
FD11172	193.625 	 28.359 	 69.182
FD11172	193.750 	 28.354 	 69.234
FD11172	193.875 	 28.342 	 69.187
FD11172	194.000 	 28.330 	 69.027
FD11172	194.125 	 28.318 	 69.150
FD11172	194.250 	 28.308 	 69.404
FD11172	194.375 	 28.293 	 69.237
FD11172	194.500 	 28.276 	 69.065
FD11172	194.625 	 28.265 	 69.219
FD11172	194.750 	 28.253 	 69.303
FD11172	194.875 	 28.239 	 69.274
FD11172	195.000 	 28.227 	 69.363
FD11172	195.125 	 28.221 	 69.349
FD11172	195.250 	 28.211 	 69.304
FD11172	195.375 	 28.208 	 69.502
FD11172	195.500 	 28.207 	 69.552
FD11172	195.625 	 28.210 	 69.451
FD11172	195.750 	 28.213 	 69.592
FD11172	195.875 	 28.224 	 69.733
FD11172	196.000 	 28.237 	 69.712
FD11172	196.125 	 28.252 	 69.730
FD11172	196.250 	 28.264 	 69.719
FD11172	196.375 	 28.289 	 69.745
FD11172	196.500 	 28.303 	 69.754
FD11172	196.625 	 28.324 	 69.745
FD11172	196.750 	 28.342 	 69.892
FD11172	196.875 	 28.358 	 69.949
FD11172	197.000 	 28.377 	 69.797
FD11172	197.125 	 28.394 	 69.652
FD11172	197.250 	 28.408 	 69.604
FD11172	197.375 	 28.427 	 69.561
FD11172	197.500 	 28.434 	 69.389
FD11172	197.625 	 28.444 	 69.346
FD11172	197.750 	 28.449 	 69.427
FD11172	197.875 	 28.457 	 69.427
FD11172	198.000 	 28.456 	 69.403
FD11172	198.125 	 28.452 	 69.470
FD11172	198.250 	 28.451 	 69.502
FD11172	198.375 	 28.438 	 69.374
FD11172	198.500 	 28.429 	 69.396
FD11172	198.625 	 28.417 	 69.431
FD11172	198.750 	 28.407 	 69.435
FD11172	198.875 	 28.392 	 69.623
FD11172	199.000 	 28.385 	 69.667
FD11172	199.125 	 28.377 	 69.428
FD11172	199.250 	 28.377 	 69.433
FD11172	199.375 	 28.377 	 69.654
FD11172	199.500 	 28.388 	 69.610
FD11172	199.625 	 28.397 	 69.530
FD11172	199.750 	 28.407 	 69.508
FD11172	199.875 	 28.419 	 69.610
FD11172	200.000 	 28.430 	 69.801
FD11172	200.125 	 28.443 	 69.730
FD11172	200.250 	 28.454 	 69.669
FD11172	200.375 	 28.463 	 69.727
FD11172	200.500 	 28.474 	 69.519
FD11172	200.625 	 28.489 	 69.331
FD11172	200.750 	 28.499 	 69.267
FD11172	200.875 	 28.508 	 69.168
FD11172	201.000 	 28.518 	 69.222
FD11172	201.125 	 28.519 	 69.280
FD11172	201.250 	 28.515 	 69.291
FD11172	201.375 	 28.507 	 69.304
FD11172	201.500 	 28.491 	 69.370
FD11172	201.625 	 28.478 	 69.358
FD11172	201.750 	 28.459 	 69.279
FD11172	201.875 	 28.445 	 69.362
FD11172	202.000 	 28.428 	 69.445
FD11172	202.125 	 28.416 	 69.428
FD11172	202.250 	 28.403 	 69.522
FD11172	202.375 	 28.399 	 69.707
FD11172	202.500 	 28.388 	 69.720
FD11172	202.625 	 28.382 	 69.664
FD11172	202.750 	 28.376 	 69.653
FD11172	202.875 	 28.374 	 69.632
FD11172	203.000 	 28.372 	 69.570
FD11172	203.125 	 28.379 	 69.624
FD11172	203.250 	 28.377 	 69.721
FD11172	203.375 	 28.386 	 69.653
FD11172	203.500 	 28.395 	 69.490
FD11172	203.625 	 28.397 	 69.463
FD11172	203.750 	 28.409 	 69.611
FD11172	203.875 	 28.417 	 69.591
FD11172	204.000 	 28.428 	 69.531
FD11172	204.125 	 28.437 	 69.608
FD11172	204.250 	 28.456 	 69.544
FD11172	204.375 	 28.466 	 69.508
FD11172	204.500 	 28.487 	 69.661
FD11172	204.625 	 28.503 	 69.673
FD11172	204.750 	 28.522 	 69.563
FD11172	204.875 	 28.540 	 69.624
FD11172	205.000 	 28.553 	 69.731
FD11172	205.125 	 28.573 	 69.603
FD11172	205.250 	 28.582 	 69.544
FD11172	205.375 	 28.601 	 69.632
FD11172	205.500 	 28.611 	 69.539
FD11172	205.625 	 28.628 	 69.526
FD11172	205.750 	 28.638 	 69.473
FD11172	205.875 	 28.649 	 69.402
FD11172	206.000 	 28.657 	 69.551
FD11172	206.125 	 28.668 	 69.575
FD11172	206.250 	 28.674 	 69.440
FD11172	206.375 	 28.680 	 69.437
FD11172	206.500 	 28.682 	 69.519
FD11172	206.625 	 28.685 	 69.612
FD11172	206.750 	 28.683 	 69.700
FD11172	206.875 	 28.680 	 69.686
FD11172	207.000 	 28.680 	 69.614
FD11172	207.125 	 28.677 	 69.546
FD11172	207.250 	 28.672 	 69.573
FD11172	207.375 	 28.675 	 69.656
FD11172	207.500 	 28.670 	 69.612
FD11172	207.625 	 28.673 	 69.536
FD11172	207.750 	 28.668 	 69.628
FD11172	207.875 	 28.673 	 69.678
FD11172	208.000 	 28.667 	 69.497
FD11172	208.125 	 28.668 	 69.574
FD11172	208.250 	 28.673 	 69.860
FD11172	208.375 	 28.667 	 69.777
FD11172	208.500 	 28.667 	 69.672
FD11172	208.625 	 28.669 	 69.769
FD11172	208.750 	 28.674 	 69.757
FD11172	208.875 	 28.675 	 69.696
FD11172	209.000 	 28.673 	 69.666
FD11172	209.125 	 28.681 	 69.683
FD11172	209.250 	 28.685 	 69.663
FD11172	209.375 	 28.688 	 69.592
FD11172	209.500 	 28.698 	 69.626
FD11172	209.625 	 28.700 	 69.685
FD11172	209.750 	 28.709 	 69.577
FD11172	209.875 	 28.716 	 69.563
FD11172	210.000 	 28.717 	 69.683
FD11172	210.125 	 28.726 	 69.772
FD11172	210.250 	 28.733 	 69.727
FD11172	210.375 	 28.739 	 69.604
FD11172	210.500 	 28.745 	 69.641
FD11172	210.625 	 28.747 	 69.582
FD11172	210.750 	 28.759 	 69.480
FD11172	210.875 	 28.760 	 69.598
FD11172	211.000 	 28.771 	 69.598
FD11172	211.125 	 28.773 	 69.481
FD11172	211.250 	 28.781 	 69.650
FD11172	211.375 	 28.783 	 69.827
FD11172	211.500 	 28.783 	 69.639
FD11172	211.625 	 28.788 	 69.577
FD11172	211.750 	 28.784 	 69.696
FD11172	211.875 	 28.783 	 69.639
FD11172	212.000 	 28.782 	 69.738
FD11172	212.125 	 28.779 	 69.861
FD11172	212.250 	 28.778 	 69.672
FD11172	212.375 	 28.775 	 69.618
FD11172	212.500 	 28.775 	 69.849
FD11172	212.625 	 28.769 	 69.951
FD11172	212.750 	 28.767 	 69.751
FD11172	212.875 	 28.766 	 69.661
FD11172	213.000 	 28.766 	 69.875
FD11172	213.125 	 28.768 	 70.017
FD11172	213.250 	 28.770 	 69.933
FD11172	213.375 	 28.777 	 69.760
FD11172	213.500 	 28.784 	 69.625
FD11172	213.625 	 28.791 	 69.588
FD11172	213.750 	 28.795 	 69.531
FD11172	213.875 	 28.798 	 69.615
FD11172	214.000 	 28.806 	 69.818
FD11172	214.125 	 28.810 	 69.731
FD11172	214.250 	 28.811 	 69.631
FD11172	214.375 	 28.811 	 69.794
FD11172	214.500 	 28.809 	 69.711
FD11172	214.625 	 28.804 	 69.483
FD11172	214.750 	 28.802 	 69.550
FD11172	214.875 	 28.794 	 69.687
FD11172	215.000 	 28.782 	 69.679
FD11172	215.125 	 28.767 	 69.522
FD11172	215.250 	 28.753 	 69.567
FD11172	215.375 	 28.737 	 69.681
FD11172	215.500 	 28.723 	 69.614
FD11172	215.625 	 28.704 	 69.512
FD11172	215.750 	 28.694 	 69.564
FD11172	215.875 	 28.686 	 69.720
FD11172	216.000 	 28.679 	 69.706
FD11172	216.125 	 28.671 	 69.799
FD11172	216.250 	 28.672 	 70.023
FD11172	216.375 	 28.672 	 69.961
FD11172	216.500 	 28.678 	 69.857
FD11172	216.625 	 28.691 	 69.796
FD11172	216.750 	 28.703 	 69.844
FD11172	216.875 	 28.716 	 69.993
FD11172	217.000 	 28.737 	 69.947
FD11172	217.125 	 28.753 	 69.817
FD11172	217.250 	 28.777 	 69.813
FD11172	217.375 	 28.795 	 69.815
FD11172	217.500 	 28.815 	 69.762
FD11172	217.625 	 28.835 	 69.812
FD11172	217.750 	 28.853 	 69.665
FD11172	217.875 	 28.869 	 69.442
FD11172	218.000 	 28.886 	 69.613
FD11172	218.125 	 28.900 	 69.690
FD11172	218.250 	 28.919 	 69.571
FD11172	218.375 	 28.929 	 69.628
FD11172	218.500 	 28.943 	 69.636
FD11172	218.625 	 28.952 	 69.611
FD11172	218.750 	 28.958 	 69.623
FD11172	218.875 	 28.967 	 69.735
FD11172	219.000 	 28.969 	 69.806
FD11172	219.125 	 28.974 	 69.733
FD11172	219.250 	 28.980 	 69.767
FD11172	219.375 	 28.975 	 69.861
FD11172	219.500 	 28.977 	 69.797
FD11172	219.625 	 28.972 	 69.680
FD11172	219.750 	 28.967 	 69.807
FD11172	219.875 	 28.959 	 69.899
FD11172	220.000 	 28.953 	 69.826
FD11172	220.125 	 28.941 	 69.880
FD11172	220.250 	 28.926 	 69.851
FD11172	220.375 	 28.912 	 69.730
FD11172	220.500 	 28.897 	 69.720
FD11172	220.625 	 28.882 	 69.771
FD11172	220.750 	 28.868 	 69.875
FD11172	220.875 	 28.855 	 69.881
FD11172	221.000 	 28.842 	 69.838
FD11172	221.125 	 28.831 	 69.867
FD11172	221.250 	 28.815 	 69.873
FD11172	221.375 	 28.806 	 69.954
FD11172	221.500 	 28.791 	 70.018
FD11172	221.625 	 28.788 	 69.966
FD11172	221.750 	 28.780 	 69.972
FD11172	221.875 	 28.773 	 69.899
FD11172	222.000 	 28.773 	 69.711
FD11172	222.125 	 28.770 	 69.645
FD11172	222.250 	 28.772 	 69.695
FD11172	222.375 	 28.776 	 69.765
FD11172	222.500 	 28.779 	 69.820
FD11172	222.625 	 28.781 	 69.818
FD11172	222.750 	 28.784 	 69.807
FD11172	222.875 	 28.791 	 69.779
FD11172	223.000 	 28.795 	 69.709
FD11172	223.125 	 28.802 	 69.696
FD11172	223.250 	 28.813 	 69.759
FD11172	223.375 	 28.831 	 69.660
FD11172	223.500 	 28.844 	 69.608
FD11172	223.625 	 28.863 	 69.663
FD11172	223.750 	 28.876 	 69.549
FD11172	223.875 	 28.897 	 69.503
FD11172	224.000 	 28.911 	 69.623
FD11172	224.125 	 28.925 	 69.675
FD11172	224.250 	 28.936 	 69.559
FD11172	224.375 	 28.943 	 69.463
FD11172	224.500 	 28.948 	 69.493
FD11172	224.625 	 28.955 	 69.414
FD11172	224.750 	 28.960 	 69.365
FD11172	224.875 	 28.960 	 69.426
FD11172	225.000 	 28.965 	 69.292
FD11172	225.125 	 28.967 	 69.340
FD11172	225.250 	 28.965 	 69.550
FD11172	225.375 	 28.970 	 69.447
FD11172	225.500 	 28.975 	 69.387
FD11172	225.625 	 28.972 	 69.565
FD11172	225.750 	 28.976 	 69.637
FD11172	225.875 	 28.980 	 69.671
FD11172	226.000 	 28.983 	 69.706
FD11172	226.125 	 28.989 	 69.751
FD11172	226.250 	 28.997 	 69.848
FD11172	226.375 	 29.009 	 69.845
FD11172	226.500 	 29.018 	 69.819
FD11172	226.625 	 29.033 	 69.763
FD11172	226.750 	 29.044 	 69.614
FD11172	226.875 	 29.056 	 69.570
FD11172	227.000 	 29.068 	 69.637
FD11172	227.125 	 29.075 	 69.603
FD11172	227.250 	 29.084 	 69.610
FD11172	227.375 	 29.088 	 69.699
FD11172	227.500 	 29.094 	 69.668
FD11172	227.625 	 29.097 	 69.538
FD11172	227.750 	 29.098 	 69.531
FD11172	227.875 	 29.103 	 69.622
FD11172	228.000 	 29.105 	 69.652
FD11172	228.125 	 29.109 	 69.636
FD11172	228.250 	 29.112 	 69.648
FD11172	228.375 	 29.115 	 69.675
FD11172	228.500 	 29.116 	 69.676
FD11172	228.625 	 29.122 	 69.701
FD11172	228.750 	 29.121 	 69.686
FD11172	228.875 	 29.133 	 69.604
FD11172	229.000 	 29.132 	 69.450
FD11172	229.125 	 29.140 	 69.334
FD11172	229.250 	 29.145 	 69.402
FD11172	229.375 	 29.154 	 69.482
FD11172	229.500 	 29.160 	 69.435
FD11172	229.625 	 29.168 	 69.350
FD11172	229.750 	 29.175 	 69.392
FD11172	229.875 	 29.181 	 69.385
FD11172	230.000 	 29.186 	 69.285
FD11172	230.125 	 29.188 	 69.324
FD11172	230.250 	 29.190 	 69.412
FD11172	230.375 	 29.195 	 69.340
FD11172	230.500 	 29.196 	 69.230
FD11172	230.625 	 29.191 	 69.394
FD11172	230.750 	 29.187 	 69.622
FD11172	230.875 	 29.186 	 69.525
FD11172	231.000 	 29.182 	 69.228
FD11172	231.125 	 29.170 	 69.237
FD11172	231.250 	 29.159 	 69.492
FD11172	231.375 	 29.150 	 69.488
FD11172	231.500 	 29.133 	 69.324
FD11172	231.625 	 29.124 	 69.358
FD11172	231.750 	 29.106 	 69.594
FD11172	231.875 	 29.095 	 69.603
FD11172	232.000 	 29.084 	 69.404
FD11172	232.125 	 29.073 	 69.392
FD11172	232.250 	 29.065 	 69.499
FD11172	232.375 	 29.050 	 69.656
FD11172	232.500 	 29.047 	 69.760
FD11172	232.625 	 29.037 	 69.673
FD11172	232.750 	 29.036 	 69.623
FD11172	232.875 	 29.032 	 69.710
FD11172	233.000 	 29.037 	 69.700
FD11172	233.125 	 29.040 	 69.594
FD11172	233.250 	 29.046 	 69.620
FD11172	233.375 	 29.055 	 69.666
FD11172	233.500 	 29.072 	 69.790
FD11172	233.625 	 29.082 	 69.850
FD11172	233.750 	 29.099 	 69.741
FD11172	233.875 	 29.113 	 69.656
FD11172	234.000 	 29.127 	 69.650
FD11172	234.125 	 29.145 	 69.766
FD11172	234.250 	 29.167 	 69.684
FD11172	234.375 	 29.184 	 69.621
FD11172	234.500 	 29.205 	 69.717
FD11172	234.625 	 29.227 	 69.622
FD11172	234.750 	 29.246 	 69.503
FD11172	234.875 	 29.268 	 69.549
FD11172	235.000 	 29.286 	 69.542
FD11172	235.125 	 29.298 	 69.464
FD11172	235.250 	 29.312 	 69.359
FD11172	235.375 	 29.320 	 69.249
FD11172	235.500 	 29.331 	 69.162
FD11172	235.625 	 29.337 	 69.187
FD11172	235.750 	 29.336 	 69.294
FD11172	235.875 	 29.341 	 69.323
FD11172	236.000 	 29.339 	 69.354
FD11172	236.125 	 29.329 	 69.333
FD11172	236.250 	 29.326 	 69.412
FD11172	236.375 	 29.314 	 69.551
FD11172	236.500 	 29.305 	 69.482
FD11172	236.625 	 29.296 	 69.298
FD11172	236.750 	 29.283 	 69.174
FD11172	236.875 	 29.270 	 69.189
FD11172	237.000 	 29.258 	 69.325
FD11172	237.125 	 29.247 	 69.314
FD11172	237.250 	 29.236 	 69.257
FD11172	237.375 	 29.228 	 69.408
FD11172	237.500 	 29.220 	 69.482
FD11172	237.625 	 29.217 	 69.418
FD11172	237.750 	 29.223 	 69.401
FD11172	237.875 	 29.221 	 69.374
FD11172	238.000 	 29.225 	 69.405
FD11172	238.125 	 29.237 	 69.373
FD11172	238.250 	 29.236 	 69.298
FD11172	238.375 	 29.251 	 69.391
FD11172	238.500 	 29.253 	 69.276
FD11172	238.625 	 29.262 	 69.279
FD11172	238.750 	 29.270 	 69.415
FD11172	238.875 	 29.284 	 69.229
FD11172	239.000 	 29.289 	 68.995
FD11172	239.125 	 29.311 	 69.084
FD11172	239.250 	 29.318 	 69.118
FD11172	239.375 	 29.339 	 68.893
FD11172	239.500 	 29.350 	 68.865
FD11172	239.625 	 29.368 	 69.179
FD11172	239.750 	 29.377 	 69.363
FD11172	239.875 	 29.388 	 69.199
FD11172	240.000 	 29.389 	 69.190
FD11172	240.125 	 29.398 	 69.376
FD11172	240.250 	 29.403 	 69.306
FD11172	240.375 	 29.401 	 69.198
FD11172	240.500 	 29.409 	 69.290
FD11172	240.625 	 29.404 	 69.221
FD11172	240.750 	 29.410 	 69.163
FD11172	240.875 	 29.403 	 69.103
FD11172	241.000 	 29.408 	 69.034
FD11172	241.125 	 29.404 	 69.138
FD11172	241.250 	 29.412 	 69.153
FD11172	241.375 	 29.403 	 69.148
FD11172	241.500 	 29.409 	 69.189
FD11172	241.625 	 29.403 	 69.204
FD11172	241.750 	 29.402 	 69.214
FD11172	241.875 	 29.401 	 69.318
FD11172	242.000 	 29.407 	 69.423
FD11172	242.125 	 29.409 	 69.369
FD11172	242.250 	 29.421 	 69.176
FD11172	242.375 	 29.429 	 69.027
FD11172	242.500 	 29.445 	 69.053
FD11172	242.625 	 29.467 	 69.038
FD11172	242.750 	 29.483 	 69.123
FD11172	242.875 	 29.505 	 69.309
FD11172	243.000 	 29.528 	 69.268
FD11172	243.125 	 29.552 	 69.124
FD11172	243.250 	 29.571 	 69.128
FD11172	243.375 	 29.598 	 69.206
FD11172	243.500 	 29.618 	 69.100
FD11172	243.625 	 29.648 	 68.983
FD11172	243.750 	 29.671 	 69.023
FD11172	243.875 	 29.685 	 69.059
FD11172	244.000 	 29.704 	 69.044
FD11172	244.125 	 29.719 	 69.050
FD11172	244.250 	 29.724 	 69.119
FD11172	244.375 	 29.730 	 69.141
FD11172	244.500 	 29.737 	 69.045
FD11172	244.625 	 29.738 	 68.999
FD11172	244.750 	 29.737 	 68.944
FD11172	244.875 	 29.730 	 68.850
FD11172	245.000 	 29.723 	 68.815
FD11172	245.125 	 29.704 	 68.808
FD11172	245.250 	 29.692 	 68.917
FD11172	245.375 	 29.663 	 69.129
FD11172	245.500 	 29.640 	 69.172
FD11172	245.625 	 29.611 	 69.086
FD11172	245.750 	 29.581 	 69.149
FD11172	245.875 	 29.553 	 69.319
FD11172	246.000 	 29.522 	 69.446
FD11172	246.125 	 29.499 	 69.404
FD11172	246.250 	 29.474 	 69.359
FD11172	246.375 	 29.452 	 69.573
FD11172	246.500 	 29.430 	 69.524
FD11172	246.625 	 29.412 	 69.209
FD11172	246.750 	 29.394 	 69.259
FD11172	246.875 	 29.374 	 69.381
FD11172	247.000 	 29.363 	 69.190
FD11172	247.125 	 29.352 	 69.056
FD11172	247.250 	 29.344 	 69.223
FD11172	247.375 	 29.343 	 69.193
FD11172	247.500 	 29.342 	 68.934
FD11172	247.625 	 29.345 	 69.000
FD11172	247.750 	 29.354 	 69.186
FD11172	247.875 	 29.361 	 69.040
FD11172	248.000 	 29.373 	 68.910
FD11172	248.125 	 29.385 	 69.114
FD11172	248.250 	 29.400 	 69.205
FD11172	248.375 	 29.407 	 68.960
FD11172	248.500 	 29.419 	 68.929
FD11172	248.625 	 29.428 	 69.217
FD11172	248.750 	 29.440 	 69.242
FD11172	248.875 	 29.446 	 68.944
FD11172	249.000 	 29.457 	 69.000
FD11172	249.125 	 29.467 	 69.137
FD11172	249.250 	 29.472 	 68.890
FD11172	249.375 	 29.479 	 68.849
FD11172	249.500 	 29.479 	 69.008
FD11172	249.625 	 29.483 	 69.061
FD11172	249.750 	 29.487 	 69.037
FD11172	249.875 	 29.492 	 69.027
FD11172	250.000 	 29.494 	 68.956
FD11172	250.125 	 29.502 	 68.772
FD11172	250.250 	 29.511 	 68.832
FD11172	250.375 	 29.521 	 68.990
FD11172	250.500 	 29.531 	 69.108
FD11172	250.625 	 29.542 	 69.143
FD11172	250.750 	 29.553 	 69.098
FD11172	250.875 	 29.568 	 69.203
FD11172	251.000 	 29.574 	 69.290
FD11172	251.125 	 29.594 	 69.186
FD11172	251.250 	 29.600 	 69.210
FD11172	251.375 	 29.616 	 69.217
FD11172	251.500 	 29.630 	 69.153
FD11172	251.625 	 29.642 	 69.155
FD11172	251.750 	 29.652 	 69.155
FD11172	251.875 	 29.666 	 69.170
FD11172	252.000 	 29.675 	 69.060
FD11172	252.125 	 29.679 	 68.914
FD11172	252.250 	 29.680 	 68.990
FD11172	252.375 	 29.676 	 69.109
FD11172	252.500 	 29.675 	 68.958
FD11172	252.625 	 29.665 	 68.901
FD11172	252.750 	 29.662 	 69.157
FD11172	252.875 	 29.655 	 69.261
FD11172	253.000 	 29.653 	 69.069
FD11172	253.125 	 29.647 	 68.967
FD11172	253.250 	 29.648 	 69.042
FD11172	253.375 	 29.646 	 69.173
FD11172	253.500 	 29.643 	 69.249
FD11172	253.625 	 29.648 	 69.264
FD11172	253.750 	 29.644 	 69.385
FD11172	253.875 	 29.634 	 69.504
FD11172	254.000 	 29.634 	 69.548
FD11172	254.125 	 29.629 	 69.539
FD11172	254.250 	 29.629 	 69.337
FD11172	254.375 	 29.635 	 69.222
FD11172	254.500 	 29.638 	 69.302
FD11172	254.625 	 29.648 	 69.282
FD11172	254.750 	 29.658 	 69.200
FD11172	254.875 	 29.670 	 69.247
FD11172	255.000 	 29.679 	 69.351
FD11172	255.125 	 29.687 	 69.403
FD11172	255.250 	 29.700 	 69.247
FD11172	255.375 	 29.707 	 69.182
FD11172	255.500 	 29.716 	 69.388
FD11172	255.625 	 29.731 	 69.300
FD11172	255.750 	 29.742 	 69.011
FD11172	255.875 	 29.754 	 68.963
FD11172	256.000 	 29.770 	 69.122
FD11172	256.125 	 29.779 	 68.970
FD11172	256.250 	 29.788 	 68.782
FD11172	256.375 	 29.796 	 69.007
FD11172	256.500 	 29.801 	 69.096
FD11172	256.625 	 29.805 	 68.952
FD11172	256.750 	 29.808 	 68.777
FD11172	256.875 	 29.808 	 68.701
FD11172	257.000 	 29.802 	 68.776
FD11172	257.125 	 29.798 	 68.835
FD11172	257.250 	 29.794 	 68.825
FD11172	257.375 	 29.782 	 68.758
FD11172	257.500 	 29.769 	 68.832
FD11172	257.625 	 29.759 	 69.009
FD11172	257.750 	 29.741 	 69.036
FD11172	257.875 	 29.726 	 68.855
FD11172	258.000 	 29.714 	 68.824
FD11172	258.125 	 29.710 	 69.045
FD11172	258.250 	 29.702 	 69.135
FD11172	258.375 	 29.705 	 69.016
FD11172	258.500 	 29.708 	 68.880
FD11172	258.625 	 29.719 	 68.914
FD11172	258.750 	 29.723 	 69.091
FD11172	258.875 	 29.731 	 69.296
FD11172	259.000 	 29.742 	 69.532
FD11172	259.125 	 29.760 	 69.623
FD11172	259.250 	 29.773 	 69.502
FD11172	259.375 	 29.794 	 69.415
FD11172	259.500 	 29.814 	 69.316
FD11172	259.625 	 29.838 	 69.074
FD11172	259.750 	 29.866 	 68.848
FD11172	259.875 	 29.886 	 68.767
FD11172	260.000 	 29.919 	 68.748
FD11172	260.125 	 29.938 	 68.694
FD11172	260.250 	 29.963 	 68.590
FD11172	260.375 	 29.977 	 68.626
FD11172	260.500 	 29.995 	 68.731
FD11172	260.625 	 30.004 	 68.657
FD11172	260.750 	 30.017 	 68.605
FD11172	260.875 	 30.023 	 68.607
FD11172	261.000 	 30.025 	 68.553
FD11172	261.125 	 30.029 	 68.570
FD11172	261.250 	 30.029 	 68.590
FD11172	261.375 	 30.031 	 68.579
FD11172	261.500 	 30.025 	 68.534
FD11172	261.625 	 30.029 	 68.628
FD11172	261.750 	 30.024 	 68.853
FD11172	261.875 	 30.030 	 68.738
FD11172	262.000 	 30.027 	 68.678
FD11172	262.125 	 30.035 	 68.731
FD11172	262.250 	 30.040 	 68.779
FD11172	262.375 	 30.043 	 68.814
FD11172	262.500 	 30.057 	 68.795
FD11172	262.625 	 30.067 	 68.948
FD11172	262.750 	 30.085 	 68.999
FD11172	262.875 	 30.092 	 68.858
FD11172	263.000 	 30.111 	 68.942
FD11172	263.125 	 30.127 	 68.946
FD11172	263.250 	 30.145 	 68.784
FD11172	263.375 	 30.153 	 68.718
FD11172	263.500 	 30.175 	 68.590
FD11172	263.625 	 30.188 	 68.324
FD11172	263.750 	 30.200 	 68.165
FD11172	263.875 	 30.208 	 68.253
FD11172	264.000 	 30.212 	 68.169
FD11172	264.125 	 30.214 	 68.027
FD11172	264.250 	 30.213 	 68.125
FD11172	264.375 	 30.210 	 68.162
FD11172	264.500 	 30.203 	 68.130
FD11172	264.625 	 30.196 	 68.129
FD11172	264.750 	 30.195 	 68.081
FD11172	264.875 	 30.186 	 68.039
FD11172	265.000 	 30.183 	 68.129
FD11172	265.125 	 30.188 	 68.266
FD11172	265.250 	 30.196 	 68.470
FD11172	265.375 	 30.196 	 68.544
FD11172	265.500 	 30.209 	 68.468
FD11172	265.625 	 30.216 	 68.561
FD11172	265.750 	 30.229 	 68.585
FD11172	265.875 	 30.243 	 68.543
FD11172	266.000 	 30.249 	 68.601
FD11172	266.125 	 30.257 	 68.594
FD11172	266.250 	 30.267 	 68.591
FD11172	266.375 	 30.260 	 68.673
FD11172	266.500 	 30.257 	 68.672
FD11172	266.625 	 30.245 	 68.702
FD11172	266.750 	 30.233 	 68.786
FD11172	266.875 	 30.213 	 68.731
FD11172	267.000 	 30.196 	 68.643
FD11172	267.125 	 30.167 	 68.311
FD11172	267.250 	 30.141 	 68.029
FD11172	267.375 	 30.107 	 68.054
FD11172	267.500 	 30.076 	 68.264
FD11172	267.625 	 30.040 	 68.413
FD11172	267.750 	 30.018 	 68.368
FD11172	267.875 	 29.988 	 68.520
FD11172	268.000 	 29.972 	 68.671
FD11172	268.125 	 29.961 	 68.526
FD11172	268.250 	 29.962 	 68.441
FD11172	268.375 	 29.965 	 68.615
FD11172	268.500 	 29.977 	 68.874
FD11172	268.625 	 29.992 	 68.981
FD11172	268.750 	 30.010 	 69.167
FD11172	268.875 	 30.023 	 69.113
FD11172	269.000 	 30.047 	 68.952
FD11172	269.125 	 30.061 	 69.120
FD11172	269.250 	 30.078 	 68.862
FD11172	269.375 	 30.099 	 68.607
FD11172	269.500 	 30.115 	 68.630
FD11172	269.625 	 30.132 	 68.474
FD11172	269.750 	 30.147 	 68.367
FD11172	269.875 	 30.151 	 68.349
FD11172	270.000 	 30.150 	 68.332
FD11172	270.125 	 30.138 	 68.365
FD11172	270.250 	 30.129 	 68.491
FD11172	270.375 	 30.108 	 68.500
FD11172	270.500 	 30.087 	 68.641
FD11172	270.625 	 30.066 	 68.682
FD11172	270.750 	 30.044 	 68.543
FD11172	270.875 	 30.024 	 68.565
FD11172	271.000 	 30.004 	 68.544
FD11172	271.125 	 29.990 	 68.704
FD11172	271.250 	 29.979 	 68.825
FD11172	271.375 	 29.968 	 68.946
FD11172	271.500 	 29.968 	 69.047
FD11172	271.625 	 29.965 	 68.986
FD11172	271.750 	 29.964 	 68.931
FD11172	271.875 	 29.973 	 68.900
FD11172	272.000 	 29.982 	 69.002
FD11172	272.125 	 29.995 	 69.059
FD11172	272.250 	 30.021 	 69.102
FD11172	272.375 	 30.051 	 68.864
FD11172	272.500 	 30.085 	 68.709
FD11172	272.625 	 30.116 	 68.815
FD11172	272.750 	 30.149 	 68.645
FD11172	272.875 	 30.184 	 68.729
FD11172	273.000 	 30.221 	 68.918
FD11172	273.125 	 30.260 	 68.846
FD11172	273.250 	 30.287 	 68.823
FD11172	273.375 	 30.323 	 68.805
FD11172	273.500 	 30.343 	 68.805
FD11172	273.625 	 30.368 	 68.944
FD11172	273.750 	 30.391 	 69.004
FD11172	273.875 	 30.413 	 68.936
FD11172	274.000 	 30.426 	 68.915
FD11172	274.125 	 30.443 	 68.916
FD11172	274.250 	 30.452 	 68.917
FD11172	274.375 	 30.456 	 68.917
FD11172	274.500 	 30.462 	 68.919
FD11172	274.625 	 30.456 	 68.915
FD11172	274.750 	 30.465 	 68.918
FD11172	274.875 	 30.465 	 68.900
FD11172	275.000 	 30.464 	 68.868
FD11172	275.125 	 30.464 	 68.849
FD11172	275.250 	 30.467 	 68.853
FD11172	275.375 	 30.464 	 68.851
FD11172	275.500 	 30.467 	 68.851
FD11172	275.625 	 30.464 	 68.851
FD11172	275.750 	 30.464 	 68.851
FD11172	275.875 	 30.467 	 68.853
FD11172	276.000 	 30.464 	 68.849
FD11172	276.125 	 30.464 	 68.851
FD11172	276.250 	 30.467 	 68.853
FD11172	276.375 	 30.468 	 68.849
FD11172	276.500 	 30.463 	 68.853
FD11172	276.625 	 30.460 	 68.851
FD11172	276.750 	 30.468 	 68.849
FD11172	276.875 	 30.470 	 68.853
FD11172	277.000 	 30.460 	 68.851
FD11172	277.125 	 30.461 	 68.849
FD11172	277.250 	 30.470 	 68.853
FD11172	277.375 	 30.467 	 68.851
FD11172	277.500 	 30.463 	 68.851
FD11172	277.625 	 30.460 	 68.851
FD11172	277.750 	 30.467 	 68.851
FD11172	277.875 	 30.471 	 68.851
FD11172	278.000 	 30.460 	 68.851
FD11172	278.125 	 30.463 	 68.853
FD11172	278.250 	 30.467 	 68.851
FD11172	278.375 	 30.468 	 68.849
FD11172	278.500 	 30.463 	 68.853
FD11172	278.625 	 30.460 	 68.851
FD11172	278.750 	 30.468 	 68.849
FD11172	278.875 	 30.470 	 68.853
FD11172	279.000 	 30.460 	 68.851
FD11172	279.125 	 30.463 	 68.851
FD11172	279.250 	 30.467 	 68.851
FD11172	279.375 	 30.467 	 68.851
FD11172	279.500 	 30.463 	 68.851
FD11172	279.625 	 30.460 	 68.851
FD11172	279.750 	 30.467 	 68.851
FD11172	279.875 	 30.471 	 68.851
FD11172	280.000 	 30.460 	 68.851
FD11172	280.125 	 30.463 	 68.853
FD11172	280.250 	 30.467 	 68.851
FD11172	280.375 	 30.468 	 68.849
FD11172	280.500 	 30.463 	 68.853
FD11172	280.625 	 30.460 	 68.851
FD11172	280.750 	 30.468 	 68.849
FD11172	280.875 	 30.470 	 68.853
FD11172	281.000 	 30.460 	 68.851
FD11172	281.125 	 30.463 	 68.851
FD11172	281.250 	 30.467 	 68.851
FD11172	281.375 	 30.467 	 68.851
FD11172	281.500 	 30.463 	 68.851
FD11172	281.625 	 30.460 	 68.851
FD11172	281.750 	 30.467 	 68.851
FD11172	281.875 	 30.471 	 68.851
FD11172	282.000 	 30.460 	 68.851
FD11172	282.125 	 30.463 	 68.853
FD11172	282.250 	 30.467 	 68.851
FD11172	282.375 	 30.468 	 68.849
FD11172	282.500 	 30.463 	 68.853
FD11172	282.625 	 30.460 	 68.851
FD11172	282.750 	 30.468 	 68.849
FD11172	282.875 	 30.470 	 68.853
FD11172	283.000 	 30.460 	 68.851
FD11172	283.125 	 30.463 	 68.851
FD11172	283.250 	 30.467 	 68.851
FD11172	283.375 	 30.467 	 68.851
FD11172	283.500 	 30.463 	 68.851
FD11172	283.625 	 30.460 	 68.851
FD11172	283.750 	 30.467 	 68.851
FD11172	283.875 	 30.471 	 68.851
FD11172	284.000 	 30.460 	 68.851
FD11172	284.125 	 0.000 	 90.000
FD11172	284.250 	 0.000 	 90.000
FD11172	284.375 	 0.000 	 90.000
FD11172	284.500 	 0.000 	 90.000
FD11172	284.625 	 0.000 	 90.000
FD11172	284.750 	 0.000 	 90.000
FD11172	284.875 	 0.000 	 90.000
FD11172	285.000 	 0.000 	 90.000
FD11172	285.125 	 0.000 	 90.000
FD11172	285.250 	 0.000 	 90.000
FD11172	285.375 	 0.000 	 90.000
FD11172	285.500 	 0.000 	 90.000
FD11172	285.625 	 0.000 	 90.000
FD11172	285.750 	 0.000 	 90.000
FD11172	285.875 	 0.000 	 90.000
FD11172	286.000 	 0.000 	 90.000
FD11172	286.125 	 0.000 	 90.000
FD11172	286.250 	 0.000 	 90.000
FD11172	286.375 	 0.000 	 90.000
FD11172	286.500 	 0.000 	 90.000
FD11172	286.625 	 0.000 	 90.000
FD11172	286.750 	 0.000 	 90.000
FD11172	286.875 	 0.000 	 90.000
FD11172	287.000 	 0.000 	 90.000
FD11172	287.125 	 0.000 	 90.000
FD11172	287.250 	 0.000 	 90.000
FD11172	287.375 	 0.000 	 90.000
FD11172	287.500 	 0.000 	 90.000
FD11172	287.625 	 0.000 	 90.000
FD11172	287.750 	 0.000 	 90.000
FD11172	287.875 	 0.000 	 90.000
FD11172	288.000 	 0.000 	 90.000
FD11172	288.125 	 0.000 	 90.000
FD11172	288.250 	 0.000 	 90.000
FD11172	288.375 	 0.000 	 90.000
FD11172	288.500 	 0.000 	 90.000
FD11172	288.625 	 0.000 	 90.000
FD11172	288.750 	 0.000 	 90.000
FD11172	288.875 	 0.000 	 90.000
FD11172	289.000 	 0.000 	 90.000
FD11172	289.125 	 0.000 	 90.000
FD11172	289.250 	 0.000 	 90.000
FD11172	289.375 	 0.000 	 90.000
FD11172	289.500 	 0.000 	 90.000
FD11172	289.625 	 0.000 	 90.000
FD11172	289.750 	 0.000 	 90.000
FD11172	289.875 	 0.000 	 90.000
FD11172	290.000 	 0.000 	 90.000
FD11172	290.125 	 0.000 	 90.000
FD11172	290.250 	 0.000 	 90.000
FD11172	290.375 	 0.000 	 90.000
FD11172	290.500 	 0.000 	 90.000
FD11172	290.625 	 0.000 	 90.000
FD11172	290.750 	 0.000 	 90.000
FD11172	290.875 	 0.000 	 90.000
FD11172	291.000 	 0.000 	 90.000
FD11172	291.125 	 0.000 	 90.000
FD11172	291.250 	 0.000 	 90.000
FD11172	291.375 	 0.000 	 90.000
FD11172	291.500 	 0.000 	 90.000
FD11172	291.625 	 0.000 	 90.000
FD11172	291.750 	 0.000 	 90.000
FD11172	291.875 	 0.000 	 90.000
FD11172	292.000 	 0.000 	 90.000
FD11172	292.125 	 0.000 	 90.000
FD11172	292.250 	 0.000 	 90.000
FD11172	292.375 	 0.000 	 90.000
FD11172	292.500 	 0.000 	 90.000
FD11172	292.625 	 0.000 	 90.000
FD11172	292.750 	 0.000 	 90.000
FD11172	292.875 	 0.000 	 90.000
FD11172	293.000 	 0.000 	 90.000
FD11172	293.125 	 0.000 	 90.000
FD11172	293.250 	 0.000 	 90.000
FD11172	293.375 	 0.000 	 90.000
FD11172	293.500 	 0.000 	 90.000
FD11172	293.625 	 0.000 	 90.000
FD11172	293.750 	 0.000 	 90.000
FD11172	293.875 	 0.000 	 90.000
FD11172	294.000 	 0.000 	 90.000
