#WellName	 Depth.M	 INCL	 AZIM 
WellName	 Depth.M	 INCL	 AZIM 
FD11174	0.000 	 0.000 	 0.000
FD11174	0.125 	 0.000 	 90.000
FD11174	0.250 	 0.000 	 90.000
FD11174	0.375 	 0.000 	 90.000
FD11174	0.500 	 0.000 	 90.000
FD11174	0.625 	 0.000 	 90.000
FD11174	0.750 	 0.000 	 90.000
FD11174	0.875 	 0.000 	 90.000
FD11174	1.000 	 0.000 	 90.000
FD11174	1.125 	 0.000 	 90.000
FD11174	1.250 	 0.000 	 90.000
FD11174	1.375 	 0.000 	 90.000
FD11174	1.500 	 0.000 	 90.000
FD11174	1.625 	 0.000 	 90.000
FD11174	1.750 	 0.000 	 90.000
FD11174	1.875 	 0.000 	 90.000
FD11174	2.000 	 0.000 	 90.000
FD11174	2.125 	 0.000 	 90.000
FD11174	2.250 	 0.000 	 90.000
FD11174	2.375 	 0.000 	 90.000
FD11174	2.500 	 0.000 	 90.000
FD11174	2.625 	 0.000 	 90.000
FD11174	2.750 	 0.000 	 90.000
FD11174	2.875 	 0.000 	 90.000
FD11174	3.000 	 0.000 	 90.000
FD11174	3.125 	 0.000 	 90.000
FD11174	3.250 	 0.000 	 90.000
FD11174	3.375 	 0.000 	 90.000
FD11174	3.500 	 0.000 	 90.000
FD11174	3.625 	 0.000 	 90.000
FD11174	3.750 	 0.000 	 90.000
FD11174	3.875 	 0.000 	 90.000
FD11174	4.000 	 0.000 	 90.000
FD11174	4.125 	 0.000 	 90.000
FD11174	4.250 	 0.000 	 90.000
FD11174	4.375 	 0.000 	 90.000
FD11174	4.500 	 0.000 	 90.000
FD11174	4.625 	 0.000 	 90.000
FD11174	4.750 	 0.000 	 90.000
FD11174	4.875 	 0.000 	 90.000
FD11174	5.000 	 0.000 	 90.000
FD11174	5.125 	 0.000 	 90.000
FD11174	5.250 	 0.000 	 90.000
FD11174	5.375 	 0.000 	 90.000
FD11174	5.500 	 0.000 	 90.000
FD11174	5.625 	 0.000 	 90.000
FD11174	5.750 	 0.000 	 90.000
FD11174	5.875 	 0.000 	 90.000
FD11174	6.000 	 0.000 	 90.000
FD11174	6.125 	 0.000 	 90.000
FD11174	6.250 	 0.000 	 90.000
FD11174	6.375 	 0.000 	 90.000
FD11174	6.500 	 0.000 	 90.000
FD11174	6.625 	 0.000 	 90.000
FD11174	6.750 	 0.000 	 90.000
FD11174	6.875 	 0.000 	 90.000
FD11174	7.000 	 0.000 	 90.000
FD11174	7.125 	 0.000 	 90.000
FD11174	7.250 	 0.000 	 90.000
FD11174	7.375 	 0.000 	 90.000
FD11174	7.500 	 0.000 	 90.000
FD11174	7.625 	 0.000 	 90.000
FD11174	7.750 	 0.000 	 90.000
FD11174	7.875 	 0.000 	 90.000
FD11174	8.000 	 0.000 	 90.000
FD11174	8.125 	 0.000 	 90.000
FD11174	8.250 	 0.000 	 90.000
FD11174	8.375 	 0.000 	 90.000
FD11174	8.500 	 0.000 	 90.000
FD11174	8.625 	 0.000 	 90.000
FD11174	8.750 	 0.000 	 90.000
FD11174	8.875 	 0.000 	 90.000
FD11174	9.000 	 0.000 	 90.000
FD11174	9.125 	 0.000 	 90.000
FD11174	9.250 	 0.000 	 90.000
FD11174	9.375 	 0.000 	 90.000
FD11174	9.500 	 0.000 	 90.000
FD11174	9.625 	 0.000 	 90.000
FD11174	9.750 	 0.000 	 90.000
FD11174	9.875 	 0.000 	 90.000
FD11174	10.000 	 0.000 	 90.000
FD11174	10.125 	 0.000 	 90.000
FD11174	10.250 	 0.000 	 90.000
FD11174	10.375 	 0.000 	 90.000
FD11174	10.500 	 0.000 	 90.000
FD11174	10.625 	 0.000 	 90.000
FD11174	10.750 	 0.000 	 90.000
FD11174	10.875 	 0.000 	 90.000
FD11174	11.000 	 0.000 	 90.000
FD11174	11.125 	 0.000 	 90.000
FD11174	11.250 	 0.000 	 90.000
FD11174	11.375 	 0.000 	 90.000
FD11174	11.500 	 0.000 	 90.000
FD11174	11.625 	 0.000 	 90.000
FD11174	11.750 	 0.000 	 90.000
FD11174	11.875 	 0.000 	 90.000
FD11174	12.000 	 0.000 	 90.000
FD11174	12.125 	 0.000 	 90.000
FD11174	12.250 	 0.000 	 90.000
FD11174	12.375 	 0.000 	 90.000
FD11174	12.500 	 0.000 	 90.000
FD11174	12.625 	 0.000 	 90.000
FD11174	12.750 	 0.000 	 90.000
FD11174	12.875 	 0.000 	 90.000
FD11174	13.000 	 0.000 	 90.000
FD11174	13.125 	 0.000 	 90.000
FD11174	13.250 	 0.000 	 90.000
FD11174	13.375 	 0.000 	 90.000
FD11174	13.500 	 0.000 	 90.000
FD11174	13.625 	 0.000 	 90.000
FD11174	13.750 	 0.000 	 90.000
FD11174	13.875 	 0.000 	 90.000
FD11174	14.000 	 0.000 	 90.000
FD11174	14.125 	 0.000 	 90.000
FD11174	14.250 	 0.000 	 90.000
FD11174	14.375 	 0.000 	 90.000
FD11174	14.500 	 0.000 	 90.000
FD11174	14.625 	 0.000 	 90.000
FD11174	14.750 	 0.000 	 90.000
FD11174	14.875 	 0.000 	 90.000
FD11174	15.000 	 0.000 	 90.000
FD11174	15.125 	 0.000 	 90.000
FD11174	15.250 	 0.000 	 90.000
FD11174	15.375 	 0.000 	 90.000
FD11174	15.500 	 0.000 	 90.000
FD11174	15.625 	 0.000 	 90.000
FD11174	15.750 	 0.000 	 90.000
FD11174	15.875 	 0.000 	 90.000
FD11174	16.000 	 0.000 	 90.000
FD11174	16.125 	 0.000 	 90.000
FD11174	16.250 	 0.000 	 90.000
FD11174	16.375 	 0.000 	 90.000
FD11174	16.500 	 0.000 	 90.000
FD11174	16.625 	 0.000 	 90.000
FD11174	16.750 	 0.000 	 90.000
FD11174	16.875 	 0.000 	 90.000
FD11174	17.000 	 0.000 	 90.000
FD11174	17.125 	 0.000 	 90.000
FD11174	17.250 	 0.000 	 90.000
FD11174	17.375 	 0.000 	 90.000
FD11174	17.500 	 0.000 	 90.000
FD11174	17.625 	 0.000 	 90.000
FD11174	17.750 	 0.000 	 90.000
FD11174	17.875 	 0.000 	 90.000
FD11174	18.000 	 0.000 	 90.000
FD11174	18.125 	 0.000 	 90.000
FD11174	18.250 	 0.000 	 90.000
FD11174	18.375 	 0.000 	 90.000
FD11174	18.500 	 0.000 	 90.000
FD11174	18.625 	 0.000 	 90.000
FD11174	18.750 	 0.000 	 90.000
FD11174	18.875 	 0.000 	 90.000
FD11174	19.000 	 0.000 	 90.000
FD11174	19.125 	 0.000 	 90.000
FD11174	19.250 	 0.000 	 90.000
FD11174	19.375 	 0.000 	 90.000
FD11174	19.500 	 0.000 	 90.000
FD11174	19.625 	 0.000 	 90.000
FD11174	19.750 	 0.000 	 90.000
FD11174	19.875 	 0.000 	 90.000
FD11174	20.000 	 0.000 	 90.000
FD11174	20.125 	 0.000 	 90.000
FD11174	20.250 	 0.000 	 90.000
FD11174	20.375 	 0.000 	 90.000
FD11174	20.500 	 0.000 	 90.000
FD11174	20.625 	 0.000 	 90.000
FD11174	20.750 	 0.000 	 90.000
FD11174	20.875 	 0.000 	 90.000
FD11174	21.000 	 0.000 	 90.000
FD11174	21.125 	 0.000 	 90.000
FD11174	21.250 	 0.000 	 90.000
FD11174	21.375 	 0.000 	 90.000
FD11174	21.500 	 0.000 	 90.000
FD11174	21.625 	 0.000 	 90.000
FD11174	21.750 	 0.000 	 90.000
FD11174	21.875 	 0.000 	 90.000
FD11174	22.000 	 0.000 	 90.000
FD11174	22.125 	 0.000 	 90.000
FD11174	22.250 	 0.000 	 90.000
FD11174	22.375 	 0.000 	 90.000
FD11174	22.500 	 0.000 	 90.000
FD11174	22.625 	 0.000 	 90.000
FD11174	22.750 	 0.000 	 90.000
FD11174	22.875 	 0.000 	 90.000
FD11174	23.000 	 0.000 	 90.000
FD11174	23.125 	 0.000 	 90.000
FD11174	23.250 	 0.000 	 90.000
FD11174	23.375 	 0.000 	 90.000
FD11174	23.500 	 0.000 	 90.000
FD11174	23.625 	 0.000 	 90.000
FD11174	23.750 	 0.000 	 90.000
FD11174	23.875 	 0.000 	 90.000
FD11174	24.000 	 0.000 	 90.000
FD11174	24.125 	 0.000 	 90.000
FD11174	24.250 	 0.000 	 90.000
FD11174	24.375 	 0.000 	 90.000
FD11174	24.500 	 0.000 	 90.000
FD11174	24.625 	 0.000 	 90.000
FD11174	24.750 	 0.000 	 90.000
FD11174	24.875 	 0.000 	 90.000
FD11174	25.000 	 0.000 	 90.000
FD11174	25.125 	 0.312 	 161.419
FD11174	25.250 	 0.316 	 161.238
FD11174	25.375 	 0.318 	 161.197
FD11174	25.500 	 0.320 	 161.164
FD11174	25.625 	 0.323 	 161.106
FD11174	25.750 	 0.326 	 161.128
FD11174	25.875 	 0.329 	 161.348
FD11174	26.000 	 0.332 	 161.590
FD11174	26.125 	 0.335 	 161.530
FD11174	26.250 	 0.339 	 161.634
FD11174	26.375 	 0.341 	 161.892
FD11174	26.500 	 0.344 	 161.875
FD11174	26.625 	 0.347 	 161.898
FD11174	26.750 	 0.350 	 161.760
FD11174	26.875 	 0.354 	 161.436
FD11174	27.000 	 0.356 	 161.227
FD11174	27.125 	 0.359 	 161.125
FD11174	27.250 	 0.362 	 161.043
FD11174	27.375 	 0.366 	 161.183
FD11174	27.500 	 0.368 	 161.387
FD11174	27.625 	 0.371 	 161.444
FD11174	27.750 	 0.374 	 161.274
FD11174	27.875 	 0.376 	 160.931
FD11174	28.000 	 0.379 	 160.903
FD11174	28.125 	 0.381 	 161.046
FD11174	28.250 	 0.384 	 161.227
FD11174	28.375 	 0.386 	 161.334
FD11174	28.500 	 0.388 	 161.169
FD11174	28.625 	 0.390 	 161.125
FD11174	28.750 	 0.393 	 161.087
FD11174	28.875 	 0.395 	 160.785
FD11174	29.000 	 0.397 	 160.378
FD11174	29.125 	 0.399 	 160.268
FD11174	29.250 	 0.401 	 160.510
FD11174	29.375 	 0.402 	 160.837
FD11174	29.500 	 0.404 	 160.925
FD11174	29.625 	 0.406 	 160.955
FD11174	29.750 	 0.408 	 161.197
FD11174	29.875 	 0.410 	 161.378
FD11174	30.000 	 0.412 	 161.433
FD11174	30.125 	 0.413 	 161.362
FD11174	30.250 	 0.415 	 161.296
FD11174	30.375 	 0.416 	 161.372
FD11174	30.500 	 0.418 	 161.516
FD11174	30.625 	 0.419 	 161.598
FD11174	30.750 	 0.421 	 161.796
FD11174	30.875 	 0.423 	 161.727
FD11174	31.000 	 0.425 	 161.431
FD11174	31.125 	 0.427 	 161.523
FD11174	31.250 	 0.428 	 161.622
FD11174	31.375 	 0.430 	 161.590
FD11174	31.500 	 0.431 	 161.766
FD11174	31.625 	 0.433 	 161.966
FD11174	31.750 	 0.435 	 161.976
FD11174	31.875 	 0.437 	 161.757
FD11174	32.000 	 0.438 	 161.653
FD11174	32.125 	 0.440 	 161.818
FD11174	32.250 	 0.442 	 161.938
FD11174	32.375 	 0.444 	 161.828
FD11174	32.500 	 0.446 	 161.703
FD11174	32.625 	 0.447 	 161.727
FD11174	32.750 	 0.448 	 161.633
FD11174	32.875 	 0.450 	 161.537
FD11174	33.000 	 0.451 	 161.681
FD11174	33.125 	 0.453 	 161.736
FD11174	33.250 	 0.455 	 161.664
FD11174	33.375 	 0.456 	 161.845
FD11174	33.500 	 0.458 	 162.169
FD11174	33.625 	 0.458 	 162.372
FD11174	33.750 	 0.460 	 162.472
FD11174	33.875 	 0.461 	 162.540
FD11174	34.000 	 0.462 	 162.661
FD11174	34.125 	 0.463 	 162.858
FD11174	34.250 	 0.464 	 163.134
FD11174	34.375 	 0.465 	 163.210
FD11174	34.500 	 0.466 	 163.134
FD11174	34.625 	 0.467 	 163.257
FD11174	34.750 	 0.468 	 163.356
FD11174	34.875 	 0.469 	 163.219
FD11174	35.000 	 0.470 	 162.998
FD11174	35.125 	 0.472 	 162.905
FD11174	35.250 	 0.472 	 162.861
FD11174	35.375 	 0.473 	 162.892
FD11174	35.500 	 0.474 	 162.957
FD11174	35.625 	 0.476 	 163.018
FD11174	35.750 	 0.477 	 163.001
FD11174	35.875 	 0.478 	 163.026
FD11174	36.000 	 0.480 	 163.048
FD11174	36.125 	 0.481 	 162.905
FD11174	36.250 	 0.482 	 162.729
FD11174	36.375 	 0.483 	 162.705
FD11174	36.500 	 0.485 	 162.760
FD11174	36.625 	 0.487 	 162.807
FD11174	36.750 	 0.488 	 162.977
FD11174	36.875 	 0.491 	 163.169
FD11174	37.000 	 0.493 	 163.416
FD11174	37.125 	 0.495 	 164.072
FD11174	37.250 	 0.497 	 165.712
FD11174	37.375 	 0.500 	 167.954
FD11174	37.500 	 0.503 	 169.914
FD11174	37.625 	 0.507 	 171.522
FD11174	37.750 	 0.511 	 172.752
FD11174	37.875 	 0.516 	 173.789
FD11174	38.000 	 0.520 	 174.814
FD11174	38.125 	 0.525 	 180.000
FD11174	38.250 	 0.531 	 180.000
FD11174	38.375 	 0.537 	 180.000
FD11174	38.500 	 0.543 	 180.000
FD11174	38.625 	 0.550 	 180.000
FD11174	38.750 	 0.558 	 180.000
FD11174	38.875 	 0.566 	 180.000
FD11174	39.000 	 0.574 	 180.000
FD11174	39.125 	 0.589 	 180.000
FD11174	39.250 	 0.625 	 180.000
FD11174	39.375 	 0.678 	 180.000
FD11174	39.500 	 0.732 	 180.000
FD11174	39.625 	 0.785 	 180.000
FD11174	39.750 	 0.839 	 180.000
FD11174	39.875 	 0.893 	 183.693
FD11174	40.000 	 0.948 	 184.291
FD11174	40.125 	 1.002 	 184.859
FD11174	40.250 	 1.056 	 186.043
FD11174	40.375 	 1.111 	 187.603
FD11174	40.500 	 1.165 	 188.648
FD11174	40.625 	 1.220 	 189.240
FD11174	40.750 	 1.274 	 189.625
FD11174	40.875 	 1.329 	 189.893
FD11174	41.000 	 1.383 	 189.970
FD11174	41.125 	 1.436 	 189.970
FD11174	41.250 	 1.473 	 189.970
FD11174	41.375 	 1.487 	 189.977
FD11174	41.500 	 1.498 	 190.040
FD11174	41.625 	 1.508 	 190.214
FD11174	41.750 	 1.518 	 190.423
FD11174	41.875 	 1.530 	 190.588
FD11174	42.000 	 1.540 	 190.802
FD11174	42.125 	 1.550 	 191.027
FD11174	42.250 	 1.561 	 191.204
FD11174	42.375 	 1.572 	 191.384
FD11174	42.500 	 1.584 	 191.621
FD11174	42.625 	 1.595 	 191.873
FD11174	42.750 	 1.606 	 192.132
FD11174	42.875 	 1.618 	 192.335
FD11174	43.000 	 1.628 	 192.461
FD11174	43.125 	 1.639 	 192.551
FD11174	43.250 	 1.651 	 192.656
FD11174	43.375 	 1.662 	 192.815
FD11174	43.500 	 1.673 	 192.915
FD11174	43.625 	 1.684 	 193.010
FD11174	43.750 	 1.695 	 193.169
FD11174	43.875 	 1.707 	 193.288
FD11174	44.000 	 1.719 	 193.431
FD11174	44.125 	 1.729 	 193.631
FD11174	44.250 	 1.741 	 193.790
FD11174	44.375 	 1.752 	 193.958
FD11174	44.500 	 1.763 	 194.111
FD11174	44.625 	 1.775 	 194.235
FD11174	44.750 	 1.786 	 194.367
FD11174	44.875 	 1.797 	 194.521
FD11174	45.000 	 1.808 	 194.664
FD11174	45.125 	 1.820 	 194.813
FD11174	45.250 	 1.831 	 194.972
FD11174	45.375 	 1.843 	 195.128
FD11174	45.500 	 1.855 	 195.260
FD11174	45.625 	 1.867 	 195.350
FD11174	45.750 	 1.879 	 195.488
FD11174	45.875 	 1.891 	 195.644
FD11174	46.000 	 1.903 	 195.787
FD11174	46.125 	 1.916 	 195.914
FD11174	46.250 	 1.929 	 195.990
FD11174	46.375 	 1.941 	 196.103
FD11174	46.500 	 1.955 	 196.213
FD11174	46.625 	 1.967 	 196.334
FD11174	46.750 	 1.980 	 196.466
FD11174	46.875 	 1.994 	 196.556
FD11174	47.000 	 2.007 	 196.743
FD11174	47.125 	 2.021 	 196.930
FD11174	47.250 	 2.035 	 197.155
FD11174	47.375 	 2.048 	 197.385
FD11174	47.500 	 2.062 	 197.430
FD11174	47.625 	 2.075 	 197.592
FD11174	47.750 	 2.089 	 197.811
FD11174	47.875 	 2.102 	 197.921
FD11174	48.000 	 2.115 	 198.136
FD11174	48.125 	 2.129 	 198.198
FD11174	48.250 	 2.141 	 198.253
FD11174	48.375 	 2.155 	 198.438
FD11174	48.500 	 2.168 	 198.531
FD11174	48.625 	 2.180 	 198.688
FD11174	48.750 	 2.192 	 198.891
FD11174	48.875 	 2.205 	 199.114
FD11174	49.000 	 2.217 	 199.344
FD11174	49.125 	 2.229 	 199.523
FD11174	49.250 	 2.241 	 199.704
FD11174	49.375 	 2.253 	 199.819
FD11174	49.500 	 2.265 	 199.764
FD11174	49.625 	 2.277 	 199.880
FD11174	49.750 	 2.287 	 200.133
FD11174	49.875 	 2.299 	 200.201
FD11174	50.000 	 2.310 	 200.267
FD11174	50.125 	 2.320 	 200.429
FD11174	50.250 	 2.331 	 200.594
FD11174	50.375 	 2.341 	 200.632
FD11174	50.500 	 2.352 	 200.577
FD11174	50.625 	 2.362 	 200.607
FD11174	50.750 	 2.371 	 200.624
FD11174	50.875 	 2.381 	 200.448
FD11174	51.000 	 2.391 	 200.404
FD11174	51.125 	 2.400 	 200.525
FD11174	51.250 	 2.410 	 200.552
FD11174	51.375 	 2.419 	 200.838
FD11174	51.500 	 2.429 	 201.228
FD11174	51.625 	 2.440 	 201.329
FD11174	51.750 	 2.453 	 201.160
FD11174	51.875 	 2.466 	 200.979
FD11174	52.000 	 2.482 	 200.951
FD11174	52.125 	 2.499 	 200.901
FD11174	52.250 	 2.516 	 200.940
FD11174	52.375 	 2.536 	 201.036
FD11174	52.500 	 2.557 	 201.064
FD11174	52.625 	 2.578 	 201.113
FD11174	52.750 	 2.600 	 201.080
FD11174	52.875 	 2.624 	 200.915
FD11174	53.000 	 2.648 	 200.674
FD11174	53.125 	 2.672 	 200.591
FD11174	53.250 	 2.697 	 200.608
FD11174	53.375 	 2.723 	 200.635
FD11174	53.500 	 2.747 	 200.745
FD11174	53.625 	 2.773 	 200.855
FD11174	53.750 	 2.797 	 201.036
FD11174	53.875 	 2.820 	 201.174
FD11174	54.000 	 2.842 	 201.195
FD11174	54.125 	 2.863 	 201.204
FD11174	54.250 	 2.882 	 201.253
FD11174	54.375 	 2.901 	 201.335
FD11174	54.500 	 2.919 	 201.401
FD11174	54.625 	 2.935 	 201.412
FD11174	54.750 	 2.952 	 201.478
FD11174	54.875 	 2.967 	 201.550
FD11174	55.000 	 2.982 	 201.626
FD11174	55.125 	 2.997 	 201.698
FD11174	55.250 	 3.011 	 201.676
FD11174	55.375 	 3.025 	 201.704
FD11174	55.500 	 3.038 	 201.764
FD11174	55.625 	 3.050 	 201.882
FD11174	55.750 	 3.064 	 202.014
FD11174	55.875 	 3.078 	 201.964
FD11174	56.000 	 3.093 	 201.871
FD11174	56.125 	 3.108 	 201.772
FD11174	56.250 	 3.124 	 201.767
FD11174	56.375 	 3.141 	 201.830
FD11174	56.500 	 3.159 	 201.676
FD11174	56.625 	 3.177 	 201.509
FD11174	56.750 	 3.196 	 201.492
FD11174	56.875 	 3.216 	 201.494
FD11174	57.000 	 3.238 	 201.555
FD11174	57.125 	 3.259 	 201.783
FD11174	57.250 	 3.283 	 202.014
FD11174	57.375 	 3.306 	 202.296
FD11174	57.500 	 3.332 	 202.632
FD11174	57.625 	 3.357 	 202.772
FD11174	57.750 	 3.383 	 202.772
FD11174	57.875 	 3.409 	 202.797
FD11174	58.000 	 3.435 	 202.670
FD11174	58.125 	 3.461 	 202.522
FD11174	58.250 	 3.486 	 202.500
FD11174	58.375 	 3.512 	 202.469
FD11174	58.500 	 3.536 	 202.387
FD11174	58.625 	 3.561 	 202.269
FD11174	58.750 	 3.587 	 202.467
FD11174	58.875 	 3.612 	 202.651
FD11174	59.000 	 3.638 	 202.684
FD11174	59.125 	 3.664 	 202.720
FD11174	59.250 	 3.691 	 202.698
FD11174	59.375 	 3.718 	 202.767
FD11174	59.500 	 3.746 	 202.821
FD11174	59.625 	 3.773 	 202.800
FD11174	59.750 	 3.802 	 202.794
FD11174	59.875 	 3.830 	 202.792
FD11174	60.000 	 3.860 	 202.676
FD11174	60.125 	 3.890 	 202.660
FD11174	60.250 	 3.920 	 202.747
FD11174	60.375 	 3.952 	 202.747
FD11174	60.500 	 3.983 	 202.808
FD11174	60.625 	 4.015 	 202.825
FD11174	60.750 	 4.047 	 202.786
FD11174	60.875 	 4.079 	 202.750
FD11174	61.000 	 4.111 	 202.767
FD11174	61.125 	 4.143 	 202.953
FD11174	61.250 	 4.174 	 203.052
FD11174	61.375 	 4.206 	 203.005
FD11174	61.500 	 4.237 	 203.033
FD11174	61.625 	 4.269 	 203.038
FD11174	61.750 	 4.300 	 203.082
FD11174	61.875 	 4.332 	 203.173
FD11174	62.000 	 4.364 	 203.178
FD11174	62.125 	 4.396 	 203.170
FD11174	62.250 	 4.429 	 203.126
FD11174	62.375 	 4.461 	 203.170
FD11174	62.500 	 4.494 	 203.110
FD11174	62.625 	 4.526 	 202.983
FD11174	62.750 	 4.559 	 202.961
FD11174	62.875 	 4.592 	 202.887
FD11174	63.000 	 4.626 	 202.843
FD11174	63.125 	 4.658 	 202.814
FD11174	63.250 	 4.692 	 202.840
FD11174	63.375 	 4.725 	 202.994
FD11174	63.500 	 4.759 	 203.170
FD11174	63.625 	 4.793 	 203.206
FD11174	63.750 	 4.825 	 203.162
FD11174	63.875 	 4.859 	 203.176
FD11174	64.000 	 4.892 	 203.203
FD11174	64.125 	 4.926 	 203.272
FD11174	64.250 	 4.958 	 203.255
FD11174	64.375 	 4.991 	 203.168
FD11174	64.500 	 5.025 	 203.167
FD11174	64.625 	 5.060 	 203.247
FD11174	64.750 	 5.094 	 203.395
FD11174	64.875 	 5.129 	 203.374
FD11174	65.000 	 5.165 	 203.236
FD11174	65.125 	 5.202 	 203.003
FD11174	65.250 	 5.238 	 202.706
FD11174	65.375 	 5.277 	 202.755
FD11174	65.500 	 5.315 	 202.920
FD11174	65.625 	 5.354 	 202.950
FD11174	65.750 	 5.392 	 202.879
FD11174	65.875 	 5.431 	 202.827
FD11174	66.000 	 5.470 	 202.843
FD11174	66.125 	 5.510 	 202.830
FD11174	66.250 	 5.549 	 202.940
FD11174	66.375 	 5.588 	 203.085
FD11174	66.500 	 5.627 	 203.250
FD11174	66.625 	 5.666 	 203.365
FD11174	66.750 	 5.704 	 203.332
FD11174	66.875 	 5.743 	 203.296
FD11174	67.000 	 5.781 	 203.291
FD11174	67.125 	 5.819 	 203.236
FD11174	67.250 	 5.856 	 203.186
FD11174	67.375 	 5.894 	 203.178
FD11174	67.500 	 5.931 	 203.212
FD11174	67.625 	 5.968 	 203.258
FD11174	67.750 	 6.005 	 203.208
FD11174	67.875 	 6.042 	 203.069
FD11174	68.000 	 6.080 	 203.008
FD11174	68.125 	 6.118 	 203.170
FD11174	68.250 	 6.156 	 203.253
FD11174	68.375 	 6.194 	 203.228
FD11174	68.500 	 6.232 	 203.112
FD11174	68.625 	 6.270 	 202.956
FD11174	68.750 	 6.309 	 202.983
FD11174	68.875 	 6.347 	 203.069
FD11174	69.000 	 6.386 	 203.151
FD11174	69.125 	 6.424 	 203.217
FD11174	69.250 	 6.463 	 203.239
FD11174	69.375 	 6.500 	 203.082
FD11174	69.500 	 6.540 	 202.863
FD11174	69.625 	 6.578 	 202.816
FD11174	69.750 	 6.616 	 202.788
FD11174	69.875 	 6.655 	 202.701
FD11174	70.000 	 6.694 	 202.601
FD11174	70.125 	 6.733 	 202.443
FD11174	70.250 	 6.771 	 202.321
FD11174	70.375 	 6.809 	 202.327
FD11174	70.500 	 6.849 	 202.327
FD11174	70.625 	 6.888 	 202.368
FD11174	70.750 	 6.928 	 202.467
FD11174	70.875 	 6.967 	 202.423
FD11174	71.000 	 7.007 	 202.412
FD11174	71.125 	 7.048 	 202.491
FD11174	71.250 	 7.088 	 202.508
FD11174	71.375 	 7.130 	 202.522
FD11174	71.500 	 7.171 	 202.539
FD11174	71.625 	 7.213 	 202.580
FD11174	71.750 	 7.256 	 202.514
FD11174	71.875 	 7.298 	 202.524
FD11174	72.000 	 7.342 	 202.651
FD11174	72.125 	 7.385 	 202.690
FD11174	72.250 	 7.427 	 202.662
FD11174	72.375 	 7.471 	 202.585
FD11174	72.500 	 7.514 	 202.514
FD11174	72.625 	 7.558 	 202.467
FD11174	72.750 	 7.601 	 202.506
FD11174	72.875 	 7.645 	 202.476
FD11174	73.000 	 7.689 	 202.343
FD11174	73.125 	 7.732 	 202.363
FD11174	73.250 	 7.776 	 202.373
FD11174	73.375 	 7.819 	 202.297
FD11174	73.500 	 7.861 	 202.203
FD11174	73.625 	 7.902 	 202.145
FD11174	73.750 	 7.943 	 202.228
FD11174	73.875 	 7.984 	 202.278
FD11174	74.000 	 8.024 	 202.228
FD11174	74.125 	 8.063 	 202.217
FD11174	74.250 	 8.102 	 202.289
FD11174	74.375 	 8.140 	 202.288
FD11174	74.500 	 8.178 	 202.228
FD11174	74.625 	 8.215 	 202.189
FD11174	74.750 	 8.253 	 202.173
FD11174	74.875 	 8.290 	 202.192
FD11174	75.000 	 8.326 	 202.241
FD11174	75.125 	 8.363 	 202.338
FD11174	75.250 	 8.399 	 202.404
FD11174	75.375 	 8.436 	 202.431
FD11174	75.500 	 8.472 	 202.569
FD11174	75.625 	 8.508 	 202.726
FD11174	75.750 	 8.545 	 202.775
FD11174	75.875 	 8.581 	 202.849
FD11174	76.000 	 8.618 	 202.953
FD11174	76.125 	 8.654 	 203.091
FD11174	76.250 	 8.690 	 203.118
FD11174	76.375 	 8.727 	 203.134
FD11174	76.500 	 8.764 	 203.189
FD11174	76.625 	 8.801 	 203.236
FD11174	76.750 	 8.837 	 203.340
FD11174	76.875 	 8.873 	 203.414
FD11174	77.000 	 8.909 	 203.359
FD11174	77.125 	 8.945 	 203.379
FD11174	77.250 	 8.981 	 203.572
FD11174	77.375 	 9.015 	 203.629
FD11174	77.500 	 9.051 	 203.623
FD11174	77.625 	 9.087 	 203.717
FD11174	77.750 	 9.122 	 203.843
FD11174	77.875 	 9.158 	 203.824
FD11174	78.000 	 9.193 	 203.698
FD11174	78.125 	 9.230 	 203.640
FD11174	78.250 	 9.266 	 203.514
FD11174	78.375 	 9.302 	 203.297
FD11174	78.500 	 9.338 	 203.203
FD11174	78.625 	 9.376 	 203.247
FD11174	78.750 	 9.411 	 203.285
FD11174	78.875 	 9.449 	 203.349
FD11174	79.000 	 9.486 	 203.398
FD11174	79.125 	 9.525 	 203.511
FD11174	79.250 	 9.563 	 203.676
FD11174	79.375 	 9.602 	 203.862
FD11174	79.500 	 9.641 	 204.066
FD11174	79.625 	 9.680 	 204.014
FD11174	79.750 	 9.720 	 203.964
FD11174	79.875 	 9.759 	 204.046
FD11174	80.000 	 9.800 	 204.085
FD11174	80.125 	 9.838 	 204.025
FD11174	80.250 	 9.878 	 203.909
FD11174	80.375 	 9.917 	 203.854
FD11174	80.500 	 9.956 	 203.898
FD11174	80.625 	 9.995 	 204.011
FD11174	80.750 	 10.032 	 204.016
FD11174	80.875 	 10.070 	 203.928
FD11174	81.000 	 10.107 	 203.801
FD11174	81.125 	 10.145 	 203.785
FD11174	81.250 	 10.179 	 203.922
FD11174	81.375 	 10.216 	 204.142
FD11174	81.500 	 10.252 	 204.357
FD11174	81.625 	 10.287 	 204.382
FD11174	81.750 	 10.320 	 204.376
FD11174	81.875 	 10.356 	 204.414
FD11174	82.000 	 10.390 	 204.496
FD11174	82.125 	 10.424 	 204.552
FD11174	82.250 	 10.459 	 204.503
FD11174	82.375 	 10.494 	 204.532
FD11174	82.500 	 10.529 	 204.543
FD11174	82.625 	 10.565 	 204.381
FD11174	82.750 	 10.600 	 204.332
FD11174	82.875 	 10.635 	 204.481
FD11174	83.000 	 10.671 	 204.678
FD11174	83.125 	 10.708 	 204.881
FD11174	83.250 	 10.743 	 204.931
FD11174	83.375 	 10.779 	 204.856
FD11174	83.500 	 10.814 	 204.917
FD11174	83.625 	 10.850 	 205.038
FD11174	83.750 	 10.884 	 205.126
FD11174	83.875 	 10.920 	 205.241
FD11174	84.000 	 10.955 	 205.433
FD11174	84.125 	 10.989 	 205.672
FD11174	84.250 	 11.024 	 205.881
FD11174	84.375 	 11.058 	 206.070
FD11174	84.500 	 11.093 	 206.147
FD11174	84.625 	 11.127 	 206.205
FD11174	84.750 	 11.161 	 206.304
FD11174	84.875 	 11.196 	 206.345
FD11174	85.000 	 11.230 	 206.350
FD11174	85.125 	 11.263 	 206.381
FD11174	85.250 	 11.296 	 206.397
FD11174	85.375 	 11.329 	 206.392
FD11174	85.500 	 11.363 	 206.343
FD11174	85.625 	 11.395 	 206.235
FD11174	85.750 	 11.429 	 206.252
FD11174	85.875 	 11.460 	 206.392
FD11174	86.000 	 11.493 	 206.441
FD11174	86.125 	 11.526 	 206.479
FD11174	86.250 	 11.557 	 206.463
FD11174	86.375 	 11.588 	 206.425
FD11174	86.500 	 11.620 	 206.535
FD11174	86.625 	 11.650 	 206.633
FD11174	86.750 	 11.682 	 206.650
FD11174	86.875 	 11.713 	 206.623
FD11174	87.000 	 11.745 	 206.595
FD11174	87.125 	 11.777 	 206.589
FD11174	87.250 	 11.809 	 206.589
FD11174	87.375 	 11.840 	 206.601
FD11174	87.500 	 11.873 	 206.639
FD11174	87.625 	 11.905 	 206.579
FD11174	87.750 	 11.936 	 206.568
FD11174	87.875 	 11.968 	 206.595
FD11174	88.000 	 12.000 	 206.689
FD11174	88.125 	 12.032 	 206.861
FD11174	88.250 	 12.064 	 206.971
FD11174	88.375 	 12.095 	 207.128
FD11174	88.500 	 12.126 	 207.211
FD11174	88.625 	 12.159 	 207.263
FD11174	88.750 	 12.190 	 207.460
FD11174	88.875 	 12.219 	 207.661
FD11174	89.000 	 12.251 	 207.606
FD11174	89.125 	 12.280 	 207.383
FD11174	89.250 	 12.312 	 207.153
FD11174	89.375 	 12.341 	 207.018
FD11174	89.500 	 12.373 	 207.078
FD11174	89.625 	 12.404 	 207.070
FD11174	89.750 	 12.437 	 207.065
FD11174	89.875 	 12.469 	 207.210
FD11174	90.000 	 12.501 	 207.134
FD11174	90.125 	 12.535 	 206.941
FD11174	90.250 	 12.568 	 206.908
FD11174	90.375 	 12.601 	 206.773
FD11174	90.500 	 12.635 	 206.670
FD11174	90.625 	 12.667 	 206.719
FD11174	90.750 	 12.699 	 206.692
FD11174	90.875 	 12.730 	 206.664
FD11174	91.000 	 12.762 	 206.839
FD11174	91.125 	 12.792 	 206.916
FD11174	91.250 	 12.820 	 206.911
FD11174	91.375 	 12.848 	 206.944
FD11174	91.500 	 12.875 	 206.938
FD11174	91.625 	 12.899 	 207.037
FD11174	91.750 	 12.922 	 207.169
FD11174	91.875 	 12.943 	 207.326
FD11174	92.000 	 12.964 	 207.535
FD11174	92.125 	 12.982 	 207.666
FD11174	92.250 	 12.999 	 207.540
FD11174	92.375 	 13.016 	 207.553
FD11174	92.500 	 13.032 	 207.768
FD11174	92.625 	 13.048 	 207.930
FD11174	92.750 	 13.064 	 208.007
FD11174	92.875 	 13.080 	 207.914
FD11174	93.000 	 13.098 	 207.859
FD11174	93.125 	 13.117 	 207.864
FD11174	93.250 	 13.133 	 207.809
FD11174	93.375 	 13.153 	 207.696
FD11174	93.500 	 13.173 	 207.785
FD11174	93.625 	 13.195 	 208.054
FD11174	93.750 	 13.216 	 208.224
FD11174	93.875 	 13.240 	 208.301
FD11174	94.000 	 13.265 	 208.318
FD11174	94.125 	 13.289 	 208.589
FD11174	94.250 	 13.317 	 208.809
FD11174	94.375 	 13.345 	 208.619
FD11174	94.500 	 13.375 	 208.554
FD11174	94.625 	 13.405 	 208.633
FD11174	94.750 	 13.435 	 208.710
FD11174	94.875 	 13.467 	 208.894
FD11174	95.000 	 13.498 	 208.971
FD11174	95.125 	 13.531 	 208.822
FD11174	95.250 	 13.564 	 208.641
FD11174	95.375 	 13.597 	 208.540
FD11174	95.500 	 13.632 	 208.474
FD11174	95.625 	 13.666 	 208.427
FD11174	95.750 	 13.702 	 208.450
FD11174	95.875 	 13.739 	 208.436
FD11174	96.000 	 13.775 	 208.391
FD11174	96.125 	 13.813 	 208.370
FD11174	96.250 	 13.849 	 208.293
FD11174	96.375 	 13.887 	 208.125
FD11174	96.500 	 13.925 	 207.916
FD11174	96.625 	 13.964 	 207.760
FD11174	96.750 	 14.000 	 207.689
FD11174	96.875 	 14.039 	 207.730
FD11174	97.000 	 14.077 	 207.789
FD11174	97.125 	 14.114 	 207.798
FD11174	97.250 	 14.153 	 207.787
FD11174	97.375 	 14.189 	 207.756
FD11174	97.500 	 14.227 	 207.642
FD11174	97.625 	 14.264 	 207.507
FD11174	97.750 	 14.301 	 207.512
FD11174	97.875 	 14.337 	 207.471
FD11174	98.000 	 14.374 	 207.427
FD11174	98.125 	 14.412 	 207.518
FD11174	98.250 	 14.449 	 207.496
FD11174	98.375 	 14.487 	 207.342
FD11174	98.500 	 14.523 	 207.249
FD11174	98.625 	 14.562 	 207.207
FD11174	98.750 	 14.599 	 207.202
FD11174	98.875 	 14.636 	 207.188
FD11174	99.000 	 14.675 	 207.233
FD11174	99.125 	 14.713 	 207.422
FD11174	99.250 	 14.751 	 207.450
FD11174	99.375 	 14.790 	 207.298
FD11174	99.500 	 14.829 	 207.167
FD11174	99.625 	 14.867 	 207.128
FD11174	99.750 	 14.906 	 207.194
FD11174	99.875 	 14.946 	 207.081
FD11174	100.000 	 14.983 	 206.905
FD11174	100.125 	 15.020 	 206.862
FD11174	100.250 	 15.058 	 206.927
FD11174	100.375 	 15.093 	 207.037
FD11174	100.500 	 15.129 	 207.120
FD11174	100.625 	 15.163 	 207.076
FD11174	100.750 	 15.197 	 206.944
FD11174	100.875 	 15.231 	 206.919
FD11174	101.000 	 15.264 	 206.799
FD11174	101.125 	 15.296 	 206.622
FD11174	101.250 	 15.330 	 206.606
FD11174	101.375 	 15.362 	 206.609
FD11174	101.500 	 15.394 	 206.554
FD11174	101.625 	 15.426 	 206.549
FD11174	101.750 	 15.458 	 206.477
FD11174	101.875 	 15.490 	 206.381
FD11174	102.000 	 15.522 	 206.343
FD11174	102.125 	 15.554 	 206.232
FD11174	102.250 	 15.586 	 206.024
FD11174	102.375 	 15.620 	 205.846
FD11174	102.500 	 15.653 	 205.702
FD11174	102.625 	 15.687 	 205.658
FD11174	102.750 	 15.723 	 205.703
FD11174	102.875 	 15.758 	 205.574
FD11174	103.000 	 15.795 	 205.403
FD11174	103.125 	 15.831 	 205.381
FD11174	103.250 	 15.867 	 205.386
FD11174	103.375 	 15.905 	 205.392
FD11174	103.500 	 15.941 	 205.299
FD11174	103.625 	 15.978 	 205.170
FD11174	103.750 	 16.016 	 205.093
FD11174	103.875 	 16.054 	 204.956
FD11174	104.000 	 16.091 	 204.823
FD11174	104.125 	 16.130 	 204.796
FD11174	104.250 	 16.168 	 204.884
FD11174	104.375 	 16.206 	 205.000
FD11174	104.500 	 16.245 	 205.043
FD11174	104.625 	 16.282 	 205.055
FD11174	104.750 	 16.320 	 205.004
FD11174	104.875 	 16.357 	 204.945
FD11174	105.000 	 16.394 	 204.966
FD11174	105.125 	 16.431 	 204.903
FD11174	105.250 	 16.468 	 204.816
FD11174	105.375 	 16.506 	 204.870
FD11174	105.500 	 16.542 	 204.936
FD11174	105.625 	 16.578 	 204.865
FD11174	105.750 	 16.615 	 204.794
FD11174	105.875 	 16.652 	 204.794
FD11174	106.000 	 16.690 	 204.804
FD11174	106.125 	 16.727 	 204.782
FD11174	106.250 	 16.765 	 204.744
FD11174	106.375 	 16.801 	 204.670
FD11174	106.500 	 16.840 	 204.708
FD11174	106.625 	 16.876 	 204.777
FD11174	106.750 	 16.915 	 204.602
FD11174	106.875 	 16.952 	 204.429
FD11174	107.000 	 16.990 	 204.362
FD11174	107.125 	 17.027 	 204.291
FD11174	107.250 	 17.067 	 204.286
FD11174	107.375 	 17.104 	 204.374
FD11174	107.500 	 17.144 	 204.478
FD11174	107.625 	 17.185 	 204.501
FD11174	107.750 	 17.224 	 204.443
FD11174	107.875 	 17.265 	 204.351
FD11174	108.000 	 17.305 	 204.242
FD11174	108.125 	 17.349 	 204.112
FD11174	108.250 	 17.391 	 203.975
FD11174	108.375 	 17.433 	 203.917
FD11174	108.500 	 17.479 	 203.873
FD11174	108.625 	 17.522 	 203.898
FD11174	108.750 	 17.567 	 203.986
FD11174	108.875 	 17.613 	 204.049
FD11174	109.000 	 17.659 	 204.104
FD11174	109.125 	 17.703 	 204.069
FD11174	109.250 	 17.749 	 204.002
FD11174	109.375 	 17.794 	 203.904
FD11174	109.500 	 17.838 	 203.728
FD11174	109.625 	 17.884 	 203.621
FD11174	109.750 	 17.926 	 203.572
FD11174	109.875 	 17.969 	 203.530
FD11174	110.000 	 18.011 	 203.536
FD11174	110.125 	 18.054 	 203.447
FD11174	110.250 	 18.093 	 203.354
FD11174	110.375 	 18.134 	 203.348
FD11174	110.500 	 18.172 	 203.195
FD11174	110.625 	 18.211 	 203.156
FD11174	110.750 	 18.249 	 203.288
FD11174	110.875 	 18.286 	 203.396
FD11174	111.000 	 18.324 	 203.373
FD11174	111.125 	 18.360 	 203.258
FD11174	111.250 	 18.397 	 203.302
FD11174	111.375 	 18.435 	 203.233
FD11174	111.500 	 18.473 	 203.096
FD11174	111.625 	 18.512 	 203.093
FD11174	111.750 	 18.550 	 203.027
FD11174	111.875 	 18.590 	 202.912
FD11174	112.000 	 18.632 	 202.868
FD11174	112.125 	 18.673 	 202.898
FD11174	112.250 	 18.717 	 202.980
FD11174	112.375 	 18.760 	 203.082
FD11174	112.500 	 18.805 	 203.082
FD11174	112.625 	 18.849 	 202.997
FD11174	112.750 	 18.896 	 203.030
FD11174	112.875 	 18.944 	 203.044
FD11174	113.000 	 18.990 	 202.929
FD11174	113.125 	 19.038 	 202.808
FD11174	113.250 	 19.086 	 202.703
FD11174	113.375 	 19.133 	 202.737
FD11174	113.500 	 19.181 	 202.923
FD11174	113.625 	 19.228 	 203.082
FD11174	113.750 	 19.274 	 203.110
FD11174	113.875 	 19.319 	 203.085
FD11174	114.000 	 19.365 	 203.113
FD11174	114.125 	 19.410 	 203.005
FD11174	114.250 	 19.453 	 202.846
FD11174	114.375 	 19.496 	 202.989
FD11174	114.500 	 19.538 	 203.120
FD11174	114.625 	 19.578 	 203.101
FD11174	114.750 	 19.619 	 203.135
FD11174	114.875 	 19.660 	 203.112
FD11174	115.000 	 19.700 	 203.107
FD11174	115.125 	 19.740 	 203.099
FD11174	115.250 	 19.781 	 203.126
FD11174	115.375 	 19.820 	 203.266
FD11174	115.500 	 19.862 	 203.442
FD11174	115.625 	 19.901 	 203.563
FD11174	115.750 	 19.943 	 203.590
FD11174	115.875 	 19.982 	 203.613
FD11174	116.000 	 20.024 	 203.585
FD11174	116.125 	 20.066 	 203.459
FD11174	116.250 	 20.107 	 203.414
FD11174	116.375 	 20.147 	 203.376
FD11174	116.500 	 20.188 	 203.239
FD11174	116.625 	 20.228 	 203.027
FD11174	116.750 	 20.270 	 202.857
FD11174	116.875 	 20.308 	 202.836
FD11174	117.000 	 20.347 	 202.901
FD11174	117.125 	 20.387 	 203.046
FD11174	117.250 	 20.424 	 203.130
FD11174	117.375 	 20.461 	 203.161
FD11174	117.500 	 20.500 	 203.223
FD11174	117.625 	 20.536 	 203.280
FD11174	117.750 	 20.572 	 203.269
FD11174	117.875 	 20.607 	 203.241
FD11174	118.000 	 20.643 	 203.380
FD11174	118.125 	 20.679 	 203.480
FD11174	118.250 	 20.714 	 203.431
FD11174	118.375 	 20.750 	 203.414
FD11174	118.500 	 20.785 	 203.409
FD11174	118.625 	 20.821 	 203.159
FD11174	118.750 	 20.858 	 202.923
FD11174	118.875 	 20.894 	 202.927
FD11174	119.000 	 20.932 	 202.923
FD11174	119.125 	 20.970 	 202.887
FD11174	119.250 	 21.008 	 202.833
FD11174	119.375 	 21.049 	 202.841
FD11174	119.500 	 21.087 	 202.840
FD11174	119.625 	 21.127 	 202.745
FD11174	119.750 	 21.169 	 202.728
FD11174	119.875 	 21.209 	 202.704
FD11174	120.000 	 21.253 	 202.671
FD11174	120.125 	 21.293 	 202.657
FD11174	120.250 	 21.337 	 202.706
FD11174	120.375 	 21.380 	 202.835
FD11174	120.500 	 21.423 	 202.863
FD11174	120.625 	 21.466 	 202.895
FD11174	120.750 	 21.511 	 202.939
FD11174	120.875 	 21.555 	 202.854
FD11174	121.000 	 21.600 	 202.651
FD11174	121.125 	 21.643 	 202.489
FD11174	121.250 	 21.689 	 202.500
FD11174	121.375 	 21.732 	 202.577
FD11174	121.500 	 21.778 	 202.643
FD11174	121.625 	 21.822 	 202.651
FD11174	121.750 	 21.865 	 202.629
FD11174	121.875 	 21.910 	 202.637
FD11174	122.000 	 21.951 	 202.517
FD11174	122.125 	 21.993 	 202.451
FD11174	122.250 	 22.032 	 202.566
FD11174	122.375 	 22.072 	 202.618
FD11174	122.500 	 22.110 	 202.591
FD11174	122.625 	 22.144 	 202.519
FD11174	122.750 	 22.179 	 202.536
FD11174	122.875 	 22.209 	 202.623
FD11174	123.000 	 22.239 	 202.756
FD11174	123.125 	 22.264 	 202.833
FD11174	123.250 	 22.291 	 202.816
FD11174	123.375 	 22.311 	 202.877
FD11174	123.500 	 22.332 	 203.035
FD11174	123.625 	 22.351 	 203.239
FD11174	123.750 	 22.367 	 203.310
FD11174	123.875 	 22.380 	 203.225
FD11174	124.000 	 22.392 	 203.214
FD11174	124.125 	 22.405 	 203.231
FD11174	124.250 	 22.416 	 203.120
FD11174	124.375 	 22.426 	 203.079
FD11174	124.500 	 22.435 	 203.118
FD11174	124.625 	 22.444 	 203.140
FD11174	124.750 	 22.454 	 203.106
FD11174	124.875 	 22.463 	 203.011
FD11174	125.000 	 22.474 	 202.983
FD11174	125.125 	 22.482 	 202.999
FD11174	125.250 	 22.491 	 203.005
FD11174	125.375 	 22.501 	 203.002
FD11174	125.500 	 22.512 	 202.986
FD11174	125.625 	 22.522 	 202.970
FD11174	125.750 	 22.534 	 202.925
FD11174	125.875 	 22.545 	 202.827
FD11174	126.000 	 22.558 	 202.678
FD11174	126.125 	 22.568 	 202.497
FD11174	126.250 	 22.580 	 202.481
FD11174	126.375 	 22.593 	 202.621
FD11174	126.500 	 22.603 	 202.549
FD11174	126.625 	 22.616 	 202.385
FD11174	126.750 	 22.627 	 202.313
FD11174	126.875 	 22.638 	 202.327
FD11174	127.000 	 22.650 	 202.343
FD11174	127.125 	 22.661 	 202.316
FD11174	127.250 	 22.672 	 202.300
FD11174	127.375 	 22.681 	 202.311
FD11174	127.500 	 22.692 	 202.387
FD11174	127.625 	 22.703 	 202.486
FD11174	127.750 	 22.710 	 202.530
FD11174	127.875 	 22.720 	 202.517
FD11174	128.000 	 22.728 	 202.467
FD11174	128.125 	 22.737 	 202.410
FD11174	128.250 	 22.742 	 202.338
FD11174	128.375 	 22.751 	 202.379
FD11174	128.500 	 22.758 	 202.406
FD11174	128.625 	 22.764 	 202.410
FD11174	128.750 	 22.771 	 202.519
FD11174	128.875 	 22.776 	 202.520
FD11174	129.000 	 22.783 	 202.426
FD11174	129.125 	 22.788 	 202.368
FD11174	129.250 	 22.793 	 202.242
FD11174	129.375 	 22.798 	 202.099
FD11174	129.500 	 22.804 	 202.011
FD11174	129.625 	 22.808 	 202.028
FD11174	129.750 	 22.812 	 202.192
FD11174	129.875 	 22.815 	 202.335
FD11174	130.000 	 22.818 	 202.385
FD11174	130.125 	 22.823 	 202.390
FD11174	130.250 	 22.825 	 202.308
FD11174	130.375 	 22.829 	 202.316
FD11174	130.500 	 22.833 	 202.458
FD11174	130.625 	 22.835 	 202.446
FD11174	130.750 	 22.839 	 202.500
FD11174	130.875 	 22.843 	 202.467
FD11174	131.000 	 22.851 	 202.347
FD11174	131.125 	 22.850 	 202.343
FD11174	131.250 	 22.859 	 202.322
FD11174	131.375 	 22.861 	 202.365
FD11174	131.500 	 22.868 	 202.348
FD11174	131.625 	 22.872 	 202.344
FD11174	131.750 	 22.881 	 202.414
FD11174	131.875 	 22.883 	 202.316
FD11174	132.000 	 22.895 	 202.124
FD11174	132.125 	 22.900 	 202.045
FD11174	132.250 	 22.906 	 201.989
FD11174	132.375 	 22.912 	 201.885
FD11174	132.500 	 22.917 	 201.841
FD11174	132.625 	 22.927 	 201.822
FD11174	132.750 	 22.930 	 201.788
FD11174	132.875 	 22.934 	 201.926
FD11174	133.000 	 22.940 	 202.201
FD11174	133.125 	 22.945 	 202.401
FD11174	133.250 	 22.953 	 202.505
FD11174	133.375 	 22.957 	 202.588
FD11174	133.500 	 22.962 	 202.621
FD11174	133.625 	 22.967 	 202.568
FD11174	133.750 	 22.975 	 202.557
FD11174	133.875 	 22.979 	 202.535
FD11174	134.000 	 22.983 	 202.492
FD11174	134.125 	 22.995 	 202.459
FD11174	134.250 	 22.994 	 202.425
FD11174	134.375 	 23.004 	 202.421
FD11174	134.500 	 23.009 	 202.453
FD11174	134.625 	 23.013 	 202.456
FD11174	134.750 	 23.018 	 202.291
FD11174	134.875 	 23.022 	 202.154
FD11174	135.000 	 23.028 	 202.110
FD11174	135.125 	 23.033 	 201.920
FD11174	135.250 	 23.039 	 201.904
FD11174	135.375 	 23.040 	 202.074
FD11174	135.500 	 23.043 	 202.085
FD11174	135.625 	 23.048 	 202.006
FD11174	135.750 	 23.051 	 201.858
FD11174	135.875 	 23.057 	 201.827
FD11174	136.000 	 23.059 	 201.827
FD11174	136.125 	 23.059 	 201.860
FD11174	136.250 	 23.063 	 201.898
FD11174	136.375 	 23.071 	 201.767
FD11174	136.500 	 23.072 	 201.717
FD11174	136.625 	 23.076 	 201.811
FD11174	136.750 	 23.084 	 201.828
FD11174	136.875 	 23.092 	 201.785
FD11174	137.000 	 23.098 	 201.753
FD11174	137.125 	 23.101 	 201.712
FD11174	137.250 	 23.114 	 201.673
FD11174	137.375 	 23.121 	 201.643
FD11174	137.500 	 23.129 	 201.747
FD11174	137.625 	 23.142 	 201.973
FD11174	137.750 	 23.148 	 202.054
FD11174	137.875 	 23.161 	 202.045
FD11174	138.000 	 23.167 	 202.098
FD11174	138.125 	 23.177 	 202.135
FD11174	138.250 	 23.188 	 202.255
FD11174	138.375 	 23.200 	 202.467
FD11174	138.500 	 23.205 	 202.610
FD11174	138.625 	 23.218 	 202.631
FD11174	138.750 	 23.222 	 202.544
FD11174	138.875 	 23.234 	 202.465
FD11174	139.000 	 23.238 	 202.382
FD11174	139.125 	 23.246 	 202.288
FD11174	139.250 	 23.251 	 202.333
FD11174	139.375 	 23.258 	 202.326
FD11174	139.500 	 23.263 	 202.228
FD11174	139.625 	 23.266 	 202.223
FD11174	139.750 	 23.272 	 202.311
FD11174	139.875 	 23.276 	 202.347
FD11174	140.000 	 23.275 	 202.153
FD11174	140.125 	 23.283 	 201.973
FD11174	140.250 	 23.279 	 202.028
FD11174	140.375 	 23.287 	 202.156
FD11174	140.500 	 23.286 	 202.189
FD11174	140.625 	 23.289 	 202.181
FD11174	140.750 	 23.295 	 202.153
FD11174	140.875 	 23.297 	 202.063
FD11174	141.000 	 23.301 	 201.948
FD11174	141.125 	 23.307 	 201.788
FD11174	141.250 	 23.311 	 201.667
FD11174	141.375 	 23.312 	 201.611
FD11174	141.500 	 23.323 	 201.527
FD11174	141.625 	 23.328 	 201.407
FD11174	141.750 	 23.330 	 201.418
FD11174	141.875 	 23.342 	 201.475
FD11174	142.000 	 23.344 	 201.388
FD11174	142.125 	 23.356 	 201.354
FD11174	142.250 	 23.359 	 201.387
FD11174	142.375 	 23.364 	 201.331
FD11174	142.500 	 23.374 	 201.329
FD11174	142.625 	 23.375 	 201.423
FD11174	142.750 	 23.382 	 201.423
FD11174	142.875 	 23.384 	 201.336
FD11174	143.000 	 23.387 	 201.175
FD11174	143.125 	 23.388 	 201.152
FD11174	143.250 	 23.389 	 201.344
FD11174	143.375 	 23.393 	 201.604
FD11174	143.500 	 23.387 	 201.726
FD11174	143.625 	 23.392 	 201.738
FD11174	143.750 	 23.388 	 201.762
FD11174	143.875 	 23.387 	 201.761
FD11174	144.000 	 23.383 	 201.811
FD11174	144.125 	 23.386 	 201.767
FD11174	144.250 	 23.379 	 201.590
FD11174	144.375 	 23.381 	 201.371
FD11174	144.500 	 23.379 	 201.151
FD11174	144.625 	 23.376 	 200.951
FD11174	144.750 	 23.375 	 200.956
FD11174	144.875 	 23.374 	 201.185
FD11174	145.000 	 23.374 	 201.310
FD11174	145.125 	 23.377 	 201.418
FD11174	145.250 	 23.376 	 201.538
FD11174	145.375 	 23.375 	 201.594
FD11174	145.500 	 23.375 	 201.648
FD11174	145.625 	 23.375 	 201.652
FD11174	145.750 	 23.380 	 201.690
FD11174	145.875 	 23.381 	 201.781
FD11174	146.000 	 23.379 	 201.792
FD11174	146.125 	 23.384 	 201.727
FD11174	146.250 	 23.386 	 201.760
FD11174	146.375 	 23.388 	 201.767
FD11174	146.500 	 23.390 	 201.779
FD11174	146.625 	 23.396 	 201.870
FD11174	146.750 	 23.399 	 201.888
FD11174	146.875 	 23.401 	 201.921
FD11174	147.000 	 23.406 	 201.930
FD11174	147.125 	 23.409 	 201.985
FD11174	147.250 	 23.413 	 201.994
FD11174	147.375 	 23.420 	 201.879
FD11174	147.500 	 23.425 	 201.853
FD11174	147.625 	 23.432 	 201.772
FD11174	147.750 	 23.437 	 201.779
FD11174	147.875 	 23.441 	 201.994
FD11174	148.000 	 23.445 	 202.077
FD11174	148.125 	 23.453 	 202.006
FD11174	148.250 	 23.457 	 201.973
FD11174	148.375 	 23.460 	 201.937
FD11174	148.500 	 23.463 	 201.794
FD11174	148.625 	 23.471 	 201.684
FD11174	148.750 	 23.474 	 201.717
FD11174	148.875 	 23.478 	 201.814
FD11174	149.000 	 23.484 	 201.852
FD11174	149.125 	 23.488 	 201.899
FD11174	149.250 	 23.491 	 201.926
FD11174	149.375 	 23.500 	 201.902
FD11174	149.500 	 23.506 	 201.813
FD11174	149.625 	 23.510 	 201.682
FD11174	149.750 	 23.515 	 201.643
FD11174	149.875 	 23.523 	 201.662
FD11174	150.000 	 23.530 	 201.728
FD11174	150.125 	 23.538 	 201.734
FD11174	150.250 	 23.545 	 201.612
FD11174	150.375 	 23.552 	 201.539
FD11174	150.500 	 23.562 	 201.477
FD11174	150.625 	 23.570 	 201.426
FD11174	150.750 	 23.580 	 201.548
FD11174	150.875 	 23.592 	 201.621
FD11174	151.000 	 23.601 	 201.637
FD11174	151.125 	 23.612 	 201.657
FD11174	151.250 	 23.622 	 201.657
FD11174	151.375 	 23.637 	 201.615
FD11174	151.500 	 23.648 	 201.538
FD11174	151.625 	 23.659 	 201.473
FD11174	151.750 	 23.676 	 201.390
FD11174	151.875 	 23.689 	 201.373
FD11174	152.000 	 23.705 	 201.335
FD11174	152.125 	 23.724 	 201.396
FD11174	152.250 	 23.737 	 201.405
FD11174	152.375 	 23.762 	 201.245
FD11174	152.500 	 23.779 	 201.157
FD11174	152.625 	 23.803 	 201.082
FD11174	152.750 	 23.823 	 201.012
FD11174	152.875 	 23.846 	 200.846
FD11174	153.000 	 23.874 	 200.693
FD11174	153.125 	 23.894 	 200.572
FD11174	153.250 	 23.918 	 200.517
FD11174	153.375 	 23.945 	 200.544
FD11174	153.500 	 23.969 	 200.435
FD11174	153.625 	 23.997 	 200.423
FD11174	153.750 	 24.024 	 200.495
FD11174	153.875 	 24.053 	 200.429
FD11174	154.000 	 24.076 	 200.456
FD11174	154.125 	 24.103 	 200.462
FD11174	154.250 	 24.132 	 200.220
FD11174	154.375 	 24.160 	 200.114
FD11174	154.500 	 24.185 	 200.157
FD11174	154.625 	 24.215 	 200.054
FD11174	154.750 	 24.242 	 200.009
FD11174	154.875 	 24.271 	 200.099
FD11174	155.000 	 24.301 	 200.139
FD11174	155.125 	 24.332 	 200.247
FD11174	155.250 	 24.360 	 200.440
FD11174	155.375 	 24.392 	 200.581
FD11174	155.500 	 24.427 	 200.656
FD11174	155.625 	 24.455 	 200.698
FD11174	155.750 	 24.494 	 200.599
FD11174	155.875 	 24.522 	 200.451
FD11174	156.000 	 24.562 	 200.308
FD11174	156.125 	 24.594 	 200.149
FD11174	156.250 	 24.629 	 200.067
FD11174	156.375 	 24.667 	 200.093
FD11174	156.500 	 24.703 	 200.144
FD11174	156.625 	 24.736 	 200.213
FD11174	156.750 	 24.774 	 200.233
FD11174	156.875 	 24.809 	 200.223
FD11174	157.000 	 24.848 	 200.224
FD11174	157.125 	 24.879 	 200.047
FD11174	157.250 	 24.915 	 199.894
FD11174	157.375 	 24.952 	 199.919
FD11174	157.500 	 24.986 	 199.934
FD11174	157.625 	 25.017 	 199.946
FD11174	157.750 	 25.053 	 200.028
FD11174	157.875 	 25.083 	 200.028
FD11174	158.000 	 25.117 	 199.908
FD11174	158.125 	 25.145 	 199.918
FD11174	158.250 	 25.174 	 200.017
FD11174	158.375 	 25.204 	 200.019
FD11174	158.500 	 25.232 	 199.954
FD11174	158.625 	 25.255 	 199.910
FD11174	158.750 	 25.279 	 200.054
FD11174	158.875 	 25.308 	 200.243
FD11174	159.000 	 25.327 	 200.308
FD11174	159.125 	 25.350 	 200.327
FD11174	159.250 	 25.369 	 200.382
FD11174	159.375 	 25.387 	 200.421
FD11174	159.500 	 25.404 	 200.531
FD11174	159.625 	 25.421 	 200.656
FD11174	159.750 	 25.435 	 200.729
FD11174	159.875 	 25.448 	 200.822
FD11174	160.000 	 25.462 	 200.701
FD11174	160.125 	 25.471 	 200.462
FD11174	160.250 	 25.481 	 200.313
FD11174	160.375 	 25.487 	 200.262
FD11174	160.500 	 25.495 	 200.299
FD11174	160.625 	 25.499 	 200.392
FD11174	160.750 	 25.503 	 200.478
FD11174	160.875 	 25.506 	 200.495
FD11174	161.000 	 25.512 	 200.472
FD11174	161.125 	 25.513 	 200.386
FD11174	161.250 	 25.515 	 200.276
FD11174	161.375 	 25.516 	 200.221
FD11174	161.500 	 25.516 	 200.242
FD11174	161.625 	 25.516 	 200.350
FD11174	161.750 	 25.516 	 200.355
FD11174	161.875 	 25.516 	 200.305
FD11174	162.000 	 25.516 	 200.306
FD11174	162.125 	 25.516 	 200.374
FD11174	162.250 	 25.518 	 200.396
FD11174	162.375 	 25.520 	 200.402
FD11174	162.500 	 25.525 	 200.401
FD11174	162.625 	 25.529 	 200.440
FD11174	162.750 	 25.533 	 200.556
FD11174	162.875 	 25.538 	 200.516
FD11174	163.000 	 25.547 	 200.517
FD11174	163.125 	 25.554 	 200.426
FD11174	163.250 	 25.565 	 200.244
FD11174	163.375 	 25.575 	 200.154
FD11174	163.500 	 25.585 	 200.127
FD11174	163.625 	 25.596 	 200.143
FD11174	163.750 	 25.609 	 200.078
FD11174	163.875 	 25.618 	 200.127
FD11174	164.000 	 25.631 	 200.111
FD11174	164.125 	 25.644 	 200.028
FD11174	164.250 	 25.656 	 200.160
FD11174	164.375 	 25.664 	 200.292
FD11174	164.500 	 25.674 	 200.424
FD11174	164.625 	 25.681 	 200.610
FD11174	164.750 	 25.690 	 200.753
FD11174	164.875 	 25.696 	 200.904
FD11174	165.000 	 25.700 	 200.937
FD11174	165.125 	 25.706 	 200.844
FD11174	165.250 	 25.709 	 200.828
FD11174	165.375 	 25.710 	 200.801
FD11174	165.500 	 25.711 	 200.634
FD11174	165.625 	 25.711 	 200.591
FD11174	165.750 	 25.709 	 200.713
FD11174	165.875 	 25.707 	 200.773
FD11174	166.000 	 25.703 	 200.794
FD11174	166.125 	 25.704 	 200.846
FD11174	166.250 	 25.699 	 201.017
FD11174	166.375 	 25.700 	 201.119
FD11174	166.500 	 25.695 	 201.179
FD11174	166.625 	 25.694 	 201.310
FD11174	166.750 	 25.689 	 201.360
FD11174	166.875 	 25.693 	 201.354
FD11174	167.000 	 25.692 	 201.273
FD11174	167.125 	 25.693 	 201.066
FD11174	167.250 	 25.695 	 200.825
FD11174	167.375 	 25.700 	 200.570
FD11174	167.500 	 25.700 	 200.514
FD11174	167.625 	 25.707 	 200.527
FD11174	167.750 	 25.712 	 200.319
FD11174	167.875 	 25.717 	 200.053
FD11174	168.000 	 25.726 	 199.921
FD11174	168.125 	 25.736 	 199.860
FD11174	168.250 	 25.744 	 199.822
FD11174	168.375 	 25.754 	 199.979
FD11174	168.500 	 25.762 	 200.122
FD11174	168.625 	 25.773 	 200.196
FD11174	168.750 	 25.782 	 200.266
FD11174	168.875 	 25.796 	 200.276
FD11174	169.000 	 25.805 	 200.280
FD11174	169.125 	 25.813 	 200.232
FD11174	169.250 	 25.824 	 200.187
FD11174	169.375 	 25.836 	 200.185
FD11174	169.500 	 25.843 	 200.130
FD11174	169.625 	 25.855 	 200.006
FD11174	169.750 	 25.865 	 199.852
FD11174	169.875 	 25.872 	 199.718
FD11174	170.000 	 25.878 	 199.575
FD11174	170.125 	 25.890 	 199.553
FD11174	170.250 	 25.893 	 199.718
FD11174	170.375 	 25.901 	 199.813
FD11174	170.500 	 25.905 	 199.974
FD11174	170.625 	 25.913 	 200.264
FD11174	170.750 	 25.914 	 200.468
FD11174	170.875 	 25.925 	 200.643
FD11174	171.000 	 25.926 	 200.747
FD11174	171.125 	 25.932 	 200.713
FD11174	171.250 	 25.935 	 200.607
FD11174	171.375 	 25.938 	 200.412
FD11174	171.500 	 25.943 	 200.298
FD11174	171.625 	 25.942 	 200.328
FD11174	171.750 	 25.946 	 200.262
FD11174	171.875 	 25.947 	 199.994
FD11174	172.000 	 25.946 	 199.924
FD11174	172.125 	 25.950 	 200.108
FD11174	172.250 	 25.951 	 200.124
FD11174	172.375 	 25.953 	 200.019
FD11174	172.500 	 25.956 	 200.031
FD11174	172.625 	 25.952 	 199.982
FD11174	172.750 	 25.951 	 199.949
FD11174	172.875 	 25.953 	 199.997
FD11174	173.000 	 25.951 	 200.098
FD11174	173.125 	 25.950 	 200.079
FD11174	173.250 	 25.948 	 199.927
FD11174	173.375 	 25.942 	 200.046
FD11174	173.500 	 25.944 	 200.110
FD11174	173.625 	 25.937 	 200.178
FD11174	173.750 	 25.935 	 200.333
FD11174	173.875 	 25.932 	 200.191
FD11174	174.000 	 25.925 	 200.009
FD11174	174.125 	 25.927 	 199.906
FD11174	174.250 	 25.919 	 199.803
FD11174	174.375 	 25.915 	 199.733
FD11174	174.500 	 25.915 	 199.630
FD11174	174.625 	 25.914 	 199.586
FD11174	174.750 	 25.907 	 199.729
FD11174	174.875 	 25.912 	 199.595
FD11174	175.000 	 25.907 	 199.257
FD11174	175.125 	 25.907 	 199.201
FD11174	175.250 	 25.911 	 199.300
FD11174	175.375 	 25.909 	 199.359
FD11174	175.500 	 25.916 	 199.341
FD11174	175.625 	 25.920 	 199.369
FD11174	175.750 	 25.929 	 199.424
FD11174	175.875 	 25.935 	 199.514
FD11174	176.000 	 25.943 	 199.503
FD11174	176.125 	 25.959 	 199.460
FD11174	176.250 	 25.968 	 199.432
FD11174	176.375 	 25.981 	 199.369
FD11174	176.500 	 25.993 	 199.491
FD11174	176.625 	 26.012 	 199.784
FD11174	176.750 	 26.028 	 199.986
FD11174	176.875 	 26.043 	 199.939
FD11174	177.000 	 26.061 	 199.937
FD11174	177.125 	 26.078 	 200.036
FD11174	177.250 	 26.094 	 200.147
FD11174	177.375 	 26.110 	 200.295
FD11174	177.500 	 26.127 	 200.366
FD11174	177.625 	 26.143 	 200.352
FD11174	177.750 	 26.158 	 200.446
FD11174	177.875 	 26.172 	 200.539
FD11174	178.000 	 26.188 	 200.522
FD11174	178.125 	 26.198 	 200.615
FD11174	178.250 	 26.214 	 200.758
FD11174	178.375 	 26.223 	 200.783
FD11174	178.500 	 26.235 	 200.811
FD11174	178.625 	 26.242 	 200.813
FD11174	178.750 	 26.252 	 200.732
FD11174	178.875 	 26.258 	 200.700
FD11174	179.000 	 26.268 	 200.597
FD11174	179.125 	 26.276 	 200.520
FD11174	179.250 	 26.279 	 200.547
FD11174	179.375 	 26.290 	 200.657
FD11174	179.500 	 26.292 	 200.695
FD11174	179.625 	 26.302 	 200.660
FD11174	179.750 	 26.311 	 200.708
FD11174	179.875 	 26.314 	 200.598
FD11174	180.000 	 26.320 	 200.460
FD11174	180.125 	 26.329 	 200.318
FD11174	180.250 	 26.334 	 199.974
FD11174	180.375 	 26.344 	 199.867
FD11174	180.500 	 26.347 	 199.936
FD11174	180.625 	 26.353 	 199.934
FD11174	180.750 	 26.363 	 200.093
FD11174	180.875 	 26.365 	 200.109
FD11174	181.000 	 26.374 	 200.092
FD11174	181.125 	 26.378 	 200.234
FD11174	181.250 	 26.380 	 200.124
FD11174	181.375 	 26.384 	 200.014
FD11174	181.500 	 26.389 	 200.003
FD11174	181.625 	 26.391 	 199.841
FD11174	181.750 	 26.387 	 199.758
FD11174	181.875 	 26.391 	 199.671
FD11174	182.000 	 26.387 	 199.589
FD11174	182.125 	 26.387 	 199.619
FD11174	182.250 	 26.380 	 199.472
FD11174	182.375 	 26.378 	 199.222
FD11174	182.500 	 26.375 	 199.114
FD11174	182.625 	 26.367 	 199.149
FD11174	182.750 	 26.362 	 199.210
FD11174	182.875 	 26.355 	 199.096
FD11174	183.000 	 26.352 	 199.054
FD11174	183.125 	 26.342 	 199.108
FD11174	183.250 	 26.341 	 199.174
FD11174	183.375 	 26.334 	 199.245
FD11174	183.500 	 26.330 	 199.218
FD11174	183.625 	 26.329 	 199.316
FD11174	183.750 	 26.325 	 199.427
FD11174	183.875 	 26.329 	 199.407
FD11174	184.000 	 26.331 	 199.588
FD11174	184.125 	 26.334 	 199.913
FD11174	184.250 	 26.344 	 199.972
FD11174	184.375 	 26.348 	 200.037
FD11174	184.500 	 26.361 	 200.172
FD11174	184.625 	 26.369 	 200.372
FD11174	184.750 	 26.380 	 200.520
FD11174	184.875 	 26.396 	 200.301
FD11174	185.000 	 26.409 	 200.084
FD11174	185.125 	 26.424 	 199.959
FD11174	185.250 	 26.439 	 200.042
FD11174	185.375 	 26.452 	 200.206
FD11174	185.500 	 26.470 	 200.162
FD11174	185.625 	 26.485 	 200.099
FD11174	185.750 	 26.501 	 200.039
FD11174	185.875 	 26.511 	 200.051
FD11174	186.000 	 26.530 	 200.100
FD11174	186.125 	 26.541 	 200.063
FD11174	186.250 	 26.554 	 200.107
FD11174	186.375 	 26.567 	 200.177
FD11174	186.500 	 26.581 	 200.160
FD11174	186.625 	 26.593 	 200.149
FD11174	186.750 	 26.602 	 200.187
FD11174	186.875 	 26.612 	 200.334
FD11174	187.000 	 26.621 	 200.485
FD11174	187.125 	 26.629 	 200.578
FD11174	187.250 	 26.640 	 200.539
FD11174	187.375 	 26.645 	 200.427
FD11174	187.500 	 26.651 	 200.437
FD11174	187.625 	 26.658 	 200.558
FD11174	187.750 	 26.662 	 200.629
FD11174	187.875 	 26.666 	 200.557
FD11174	188.000 	 26.670 	 200.487
FD11174	188.125 	 26.669 	 200.510
FD11174	188.250 	 26.673 	 200.594
FD11174	188.375 	 26.674 	 200.589
FD11174	188.500 	 26.674 	 200.532
FD11174	188.625 	 26.669 	 200.466
FD11174	188.750 	 26.673 	 200.360
FD11174	188.875 	 26.669 	 200.244
FD11174	189.000 	 26.670 	 200.251
FD11174	189.125 	 26.672 	 200.331
FD11174	189.250 	 26.670 	 200.341
FD11174	189.375 	 26.675 	 200.483
FD11174	189.500 	 26.675 	 200.661
FD11174	189.625 	 26.679 	 200.686
FD11174	189.750 	 26.679 	 200.434
FD11174	189.875 	 26.686 	 200.200
FD11174	190.000 	 26.690 	 200.159
FD11174	190.125 	 26.692 	 200.082
FD11174	190.250 	 26.694 	 200.057
FD11174	190.375 	 26.699 	 199.984
FD11174	190.500 	 26.705 	 199.812
FD11174	190.625 	 26.709 	 199.792
FD11174	190.750 	 26.716 	 199.875
FD11174	190.875 	 26.716 	 199.988
FD11174	191.000 	 26.725 	 200.060
FD11174	191.125 	 26.730 	 200.099
FD11174	191.250 	 26.730 	 200.144
FD11174	191.375 	 26.737 	 200.087
FD11174	191.500 	 26.739 	 200.081
FD11174	191.625 	 26.742 	 200.132
FD11174	191.750 	 26.748 	 200.123
FD11174	191.875 	 26.752 	 200.181
FD11174	192.000 	 26.753 	 200.412
FD11174	192.125 	 26.758 	 200.580
FD11174	192.250 	 26.760 	 200.547
FD11174	192.375 	 26.767 	 200.609
FD11174	192.500 	 26.769 	 200.552
FD11174	192.625 	 26.773 	 200.211
FD11174	192.750 	 26.779 	 200.026
FD11174	192.875 	 26.777 	 199.910
FD11174	193.000 	 26.781 	 199.756
FD11174	193.125 	 26.784 	 199.846
FD11174	193.250 	 26.784 	 199.902
FD11174	193.375 	 26.781 	 199.720
FD11174	193.500 	 26.784 	 199.628
FD11174	193.625 	 26.783 	 199.517
FD11174	193.750 	 26.784 	 199.500
FD11174	193.875 	 26.781 	 199.562
FD11174	194.000 	 26.777 	 199.567
FD11174	194.125 	 26.777 	 199.766
FD11174	194.250 	 26.773 	 200.033
FD11174	194.375 	 26.771 	 200.130
FD11174	194.500 	 26.768 	 200.085
FD11174	194.625 	 26.761 	 200.004
FD11174	194.750 	 26.760 	 199.854
FD11174	194.875 	 26.751 	 199.682
FD11174	195.000 	 26.750 	 199.628
FD11174	195.125 	 26.743 	 199.606
FD11174	195.250 	 26.738 	 199.730
FD11174	195.375 	 26.734 	 199.899
FD11174	195.500 	 26.724 	 199.922
FD11174	195.625 	 26.722 	 199.860
FD11174	195.750 	 26.711 	 199.796
FD11174	195.875 	 26.708 	 199.762
FD11174	196.000 	 26.701 	 199.655
FD11174	196.125 	 26.692 	 199.455
FD11174	196.250 	 26.684 	 199.350
FD11174	196.375 	 26.679 	 199.336
FD11174	196.500 	 26.674 	 199.346
FD11174	196.625 	 26.670 	 199.381
FD11174	196.750 	 26.662 	 199.414
FD11174	196.875 	 26.659 	 199.439
FD11174	197.000 	 26.653 	 199.396
FD11174	197.125 	 26.652 	 199.404
FD11174	197.250 	 26.647 	 199.421
FD11174	197.375 	 26.645 	 199.584
FD11174	197.500 	 26.643 	 199.792
FD11174	197.625 	 26.641 	 199.796
FD11174	197.750 	 26.645 	 199.826
FD11174	197.875 	 26.644 	 199.717
FD11174	198.000 	 26.649 	 199.423
FD11174	198.125 	 26.653 	 199.371
FD11174	198.250 	 26.659 	 199.543
FD11174	198.375 	 26.661 	 199.522
FD11174	198.500 	 26.668 	 199.303
FD11174	198.625 	 26.675 	 199.152
FD11174	198.750 	 26.680 	 199.141
FD11174	198.875 	 26.689 	 199.266
FD11174	199.000 	 26.693 	 199.471
FD11174	199.125 	 26.701 	 199.564
FD11174	199.250 	 26.703 	 199.526
FD11174	199.375 	 26.713 	 199.308
FD11174	199.500 	 26.713 	 199.309
FD11174	199.625 	 26.719 	 199.482
FD11174	199.750 	 26.717 	 199.525
FD11174	199.875 	 26.722 	 199.616
FD11174	200.000 	 26.721 	 199.749
FD11174	200.125 	 26.719 	 200.036
FD11174	200.250 	 26.714 	 200.305
FD11174	200.375 	 26.710 	 200.377
FD11174	200.500 	 26.707 	 200.409
FD11174	200.625 	 26.700 	 200.401
FD11174	200.750 	 26.691 	 200.485
FD11174	200.875 	 26.682 	 200.742
FD11174	201.000 	 26.673 	 200.868
FD11174	201.125 	 26.663 	 200.912
FD11174	201.250 	 26.650 	 200.925
FD11174	201.375 	 26.641 	 201.030
FD11174	201.500 	 26.628 	 201.261
FD11174	201.625 	 26.617 	 201.390
FD11174	201.750 	 26.609 	 201.390
FD11174	201.875 	 26.597 	 201.483
FD11174	202.000 	 26.587 	 201.685
FD11174	202.125 	 26.581 	 201.741
FD11174	202.250 	 26.573 	 201.637
FD11174	202.375 	 26.566 	 201.635
FD11174	202.500 	 26.559 	 201.696
FD11174	202.625 	 26.559 	 201.776
FD11174	202.750 	 26.553 	 201.954
FD11174	202.875 	 26.554 	 202.156
FD11174	203.000 	 26.556 	 202.190
FD11174	203.125 	 26.560 	 202.106
FD11174	203.250 	 26.566 	 202.140
FD11174	203.375 	 26.574 	 202.084
FD11174	203.500 	 26.585 	 202.010
FD11174	203.625 	 26.599 	 201.970
FD11174	203.750 	 26.612 	 202.002
FD11174	203.875 	 26.627 	 202.003
FD11174	204.000 	 26.642 	 201.722
FD11174	204.125 	 26.654 	 201.308
FD11174	204.250 	 26.673 	 200.980
FD11174	204.375 	 26.689 	 200.878
FD11174	204.500 	 26.704 	 201.023
FD11174	204.625 	 26.723 	 201.378
FD11174	204.750 	 26.739 	 201.480
FD11174	204.875 	 26.755 	 201.183
FD11174	205.000 	 26.774 	 200.983
FD11174	205.125 	 26.790 	 201.073
FD11174	205.250 	 26.810 	 201.182
FD11174	205.375 	 26.822 	 201.196
FD11174	205.500 	 26.840 	 201.090
FD11174	205.625 	 26.852 	 200.841
FD11174	205.750 	 26.867 	 200.698
FD11174	205.875 	 26.880 	 200.798
FD11174	206.000 	 26.894 	 201.061
FD11174	206.125 	 26.907 	 201.214
FD11174	206.250 	 26.922 	 201.167
FD11174	206.375 	 26.933 	 201.252
FD11174	206.500 	 26.944 	 201.577
FD11174	206.625 	 26.953 	 201.611
FD11174	206.750 	 26.963 	 201.592
FD11174	206.875 	 26.972 	 201.722
FD11174	207.000 	 26.984 	 201.736
FD11174	207.125 	 26.991 	 201.733
FD11174	207.250 	 27.000 	 201.740
FD11174	207.375 	 27.011 	 201.966
FD11174	207.500 	 27.016 	 202.100
FD11174	207.625 	 27.025 	 201.851
FD11174	207.750 	 27.034 	 201.587
FD11174	207.875 	 27.042 	 201.600
FD11174	208.000 	 27.046 	 201.698
FD11174	208.125 	 27.053 	 201.647
FD11174	208.250 	 27.060 	 201.491
FD11174	208.375 	 27.063 	 201.333
FD11174	208.500 	 27.069 	 201.222
FD11174	208.625 	 27.074 	 201.084
FD11174	208.750 	 27.077 	 201.032
FD11174	208.875 	 27.080 	 201.167
FD11174	209.000 	 27.081 	 201.290
FD11174	209.125 	 27.087 	 201.285
FD11174	209.250 	 27.083 	 201.237
FD11174	209.375 	 27.084 	 201.215
FD11174	209.500 	 27.085 	 201.221
FD11174	209.625 	 27.082 	 201.059
FD11174	209.750 	 27.081 	 201.020
FD11174	209.875 	 27.080 	 201.019
FD11174	210.000 	 27.077 	 200.728
FD11174	210.125 	 27.077 	 200.619
FD11174	210.250 	 27.077 	 200.673
FD11174	210.375 	 27.076 	 200.819
FD11174	210.500 	 27.073 	 200.924
FD11174	210.625 	 27.076 	 200.912
FD11174	210.750 	 27.075 	 200.812
FD11174	210.875 	 27.072 	 200.802
FD11174	211.000 	 27.077 	 200.909
FD11174	211.125 	 27.075 	 200.974
FD11174	211.250 	 27.078 	 200.949
FD11174	211.375 	 27.078 	 200.811
FD11174	211.500 	 27.079 	 200.882
FD11174	211.625 	 27.079 	 200.999
FD11174	211.750 	 27.082 	 201.079
FD11174	211.875 	 27.081 	 201.152
FD11174	212.000 	 27.081 	 201.212
FD11174	212.125 	 27.085 	 201.316
FD11174	212.250 	 27.083 	 201.404
FD11174	212.375 	 27.082 	 201.528
FD11174	212.500 	 27.086 	 201.616
FD11174	212.625 	 27.084 	 201.666
FD11174	212.750 	 27.084 	 201.640
FD11174	212.875 	 27.089 	 201.487
FD11174	213.000 	 27.090 	 201.470
FD11174	213.125 	 27.088 	 201.636
FD11174	213.250 	 27.091 	 201.748
FD11174	213.375 	 27.091 	 201.481
FD11174	213.500 	 27.091 	 201.152
FD11174	213.625 	 27.087 	 201.105
FD11174	213.750 	 27.090 	 201.144
FD11174	213.875 	 27.086 	 201.256
FD11174	214.000 	 27.088 	 201.458
FD11174	214.125 	 27.084 	 201.520
FD11174	214.250 	 27.085 	 201.543
FD11174	214.375 	 27.082 	 201.664
FD11174	214.500 	 27.081 	 201.593
FD11174	214.625 	 27.078 	 201.629
FD11174	214.750 	 27.077 	 201.839
FD11174	214.875 	 27.077 	 201.994
FD11174	215.000 	 27.075 	 202.197
FD11174	215.125 	 27.071 	 202.157
FD11174	215.250 	 27.074 	 201.987
FD11174	215.375 	 27.072 	 202.011
FD11174	215.500 	 27.076 	 201.958
FD11174	215.625 	 27.077 	 201.756
FD11174	215.750 	 27.079 	 201.651
FD11174	215.875 	 27.082 	 201.652
FD11174	216.000 	 27.090 	 201.617
FD11174	216.125 	 27.092 	 201.526
FD11174	216.250 	 27.097 	 201.463
FD11174	216.375 	 27.100 	 201.271
FD11174	216.500 	 27.108 	 201.050
FD11174	216.625 	 27.115 	 201.052
FD11174	216.750 	 27.116 	 201.058
FD11174	216.875 	 27.126 	 200.958
FD11174	217.000 	 27.133 	 200.932
FD11174	217.125 	 27.136 	 201.055
FD11174	217.250 	 27.147 	 201.094
FD11174	217.375 	 27.148 	 201.080
FD11174	217.500 	 27.157 	 201.086
FD11174	217.625 	 27.164 	 201.081
FD11174	217.750 	 27.169 	 201.070
FD11174	217.875 	 27.176 	 201.016
FD11174	218.000 	 27.182 	 200.946
FD11174	218.125 	 27.187 	 200.918
FD11174	218.250 	 27.191 	 200.888
FD11174	218.375 	 27.198 	 200.852
FD11174	218.500 	 27.203 	 200.858
FD11174	218.625 	 27.205 	 200.850
FD11174	218.750 	 27.214 	 200.789
FD11174	218.875 	 27.214 	 200.836
FD11174	219.000 	 27.219 	 200.983
FD11174	219.125 	 27.220 	 201.045
FD11174	219.250 	 27.227 	 201.017
FD11174	219.375 	 27.229 	 200.974
FD11174	219.500 	 27.227 	 200.916
FD11174	219.625 	 27.232 	 200.820
FD11174	219.750 	 27.233 	 200.785
FD11174	219.875 	 27.234 	 200.835
FD11174	220.000 	 27.237 	 200.908
FD11174	220.125 	 27.233 	 200.972
FD11174	220.250 	 27.232 	 201.051
FD11174	220.375 	 27.230 	 201.112
FD11174	220.500 	 27.227 	 201.196
FD11174	220.625 	 27.226 	 201.253
FD11174	220.750 	 27.218 	 201.244
FD11174	220.875 	 27.216 	 201.324
FD11174	221.000 	 27.205 	 201.446
FD11174	221.125 	 27.201 	 201.524
FD11174	221.250 	 27.194 	 201.596
FD11174	221.375 	 27.181 	 201.628
FD11174	221.500 	 27.178 	 201.704
FD11174	221.625 	 27.164 	 201.870
FD11174	221.750 	 27.161 	 201.866
FD11174	221.875 	 27.148 	 201.730
FD11174	222.000 	 27.140 	 201.620
FD11174	222.125 	 27.133 	 201.443
FD11174	222.250 	 27.125 	 201.296
FD11174	222.375 	 27.116 	 201.322
FD11174	222.500 	 27.112 	 201.359
FD11174	222.625 	 27.107 	 201.409
FD11174	222.750 	 27.104 	 201.542
FD11174	222.875 	 27.099 	 201.579
FD11174	223.000 	 27.096 	 201.637
FD11174	223.125 	 27.097 	 201.746
FD11174	223.250 	 27.099 	 201.885
FD11174	223.375 	 27.098 	 202.061
FD11174	223.500 	 27.100 	 202.246
FD11174	223.625 	 27.104 	 202.344
FD11174	223.750 	 27.108 	 202.388
FD11174	223.875 	 27.113 	 202.406
FD11174	224.000 	 27.122 	 202.352
FD11174	224.125 	 27.127 	 202.225
FD11174	224.250 	 27.138 	 202.131
FD11174	224.375 	 27.145 	 202.187
FD11174	224.500 	 27.156 	 202.213
FD11174	224.625 	 27.169 	 202.250
FD11174	224.750 	 27.182 	 202.350
FD11174	224.875 	 27.193 	 202.508
FD11174	225.000 	 27.211 	 202.524
FD11174	225.125 	 27.222 	 202.478
FD11174	225.250 	 27.241 	 202.456
FD11174	225.375 	 27.253 	 202.575
FD11174	225.500 	 27.273 	 202.755
FD11174	225.625 	 27.288 	 202.736
FD11174	225.750 	 27.302 	 202.730
FD11174	225.875 	 27.323 	 202.732
FD11174	226.000 	 27.339 	 202.615
FD11174	226.125 	 27.361 	 202.488
FD11174	226.250 	 27.375 	 202.528
FD11174	226.375 	 27.398 	 202.568
FD11174	226.500 	 27.414 	 202.525
FD11174	226.625 	 27.434 	 202.561
FD11174	226.750 	 27.454 	 202.605
FD11174	226.875 	 27.469 	 202.515
FD11174	227.000 	 27.491 	 202.367
FD11174	227.125 	 27.512 	 202.286
FD11174	227.250 	 27.526 	 202.187
FD11174	227.375 	 27.548 	 202.202
FD11174	227.500 	 27.567 	 202.384
FD11174	227.625 	 27.585 	 202.419
FD11174	227.750 	 27.607 	 202.405
FD11174	227.875 	 27.626 	 202.514
FD11174	228.000 	 27.643 	 202.508
FD11174	228.125 	 27.660 	 202.455
FD11174	228.250 	 27.678 	 202.392
FD11174	228.375 	 27.699 	 202.361
FD11174	228.500 	 27.716 	 202.461
FD11174	228.625 	 27.731 	 202.579
FD11174	228.750 	 27.750 	 202.598
FD11174	228.875 	 27.763 	 202.503
FD11174	229.000 	 27.783 	 202.559
FD11174	229.125 	 27.794 	 202.702
FD11174	229.250 	 27.807 	 202.836
FD11174	229.375 	 27.821 	 202.917
FD11174	229.500 	 27.829 	 202.988
FD11174	229.625 	 27.845 	 203.092
FD11174	229.750 	 27.854 	 203.238
FD11174	229.875 	 27.860 	 203.398
FD11174	230.000 	 27.875 	 203.431
FD11174	230.125 	 27.880 	 203.388
FD11174	230.250 	 27.888 	 203.260
FD11174	230.375 	 27.897 	 203.000
FD11174	230.500 	 27.905 	 202.853
FD11174	230.625 	 27.909 	 202.787
FD11174	230.750 	 27.920 	 202.813
FD11174	230.875 	 27.926 	 202.866
FD11174	231.000 	 27.928 	 202.843
FD11174	231.125 	 27.932 	 202.796
FD11174	231.250 	 27.940 	 202.709
FD11174	231.375 	 27.943 	 202.694
FD11174	231.500 	 27.950 	 202.658
FD11174	231.625 	 27.946 	 202.705
FD11174	231.750 	 27.952 	 202.770
FD11174	231.875 	 27.951 	 202.759
FD11174	232.000 	 27.955 	 202.680
FD11174	232.125 	 27.957 	 202.612
FD11174	232.250 	 27.957 	 202.691
FD11174	232.375 	 27.959 	 202.751
FD11174	232.500 	 27.958 	 202.793
FD11174	232.625 	 27.962 	 202.865
FD11174	232.750 	 27.958 	 202.947
FD11174	232.875 	 27.959 	 202.923
FD11174	233.000 	 27.959 	 202.902
FD11174	233.125 	 27.959 	 202.935
FD11174	233.250 	 27.963 	 202.872
FD11174	233.375 	 27.960 	 202.872
FD11174	233.500 	 27.964 	 202.931
FD11174	233.625 	 27.969 	 202.978
FD11174	233.750 	 27.969 	 203.010
FD11174	233.875 	 27.972 	 202.922
FD11174	234.000 	 27.973 	 202.706
FD11174	234.125 	 27.975 	 202.571
FD11174	234.250 	 27.981 	 202.560
FD11174	234.375 	 27.977 	 202.643
FD11174	234.500 	 27.981 	 202.879
FD11174	234.625 	 27.983 	 203.135
FD11174	234.750 	 27.980 	 203.233
FD11174	234.875 	 27.984 	 203.294
FD11174	235.000 	 27.984 	 203.272
FD11174	235.125 	 27.984 	 203.207
FD11174	235.250 	 27.981 	 203.314
FD11174	235.375 	 27.982 	 203.442
FD11174	235.500 	 27.982 	 203.527
FD11174	235.625 	 27.978 	 203.577
FD11174	235.750 	 27.980 	 203.527
FD11174	235.875 	 27.976 	 203.471
FD11174	236.000 	 27.973 	 203.436
FD11174	236.125 	 27.973 	 203.351
FD11174	236.250 	 27.970 	 203.252
FD11174	236.375 	 27.970 	 203.259
FD11174	236.500 	 27.964 	 203.180
FD11174	236.625 	 27.965 	 203.101
FD11174	236.750 	 27.962 	 203.179
FD11174	236.875 	 27.966 	 203.200
FD11174	237.000 	 27.961 	 203.258
FD11174	237.125 	 27.961 	 203.343
FD11174	237.250 	 27.966 	 203.231
FD11174	237.375 	 27.962 	 203.036
FD11174	237.500 	 27.967 	 202.949
FD11174	237.625 	 27.968 	 202.909
FD11174	237.750 	 27.966 	 202.951
FD11174	237.875 	 27.969 	 202.983
FD11174	238.000 	 27.972 	 202.895
FD11174	238.125 	 27.973 	 202.773
FD11174	238.250 	 27.979 	 202.690
FD11174	238.375 	 27.976 	 202.697
FD11174	238.500 	 27.981 	 202.742
FD11174	238.625 	 27.977 	 202.707
FD11174	238.750 	 27.977 	 202.799
FD11174	238.875 	 27.981 	 202.934
FD11174	239.000 	 27.977 	 202.901
FD11174	239.125 	 27.981 	 202.876
FD11174	239.250 	 27.975 	 202.728
FD11174	239.375 	 27.979 	 202.690
FD11174	239.500 	 27.976 	 202.750
FD11174	239.625 	 27.973 	 202.715
FD11174	239.750 	 27.973 	 202.830
FD11174	239.875 	 27.972 	 203.053
FD11174	240.000 	 27.969 	 203.210
FD11174	240.125 	 27.963 	 203.158
FD11174	240.250 	 27.965 	 203.016
FD11174	240.375 	 27.960 	 203.061
FD11174	240.500 	 27.957 	 203.110
FD11174	240.625 	 27.957 	 203.062
FD11174	240.750 	 27.954 	 202.981
FD11174	240.875 	 27.946 	 202.860
FD11174	241.000 	 27.950 	 202.930
FD11174	241.125 	 27.944 	 202.818
FD11174	241.250 	 27.942 	 202.622
FD11174	241.375 	 27.942 	 202.670
FD11174	241.500 	 27.941 	 202.771
FD11174	241.625 	 27.941 	 202.869
FD11174	241.750 	 27.937 	 202.832
FD11174	241.875 	 27.940 	 202.883
FD11174	242.000 	 27.942 	 203.018
FD11174	242.125 	 27.942 	 203.057
FD11174	242.250 	 27.947 	 203.191
FD11174	242.375 	 27.946 	 203.240
FD11174	242.500 	 27.947 	 203.151
FD11174	242.625 	 27.955 	 203.080
FD11174	242.750 	 27.956 	 202.985
FD11174	242.875 	 27.964 	 202.924
FD11174	243.000 	 27.966 	 202.923
FD11174	243.125 	 27.974 	 203.086
FD11174	243.250 	 27.982 	 203.237
FD11174	243.375 	 27.986 	 203.259
FD11174	243.500 	 27.991 	 203.335
FD11174	243.625 	 28.000 	 203.459
FD11174	243.750 	 28.004 	 203.553
FD11174	243.875 	 28.013 	 203.510
FD11174	244.000 	 28.016 	 203.434
FD11174	244.125 	 28.020 	 203.496
FD11174	244.250 	 28.030 	 203.697
FD11174	244.375 	 28.034 	 203.894
FD11174	244.500 	 28.041 	 203.951
FD11174	244.625 	 28.047 	 203.877
FD11174	244.750 	 28.051 	 203.832
FD11174	244.875 	 28.060 	 203.834
FD11174	245.000 	 28.068 	 203.833
FD11174	245.125 	 28.067 	 203.744
FD11174	245.250 	 28.075 	 203.538
FD11174	245.375 	 28.078 	 203.419
FD11174	245.500 	 28.080 	 203.437
FD11174	245.625 	 28.086 	 203.441
FD11174	245.750 	 28.088 	 203.418
FD11174	245.875 	 28.091 	 203.358
FD11174	246.000 	 28.090 	 203.398
FD11174	246.125 	 28.091 	 203.591
FD11174	246.250 	 28.091 	 203.639
FD11174	246.375 	 28.088 	 203.484
FD11174	246.500 	 28.084 	 203.330
FD11174	246.625 	 28.085 	 203.384
FD11174	246.750 	 28.078 	 203.462
FD11174	246.875 	 28.075 	 203.458
FD11174	247.000 	 28.067 	 203.404
FD11174	247.125 	 28.063 	 203.399
FD11174	247.250 	 28.058 	 203.428
FD11174	247.375 	 28.046 	 203.342
FD11174	247.500 	 28.045 	 203.297
FD11174	247.625 	 28.032 	 203.262
FD11174	247.750 	 28.027 	 203.198
FD11174	247.875 	 28.016 	 203.135
FD11174	248.000 	 28.006 	 203.041
FD11174	248.125 	 27.998 	 203.090
FD11174	248.250 	 27.991 	 203.086
FD11174	248.375 	 27.983 	 203.003
FD11174	248.500 	 27.972 	 202.938
FD11174	248.625 	 27.969 	 203.020
FD11174	248.750 	 27.956 	 203.209
FD11174	248.875 	 27.949 	 203.265
FD11174	249.000 	 27.941 	 203.279
FD11174	249.125 	 27.938 	 203.297
FD11174	249.250 	 27.927 	 203.237
FD11174	249.375 	 27.924 	 203.162
FD11174	249.500 	 27.918 	 203.205
FD11174	249.625 	 27.914 	 203.107
FD11174	249.750 	 27.913 	 202.963
FD11174	249.875 	 27.909 	 203.019
FD11174	250.000 	 27.909 	 203.245
FD11174	250.125 	 27.909 	 203.322
FD11174	250.250 	 27.904 	 203.315
FD11174	250.375 	 27.910 	 203.460
FD11174	250.500 	 27.910 	 203.592
FD11174	250.625 	 27.915 	 203.673
FD11174	250.750 	 27.916 	 203.678
FD11174	250.875 	 27.925 	 203.635
FD11174	251.000 	 27.925 	 203.602
FD11174	251.125 	 27.932 	 203.490
FD11174	251.250 	 27.939 	 203.359
FD11174	251.375 	 27.941 	 203.393
FD11174	251.500 	 27.952 	 203.452
FD11174	251.625 	 27.953 	 203.459
FD11174	251.750 	 27.962 	 203.415
FD11174	251.875 	 27.968 	 203.297
FD11174	252.000 	 27.976 	 203.094
FD11174	252.125 	 27.983 	 202.963
FD11174	252.250 	 27.990 	 202.949
FD11174	252.375 	 27.999 	 202.830
FD11174	252.500 	 28.004 	 202.682
FD11174	252.625 	 28.010 	 202.678
FD11174	252.750 	 28.020 	 202.658
FD11174	252.875 	 28.023 	 202.599
FD11174	253.000 	 28.034 	 202.564
FD11174	253.125 	 28.040 	 202.506
FD11174	253.250 	 28.048 	 202.571
FD11174	253.375 	 28.051 	 202.588
FD11174	253.500 	 28.061 	 202.532
FD11174	253.625 	 28.068 	 202.435
FD11174	253.750 	 28.075 	 202.359
FD11174	253.875 	 28.080 	 202.387
FD11174	254.000 	 28.088 	 202.278
FD11174	254.125 	 28.094 	 202.370
FD11174	254.250 	 28.100 	 202.604
FD11174	254.375 	 28.106 	 202.908
FD11174	254.500 	 28.111 	 203.163
FD11174	254.625 	 28.118 	 203.162
FD11174	254.750 	 28.125 	 203.144
FD11174	254.875 	 28.130 	 203.022
FD11174	255.000 	 28.137 	 202.908
FD11174	255.125 	 28.139 	 202.843
FD11174	255.250 	 28.146 	 202.695
FD11174	255.375 	 28.150 	 202.546
FD11174	255.500 	 28.153 	 202.447
FD11174	255.625 	 28.154 	 202.312
FD11174	255.750 	 28.158 	 202.203
FD11174	255.875 	 28.160 	 202.212
FD11174	256.000 	 28.160 	 202.176
FD11174	256.125 	 28.165 	 202.102
FD11174	256.250 	 28.168 	 202.083
FD11174	256.375 	 28.165 	 202.004
FD11174	256.500 	 28.172 	 201.909
FD11174	256.625 	 28.169 	 201.892
FD11174	256.750 	 28.176 	 201.833
FD11174	256.875 	 28.174 	 201.760
FD11174	257.000 	 28.178 	 201.784
FD11174	257.125 	 28.178 	 201.867
FD11174	257.250 	 28.181 	 201.965
FD11174	257.375 	 28.190 	 202.152
FD11174	257.500 	 28.186 	 202.347
FD11174	257.625 	 28.195 	 202.553
FD11174	257.750 	 28.203 	 202.620
FD11174	257.875 	 28.202 	 202.500
FD11174	258.000 	 28.211 	 202.512
FD11174	258.125 	 28.218 	 202.612
FD11174	258.250 	 28.226 	 202.673
FD11174	258.375 	 28.231 	 202.800
FD11174	258.500 	 28.238 	 202.840
FD11174	258.625 	 28.244 	 202.759
FD11174	258.750 	 28.251 	 202.724
FD11174	258.875 	 28.253 	 202.889
FD11174	259.000 	 28.259 	 203.073
FD11174	259.125 	 28.266 	 203.226
FD11174	259.250 	 28.271 	 203.328
FD11174	259.375 	 28.274 	 203.272
FD11174	259.500 	 28.280 	 203.229
FD11174	259.625 	 28.284 	 203.211
FD11174	259.750 	 28.291 	 203.161
FD11174	259.875 	 28.287 	 203.214
FD11174	260.000 	 28.297 	 203.193
FD11174	260.125 	 28.297 	 203.173
FD11174	260.250 	 28.299 	 203.203
FD11174	260.375 	 28.308 	 203.275
FD11174	260.500 	 28.305 	 203.310
FD11174	260.625 	 28.311 	 203.180
FD11174	260.750 	 28.316 	 203.187
FD11174	260.875 	 28.321 	 203.268
FD11174	261.000 	 28.320 	 203.135
FD11174	261.125 	 28.326 	 202.960
FD11174	261.250 	 28.325 	 203.029
FD11174	261.375 	 28.331 	 203.137
FD11174	261.500 	 28.328 	 203.120
FD11174	261.625 	 28.334 	 203.005
FD11174	261.750 	 28.330 	 203.022
FD11174	261.875 	 28.331 	 203.212
FD11174	262.000 	 28.327 	 203.325
FD11174	262.125 	 28.328 	 203.291
FD11174	262.250 	 28.324 	 203.307
FD11174	262.375 	 28.319 	 203.371
FD11174	262.500 	 28.319 	 203.334
FD11174	262.625 	 28.314 	 203.322
FD11174	262.750 	 28.306 	 203.318
FD11174	262.875 	 28.305 	 203.256
FD11174	263.000 	 28.299 	 203.243
FD11174	263.125 	 28.289 	 203.260
FD11174	263.250 	 28.293 	 203.340
FD11174	263.375 	 28.282 	 203.424
FD11174	263.500 	 28.282 	 203.517
FD11174	263.625 	 28.274 	 203.606
FD11174	263.750 	 28.270 	 203.564
FD11174	263.875 	 28.268 	 203.347
FD11174	264.000 	 28.263 	 203.191
FD11174	264.125 	 28.258 	 203.141
FD11174	264.250 	 28.251 	 203.218
FD11174	264.375 	 28.252 	 203.406
FD11174	264.500 	 28.242 	 203.516
FD11174	264.625 	 28.241 	 203.586
FD11174	264.750 	 28.235 	 203.593
FD11174	264.875 	 28.228 	 203.532
FD11174	265.000 	 28.226 	 203.540
FD11174	265.125 	 28.219 	 203.466
FD11174	265.250 	 28.214 	 203.381
FD11174	265.375 	 28.211 	 203.404
FD11174	265.500 	 28.202 	 203.393
FD11174	265.625 	 28.200 	 203.340
FD11174	265.750 	 28.192 	 203.296
FD11174	265.875 	 28.188 	 203.272
FD11174	266.000 	 28.184 	 203.193
FD11174	266.125 	 28.177 	 203.174
FD11174	266.250 	 28.175 	 203.105
FD11174	266.375 	 28.168 	 202.955
FD11174	266.500 	 28.163 	 203.019
FD11174	266.625 	 28.164 	 203.177
FD11174	266.750 	 28.159 	 203.206
FD11174	266.875 	 28.152 	 203.240
FD11174	267.000 	 28.152 	 203.297
FD11174	267.125 	 28.148 	 203.296
FD11174	267.250 	 28.144 	 203.269
FD11174	267.375 	 28.143 	 203.340
FD11174	267.500 	 28.136 	 203.617
FD11174	267.625 	 28.136 	 203.747
FD11174	267.750 	 28.134 	 203.720
FD11174	267.875 	 28.134 	 203.683
FD11174	268.000 	 28.129 	 203.653
FD11174	268.125 	 28.129 	 203.636
FD11174	268.250 	 28.127 	 203.625
FD11174	268.375 	 28.130 	 203.568
FD11174	268.500 	 28.131 	 203.517
FD11174	268.625 	 28.125 	 203.503
FD11174	268.750 	 28.123 	 203.493
FD11174	268.875 	 28.130 	 203.550
FD11174	269.000 	 28.126 	 203.598
FD11174	269.125 	 28.131 	 203.645
FD11174	269.250 	 28.127 	 203.623
FD11174	269.375 	 28.128 	 203.575
FD11174	269.500 	 28.125 	 203.448
FD11174	269.625 	 28.123 	 203.342
FD11174	269.750 	 28.127 	 203.343
FD11174	269.875 	 28.118 	 203.369
FD11174	270.000 	 28.114 	 203.494
FD11174	270.125 	 28.106 	 203.657
FD11174	270.250 	 28.104 	 203.810
FD11174	270.375 	 28.095 	 203.853
FD11174	270.500 	 28.085 	 203.802
FD11174	270.625 	 28.077 	 203.828
FD11174	270.750 	 28.066 	 203.862
FD11174	270.875 	 28.055 	 203.817
FD11174	271.000 	 28.044 	 203.776
FD11174	271.125 	 28.029 	 203.805
FD11174	271.250 	 28.011 	 203.854
FD11174	271.375 	 28.001 	 204.056
FD11174	271.500 	 27.985 	 204.188
FD11174	271.625 	 27.969 	 203.935
FD11174	271.750 	 27.954 	 203.723
FD11174	271.875 	 27.934 	 203.835
FD11174	272.000 	 27.919 	 204.123
FD11174	272.125 	 27.905 	 204.334
FD11174	272.250 	 27.890 	 204.471
FD11174	272.375 	 27.871 	 204.514
FD11174	272.500 	 27.859 	 204.376
FD11174	272.625 	 27.847 	 204.388
FD11174	272.750 	 27.834 	 204.424
FD11174	272.875 	 27.823 	 204.387
FD11174	273.000 	 27.815 	 204.304
FD11174	273.125 	 27.813 	 204.074
FD11174	273.250 	 27.800 	 204.021
FD11174	273.375 	 27.803 	 204.110
FD11174	273.500 	 27.800 	 204.057
FD11174	273.625 	 27.793 	 203.980
FD11174	273.750 	 27.799 	 203.942
FD11174	273.875 	 27.798 	 204.104
FD11174	274.000 	 27.795 	 204.303
FD11174	274.125 	 27.801 	 204.336
FD11174	274.250 	 27.805 	 204.399
FD11174	274.375 	 27.806 	 204.400
FD11174	274.500 	 27.811 	 204.374
FD11174	274.625 	 27.810 	 204.371
FD11174	274.750 	 27.816 	 204.366
FD11174	274.875 	 27.823 	 204.368
FD11174	275.000 	 27.823 	 204.368
FD11174	275.125 	 27.817 	 204.370
FD11174	275.250 	 27.820 	 204.366
FD11174	275.375 	 27.824 	 204.370
FD11174	275.500 	 27.817 	 204.370
FD11174	275.625 	 27.819 	 204.365
FD11174	275.750 	 27.824 	 204.370
FD11174	275.875 	 27.826 	 204.366
FD11174	276.000 	 27.817 	 204.370
FD11174	276.125 	 27.817 	 204.370
FD11174	276.250 	 27.826 	 204.365
FD11174	276.375 	 27.824 	 204.370
FD11174	276.500 	 27.820 	 204.366
FD11174	276.625 	 27.817 	 204.370
FD11174	276.750 	 27.824 	 204.370
FD11174	276.875 	 27.819 	 204.365
FD11174	277.000 	 27.817 	 204.370
FD11174	277.125 	 27.826 	 204.366
FD11174	277.250 	 27.824 	 204.370
FD11174	277.375 	 27.817 	 204.370
FD11174	277.500 	 27.819 	 204.365
FD11174	277.625 	 27.824 	 204.370
FD11174	277.750 	 27.824 	 204.370
FD11174	277.875 	 27.820 	 204.366
FD11174	278.000 	 27.817 	 204.370
FD11174	278.125 	 27.826 	 204.365
FD11174	278.250 	 27.817 	 204.370
FD11174	278.375 	 27.817 	 204.370
FD11174	278.500 	 27.826 	 204.366
FD11174	278.625 	 27.824 	 204.370
FD11174	278.750 	 27.819 	 204.365
FD11174	278.875 	 27.817 	 204.370
FD11174	279.000 	 27.824 	 204.370
FD11174	279.125 	 27.826 	 204.366
FD11174	279.250 	 27.817 	 204.370
FD11174	279.375 	 27.817 	 204.368
FD11174	279.500 	 27.826 	 204.366
FD11174	279.625 	 27.817 	 204.370
FD11174	279.750 	 27.820 	 204.366
FD11174	279.875 	 27.824 	 204.370
FD11174	280.000 	 27.823 	 204.368
FD11174	280.125 	 27.820 	 204.366
FD11174	280.250 	 27.817 	 204.370
FD11174	280.375 	 27.826 	 204.366
FD11174	280.500 	 27.824 	 204.370
FD11174	280.625 	 27.817 	 204.368
FD11174	280.750 	 27.820 	 204.366
FD11174	280.875 	 27.824 	 204.370
FD11174	281.000 	 27.820 	 204.366
FD11174	281.125 	 27.817 	 204.370
FD11174	281.250 	 27.824 	 204.370
FD11174	281.375 	 27.826 	 204.366
FD11174	281.500 	 27.817 	 204.370
FD11174	281.625 	 27.816 	 204.366
FD11174	281.750 	 27.826 	 204.366
FD11174	281.875 	 27.824 	 204.370
FD11174	282.000 	 27.820 	 204.366
FD11174	282.125 	 27.817 	 204.370
FD11174	282.250 	 27.824 	 204.370
FD11174	282.375 	 27.820 	 204.366
FD11174	282.500 	 27.817 	 204.370
FD11174	282.625 	 27.826 	 204.366
FD11174	282.750 	 27.824 	 204.370
FD11174	282.875 	 27.816 	 204.366
FD11174	283.000 	 27.820 	 204.366
FD11174	283.125 	 27.824 	 204.370
FD11174	283.250 	 27.826 	 204.366
FD11174	283.375 	 27.817 	 204.370
FD11174	283.500 	 27.817 	 204.370
FD11174	283.625 	 27.826 	 204.366
FD11174	283.750 	 27.824 	 204.370
FD11174	283.875 	 27.810 	 204.370
FD11174	284.000 	 27.826 	 204.366
FD11174	284.125 	 27.823 	 204.366
FD11174	284.250 	 27.820 	 204.366
FD11174	284.375 	 27.817 	 204.370
FD11174	284.500 	 27.824 	 204.370
FD11174	284.625 	 27.826 	 204.366
FD11174	284.750 	 27.817 	 204.370
FD11174	284.875 	 27.820 	 204.366
FD11174	285.000 	 27.824 	 204.370
FD11174	285.125 	 27.824 	 204.370
FD11174	285.250 	 27.820 	 204.366
FD11174	285.375 	 27.816 	 204.366
FD11174	285.500 	 27.824 	 204.370
FD11174	285.625 	 27.820 	 204.366
FD11174	285.750 	 27.817 	 204.370
FD11174	285.875 	 27.826 	 204.366
FD11174	286.000 	 27.824 	 204.370
FD11174	286.125 	 27.817 	 204.370
FD11174	286.250 	 27.820 	 204.366
FD11174	286.375 	 27.824 	 204.370
FD11174	286.500 	 27.826 	 204.366
FD11174	286.625 	 27.817 	 204.370
FD11174	286.750 	 27.816 	 204.366
FD11174	286.875 	 27.826 	 204.366
FD11174	287.000 	 27.817 	 204.370
FD11174	287.125 	 0.000 	 90.000
FD11174	287.250 	 0.000 	 90.000
FD11174	287.375 	 0.000 	 90.000
FD11174	287.500 	 0.000 	 90.000
FD11174	287.625 	 0.000 	 90.000
FD11174	287.750 	 0.000 	 90.000
FD11174	287.875 	 0.000 	 90.000
FD11174	288.000 	 0.000 	 90.000
FD11174	288.125 	 0.000 	 90.000
FD11174	288.250 	 0.000 	 90.000
FD11174	288.375 	 0.000 	 90.000
FD11174	288.500 	 0.000 	 90.000
FD11174	288.625 	 0.000 	 90.000
FD11174	288.750 	 0.000 	 90.000
FD11174	288.875 	 0.000 	 90.000
FD11174	289.000 	 0.000 	 90.000
FD11174	289.125 	 0.000 	 90.000
FD11174	289.250 	 0.000 	 90.000
FD11174	289.375 	 0.000 	 90.000
FD11174	289.500 	 0.000 	 90.000
FD11174	289.625 	 0.000 	 90.000
FD11174	289.750 	 0.000 	 90.000
FD11174	289.875 	 0.000 	 90.000
FD11174	290.000 	 0.000 	 90.000
FD11174	290.125 	 0.000 	 90.000
FD11174	290.250 	 0.000 	 90.000
FD11174	290.375 	 0.000 	 90.000
FD11174	290.500 	 0.000 	 90.000
FD11174	290.625 	 0.000 	 90.000
FD11174	290.750 	 0.000 	 90.000
FD11174	290.875 	 0.000 	 90.000
FD11174	291.000 	 0.000 	 90.000
FD11174	291.125 	 0.000 	 90.000
FD11174	291.250 	 0.000 	 90.000
FD11174	291.375 	 0.000 	 90.000
FD11174	291.500 	 0.000 	 90.000
FD11174	291.625 	 0.000 	 90.000
FD11174	291.750 	 0.000 	 90.000
FD11174	291.875 	 0.000 	 90.000
FD11174	292.000 	 0.000 	 90.000
FD11174	292.125 	 0.000 	 90.000
FD11174	292.250 	 0.000 	 90.000
FD11174	292.375 	 0.000 	 90.000
FD11174	292.500 	 0.000 	 90.000
FD11174	292.625 	 0.000 	 90.000
FD11174	292.750 	 0.000 	 90.000
FD11174	292.875 	 0.000 	 90.000
FD11174	293.000 	 0.000 	 90.000
FD11174	293.125 	 0.000 	 90.000
FD11174	293.250 	 0.000 	 90.000
FD11174	293.375 	 0.000 	 90.000
FD11174	293.500 	 0.000 	 90.000
FD11174	293.625 	 0.000 	 90.000
FD11174	293.750 	 0.000 	 90.000
FD11174	293.875 	 0.000 	 90.000
FD11174	294.000 	 0.000 	 90.000
FD11174	294.125 	 0.000 	 90.000
FD11174	294.250 	 0.000 	 90.000
FD11174	294.375 	 0.000 	 90.000
FD11174	294.500 	 0.000 	 90.000
FD11174	294.625 	 0.000 	 90.000
FD11174	294.750 	 0.000 	 90.000
FD11174	294.875 	 0.000 	 90.000
FD11174	295.000 	 0.000 	 90.000
FD11174	295.125 	 0.000 	 90.000
FD11174	295.250 	 0.000 	 90.000
FD11174	295.375 	 0.000 	 90.000
FD11174	295.500 	 0.000 	 90.000
FD11174	295.625 	 0.000 	 90.000
FD11174	295.750 	 0.000 	 90.000
FD11174	295.875 	 0.000 	 90.000
FD11174	296.000 	 0.000 	 90.000
FD11174	296.125 	 0.000 	 90.000
FD11174	296.250 	 0.000 	 90.000
FD11174	296.375 	 0.000 	 90.000
FD11174	296.500 	 0.000 	 90.000
FD11174	296.625 	 0.000 	 90.000
FD11174	296.750 	 0.000 	 90.000
FD11174	296.875 	 0.000 	 90.000
FD11174	297.000 	 0.000 	 90.000
