#WellName	 Depth.M	 INCL	 AZIM 
WellName	 Depth.M	 INCL	 AZIM 
FD11157	0.000 	 0.000 	 0.000
FD11157	0.125 	 0.000 	 90.000
FD11157	0.250 	 0.000 	 90.000
FD11157	0.375 	 0.000 	 90.000
FD11157	0.500 	 0.000 	 90.000
FD11157	0.625 	 0.000 	 90.000
FD11157	0.750 	 0.000 	 90.000
FD11157	0.875 	 0.000 	 90.000
FD11157	1.000 	 0.000 	 90.000
FD11157	1.125 	 0.000 	 90.000
FD11157	1.250 	 0.000 	 90.000
FD11157	1.375 	 0.000 	 90.000
FD11157	1.500 	 0.000 	 90.000
FD11157	1.625 	 0.000 	 90.000
FD11157	1.750 	 0.000 	 90.000
FD11157	1.875 	 0.000 	 90.000
FD11157	2.000 	 0.000 	 90.000
FD11157	2.125 	 0.000 	 90.000
FD11157	2.250 	 0.000 	 90.000
FD11157	2.375 	 0.000 	 90.000
FD11157	2.500 	 0.000 	 90.000
FD11157	2.625 	 0.000 	 90.000
FD11157	2.750 	 0.000 	 90.000
FD11157	2.875 	 0.000 	 90.000
FD11157	3.000 	 0.000 	 90.000
FD11157	3.125 	 0.000 	 90.000
FD11157	3.250 	 0.000 	 90.000
FD11157	3.375 	 0.000 	 90.000
FD11157	3.500 	 0.000 	 90.000
FD11157	3.625 	 0.000 	 90.000
FD11157	3.750 	 0.000 	 90.000
FD11157	3.875 	 0.000 	 90.000
FD11157	4.000 	 0.000 	 90.000
FD11157	4.125 	 0.000 	 90.000
FD11157	4.250 	 0.000 	 90.000
FD11157	4.375 	 0.000 	 90.000
FD11157	4.500 	 0.000 	 90.000
FD11157	4.625 	 0.000 	 90.000
FD11157	4.750 	 0.000 	 90.000
FD11157	4.875 	 0.000 	 90.000
FD11157	5.000 	 0.000 	 90.000
FD11157	5.125 	 0.000 	 90.000
FD11157	5.250 	 0.000 	 90.000
FD11157	5.375 	 0.000 	 90.000
FD11157	5.500 	 0.000 	 90.000
FD11157	5.625 	 0.000 	 90.000
FD11157	5.750 	 0.000 	 90.000
FD11157	5.875 	 0.000 	 90.000
FD11157	6.000 	 0.000 	 90.000
FD11157	6.125 	 0.000 	 90.000
FD11157	6.250 	 0.000 	 90.000
FD11157	6.375 	 0.000 	 90.000
FD11157	6.500 	 0.000 	 90.000
FD11157	6.625 	 0.000 	 90.000
FD11157	6.750 	 0.000 	 90.000
FD11157	6.875 	 0.000 	 90.000
FD11157	7.000 	 0.000 	 90.000
FD11157	7.125 	 0.000 	 90.000
FD11157	7.250 	 0.000 	 90.000
FD11157	7.375 	 0.000 	 90.000
FD11157	7.500 	 0.000 	 90.000
FD11157	7.625 	 0.000 	 90.000
FD11157	7.750 	 0.000 	 90.000
FD11157	7.875 	 0.000 	 90.000
FD11157	8.000 	 0.000 	 90.000
FD11157	8.125 	 0.000 	 90.000
FD11157	8.250 	 0.000 	 90.000
FD11157	8.375 	 0.000 	 90.000
FD11157	8.500 	 0.000 	 90.000
FD11157	8.625 	 0.000 	 90.000
FD11157	8.750 	 0.000 	 90.000
FD11157	8.875 	 0.000 	 90.000
FD11157	9.000 	 0.000 	 90.000
FD11157	9.125 	 0.000 	 90.000
FD11157	9.250 	 0.000 	 90.000
FD11157	9.375 	 0.000 	 90.000
FD11157	9.500 	 0.000 	 90.000
FD11157	9.625 	 0.000 	 90.000
FD11157	9.750 	 0.000 	 90.000
FD11157	9.875 	 0.000 	 90.000
FD11157	10.000 	 0.000 	 90.000
FD11157	10.125 	 0.000 	 90.000
FD11157	10.250 	 0.000 	 90.000
FD11157	10.375 	 0.000 	 90.000
FD11157	10.500 	 0.000 	 90.000
FD11157	10.625 	 0.000 	 90.000
FD11157	10.750 	 0.000 	 90.000
FD11157	10.875 	 0.000 	 90.000
FD11157	11.000 	 0.000 	 90.000
FD11157	11.125 	 0.000 	 90.000
FD11157	11.250 	 0.000 	 90.000
FD11157	11.375 	 0.000 	 90.000
FD11157	11.500 	 0.000 	 90.000
FD11157	11.625 	 0.000 	 90.000
FD11157	11.750 	 0.000 	 90.000
FD11157	11.875 	 0.000 	 90.000
FD11157	12.000 	 0.000 	 90.000
FD11157	12.125 	 0.000 	 90.000
FD11157	12.250 	 0.000 	 90.000
FD11157	12.375 	 0.000 	 90.000
FD11157	12.500 	 0.000 	 90.000
FD11157	12.625 	 0.000 	 90.000
FD11157	12.750 	 0.000 	 90.000
FD11157	12.875 	 0.000 	 90.000
FD11157	13.000 	 0.000 	 90.000
FD11157	13.125 	 0.000 	 90.000
FD11157	13.250 	 0.000 	 90.000
FD11157	13.375 	 0.000 	 90.000
FD11157	13.500 	 0.000 	 90.000
FD11157	13.625 	 0.000 	 90.000
FD11157	13.750 	 0.000 	 90.000
FD11157	13.875 	 0.000 	 90.000
FD11157	14.000 	 0.000 	 90.000
FD11157	14.125 	 0.000 	 90.000
FD11157	14.250 	 0.000 	 90.000
FD11157	14.375 	 0.000 	 90.000
FD11157	14.500 	 0.000 	 90.000
FD11157	14.625 	 0.000 	 90.000
FD11157	14.750 	 0.000 	 90.000
FD11157	14.875 	 0.000 	 90.000
FD11157	15.000 	 0.000 	 90.000
FD11157	15.125 	 0.000 	 90.000
FD11157	15.250 	 0.000 	 90.000
FD11157	15.375 	 0.000 	 90.000
FD11157	15.500 	 0.000 	 90.000
FD11157	15.625 	 0.000 	 90.000
FD11157	15.750 	 0.000 	 90.000
FD11157	15.875 	 0.000 	 90.000
FD11157	16.000 	 0.000 	 90.000
FD11157	16.125 	 0.000 	 90.000
FD11157	16.250 	 0.000 	 90.000
FD11157	16.375 	 0.000 	 90.000
FD11157	16.500 	 0.000 	 90.000
FD11157	16.625 	 0.000 	 90.000
FD11157	16.750 	 0.000 	 90.000
FD11157	16.875 	 0.000 	 90.000
FD11157	17.000 	 0.000 	 90.000
FD11157	17.125 	 0.000 	 90.000
FD11157	17.250 	 0.000 	 90.000
FD11157	17.375 	 0.000 	 90.000
FD11157	17.500 	 0.000 	 90.000
FD11157	17.625 	 0.000 	 90.000
FD11157	17.750 	 0.000 	 90.000
FD11157	17.875 	 0.000 	 90.000
FD11157	18.000 	 0.000 	 90.000
FD11157	18.125 	 0.000 	 90.000
FD11157	18.250 	 0.000 	 90.000
FD11157	18.375 	 0.000 	 90.000
FD11157	18.500 	 0.000 	 90.000
FD11157	18.625 	 0.000 	 90.000
FD11157	18.750 	 0.000 	 90.000
FD11157	18.875 	 0.000 	 90.000
FD11157	19.000 	 0.000 	 90.000
FD11157	19.125 	 0.000 	 90.000
FD11157	19.250 	 0.000 	 90.000
FD11157	19.375 	 0.000 	 90.000
FD11157	19.500 	 0.000 	 90.000
FD11157	19.625 	 0.000 	 90.000
FD11157	19.750 	 0.000 	 90.000
FD11157	19.875 	 0.000 	 90.000
FD11157	20.000 	 0.000 	 90.000
FD11157	20.125 	 0.000 	 90.000
FD11157	20.250 	 0.000 	 90.000
FD11157	20.375 	 0.000 	 90.000
FD11157	20.500 	 0.000 	 90.000
FD11157	20.625 	 0.000 	 90.000
FD11157	20.750 	 0.000 	 90.000
FD11157	20.875 	 0.000 	 90.000
FD11157	21.000 	 0.000 	 90.000
FD11157	21.125 	 0.000 	 90.000
FD11157	21.250 	 0.000 	 90.000
FD11157	21.375 	 0.000 	 90.000
FD11157	21.500 	 0.000 	 90.000
FD11157	21.625 	 0.000 	 90.000
FD11157	21.750 	 0.000 	 90.000
FD11157	21.875 	 0.000 	 90.000
FD11157	22.000 	 0.000 	 90.000
FD11157	22.125 	 0.000 	 90.000
FD11157	22.250 	 0.000 	 90.000
FD11157	22.375 	 0.000 	 90.000
FD11157	22.500 	 0.000 	 90.000
FD11157	22.625 	 0.000 	 90.000
FD11157	22.750 	 0.000 	 90.000
FD11157	22.875 	 0.000 	 90.000
FD11157	23.000 	 0.000 	 90.000
FD11157	23.125 	 0.000 	 90.000
FD11157	23.250 	 0.000 	 90.000
FD11157	23.375 	 0.000 	 90.000
FD11157	23.500 	 0.000 	 90.000
FD11157	23.625 	 0.000 	 90.000
FD11157	23.750 	 0.000 	 90.000
FD11157	23.875 	 0.000 	 90.000
FD11157	24.000 	 0.000 	 90.000
FD11157	24.125 	 0.000 	 90.000
FD11157	24.250 	 0.000 	 90.000
FD11157	24.375 	 0.000 	 90.000
FD11157	24.500 	 0.000 	 90.000
FD11157	24.625 	 0.000 	 90.000
FD11157	24.750 	 0.000 	 90.000
FD11157	24.875 	 0.000 	 90.000
FD11157	25.000 	 0.000 	 90.000
FD11157	25.125 	 0.000 	 90.000
FD11157	25.250 	 0.000 	 90.000
FD11157	25.375 	 0.000 	 90.000
FD11157	25.500 	 0.000 	 90.000
FD11157	25.625 	 0.000 	 90.000
FD11157	25.750 	 0.000 	 90.000
FD11157	25.875 	 0.000 	 90.000
FD11157	26.000 	 0.000 	 90.000
FD11157	26.125 	 0.000 	 90.000
FD11157	26.250 	 0.000 	 90.000
FD11157	26.375 	 0.000 	 90.000
FD11157	26.500 	 0.000 	 90.000
FD11157	26.625 	 0.000 	 90.000
FD11157	26.750 	 0.000 	 90.000
FD11157	26.875 	 0.000 	 90.000
FD11157	27.000 	 0.000 	 90.000
FD11157	27.125 	 0.000 	 90.000
FD11157	27.250 	 0.000 	 90.000
FD11157	27.375 	 0.000 	 90.000
FD11157	27.500 	 0.000 	 90.000
FD11157	27.625 	 0.000 	 90.000
FD11157	27.750 	 0.000 	 90.000
FD11157	27.875 	 0.000 	 90.000
FD11157	28.000 	 0.000 	 90.000
FD11157	28.125 	 0.000 	 90.000
FD11157	28.250 	 0.000 	 90.000
FD11157	28.375 	 0.000 	 90.000
FD11157	28.500 	 0.000 	 90.000
FD11157	28.625 	 0.000 	 90.000
FD11157	28.750 	 0.000 	 90.000
FD11157	28.875 	 0.000 	 90.000
FD11157	29.000 	 0.000 	 90.000
FD11157	29.125 	 0.000 	 90.000
FD11157	29.250 	 0.000 	 90.000
FD11157	29.375 	 0.000 	 90.000
FD11157	29.500 	 0.000 	 90.000
FD11157	29.625 	 0.000 	 90.000
FD11157	29.750 	 0.000 	 90.000
FD11157	29.875 	 0.000 	 90.000
FD11157	30.000 	 0.000 	 90.000
FD11157	30.125 	 0.000 	 90.000
FD11157	30.250 	 0.000 	 90.000
FD11157	30.375 	 0.000 	 90.000
FD11157	30.500 	 0.000 	 90.000
FD11157	30.625 	 0.000 	 90.000
FD11157	30.750 	 0.000 	 90.000
FD11157	30.875 	 0.000 	 90.000
FD11157	31.000 	 0.000 	 90.000
FD11157	31.125 	 0.000 	 90.000
FD11157	31.250 	 0.000 	 90.000
FD11157	31.375 	 0.000 	 90.000
FD11157	31.500 	 0.000 	 90.000
FD11157	31.625 	 0.000 	 90.000
FD11157	31.750 	 0.000 	 90.000
FD11157	31.875 	 0.000 	 90.000
FD11157	32.000 	 0.000 	 90.000
FD11157	32.125 	 0.000 	 90.000
FD11157	32.250 	 0.000 	 90.000
FD11157	32.375 	 0.000 	 90.000
FD11157	32.500 	 0.000 	 90.000
FD11157	32.625 	 0.000 	 90.000
FD11157	32.750 	 0.000 	 90.000
FD11157	32.875 	 0.000 	 90.000
FD11157	33.000 	 0.000 	 90.000
FD11157	33.125 	 0.000 	 90.000
FD11157	33.250 	 0.000 	 90.000
FD11157	33.375 	 0.000 	 90.000
FD11157	33.500 	 0.000 	 90.000
FD11157	33.625 	 0.000 	 90.000
FD11157	33.750 	 0.000 	 90.000
FD11157	33.875 	 0.000 	 90.000
FD11157	34.000 	 0.000 	 90.000
FD11157	34.125 	 0.000 	 90.000
FD11157	34.250 	 0.000 	 90.000
FD11157	34.375 	 0.000 	 90.000
FD11157	34.500 	 0.000 	 90.000
FD11157	34.625 	 0.000 	 90.000
FD11157	34.750 	 0.000 	 90.000
FD11157	34.875 	 0.000 	 90.000
FD11157	35.000 	 0.000 	 90.000
FD11157	35.125 	 0.000 	 90.000
FD11157	35.250 	 0.000 	 90.000
FD11157	35.375 	 0.000 	 90.000
FD11157	35.500 	 0.000 	 90.000
FD11157	35.625 	 0.000 	 90.000
FD11157	35.750 	 0.000 	 90.000
FD11157	35.875 	 0.000 	 90.000
FD11157	36.000 	 0.000 	 90.000
FD11157	36.125 	 0.000 	 90.000
FD11157	36.250 	 0.000 	 90.000
FD11157	36.375 	 0.000 	 90.000
FD11157	36.500 	 0.000 	 90.000
FD11157	36.625 	 0.000 	 90.000
FD11157	36.750 	 0.000 	 90.000
FD11157	36.875 	 0.000 	 90.000
FD11157	37.000 	 0.000 	 90.000
FD11157	37.125 	 0.000 	 90.000
FD11157	37.250 	 0.000 	 90.000
FD11157	37.375 	 0.000 	 90.000
FD11157	37.500 	 0.000 	 90.000
FD11157	37.625 	 0.000 	 90.000
FD11157	37.750 	 0.000 	 90.000
FD11157	37.875 	 0.000 	 90.000
FD11157	38.000 	 0.000 	 90.000
FD11157	38.125 	 0.000 	 90.000
FD11157	38.250 	 0.000 	 90.000
FD11157	38.375 	 0.000 	 90.000
FD11157	38.500 	 0.000 	 90.000
FD11157	38.625 	 0.000 	 90.000
FD11157	38.750 	 0.000 	 90.000
FD11157	38.875 	 0.000 	 90.000
FD11157	39.000 	 0.000 	 90.000
FD11157	39.125 	 0.000 	 90.000
FD11157	39.250 	 0.000 	 90.000
FD11157	39.375 	 0.000 	 90.000
FD11157	39.500 	 0.000 	 90.000
FD11157	39.625 	 0.000 	 90.000
FD11157	39.750 	 0.000 	 90.000
FD11157	39.875 	 0.000 	 90.000
FD11157	40.000 	 0.000 	 90.000
FD11157	40.125 	 0.000 	 90.000
FD11157	40.250 	 0.000 	 90.000
FD11157	40.375 	 0.000 	 90.000
FD11157	40.500 	 0.000 	 90.000
FD11157	40.625 	 0.000 	 90.000
FD11157	40.750 	 0.000 	 90.000
FD11157	40.875 	 0.000 	 90.000
FD11157	41.000 	 0.000 	 90.000
FD11157	41.125 	 0.000 	 90.000
FD11157	41.250 	 0.000 	 90.000
FD11157	41.375 	 0.000 	 90.000
FD11157	41.500 	 0.000 	 90.000
FD11157	41.625 	 0.000 	 90.000
FD11157	41.750 	 0.000 	 90.000
FD11157	41.875 	 0.000 	 90.000
FD11157	42.000 	 0.000 	 90.000
FD11157	42.125 	 0.000 	 90.000
FD11157	42.250 	 0.000 	 90.000
FD11157	42.375 	 0.000 	 90.000
FD11157	42.500 	 0.000 	 90.000
FD11157	42.625 	 0.000 	 90.000
FD11157	42.750 	 0.000 	 90.000
FD11157	42.875 	 0.000 	 90.000
FD11157	43.000 	 0.000 	 90.000
FD11157	43.125 	 0.000 	 90.000
FD11157	43.250 	 0.000 	 90.000
FD11157	43.375 	 0.000 	 90.000
FD11157	43.500 	 0.000 	 90.000
FD11157	43.625 	 0.000 	 90.000
FD11157	43.750 	 0.000 	 90.000
FD11157	43.875 	 0.000 	 90.000
FD11157	44.000 	 0.000 	 90.000
FD11157	44.125 	 0.000 	 90.000
FD11157	44.250 	 0.000 	 90.000
FD11157	44.375 	 0.000 	 90.000
FD11157	44.500 	 0.000 	 90.000
FD11157	44.625 	 0.000 	 90.000
FD11157	44.750 	 0.000 	 90.000
FD11157	44.875 	 0.000 	 90.000
FD11157	45.000 	 0.000 	 90.000
FD11157	45.125 	 0.000 	 90.000
FD11157	45.250 	 0.000 	 90.000
FD11157	45.375 	 0.000 	 90.000
FD11157	45.500 	 0.000 	 90.000
FD11157	45.625 	 0.000 	 90.000
FD11157	45.750 	 0.000 	 90.000
FD11157	45.875 	 0.000 	 90.000
FD11157	46.000 	 0.000 	 90.000
FD11157	46.125 	 0.000 	 90.000
FD11157	46.250 	 0.000 	 90.000
FD11157	46.375 	 0.000 	 90.000
FD11157	46.500 	 0.000 	 90.000
FD11157	46.625 	 0.000 	 90.000
FD11157	46.750 	 0.000 	 90.000
FD11157	46.875 	 0.000 	 90.000
FD11157	47.000 	 0.000 	 90.000
FD11157	47.125 	 0.000 	 90.000
FD11157	47.250 	 0.000 	 90.000
FD11157	47.375 	 0.000 	 90.000
FD11157	47.500 	 0.000 	 90.000
FD11157	47.625 	 0.000 	 90.000
FD11157	47.750 	 0.000 	 90.000
FD11157	47.875 	 0.000 	 90.000
FD11157	48.000 	 0.000 	 90.000
FD11157	48.125 	 0.000 	 90.000
FD11157	48.250 	 0.000 	 90.000
FD11157	48.375 	 0.000 	 90.000
FD11157	48.500 	 0.000 	 90.000
FD11157	48.625 	 0.000 	 90.000
FD11157	48.750 	 0.000 	 90.000
FD11157	48.875 	 0.000 	 90.000
FD11157	49.000 	 0.000 	 90.000
FD11157	49.125 	 0.000 	 90.000
FD11157	49.250 	 0.000 	 90.000
FD11157	49.375 	 0.000 	 90.000
FD11157	49.500 	 0.000 	 90.000
FD11157	49.625 	 0.000 	 90.000
FD11157	49.750 	 0.000 	 90.000
FD11157	49.875 	 0.000 	 90.000
FD11157	50.000 	 0.000 	 90.000
FD11157	50.125 	 0.000 	 90.000
FD11157	50.250 	 0.000 	 90.000
FD11157	50.375 	 0.000 	 90.000
FD11157	50.500 	 0.000 	 90.000
FD11157	50.625 	 0.000 	 90.000
FD11157	50.750 	 0.000 	 90.000
FD11157	50.875 	 0.000 	 90.000
FD11157	51.000 	 0.000 	 90.000
FD11157	51.125 	 0.000 	 90.000
FD11157	51.250 	 0.000 	 90.000
FD11157	51.375 	 0.000 	 90.000
FD11157	51.500 	 0.000 	 90.000
FD11157	51.625 	 0.000 	 90.000
FD11157	51.750 	 0.000 	 90.000
FD11157	51.875 	 0.000 	 90.000
FD11157	52.000 	 0.000 	 90.000
FD11157	52.125 	 0.000 	 90.000
FD11157	52.250 	 0.000 	 90.000
FD11157	52.375 	 0.000 	 90.000
FD11157	52.500 	 0.000 	 90.000
FD11157	52.625 	 0.000 	 90.000
FD11157	52.750 	 0.000 	 90.000
FD11157	52.875 	 0.000 	 90.000
FD11157	53.000 	 0.000 	 90.000
FD11157	53.125 	 0.000 	 90.000
FD11157	53.250 	 0.000 	 90.000
FD11157	53.375 	 0.000 	 90.000
FD11157	53.500 	 0.000 	 90.000
FD11157	53.625 	 0.000 	 90.000
FD11157	53.750 	 0.000 	 90.000
FD11157	53.875 	 0.000 	 90.000
FD11157	54.000 	 0.000 	 90.000
FD11157	54.125 	 0.000 	 90.000
FD11157	54.250 	 0.000 	 90.000
FD11157	54.375 	 0.000 	 90.000
FD11157	54.500 	 0.000 	 90.000
FD11157	54.625 	 0.000 	 90.000
FD11157	54.750 	 0.000 	 90.000
FD11157	54.875 	 0.000 	 90.000
FD11157	55.000 	 0.000 	 90.000
FD11157	55.125 	 0.000 	 90.000
FD11157	55.250 	 0.000 	 90.000
FD11157	55.375 	 0.000 	 90.000
FD11157	55.500 	 0.000 	 90.000
FD11157	55.625 	 0.000 	 90.000
FD11157	55.750 	 0.000 	 90.000
FD11157	55.875 	 0.000 	 90.000
FD11157	56.000 	 0.000 	 90.000
FD11157	56.125 	 0.000 	 90.000
FD11157	56.250 	 0.000 	 90.000
FD11157	56.375 	 0.000 	 90.000
FD11157	56.500 	 0.000 	 90.000
FD11157	56.625 	 0.000 	 90.000
FD11157	56.750 	 0.000 	 90.000
FD11157	56.875 	 0.000 	 90.000
FD11157	57.000 	 0.000 	 90.000
FD11157	57.125 	 0.000 	 90.000
FD11157	57.250 	 0.000 	 90.000
FD11157	57.375 	 0.000 	 90.000
FD11157	57.500 	 0.000 	 90.000
FD11157	57.625 	 0.000 	 90.000
FD11157	57.750 	 0.000 	 90.000
FD11157	57.875 	 0.000 	 90.000
FD11157	58.000 	 0.000 	 90.000
FD11157	58.125 	 0.000 	 90.000
FD11157	58.250 	 0.000 	 90.000
FD11157	58.375 	 0.000 	 90.000
FD11157	58.500 	 0.000 	 90.000
FD11157	58.625 	 0.000 	 90.000
FD11157	58.750 	 0.000 	 90.000
FD11157	58.875 	 0.000 	 90.000
FD11157	59.000 	 0.000 	 90.000
FD11157	59.125 	 0.000 	 90.000
FD11157	59.250 	 0.000 	 90.000
FD11157	59.375 	 0.000 	 90.000
FD11157	59.500 	 0.000 	 90.000
FD11157	59.625 	 0.000 	 90.000
FD11157	59.750 	 0.000 	 90.000
FD11157	59.875 	 0.000 	 90.000
FD11157	60.000 	 0.000 	 90.000
FD11157	60.125 	 0.000 	 90.000
FD11157	60.250 	 0.000 	 90.000
FD11157	60.375 	 0.000 	 90.000
FD11157	60.500 	 0.000 	 90.000
FD11157	60.625 	 0.000 	 90.000
FD11157	60.750 	 2.932 	 218.660
FD11157	60.875 	 3.302 	 213.690
FD11157	61.000 	 3.328 	 213.690
FD11157	61.125 	 3.575 	 219.806
FD11157	61.250 	 3.302 	 213.690
FD11157	61.375 	 3.302 	 213.690
FD11157	61.500 	 3.604 	 219.806
FD11157	61.625 	 3.302 	 213.690
FD11157	61.750 	 3.302 	 213.690
FD11157	61.875 	 3.302 	 213.690
FD11157	62.000 	 3.575 	 219.806
FD11157	62.125 	 2.956 	 218.660
FD11157	62.250 	 3.302 	 213.690
FD11157	62.375 	 3.575 	 219.806
FD11157	62.500 	 3.302 	 213.690
FD11157	62.625 	 3.328 	 213.690
FD11157	62.750 	 3.575 	 219.806
FD11157	62.875 	 3.302 	 213.690
FD11157	63.000 	 3.302 	 213.690
FD11157	63.125 	 3.302 	 213.690
FD11157	63.250 	 3.604 	 219.806
FD11157	63.375 	 3.302 	 213.690
FD11157	63.500 	 3.302 	 213.690
FD11157	63.625 	 3.575 	 219.806
FD11157	63.750 	 3.328 	 213.690
FD11157	63.875 	 3.302 	 213.690
FD11157	64.000 	 3.302 	 213.690
FD11157	64.125 	 3.238 	 225.000
FD11157	64.250 	 3.302 	 213.690
FD11157	64.375 	 3.328 	 213.690
FD11157	64.500 	 3.575 	 219.806
FD11157	64.625 	 3.302 	 213.690
FD11157	64.750 	 3.302 	 213.690
FD11157	64.875 	 3.604 	 219.805
FD11157	65.000 	 3.302 	 213.690
FD11157	65.125 	 3.302 	 213.690
FD11157	65.250 	 3.302 	 213.690
FD11157	65.375 	 3.575 	 219.806
FD11157	65.500 	 3.328 	 213.690
FD11157	65.625 	 3.302 	 213.690
FD11157	65.750 	 3.575 	 219.806
FD11157	65.875 	 3.302 	 213.690
FD11157	66.000 	 2.956 	 218.660
FD11157	66.125 	 3.302 	 213.690
FD11157	66.250 	 3.575 	 219.806
FD11157	66.375 	 3.302 	 213.690
FD11157	66.500 	 3.302 	 213.690
FD11157	66.625 	 3.604 	 219.805
FD11157	66.750 	 3.302 	 213.690
FD11157	66.875 	 3.302 	 213.690
FD11157	67.000 	 3.575 	 219.806
FD11157	67.125 	 3.328 	 213.690
FD11157	67.250 	 3.302 	 213.690
FD11157	67.375 	 3.302 	 213.690
FD11157	67.500 	 3.575 	 219.805
FD11157	67.625 	 3.302 	 213.690
FD11157	67.750 	 3.328 	 213.690
FD11157	67.875 	 3.238 	 225.000
FD11157	68.000 	 3.302 	 213.690
FD11157	68.125 	 3.302 	 213.690
FD11157	68.250 	 3.604 	 219.805
FD11157	68.375 	 3.302 	 213.690
FD11157	68.500 	 3.302 	 213.690
FD11157	68.625 	 3.302 	 213.690
FD11157	68.750 	 3.575 	 219.806
FD11157	68.875 	 3.328 	 213.690
FD11157	69.000 	 3.302 	 213.690
FD11157	69.125 	 3.575 	 219.806
FD11157	69.250 	 3.302 	 213.690
FD11157	69.375 	 3.328 	 213.690
FD11157	69.500 	 3.302 	 213.690
FD11157	69.625 	 3.575 	 219.806
FD11157	69.750 	 2.932 	 218.660
FD11157	69.875 	 3.302 	 213.690
FD11157	70.000 	 3.604 	 219.805
FD11157	70.125 	 4.946 	 213.690
FD11157	70.250 	 5.896 	 218.660
FD11157	70.375 	 5.577 	 214.992
FD11157	70.500 	 5.547 	 221.634
FD11157	70.625 	 5.622 	 214.992
FD11157	70.750 	 5.850 	 218.660
FD11157	70.875 	 5.622 	 214.992
FD11157	71.000 	 5.896 	 218.660
FD11157	71.125 	 5.212 	 217.875
FD11157	71.250 	 5.896 	 218.660
FD11157	71.375 	 5.577 	 214.992
FD11157	71.500 	 5.622 	 214.992
FD11157	71.625 	 5.547 	 221.634
FD11157	71.750 	 5.577 	 214.992
FD11157	71.875 	 5.896 	 218.660
FD11157	72.000 	 5.577 	 214.992
FD11157	72.125 	 5.547 	 221.634
FD11157	72.250 	 5.622 	 214.992
FD11157	72.375 	 5.850 	 218.660
FD11157	72.500 	 5.622 	 214.992
FD11157	72.625 	 5.896 	 218.660
FD11157	72.750 	 5.212 	 217.875
FD11157	72.875 	 5.896 	 218.660
FD11157	73.000 	 5.577 	 214.992
FD11157	73.125 	 5.896 	 218.660
FD11157	73.250 	 5.254 	 217.875
FD11157	73.375 	 5.577 	 214.992
FD11157	73.500 	 5.896 	 218.660
FD11157	73.625 	 5.577 	 214.992
FD11157	73.750 	 5.547 	 221.634
FD11157	73.875 	 5.622 	 214.992
FD11157	74.000 	 5.850 	 218.660
FD11157	74.125 	 5.622 	 214.992
FD11157	74.250 	 5.502 	 221.634
FD11157	74.375 	 5.622 	 214.992
FD11157	74.500 	 5.896 	 218.660
FD11157	74.625 	 5.577 	 214.992
FD11157	74.750 	 5.896 	 218.660
FD11157	74.875 	 5.254 	 217.875
FD11157	75.000 	 5.850 	 218.660
FD11157	75.125 	 5.622 	 214.992
FD11157	75.250 	 5.850 	 218.660
FD11157	75.375 	 5.254 	 217.875
FD11157	75.500 	 5.622 	 214.992
FD11157	75.625 	 5.850 	 218.660
FD11157	75.750 	 5.622 	 214.992
FD11157	75.875 	 5.502 	 221.634
FD11157	76.000 	 5.622 	 214.992
FD11157	76.125 	 5.896 	 218.660
FD11157	76.250 	 5.577 	 214.992
FD11157	76.375 	 5.896 	 218.660
FD11157	76.500 	 5.254 	 217.875
FD11157	76.625 	 5.850 	 218.660
FD11157	76.750 	 5.622 	 214.992
FD11157	76.875 	 5.850 	 218.660
FD11157	77.000 	 5.254 	 217.875
FD11157	77.125 	 5.896 	 218.660
FD11157	77.250 	 5.577 	 214.992
FD11157	77.375 	 5.622 	 214.992
FD11157	77.500 	 5.503 	 221.633
FD11157	77.625 	 5.622 	 214.992
FD11157	77.750 	 5.896 	 218.660
FD11157	77.875 	 5.577 	 214.992
FD11157	78.000 	 5.547 	 221.634
FD11157	78.125 	 5.622 	 214.992
FD11157	78.250 	 5.850 	 218.660
FD11157	78.375 	 5.622 	 214.992
FD11157	78.500 	 5.850 	 218.660
FD11157	78.625 	 5.254 	 217.875
FD11157	78.750 	 5.896 	 218.660
FD11157	78.875 	 5.577 	 214.992
FD11157	79.000 	 5.896 	 218.660
FD11157	79.125 	 5.212 	 217.875
FD11157	79.250 	 7.596 	 217.569
FD11157	79.375 	 7.267 	 214.695
FD11157	79.500 	 7.535 	 217.569
FD11157	79.625 	 7.535 	 217.569
FD11157	79.750 	 7.535 	 217.569
FD11157	79.875 	 7.535 	 217.569
FD11157	80.000 	 7.267 	 214.695
FD11157	80.125 	 7.535 	 217.569
FD11157	80.250 	 7.535 	 217.569
FD11157	80.375 	 7.535 	 217.569
FD11157	80.500 	 7.267 	 214.695
FD11157	80.625 	 7.535 	 217.569
FD11157	80.750 	 7.535 	 217.569
FD11157	80.875 	 7.535 	 217.569
FD11157	81.000 	 7.535 	 217.569
FD11157	81.125 	 7.267 	 214.695
FD11157	81.250 	 7.595 	 217.569
FD11157	81.375 	 7.535 	 217.569
FD11157	81.500 	 7.535 	 217.569
FD11157	81.625 	 7.267 	 214.695
FD11157	81.750 	 7.535 	 217.569
FD11157	81.875 	 7.535 	 217.569
FD11157	82.000 	 7.535 	 217.569
FD11157	82.125 	 7.535 	 217.569
FD11157	82.250 	 7.267 	 214.696
FD11157	82.375 	 7.535 	 217.569
FD11157	82.500 	 7.535 	 217.569
FD11157	82.625 	 7.535 	 217.569
FD11157	82.750 	 7.535 	 217.569
FD11157	82.875 	 7.267 	 214.695
FD11157	83.000 	 7.535 	 217.569
FD11157	83.125 	 7.535 	 217.569
FD11157	83.250 	 7.595 	 217.569
FD11157	83.375 	 7.267 	 214.695
FD11157	83.500 	 7.180 	 219.806
FD11157	83.625 	 7.535 	 217.569
FD11157	83.750 	 7.535 	 217.569
FD11157	83.875 	 7.535 	 217.569
FD11157	84.000 	 7.267 	 214.695
FD11157	84.125 	 7.535 	 217.569
FD11157	84.250 	 7.535 	 217.569
FD11157	84.375 	 7.535 	 217.569
FD11157	84.500 	 7.267 	 214.695
FD11157	84.625 	 7.535 	 217.569
FD11157	84.750 	 7.535 	 217.569
FD11157	84.875 	 7.535 	 217.569
FD11157	85.000 	 7.535 	 217.569
FD11157	85.125 	 7.325 	 214.695
FD11157	85.250 	 7.535 	 217.569
FD11157	85.375 	 7.535 	 217.569
FD11157	85.500 	 7.535 	 217.569
FD11157	85.625 	 7.267 	 214.695
FD11157	85.750 	 7.535 	 217.569
FD11157	85.875 	 7.535 	 217.569
FD11157	86.000 	 7.535 	 217.569
FD11157	86.125 	 7.535 	 217.569
FD11157	86.250 	 7.267 	 214.695
FD11157	86.375 	 7.535 	 217.569
FD11157	86.500 	 7.535 	 217.569
FD11157	86.625 	 7.535 	 217.569
FD11157	86.750 	 7.267 	 214.695
FD11157	86.875 	 7.535 	 217.569
FD11157	87.000 	 7.535 	 217.569
FD11157	87.125 	 7.595 	 217.569
FD11157	87.250 	 7.535 	 217.569
FD11157	87.375 	 7.267 	 214.695
FD11157	87.500 	 7.535 	 217.569
FD11157	87.625 	 7.535 	 217.569
FD11157	87.750 	 7.535 	 217.569
FD11157	87.875 	 7.267 	 214.695
FD11157	88.000 	 7.535 	 217.569
FD11157	88.125 	 7.535 	 217.569
FD11157	88.250 	 8.272 	 213.690
FD11157	88.375 	 7.963 	 215.538
FD11157	88.500 	 8.531 	 216.253
FD11157	88.625 	 8.272 	 213.690
FD11157	88.750 	 8.338 	 213.691
FD11157	88.875 	 8.273 	 213.690
FD11157	89.000 	 8.531 	 216.254
FD11157	89.125 	 8.338 	 213.690
FD11157	89.250 	 8.272 	 213.690
FD11157	89.375 	 8.272 	 213.690
FD11157	89.500 	 8.600 	 216.253
FD11157	89.625 	 8.272 	 213.690
FD11157	89.750 	 8.272 	 213.690
FD11157	89.875 	 8.272 	 213.691
FD11157	90.000 	 8.338 	 213.690
FD11157	90.125 	 8.531 	 216.254
FD11157	90.250 	 8.273 	 213.690
FD11157	90.375 	 7.963 	 215.538
FD11157	90.500 	 8.272 	 213.690
FD11157	90.625 	 8.531 	 216.254
FD11157	90.750 	 8.338 	 213.690
FD11157	90.875 	 8.272 	 213.690
FD11157	91.000 	 8.272 	 213.690
FD11157	91.125 	 8.599 	 216.254
FD11157	91.250 	 8.272 	 213.690
FD11157	91.375 	 8.272 	 213.690
FD11157	91.500 	 8.339 	 213.690
FD11157	91.625 	 8.272 	 213.690
FD11157	91.750 	 8.531 	 216.254
FD11157	91.875 	 8.338 	 213.690
FD11157	92.000 	 8.272 	 213.690
FD11157	92.125 	 8.272 	 213.690
FD11157	92.250 	 8.600 	 216.254
FD11157	92.375 	 8.272 	 213.690
FD11157	92.500 	 7.899 	 215.538
FD11157	92.625 	 8.338 	 213.690
FD11157	92.750 	 8.531 	 216.254
FD11157	92.875 	 8.273 	 213.690
FD11157	93.000 	 8.272 	 213.690
FD11157	93.125 	 8.338 	 213.690
FD11157	93.250 	 8.272 	 213.690
FD11157	93.375 	 8.531 	 216.254
FD11157	93.500 	 8.338 	 213.690
FD11157	93.625 	 8.272 	 213.690
FD11157	93.750 	 8.272 	 213.690
FD11157	93.875 	 8.600 	 216.253
FD11157	94.000 	 8.272 	 213.691
FD11157	94.125 	 8.272 	 213.690
FD11157	94.250 	 8.339 	 213.690
FD11157	94.375 	 8.272 	 213.690
FD11157	94.500 	 8.531 	 216.254
FD11157	94.625 	 7.963 	 215.537
FD11157	94.750 	 8.272 	 213.690
FD11157	94.875 	 8.272 	 213.690
FD11157	95.000 	 8.599 	 216.254
FD11157	95.125 	 8.272 	 213.690
FD11157	95.250 	 8.272 	 213.691
FD11157	95.375 	 8.338 	 213.690
FD11157	95.500 	 8.532 	 216.254
FD11157	95.625 	 8.272 	 213.690
FD11157	95.750 	 8.272 	 213.690
FD11157	95.875 	 8.338 	 213.690
FD11157	96.000 	 8.272 	 213.690
FD11157	96.125 	 8.531 	 216.254
FD11157	96.250 	 8.338 	 213.690
FD11157	96.375 	 8.272 	 213.690
FD11157	96.500 	 8.272 	 213.690
FD11157	96.625 	 8.600 	 216.253
FD11157	96.750 	 7.899 	 215.538
FD11157	96.875 	 8.272 	 213.690
FD11157	97.000 	 8.338 	 213.690
FD11157	97.125 	 8.531 	 216.254
FD11157	97.250 	 8.030 	 210.964
FD11157	97.375 	 8.489 	 209.358
FD11157	97.500 	 7.806 	 208.072
FD11157	97.625 	 8.030 	 210.964
FD11157	97.750 	 8.421 	 209.358
FD11157	97.875 	 8.094 	 210.964
FD11157	98.000 	 7.806 	 208.073
FD11157	98.125 	 8.030 	 210.964
FD11157	98.250 	 8.422 	 209.358
FD11157	98.375 	 8.094 	 210.964
FD11157	98.500 	 8.030 	 210.964
FD11157	98.625 	 8.209 	 206.565
FD11157	98.750 	 8.030 	 210.964
FD11157	98.875 	 8.094 	 210.964
FD11157	99.000 	 8.030 	 210.964
FD11157	99.125 	 8.421 	 209.358
FD11157	99.250 	 7.806 	 208.073
FD11157	99.375 	 8.094 	 210.964
FD11157	99.500 	 8.422 	 209.358
FD11157	99.625 	 8.030 	 210.964
FD11157	99.750 	 7.806 	 208.072
FD11157	99.875 	 8.094 	 210.964
FD11157	100.000 	 8.421 	 209.358
FD11157	100.125 	 8.030 	 210.963
FD11157	100.250 	 8.030 	 210.964
FD11157	100.375 	 7.869 	 208.073
FD11157	100.500 	 8.421 	 209.357
FD11157	100.625 	 8.030 	 210.964
FD11157	100.750 	 8.030 	 210.964
FD11157	100.875 	 8.489 	 209.358
FD11157	101.000 	 7.806 	 208.072
FD11157	101.125 	 8.030 	 210.964
FD11157	101.250 	 8.030 	 210.963
FD11157	101.375 	 8.489 	 209.358
FD11157	101.500 	 7.806 	 208.073
FD11157	101.625 	 8.030 	 210.963
FD11157	101.750 	 8.421 	 209.358
FD11157	101.875 	 8.094 	 210.964
FD11157	102.000 	 8.030 	 210.964
FD11157	102.125 	 7.806 	 208.072
FD11157	102.250 	 8.421 	 209.358
FD11157	102.375 	 8.095 	 210.964
FD11157	102.500 	 8.030 	 210.964
FD11157	102.625 	 8.421 	 209.358
FD11157	102.750 	 7.806 	 208.072
FD11157	102.875 	 8.094 	 210.964
FD11157	103.000 	 8.030 	 210.964
FD11157	103.125 	 8.421 	 209.358
FD11157	103.250 	 7.806 	 208.072
FD11157	103.375 	 8.094 	 210.964
FD11157	103.500 	 8.030 	 210.964
FD11157	103.625 	 8.421 	 209.357
FD11157	103.750 	 8.030 	 210.964
FD11157	103.875 	 7.869 	 208.072
FD11157	104.000 	 8.421 	 209.358
FD11157	104.125 	 8.030 	 210.964
FD11157	104.250 	 8.030 	 210.963
FD11157	104.375 	 8.094 	 210.964
FD11157	104.500 	 8.209 	 206.566
FD11157	104.625 	 8.030 	 210.963
FD11157	104.750 	 8.030 	 210.964
FD11157	104.875 	 8.489 	 209.358
FD11157	105.000 	 8.030 	 210.963
FD11157	105.125 	 7.807 	 208.072
FD11157	105.250 	 8.030 	 210.964
FD11157	105.375 	 8.489 	 209.358
FD11157	105.500 	 8.030 	 210.964
FD11157	105.625 	 7.806 	 208.073
FD11157	105.750 	 8.421 	 209.358
FD11157	105.875 	 8.094 	 210.964
FD11157	106.000 	 8.030 	 210.964
FD11157	106.125 	 8.030 	 210.964
FD11157	106.250 	 8.209 	 206.564
FD11157	106.375 	 7.603 	 205.017
FD11157	106.500 	 8.082 	 203.629
FD11157	106.625 	 7.423 	 201.802
FD11157	106.750 	 8.017 	 203.630
FD11157	106.875 	 8.017 	 203.630
FD11157	107.000 	 7.423 	 201.801
FD11157	107.125 	 8.017 	 203.630
FD11157	107.250 	 7.665 	 205.017
FD11157	107.375 	 7.846 	 200.556
FD11157	107.500 	 7.603 	 205.018
FD11157	107.625 	 7.846 	 200.555
FD11157	107.750 	 8.017 	 203.630
FD11157	107.875 	 7.604 	 205.016
FD11157	108.000 	 7.910 	 200.556
FD11157	108.125 	 7.603 	 205.018
FD11157	108.250 	 8.017 	 203.629
FD11157	108.375 	 7.846 	 200.556
FD11157	108.500 	 7.603 	 205.017
FD11157	108.625 	 8.017 	 203.629
FD11157	108.750 	 7.423 	 201.802
FD11157	108.875 	 8.081 	 203.629
FD11157	109.000 	 7.603 	 205.017
FD11157	109.125 	 7.846 	 200.556
FD11157	109.250 	 8.017 	 203.629
FD11157	109.375 	 7.603 	 205.017
FD11157	109.500 	 7.846 	 200.556
FD11157	109.625 	 7.665 	 205.016
FD11157	109.750 	 7.846 	 200.556
FD11157	109.875 	 8.017 	 203.629
FD11157	110.000 	 7.603 	 205.017
FD11157	110.125 	 7.846 	 200.556
FD11157	110.250 	 7.604 	 205.016
FD11157	110.375 	 8.017 	 203.630
FD11157	110.500 	 7.483 	 201.802
FD11157	110.625 	 8.017 	 203.629
FD11157	110.750 	 8.017 	 203.630
FD11157	110.875 	 7.423 	 201.802
FD11157	111.000 	 8.017 	 203.629
FD11157	111.125 	 7.604 	 205.017
FD11157	111.250 	 7.909 	 200.556
FD11157	111.375 	 8.017 	 203.630
FD11157	111.500 	 7.603 	 205.017
FD11157	111.625 	 7.846 	 200.556
FD11157	111.750 	 7.603 	 205.017
FD11157	111.875 	 7.846 	 200.556
FD11157	112.000 	 7.604 	 205.016
FD11157	112.125 	 8.081 	 203.630
FD11157	112.250 	 7.846 	 200.556
FD11157	112.375 	 7.603 	 205.017
FD11157	112.500 	 8.017 	 203.630
FD11157	112.625 	 7.423 	 201.801
FD11157	112.750 	 8.017 	 203.630
FD11157	112.875 	 8.081 	 203.630
FD11157	113.000 	 7.423 	 201.800
FD11157	113.125 	 8.017 	 203.630
FD11157	113.250 	 7.603 	 205.018
FD11157	113.375 	 7.846 	 200.555
FD11157	113.500 	 7.603 	 205.018
FD11157	113.625 	 8.081 	 203.629
FD11157	113.750 	 7.846 	 200.556
FD11157	113.875 	 7.603 	 205.018
FD11157	114.000 	 7.847 	 200.555
FD11157	114.125 	 7.603 	 205.018
FD11157	114.250 	 8.017 	 203.630
FD11157	114.375 	 7.423 	 201.801
FD11157	114.500 	 8.081 	 203.630
FD11157	114.625 	 8.017 	 203.629
FD11157	114.750 	 7.423 	 201.802
FD11157	114.875 	 8.017 	 203.630
FD11157	115.000 	 7.604 	 205.016
FD11157	115.125 	 7.846 	 200.556
FD11157	115.250 	 8.081 	 203.630
FD11157	115.375 	 7.423 	 201.801
FD11157	115.500 	 8.133 	 196.389
FD11157	115.625 	 7.846 	 200.556
FD11157	115.750 	 8.133 	 196.389
FD11157	115.875 	 7.699 	 197.354
FD11157	116.000 	 8.338 	 199.440
FD11157	116.125 	 7.699 	 197.353
FD11157	116.250 	 8.133 	 196.390
FD11157	116.375 	 7.846 	 200.556
FD11157	116.500 	 7.761 	 197.354
FD11157	116.625 	 8.133 	 196.390
FD11157	116.750 	 7.699 	 197.354
FD11157	116.875 	 8.272 	 199.440
FD11157	117.000 	 7.699 	 197.355
FD11157	117.125 	 8.198 	 196.389
FD11157	117.250 	 7.846 	 200.556
FD11157	117.375 	 8.133 	 196.389
FD11157	117.500 	 7.699 	 197.355
FD11157	117.625 	 8.272 	 199.440
FD11157	117.750 	 7.761 	 197.354
FD11157	117.875 	 7.699 	 197.354
FD11157	118.000 	 8.133 	 196.389
FD11157	118.125 	 7.846 	 200.556
FD11157	118.250 	 8.133 	 196.390
FD11157	118.375 	 7.761 	 197.353
FD11157	118.500 	 8.272 	 199.440
FD11157	118.625 	 7.699 	 197.354
FD11157	118.750 	 8.133 	 196.389
FD11157	118.875 	 7.846 	 200.556
FD11157	119.000 	 8.198 	 196.389
FD11157	119.125 	 7.699 	 197.354
FD11157	119.250 	 7.699 	 197.354
FD11157	119.375 	 8.272 	 199.440
FD11157	119.500 	 7.699 	 197.355
FD11157	119.625 	 8.198 	 196.389
FD11157	119.750 	 7.846 	 200.556
FD11157	119.875 	 8.133 	 196.390
FD11157	120.000 	 7.699 	 197.354
FD11157	120.125 	 8.272 	 199.440
FD11157	120.250 	 7.761 	 197.355
FD11157	120.375 	 8.133 	 196.389
FD11157	120.500 	 7.699 	 197.355
FD11157	120.625 	 8.272 	 199.439
FD11157	120.750 	 7.699 	 197.355
FD11157	120.875 	 7.761 	 197.353
FD11157	121.000 	 8.272 	 199.440
FD11157	121.125 	 7.699 	 197.354
FD11157	121.250 	 8.133 	 196.389
FD11157	121.375 	 7.847 	 200.556
FD11157	121.500 	 8.198 	 196.390
FD11157	121.625 	 7.699 	 197.353
FD11157	121.750 	 8.133 	 196.390
FD11157	121.875 	 7.846 	 200.556
FD11157	122.000 	 8.133 	 196.389
FD11157	122.125 	 7.761 	 197.354
FD11157	122.250 	 7.846 	 200.556
FD11157	122.375 	 8.133 	 196.390
FD11157	122.500 	 7.699 	 197.354
FD11157	122.625 	 8.272 	 199.440
FD11157	122.750 	 7.761 	 197.355
FD11157	122.875 	 8.133 	 196.389
FD11157	123.000 	 7.699 	 197.355
FD11157	123.125 	 8.272 	 199.440
FD11157	123.250 	 7.699 	 197.354
FD11157	123.375 	 8.198 	 196.390
FD11157	123.500 	 7.846 	 200.556
FD11157	123.625 	 7.699 	 197.353
FD11157	123.750 	 8.133 	 196.390
FD11157	123.875 	 7.846 	 200.555
FD11157	124.000 	 8.198 	 196.390
FD11157	124.125 	 7.699 	 197.353
FD11157	124.250 	 8.133 	 196.390
FD11157	124.375 	 7.846 	 200.556
FD11157	124.500 	 8.133 	 196.389
FD11157	124.625 	 7.761 	 197.354
FD11157	124.750 	 8.700 	 198.435
FD11157	124.875 	 8.133 	 196.389
FD11157	125.000 	 8.198 	 196.390
FD11157	125.125 	 8.133 	 196.389
FD11157	125.250 	 8.700 	 198.435
FD11157	125.375 	 8.133 	 196.390
FD11157	125.500 	 8.198 	 196.389
FD11157	125.625 	 8.272 	 199.440
FD11157	125.750 	 8.568 	 195.524
FD11157	125.875 	 8.198 	 196.390
FD11157	126.000 	 8.133 	 196.389
FD11157	126.125 	 8.272 	 199.440
FD11157	126.250 	 8.636 	 195.524
FD11157	126.375 	 8.133 	 196.389
FD11157	126.500 	 8.133 	 196.390
FD11157	126.625 	 8.338 	 199.440
FD11157	126.750 	 8.568 	 195.524
FD11157	126.875 	 8.133 	 196.390
FD11157	127.000 	 8.272 	 199.440
FD11157	127.125 	 8.198 	 196.389
FD11157	127.250 	 8.568 	 195.524
FD11157	127.375 	 8.133 	 196.389
FD11157	127.500 	 8.338 	 199.440
FD11157	127.625 	 8.133 	 196.389
FD11157	127.750 	 8.567 	 195.525
FD11157	127.875 	 8.198 	 196.389
FD11157	128.000 	 8.272 	 199.440
FD11157	128.125 	 8.133 	 196.390
FD11157	128.250 	 8.637 	 195.524
FD11157	128.375 	 8.272 	 199.440
FD11157	128.500 	 8.133 	 196.390
FD11157	128.625 	 8.197 	 196.389
FD11157	128.750 	 8.568 	 195.525
FD11157	128.875 	 8.273 	 199.440
FD11157	129.000 	 8.132 	 196.390
FD11157	129.125 	 8.198 	 196.389
FD11157	129.250 	 8.568 	 195.524
FD11157	129.375 	 8.272 	 199.440
FD11157	129.500 	 8.198 	 196.390
FD11157	129.625 	 8.568 	 195.523
FD11157	129.750 	 8.271 	 199.440
FD11157	129.875 	 8.198 	 196.390
FD11157	130.000 	 8.133 	 196.390
FD11157	130.125 	 8.567 	 195.525
FD11157	130.250 	 8.339 	 199.440
FD11157	130.375 	 8.132 	 196.388
FD11157	130.500 	 8.133 	 196.390
FD11157	130.625 	 8.699 	 198.435
FD11157	130.750 	 8.198 	 196.390
FD11157	130.875 	 8.133 	 196.390
FD11157	131.000 	 8.132 	 196.388
FD11157	131.125 	 8.769 	 198.435
FD11157	131.250 	 8.133 	 196.390
FD11157	131.375 	 8.132 	 196.390
FD11157	131.500 	 8.199 	 196.388
FD11157	131.625 	 8.699 	 198.435
FD11157	131.750 	 8.133 	 196.390
FD11157	131.875 	 8.198 	 196.390
FD11157	132.000 	 8.272 	 199.440
FD11157	132.125 	 8.568 	 195.525
FD11157	132.250 	 8.132 	 196.388
FD11157	132.375 	 8.198 	 196.390
FD11157	132.500 	 8.273 	 199.440
FD11157	132.625 	 8.567 	 195.524
FD11157	132.750 	 8.198 	 196.390
FD11157	132.875 	 8.133 	 196.388
FD11157	133.000 	 8.273 	 199.440
FD11157	133.125 	 8.636 	 195.525
FD11157	133.250 	 8.132 	 196.390
FD11157	133.375 	 8.272 	 199.440
FD11157	133.500 	 8.198 	 196.388
FD11157	133.625 	 8.567 	 195.524
FD11157	133.750 	 8.133 	 196.390
FD11157	133.875 	 8.769 	 198.435
FD11157	134.000 	 9.274 	 200.225
FD11157	134.125 	 8.770 	 198.435
FD11157	134.250 	 9.274 	 200.225
FD11157	134.375 	 9.201 	 197.526
FD11157	134.500 	 9.348 	 200.225
FD11157	134.625 	 9.275 	 200.225
FD11157	134.750 	 8.769 	 198.435
FD11157	134.875 	 9.274 	 200.225
FD11157	135.000 	 9.201 	 197.526
FD11157	135.125 	 9.348 	 200.225
FD11157	135.250 	 8.700 	 198.434
FD11157	135.375 	 9.348 	 200.225
FD11157	135.500 	 9.129 	 197.526
FD11157	135.625 	 9.348 	 200.225
FD11157	135.750 	 8.923 	 201.251
FD11157	135.875 	 9.128 	 197.526
FD11157	136.000 	 9.348 	 200.225
FD11157	136.125 	 9.129 	 197.526
FD11157	136.250 	 9.348 	 200.225
FD11157	136.375 	 8.769 	 198.435
FD11157	136.500 	 9.275 	 200.225
FD11157	136.625 	 9.201 	 197.526
FD11157	136.750 	 9.274 	 200.225
FD11157	136.875 	 8.923 	 201.251
FD11157	137.000 	 9.129 	 197.526
FD11157	137.125 	 9.348 	 200.225
FD11157	137.250 	 9.201 	 197.526
FD11157	137.375 	 9.275 	 200.225
FD11157	137.500 	 8.769 	 198.435
FD11157	137.625 	 9.274 	 200.225
FD11157	137.750 	 9.201 	 197.526
FD11157	137.875 	 9.348 	 200.225
FD11157	138.000 	 8.854 	 201.250
FD11157	138.125 	 9.201 	 197.526
FD11157	138.250 	 9.273 	 200.226
FD11157	138.375 	 9.201 	 197.526
FD11157	138.500 	 8.925 	 201.250
FD11157	138.625 	 9.128 	 197.526
FD11157	138.750 	 9.348 	 200.225
FD11157	138.875 	 9.129 	 197.526
FD11157	139.000 	 9.348 	 200.225
FD11157	139.125 	 8.923 	 201.251
FD11157	139.250 	 9.128 	 197.526
FD11157	139.375 	 9.348 	 200.225
FD11157	139.500 	 9.129 	 197.526
FD11157	139.625 	 8.923 	 201.251
FD11157	139.750 	 9.201 	 197.526
FD11157	139.875 	 9.275 	 200.225
FD11157	140.000 	 9.201 	 197.526
FD11157	140.125 	 9.274 	 200.225
FD11157	140.250 	 8.923 	 201.251
FD11157	140.375 	 9.201 	 197.526
FD11157	140.500 	 9.275 	 200.225
FD11157	140.625 	 9.201 	 197.526
FD11157	140.750 	 8.853 	 201.251
FD11157	140.875 	 9.201 	 197.526
FD11157	141.000 	 9.348 	 200.225
FD11157	141.125 	 9.128 	 197.526
FD11157	141.250 	 8.924 	 201.250
FD11157	141.375 	 9.275 	 200.225
FD11157	141.500 	 9.201 	 197.526
FD11157	141.625 	 9.274 	 200.225
FD11157	141.750 	 9.202 	 197.526
FD11157	141.875 	 8.924 	 201.250
FD11157	142.000 	 9.128 	 197.526
FD11157	142.125 	 9.348 	 200.225
FD11157	142.250 	 9.129 	 197.526
FD11157	142.375 	 8.923 	 201.251
FD11157	142.500 	 9.348 	 200.225
FD11157	142.625 	 9.128 	 197.526
FD11157	142.750 	 9.348 	 200.225
FD11157	142.875 	 9.129 	 197.526
FD11157	143.000 	 9.515 	 202.833
FD11157	143.125 	 10.354 	 200.854
FD11157	143.250 	 9.933 	 201.802
FD11157	143.375 	 10.110 	 204.228
FD11157	143.500 	 10.354 	 200.854
FD11157	143.625 	 9.933 	 201.802
FD11157	143.750 	 9.935 	 201.801
FD11157	143.875 	 10.354 	 200.854
FD11157	144.000 	 10.110 	 204.228
FD11157	144.125 	 10.354 	 200.854
FD11157	144.250 	 9.933 	 201.802
FD11157	144.375 	 9.933 	 201.801
FD11157	144.500 	 10.354 	 200.855
FD11157	144.625 	 10.029 	 204.228
FD11157	144.750 	 9.935 	 201.801
FD11157	144.875 	 10.354 	 200.854
FD11157	145.000 	 9.933 	 201.802
FD11157	145.125 	 9.933 	 201.802
FD11157	145.250 	 10.523 	 203.198
FD11157	145.375 	 9.933 	 201.802
FD11157	145.500 	 9.933 	 201.802
FD11157	145.625 	 10.354 	 200.854
FD11157	145.750 	 9.933 	 201.801
FD11157	145.875 	 10.110 	 204.229
FD11157	146.000 	 10.354 	 200.854
FD11157	146.125 	 9.933 	 201.801
FD11157	146.250 	 9.933 	 201.802
FD11157	146.375 	 10.355 	 200.853
FD11157	146.500 	 10.110 	 204.229
FD11157	146.625 	 9.933 	 201.801
FD11157	146.750 	 10.271 	 200.854
FD11157	146.875 	 9.933 	 201.802
FD11157	147.000 	 9.933 	 201.802
FD11157	147.125 	 10.523 	 203.198
FD11157	147.250 	 9.933 	 201.802
FD11157	147.375 	 9.935 	 201.801
FD11157	147.500 	 10.354 	 200.855
FD11157	147.625 	 9.933 	 201.802
FD11157	147.750 	 10.110 	 204.227
FD11157	147.875 	 10.354 	 200.854
FD11157	148.000 	 9.933 	 201.802
FD11157	148.125 	 9.933 	 201.802
FD11157	148.250 	 10.354 	 200.854
FD11157	148.375 	 10.110 	 204.227
FD11157	148.500 	 9.933 	 201.803
FD11157	148.625 	 10.354 	 200.854
FD11157	148.750 	 9.933 	 201.801
FD11157	148.875 	 9.855 	 201.802
FD11157	149.000 	 10.354 	 200.855
FD11157	149.125 	 10.110 	 204.227
FD11157	149.250 	 9.933 	 201.801
FD11157	149.375 	 10.354 	 200.854
FD11157	149.500 	 9.933 	 201.803
FD11157	149.625 	 9.933 	 201.801
FD11157	149.750 	 10.523 	 203.198
FD11157	149.875 	 9.933 	 201.802
FD11157	150.000 	 10.355 	 200.855
FD11157	150.125 	 9.933 	 201.801
FD11157	150.250 	 9.933 	 201.802
FD11157	150.375 	 10.523 	 203.197
FD11157	150.500 	 9.933 	 201.803
FD11157	150.625 	 9.933 	 201.801
FD11157	150.750 	 10.354 	 200.854
FD11157	150.875 	 9.854 	 201.802
FD11157	151.000 	 10.111 	 204.228
FD11157	151.125 	 10.354 	 200.854
FD11157	151.250 	 9.933 	 201.802
FD11157	151.375 	 9.933 	 201.801
FD11157	151.500 	 10.354 	 200.854
FD11157	151.625 	 10.110 	 204.229
FD11157	151.750 	 9.933 	 201.801
FD11157	151.875 	 10.354 	 200.854
FD11157	152.000 	 9.933 	 201.801
FD11157	152.125 	 9.933 	 201.803
FD11157	152.250 	 11.115 	 204.443
FD11157	152.375 	 11.617 	 203.499
FD11157	152.500 	 11.710 	 205.560
FD11157	152.625 	 11.205 	 204.444
FD11157	152.750 	 11.524 	 203.498
FD11157	152.875 	 11.803 	 205.561
FD11157	153.000 	 11.116 	 204.444
FD11157	153.125 	 11.617 	 203.498
FD11157	153.250 	 11.710 	 205.560
FD11157	153.375 	 11.204 	 204.444
FD11157	153.500 	 11.525 	 203.498
FD11157	153.625 	 11.803 	 205.561
FD11157	153.750 	 11.115 	 204.444
FD11157	153.875 	 11.618 	 203.498
FD11157	154.000 	 11.710 	 205.560
FD11157	154.125 	 11.205 	 204.444
FD11157	154.250 	 11.524 	 203.498
FD11157	154.375 	 11.803 	 205.561
FD11157	154.500 	 11.205 	 204.443
FD11157	154.625 	 11.525 	 203.499
FD11157	154.750 	 11.804 	 205.561
FD11157	154.875 	 11.115 	 204.443
FD11157	155.000 	 11.616 	 203.499
FD11157	155.125 	 11.710 	 205.560
FD11157	155.250 	 11.205 	 204.444
FD11157	155.375 	 11.524 	 203.498
FD11157	155.500 	 11.804 	 205.560
FD11157	155.625 	 11.115 	 204.445
FD11157	155.750 	 11.616 	 203.497
FD11157	155.875 	 11.710 	 205.561
FD11157	156.000 	 11.617 	 203.498
FD11157	156.125 	 11.116 	 204.444
FD11157	156.250 	 11.804 	 205.561
FD11157	156.375 	 11.524 	 203.498
FD11157	156.500 	 11.204 	 204.444
FD11157	156.625 	 11.710 	 205.560
FD11157	156.750 	 11.617 	 203.499
FD11157	156.875 	 11.115 	 204.443
FD11157	157.000 	 11.804 	 205.561
FD11157	157.125 	 11.525 	 203.497
FD11157	157.250 	 11.203 	 204.445
FD11157	157.375 	 11.710 	 205.561
FD11157	157.500 	 11.617 	 203.497
FD11157	157.625 	 11.115 	 204.445
FD11157	157.750 	 11.804 	 205.559
FD11157	157.875 	 11.525 	 203.499
FD11157	158.000 	 11.204 	 204.443
FD11157	158.125 	 11.712 	 205.561
FD11157	158.250 	 11.616 	 203.499
FD11157	158.375 	 11.205 	 204.443
FD11157	158.500 	 11.710 	 205.561
FD11157	158.625 	 11.616 	 203.498
FD11157	158.750 	 11.116 	 204.444
FD11157	158.875 	 11.804 	 205.561
FD11157	159.000 	 11.524 	 203.498
FD11157	159.125 	 11.205 	 204.444
FD11157	159.250 	 11.710 	 205.560
FD11157	159.375 	 11.616 	 203.498
FD11157	159.500 	 11.116 	 204.444
FD11157	159.625 	 11.803 	 205.561
FD11157	159.750 	 11.525 	 203.497
FD11157	159.875 	 11.205 	 204.445
FD11157	160.000 	 11.710 	 205.560
FD11157	160.125 	 11.617 	 203.498
FD11157	160.250 	 11.116 	 204.444
FD11157	160.375 	 11.803 	 205.560
FD11157	160.500 	 11.525 	 203.499
FD11157	160.625 	 11.205 	 204.443
FD11157	160.750 	 11.710 	 205.561
FD11157	160.875 	 11.617 	 203.499
FD11157	161.000 	 11.115 	 204.443
FD11157	161.125 	 13.909 	 205.710
FD11157	161.250 	 13.799 	 205.710
FD11157	161.375 	 13.316 	 204.775
FD11157	161.500 	 13.799 	 205.710
FD11157	161.625 	 13.314 	 204.776
FD11157	161.750 	 13.801 	 205.710
FD11157	161.875 	 13.508 	 206.565
FD11157	162.000 	 13.615 	 203.961
FD11157	162.125 	 13.508 	 206.565
FD11157	162.250 	 13.613 	 203.963
FD11157	162.375 	 13.912 	 205.710
FD11157	162.500 	 13.208 	 204.775
FD11157	162.625 	 13.909 	 205.710
FD11157	162.750 	 13.508 	 206.565
FD11157	162.875 	 13.615 	 203.962
FD11157	163.000 	 13.508 	 206.565
FD11157	163.125 	 13.614 	 203.963
FD11157	163.250 	 13.910 	 205.710
FD11157	163.375 	 13.403 	 206.565
FD11157	163.500 	 13.722 	 203.962
FD11157	163.625 	 13.401 	 206.565
FD11157	163.750 	 13.722 	 203.962
FD11157	163.875 	 13.403 	 206.565
FD11157	164.000 	 13.722 	 203.963
FD11157	164.125 	 13.403 	 206.565
FD11157	164.250 	 13.910 	 205.710
FD11157	164.375 	 13.614 	 203.963
FD11157	164.500 	 13.508 	 206.565
FD11157	164.625 	 13.613 	 203.962
FD11157	164.750 	 13.508 	 206.565
FD11157	164.875 	 13.801 	 205.710
FD11157	165.000 	 13.314 	 204.775
FD11157	165.125 	 13.801 	 205.710
FD11157	165.250 	 13.314 	 204.775
FD11157	165.375 	 13.801 	 205.710
FD11157	165.500 	 13.722 	 203.963
FD11157	165.625 	 13.401 	 206.565
FD11157	165.750 	 13.910 	 205.710
FD11157	165.875 	 13.210 	 204.775
FD11157	166.000 	 13.909 	 205.710
FD11157	166.125 	 13.210 	 204.775
FD11157	166.250 	 13.910 	 205.710
FD11157	166.375 	 13.801 	 205.710
FD11157	166.500 	 13.314 	 204.775
FD11157	166.625 	 13.799 	 205.710
FD11157	166.750 	 13.314 	 204.775
FD11157	166.875 	 13.801 	 205.710
FD11157	167.000 	 13.314 	 204.775
FD11157	167.125 	 13.801 	 205.710
FD11157	167.250 	 13.508 	 206.565
FD11157	167.375 	 13.614 	 203.963
FD11157	167.500 	 13.910 	 205.710
FD11157	167.625 	 13.208 	 204.774
FD11157	167.750 	 13.909 	 205.710
FD11157	167.875 	 13.510 	 206.565
FD11157	168.000 	 13.613 	 203.962
FD11157	168.125 	 13.508 	 206.565
FD11157	168.250 	 13.614 	 203.963
FD11157	168.375 	 13.508 	 206.565
FD11157	168.500 	 13.615 	 203.962
FD11157	168.625 	 13.910 	 205.710
FD11157	168.750 	 13.401 	 206.565
FD11157	168.875 	 13.724 	 203.963
FD11157	169.000 	 13.401 	 206.565
FD11157	169.125 	 13.722 	 203.961
FD11157	169.250 	 13.403 	 206.565
FD11157	169.375 	 13.909 	 205.710
FD11157	169.500 	 13.615 	 203.962
FD11157	169.625 	 13.508 	 206.565
FD11157	169.750 	 13.613 	 203.963
FD11157	169.875 	 13.510 	 206.565
FD11157	170.000 	 13.613 	 203.962
FD11157	170.125 	 13.508 	 206.565
FD11157	170.250 	 13.801 	 205.710
FD11157	170.375 	 13.314 	 204.775
FD11157	170.500 	 13.801 	 205.710
FD11157	170.625 	 13.722 	 203.962
FD11157	170.750 	 13.401 	 206.565
FD11157	170.875 	 14.314 	 204.905
FD11157	171.000 	 16.012 	 205.821
FD11157	171.125 	 15.826 	 204.304
FD11157	171.250 	 15.493 	 206.565
FD11157	171.375 	 15.826 	 204.304
FD11157	171.500 	 16.011 	 205.821
FD11157	171.625 	 15.303 	 205.018
FD11157	171.750 	 16.011 	 205.821
FD11157	171.875 	 16.013 	 205.821
FD11157	172.000 	 15.424 	 205.017
FD11157	172.125 	 15.887 	 205.821
FD11157	172.250 	 15.824 	 204.304
FD11157	172.375 	 15.617 	 206.565
FD11157	172.500 	 15.701 	 204.304
FD11157	172.625 	 16.013 	 205.821
FD11157	172.750 	 15.826 	 204.304
FD11157	172.875 	 15.615 	 206.566
FD11157	173.000 	 15.703 	 204.304
FD11157	173.125 	 16.011 	 205.821
FD11157	173.250 	 15.424 	 205.017
FD11157	173.375 	 15.887 	 205.821
FD11157	173.500 	 16.013 	 205.821
FD11157	173.625 	 15.422 	 205.017
FD11157	173.750 	 16.013 	 205.821
FD11157	173.875 	 15.701 	 204.304
FD11157	174.000 	 15.617 	 206.566
FD11157	174.125 	 15.826 	 204.304
FD11157	174.250 	 15.887 	 205.821
FD11157	174.375 	 15.422 	 205.017
FD11157	174.500 	 16.013 	 205.821
FD11157	174.625 	 15.826 	 204.305
FD11157	174.750 	 15.887 	 205.821
FD11157	174.875 	 15.424 	 205.017
FD11157	175.000 	 16.011 	 205.821
FD11157	175.125 	 15.887 	 205.821
FD11157	175.250 	 15.424 	 205.017
FD11157	175.375 	 16.013 	 205.821
FD11157	175.500 	 15.701 	 204.304
FD11157	175.625 	 15.617 	 206.565
FD11157	175.750 	 15.825 	 204.305
FD11157	175.875 	 16.013 	 205.821
FD11157	176.000 	 15.301 	 205.017
FD11157	176.125 	 16.013 	 205.821
FD11157	176.250 	 15.824 	 204.304
FD11157	176.375 	 15.495 	 206.566
FD11157	176.500 	 16.011 	 205.821
FD11157	176.625 	 15.826 	 204.304
FD11157	176.750 	 16.013 	 205.821
FD11157	176.875 	 15.301 	 205.017
FD11157	177.000 	 16.012 	 205.821
FD11157	177.125 	 15.826 	 204.305
FD11157	177.250 	 15.493 	 206.564
FD11157	177.375 	 15.826 	 204.304
FD11157	177.500 	 16.013 	 205.821
FD11157	177.625 	 15.421 	 205.018
FD11157	177.750 	 15.887 	 205.821
FD11157	177.875 	 15.826 	 204.304
FD11157	178.000 	 15.617 	 206.564
FD11157	178.125 	 15.887 	 205.821
FD11157	178.250 	 15.826 	 204.304
FD11157	178.375 	 15.614 	 206.566
FD11157	178.500 	 15.701 	 204.304
FD11157	178.625 	 16.013 	 205.821
FD11157	178.750 	 15.826 	 204.305
FD11157	178.875 	 15.615 	 206.564
FD11157	179.000 	 15.703 	 204.304
FD11157	179.125 	 16.011 	 205.821
FD11157	179.250 	 15.423 	 205.018
FD11157	179.375 	 15.887 	 205.821
FD11157	179.500 	 15.826 	 204.304
FD11157	179.625 	 15.617 	 206.565
FD11157	179.750 	 16.012 	 205.821
FD11157	179.875 	 15.701 	 204.304
FD11157	180.000 	 15.616 	 206.565
FD11157	180.125 	 17.920 	 204.568
FD11157	180.250 	 17.921 	 204.566
FD11157	180.375 	 17.922 	 204.567
FD11157	180.500 	 17.714 	 206.566
FD11157	180.625 	 17.920 	 204.567
FD11157	180.750 	 17.921 	 204.566
FD11157	180.875 	 17.922 	 204.567
FD11157	181.000 	 17.714 	 206.566
FD11157	181.125 	 17.921 	 204.566
FD11157	181.250 	 17.920 	 204.568
FD11157	181.375 	 17.714 	 206.565
FD11157	181.500 	 17.923 	 204.568
FD11157	181.625 	 17.921 	 204.566
FD11157	181.750 	 17.920 	 204.567
FD11157	181.875 	 17.714 	 206.566
FD11157	182.000 	 18.063 	 204.567
FD11157	182.125 	 17.921 	 204.566
FD11157	182.250 	 17.524 	 205.203
FD11157	182.375 	 18.108 	 205.906
FD11157	182.500 	 17.921 	 204.567
FD11157	182.625 	 17.920 	 204.567
FD11157	182.750 	 17.523 	 205.202
FD11157	182.875 	 18.108 	 205.907
FD11157	183.000 	 17.921 	 204.566
FD11157	183.125 	 17.920 	 204.567
FD11157	183.250 	 17.523 	 205.202
FD11157	183.375 	 18.107 	 205.906
FD11157	183.500 	 17.922 	 204.567
FD11157	183.625 	 17.524 	 205.203
FD11157	183.750 	 18.106 	 205.906
FD11157	183.875 	 17.921 	 204.567
FD11157	184.000 	 17.920 	 204.567
FD11157	184.125 	 17.526 	 205.202
FD11157	184.250 	 18.106 	 205.907
FD11157	184.375 	 17.921 	 204.566
FD11157	184.500 	 17.523 	 205.202
FD11157	184.625 	 17.923 	 204.568
FD11157	184.750 	 18.107 	 205.904
FD11157	184.875 	 17.920 	 204.568
FD11157	185.000 	 17.523 	 205.202
FD11157	185.125 	 17.920 	 204.567
FD11157	185.250 	 18.109 	 205.906
FD11157	185.375 	 17.920 	 204.567
FD11157	185.500 	 17.523 	 205.202
FD11157	185.625 	 18.107 	 205.906
FD11157	185.750 	 18.063 	 204.567
FD11157	185.875 	 17.523 	 205.202
FD11157	186.000 	 17.920 	 204.568
FD11157	186.125 	 18.109 	 205.904
FD11157	186.250 	 17.920 	 204.568
FD11157	186.375 	 17.523 	 205.202
FD11157	186.500 	 17.920 	 204.567
FD11157	186.625 	 18.109 	 205.906
FD11157	186.750 	 17.523 	 205.202
FD11157	186.875 	 17.920 	 204.567
FD11157	187.000 	 17.921 	 204.567
FD11157	187.125 	 18.106 	 205.906
FD11157	187.250 	 17.526 	 205.203
FD11157	187.375 	 17.920 	 204.567
FD11157	187.500 	 18.107 	 205.906
FD11157	187.625 	 17.920 	 204.567
FD11157	187.750 	 17.523 	 205.202
FD11157	187.875 	 17.923 	 204.566
FD11157	188.000 	 18.106 	 205.907
FD11157	188.125 	 17.523 	 205.202
FD11157	188.250 	 17.920 	 204.567
FD11157	188.375 	 17.923 	 204.567
FD11157	188.500 	 18.106 	 205.906
FD11157	188.625 	 17.524 	 205.203
FD11157	188.750 	 17.920 	 204.567
FD11157	188.875 	 17.921 	 204.566
FD11157	189.000 	 17.717 	 206.566
FD11157	189.125 	 18.461 	 203.962
FD11157	189.250 	 19.659 	 202.306
FD11157	189.375 	 19.433 	 204.102
FD11157	189.500 	 19.261 	 202.833
FD11157	189.625 	 19.657 	 202.307
FD11157	189.750 	 19.587 	 204.101
FD11157	189.875 	 19.259 	 202.835
FD11157	190.000 	 19.659 	 202.306
FD11157	190.125 	 19.433 	 204.102
FD11157	190.250 	 19.261 	 202.833
FD11157	190.375 	 19.657 	 202.306
FD11157	190.500 	 19.588 	 204.102
FD11157	190.625 	 19.258 	 202.833
FD11157	190.750 	 19.827 	 203.553
FD11157	190.875 	 19.261 	 202.833
FD11157	191.000 	 19.261 	 202.833
FD11157	191.125 	 19.825 	 203.552
FD11157	191.250 	 19.261 	 202.833
FD11157	191.375 	 19.413 	 202.834
FD11157	191.500 	 19.825 	 203.552
FD11157	191.625 	 19.261 	 202.833
FD11157	191.750 	 19.261 	 202.835
FD11157	191.875 	 19.827 	 203.552
FD11157	192.000 	 19.259 	 202.835
FD11157	192.125 	 19.414 	 202.833
FD11157	192.250 	 19.825 	 203.553
FD11157	192.375 	 19.261 	 202.833
FD11157	192.500 	 19.261 	 202.833
FD11157	192.625 	 19.827 	 203.553
FD11157	192.750 	 19.258 	 202.833
FD11157	192.875 	 19.261 	 202.833
FD11157	193.000 	 19.982 	 203.553
FD11157	193.125 	 19.261 	 202.833
FD11157	193.250 	 19.433 	 204.102
FD11157	193.375 	 19.659 	 202.306
FD11157	193.500 	 19.259 	 202.835
FD11157	193.625 	 19.433 	 204.101
FD11157	193.750 	 19.813 	 202.307
FD11157	193.875 	 19.261 	 202.833
FD11157	194.000 	 19.433 	 204.102
FD11157	194.125 	 19.660 	 202.305
FD11157	194.250 	 19.258 	 202.834
FD11157	194.375 	 19.433 	 204.102
FD11157	194.500 	 19.660 	 202.305
FD11157	194.625 	 19.412 	 202.833
FD11157	194.750 	 19.433 	 204.102
FD11157	194.875 	 19.659 	 202.306
FD11157	195.000 	 19.258 	 202.833
FD11157	195.125 	 19.433 	 204.102
FD11157	195.250 	 19.659 	 202.306
FD11157	195.375 	 19.412 	 202.835
FD11157	195.500 	 19.433 	 204.101
FD11157	195.625 	 19.659 	 202.307
FD11157	195.750 	 19.261 	 202.833
FD11157	195.875 	 19.431 	 204.102
FD11157	196.000 	 19.659 	 202.306
FD11157	196.125 	 19.433 	 204.102
FD11157	196.250 	 19.412 	 202.833
FD11157	196.375 	 19.659 	 202.306
FD11157	196.500 	 19.433 	 204.102
FD11157	196.625 	 19.258 	 202.833
FD11157	196.750 	 19.659 	 202.306
FD11157	196.875 	 19.433 	 204.102
FD11157	197.000 	 19.412 	 202.833
FD11157	197.125 	 19.659 	 202.307
FD11157	197.250 	 19.433 	 204.101
FD11157	197.375 	 19.259 	 202.835
FD11157	197.500 	 19.660 	 202.305
FD11157	197.625 	 19.433 	 204.102
FD11157	197.750 	 19.260 	 202.834
FD11157	197.875 	 19.814 	 202.305
FD11157	198.000 	 19.433 	 204.102
FD11157	198.125 	 19.258 	 202.833
FD11157	198.250 	 19.827 	 203.553
FD11157	198.375 	 20.213 	 201.802
FD11157	198.500 	 20.776 	 202.521
FD11157	198.625 	 20.214 	 201.801
FD11157	198.750 	 20.220 	 203.026
FD11157	198.875 	 20.378 	 203.025
FD11157	199.000 	 20.213 	 201.802
FD11157	199.125 	 20.381 	 203.025
FD11157	199.250 	 20.055 	 201.802
FD11157	199.375 	 20.381 	 203.025
FD11157	199.500 	 20.378 	 203.025
FD11157	199.625 	 20.214 	 201.802
FD11157	199.750 	 20.380 	 203.025
FD11157	199.875 	 20.056 	 201.802
FD11157	200.000 	 20.380 	 203.025
FD11157	200.125 	 20.378 	 203.025
FD11157	200.250 	 20.213 	 201.802
FD11157	200.375 	 20.614 	 202.521
FD11157	200.500 	 20.214 	 201.801
FD11157	200.625 	 20.380 	 203.026
FD11157	200.750 	 20.378 	 203.025
FD11157	200.875 	 20.057 	 201.802
FD11157	201.000 	 20.378 	 203.025
FD11157	201.125 	 20.213 	 201.802
FD11157	201.250 	 20.378 	 203.025
FD11157	201.375 	 20.057 	 201.802
FD11157	201.500 	 20.378 	 203.025
FD11157	201.625 	 20.380 	 203.026
FD11157	201.750 	 20.214 	 201.801
FD11157	201.875 	 20.378 	 203.026
FD11157	202.000 	 20.058 	 201.801
FD11157	202.125 	 20.378 	 203.025
FD11157	202.250 	 20.776 	 202.522
FD11157	202.375 	 20.214 	 201.801
FD11157	202.500 	 20.220 	 203.026
FD11157	202.625 	 20.214 	 201.801
FD11157	202.750 	 20.378 	 203.026
FD11157	202.875 	 20.381 	 203.025
FD11157	203.000 	 20.055 	 201.802
FD11157	203.125 	 20.381 	 203.025
FD11157	203.250 	 20.214 	 201.801
FD11157	203.375 	 20.378 	 203.026
FD11157	203.500 	 20.221 	 203.024
FD11157	203.625 	 20.214 	 201.803
FD11157	203.750 	 20.378 	 203.024
FD11157	203.875 	 20.216 	 201.803
FD11157	204.000 	 20.378 	 203.024
FD11157	204.125 	 20.220 	 203.026
FD11157	204.250 	 20.614 	 201.317
FD11157	204.375 	 20.378 	 203.026
FD11157	204.500 	 20.217 	 201.801
FD11157	204.625 	 20.219 	 203.025
FD11157	204.750 	 20.380 	 203.026
FD11157	204.875 	 20.214 	 201.801
FD11157	205.000 	 20.378 	 203.026
FD11157	205.125 	 20.058 	 201.801
FD11157	205.250 	 20.378 	 203.026
FD11157	205.375 	 20.381 	 203.025
FD11157	205.500 	 20.213 	 201.802
FD11157	205.625 	 20.221 	 203.025
FD11157	205.750 	 20.213 	 201.802
FD11157	205.875 	 20.378 	 203.025
FD11157	206.000 	 20.380 	 203.026
FD11157	206.125 	 20.453 	 201.317
FD11157	206.250 	 20.381 	 203.025
FD11157	206.375 	 20.213 	 201.802
FD11157	206.500 	 20.378 	 203.025
FD11157	206.625 	 20.378 	 203.025
FD11157	206.750 	 20.058 	 201.802
FD11157	206.875 	 20.378 	 203.025
FD11157	207.000 	 20.217 	 201.802
FD11157	207.125 	 20.378 	 203.025
FD11157	207.250 	 20.058 	 201.802
FD11157	207.375 	 20.378 	 203.025
FD11157	207.500 	 20.378 	 203.025
FD11157	207.625 	 20.216 	 201.802
FD11157	207.750 	 20.219 	 203.025
FD11157	207.875 	 20.616 	 201.317
FD11157	208.000 	 20.613 	 201.320
FD11157	208.125 	 20.214 	 201.801
FD11157	208.250 	 20.616 	 201.317
FD11157	208.375 	 20.614 	 201.317
FD11157	208.500 	 20.213 	 201.802
FD11157	208.625 	 20.614 	 201.319
FD11157	208.750 	 20.616 	 201.317
FD11157	208.875 	 20.055 	 201.802
FD11157	209.000 	 20.616 	 201.317
FD11157	209.125 	 20.614 	 201.319
FD11157	209.250 	 20.213 	 201.802
FD11157	209.375 	 20.616 	 201.317
FD11157	209.500 	 20.614 	 201.317
FD11157	209.625 	 20.213 	 201.802
FD11157	209.750 	 20.614 	 201.319
FD11157	209.875 	 20.616 	 201.317
FD11157	210.000 	 20.214 	 201.801
FD11157	210.125 	 20.454 	 201.318
FD11157	210.250 	 20.614 	 201.317
FD11157	210.375 	 20.214 	 201.802
FD11157	210.500 	 20.616 	 201.317
FD11157	210.625 	 20.613 	 201.318
FD11157	210.750 	 20.214 	 201.801
FD11157	210.875 	 20.617 	 201.319
FD11157	211.000 	 20.614 	 201.317
FD11157	211.125 	 20.213 	 201.802
FD11157	211.250 	 20.455 	 201.317
FD11157	211.375 	 20.614 	 201.317
FD11157	211.500 	 20.378 	 203.026
FD11157	211.625 	 20.616 	 201.317
FD11157	211.750 	 20.614 	 201.319
FD11157	211.875 	 20.213 	 201.802
FD11157	212.000 	 20.616 	 201.317
FD11157	212.125 	 20.614 	 201.317
FD11157	212.250 	 20.214 	 201.803
FD11157	212.375 	 20.455 	 201.317
FD11157	212.500 	 20.614 	 201.317
FD11157	212.625 	 20.217 	 201.801
FD11157	212.750 	 20.613 	 201.318
FD11157	212.875 	 20.614 	 201.319
FD11157	213.000 	 20.214 	 201.801
FD11157	213.125 	 20.616 	 201.317
FD11157	213.250 	 20.613 	 201.318
FD11157	213.375 	 20.214 	 201.801
FD11157	213.500 	 20.617 	 201.319
FD11157	213.625 	 20.452 	 201.318
FD11157	213.750 	 20.217 	 201.801
FD11157	213.875 	 20.614 	 201.317
FD11157	214.000 	 20.614 	 201.319
FD11157	214.125 	 20.213 	 201.802
FD11157	214.250 	 20.616 	 201.317
FD11157	214.375 	 20.614 	 201.317
FD11157	214.500 	 20.213 	 201.802
FD11157	214.625 	 20.617 	 201.319
FD11157	214.750 	 20.453 	 201.317
FD11157	214.875 	 20.216 	 201.802
FD11157	215.000 	 20.614 	 201.317
FD11157	215.125 	 20.614 	 201.317
FD11157	215.250 	 20.214 	 201.802
FD11157	215.375 	 20.616 	 201.318
FD11157	215.500 	 20.614 	 201.317
FD11157	215.625 	 20.214 	 201.801
FD11157	215.750 	 20.616 	 201.320
FD11157	215.875 	 20.453 	 201.317
FD11157	216.000 	 20.217 	 201.801
FD11157	216.125 	 20.614 	 201.317
FD11157	216.250 	 20.613 	 201.318
FD11157	216.375 	 20.217 	 201.802
FD11157	216.500 	 20.614 	 201.317
FD11157	216.625 	 20.614 	 201.317
FD11157	216.750 	 20.213 	 201.802
FD11157	216.875 	 20.617 	 201.319
FD11157	217.000 	 20.614 	 201.317
FD11157	217.125 	 20.454 	 201.318
FD11157	217.250 	 20.214 	 201.801
FD11157	217.375 	 20.614 	 201.317
FD11157	217.500 	 20.465 	 200.095
FD11157	217.625 	 20.461 	 200.096
FD11157	217.750 	 20.058 	 200.555
FD11157	217.875 	 20.462 	 200.095
FD11157	218.000 	 20.304 	 200.095
FD11157	218.125 	 20.461 	 200.095
FD11157	218.250 	 20.465 	 200.095
FD11157	218.375 	 20.462 	 200.095
FD11157	218.500 	 20.462 	 200.094
FD11157	218.625 	 20.162 	 198.853
FD11157	218.750 	 20.461 	 200.096
FD11157	218.875 	 20.061 	 200.555
FD11157	219.000 	 20.462 	 200.095
FD11157	219.125 	 20.462 	 200.095
FD11157	219.250 	 20.464 	 200.095
FD11157	219.375 	 20.302 	 200.095
FD11157	219.500 	 20.465 	 200.095
FD11157	219.625 	 20.319 	 198.853
FD11157	219.750 	 20.462 	 200.094
FD11157	219.875 	 20.461 	 200.096
FD11157	220.000 	 19.903 	 200.556
FD11157	220.125 	 20.462 	 200.094
FD11157	220.250 	 20.465 	 200.095
FD11157	220.375 	 20.461 	 200.096
FD11157	220.500 	 20.462 	 200.094
FD11157	220.625 	 20.321 	 198.853
FD11157	220.750 	 20.302 	 200.095
FD11157	220.875 	 20.465 	 200.095
FD11157	221.000 	 20.461 	 200.095
FD11157	221.125 	 20.058 	 200.556
FD11157	221.250 	 20.465 	 200.094
FD11157	221.375 	 20.302 	 200.095
FD11157	221.500 	 20.464 	 200.096
FD11157	221.625 	 20.462 	 200.094
FD11157	221.750 	 20.319 	 198.853
FD11157	221.875 	 20.462 	 200.095
FD11157	222.000 	 20.465 	 200.095
FD11157	222.125 	 19.900 	 200.556
FD11157	222.250 	 20.465 	 200.095
FD11157	222.375 	 20.462 	 200.095
FD11157	222.500 	 20.462 	 200.094
FD11157	222.625 	 20.464 	 200.096
FD11157	222.750 	 20.159 	 198.853
FD11157	222.875 	 20.465 	 200.095
FD11157	223.000 	 20.462 	 200.094
FD11157	223.125 	 20.462 	 200.095
FD11157	223.250 	 20.060 	 200.557
FD11157	223.375 	 20.462 	 200.094
FD11157	223.500 	 20.304 	 200.095
FD11157	223.625 	 20.461 	 200.096
FD11157	223.750 	 20.462 	 200.094
FD11157	223.875 	 20.319 	 198.853
FD11157	224.000 	 20.465 	 200.095
FD11157	224.125 	 20.302 	 200.094
FD11157	224.250 	 20.465 	 200.095
FD11157	224.375 	 20.058 	 200.557
FD11157	224.500 	 20.462 	 200.094
FD11157	224.625 	 20.465 	 200.095
FD11157	224.750 	 20.461 	 200.096
FD11157	224.875 	 20.162 	 198.853
FD11157	225.000 	 20.462 	 200.094
FD11157	225.125 	 20.462 	 200.095
FD11157	225.250 	 20.465 	 200.095
FD11157	225.375 	 20.462 	 200.094
FD11157	225.500 	 19.902 	 200.557
FD11157	225.625 	 20.462 	 200.095
FD11157	225.750 	 20.462 	 200.094
FD11157	225.875 	 20.461 	 200.096
FD11157	226.000 	 20.321 	 198.853
FD11157	226.125 	 20.462 	 200.095
FD11157	226.250 	 20.304 	 200.094
FD11157	226.375 	 20.462 	 200.095
FD11157	226.500 	 20.461 	 200.095
FD11157	226.625 	 20.061 	 200.556
FD11157	226.750 	 20.462 	 200.095
FD11157	226.875 	 20.304 	 200.094
FD11157	227.000 	 20.318 	 198.854
FD11157	227.125 	 19.501 	 201.037
FD11157	227.250 	 20.058 	 200.557
FD11157	227.375 	 19.500 	 201.037
FD11157	227.500 	 19.501 	 201.037
FD11157	227.625 	 20.058 	 200.557
FD11157	227.750 	 19.500 	 201.037
FD11157	227.875 	 19.901 	 200.556
FD11157	228.000 	 19.655 	 201.038
FD11157	228.125 	 19.498 	 201.037
FD11157	228.250 	 19.903 	 200.556
FD11157	228.375 	 19.653 	 201.038
FD11157	228.500 	 19.903 	 200.555
FD11157	228.625 	 19.500 	 201.038
FD11157	228.750 	 20.057 	 200.556
FD11157	228.875 	 19.350 	 199.747
FD11157	229.000 	 19.499 	 201.038
FD11157	229.125 	 20.058 	 200.556
FD11157	229.250 	 19.501 	 201.036
FD11157	229.375 	 19.901 	 200.556
FD11157	229.500 	 19.654 	 201.039
FD11157	229.625 	 19.903 	 200.555
FD11157	229.750 	 19.499 	 201.037
FD11157	229.875 	 19.654 	 201.039
FD11157	230.000 	 19.900 	 200.555
FD11157	230.125 	 19.501 	 201.037
FD11157	230.250 	 20.057 	 200.558
FD11157	230.375 	 19.501 	 201.036
FD11157	230.500 	 19.501 	 201.037
FD11157	230.625 	 20.057 	 200.557
FD11157	230.750 	 19.501 	 201.037
FD11157	230.875 	 19.757 	 199.290
FD11157	231.000 	 19.652 	 201.039
FD11157	231.125 	 19.903 	 200.555
FD11157	231.250 	 19.499 	 201.037
FD11157	231.375 	 19.654 	 201.039
FD11157	231.500 	 19.900 	 200.555
FD11157	231.625 	 19.501 	 201.037
FD11157	231.750 	 20.059 	 200.558
FD11157	231.875 	 19.498 	 201.036
FD11157	232.000 	 19.903 	 200.556
FD11157	232.125 	 19.652 	 201.039
FD11157	232.250 	 19.501 	 201.036
FD11157	232.375 	 19.903 	 200.556
FD11157	232.500 	 19.652 	 201.038
FD11157	232.625 	 19.903 	 200.556
FD11157	232.750 	 19.350 	 199.746
FD11157	232.875 	 19.497 	 201.039
FD11157	233.000 	 20.061 	 200.555
FD11157	233.125 	 19.499 	 201.037
FD11157	233.250 	 19.903 	 200.556
FD11157	233.375 	 19.652 	 201.038
FD11157	233.500 	 19.903 	 200.556
FD11157	233.625 	 19.501 	 201.037
FD11157	233.750 	 19.652 	 201.038
FD11157	233.875 	 19.903 	 200.556
FD11157	234.000 	 19.501 	 201.037
FD11157	234.125 	 20.057 	 200.557
FD11157	234.250 	 19.501 	 201.037
FD11157	234.375 	 19.903 	 200.556
FD11157	234.500 	 19.652 	 201.038
FD11157	234.625 	 19.501 	 201.037
FD11157	234.750 	 19.754 	 199.290
FD11157	234.875 	 19.654 	 201.038
FD11157	235.000 	 19.901 	 200.556
FD11157	235.125 	 19.501 	 201.037
FD11157	235.250 	 19.652 	 201.038
FD11157	235.375 	 19.903 	 200.556
FD11157	235.500 	 19.501 	 201.037
FD11157	235.625 	 20.057 	 200.557
FD11157	235.750 	 19.501 	 201.037
FD11157	235.875 	 19.903 	 200.556
FD11157	236.000 	 19.652 	 201.038
FD11157	236.125 	 19.501 	 201.037
FD11157	236.250 	 19.901 	 200.556
FD11157	236.375 	 19.654 	 201.038
FD11157	236.500 	 19.903 	 200.556
FD11157	236.625 	 18.941 	 200.224
FD11157	236.750 	 19.097 	 201.542
FD11157	236.875 	 19.098 	 201.539
FD11157	237.000 	 18.546 	 202.069
FD11157	237.125 	 19.096 	 201.541
FD11157	237.250 	 19.098 	 201.540
FD11157	237.375 	 19.094 	 201.542
FD11157	237.500 	 18.948 	 201.539
FD11157	237.625 	 18.693 	 202.069
FD11157	237.750 	 19.098 	 201.540
FD11157	237.875 	 19.096 	 201.541
FD11157	238.000 	 19.096 	 201.540
FD11157	238.125 	 18.949 	 201.542
FD11157	238.250 	 18.691 	 202.068
FD11157	238.375 	 19.098 	 201.540
FD11157	238.500 	 19.096 	 201.541
FD11157	238.625 	 19.098 	 201.540
FD11157	238.750 	 18.946 	 201.542
FD11157	238.875 	 18.695 	 202.066
FD11157	239.000 	 19.094 	 201.542
FD11157	239.125 	 19.097 	 201.542
FD11157	239.250 	 19.098 	 201.539
FD11157	239.375 	 18.946 	 201.542
FD11157	239.500 	 18.695 	 202.067
FD11157	239.625 	 18.942 	 200.226
FD11157	239.750 	 19.096 	 201.539
FD11157	239.875 	 19.097 	 201.542
FD11157	240.000 	 18.546 	 202.069
FD11157	240.125 	 19.098 	 201.539
FD11157	240.250 	 19.097 	 201.542
FD11157	240.375 	 19.098 	 201.540
FD11157	240.500 	 19.094 	 201.541
FD11157	240.625 	 18.550 	 202.067
FD11157	240.750 	 19.094 	 201.541
FD11157	240.875 	 19.098 	 201.540
FD11157	241.000 	 19.097 	 201.542
FD11157	241.125 	 18.948 	 201.539
FD11157	241.250 	 18.693 	 202.069
FD11157	241.375 	 19.097 	 201.542
FD11157	241.500 	 19.096 	 201.539
FD11157	241.625 	 19.097 	 201.542
FD11157	241.750 	 18.948 	 201.540
FD11157	241.875 	 18.693 	 202.068
FD11157	242.000 	 19.098 	 201.540
FD11157	242.125 	 19.096 	 201.541
FD11157	242.250 	 19.096 	 201.540
FD11157	242.375 	 18.949 	 201.542
FD11157	242.500 	 18.691 	 202.068
FD11157	242.625 	 19.098 	 201.540
FD11157	242.750 	 18.942 	 200.226
FD11157	242.875 	 19.098 	 201.540
FD11157	243.000 	 18.546 	 202.068
FD11157	243.125 	 19.096 	 201.542
FD11157	243.250 	 19.096 	 201.541
FD11157	243.375 	 19.098 	 201.539
FD11157	243.500 	 19.096 	 201.541
FD11157	243.625 	 18.546 	 202.070
FD11157	243.750 	 19.098 	 201.539
FD11157	243.875 	 19.094 	 201.541
FD11157	244.000 	 19.098 	 201.542
FD11157	244.125 	 18.946 	 201.541
FD11157	244.250 	 18.695 	 202.066
FD11157	244.375 	 19.097 	 201.544
FD11157	244.500 	 19.096 	 201.541
FD11157	244.625 	 19.096 	 201.539
FD11157	244.750 	 18.949 	 201.544
FD11157	244.875 	 18.692 	 202.066
FD11157	245.000 	 19.096 	 201.541
FD11157	245.125 	 19.098 	 201.542
FD11157	245.250 	 19.096 	 201.541
FD11157	245.375 	 18.948 	 201.539
FD11157	245.500 	 18.693 	 202.070
FD11157	245.625 	 19.094 	 201.541
FD11157	245.750 	 18.943 	 200.224
FD11157	245.875 	 19.096 	 201.541
FD11157	246.000 	 18.548 	 202.068
FD11157	246.125 	 19.096 	 201.541
FD11157	246.250 	 19.098 	 201.539
FD11157	246.375 	 19.094 	 201.544
FD11157	246.500 	 19.098 	 201.539
FD11157	246.625 	 18.546 	 202.068
FD11157	246.750 	 19.096 	 201.541
FD11157	246.875 	 19.098 	 201.542
FD11157	247.000 	 18.693 	 202.068
FD11157	247.125 	 18.948 	 201.539
FD11157	247.250 	 19.097 	 201.544
FD11157	247.375 	 19.096 	 201.539
FD11157	247.500 	 19.096 	 201.541
FD11157	247.625 	 19.098 	 201.542
FD11157	247.750 	 18.946 	 201.541
FD11157	247.875 	 18.943 	 200.224
FD11157	248.000 	 18.693 	 202.068
FD11157	248.125 	 19.094 	 201.544
FD11157	248.250 	 19.098 	 201.539
FD11157	248.375 	 19.096 	 201.541
FD11157	248.500 	 18.948 	 201.542
FD11157	248.625 	 19.096 	 201.541
FD11157	248.750 	 19.098 	 201.539
FD11157	248.875 	 19.094 	 201.544
FD11157	249.000 	 19.098 	 201.539
FD11157	249.125 	 19.096 	 201.541
FD11157	249.250 	 19.098 	 201.542
FD11157	249.375 	 18.946 	 201.541
FD11157	249.500 	 19.094 	 201.541
FD11157	249.625 	 19.098 	 201.542
FD11157	249.750 	 19.096 	 201.541
FD11157	249.875 	 19.098 	 201.539
FD11157	250.000 	 19.094 	 201.544
FD11157	250.125 	 19.098 	 201.539
FD11157	250.250 	 18.946 	 201.541
FD11157	250.375 	 19.098 	 201.539
FD11157	250.500 	 19.097 	 201.544
FD11157	250.625 	 19.098 	 201.539
FD11157	250.750 	 19.094 	 201.541
FD11157	250.875 	 19.098 	 201.542
FD11157	251.000 	 18.946 	 201.541
FD11157	251.125 	 19.098 	 201.539
FD11157	251.250 	 19.097 	 201.544
FD11157	251.375 	 19.098 	 201.539
FD11157	251.500 	 19.094 	 201.541
FD11157	251.625 	 18.534 	 200.726
FD11157	251.750 	 19.098 	 201.542
FD11157	251.875 	 18.946 	 201.541
FD11157	252.000 	 19.098 	 201.539
FD11157	252.125 	 19.097 	 201.544
FD11157	252.250 	 19.096 	 201.539
FD11157	252.375 	 19.096 	 201.541
FD11157	252.500 	 19.098 	 201.542
FD11157	252.625 	 19.096 	 201.541
FD11157	252.750 	 18.948 	 201.539
FD11157	252.875 	 19.097 	 201.544
FD11157	253.000 	 19.096 	 201.539
FD11157	253.125 	 19.096 	 201.541
FD11157	253.250 	 19.098 	 201.542
FD11157	253.375 	 19.096 	 201.541
FD11157	253.500 	 18.946 	 201.541
FD11157	253.625 	 19.098 	 201.542
FD11157	253.750 	 19.094 	 201.541
FD11157	253.875 	 19.098 	 201.539
FD11157	254.000 	 19.096 	 201.541
FD11157	254.125 	 19.098 	 201.542
FD11157	254.250 	 19.094 	 201.541
FD11157	254.375 	 18.950 	 201.539
FD11157	254.500 	 19.094 	 201.544
FD11157	254.625 	 19.098 	 201.539
FD11157	254.750 	 19.096 	 201.541
FD11157	254.875 	 19.098 	 201.542
FD11157	255.000 	 19.094 	 201.541
FD11157	255.125 	 18.950 	 201.539
FD11157	255.250 	 19.094 	 201.544
FD11157	255.375 	 18.534 	 200.726
FD11157	255.500 	 19.098 	 201.539
FD11157	255.625 	 19.659 	 202.308
FD11157	255.750 	 19.096 	 201.539
FD11157	255.875 	 19.501 	 201.036
FD11157	256.000 	 19.499 	 201.040
FD11157	256.125 	 19.098 	 201.539
FD11157	256.250 	 19.497 	 201.038
FD11157	256.375 	 19.656 	 201.038
FD11157	256.500 	 19.094 	 201.541
FD11157	256.625 	 19.501 	 201.036
FD11157	256.750 	 19.260 	 202.836
FD11157	256.875 	 19.501 	 201.036
FD11157	257.000 	 19.498 	 201.036
FD11157	257.125 	 19.097 	 201.544
FD11157	257.250 	 19.501 	 201.036
FD11157	257.375 	 19.499 	 201.038
FD11157	257.500 	 19.096 	 201.542
FD11157	257.625 	 19.499 	 201.038
FD11157	257.750 	 19.660 	 202.306
FD11157	257.875 	 19.248 	 201.539
FD11157	258.000 	 19.499 	 201.038
FD11157	258.125 	 19.098 	 201.542
FD11157	258.250 	 19.497 	 201.038
FD11157	258.375 	 19.501 	 201.036
FD11157	258.500 	 19.097 	 201.544
FD11157	258.625 	 19.501 	 201.036
FD11157	258.750 	 19.658 	 202.306
FD11157	258.875 	 19.096 	 201.541
FD11157	259.000 	 19.501 	 201.036
FD11157	259.125 	 19.499 	 201.038
FD11157	259.250 	 19.248 	 201.542
FD11157	259.375 	 19.499 	 201.038
FD11157	259.500 	 19.096 	 201.539
FD11157	259.625 	 19.499 	 201.040
FD11157	259.750 	 19.660 	 202.304
FD11157	259.875 	 19.098 	 201.542
FD11157	260.000 	 19.499 	 201.038
FD11157	260.125 	 19.498 	 201.036
FD11157	260.250 	 19.097 	 201.544
FD11157	260.375 	 19.501 	 201.036
FD11157	260.500 	 19.499 	 201.038
FD11157	260.625 	 19.096 	 201.542
FD11157	260.750 	 19.656 	 201.036
FD11157	260.875 	 19.258 	 202.836
FD11157	261.000 	 19.501 	 201.036
FD11157	261.125 	 19.499 	 201.038
FD11157	261.250 	 19.098 	 201.539
FD11157	261.375 	 19.497 	 201.040
FD11157	261.500 	 19.501 	 201.036
FD11157	261.625 	 19.096 	 201.541
FD11157	261.750 	 19.501 	 201.038
FD11157	261.875 	 19.657 	 202.304
FD11157	262.000 	 19.097 	 201.544
FD11157	262.125 	 19.653 	 201.036
FD11157	262.250 	 19.096 	 201.541
FD11157	262.375 	 19.501 	 201.038
FD11157	262.500 	 19.499 	 201.038
FD11157	262.625 	 19.096 	 201.539
FD11157	262.750 	 19.503 	 201.038
FD11157	262.875 	 19.656 	 202.306
FD11157	263.000 	 19.096 	 201.542
FD11157	263.125 	 19.502 	 201.038
FD11157	263.250 	 19.498 	 201.036
FD11157	263.375 	 19.094 	 201.541
FD11157	263.500 	 19.503 	 201.038
FD11157	263.625 	 19.246 	 201.541
FD11157	263.750 	 19.498 	 201.036
FD11157	263.875 	 19.662 	 202.306
FD11157	264.000 	 19.094 	 201.541
FD11157	264.125 	 19.499 	 201.038
FD11157	264.250 	 19.502 	 201.038
FD11157	264.375 	 19.096 	 201.539
FD11157	264.500 	 19.502 	 201.040
FD11157	264.625 	 19.096 	 201.539
FD11157	264.750 	 19.498 	 201.036
FD11157	264.875 	 19.661 	 202.308
FD11157	265.000 	 19.248 	 201.539
FD11157	265.125 	 19.497 	 201.040
FD11157	265.250 	 19.503 	 201.036
FD11157	265.375 	 19.497 	 201.038
FD11157	265.500 	 19.658 	 202.306
FD11157	265.625 	 20.063 	 200.555
FD11157	265.750 	 19.497 	 201.038
FD11157	265.875 	 19.499 	 201.038
FD11157	266.000 	 19.662 	 202.304
FD11157	266.125 	 19.652 	 201.040
FD11157	266.250 	 19.498 	 201.036
FD11157	266.375 	 19.662 	 202.306
FD11157	266.500 	 19.497 	 201.038
FD11157	266.625 	 19.653 	 201.036
FD11157	266.750 	 19.497 	 201.040
FD11157	266.875 	 19.662 	 202.304
FD11157	267.000 	 19.499 	 201.038
FD11157	267.125 	 19.652 	 201.038
FD11157	267.250 	 19.503 	 201.036
FD11157	267.375 	 19.656 	 202.308
FD11157	267.500 	 19.498 	 201.036
FD11157	267.625 	 20.063 	 200.555
FD11157	267.750 	 19.497 	 201.040
FD11157	267.875 	 19.657 	 202.304
FD11157	268.000 	 19.503 	 201.038
FD11157	268.125 	 19.652 	 201.038
FD11157	268.250 	 19.658 	 202.306
FD11157	268.375 	 19.503 	 201.036
FD11157	268.500 	 19.497 	 201.038
FD11157	268.625 	 19.654 	 201.038
FD11157	268.750 	 19.661 	 202.306
FD11157	268.875 	 19.498 	 201.036
FD11157	269.000 	 19.499 	 201.038
FD11157	269.125 	 19.652 	 201.038
FD11157	269.250 	 19.662 	 202.306
FD11157	269.375 	 19.497 	 201.038
FD11157	269.500 	 19.905 	 200.555
FD11157	269.625 	 19.814 	 202.306
FD11157	269.750 	 19.497 	 201.038
FD11157	269.875 	 19.499 	 201.038
FD11157	270.000 	 19.503 	 201.036
FD11157	270.125 	 19.812 	 202.308
FD11157	270.250 	 19.498 	 201.036
FD11157	270.375 	 19.503 	 201.036
FD11157	270.500 	 19.497 	 201.038
FD11157	270.625 	 19.814 	 202.306
FD11157	270.750 	 19.502 	 201.038
FD11157	270.875 	 19.499 	 201.038
FD11157	271.000 	 19.498 	 201.036
FD11157	271.125 	 19.661 	 202.308
FD11157	271.250 	 19.653 	 201.036
FD11157	271.375 	 19.497 	 201.038
FD11157	271.500 	 20.060 	 201.802
FD11157	271.625 	 19.498 	 201.036
FD11157	271.750 	 19.652 	 201.040
FD11157	271.875 	 19.503 	 201.036
FD11157	272.000 	 19.657 	 202.304
FD11157	272.125 	 19.497 	 201.040
FD11157	272.250 	 19.653 	 201.036
FD11157	272.375 	 19.503 	 201.036
FD11157	272.500 	 19.656 	 202.308
FD11157	272.625 	 19.503 	 201.036
FD11157	272.750 	 19.652 	 201.040
FD11157	272.875 	 19.657 	 202.304
FD11157	273.000 	 19.499 	 201.038
FD11157	273.125 	 19.502 	 201.038
FD11157	273.250 	 19.653 	 201.036
FD11157	273.375 	 19.656 	 202.308
FD11157	273.500 	 19.905 	 200.555
FD11157	273.625 	 19.498 	 201.036
FD11157	273.750 	 19.652 	 201.040
FD11157	273.875 	 19.662 	 202.304
FD11157	274.000 	 19.499 	 201.038
FD11157	274.125 	 19.497 	 201.038
FD11157	274.250 	 19.819 	 202.306
FD11157	274.375 	 19.498 	 201.036
FD11157	274.500 	 19.497 	 201.038
FD11157	274.625 	 19.503 	 201.038
FD11157	274.750 	 19.812 	 202.306
FD11157	274.875 	 19.499 	 201.038
FD11157	275.000 	 19.503 	 201.036
FD11157	275.125 	 19.497 	 201.038
FD11157	275.250 	 19.814 	 202.306
FD11157	275.375 	 19.497 	 201.038
FD11157	275.500 	 19.905 	 200.555
FD11157	275.625 	 19.499 	 201.038
FD11157	275.750 	 19.812 	 202.306
FD11157	275.875 	 19.503 	 201.038
FD11157	276.000 	 19.498 	 201.036
FD11157	276.125 	 19.656 	 202.308
FD11157	276.250 	 19.658 	 201.036
FD11157	276.375 	 19.498 	 201.036
FD11157	276.500 	 19.497 	 201.040
FD11157	276.625 	 19.662 	 202.304
FD11157	276.750 	 19.652 	 201.040
FD11157	276.875 	 19.498 	 201.036
FD11157	277.000 	 19.503 	 201.036
FD11157	277.125 	 19.656 	 202.308
FD11157	277.250 	 19.653 	 201.036
FD11157	277.375 	 19.905 	 200.555
FD11157	277.500 	 19.656 	 202.308
FD11157	277.625 	 19.498 	 201.036
FD11157	277.750 	 19.652 	 201.040
FD11157	277.875 	 19.503 	 201.036
FD11157	278.000 	 19.658 	 202.306
FD11157	278.125 	 19.502 	 201.038
FD11157	278.250 	 19.653 	 201.036
FD11157	278.375 	 19.499 	 201.038
FD11157	278.500 	 19.656 	 202.306
FD11157	278.625 	 19.503 	 201.036
FD11157	278.750 	 19.497 	 201.040
FD11157	278.875 	 19.653 	 201.036
FD11157	279.000 	 19.662 	 202.306
FD11157	279.125 	 19.497 	 201.038
FD11157	279.250 	 19.498 	 201.036
FD11157	279.375 	 20.219 	 201.802
FD11157	279.500 	 19.497 	 201.038
FD11157	279.625 	 19.499 	 201.038
FD11157	279.750 	 19.817 	 202.306
FD11157	279.875 	 19.499 	 201.038
FD11157	280.000 	 19.657 	 202.304
FD11157	280.125 	 20.057 	 200.557
FD11157	280.250 	 19.503 	 201.038
FD11157	280.375 	 19.657 	 202.304
FD11157	280.500 	 19.652 	 201.040
FD11157	280.625 	 20.060 	 201.800
FD11157	280.750 	 19.499 	 201.038
FD11157	280.875 	 19.812 	 202.306
FD11157	281.000 	 19.503 	 201.038
FD11157	281.125 	 20.055 	 201.800
FD11157	281.250 	 19.652 	 201.038
FD11157	281.375 	 19.658 	 202.306
FD11157	281.500 	 19.503 	 201.036
FD11157	281.625 	 19.497 	 201.040
FD11157	281.750 	 20.214 	 201.800
FD11157	281.875 	 19.503 	 201.038
FD11157	282.000 	 19.656 	 202.306
FD11157	282.125 	 19.654 	 201.038
FD11157	282.250 	 20.060 	 201.800
FD11157	282.375 	 19.497 	 201.040
FD11157	282.500 	 19.814 	 202.304
FD11157	282.625 	 19.502 	 201.038
FD11157	282.750 	 20.056 	 201.802
FD11157	282.875 	 19.653 	 201.036
FD11157	283.000 	 19.497 	 201.040
FD11157	283.125 	 0.000 	 90.000
FD11157	283.250 	 0.000 	 90.000
FD11157	283.375 	 0.000 	 90.000
FD11157	283.500 	 0.000 	 90.000
FD11157	283.625 	 0.000 	 90.000
FD11157	283.750 	 0.000 	 90.000
FD11157	283.875 	 0.000 	 90.000
FD11157	284.000 	 0.000 	 90.000
FD11157	284.125 	 0.000 	 90.000
FD11157	284.250 	 0.000 	 90.000
FD11157	284.375 	 0.000 	 90.000
FD11157	284.500 	 0.000 	 90.000
FD11157	284.625 	 0.000 	 90.000
FD11157	284.750 	 0.000 	 90.000
FD11157	284.875 	 0.000 	 90.000
FD11157	285.000 	 0.000 	 90.000
